2020.08.21 22:30:00|473.31|473.68|472|473.07|3666
2020.08.24 16:30:00|477.43|479.82|473.24|476.32|7534
2020.08.24 17:30:00|476.31|476.33|469.22|470.81|5693
2020.08.24 18:30:00|470.98|474.15|470.47|472.19|4054
2020.08.24 19:30:00|472.19|473.58|471.86|472.1|4107
2020.08.24 20:30:00|472.1|474.16|471.57|473.22|3209
2020.08.24 21:30:00|473.22|474.86|472.63|474.59|4138
2020.08.24 22:30:00|474.59|476.34|474.04|476.21|3228
2020.08.25 16:30:00|475.46|480.01|473.71|477.5|5659
2020.08.25 17:30:00|477.51|482.71|476.9|481.11|4887
2020.08.25 18:30:00|481.11|481.91|479.48|481.24|4025
2020.08.25 19:30:00|481.24|481.52|479.2|480.8|4042
2020.08.25 20:30:00|480.83|482.07|479.88|481.99|2478
2020.08.25 21:30:00|482.01|483.36|481.08|483.3|3752
2020.08.25 22:30:00|483.31|484.46|483.02|484.29|3213
2020.08.26 16:30:00|496.84|504.83|492.06|503.82|9001
2020.08.26 17:30:00|503.82|517.11|503.23|516.04|6829
2020.08.26 18:30:00|516.05|532.16|515.98|531.73|7045
2020.08.26 19:30:00|531.73|533.4400000000001|517.62|521.27|7046
2020.08.26 20:30:00|521.27|524.5599999999999|520.36|524.02|6197
2020.08.26 21:30:00|524.11|524.16|515.86|523.99|6157
2020.08.26 22:30:00|523.99|530.4400000000001|523.24|528.34|3988
2020.08.27 16:30:00|516.87|517.13|507.3|511.7|11573
2020.08.27 17:30:00|511.9|515.52|510.03|512.36|8099
2020.08.27 18:30:00|512.5|515.25|509.04|510.11|6783
2020.08.27 19:30:00|510.12|510.64|504.3|508.87|10338
2020.08.27 20:30:00|508.88|512.42|507.55|512.02|7228
2020.08.27 21:30:00|512.02|513.0700000000001|508.8|511.25|6575
2020.08.27 22:30:00|511.26|512.71|509.93|510.33|5134
2020.08.28 16:30:00|513.97|518.1799999999999|511.67|517.3099999999999|5739
2020.08.28 17:30:00|517.16|517.3|510.88|513.84|5954
2020.08.28 18:30:00|513.84|515.28|511.87|512.02|3627
2020.08.28 19:30:00|512.03|513.25|510.62|511.92|4184
2020.08.28 20:30:00|511.92|515.4|511.08|513.26|5158
2020.08.28 21:30:00|513.26|515.4400000000001|512.24|515.0599999999999|4933
2020.08.28 22:30:00|515.0700000000001|516.5700000000001|514.45|516.3099999999999|3993
2020.08.31 16:30:00|515|516.3099999999999|509|509|4989
2020.08.31 17:30:00|509.05|510.88|507.87|508.84|5344
2020.08.31 18:30:00|509|509.94|507.87|508.42|4428
2020.08.31 19:30:00|508.45|510.15|507.63|509.11|3006
2020.08.31 20:30:00|509.18|512.05|509.09|511.74|2754
2020.08.31 21:30:00|511.74|511.96|510.05|511.23|4650
2020.08.31 22:30:00|511.28|515.25|510.51|513.45|4006
2020.09.01 16:30:00|515.4400000000001|526.9299999999999|514.72|526.52|7843
2020.09.01 17:30:00|526.45|526.45|519.4|521.9|6696
2020.09.01 18:30:00|521.88|523.3200000000001|520.73|522.7|3932
2020.09.01 19:30:00|522.71|523.85|521.1799999999999|522.67|3154
2020.09.01 20:30:00|522.54|524.48|522.36|523.9299999999999|2666
2020.09.01 21:30:00|524.02|526.41|523.41|525.2|2481
2020.09.01 22:30:00|525.0599999999999|528.28|524.53|527.98|3009
2020.09.02 16:30:00|533.86|535.01|522.86|527.02|8226
2020.09.02 17:30:00|527.22|529.14|523.38|524.62|7211
2020.09.02 18:30:00|524.62|526.87|520.86|526.28|5457
2020.09.02 19:30:00|526.3|532.74|525.88|531.26|3756
2020.09.02 20:30:00|531.26|532.46|528.86|531.03|4606
2020.09.02 21:30:00|530.9400000000001|535.74|530.87|533.25|4245
2020.09.02 22:30:00|533.26|534.25|532.5|533.5|4183
2020.09.03 16:30:00|521.37|524.62|507.96|508.72|9240
2020.09.03 17:30:00|508.73|509.71|495.56|503.27|12569
2020.09.03 18:30:00|503.37|506.09|498.86|499.19|8921
2020.09.03 19:30:00|499.23|501.2|493.86|501.1|8870
2020.09.03 20:30:00|500.98|500.98|495.39|498.67|8183
2020.09.03 21:30:00|498.96|501.17|492.92|497.83|9319
2020.09.03 22:30:00|497.84|510.67|497.84|507.84|9386
2020.09.04 16:30:00|504.67|510.63|484.01|484.47|11322
2020.09.04 17:30:00|484.66|485.66|471.57|478.86|9659
2020.09.04 18:30:00|478.86|488.69|478.38|487.93|9325
2020.09.04 19:30:00|487.93|491|480.86|483.98|11190
2020.09.04 20:30:00|483.98|488.93|481.43|488.68|10454
2020.09.04 21:30:00|488.7|497.91|486.9|496.86|8464
2020.09.04 22:30:00|496.9|497.04|489.86|491.68|7631
2020.09.08 16:30:00|470.88|480.99|470.86|479.06|11483
2020.09.08 17:30:00|479.07|481.11|471.86|473.52|9526
2020.09.08 18:30:00|473.55|473.99|469.96|471.42|7363
2020.09.08 19:30:00|471.42|475.08|470.52|471.54|5638
2020.09.08 20:30:00|471.54|475.59|468.86|469.52|7577
2020.09.08 21:30:00|469.34|469.47|463.86|467.27|8925
2020.09.08 22:30:00|467.28|468.35|461.02|461.57|6786
2020.09.09 16:30:00|469.81|474.57|462.06|474.08|10145
2020.09.09 17:30:00|473.93|478.07|472.69|474.71|5715
2020.09.09 18:30:00|474.71|477.94|473.5|476.75|4468
2020.09.09 19:30:00|476.75|480.97|476.45|479.64|3320
2020.09.09 20:30:00|479.66|480.19|475.41|476.6|3839
2020.09.09 21:30:00|476.84|482.68|476.81|482.23|3460
2020.09.09 22:30:00|482.24|483.27|478.24|479.04|5731
2020.09.10 16:30:00|494.13|501.55|490.51|496.75|9523
2020.09.10 17:30:00|496.69|498.86|487.38|491.19|7972
2020.09.10 18:30:00|491.2|491.52|484.11|485.46|8587
2020.09.10 19:30:00|485.31|488.85|482.09|485.68|6226
2020.09.10 20:30:00|485.68|487.61|475.86|476.28|8185
2020.09.10 21:30:00|476.29|482.75|473.36|475.74|9254
2020.09.10 22:30:00|475.74|478|473.36|475.42|6793
2020.09.11 16:30:00|485.39|485.63|477.66|481.94|10824
2020.09.11 17:30:00|481.94|488.28|480.79|484.56|10364
2020.09.11 18:30:00|484.45|484.45|476.86|477.33|6988
2020.09.11 19:30:00|477.24|477.28|465.92|466.22|11759
2020.09.11 20:30:00|466.22|469.26|464.34|466.3|8596
2020.09.11 21:30:00|466.32|472.15|465.18|471.86|7731
2020.09.11 22:30:00|471.87|473.35|469.91|471.27|5640
2020.09.14 16:30:00|483.74|484.78|476.47|483.87|9229
2020.09.14 17:30:00|483.87|487.12|481.7|486.35|6626
2020.09.14 18:30:00|486.35|489.98|485.01|485.58|7205
2020.09.14 19:30:00|485.57|485.95|480.17|482.3|5667
2020.09.14 20:30:00|482.07|486.71|480.1|485.01|6116
2020.09.14 21:30:00|485.02|485.98|482.98|485.5|7806
2020.09.14 22:30:00|485.51|488.15|484.85|485.55|5245
2020.09.15 16:30:00|491.85|499.43|491.67|495.23|8732
2020.09.15 17:30:00|495.23|498.55|492.05|495.6|6622
2020.09.15 18:30:00|495.6|497.98|494.89|496.5|4668
2020.09.15 19:30:00|496.53|498.88|495.86|498.4|3817
2020.09.15 20:30:00|498.4|498.53|495.26|498.53|4390
2020.09.15 21:30:00|498.53|498.53|494.83|496.94|6148
2020.09.15 22:30:00|496.94|497.85|494.33|497.33|5505
2020.09.16 16:30:00|497|501.72|481.94|483.9|12166
2020.09.16 17:30:00|483.9|487.66|477.91|486|10136
2020.09.16 18:30:00|486|488.23|481.98|483.73|5990
2020.09.16 19:30:00|483.78|484.88|481.34|481.71|5888
2020.09.16 20:30:00|481.72|485.56|480.03|484.84|6320
2020.09.16 21:30:00|484.9|487.75|479.83|479.93|8900
2020.09.16 22:30:00|479.93|480.36|475.24|475.43|7327
2020.09.17 16:30:00|462.31|473.07|461.83|466.8|11218
2020.09.17 17:30:00|466.8|472.92|465.02|469.55|7929
2020.09.17 18:30:00|469.56|470.67|461.63|463.53|10104
2020.09.17 19:30:00|463.54|466.52|460.78|465.9|10435
2020.09.17 20:30:00|465.9|471.83|465.71|468.44|8146
2020.09.17 21:30:00|468.25|470.75|465.83|467.32|8665
2020.09.17 22:30:00|467.28|474.84|466.84|473.95|6878
2020.09.18 16:30:00|476.96|476.96|466.34|469.04|7709
2020.09.18 17:30:00|469.05|469.12|462.2|463.48|8176
2020.09.18 18:30:00|463.48|464.69|460.34|460.83|9771
2020.09.18 19:30:00|460.84|461.03|455.02|455.17|9821
2020.09.18 20:30:00|455.17|459.7|452.33|458.67|9708
2020.09.18 21:30:00|458.45|464.34|457.83|464.18|7095
2020.09.18 22:30:00|464.18|469.09|463.95|467.1|5901
2020.09.21 16:30:00|459.84|468.2|456.12|459.53|10556
2020.09.21 17:30:00|459.29|465.75|457.31|465.61|8852
2020.09.21 18:30:00|465.61|472.55|463.82|471.9|9244
2020.09.21 19:30:00|471.91|472.65|469.09|472.49|8472
2020.09.21 20:30:00|472.49|473.79|467.13|468.02|7996
2020.09.21 21:30:00|468.05|470.63|464.83|470.35|8230
2020.09.21 22:30:00|470.37|475.61|469.27|475.21|6263
2020.09.22 16:30:00|478.16|479.56|468.84|478.46|10028
2020.09.22 17:30:00|478.48|478.89|472.94|475.04|6360
2020.09.22 18:30:00|475.04|477.8|473.92|477.17|5356
2020.09.22 19:30:00|477.17|479.27|474.63|479.21|4899
2020.09.22 20:30:00|479.21|482.55|477.85|481.74|4288
2020.09.22 21:30:00|481.76|483.19|480.83|482.56|5200
2020.09.22 22:30:00|482.62|486.96|482.23|486.35|4467
2020.09.23 16:30:00|485|485|479.83|482.47|6445
2020.09.23 17:30:00|482.5|484.82|480.83|481.26|7293
2020.09.23 18:30:00|481.26|481.96|477.83|480.29|6991
2020.09.23 19:30:00|480.11|482.4|479.63|480.25|6703
2020.09.23 20:30:00|480.26|480.9|474.36|475.96|7180
2020.09.23 21:30:00|475.96|476.75|470.6|473.37|8653
2020.09.23 22:30:00|473.55|474.3|468.05|470.01|7557
2020.09.24 16:30:00|469.09|470.28|463.35|464.08|8248
2020.09.24 17:30:00|463.92|469.01|459.4|467.74|10374
2020.09.24 18:30:00|467.74|470.26|465.65|465.87|7072
2020.09.24 19:30:00|465.89|469.88|464.44|469.44|5840
2020.09.24 20:30:00|469.47|470.64|464.68|464.68|6517
2020.09.24 21:30:00|464.68|468.71|462.65|463.81|8121
2020.09.24 22:30:00|463.82|467.83|462.61|466.58|6043
2020.09.25 16:30:00|469.76|471.69|465.26|471.44|7043
2020.09.25 17:30:00|471.46|474.57|470.85|473.65|7583
2020.09.25 18:30:00|473.66|473.68|471.15|471.8|4510
2020.09.25 19:30:00|471.8|473.02|470.71|472.1|5339
2020.09.25 20:30:00|472.11|476.74|471.9|475.9|4671
2020.09.25 21:30:00|475.91|480.84|475.42|479.81|6372
2020.09.25 22:30:00|479.78|480.69|478.44|478.9|5472
2020.09.28 16:30:00|486.64|488.53|482.42|486.17|6737
2020.09.28 17:30:00|486.18|487.73|482.08|486.46|5193
2020.09.28 18:30:00|486.48|486.76|480.45|481.29|4706
2020.09.28 19:30:00|481.3|484.89|480.51|484.17|4875
2020.09.28 20:30:00|484.18|486.09|483.82|486.09|5575
2020.09.28 21:30:00|486.05|488.47|485.91|488.12|6304
2020.09.28 22:30:00|488.11|488.38|486.11|487.85|5697
2020.09.29 16:30:00|488.29|491.47|486.09|486.44|6551
2020.09.29 17:30:00|486.58|491.39|483.35|489.45|5707
2020.09.29 18:30:00|489.45|492.6|488.67|489.68|5575
2020.09.29 19:30:00|489.75|491.09|486.96|489.03|3868
2020.09.29 20:30:00|489.03|489.56|487.36|488.61|2865
2020.09.29 21:30:00|488.61|490.49|487.04|487.46|4539
2020.09.29 22:30:00|487.46|489.51|485.63|488.49|3700
2020.09.30 16:30:00|490.37|494.59|486.58|492.87|7902
2020.09.30 17:30:00|492.89|495.01|490.76|494.67|7380
2020.09.30 18:30:00|494.56|496.57|493.37|495.54|3792
2020.09.30 19:30:00|495.41|496.16|489.7|490.68|3800
2020.09.30 20:30:00|490.78|495.46|490.56|493.2|4568
2020.09.30 21:30:00|493.2|493.2|485.39|488.19|8043
2020.09.30 22:30:00|488.02|491.8|485.92|489.54|5923
2020.10.01 16:30:00|497.52|500.56|494.82|496.36|6951
2020.10.01 17:30:00|496.37|497.91|495.42|497.26|5896
2020.10.01 18:30:00|497.44|498.84|495.35|496.46|3878
2020.10.01 19:30:00|496.43|498.33|495.41|497.83|3629
2020.10.01 20:30:00|497.92|499.91|495.49|497.95|6748
2020.10.01 21:30:00|497.96|500.56|496.98|497.24|4034
2020.10.01 22:30:00|497.35|499.32|495.95|498.86|3064
2020.10.02 16:30:00|488.8|496.02|486.35|494.62|7572
2020.10.02 17:30:00|494.62|494.62|487.98|488.15|3999
2020.10.02 18:30:00|488.15|488.15|477.67|483.17|7806
2020.10.02 19:30:00|483.19|483.81|479.35|481.63|5498
2020.10.02 20:30:00|481.72|482.85|479.64|481.12|5092
2020.10.02 21:30:00|481.17|481.37|478.51|480.03|5765
2020.10.02 22:30:00|480.13|482.08|477.99|477.99|3625
2020.10.05 16:30:00|480.36|484.38|478|483.73|4356
2020.10.05 17:30:00|483.73|485.85|481.46|482.86|2686
2020.10.05 18:30:00|482.92|485.11|481.95|484.61|1850
2020.10.05 19:30:00|484.72|485.51|483.43|483.87|1482
2020.10.05 20:30:00|483.87|483.87|480.78|481.16|2320
2020.10.05 21:30:00|481.17|484.1|481.16|483.8|2680
2020.10.05 22:30:00|483.78|485.75|483.6|485.37|2930
2020.10.06 16:30:00|484.88|490.65|482.74|488.99|4263
2020.10.06 17:30:00|488.99|489.25|482.45|483.37|4310
2020.10.06 18:30:00|483.37|485.42|481.49|485.1|4211
2020.10.06 19:30:00|485.11|485.84|483.95|485.52|3085
2020.10.06 20:30:00|485.52|486.87|485.28|486.32|2753
2020.10.06 21:30:00|486.37|488.64|477.55|481.18|7726
2020.10.06 22:30:00|481.18|481.21|476.61|478.41|5258
2020.10.07 16:30:00|483.01|487.34|482.29|484.26|4417
2020.10.07 17:30:00|484.26|489.09|483.56|488.92|2886
2020.10.07 18:30:00|488.96|490.76|488.4|488.92|2708
2020.10.07 19:30:00|489.01|492.67|489.01|491.95|2807
2020.10.07 20:30:00|491.99|493.2|490.32|491.8|3346
2020.10.07 21:30:00|491.8|492.22|490.42|490.98|3239
2020.10.07 22:30:00|491.04|492.92|490.36|492.28|3274
2020.10.08 16:30:00|497.44|498.18|486.76|488.71|4205
2020.10.08 17:30:00|488.77|490.95|486.75|489.46|3126
2020.10.08 18:30:00|489.46|491.23|488.35|489.36|2655
2020.10.08 19:30:00|489.36|491.85|489.29|490.38|2149
2020.10.08 20:30:00|490.39|490.83|488.16|489.65|2267
2020.10.08 21:30:00|489.65|490.62|488.35|489.16|2464
2020.10.08 22:30:00|489.17|490.5|488.5|490.01|2699
2020.10.09 16:30:00|491.6|495.48|490.36|494.86|3613
2020.10.09 17:30:00|494.96|498.12|494.85|497.54|3217
2020.10.09 18:30:00|497.54|499.29|497.35|498.03|2208
2020.10.09 19:30:00|498.05|499.49|497.32|497.59|1957
2020.10.09 20:30:00|497.61|499.08|497.2|498.11|1730
2020.10.09 21:30:00|498.11|499.68|497.4|499.53|2463
