2020.03.20 11:00:00|4.84|4.84|4.6|4.69|165
2020.03.20 12:00:00|4.67|4.7|4.6|4.6|161
2020.03.20 13:00:00|4.58|4.67|4.55|4.59|107
2020.03.20 14:00:00|4.59|4.64|4.5|4.5|91
2020.03.20 15:00:00|4.56|4.6|4.47|4.52|135
2020.03.20 16:00:00|4.56|4.77|4.47|4.69|175
2020.03.20 17:00:00|4.68|4.74|4.59|4.61|141
2020.03.20 18:00:00|4.59|4.65|4.56|4.57|67
2020.03.23 10:00:00|4.51|4.51|4.32|4.41|204
2020.03.23 11:00:00|4.4|4.4|4.3|4.32|170
2020.03.23 12:00:00|4.3|4.41|4.3|4.34|152
2020.03.23 13:00:00|4.34|4.36|4.31|4.33|94
2020.03.23 14:00:00|4.34|4.42|4.32|4.38|189
2020.03.23 15:00:00|4.37|4.43|4.32|4.35|127
2020.03.23 16:00:00|4.35|4.43|4.35|4.39|131
2020.03.23 17:00:00|4.4|4.4|4.32|4.34|143
2020.03.23 18:00:00|4.33|4.38|4.32|4.34|81
2020.03.24 10:00:00|4.59|4.66|4.42|4.47|252
2020.03.24 11:00:00|4.48|4.8|4.44|4.67|180
2020.03.24 12:00:00|4.68|4.75|4.59|4.63|116
2020.03.24 13:00:00|4.64|4.72|4.63|4.67|99
2020.03.24 14:00:00|4.67|4.74|4.65|4.74|88
2020.03.24 15:00:00|4.73|4.8|4.72|4.76|89
2020.03.24 16:00:00|4.77|4.88|4.73|4.79|88
2020.03.24 17:00:00|4.81|5.07|4.79|4.91|156
2020.03.24 18:00:00|4.91|5|4.89|4.95|74
2020.03.25 10:00:00|5.31|5.39|5.16|5.35|146
2020.03.25 11:00:00|5.35|5.44|5.32|5.35|153
2020.03.25 12:00:00|5.34|5.37|5.13|5.13|114
2020.03.25 13:00:00|5.13|5.19|5.07|5.19|137
2020.03.25 14:00:00|5.17|5.23|5.1|5.11|63
2020.03.25 15:00:00|5.09|5.11|5.03|5.09|89
2020.03.25 16:00:00|5.09|5.12|5|5.03|87
2020.03.25 17:00:00|5.02|5.08|4.98|5.05|114
2020.03.25 18:00:00|5.03|5.09|5.03|5.09|43
2020.03.26 10:00:00|5.22|5.23|5.02|5.07|137
2020.03.26 11:00:00|5.07|5.19|5.05|5.12|99
2020.03.26 12:00:00|5.09|5.19|5.06|5.16|58
2020.03.26 13:00:00|5.14|5.18|5.07|5.11|58
2020.03.26 14:00:00|5.11|5.15|5.07|5.09|46
2020.03.26 15:00:00|5.07|5.17|5.06|5.11|116
2020.03.26 16:00:00|5.09|5.22|5.09|5.16|77
2020.03.26 17:00:00|5.16|5.2|5.11|5.16|87
2020.03.26 18:00:00|5.17|5.21|5.09|5.15|67
2020.03.27 10:00:00|5.25|5.25|5.04|5.05|434
2020.03.27 11:00:00|5.06|5.1|4.91|4.93|90
2020.03.27 12:00:00|4.92|5|4.92|4.94|71
2020.03.27 13:00:00|4.95|4.99|4.92|4.98|46
2020.03.27 14:00:00|4.95|4.99|4.9|4.94|44
2020.03.27 15:00:00|4.91|4.98|4.91|4.94|53
2020.03.27 16:00:00|4.97|5|4.91|4.92|68
2020.03.27 17:00:00|4.91|4.95|4.87|4.88|71
2020.03.27 18:00:00|4.88|4.92|4.88|4.9|32
2020.03.30 10:00:00|4.93|4.95|4.64|4.64|396
2020.03.30 11:00:00|4.62|4.76|4.6|4.74|98
2020.03.30 12:00:00|4.77|4.79|4.72|4.74|52
2020.03.30 13:00:00|4.72|4.78|4.7|4.71|70
2020.03.30 14:00:00|4.74|4.74|4.65|4.71|57
2020.03.30 15:00:00|4.7|4.77|4.64|4.73|50
2020.03.30 16:00:00|4.71|4.75|4.69|4.7|50
2020.03.30 17:00:00|4.71|4.79|4.69|4.74|60
2020.03.30 18:00:00|4.74|4.8|4.74|4.79|53
2020.03.31 10:00:00|4.94|5.23|4.93|5.09|206
2020.03.31 11:00:00|5.1|5.24|5.1|5.17|102
2020.03.31 12:00:00|5.17|5.19|5.13|5.13|55
2020.03.31 13:00:00|5.14|5.14|4.99|5.07|99
2020.03.31 14:00:00|5.05|5.07|4.94|4.96|79
2020.03.31 15:00:00|4.96|5.09|4.94|5|123
2020.03.31 16:00:00|5|5.05|4.99|5.02|81
2020.03.31 17:00:00|5.02|5.2|5.02|5.12|110
2020.03.31 18:00:00|5.11|5.11|5.04|5.08|67
2020.04.01 10:00:00|4.96|4.98|4.75|4.82|163
2020.04.01 11:00:00|4.83|4.86|4.79|4.84|66
2020.04.01 12:00:00|4.82|4.84|4.79|4.8|50
2020.04.01 13:00:00|4.8|4.86|4.79|4.81|50
2020.04.01 14:00:00|4.79|4.84|4.74|4.75|63
2020.04.01 15:00:00|4.76|4.85|4.74|4.85|40
2020.04.01 16:00:00|4.84|4.86|4.79|4.81|49
2020.04.01 17:00:00|4.84|4.85|4.76|4.77|74
2020.04.01 18:00:00|4.76|4.85|4.74|4.76|54
2020.04.02 10:00:00|4.86|4.94|4.78|4.9|303
2020.04.02 11:00:00|4.88|4.99|4.88|4.94|104
2020.04.02 12:00:00|4.96|4.98|4.91|4.94|78
2020.04.02 13:00:00|4.92|5.01|4.88|4.94|127
2020.04.02 14:00:00|4.93|4.97|4.88|4.91|142
2020.04.02 15:00:00|4.95|4.98|4.88|4.91|103
2020.04.02 16:00:00|4.9|4.92|4.79|4.84|85
2020.04.02 17:00:00|4.84|4.93|4.83|4.9|186
2020.04.02 18:00:00|4.88|4.91|4.86|4.91|42
2020.04.03 10:00:00|4.95|4.97|4.84|4.9|133
2020.04.03 11:00:00|4.89|4.94|4.84|4.87|44
2020.04.03 12:00:00|4.9|4.9|4.82|4.84|44
2020.04.03 13:00:00|4.89|4.94|4.84|4.93|33
2020.04.03 14:00:00|4.95|4.98|4.89|4.92|38
2020.04.03 15:00:00|4.9|4.94|4.88|4.94|45
2020.04.03 16:00:00|4.92|4.97|4.87|4.91|126
2020.04.03 17:00:00|4.9|5|4.9|4.97|54
2020.04.03 18:00:00|4.97|4.97|4.87|4.91|100
2020.04.06 10:00:00|5.21|5.23|5.05|5.1|231
2020.04.06 11:00:00|5.09|5.12|4.94|5.12|232
2020.04.06 12:00:00|5.11|5.13|5.04|5.07|77
2020.04.06 13:00:00|5.1|5.16|5.06|5.11|27
2020.04.06 14:00:00|5.09|5.12|5.07|5.07|33
2020.04.06 15:00:00|5.1|5.16|5.03|5.15|128
2020.04.06 16:00:00|5.14|5.16|5.06|5.12|78
2020.04.06 17:00:00|5.11|5.13|5.07|5.09|43
2020.04.06 18:00:00|5.07|5.08|5.05|5.07|19
2020.04.07 10:00:00|5.22|5.48|5.17|5.47|370
2020.04.07 11:00:00|5.42|5.49|5.31|5.34|153
2020.04.07 12:00:00|5.35|5.41|5.26|5.32|109
2020.04.07 13:00:00|5.3|5.37|5.3|5.32|45
2020.04.07 14:00:00|5.3|5.33|5.28|5.3|27
2020.04.07 15:00:00|5.28|5.34|5.23|5.3|49
2020.04.07 16:00:00|5.28|5.3|5.23|5.27|33
2020.04.07 17:00:00|5.25|5.31|5.23|5.3|72
2020.04.07 18:00:00|5.32|5.32|5.22|5.29|51
2020.04.08 10:00:00|5.25|5.37|5.18|5.19|327
2020.04.08 11:00:00|5.17|5.33|5.17|5.18|155
2020.04.08 12:00:00|5.19|5.31|5.17|5.23|85
2020.04.08 13:00:00|5.23|5.28|5.21|5.25|25
2020.04.08 14:00:00|5.24|5.25|5.19|5.2|28
2020.04.08 15:00:00|5.26|5.27|5.18|5.26|49
2020.04.08 16:00:00|5.27|5.27|5.19|5.21|31
2020.04.08 17:00:00|5.2|5.23|5.16|5.21|56
2020.04.08 18:00:00|5.2|5.3|5.17|5.26|40
2020.04.09 10:00:00|5.4|5.45|5.32|5.44|556
2020.04.09 11:00:00|5.45|5.45|5.21|5.25|149
2020.04.09 12:00:00|5.24|5.28|5.1|5.12|108
2020.04.09 13:00:00|5.1|5.24|5.1|5.2|104
2020.04.09 14:00:00|5.21|5.23|5.12|5.15|111
2020.04.09 15:00:00|5.16|5.2|5.12|5.19|80
2020.04.09 16:00:00|5.2|5.21|5.14|5.21|68
2020.04.09 17:00:00|5.26|5.26|5.11|5.12|84
2020.04.09 18:00:00|5.12|5.16|5.1|5.15|53
2020.04.14 10:00:00|5.27|5.29|5.1|5.21|380
2020.04.14 11:00:00|5.19|5.33|5.19|5.23|87
2020.04.14 12:00:00|5.22|5.24|5.18|5.21|38
2020.04.14 13:00:00|5.16|5.17|4.99|5.08|113
2020.04.14 14:00:00|5.05|5.07|4.85|4.94|116
2020.04.14 15:00:00|4.94|5.05|4.92|4.93|75
2020.04.14 16:00:00|4.97|5.07|4.92|5.01|78
2020.04.14 17:00:00|4.99|5.02|4.92|5|99
2020.04.14 18:00:00|5.02|5.02|4.96|4.97|34
2020.04.15 10:00:00|5.01|5.01|4.83|4.85|174
2020.04.15 11:00:00|4.83|4.95|4.82|4.9|81
2020.04.15 12:00:00|4.9|4.96|4.87|4.9|40
2020.04.15 13:00:00|4.91|4.95|4.85|4.87|41
2020.04.15 14:00:00|4.88|4.94|4.85|4.87|26
2020.04.15 15:00:00|4.85|4.86|4.81|4.85|28
2020.04.15 16:00:00|4.85|4.92|4.84|4.86|56
2020.04.15 17:00:00|4.86|4.87|4.74|4.77|74
2020.04.15 18:00:00|4.76|4.76|4.68|4.69|43
2020.04.16 10:00:00|4.65|4.79|4.49|4.76|259
2020.04.16 11:00:00|4.74|4.79|4.71|4.74|64
2020.04.16 12:00:00|4.71|4.73|4.61|4.67|50
2020.04.16 13:00:00|4.65|4.7|4.61|4.69|64
2020.04.16 14:00:00|4.63|4.68|4.61|4.67|42
2020.04.16 15:00:00|4.68|4.72|4.59|4.67|50
2020.04.16 16:00:00|4.65|4.7|4.57|4.57|52
2020.04.16 17:00:00|4.58|4.62|4.51|4.54|49
2020.04.16 18:00:00|4.54|4.59|4.54|4.59|23
2020.04.17 10:00:00|4.79|4.92|4.71|4.72|210
2020.04.17 11:00:00|4.71|4.78|4.67|4.74|165
2020.04.17 12:00:00|4.75|4.81|4.71|4.76|65
2020.04.17 13:00:00|4.78|4.86|4.72|4.81|51
2020.04.17 14:00:00|4.8|4.83|4.75|4.77|43
2020.04.17 15:00:00|4.78|4.78|4.67|4.72|56
2020.04.17 16:00:00|4.7|4.75|4.65|4.66|53
2020.04.17 17:00:00|4.64|4.71|4.63|4.65|80
2020.04.17 18:00:00|4.64|4.74|4.63|4.69|54
2020.04.20 10:00:00|4.76|4.81|4.69|4.76|239
2020.04.20 11:00:00|4.73|4.78|4.69|4.72|109
2020.04.20 12:00:00|4.72|4.79|4.71|4.77|52
2020.04.20 13:00:00|4.78|4.78|4.7|4.75|48
2020.04.20 14:00:00|4.74|4.76|4.67|4.68|67
2020.04.20 15:00:00|4.73|4.74|4.65|4.66|36
2020.04.20 16:00:00|4.64|4.7|4.64|4.67|30
2020.04.20 17:00:00|4.67|4.72|4.64|4.67|31
2020.04.20 18:00:00|4.67|4.68|4.66|4.67|8
2020.04.21 10:00:00|4.64|4.68|4.56|4.57|142
2020.04.21 11:00:00|4.58|4.62|4.54|4.61|43
2020.04.21 12:00:00|4.59|4.6|4.52|4.55|70
2020.04.21 13:00:00|4.57|4.61|4.52|4.56|78
2020.04.21 14:00:00|4.6|4.61|4.54|4.55|33
2020.04.21 15:00:00|4.58|4.59|4.51|4.53|105
2020.04.21 16:00:00|4.54|4.59|4.49|4.56|52
2020.04.21 17:00:00|4.54|4.56|4.49|4.5|43
2020.04.21 18:00:00|4.52|4.53|4.5|4.51|22
2020.04.22 10:00:00|4.54|4.63|4.46|4.51|178
2020.04.22 11:00:00|4.49|4.49|4.44|4.46|24
2020.04.22 12:00:00|4.44|4.53|4.44|4.46|37
2020.04.22 13:00:00|4.5|4.5|4.44|4.45|32
2020.04.22 14:00:00|4.45|4.46|4.44|4.45|11
2020.04.22 15:00:00|4.45|4.55|4.45|4.51|24
2020.04.22 16:00:00|4.56|4.62|4.49|4.5|35
2020.04.22 17:00:00|4.5|4.54|4.44|4.5|62
2020.04.22 18:00:00|4.48|4.52|4.46|4.47|23
2020.04.23 10:00:00|4.57|4.57|4.45|4.48|238
2020.04.23 11:00:00|4.51|4.53|4.46|4.51|48
2020.04.23 12:00:00|4.5|4.52|4.47|4.49|21
2020.04.23 13:00:00|4.47|4.54|4.46|4.49|32
2020.04.23 14:00:00|4.49|4.54|4.46|4.48|19
2020.04.23 15:00:00|4.46|4.47|4.44|4.45|21
2020.04.23 16:00:00|4.45|4.46|4.44|4.45|23
2020.04.23 17:00:00|4.45|4.49|4.45|4.46|30
2020.04.23 18:00:00|4.45|4.49|4.44|4.49|10
2020.04.24 10:00:00|4.46|4.53|4.37|4.49|107
2020.04.24 11:00:00|4.46|4.51|4.42|4.47|33
2020.04.24 12:00:00|4.44|4.5|4.39|4.43|51
2020.04.24 13:00:00|4.41|4.45|4.38|4.42|39
2020.04.24 14:00:00|4.41|4.46|4.36|4.4|77
2020.04.24 15:00:00|4.44|4.47|4.4|4.42|53
2020.04.24 16:00:00|4.44|4.45|4.38|4.4|47
2020.04.24 17:00:00|4.39|4.44|4.38|4.39|30
2020.04.24 18:00:00|4.39|4.46|4.39|4.43|41
2020.04.27 10:00:00|4.59|4.79|4.57|4.6|112
2020.04.27 11:00:00|4.58|4.63|4.51|4.55|52
2020.04.27 12:00:00|4.52|4.57|4.48|4.56|30
2020.04.27 13:00:00|4.55|4.6|4.49|4.51|33
2020.04.27 14:00:00|4.51|4.53|4.47|4.49|29
2020.04.27 15:00:00|4.5|4.52|4.45|4.46|21
2020.04.27 16:00:00|4.47|4.51|4.41|4.42|49
2020.04.27 17:00:00|4.42|4.49|4.4|4.45|45
2020.04.27 18:00:00|4.44|4.45|4.41|4.44|24
2020.04.28 10:00:00|4.37|4.38|4.25|4.37|118
2020.04.28 11:00:00|4.38|4.38|4.31|4.36|48
2020.04.28 12:00:00|4.35|4.36|4.29|4.35|48
2020.04.28 13:00:00|4.35|4.36|4.31|4.32|19
2020.04.28 14:00:00|4.3|4.32|4.27|4.31|34
2020.04.28 15:00:00|4.3|4.33|4.29|4.33|29
2020.04.28 16:00:00|4.33|4.4|4.33|4.35|45
2020.04.28 17:00:00|4.34|4.39|4.32|4.32|45
2020.04.28 18:00:00|4.32|4.34|4.29|4.3|42
2020.04.29 10:00:00|4.35|4.39|4.29|4.36|53
2020.04.29 11:00:00|4.36|4.41|4.36|4.38|53
2020.04.29 12:00:00|4.38|4.39|4.33|4.35|39
2020.04.29 13:00:00|4.35|4.38|4.34|4.35|22
2020.04.29 14:00:00|4.35|4.38|4.35|4.38|19
2020.04.29 15:00:00|4.38|4.47|4.37|4.47|54
2020.04.29 16:00:00|4.47|4.5|4.42|4.46|68
2020.04.29 17:00:00|4.47|4.54|4.44|4.54|49
2020.04.29 18:00:00|4.54|4.55|4.48|4.5|31
2020.04.30 10:00:00|4.56|4.67|4.48|4.51|100
2020.04.30 11:00:00|4.52|4.62|4.52|4.6|44
2020.04.30 12:00:00|4.6|4.61|4.53|4.6|38
2020.04.30 13:00:00|4.6|4.62|4.55|4.57|37
2020.04.30 14:00:00|4.55|4.59|4.53|4.55|35
2020.04.30 15:00:00|4.53|4.56|4.49|4.51|48
2020.04.30 16:00:00|4.49|4.5|4.36|4.45|71
2020.04.30 17:00:00|4.45|4.55|4.45|4.51|51
2020.04.30 18:00:00|4.51|4.55|4.49|4.54|36
2020.05.04 10:00:00|4.4|4.47|4.32|4.34|195
2020.05.04 11:00:00|4.32|4.37|4.23|4.28|118
2020.05.04 12:00:00|4.27|4.34|4.22|4.34|140
2020.05.04 13:00:00|4.35|4.37|4.28|4.3|55
2020.05.04 14:00:00|4.29|4.36|4.26|4.27|85
2020.05.04 15:00:00|4.27|4.33|4.23|4.24|71
2020.05.04 16:00:00|4.24|4.3|4.23|4.26|33
2020.05.04 17:00:00|4.26|4.36|4.26|4.33|55
2020.05.04 18:00:00|4.32|4.33|4.27|4.3|67
2020.05.05 10:00:00|4.34|4.43|4.29|4.32|177
2020.05.05 11:00:00|4.31|4.34|4.25|4.27|93
2020.05.05 12:00:00|4.26|4.38|4.26|4.32|83
2020.05.05 13:00:00|4.32|4.37|4.26|4.28|48
2020.05.05 14:00:00|4.28|4.34|4.28|4.31|32
2020.05.05 15:00:00|4.3|4.34|4.26|4.3|139
2020.05.05 16:00:00|4.34|4.37|4.29|4.3|145
2020.05.05 17:00:00|4.33|4.35|4.26|4.3|52
2020.05.05 18:00:00|4.29|4.37|4.27|4.32|24
2020.05.06 10:00:00|4.31|4.32|4.22|4.23|125
2020.05.06 11:00:00|4.24|4.29|4.21|4.23|88
2020.05.06 12:00:00|4.25|4.29|4.21|4.24|41
2020.05.06 13:00:00|4.23|4.3|4.22|4.24|67
2020.05.06 14:00:00|4.21|4.28|4.21|4.23|40
2020.05.06 15:00:00|4.21|4.28|4.21|4.22|47
2020.05.06 16:00:00|4.27|4.27|4.19|4.21|26
2020.05.06 17:00:00|4.2|4.23|4.18|4.23|36
2020.05.06 18:00:00|4.18|4.22|4.15|4.21|43
2020.05.07 10:00:00|4.08|4.09|3.94|3.99|169
2020.05.07 11:00:00|3.98|4.03|3.96|3.98|86
2020.05.07 12:00:00|3.97|4.02|3.95|4.02|59
2020.05.07 13:00:00|4.01|4.05|3.97|4|60
2020.05.07 14:00:00|4|4.01|3.97|3.99|39
2020.05.07 15:00:00|3.98|4.03|3.98|3.98|32
2020.05.07 16:00:00|3.98|4.03|3.95|3.98|49
2020.05.07 17:00:00|3.97|3.99|3.96|3.98|46
2020.05.07 18:00:00|3.98|4.03|3.98|4.01|34
2020.05.08 10:00:00|4.2|4.26|4.1|4.15|146
2020.05.08 11:00:00|4.15|4.19|4.1|4.12|40
2020.05.08 12:00:00|4.12|4.19|4.12|4.15|36
2020.05.08 13:00:00|4.13|4.17|4.11|4.12|16
2020.05.08 14:00:00|4.11|4.17|4.1|4.16|16
2020.05.08 15:00:00|4.11|4.17|4.09|4.15|33
2020.05.08 16:00:00|4.14|4.16|4.1|4.15|20
2020.05.08 17:00:00|4.16|4.2|4.12|4.16|38
2020.05.08 18:00:00|4.16|4.22|4.16|4.19|19
2020.05.11 10:00:00|4.2|4.22|4.06|4.12|107
2020.05.11 11:00:00|4.11|4.11|4.04|4.11|97
2020.05.11 12:00:00|4.1|4.11|4|4.05|61
2020.05.11 13:00:00|4.06|4.09|4.01|4.03|29
2020.05.11 14:00:00|4.07|4.07|4.02|4.03|22
2020.05.11 15:00:00|4.03|4.09|4|4.03|35
2020.05.11 16:00:00|4.02|4.1|4.02|4.07|35
2020.05.11 17:00:00|4.04|4.09|4|4.02|31
2020.05.11 18:00:00|4|4.07|4|4.03|28
2020.05.12 10:00:00|4.04|4.06|3.98|4|133
2020.05.12 11:00:00|4.01|4.04|3.96|3.97|48
2020.05.12 12:00:00|3.96|4|3.95|3.99|109
2020.05.12 13:00:00|4|4.01|3.94|3.96|25
2020.05.12 14:00:00|4|4|3.94|3.95|13
2020.05.12 15:00:00|4|4|3.94|3.96|22
2020.05.12 16:00:00|3.96|4|3.95|4|13
2020.05.12 17:00:00|4.01|4.01|3.95|4|40
2020.05.12 18:00:00|4|4.02|3.99|3.99|23
2020.05.13 10:00:00|3.94|3.99|3.88|3.95|146
2020.05.13 11:00:00|3.98|4|3.93|3.95|40
2020.05.13 12:00:00|3.94|3.99|3.93|3.98|20
2020.05.13 13:00:00|3.94|4|3.93|3.98|13
2020.05.13 14:00:00|3.94|3.98|3.93|3.94|8
2020.05.13 15:00:00|3.94|3.99|3.94|3.98|29
2020.05.13 16:00:00|3.93|3.98|3.92|3.92|21
2020.05.13 17:00:00|3.92|3.93|3.88|3.93|34
2020.05.13 18:00:00|3.89|3.95|3.88|3.89|57
2020.05.14 10:00:00|3.86|3.92|3.79|3.87|254
2020.05.14 11:00:00|3.88|3.88|3.76|3.8|90
2020.05.14 12:00:00|3.83|3.83|3.71|3.74|81
2020.05.14 13:00:00|3.74|3.8|3.69|3.73|48
2020.05.14 14:00:00|3.76|3.78|3.61|3.65|112
2020.05.14 15:00:00|3.65|3.78|3.64|3.73|120
2020.05.14 16:00:00|3.72|3.8|3.65|3.65|117
2020.05.14 17:00:00|3.69|3.8|3.65|3.75|110
2020.05.14 18:00:00|3.75|3.85|3.74|3.82|70
2020.05.15 10:00:00|3.89|3.94|3.78|3.89|193
2020.05.15 11:00:00|3.92|3.92|3.82|3.88|60
2020.05.15 12:00:00|3.92|3.97|3.88|3.95|66
2020.05.15 13:00:00|3.94|4.01|3.9|3.94|104
2020.05.15 14:00:00|3.97|3.97|3.86|3.88|60
2020.05.15 15:00:00|3.88|3.96|3.84|3.92|43
2020.05.15 16:00:00|3.9|3.97|3.89|3.92|42
2020.05.15 17:00:00|3.92|3.98|3.88|3.89|55
2020.05.15 18:00:00|3.89|3.93|3.87|3.92|14
2020.05.18 10:00:00|3.98|4.01|3.85|3.87|224
2020.05.18 11:00:00|3.93|3.96|3.87|3.95|75
2020.05.18 12:00:00|3.94|3.95|3.86|3.89|31
2020.05.18 13:00:00|3.93|3.96|3.89|3.94|49
2020.05.18 14:00:00|3.92|3.99|3.92|3.98|100
2020.05.18 15:00:00|3.97|3.99|3.93|3.99|22
2020.05.18 16:00:00|3.98|4.05|3.94|3.99|90
2020.05.18 17:00:00|4.03|4.03|3.94|3.99|58
2020.05.18 18:00:00|3.98|4.03|3.93|4.02|98
2020.05.19 10:00:00|4.03|4.05|3.77|3.77|231
2020.05.19 11:00:00|3.76|3.84|3.74|3.8|141
2020.05.19 12:00:00|3.79|3.88|3.76|3.76|142
2020.05.19 13:00:00|3.76|3.8|3.73|3.8|77
2020.05.19 14:00:00|3.78|3.79|3.69|3.72|86
2020.05.19 15:00:00|3.7|3.76|3.69|3.72|76
2020.05.19 16:00:00|3.7|3.78|3.68|3.72|106
2020.05.19 17:00:00|3.7|3.75|3.68|3.71|98
2020.05.19 18:00:00|3.7|3.73|3.69|3.73|44
2020.05.20 10:00:00|3.69|3.71|3.45|3.49|149
2020.05.20 11:00:00|3.46|3.56|3.45|3.54|102
2020.05.20 12:00:00|3.53|3.57|3.5|3.53|92
2020.05.20 13:00:00|3.53|3.71|3.53|3.6|213
2020.05.20 14:00:00|3.6|3.65|3.55|3.56|44
2020.05.20 15:00:00|3.56|3.63|3.55|3.63|37
2020.05.20 16:00:00|3.62|3.65|3.6|3.62|74
2020.05.20 17:00:00|3.61|3.62|3.56|3.6|49
2020.05.20 18:00:00|3.58|3.69|3.58|3.68|41
2020.05.21 10:00:00|3.71|3.74|3.59|3.63|123
2020.05.21 11:00:00|3.63|3.69|3.61|3.65|73
2020.05.21 12:00:00|3.65|3.72|3.64|3.65|87
2020.05.21 13:00:00|3.64|3.7|3.62|3.65|27
2020.05.21 14:00:00|3.64|3.68|3.64|3.67|29
2020.05.21 15:00:00|3.7|3.71|3.64|3.68|42
2020.05.21 16:00:00|3.68|3.69|3.64|3.68|34
2020.05.21 17:00:00|3.68|3.74|3.67|3.69|44
2020.05.21 18:00:00|3.68|3.69|3.66|3.67|33
2020.05.22 10:00:00|3.6|3.63|3.52|3.58|210
2020.05.22 11:00:00|3.62|3.63|3.54|3.59|45
2020.05.22 12:00:00|3.59|3.63|3.56|3.56|29
2020.05.22 13:00:00|3.54|3.64|3.54|3.63|25
2020.05.22 14:00:00|3.64|3.64|3.54|3.57|28
2020.05.22 15:00:00|3.56|3.61|3.56|3.58|32
2020.05.22 16:00:00|3.57|3.59|3.55|3.56|23
2020.05.22 17:00:00|3.54|3.58|3.54|3.57|41
2020.05.22 18:00:00|3.59|3.59|3.54|3.57|33
2020.05.25 10:00:00|3.57|3.64|3.51|3.52|86
2020.05.25 11:00:00|3.55|3.61|3.51|3.61|44
2020.05.25 12:00:00|3.62|3.73|3.58|3.7|69
2020.05.25 13:00:00|3.73|3.74|3.62|3.62|140
2020.05.25 14:00:00|3.64|3.67|3.6|3.66|44
2020.05.25 15:00:00|3.64|3.69|3.63|3.68|51
2020.05.25 16:00:00|3.66|3.68|3.64|3.67|49
2020.05.25 17:00:00|3.65|3.69|3.62|3.67|45
2020.05.25 18:00:00|3.66|3.72|3.66|3.71|32
2020.05.26 10:00:00|3.85|4.07|3.79|4.01|298
2020.05.26 11:00:00|3.99|4.21|3.99|4.13|153
2020.05.26 12:00:00|4.13|4.18|4.08|4.13|96
2020.05.26 13:00:00|4.13|4.21|4.12|4.13|97
2020.05.26 14:00:00|4.14|4.19|4.13|4.13|54
2020.05.26 15:00:00|4.11|4.19|4.09|4.12|73
2020.05.26 16:00:00|4.12|4.15|4.05|4.05|71
2020.05.26 17:00:00|4.05|4.15|4.05|4.1|55
2020.05.26 18:00:00|4.11|4.14|4.09|4.13|33
2020.05.27 10:00:00|4.27|4.38|4.16|4.23|472
2020.05.27 11:00:00|4.26|4.38|4.21|4.34|196
2020.05.27 12:00:00|4.35|4.41|4.27|4.3|259
2020.05.27 13:00:00|4.35|4.39|4.29|4.31|152
2020.05.27 14:00:00|4.31|4.41|4.31|4.37|62
2020.05.27 15:00:00|4.37|4.42|4.32|4.34|81
2020.05.27 16:00:00|4.33|4.38|4.21|4.24|186
2020.05.27 17:00:00|4.22|4.28|4.15|4.17|93
2020.05.27 18:00:00|4.16|4.21|4.16|4.21|50
2020.05.28 10:00:00|4.4|4.45|4.31|4.4|265
2020.05.28 11:00:00|4.4|4.49|4.32|4.37|175
2020.05.28 12:00:00|4.33|4.39|4.3|4.34|115
2020.05.28 13:00:00|4.33|4.36|4.24|4.34|111
2020.05.28 14:00:00|4.37|4.37|4.27|4.28|33
2020.05.28 15:00:00|4.31|4.31|4.24|4.27|43
2020.05.28 16:00:00|4.26|4.32|4.18|4.2|104
2020.05.28 17:00:00|4.23|4.27|4.16|4.26|104
2020.05.28 18:00:00|4.26|4.33|4.24|4.28|63
2020.05.29 10:00:00|4.12|4.27|4.05|4.19|246
2020.05.29 11:00:00|4.14|4.19|4.1|4.11|69
2020.05.29 12:00:00|4.09|4.12|4.04|4.1|64
2020.05.29 13:00:00|4.1|4.16|4.06|4.08|67
2020.05.29 14:00:00|4.07|4.13|4.05|4.1|51
2020.05.29 15:00:00|4.11|4.13|4.04|4.05|63
2020.05.29 16:00:00|4.05|4.06|3.99|4.04|78
2020.05.29 17:00:00|4.03|4.08|4.01|4.02|90
2020.05.29 18:00:00|4.03|4.06|4.01|4.05|45
2020.06.01 10:00:00|4.16|4.26|4.12|4.24|311
2020.06.01 11:00:00|4.23|4.24|4.08|4.19|129
2020.06.01 12:00:00|4.18|4.21|4.1|4.12|75
2020.06.01 13:00:00|4.16|4.17|4.09|4.13|38
2020.06.01 14:00:00|4.14|4.16|4.1|4.13|53
2020.06.01 15:00:00|4.14|4.14|4.08|4.12|42
2020.06.01 16:00:00|4.13|4.21|4.08|4.16|102
2020.06.01 17:00:00|4.14|4.24|4.13|4.2|48
2020.06.01 18:00:00|4.23|4.27|4.19|4.25|40
2020.06.02 10:00:00|4.31|4.43|4.27|4.37|349
2020.06.02 11:00:00|4.37|4.47|4.36|4.46|147
2020.06.02 12:00:00|4.42|4.51|4.36|4.37|178
2020.06.02 13:00:00|4.42|4.45|4.37|4.45|164
2020.06.02 14:00:00|4.44|4.47|4.4|4.44|67
2020.06.02 15:00:00|4.42|4.47|4.39|4.44|82
2020.06.02 16:00:00|4.45|4.47|4.4|4.43|59
2020.06.02 17:00:00|4.43|4.47|4.37|4.4|59
2020.06.02 18:00:00|4.42|4.44|4.38|4.38|76
2020.06.03 10:00:00|4.48|4.65|4.45|4.62|268
2020.06.03 11:00:00|4.62|4.78|4.58|4.73|246
2020.06.03 12:00:00|4.72|4.76|4.69|4.7|138
2020.06.03 13:00:00|4.68|4.76|4.65|4.68|188
2020.06.03 14:00:00|4.63|4.73|4.6|4.64|163
2020.06.03 15:00:00|4.67|4.7|4.63|4.69|88
2020.06.03 16:00:00|4.68|4.75|4.66|4.75|91
2020.06.03 17:00:00|4.81|4.83|4.72|4.79|145
2020.06.03 18:00:00|4.83|4.84|4.76|4.81|75
2020.06.04 10:00:00|4.77|4.85|4.62|4.84|259
2020.06.04 11:00:00|4.84|4.9|4.8|4.85|182
2020.06.04 12:00:00|4.86|4.9|4.74|4.74|150
2020.06.04 13:00:00|4.74|4.84|4.74|4.82|144
2020.06.04 14:00:00|4.81|4.87|4.78|4.83|168
2020.06.04 15:00:00|4.82|4.86|4.75|4.83|238
2020.06.04 16:00:00|4.82|4.87|4.77|4.83|120
2020.06.04 17:00:00|4.84|4.89|4.81|4.88|122
2020.06.04 18:00:00|4.87|4.9|4.84|4.85|65
2020.06.05 10:00:00|5.21|5.5|5.19|5.49|286
2020.06.05 11:00:00|5.5|5.65|5.43|5.47|288
2020.06.05 12:00:00|5.5|5.61|5.44|5.56|227
2020.06.05 13:00:00|5.55|5.57|5.4|5.45|163
2020.06.05 14:00:00|5.44|5.48|5.41|5.46|121
2020.06.05 15:00:00|5.46|5.5|5.32|5.47|228
2020.06.05 16:00:00|5.47|5.6|5.39|5.51|252
2020.06.05 17:00:00|5.52|5.65|5.49|5.54|246
2020.06.05 18:00:00|5.53|5.59|5.51|5.52|89
2020.06.08 10:00:00|5.65|5.86|5.54|5.86|302
2020.06.08 11:00:00|5.85|6.08|5.83|6.02|265
2020.06.08 12:00:00|6.04|6.07|5.92|6.04|224
2020.06.08 13:00:00|6.03|6.08|5.96|5.98|243
2020.06.08 14:00:00|5.97|6.08|5.95|6.07|242
2020.06.08 15:00:00|6.03|6.09|5.99|6.03|255
2020.06.08 16:00:00|6.07|6.29|6|6.2|227
2020.06.08 17:00:00|6.24|6.25|6.02|6.05|237
2020.06.08 18:00:00|6.07|6.08|5.87|5.98|107
2020.06.09 10:00:00|6.38|6.43|5.56|5.84|441
2020.06.09 11:00:00|5.85|5.92|5.11|5.37|392
2020.06.09 12:00:00|5.35|5.62|5.26|5.52|256
2020.06.09 13:00:00|5.52|5.55|5.41|5.51|324
2020.06.09 14:00:00|5.52|5.66|5.49|5.64|172
2020.06.09 15:00:00|5.61|5.77|5.55|5.58|159
2020.06.09 16:00:00|5.59|5.66|5.49|5.54|183
2020.06.09 17:00:00|5.52|5.62|5.44|5.6|197
2020.06.09 18:00:00|5.57|5.6|5.51|5.55|119
2020.06.10 10:00:00|5.31|5.64|5.24|5.38|263
2020.06.10 11:00:00|5.41|5.42|5.22|5.23|193
2020.06.10 12:00:00|5.22|5.26|5.09|5.16|316
2020.06.10 13:00:00|5.17|5.22|5.09|5.17|202
2020.06.10 14:00:00|5.21|5.21|5.11|5.17|325
2020.06.10 15:00:00|5.2|5.26|5.14|5.21|240
2020.06.10 16:00:00|5.21|5.29|5.08|5.12|180
2020.06.10 17:00:00|5.16|5.16|4.97|5.1|229
2020.06.10 18:00:00|5.08|5.1|5.03|5.03|82
2020.06.11 10:00:00|4.67|4.87|4.61|4.79|284
2020.06.11 11:00:00|4.8|4.84|4.7|4.77|567
2020.06.11 12:00:00|4.76|4.84|4.72|4.77|764
2020.06.11 13:00:00|4.8|4.83|4.73|4.78|1147
2020.06.11 14:00:00|4.79|4.8|4.69|4.75|589
2020.06.11 15:00:00|4.76|4.76|4.65|4.69|399
2020.06.11 16:00:00|4.64|4.76|4.64|4.75|442
2020.06.11 17:00:00|4.74|4.75|4.61|4.62|748
2020.06.11 18:00:00|4.63|4.66|4.57|4.6|135
2020.06.12 10:00:00|4.53|4.94|4.52|4.8|615
2020.06.12 11:00:00|4.81|5.02|4.78|4.92|204
2020.06.12 12:00:00|4.91|4.98|4.85|4.91|209
2020.06.12 13:00:00|4.91|4.97|4.88|4.93|188
2020.06.12 14:00:00|4.94|4.96|4.81|4.87|190
2020.06.12 15:00:00|4.86|4.91|4.78|4.83|223
2020.06.12 16:00:00|4.82|4.93|4.79|4.89|369
2020.06.12 17:00:00|4.89|4.96|4.79|4.8|469
2020.06.12 18:00:00|4.77|4.82|4.73|4.73|136
2020.06.15 10:00:00|4.62|4.73|4.57|4.65|286
2020.06.15 11:00:00|4.69|4.77|4.61|4.71|227
2020.06.15 12:00:00|4.73|4.74|4.63|4.69|153
2020.06.15 13:00:00|4.73|4.73|4.61|4.63|171
2020.06.15 14:00:00|4.65|4.66|4.58|4.64|182
2020.06.15 15:00:00|4.6|4.65|4.58|4.65|155
2020.06.15 16:00:00|4.66|4.69|4.59|4.6|503
2020.06.15 17:00:00|4.59|4.69|4.57|4.6|123
2020.06.15 18:00:00|4.61|4.63|4.55|4.57|63
2020.06.16 10:00:00|4.97|5.02|4.87|4.91|405
2020.06.16 11:00:00|4.94|4.96|4.82|4.87|258
2020.06.16 12:00:00|4.87|4.98|4.86|4.98|205
2020.06.16 13:00:00|4.92|5.01|4.9|4.97|155
2020.06.16 14:00:00|4.98|4.99|4.91|4.97|71
2020.06.16 15:00:00|4.94|5.07|4.94|5.06|106
2020.06.16 16:00:00|5.07|5.07|4.91|4.97|156
2020.06.16 17:00:00|4.96|5.02|4.8|4.8|165
2020.06.16 18:00:00|4.79|4.82|4.74|4.81|92
2020.06.17 10:00:00|4.87|4.92|4.78|4.89|193
2020.06.17 11:00:00|4.9|4.9|4.79|4.85|205
2020.06.17 12:00:00|4.86|4.86|4.67|4.67|299
2020.06.17 13:00:00|4.72|4.77|4.66|4.75|142
2020.06.17 14:00:00|4.74|4.78|4.69|4.73|68
2020.06.17 15:00:00|4.73|4.81|4.73|4.73|75
2020.06.17 16:00:00|4.73|4.77|4.66|4.66|107
2020.06.17 17:00:00|4.71|4.74|4.64|4.67|98
2020.06.17 18:00:00|4.66|4.68|4.64|4.65|34
2020.06.18 10:00:00|4.64|4.66|4.53|4.63|265
2020.06.18 11:00:00|4.62|4.76|4.56|4.75|346
2020.06.18 12:00:00|4.74|4.75|4.61|4.65|398
2020.06.18 13:00:00|4.64|4.66|4.55|4.56|438
2020.06.18 14:00:00|4.6|4.62|4.47|4.48|279
2020.06.18 15:00:00|4.47|4.52|4.44|4.48|90
2020.06.18 16:00:00|4.46|4.55|4.45|4.54|132
2020.06.18 17:00:00|4.5|4.59|4.49|4.56|200
2020.06.18 18:00:00|4.53|4.58|4.49|4.52|133
2020.06.19 10:00:00|4.6|4.67|4.48|4.51|208
2020.06.19 11:00:00|4.54|4.56|4.46|4.52|110
2020.06.19 12:00:00|4.47|4.56|4.47|4.48|189
2020.06.19 13:00:00|4.46|4.52|4.44|4.5|179
2020.06.19 14:00:00|4.51|4.53|4.46|4.5|125
2020.06.19 15:00:00|4.49|4.62|4.49|4.56|110
2020.06.19 16:00:00|4.53|4.59|4.47|4.5|104
2020.06.19 17:00:00|4.5|4.56|4.47|4.49|103
2020.06.19 18:00:00|4.48|4.56|4.48|4.49|92
2020.06.22 10:00:00|4.44|4.48|4.25|4.4|218
2020.06.22 11:00:00|4.39|4.42|4.3|4.41|160
2020.06.22 12:00:00|4.42|4.45|4.32|4.34|238
2020.06.22 13:00:00|4.38|4.41|4.32|4.34|117
2020.06.22 14:00:00|4.37|4.39|4.31|4.38|50
2020.06.22 15:00:00|4.39|4.39|4.33|4.37|79
2020.06.22 16:00:00|4.38|4.42|4.32|4.35|60
2020.06.22 17:00:00|4.37|4.38|4.3|4.31|88
2020.06.22 18:00:00|4.31|4.35|4.28|4.31|95
2020.06.23 10:00:00|4.36|4.45|4.3|4.4|326
2020.06.23 11:00:00|4.4|4.43|4.31|4.37|144
2020.06.23 12:00:00|4.38|4.39|4.29|4.32|69
2020.06.23 13:00:00|4.3|4.36|4.29|4.32|65
2020.06.23 14:00:00|4.3|4.43|4.3|4.4|81
2020.06.23 15:00:00|4.43|4.45|4.35|4.37|117
2020.06.23 16:00:00|4.37|4.4|4.3|4.35|218
2020.06.23 17:00:00|4.36|4.37|4.24|4.25|110
2020.06.23 18:00:00|4.27|4.29|4.24|4.25|63
2020.06.24 10:00:00|4.22|4.26|4.05|4.11|229
2020.06.24 11:00:00|4.14|4.15|4.02|4.15|262
2020.06.24 12:00:00|4.16|4.16|4.03|4.05|153
2020.06.24 13:00:00|4.04|4.12|4.03|4.05|100
2020.06.24 14:00:00|4.1|4.13|4.05|4.12|61
2020.06.24 15:00:00|4.08|4.17|4.07|4.08|137
2020.06.24 16:00:00|4.07|4.14|4.01|4.02|285
2020.06.24 17:00:00|4|4.1|4|4.04|129
2020.06.24 18:00:00|4.02|4.08|4.01|4.05|87
2020.06.25 10:00:00|4.07|4.11|3.98|4.01|240
2020.06.25 11:00:00|4.04|4.18|4.02|4.09|338
2020.06.25 12:00:00|4.09|4.16|4.07|4.08|397
2020.06.25 13:00:00|4.13|4.14|4.03|4.03|431
2020.06.25 14:00:00|4.07|4.09|3.97|3.97|188
2020.06.25 15:00:00|3.98|4.04|3.96|4.01|399
2020.06.25 16:00:00|4.02|4.08|3.97|4.04|214
2020.06.25 17:00:00|4.04|4.17|4.04|4.08|183
2020.06.25 18:00:00|4.1|4.12|4.05|4.06|124
2020.06.26 10:00:00|4.45|4.49|4.24|4.26|223
2020.06.26 11:00:00|4.25|4.26|4.15|4.2|180
2020.06.26 12:00:00|4.22|4.28|4.16|4.21|103
2020.06.26 13:00:00|4.21|4.29|4.17|4.19|93
2020.06.26 14:00:00|4.18|4.24|4.16|4.21|156
2020.06.26 15:00:00|4.22|4.23|4.14|4.15|120
2020.06.26 16:00:00|4.15|4.18|4.04|4.05|78
2020.06.26 17:00:00|4.04|4.08|3.82|4|143
2020.06.26 18:00:00|4.01|4.05|3.99|3.99|37
2020.06.29 10:00:00|3.93|4.03|3.86|3.94|200
2020.06.29 11:00:00|3.96|4|3.91|4|153
2020.06.29 12:00:00|3.98|4|3.93|3.98|176
2020.06.29 13:00:00|3.99|4.03|3.93|3.96|166
2020.06.29 14:00:00|3.94|4.01|3.93|4|112
2020.06.29 15:00:00|3.99|4.01|3.93|3.95|66
2020.06.29 16:00:00|3.93|4|3.93|3.98|93
2020.06.29 17:00:00|3.99|4.08|3.95|4.04|118
2020.06.29 18:00:00|4.04|4.07|4.02|4.06|46
2020.06.30 10:00:00|4.12|4.16|3.99|4.02|265
2020.06.30 11:00:00|4.01|4.05|3.94|3.97|178
2020.06.30 12:00:00|4|4.03|3.94|3.96|198
2020.06.30 13:00:00|4|4.02|3.95|4.02|129
2020.06.30 14:00:00|4.01|4.03|3.95|3.98|165
2020.06.30 15:00:00|4.01|4.01|3.95|4|47
2020.06.30 16:00:00|4.01|4.03|3.94|3.95|121
2020.06.30 17:00:00|3.95|4.02|3.94|3.96|99
2020.06.30 18:00:00|3.99|3.99|3.96|3.98|13
2020.07.01 10:00:00|4.02|4.03|3.92|3.99|65
2020.07.01 11:00:00|3.99|4.07|3.98|4.07|68
2020.07.01 12:00:00|4.06|4.08|3.99|4|73
2020.07.01 13:00:00|3.99|4.06|3.97|3.98|114
2020.07.01 14:00:00|3.97|4.03|3.92|3.92|99
2020.07.01 15:00:00|3.92|4.07|3.92|4.03|59
2020.07.01 16:00:00|4.03|4.11|4.01|4.04|117
2020.07.01 17:00:00|4.04|4.11|4.01|4.02|107
2020.07.01 18:00:00|4.02|4.03|4.01|4.02|30
2020.07.02 10:00:00|4.09|4.21|4.04|4.17|132
2020.07.02 11:00:00|4.14|4.2|4.13|4.16|93
2020.07.02 12:00:00|4.19|4.19|4.11|4.15|91
2020.07.02 13:00:00|4.14|4.19|4.11|4.14|81
2020.07.02 14:00:00|4.15|4.16|4.1|4.13|70
2020.07.02 15:00:00|4.17|4.22|4.11|4.18|251
2020.07.02 16:00:00|4.22|4.25|4.14|4.2|102
2020.07.02 17:00:00|4.19|4.19|4.1|4.11|85
2020.07.02 18:00:00|4.14|4.14|4.09|4.12|74
2020.07.03 10:00:00|4.18|4.19|4.01|4.07|276
2020.07.03 11:00:00|4.08|4.14|4.06|4.11|167
2020.07.03 12:00:00|4.1|4.12|4.02|4.03|117
2020.07.03 13:00:00|4.05|4.09|4.01|4.05|123
2020.07.03 14:00:00|4.08|4.09|4.03|4.08|46
2020.07.03 15:00:00|4.09|4.12|4.04|4.08|50
2020.07.03 16:00:00|4.06|4.12|4.06|4.08|34
2020.07.03 17:00:00|4.08|4.13|4.06|4.09|59
2020.07.03 18:00:00|4.07|4.1|4.07|4.1|19
2020.07.06 10:00:00|4.23|4.26|4.17|4.23|256
2020.07.06 11:00:00|4.22|4.23|4.14|4.17|155
2020.07.06 12:00:00|4.18|4.22|4.11|4.21|171
2020.07.06 13:00:00|4.22|4.22|4.14|4.15|198
2020.07.06 14:00:00|4.18|4.18|4.12|4.16|87
2020.07.06 15:00:00|4.14|4.2|4.11|4.14|146
2020.07.06 16:00:00|4.16|4.18|4.11|4.14|165
2020.07.06 17:00:00|4.16|4.18|4.09|4.13|133
2020.07.06 18:00:00|4.16|4.18|4.12|4.16|94
2020.07.07 10:00:00|4.12|4.18|4.08|4.13|103
2020.07.07 11:00:00|4.16|4.18|4.1|4.16|153
2020.07.07 12:00:00|4.17|4.18|4.11|4.14|34
2020.07.07 13:00:00|4.13|4.17|4.1|4.17|71
2020.07.07 14:00:00|4.12|4.18|4.12|4.17|102
2020.07.07 15:00:00|4.18|4.18|4.11|4.13|94
2020.07.07 16:00:00|4.13|4.18|4.08|4.1|87
2020.07.07 17:00:00|4.08|4.1|4.06|4.1|35
2020.07.07 18:00:00|4.12|4.14|4.08|4.13|17
2020.07.08 10:00:00|4.09|4.13|4.05|4.06|190
2020.07.08 11:00:00|4.09|4.09|4.02|4.03|321
2020.07.08 12:00:00|4.01|4.07|3.99|4.04|84
2020.07.08 13:00:00|4.05|4.06|3.99|4|53
2020.07.08 14:00:00|4.04|4.05|3.98|4.02|120
2020.07.08 15:00:00|4.05|4.05|3.98|4.05|113
2020.07.08 16:00:00|4.04|4.06|3.99|4.06|162
2020.07.08 17:00:00|4.07|4.07|4|4.04|89
2020.07.08 18:00:00|4.03|4.04|4|4.02|14
2020.07.09 10:00:00|4.08|4.13|3.95|4.01|112
2020.07.09 11:00:00|3.95|4.05|3.95|4.05|145
2020.07.09 12:00:00|4.04|4.05|3.98|4.03|63
2020.07.09 13:00:00|3.98|4.05|3.98|4.04|108
2020.07.09 14:00:00|3.99|4.06|3.99|4.02|71
2020.07.09 15:00:00|4|4.06|4|4.01|106
2020.07.09 16:00:00|4|4.06|3.97|3.98|141
2020.07.09 17:00:00|3.98|4.01|3.95|3.96|23
2020.07.09 18:00:00|3.95|3.96|3.92|3.94|27
2020.07.10 10:00:00|3.91|3.99|3.88|3.96|260
2020.07.10 11:00:00|3.96|4.02|3.93|3.97|232
2020.07.10 12:00:00|3.98|3.99|3.91|3.97|364
2020.07.10 13:00:00|3.98|4.02|3.95|4.01|153
2020.07.10 14:00:00|4.02|4.02|3.94|4|247
2020.07.10 15:00:00|3.99|4.01|3.93|3.98|303
2020.07.10 16:00:00|3.99|4.02|3.94|3.96|282
2020.07.10 17:00:00|3.99|4.02|3.94|3.99|435
2020.07.10 18:00:00|4.02|4.04|3.97|3.99|55
2020.07.13 10:00:00|4.08|4.12|4.02|4.08|227
2020.07.13 11:00:00|4.07|4.08|4|4.04|132
2020.07.13 12:00:00|4.04|4.09|4.02|4.05|102
2020.07.13 13:00:00|4.08|4.09|4.02|4.07|74
2020.07.13 14:00:00|4.08|4.11|4.04|4.09|97
2020.07.13 15:00:00|4.1|4.11|4.04|4.09|112
2020.07.13 16:00:00|4.08|4.1|4.02|4.03|27
2020.07.13 17:00:00|4.01|4.11|4|4.1|84
2020.07.13 18:00:00|4.09|4.11|4.03|4.07|86
2020.07.14 10:00:00|4.01|4.06|3.97|3.99|299
2020.07.14 11:00:00|3.98|4.06|3.98|4|35
2020.07.14 12:00:00|4|4.05|3.98|3.99|54
2020.07.14 13:00:00|4.03|4.04|3.97|4.01|114
2020.07.14 14:00:00|4.02|4.04|3.96|4.04|221
2020.07.14 15:00:00|3.98|4.05|3.98|4.01|42
2020.07.14 16:00:00|3.99|4.05|3.96|4.01|75
2020.07.14 17:00:00|4.04|4.05|3.98|4|54
2020.07.14 18:00:00|4.02|4.04|4|4.03|14
2020.07.15 10:00:00|4.11|4.15|4.04|4.11|192
2020.07.15 11:00:00|4.1|4.16|4.08|4.14|66
2020.07.15 12:00:00|4.15|4.15|4.07|4.08|136
2020.07.15 13:00:00|4.12|4.25|4.08|4.24|135
2020.07.15 14:00:00|4.19|4.28|4.17|4.18|107
2020.07.15 15:00:00|4.22|4.23|4.14|4.15|62
2020.07.15 16:00:00|4.15|4.29|4.14|4.25|100
2020.07.15 17:00:00|4.25|4.33|4.25|4.31|128
2020.07.15 18:00:00|4.29|4.35|4.27|4.35|71
2020.07.16 10:00:00|4.37|4.43|4.25|4.27|241
2020.07.16 11:00:00|4.29|4.32|4.21|4.32|134
2020.07.16 12:00:00|4.31|4.34|4.26|4.31|58
2020.07.16 13:00:00|4.29|4.31|4.18|4.19|41
2020.07.16 14:00:00|4.17|4.22|4.12|4.18|108
2020.07.16 15:00:00|4.14|4.19|4.12|4.16|46
2020.07.16 16:00:00|4.14|4.25|4.14|4.17|106
2020.07.16 17:00:00|4.21|4.23|4.14|4.2|65
2020.07.16 18:00:00|4.21|4.23|4.16|4.18|128
2020.07.17 10:00:00|4.23|4.23|4.04|4.06|168
2020.07.17 11:00:00|4.09|4.13|4.04|4.09|92
2020.07.17 12:00:00|4.11|4.15|4.07|4.14|170
2020.07.17 13:00:00|4.15|4.17|4.1|4.15|95
2020.07.17 14:00:00|4.14|4.15|4.07|4.13|54
2020.07.17 15:00:00|4.14|4.14|4.08|4.09|62
2020.07.17 16:00:00|4.09|4.14|4.07|4.09|115
2020.07.17 17:00:00|4.11|4.15|4.07|4.11|169
2020.07.17 18:00:00|4.08|4.11|4.08|4.09|8
2020.07.20 10:00:00|4.08|4.08|3.98|4.04|379
2020.07.20 11:00:00|4.08|4.13|4.04|4.09|114
2020.07.20 12:00:00|4.09|4.16|4.09|4.12|181
2020.07.20 13:00:00|4.15|4.15|4.07|4.09|78
2020.07.20 14:00:00|4.09|4.13|4.08|4.09|78
2020.07.20 15:00:00|4.09|4.14|4.07|4.14|128
2020.07.20 16:00:00|4.12|4.18|4.08|4.11|145
2020.07.20 17:00:00|4.14|4.15|4.07|4.08|102
2020.07.20 18:00:00|4.08|4.12|4.07|4.1|27
2020.07.21 10:00:00|4.19|4.23|4.12|4.22|143
2020.07.21 11:00:00|4.17|4.21|4.12|4.15|292
2020.07.21 12:00:00|4.14|4.2|4.12|4.12|69
2020.07.21 13:00:00|4.16|4.17|4.09|4.1|94
2020.07.21 14:00:00|4.1|4.11|4.08|4.09|15
2020.07.21 15:00:00|4.08|4.09|4.01|4.03|46
2020.07.21 16:00:00|4.03|4.09|4.01|4.05|55
2020.07.21 17:00:00|4.09|4.09|4.02|4.03|43
2020.07.21 18:00:00|4.02|4.03|4.01|4.03|19
2020.07.22 10:00:00|4.08|4.14|4.01|4.05|190
2020.07.22 11:00:00|4.06|4.08|4|4.05|112
2020.07.22 12:00:00|4.06|4.08|4.02|4.08|205
2020.07.22 13:00:00|4.03|4.08|4|4.02|44
2020.07.22 14:00:00|4.05|4.07|4.01|4.03|36
2020.07.22 15:00:00|4.07|4.08|4|4.01|47
2020.07.22 16:00:00|4|4.07|3.99|4.05|60
2020.07.22 17:00:00|4.04|4.06|4|4.01|71
2020.07.22 18:00:00|4.01|4.03|3.99|4.03|19
2020.07.23 10:00:00|4.04|4.06|3.98|4.04|135
2020.07.23 11:00:00|4.06|4.07|3.99|4.03|391
2020.07.23 12:00:00|4.04|4.05|3.98|3.99|85
2020.07.23 13:00:00|3.99|4.03|3.97|3.98|48
2020.07.23 14:00:00|3.96|4.02|3.96|3.99|31
2020.07.23 15:00:00|4.01|4.02|3.95|3.97|22
2020.07.23 16:00:00|3.97|4.01|3.95|3.97|43
2020.07.23 17:00:00|4|4.01|3.95|3.98|51
2020.07.23 18:00:00|3.97|4.03|3.96|3.97|20
2020.07.24 10:00:00|3.95|3.99|3.87|3.87|157
2020.07.24 11:00:00|3.87|3.97|3.87|3.92|239
2020.07.24 12:00:00|3.95|3.98|3.89|3.94|291
2020.07.24 13:00:00|3.98|4.06|3.91|3.97|185
2020.07.24 14:00:00|3.98|3.99|3.93|3.97|125
2020.07.24 15:00:00|3.98|3.99|3.92|3.98|125
2020.07.24 16:00:00|3.94|3.99|3.89|3.91|108
2020.07.24 17:00:00|3.9|3.98|3.9|3.93|135
2020.07.24 18:00:00|3.92|3.97|3.91|3.93|49
2020.07.27 10:00:00|3.89|3.9|3.76|3.77|161
2020.07.27 11:00:00|3.77|3.83|3.74|3.82|122
2020.07.27 12:00:00|3.79|3.81|3.78|3.79|47
2020.07.27 13:00:00|3.79|3.81|3.74|3.75|47
2020.07.27 14:00:00|3.74|3.77|3.71|3.72|49
2020.07.27 15:00:00|3.72|3.77|3.67|3.72|87
2020.07.27 16:00:00|3.76|3.76|3.7|3.73|58
2020.07.27 17:00:00|3.71|3.76|3.69|3.73|69
2020.07.27 18:00:00|3.73|3.77|3.73|3.75|25
2020.07.28 10:00:00|3.74|3.75|3.64|3.7|327
2020.07.28 11:00:00|3.71|3.74|3.65|3.68|79
2020.07.28 12:00:00|3.68|3.71|3.66|3.68|114
2020.07.28 13:00:00|3.71|3.73|3.66|3.67|271
2020.07.28 14:00:00|3.67|3.72|3.65|3.67|25
2020.07.28 15:00:00|3.66|3.7|3.63|3.65|47
2020.07.28 16:00:00|3.63|3.68|3.62|3.67|51
2020.07.28 17:00:00|3.66|3.68|3.62|3.67|43
2020.07.28 18:00:00|3.62|3.66|3.62|3.66|27
2020.07.29 10:00:00|3.68|3.78|3.63|3.69|154
2020.07.29 11:00:00|3.74|3.75|3.65|3.7|156
2020.07.29 12:00:00|3.72|3.74|3.66|3.7|100
2020.07.29 13:00:00|3.71|3.74|3.67|3.7|113
2020.07.29 14:00:00|3.68|3.75|3.68|3.75|136
2020.07.29 15:00:00|3.78|3.81|3.72|3.77|211
2020.07.29 16:00:00|3.78|3.79|3.72|3.74|104
2020.07.29 17:00:00|3.73|3.79|3.72|3.72|134
2020.07.29 18:00:00|3.75|3.76|3.69|3.71|35
2020.07.30 10:00:00|3.69|3.7|3.59|3.6|126
2020.07.30 11:00:00|3.59|3.65|3.54|3.56|64
2020.07.30 12:00:00|3.54|3.59|3.53|3.55|52
2020.07.30 13:00:00|3.53|3.56|3.51|3.52|79
2020.07.30 14:00:00|3.5|3.58|3.5|3.55|71
2020.07.30 15:00:00|3.53|3.56|3.5|3.55|68
2020.07.30 16:00:00|3.57|3.58|3.51|3.52|46
2020.07.30 17:00:00|3.5|3.54|3.5|3.52|43
2020.07.30 18:00:00|3.52|3.53|3.51|3.52|22
2020.07.31 10:00:00|3.49|3.52|3.34|3.44|214
2020.07.31 11:00:00|3.43|3.52|3.43|3.45|87
2020.07.31 12:00:00|3.44|3.52|3.44|3.46|94
2020.07.31 13:00:00|3.45|3.55|3.42|3.49|94
2020.07.31 14:00:00|3.51|3.51|3.43|3.49|65
2020.07.31 15:00:00|3.47|3.51|3.46|3.49|24
2020.07.31 16:00:00|3.49|3.52|3.44|3.46|92
2020.07.31 17:00:00|3.46|3.53|3.44|3.47|84
2020.07.31 18:00:00|3.47|3.47|3.44|3.45|31
2020.08.03 10:00:00|3.48|3.49|3.21|3.27|177
2020.08.03 11:00:00|3.27|3.33|3.26|3.28|79
2020.08.03 12:00:00|3.28|3.31|3.26|3.28|36
2020.08.03 13:00:00|3.28|3.28|3.23|3.25|48
2020.08.03 14:00:00|3.25|3.27|3.24|3.27|27
2020.08.03 15:00:00|3.31|3.33|3.26|3.28|31
2020.08.03 16:00:00|3.27|3.32|3.25|3.27|50
2020.08.03 17:00:00|3.27|3.31|3.24|3.26|56
2020.08.03 18:00:00|3.26|3.34|3.26|3.3|49
2020.08.04 10:00:00|3.38|3.5|3.35|3.4|131
2020.08.04 11:00:00|3.44|3.53|3.4|3.52|115
2020.08.04 12:00:00|3.51|3.56|3.46|3.5|103
2020.08.04 13:00:00|3.5|3.55|3.45|3.51|145
2020.08.04 14:00:00|3.5|3.52|3.46|3.5|138
2020.08.04 15:00:00|3.51|3.51|3.41|3.41|70
2020.08.04 16:00:00|3.45|3.46|3.39|3.43|48
2020.08.04 17:00:00|3.41|3.49|3.4|3.46|47
2020.08.04 18:00:00|3.46|3.47|3.44|3.45|17
2020.08.05 10:00:00|3.55|3.71|3.53|3.63|155
2020.08.05 11:00:00|3.61|3.68|3.6|3.63|89
2020.08.05 12:00:00|3.63|3.67|3.6|3.67|51
2020.08.05 13:00:00|3.68|3.72|3.66|3.68|48
2020.08.05 14:00:00|3.68|3.75|3.67|3.73|68
2020.08.05 15:00:00|3.71|3.73|3.69|3.72|32
2020.08.05 16:00:00|3.7|3.72|3.67|3.69|45
2020.08.05 17:00:00|3.69|3.72|3.67|3.72|53
2020.08.05 18:00:00|3.72|3.79|3.71|3.77|35
2020.08.06 10:00:00|3.78|3.86|3.73|3.81|191
2020.08.06 11:00:00|3.79|3.87|3.77|3.8|105
2020.08.06 12:00:00|3.83|3.85|3.73|3.76|79
2020.08.06 13:00:00|3.74|3.8|3.68|3.69|93
2020.08.06 14:00:00|3.67|3.79|3.65|3.75|73
2020.08.06 15:00:00|3.75|3.85|3.73|3.84|113
2020.08.06 16:00:00|3.85|3.85|3.74|3.76|111
2020.08.06 17:00:00|3.76|3.87|3.76|3.84|122
2020.08.06 18:00:00|3.82|3.85|3.8|3.83|40
2020.08.07 10:00:00|3.75|3.78|3.65|3.74|131
2020.08.07 11:00:00|3.77|3.77|3.66|3.68|54
2020.08.07 12:00:00|3.72|3.74|3.65|3.69|56
2020.08.07 13:00:00|3.72|3.78|3.69|3.77|39
2020.08.07 14:00:00|3.78|3.78|3.7|3.72|62
2020.08.07 15:00:00|3.71|3.77|3.69|3.72|37
2020.08.07 16:00:00|3.72|3.76|3.71|3.76|33
2020.08.07 17:00:00|3.76|3.83|3.74|3.78|47
2020.08.07 18:00:00|3.78|3.79|3.78|3.78|10
2020.08.10 10:00:00|3.81|3.91|3.79|3.84|104
2020.08.10 11:00:00|3.85|3.9|3.82|3.85|122
2020.08.10 12:00:00|3.85|3.97|3.85|3.93|39
2020.08.10 13:00:00|3.92|3.99|3.91|3.97|136
2020.08.10 14:00:00|3.96|3.97|3.87|3.89|60
2020.08.10 15:00:00|3.92|3.95|3.86|3.91|48
2020.08.10 16:00:00|3.94|4.03|3.89|4|83
2020.08.10 17:00:00|4.04|4.07|4|4.06|99
2020.08.10 18:00:00|4.04|4.04|3.99|4|48
2020.08.11 10:00:00|4.09|4.18|4.08|4.11|117
2020.08.11 11:00:00|4.1|4.15|4.06|4.11|72
2020.08.11 12:00:00|4.09|4.16|4.07|4.12|107
2020.08.11 13:00:00|4.1|4.11|4.06|4.09|43
2020.08.11 14:00:00|4.09|4.15|4.09|4.11|48
2020.08.11 15:00:00|4.14|4.14|4.08|4.11|46
2020.08.11 16:00:00|4.1|4.15|4.06|4.07|46
2020.08.11 17:00:00|4.1|4.12|4.03|4.08|84
2020.08.11 18:00:00|4.03|4.06|3.99|4.04|40
2020.08.12 10:00:00|4.01|4.17|4.01|4.13|197
2020.08.12 11:00:00|4.14|4.14|4.05|4.07|128
2020.08.12 12:00:00|4.13|4.14|4.06|4.06|88
2020.08.12 13:00:00|4.06|4.14|4.06|4.1|53
2020.08.12 14:00:00|4.1|4.14|4.08|4.14|54
2020.08.12 15:00:00|4.1|4.17|4.1|4.14|38
2020.08.12 16:00:00|4.14|4.19|4.09|4.09|61
2020.08.12 17:00:00|4.07|4.14|4.06|4.07|65
2020.08.12 18:00:00|4.07|4.07|4.01|4.03|39
2020.08.13 10:00:00|4.06|4.19|4.02|4.14|261
2020.08.13 11:00:00|4.13|4.13|4.05|4.06|83
2020.08.13 12:00:00|4.07|4.14|4.07|4.12|71
2020.08.13 13:00:00|4.11|4.11|4.05|4.06|33
2020.08.13 14:00:00|4.05|4.09|4.05|4.08|39
2020.08.13 15:00:00|4.07|4.12|4.07|4.09|32
2020.08.13 16:00:00|4.08|4.11|4.05|4.08|52
2020.08.13 17:00:00|4.11|4.11|4.01|4.02|85
2020.08.13 18:00:00|4.02|4.06|3.99|4.01|33
2020.08.14 10:00:00|3.85|3.93|3.72|3.79|261
2020.08.14 11:00:00|3.78|3.81|3.73|3.78|134
2020.08.14 12:00:00|3.76|3.85|3.76|3.8|69
2020.08.14 13:00:00|3.78|3.86|3.76|3.86|39
2020.08.14 14:00:00|3.85|3.86|3.76|3.77|41
2020.08.14 15:00:00|3.77|3.84|3.76|3.79|36
2020.08.14 16:00:00|3.77|3.78|3.74|3.77|30
2020.08.14 17:00:00|3.76|3.83|3.76|3.78|62
2020.08.14 18:00:00|3.76|3.78|3.75|3.76|17
2020.08.17 10:00:00|3.73|3.77|3.59|3.69|242
2020.08.17 11:00:00|3.73|3.73|3.65|3.72|245
2020.08.17 12:00:00|3.71|3.73|3.66|3.68|127
2020.08.17 13:00:00|3.66|3.76|3.66|3.74|169
2020.08.17 14:00:00|3.74|3.75|3.68|3.72|289
2020.08.17 15:00:00|3.71|3.73|3.66|3.71|74
2020.08.17 16:00:00|3.72|3.75|3.64|3.66|67
2020.08.17 17:00:00|3.64|3.71|3.64|3.66|51
2020.08.17 18:00:00|3.64|3.66|3.61|3.63|34
2020.08.18 10:00:00|3.57|3.65|3.5|3.65|167
2020.08.18 11:00:00|3.64|3.71|3.6|3.65|151
2020.08.18 12:00:00|3.69|3.71|3.63|3.7|75
2020.08.18 13:00:00|3.71|3.71|3.64|3.67|49
2020.08.18 14:00:00|3.7|3.71|3.63|3.67|50
2020.08.18 15:00:00|3.68|3.69|3.63|3.65|27
2020.08.18 16:00:00|3.65|3.69|3.61|3.62|69
2020.08.18 17:00:00|3.65|3.65|3.58|3.61|30
2020.08.18 18:00:00|3.63|3.64|3.56|3.58|65
2020.08.19 10:00:00|3.63|3.68|3.55|3.63|102
2020.08.19 11:00:00|3.61|3.62|3.56|3.57|50
2020.08.19 12:00:00|3.57|3.6|3.56|3.57|31
2020.08.19 13:00:00|3.55|3.61|3.54|3.56|37
2020.08.19 14:00:00|3.56|3.6|3.55|3.6|25
2020.08.19 15:00:00|3.56|3.58|3.55|3.56|24
2020.08.19 16:00:00|3.56|3.67|3.55|3.63|42
2020.08.19 17:00:00|3.63|3.68|3.62|3.67|64
2020.08.19 18:00:00|3.65|3.69|3.65|3.68|35
2020.08.20 10:00:00|3.64|3.67|3.57|3.63|97
2020.08.20 11:00:00|3.6|3.68|3.59|3.61|37
2020.08.20 12:00:00|3.59|3.65|3.57|3.59|48
2020.08.20 13:00:00|3.57|3.62|3.57|3.61|34
2020.08.20 14:00:00|3.6|3.64|3.58|3.59|28
2020.08.20 15:00:00|3.58|3.59|3.56|3.58|16
2020.08.20 16:00:00|3.57|3.59|3.56|3.58|15
2020.08.20 17:00:00|3.57|3.6|3.54|3.59|29
2020.08.20 18:00:00|3.58|3.6|3.57|3.59|14
2020.08.21 10:00:00|3.69|3.7|3.57|3.58|120
2020.08.21 11:00:00|3.62|3.64|3.56|3.61|56
2020.08.21 12:00:00|3.6|3.69|3.6|3.66|63
2020.08.21 13:00:00|3.71|3.71|3.63|3.66|52
2020.08.21 14:00:00|3.66|3.72|3.64|3.64|39
2020.08.21 15:00:00|3.64|3.7|3.62|3.64|40
2020.08.21 16:00:00|3.62|3.73|3.62|3.69|59
2020.08.21 17:00:00|3.67|3.73|3.64|3.69|65
