2020.08.21 18:00:00|68.65000000000001|68.83|68.41|68.55|1413
2020.08.24 10:00:00|69.76000000000001|70.29000000000001|69.34|70.01000000000001|4029
2020.08.24 11:00:00|70.02|70.09999999999999|69.33|69.65000000000001|2551
2020.08.24 12:00:00|69.65000000000001|69.76000000000001|69.33|69.38|1830
2020.08.24 13:00:00|69.39|69.68000000000001|69.31|69.40000000000001|1163
2020.08.24 14:00:00|69.42|69.92|69.38|69.91|1158
2020.08.24 15:00:00|69.90000000000001|69.93000000000001|69.61|69.73999999999999|1369
2020.08.24 16:00:00|69.75|69.84999999999999|69.33|69.45|2369
2020.08.24 17:00:00|69.45999999999999|71.14|69.31999999999999|71.13|3325
2020.08.24 18:00:00|71.09999999999999|71.86|71.06999999999999|71.81|1240
2020.08.25 10:00:00|73|73.90000000000001|72.95999999999999|73.31|4637
2020.08.25 11:00:00|73.28|73.36|72.84|73.06|2489
2020.08.25 12:00:00|73.06|73.06|72.38|72.64|1896
2020.08.25 13:00:00|72.65000000000001|73.01000000000001|72.41|72.81|1600
2020.08.25 14:00:00|72.81|73.09|72.8|72.91|1124
2020.08.25 15:00:00|72.92|73.3|72.91|73.26000000000001|1831
2020.08.25 16:00:00|73.27|73.33|72.78|73.19|2201
2020.08.25 17:00:00|73.16|73.20999999999999|72.02|72.03|3613
2020.08.25 18:00:00|72.02|72.11|71.65000000000001|71.77|1459
2020.08.26 10:00:00|70.77|71.44|70.19|71.17|3549
2020.08.26 11:00:00|71.18000000000001|71.66|70.89|71.29000000000001|2635
2020.08.26 12:00:00|71.3|71.36|70.77|70.92|1864
2020.08.26 13:00:00|70.93000000000001|71.23999999999999|70.87|71.19|1366
2020.08.26 14:00:00|71.19|71.19|70.62|70.69|977
2020.08.26 15:00:00|70.68000000000001|70.8|70.5|70.54000000000001|1264
2020.08.26 16:00:00|70.55|70.8|69.90000000000001|70.29000000000001|2209
2020.08.26 17:00:00|70.31|70.44|70|70.20999999999999|2173
2020.08.26 18:00:00|70.22|70.39|70.13|70.28|882
2020.08.27 10:00:00|70.20999999999999|70.25|69|69.41|3232
2020.08.27 11:00:00|69.41|69.47|69.08|69.28|2345
2020.08.27 12:00:00|69.25|69.31|68.87|69.01000000000001|1644
2020.08.27 13:00:00|69.01000000000001|69.37|68.98999999999999|69.27|1190
2020.08.27 14:00:00|69.28|69.86|69.17|69.77|1635
2020.08.27 15:00:00|69.78|69.98999999999999|69.53|69.53|1733
2020.08.27 16:00:00|69.54000000000001|71.37|69.27|71.27|3748
2020.08.27 17:00:00|71.28|72.33|71.12|71.98|4468
2020.08.27 18:00:00|71.98|72.22|71.81999999999999|71.91|1715
2020.08.28 10:00:00|72.28|72.41|70.77|71.73|3921
2020.08.28 11:00:00|71.73999999999999|72.59|71.65000000000001|72.18000000000001|3131
2020.08.28 12:00:00|72.20999999999999|72.41|71.87|72.33|2373
2020.08.28 13:00:00|72.33|72.37|71.52|71.87|1932
2020.08.28 14:00:00|71.88|72.20999999999999|71.84999999999999|72.14|1701
2020.08.28 15:00:00|72.13|72.2|71.92|72.17|1641
2020.08.28 16:00:00|72.18000000000001|72.31|71.53|71.73999999999999|2407
2020.08.28 17:00:00|71.73999999999999|72|71.36|71.54000000000001|3370
2020.08.28 18:00:00|71.55|71.73999999999999|71.42|71.48|1422
2020.08.31 10:00:00|71.54000000000001|72.23999999999999|71.37|71.84999999999999|2741
2020.08.31 11:00:00|71.84|72.26000000000001|71.58|71.83|2055
2020.08.31 12:00:00|71.86|72.14|71.78|72.01000000000001|1412
2020.08.31 13:00:00|72.01000000000001|72.02|71.59999999999999|71.62|1309
2020.08.31 14:00:00|71.62|72.02|71.5|71.78|1136
2020.08.31 15:00:00|71.78|71.78|70.69|70.75|1885
2020.08.31 16:00:00|70.75|70.76000000000001|69.66|69.94|3179
2020.08.31 17:00:00|69.94|70.23999999999999|69.53|69.67|3442
2020.08.31 18:00:00|69.68000000000001|69.68000000000001|68.56|68.59999999999999|1927
2020.09.01 10:00:00|68.70999999999999|69.11|67.44|68.17|3800
2020.09.01 11:00:00|68.18000000000001|68.34|67.73|67.87|5065
2020.09.01 12:00:00|67.84|68.34|67.59999999999999|67.98999999999999|3343
2020.09.01 13:00:00|67.98999999999999|68.59999999999999|67.93000000000001|68.37|2054
2020.09.01 14:00:00|68.38|68.43000000000001|67.87|67.95|1695
2020.09.01 15:00:00|67.95999999999999|68.08|67.36|67.38|1899
2020.09.01 16:00:00|67.38|67.62|66.66|67.59999999999999|5026
2020.09.01 17:00:00|67.61|69.38|67.56|68.75|4528
2020.09.01 18:00:00|68.77|69.34999999999999|68.7|69.09|2086
2020.09.02 10:00:00|70.01000000000001|71.20999999999999|69.28|70.79000000000001|3424
2020.09.02 11:00:00|70.77|72.01000000000001|70.59|71.73999999999999|3539
2020.09.02 12:00:00|71.75|71.90000000000001|71.39|71.78|2695
2020.09.02 13:00:00|71.79000000000001|72.20999999999999|71.65000000000001|71.73999999999999|2158
2020.09.02 14:00:00|71.73|72.31999999999999|71.73|72.05|1606
2020.09.02 15:00:00|72.06|72.33|71.41|71.58|2053
2020.09.02 16:00:00|71.58|71.70999999999999|71.12|71.34999999999999|2997
2020.09.02 17:00:00|71.38|72.15000000000001|71.03|71.87|5227
2020.09.02 18:00:00|71.86|72.05|71.59|71.68000000000001|2697
2020.09.03 10:00:00|72.78|74.59|72.78|74.34999999999999|3396
2020.09.03 11:00:00|74.34999999999999|75.13|74.31|74.90000000000001|3569
2020.09.03 12:00:00|74.87|75.14|74.31|74.34|2663
2020.09.03 13:00:00|74.33|74.69|74.27|74.31999999999999|1888
2020.09.03 14:00:00|74.33|74.59999999999999|74.25|74.31|1936
2020.09.03 15:00:00|74.31999999999999|74.88|74.31|74.84|1850
2020.09.03 16:00:00|74.83|74.91|74.34999999999999|74.7|3018
2020.09.03 17:00:00|74.72|74.83|72.19|72.37|4936
2020.09.03 18:00:00|72.38|72.43000000000001|70.90000000000001|71.43000000000001|3943
2020.09.04 10:00:00|70.64|72.45|70.26000000000001|72.23999999999999|4561
2020.09.04 11:00:00|72.23|72.26000000000001|71.51000000000001|71.73999999999999|3504
2020.09.04 12:00:00|71.75|72.26000000000001|71.67|72.19|2581
2020.09.04 13:00:00|72.19|72.53|71.95|71.95999999999999|2153
2020.09.04 14:00:00|71.97|72.01000000000001|70.87|70.97|3012
2020.09.04 15:00:00|70.97|71.40000000000001|70.97|71.14|4085
2020.09.04 16:00:00|71.16|71.54000000000001|70.47|70.67|4932
2020.09.04 17:00:00|70.66|71|69.03|69.72|6808
2020.09.04 18:00:00|69.70999999999999|69.84999999999999|69.33|69.56999999999999|3962
2020.09.07 10:00:00|70.48|71.59999999999999|70.45|71.16|5364
2020.09.07 11:00:00|71.17|71.84|71.03|71.31999999999999|3624
2020.09.07 12:00:00|71.31999999999999|71.70999999999999|71.20999999999999|71.69|2385
2020.09.07 13:00:00|71.7|72.64|71.59999999999999|72.09|1837
2020.09.07 14:00:00|72.09999999999999|72.92|71.95|72.66|1961
2020.09.07 15:00:00|72.66|72.8|72.52|72.77|1512
2020.09.07 16:00:00|72.76000000000001|72.88|72.40000000000001|72.79000000000001|2042
2020.09.07 17:00:00|72.78|73.42|72.7|73.36|2212
2020.09.07 18:00:00|73.38|73.55|73.15000000000001|73.33|1194
2020.09.08 10:00:00|73.75|73.79000000000001|72.29000000000001|72.58|4881
2020.09.08 11:00:00|72.58|72.63|71.26000000000001|71.48999999999999|4495
2020.09.08 12:00:00|71.47|71.70999999999999|70.65000000000001|70.79000000000001|3056
2020.09.08 13:00:00|70.8|71.09|70.65000000000001|70.79000000000001|2511
2020.09.08 14:00:00|70.79000000000001|71.05|70.39|70.66|2420
2020.09.08 15:00:00|70.67|70.73|69.84999999999999|70.09|2922
2020.09.08 16:00:00|70.06999999999999|70.77|69.95|70.72|4404
2020.09.08 17:00:00|70.73999999999999|70.73999999999999|70.02|70.06999999999999|5347
2020.09.08 18:00:00|70.06999999999999|71.23|69.93000000000001|71.01000000000001|2450
2020.09.09 10:00:00|69.42|69.84999999999999|68.51000000000001|68.76000000000001|4842
2020.09.09 11:00:00|68.76000000000001|69.54000000000001|68.67|68.79000000000001|3700
2020.09.09 12:00:00|68.78|68.92|68.31999999999999|68.67|3284
2020.09.09 13:00:00|68.67|68.75|68.12|68.14|2450
2020.09.09 14:00:00|68.14|68.37|67.87|68.34|2280
2020.09.09 15:00:00|68.33|69|68.28|68.92|2048
2020.09.09 16:00:00|68.90000000000001|69.91|68.88|69.90000000000001|3170
2020.09.09 17:00:00|69.90000000000001|70.05|69.06999999999999|69.33|3776
2020.09.09 18:00:00|69.34|69.81999999999999|69.14|69.23999999999999|1905
2020.09.10 10:00:00|69.23999999999999|69.65000000000001|68.55|69.40000000000001|4366
2020.09.10 11:00:00|69.41|69.44|68.61|68.8|2815
2020.09.10 12:00:00|68.81|70.04000000000001|68.77|69.98|1853
2020.09.10 13:00:00|69.97|70.05|69.29000000000001|69.42|2298
2020.09.10 14:00:00|69.44|69.84|69.42|69.54000000000001|2434
2020.09.10 15:00:00|69.55|69.81999999999999|69.16|69.34|2793
2020.09.10 16:00:00|69.36|70.45999999999999|69.12|70.11|3662
2020.09.10 17:00:00|70.13|70.23999999999999|68.70999999999999|68.83|4748
2020.09.10 18:00:00|68.81999999999999|69.37|68.76000000000001|69.2|2470
2020.09.11 10:00:00|68.62|69.15000000000001|68.31|68.83|4812
2020.09.11 11:00:00|68.83|68.95999999999999|67.89|68.01000000000001|3437
2020.09.11 12:00:00|68.03|68.2|67.87|67.87|2602
2020.09.11 13:00:00|67.87|68.33|67.61|68.26000000000001|2433
2020.09.11 14:00:00|68.26000000000001|68.72|68.16|68.43000000000001|2813
2020.09.11 15:00:00|68.43000000000001|68.53|67.73999999999999|68.12|2801
2020.09.11 16:00:00|68.13|68.27|67.86|67.98999999999999|3914
2020.09.11 17:00:00|67.98|68.61|67.95|68.31999999999999|5906
2020.09.11 18:00:00|68.33|69|68.31999999999999|68.73999999999999|1773
2020.09.14 10:00:00|70.04000000000001|70.59999999999999|69.37|70.16|3574
2020.09.14 11:00:00|70.17|70.61|69.86|70.02|3373
2020.09.14 12:00:00|70.03|70.25|69.75|69.87|2772
2020.09.14 13:00:00|69.87|69.95999999999999|69.55|69.90000000000001|1652
2020.09.14 14:00:00|69.88|70.62|69.84999999999999|70.42|1590
2020.09.14 15:00:00|70.41|71.36|70.37|71.3|1939
2020.09.14 16:00:00|71.29000000000001|71.33|70.67|70.88|2635
2020.09.14 17:00:00|70.89|71.36|70.77|70.92|2689
2020.09.14 18:00:00|70.93000000000001|71.14|70.91|70.95|1443
2020.09.15 10:00:00|71.12|71.5|69.94|70.11|2984
2020.09.15 11:00:00|70.09999999999999|70.77|69.8|70.3|2436
2020.09.15 12:00:00|70.29000000000001|70.73|70.2|70.25|2519
2020.09.15 13:00:00|70.27|70.27|69.63|69.90000000000001|1463
2020.09.15 14:00:00|69.89|70.02|69.73999999999999|69.73999999999999|1262
2020.09.15 15:00:00|69.76000000000001|70.2|69.62|70.2|1217
2020.09.15 16:00:00|70.2|70.23999999999999|69.23999999999999|69.41|2108
2020.09.15 17:00:00|69.43000000000001|69.73|69.15000000000001|69.56|2840
2020.09.15 18:00:00|69.56999999999999|69.59|69.27|69.34|1044
2020.09.16 10:00:00|69.27|69.27|68.61|68.93000000000001|2951
2020.09.16 11:00:00|68.93000000000001|69.7|68.86|69.37|2076
2020.09.16 12:00:00|69.38|69.98999999999999|69.3|69.56999999999999|2375
2020.09.16 13:00:00|69.58|69.58|69.17|69.29000000000001|1472
2020.09.16 14:00:00|69.29000000000001|69.37|69.03|69.09999999999999|1469
2020.09.16 15:00:00|69.11|69.18000000000001|68.76000000000001|68.91|1414
2020.09.16 16:00:00|68.92|68.98|68.59999999999999|68.95|2564
2020.09.16 17:00:00|68.95999999999999|69.61|68.94|69.39|2273
2020.09.16 18:00:00|69.40000000000001|70.61|69.40000000000001|70.43000000000001|1476
2020.09.17 10:00:00|69.23|70.48999999999999|69.23|70.03|2833
2020.09.17 11:00:00|70.06|71.05|70.06|70.73999999999999|2080
2020.09.17 12:00:00|70.73|71.23999999999999|70.69|70.97|2044
2020.09.17 13:00:00|70.98999999999999|71.31999999999999|70.8|70.94|1521
2020.09.17 14:00:00|70.94|71.11|70.84999999999999|70.87|1508
2020.09.17 15:00:00|70.86|70.89|70.2|70.25|1134
2020.09.17 16:00:00|70.25|70.64|70.2|70.48999999999999|1973
2020.09.17 17:00:00|70.5|70.98999999999999|70.42|70.83|2974
2020.09.17 18:00:00|70.83|71.36|70.83|71.2|1240
2020.09.18 10:00:00|70.48999999999999|70.66|69.69|70.20999999999999|3076
2020.09.18 11:00:00|70.22|70.27|69.59999999999999|69.63|1876
2020.09.18 12:00:00|69.62|70.23|69.44|69.81|5426
2020.09.18 13:00:00|69.81999999999999|69.81999999999999|69.22|69.65000000000001|1647
2020.09.18 14:00:00|69.66|69.98999999999999|69.54000000000001|69.8|1590
2020.09.18 15:00:00|69.8|69.91|69.40000000000001|69.48|1374
2020.09.18 16:00:00|69.48999999999999|69.59|68.67|68.94|2677
2020.09.18 17:00:00|68.94|69.27|68.53|68.59|3165
2020.09.18 18:00:00|68.59999999999999|69.02|68.59|68.84999999999999|1372
2020.09.21 10:00:00|67.76000000000001|67.76000000000001|65.45999999999999|65.86|5256
2020.09.21 11:00:00|65.87|66.62|65.64|65.72|4249
2020.09.21 12:00:00|65.73|66.2|65.44|65.48999999999999|4154
2020.09.21 13:00:00|65.47|65.81|64.95999999999999|65.37|3635
2020.09.21 14:00:00|65.39|66.59999999999999|65.25|66.58|2563
2020.09.21 15:00:00|66.58|66.61|66.02|66.33|2919
2020.09.21 16:00:00|66.33|66.48|65.61|65.65000000000001|5575
2020.09.21 17:00:00|65.64|65.73|64.01000000000001|64.20999999999999|6913
2020.09.21 18:00:00|64.2|64.45999999999999|63.86|63.94|2641
2020.09.22 10:00:00|64.29000000000001|64.44|62.23|62.8|5196
2020.09.22 11:00:00|62.81|62.95|61.63|61.66|4137
2020.09.22 12:00:00|61.66|61.94|61.43|61.61|3543
2020.09.22 13:00:00|61.6|62.55|61.43|62.36|2154
2020.09.22 14:00:00|62.36|63.13|62.21|62.66|2035
2020.09.22 15:00:00|62.67|63.02|62.64|62.65|2102
2020.09.22 16:00:00|62.65|63.33|62.46|63.03|2872
2020.09.22 17:00:00|63.04|63.77|62.76|62.77|3634
2020.09.22 18:00:00|62.76|63.09|62.6|62.94|2165
2020.09.23 10:00:00|62.95|64.39|61.76|64.18000000000001|4670
2020.09.23 11:00:00|64.18000000000001|65.12|64.12|64.52|3066
2020.09.23 12:00:00|64.52|64.78|64.12|64.29000000000001|2476
2020.09.23 13:00:00|64.31|64.61|63.97|64.40000000000001|2134
2020.09.23 14:00:00|64.41|64.48|63.81|63.9|1674
2020.09.23 15:00:00|63.9|63.93|63.43|63.54|2214
2020.09.23 16:00:00|63.5|63.58|62.86|63.07|4205
2020.09.23 17:00:00|63.07|63.2|62.18|62.41|5345
2020.09.23 18:00:00|62.39|62.48|61.74|61.76|2607
2020.09.24 10:00:00|59.94|60.89|58.03|60.79|4382
2020.09.24 11:00:00|60.8|60.85|59.44|59.58|3722
2020.09.24 12:00:00|59.57|60.4|59.44|60.32|2748
2020.09.24 13:00:00|60.33|60.66|60.05|60.34|2898
2020.09.24 14:00:00|60.35|60.86|60.24|60.55|1851
2020.09.24 15:00:00|60.56|60.66|59.92|60.24|2602
2020.09.24 16:00:00|60.23|60.29|59.4|59.7|4606
2020.09.24 17:00:00|59.7|60.18|59.06|59.13|5980
2020.09.24 18:00:00|59.13|59.48|59.02|59.43|2971
2020.09.25 10:00:00|59.56|59.66|58.57|58.82|4663
2020.09.25 11:00:00|58.83|58.95|58.3|58.42|3663
2020.09.25 12:00:00|58.41|58.71|57.88|58.46|4326
2020.09.25 13:00:00|58.46|58.54|57.72|57.83|3527
2020.09.25 14:00:00|57.83|58.83|57.72|58.73|3293
2020.09.25 15:00:00|58.75|59.12|58.5|58.87|2811
2020.09.25 16:00:00|58.88|59.57|58.86|59.47|4761
2020.09.25 17:00:00|59.46|60.01|59.16|59.74|6088
