2020.08.21 22:30:00|265.96|266.18|265.42|265.5|3220
2020.08.24 16:30:00|273.32|276.38|271.46|274.53|11039
2020.08.24 17:30:00|274.54|274.89|272|272.35|6478
2020.08.24 18:30:00|272.36|273.85|272.05|272.98|3899
2020.08.24 19:30:00|272.99|273.85|272.68|273.77|3313
2020.08.24 20:30:00|273.75|275.84|273.59|275.37|4351
2020.08.24 21:30:00|275.35|276.14|274.49|276.12|4995
2020.08.24 22:30:00|276.1|276.8|275.62|275.85|4632
2020.08.25 16:30:00|277.55|281.67|275.89|280.73|9362
2020.08.25 17:30:00|280.73|288.41|280.35|286.22|10766
2020.08.25 18:30:00|286.25|288.88|285.28|286.58|7200
2020.08.25 19:30:00|286.58|288.35|286.58|287.79|4820
2020.08.25 20:30:00|287.78|288.3|286.64|287.27|3858
2020.08.25 21:30:00|287.27|287.96|286.11|287.9|4303
2020.08.25 22:30:00|287.91|287.93|286.18|286.44|4965
2020.08.26 16:30:00|288.7|289.18|283.95|286.43|9886
2020.08.26 17:30:00|286.43|289.09|286.43|288.75|5422
2020.08.26 18:30:00|288.74|290.39|288.72|289.56|4712
2020.08.26 19:30:00|289.55|291.67|288.73|291.26|4711
2020.08.26 20:30:00|291.25|291.83|289.37|289.98|4695
2020.08.26 21:30:00|289.96|290.32|287.35|290.12|6630
2020.08.26 22:30:00|290.15|292.32|289.7|291.69|4259
2020.08.27 16:30:00|289.28|289.66|283.25|285.86|10968
2020.08.27 17:30:00|285.74|285.8|283.96|284.97|5885
2020.08.27 18:30:00|285.01|286.25|284.03|284.26|4371
2020.08.27 19:30:00|284.27|284.49|281.94|283.77|6370
2020.08.27 20:30:00|283.83|285.56|283.5|285.32|4138
2020.08.27 21:30:00|285.33|285.84|284.56|285.7|3922
2020.08.27 22:30:00|285.71|285.75|283.63|283.93|3853
2020.08.28 16:30:00|284.71|288.76|283.41|288.27|8579
2020.08.28 17:30:00|288.28|288.3|285.73|287.61|6051
2020.08.28 18:30:00|287.5|288.45|287.15|287.96|3615
2020.08.28 19:30:00|287.94|288.25|286.68|286.68|3838
2020.08.28 20:30:00|286.69|288.72|286.55|288.46|3806
2020.08.28 21:30:00|288.46|289.34|287.85|288.46|3862
2020.08.28 22:30:00|288.46|289.21|288.43|288.75|3537
2020.08.31 16:30:00|287.99|288.88|283.45|283.96|8955
2020.08.31 17:30:00|283.97|285.52|283.47|284.02|5277
2020.08.31 18:30:00|284.02|285.77|283.51|285.27|4114
2020.08.31 19:30:00|285.28|285.54|284.62|284.85|2905
2020.08.31 20:30:00|284.86|287.16|284.74|287.05|3176
2020.08.31 21:30:00|287.06|288.23|286.85|287.41|3492
2020.08.31 22:30:00|287.42|288.09|286.77|286.88|3419
2020.09.01 16:30:00|289.08|294.44|288.72|293.9|8048
2020.09.01 17:30:00|293.91|293.97|290.44|292.28|5619
2020.09.01 18:30:00|292.28|294.47|292.17|294.26|3567
2020.09.01 19:30:00|294.26|295.95|293.61|295.87|3454
2020.09.01 20:30:00|295.86|296.22|294.94|295.73|2825
2020.09.01 21:30:00|295.75|296.02|295.05|295.7|2581
2020.09.01 22:30:00|295.71|297.84|295.29|297.8|2508
2020.09.02 16:30:00|298.56|298.56|290.35|294.01|11865
2020.09.02 17:30:00|293.93|294.15|291.21|291.52|7356
2020.09.02 18:30:00|291.52|292.17|289.64|291.49|8352
2020.09.02 19:30:00|291.5|293.08|290.83|292.79|5142
2020.09.02 20:30:00|292.82|293.65|292.41|293.4|4473
2020.09.02 21:30:00|293.41|296.39|293.41|295.8|5519
2020.09.02 22:30:00|295.81|296.37|295.06|295.85|3463
2020.09.03 16:30:00|288.56|290.54|285.25|285.64|10117
2020.09.03 17:30:00|285.7|286.27|277.95|281.25|12053
2020.09.03 18:30:00|281.41|284.53|280.85|281.13|10119
2020.09.03 19:30:00|281.13|281.39|278.44|280.07|9470
2020.09.03 20:30:00|280.07|282.16|278.75|281.7|9113
2020.09.03 21:30:00|281.7|282.4|279.05|279.67|9729
2020.09.03 22:30:00|279.66|282.73|279.62|282.13|7330
2020.09.04 16:30:00|279.14|283.53|273.37|273.57|11945
2020.09.04 17:30:00|273.58|275.13|267.19|270.04|11210
2020.09.04 18:30:00|270.05|276.89|269.72|276.89|9337
2020.09.04 19:30:00|276.89|278.14|274.21|276.01|7518
2020.09.04 20:30:00|276.01|279.3|275.5|279.22|6887
2020.09.04 21:30:00|279.22|282.36|278.42|281.7|7704
2020.09.04 22:30:00|281.75|281.96|280.17|281.05|5613
2020.09.08 16:30:00|268.85|273.74|266.43|273.42|12217
2020.09.08 17:30:00|273.42|273.75|269.37|271.12|9551
2020.09.08 18:30:00|271.07|272.13|269.75|271.02|6642
2020.09.08 19:30:00|271.02|272.42|270.45|271.72|4781
2020.09.08 20:30:00|271.73|273.23|271.4|271.5|5367
2020.09.08 21:30:00|271.47|272.25|270.11|271.98|7979
2020.09.08 22:30:00|271.99|272.35|269.75|269.87|5477
2020.09.09 16:30:00|274.17|274.52|270.67|273.36|8989
2020.09.09 17:30:00|273.43|274.62|272.12|273.32|7278
2020.09.09 18:30:00|273.32|275.45|272.91|274.98|5104
2020.09.09 19:30:00|274.99|275.41|273.85|274.34|4334
2020.09.09 20:30:00|274.33|274.43|272.09|272.52|5004
2020.09.09 21:30:00|272.55|273.98|272.2|273.73|4603
2020.09.09 22:30:00|273.71|275|272.89|272.99|5004
2020.09.10 16:30:00|274.69|276.89|273.77|275.15|6894
2020.09.10 17:30:00|275.11|275.79|271.08|274|7027
2020.09.10 18:30:00|274|274.62|272.67|273.11|5887
2020.09.10 19:30:00|273.08|273.75|271.87|272.53|4846
2020.09.10 20:30:00|272.54|272.98|268.19|268.25|6237
2020.09.10 21:30:00|268.25|270.24|267.56|268.24|9558
2020.09.10 22:30:00|268.24|269.12|267.24|267.37|6660
2020.09.11 16:30:00|273.12|274.32|270.56|272.11|7890
2020.09.11 17:30:00|272.05|273.19|270.96|272.12|5981
2020.09.11 18:30:00|272.13|272.23|270.85|271.41|4758
2020.09.11 19:30:00|271.41|271.41|268.3|268.3|6003
2020.09.11 20:30:00|268.33|270.91|267.97|270.08|5403
2020.09.11 21:30:00|270.09|271.84|269.69|271.6|5515
2020.09.11 22:30:00|271.61|271.93|270.69|271.26|4760
2020.09.14 16:30:00|275.08|276.1|272.88|276.1|6763
2020.09.14 17:30:00|276.09|276.09|274.1|274.71|5207
2020.09.14 18:30:00|274.72|274.92|272.42|272.79|4435
2020.09.14 19:30:00|272.82|273.33|271.7|272.24|4487
2020.09.14 20:30:00|272.24|273.38|271.6|272.74|4610
2020.09.14 21:30:00|272.74|273.77|272.18|273.19|5897
2020.09.14 22:30:00|273.15|274.15|273.01|273.91|4826
2020.09.15 16:30:00|276.07|278.88|275.18|275.64|8655
2020.09.15 17:30:00|275.64|276.6|274.58|275.85|6244
2020.09.15 18:30:00|275.85|277.19|275.81|276.57|4543
2020.09.15 19:30:00|276.61|277.28|276.02|277.02|3920
2020.09.15 20:30:00|277.03|277.89|276.05|277.31|4406
2020.09.15 21:30:00|277.31|277.77|276.34|277.11|5885
2020.09.15 22:30:00|277.13|277.82|275.83|277.53|4848
2020.09.16 16:30:00|280.76|283.38|279.73|282.99|8266
2020.09.16 17:30:00|282.91|283.01|280.62|282.13|5488
2020.09.16 18:30:00|282.17|282.62|280.9|281.4|3888
2020.09.16 19:30:00|281.41|281.44|279.47|279.6|3387
2020.09.16 20:30:00|279.61|280.45|278.49|280.32|3808
2020.09.16 21:30:00|280.33|281.12|278.72|279.22|6058
2020.09.16 22:30:00|279.22|279.92|277.81|277.97|4801
2020.09.17 16:30:00|273.44|275.63|272.32|272.67|9032
2020.09.17 17:30:00|272.67|274.84|272.13|274.05|6961
2020.09.17 18:30:00|274.05|274.2|272.27|273.33|7034
2020.09.17 19:30:00|273.33|274.35|272.86|273.94|7193
2020.09.17 20:30:00|273.95|275.06|273.5|273.75|8204
2020.09.17 21:30:00|273.73|274.21|272.95|273.6|7379
2020.09.17 22:30:00|273.59|275.65|273.52|275.28|6388
2020.09.18 16:30:00|276.27|276.99|273.53|274.21|7439
2020.09.18 17:30:00|274.23|274.35|272.42|273.47|7201
2020.09.18 18:30:00|273.48|274.26|272.47|273.81|6268
2020.09.18 19:30:00|273.81|273.87|270.62|270.74|7799
2020.09.18 20:30:00|270.75|272.86|270.33|272.57|6198
2020.09.18 21:30:00|272.57|273.68|272.21|273.55|6086
2020.09.18 22:30:00|273.54|273.79|272.04|272.13|5104
2020.09.21 16:30:00|268.18|270.71|267.22|267.34|9582
2020.09.21 17:30:00|267.32|268.02|266.22|267.3|7963
2020.09.21 18:30:00|267.27|270.21|267.15|270.21|6810
2020.09.21 19:30:00|270.21|271.36|269.74|271.27|6124
2020.09.21 20:30:00|271.27|271.91|270.31|270.82|6230
2020.09.21 21:30:00|270.82|272.47|270.04|272.08|7465
2020.09.21 22:30:00|272.08|274.03|271.93|273.69|7139
2020.09.22 16:30:00|275.13|275.17|271.06|272.08|7753
2020.09.22 17:30:00|272.02|272.33|269.87|271.17|6301
2020.09.22 18:30:00|271.17|272.72|270.53|272.65|4582
2020.09.22 19:30:00|272.66|273.33|271.65|272.94|4151
2020.09.22 20:30:00|272.94|273.93|272.73|273.54|4303
2020.09.22 21:30:00|273.55|274.08|272.55|274.08|4567
2020.09.22 22:30:00|274.08|275.59|273.74|274.99|4650
2020.09.23 16:30:00|274.85|277.58|274.46|275.53|8224
2020.09.23 17:30:00|275.54|276.3|274.36|274.47|6343
2020.09.23 18:30:00|274.47|275.04|272.98|274.73|5752
2020.09.23 19:30:00|274.73|275.38|274.23|274.41|4818
2020.09.23 20:30:00|274.42|274.74|272.64|273.43|6486
2020.09.23 21:30:00|273.44|274.2|271.3|273.4|8882
2020.09.23 22:30:00|273.37|273.66|272.12|272.77|5913
2020.09.24 16:30:00|267.99|270.81|266.92|268.34|8752
2020.09.24 17:30:00|268.3|270.07|267.52|269.62|7866
2020.09.24 18:30:00|269.62|270.7|269.12|269.59|6546
2020.09.24 19:30:00|269.61|269.9|268.47|269.73|7526
2020.09.24 20:30:00|269.8|270.59|268.86|269.33|6823
2020.09.24 21:30:00|269.32|270.4|267.75|268.19|8477
2020.09.24 22:30:00|268.19|269.68|267.87|269.23|6825
2020.09.25 16:30:00|266.64|266.92|264.18|266.43|8803
2020.09.25 17:30:00|266.31|267.9|266.14|267.25|5815
2020.09.25 18:30:00|267.25|267.82|266.4|267.51|4903
2020.09.25 19:30:00|267.51|268.06|267.02|267.56|3846
2020.09.25 20:30:00|267.55|268.96|266.89|268.79|4248
2020.09.25 21:30:00|268.79|270.89|268.37|270.66|5178
2020.09.25 22:30:00|270.67|271.42|270.29|270.74|5217
2020.09.28 16:30:00|276.19|278.4|275.19|276.18|8624
2020.09.28 17:30:00|276.16|276.7|275.03|275.74|5839
2020.09.28 18:30:00|275.75|275.89|273.77|274.7|5187
2020.09.28 19:30:00|274.67|275.81|274.37|275.6|4399
2020.09.28 20:30:00|275.61|275.88|275.2|275.68|4066
2020.09.28 21:30:00|275.69|276.19|275.32|275.9|5384
2020.09.28 22:30:00|275.91|275.93|275.06|275.62|5171
2020.09.29 16:30:00|275.49|278.86|275.03|278.22|7035
2020.09.29 17:30:00|278.22|278.29|276.94|277.28|5659
2020.09.29 18:30:00|277.29|277.76|276.54|276.8|4877
2020.09.29 19:30:00|276.81|277.3|276.14|276.56|3845
2020.09.29 20:30:00|276.5|277.11|276.5|276.8|3937
2020.09.29 21:30:00|276.8|276.94|276.43|276.52|4633
2020.09.29 22:30:00|276.51|276.76|276.12|276.52|4483
2020.09.30 16:30:00|283.85|291.65|283.66|289.23|16327
2020.09.30 17:30:00|289.24|290.93|289.13|290.79|9032
2020.09.30 18:30:00|290.78|292.71|290.71|291.72|7282
2020.09.30 19:30:00|291.72|291.93|289.61|291.37|6222
2020.09.30 20:30:00|291.36|292.61|290.76|292.07|6953
2020.09.30 21:30:00|292.06|292.96|290.03|292.49|11372
2020.09.30 22:30:00|292.45|294.6|291.44|293.62|8031
2020.10.01 16:30:00|294.77|294.92|288.23|290.56|12534
2020.10.01 17:30:00|290.55|291.95|289.42|291.03|8088
2020.10.01 18:30:00|291.11|291.49|289.13|289.48|6251
2020.10.01 19:30:00|289.48|290.08|288.92|289.52|4428
2020.10.01 20:30:00|289.57|290.8|289.31|289.85|6953
2020.10.01 21:30:00|289.82|291.14|288.82|288.95|5731
2020.10.01 22:30:00|288.98|289.69|287.85|289.57|4602
2020.10.02 16:30:00|286.24|291.5|286.24|289.78|8256
2020.10.02 17:30:00|289.78|290.22|288.96|288.97|5828
2020.10.02 18:30:00|288.97|289.06|286.17|287.53|6817
2020.10.02 19:30:00|287.59|288.33|286.82|287.75|6071
2020.10.02 20:30:00|287.75|289.09|286.87|288.59|5173
2020.10.02 21:30:00|288.6|289.61|287.79|288.91|6839
2020.10.02 22:30:00|288.91|289.47|287.95|287.95|4173
2020.10.05 16:30:00|288.97|289.09|286.37|286.62|7401
2020.10.05 17:30:00|286.66|287.94|285.79|286.65|5953
2020.10.05 18:30:00|286.69|286.8|285.69|285.94|3997
2020.10.05 19:30:00|285.94|286.01|285.07|285.21|3851
2020.10.05 20:30:00|285.23|286.12|284.48|285.88|4682
2020.10.05 21:30:00|285.89|288.46|285.27|288.31|5487
2020.10.05 22:30:00|288.34|288.49|287.57|287.96|3977
2020.10.06 16:30:00|286.59|292.2|286.46|291.79|8421
2020.10.06 17:30:00|291.79|295.21|291.77|294.12|8199
2020.10.06 18:30:00|294.12|295.52|293.22|295.11|5851
2020.10.06 19:30:00|295.09|295.64|294.55|295.22|4079
2020.10.06 20:30:00|295.22|296.39|295.22|296.13|5420
2020.10.06 21:30:00|296.13|296.43|290.49|293.79|10104
2020.10.06 22:30:00|293.79|294.65|291.47|292|6071
2020.10.07 16:30:00|297.09|299.01|295.62|296.11|9658
2020.10.07 17:30:00|296.11|297.99|294.65|296.64|6104
2020.10.07 18:30:00|296.74|298.08|292.62|292.93|6082
2020.10.07 19:30:00|292.98|296.74|292.62|296.04|7023
2020.10.07 20:30:00|296.05|296.83|295.67|296.79|5236
2020.10.07 21:30:00|296.79|298.62|296.66|297.7|7209
2020.10.07 22:30:00|297.7|298.26|295.69|296.1|5456
2020.10.08 16:30:00|297.62|298.93|295.04|298.43|6884
2020.10.08 17:30:00|298.48|301.02|298.38|299.57|6918
2020.10.08 18:30:00|299.57|301.68|299.12|301.27|5856
2020.10.08 19:30:00|301.27|301.85|300.72|300.72|3886
2020.10.08 20:30:00|300.72|301.36|300.33|301.05|3072
2020.10.08 21:30:00|301.08|301.57|300.75|301.02|4512
2020.10.08 22:30:00|301.02|301.05|299.51|300.25|3983
2020.10.09 16:30:00|298.19|300.93|297.34|300.93|5886
2020.10.09 17:30:00|300.92|302.19|300.52|301.07|5198
2020.10.09 18:30:00|301.07|301.28|298.25|298.32|5474
2020.10.09 19:30:00|298.34|300.4|298.27|299.22|3527
2020.10.09 20:30:00|299.22|299.86|298.95|299.74|2654
2020.10.09 21:30:00|299.77|300.09|298.96|299.79|3587
2020.10.09 22:30:00|299.81|300.77|299.33|299.36|4119
2020.10.12 16:30:00|302.26|304.79|300.83|304.48|8678
2020.10.12 17:30:00|304.5|307.33|304|306.64|5692
2020.10.12 18:30:00|306.65|307.02|304.72|306.84|5419
2020.10.12 19:30:00|306.83|308.24|306.68|307.63|4734
2020.10.12 20:30:00|307.67|309.17|307.67|309.05|4145
2020.10.12 21:30:00|309.1|309.16|306.92|307.96|5494
2020.10.12 22:30:00|307.97|307.99|305.98|305.99|4635
2020.10.13 16:30:00|305.11|307.84|302.65|306.79|8355
2020.10.13 17:30:00|306.8|308.5|306.3|308|5956
2020.10.13 18:30:00|308|308.78|307.12|307.47|5081
2020.10.13 19:30:00|307.47|308.98|307.25|307.77|4902
2020.10.13 20:30:00|307.77|307.87|306.62|307.32|5150
2020.10.13 21:30:00|307.32|309.63|306.72|309.34|5735
2020.10.13 22:30:00|309.34|309.61|308.4|308.41|3807
2020.10.14 16:30:00|307.15|309.53|306.32|306.78|6822
2020.10.14 17:30:00|306.78|308.77|305.87|308.29|5605
2020.10.14 18:30:00|308.28|308.74|304.06|304.73|5994
2020.10.14 19:30:00|304.75|306.73|304.72|306.47|5398
2020.10.14 20:30:00|306.42|307.13|302.72|304.99|5900
2020.10.14 21:30:00|304.99|305.36|301.77|302.08|7285
2020.10.14 22:30:00|302.02|303.18|300.42|300.66|5054
2020.10.15 16:30:00|293.12|299.28|292.23|295.72|8661
2020.10.15 17:30:00|295.72|297.69|294.78|296.94|6205
2020.10.15 18:30:00|296.97|298.22|296.73|297.61|3897
2020.10.15 19:30:00|297.61|298.27|296.82|297.98|3684
2020.10.15 20:30:00|297.98|299.07|297.76|298.56|3362
2020.10.15 21:30:00|298.56|299.38|297.99|299.11|4491
2020.10.15 22:30:00|299.11|299.48|298.3|298.96|4207
2020.10.16 16:30:00|304.9|307.07|302.52|306.97|5875
2020.10.16 17:30:00|306.98|307.44|304.9|305.13|5072
2020.10.16 18:30:00|305.13|307.83|304.97|307.71|3805
2020.10.16 19:30:00|307.7|309.32|306.82|308.75|3104
2020.10.16 20:30:00|308.75|309.61|308.45|309.27|3274
2020.10.16 21:30:00|309.24|309.62|308.14|308.46|3994
2020.10.16 22:30:00|308.46|308.62|306.8|306.8|3912
2020.10.19 16:30:00|312.07|313.25|306.87|308.85|9755
2020.10.19 17:30:00|308.83|308.9|306.07|307.71|5804
2020.10.19 18:30:00|307.72|309.77|307.53|308.04|5084
2020.10.19 19:30:00|308.04|308.61|306.8|308.46|4343
2020.10.19 20:30:00|308.46|308.53|306.37|306.99|4197
2020.10.19 21:30:00|306.96|306.96|303|303.48|7567
2020.10.19 22:30:00|303.48|304.95|303.24|304.86|4988
2020.10.20 16:30:00|307.39|310.9|307.03|308.95|6804
2020.10.20 17:30:00|308.95|309.43|306.67|308.57|5331
2020.10.20 18:30:00|308.57|309.66|308.37|309.28|3190
2020.10.20 19:30:00|309.37|311.09|309.14|310.53|5153
2020.10.20 20:30:00|310.57|311.41|310.33|310.69|4136
2020.10.20 21:30:00|310.7|310.94|308.52|309.71|6077
2020.10.20 22:30:00|309.71|310.51|309.08|309.48|5358
2020.10.21 16:30:00|309.94|313.61|309.93|311.7|7621
2020.10.21 17:30:00|311.7|311.86|307.28|308.96|6425
2020.10.21 18:30:00|308.97|310.44|308.79|309.31|4945
2020.10.21 19:30:00|309.37|309.52|308.07|309.11|4901
2020.10.21 20:30:00|309.12|309.55|307.81|308.45|4389
2020.10.21 21:30:00|308.46|309.56|308.24|309.46|4270
2020.10.21 22:30:00|309.47|309.56|307.32|307.48|3932
2020.10.22 16:30:00|310.43|310.75|305.35|305.64|6788
2020.10.22 17:30:00|305.67|307.22|303.82|306.9|5986
2020.10.22 18:30:00|306.95|307.12|305.51|305.61|4490
2020.10.22 19:30:00|305.6|306.75|305.14|306.06|3296
2020.10.22 20:30:00|306.01|306.45|305.48|305.97|3203
2020.10.22 21:30:00|305.98|306.25|305.48|305.8|3421
2020.10.22 22:30:00|305.82|306.38|305.43|305.92|4120
2020.10.23 16:30:00|305.38|306.1|303.64|305.95|4402
2020.10.23 17:30:00|305.89|307.16|305.15|305.53|3215
2020.10.23 18:30:00|305.53|307.34|304.97|306.05|3544
2020.10.23 19:30:00|306.09|307.98|305.9|307.69|2614
2020.10.23 20:30:00|307.68|308.79|307.62|308.75|2279
2020.10.23 21:30:00|308.75|309.62|308.14|309.56|2555
2020.10.23 22:30:00|309.57|309.9|309.16|309.49|2297
2020.10.26 15:30:00|308.15|314.98|308.15|310.26|7305
2020.10.26 16:30:00|310.23|311.4|305.23|306.16|6295
2020.10.26 17:30:00|306.16|307.81|304.87|307.59|4954
2020.10.26 18:30:00|307.57|307.57|303.87|303.87|4310
2020.10.26 19:30:00|303.87|305.86|302.75|305.58|4895
2020.10.26 20:30:00|305.61|306.9|304.95|306.59|4623
2020.10.26 21:30:00|306.58|306.98|305.72|306.49|3765
2020.10.27 15:30:00|307.24|311.54|305.2|311.38|6306
2020.10.27 16:30:00|311.39|316.21|311.07|315.15|6580
2020.10.27 17:30:00|315.16|317.61|314.34|316.43|5534
2020.10.27 18:30:00|316.48|317.94|316.05|317.57|4266
2020.10.27 19:30:00|317.52|318.88|316.66|317.24|4595
2020.10.27 20:30:00|317.25|317.91|316.02|317.75|4349
2020.10.27 21:30:00|317.73|318.52|316.71|316.76|3454
2020.10.28 15:30:00|312.49|312.58|305.62|306.62|11289
2020.10.28 16:30:00|306.62|308.54|306.18|306.61|7252
2020.10.28 17:30:00|306.62|308.48|305.72|308|6529
2020.10.28 18:30:00|308.06|308.09|305.82|306.83|5358
2020.10.28 19:30:00|306.81|308.77|306.62|308.6|5493
2020.10.28 20:30:00|308.58|309.57|307.53|309.33|7050
2020.10.28 21:30:00|309.33|309.88|307.31|307.35|5506
2020.10.29 15:30:00|309.74|313.5|308.72|312.21|8309
2020.10.29 16:30:00|312.29|312.91|309.18|309.83|5420
2020.10.29 17:30:00|309.83|310.63|308.71|308.93|4178
2020.10.29 18:30:00|308.94|310.46|308.52|310.45|3692
2020.10.29 19:30:00|310.45|314.31|310.36|314.14|6981
2020.10.29 20:30:00|314.17|315.2|313.31|315.02|9343
2020.10.29 21:30:00|315.03|315.15|311.97|312.13|6119
2020.10.30 15:30:00|307.77|310.44|305.77|305.85|8397
2020.10.30 16:30:00|305.85|306.63|299.95|301.54|9106
2020.10.30 17:30:00|301.53|304.57|299.77|304.52|7147
2020.10.30 18:30:00|304.42|304.59|302.71|303.33|5138
2020.10.30 19:30:00|303.33|305.02|302.43|303.29|5256
2020.10.30 20:30:00|303.17|304.87|303.05|303.83|6413
2020.10.30 21:30:00|303.87|304.65|302.87|304.22|4605
2020.11.02 16:30:00|310.28|310.61|304.99|309.2|9229
2020.11.02 17:30:00|309.2|310.25|306.14|309.15|8920
2020.11.02 18:30:00|309.17|309.72|307.03|307.76|6215
2020.11.02 19:30:00|307.79|308.4|306.84|307.41|5162
2020.11.02 20:30:00|307.42|308.62|306.22|308.56|5361
2020.11.02 21:30:00|308.61|310.57|308.28|310.56|6392
2020.11.02 22:30:00|310.55|310.71|308.8|310.35|4857
2020.11.03 16:30:00|285.29|290.92|280.39|289.68|17684
2020.11.03 17:30:00|289.66|293.81|289.59|291.43|10826
2020.11.03 18:30:00|291.44|292.69|289.15|291.4|6530
2020.11.03 19:30:00|291.4|291.51|284.09|284.36|8202
2020.11.03 20:30:00|284.35|286.5|284.02|285.38|7805
2020.11.03 21:30:00|285.38|286.27|284.32|285.15|6939
2020.11.03 22:30:00|285.18|286.26|284.02|284.96|7245
2020.11.04 16:30:00|287.7|291.39|284.91|290.19|14796
2020.11.04 17:30:00|290.2|294.9|289.34|294.67|9791
2020.11.04 18:30:00|294.68|298.34|294.66|298.12|8026
2020.11.04 19:30:00|298.22|298.77|295.27|296.19|6737
2020.11.04 20:30:00|296.19|296.79|293.12|293.22|6095
2020.11.04 21:30:00|293.25|296.15|292.71|294.97|7771
2020.11.04 22:30:00|294.97|297.05|294.27|295.15|5966
2020.11.05 16:30:00|288.62|288.62|279.62|280.82|13998
2020.11.05 17:30:00|280.77|285.94|279.22|285.93|9983
2020.11.05 18:30:00|285.93|287.21|283.26|287.21|6859
2020.11.05 19:30:00|287.17|290.27|286.67|289.07|6635
2020.11.05 20:30:00|289.07|289.96|287.66|288.69|3955
2020.11.05 21:30:00|288.69|289.82|287.93|289.56|4969
2020.11.05 22:30:00|289.57|289.57|287.12|287.17|4427
2020.11.06 16:30:00|290.47|296.28|289.33|294.08|8712
2020.11.06 17:30:00|294.09|294.86|291.45|292.95|5227
2020.11.06 18:30:00|292.96|296.09|292.96|295.57|3719
2020.11.06 19:30:00|295.62|297.49|294.9|296.94|3684
2020.11.06 20:30:00|296.94|298.81|296.87|298.43|3391
2020.11.06 21:30:00|298.43|300.5|298.38|300.05|4480
