2020.12.18 18:30:00|3197.26|3201.08|3191.36|3194.05|9528
2020.12.18 19:30:00|3194.06|3197.92|3188.36|3191.52|8759
2020.12.18 20:30:00|3191.11|3191.7|3168.1|3175.01|12467
2020.12.18 21:30:00|3175.01|3190.07|3172.65|3175.59|12124
2020.12.18 22:30:00|3175.59|3202.76|3172.25|3202.25|7924
2020.12.21 16:30:00|3202.04|3223.26|3176.25|3184.33|10880
2020.12.21 17:30:00|3184.34|3192.82|3163.25|3189.05|10370
2020.12.21 18:30:00|3189.05|3215.81|3189.05|3215.49|8692
2020.12.21 19:30:00|3215.53|3216.04|3202.25|3210.41|7937
2020.12.21 20:30:00|3210.41|3213.15|3199.25|3206.55|7265
2020.12.21 21:30:00|3206.55|3211.52|3199.25|3201.25|7053
2020.12.21 22:30:00|3201.25|3203|3188.1|3201.28|5540
2020.12.22 16:30:00|3198.25|3218.26|3184.57|3193.47|13218
2020.12.22 17:30:00|3193.47|3205.25|3185.25|3190.25|10673
2020.12.22 18:30:00|3190.25|3196.78|3177.3|3188.59|11786
2020.12.22 19:30:00|3188.58|3193.81|3186.56|3191.36|7943
2020.12.22 20:30:00|3191.37|3207.94|3191.36|3205.93|9048
2020.12.22 21:30:00|3206.14|3206.32|3195.44|3200.44|8842
2020.12.22 22:30:00|3199.94|3205.52|3197.25|3203.18|5851
2020.12.23 16:30:00|3198.26|3202.75|3181.28|3197.6|12165
2020.12.23 17:30:00|3197.6|3202.68|3185.25|3187.56|10127
2020.12.23 18:30:00|3187.56|3201.18|3187.25|3201.05|7136
2020.12.23 19:30:00|3201.05|3205.56|3195.25|3202.86|7238
2020.12.23 20:30:00|3202.86|3206.81|3198.45|3200.77|7607
2020.12.23 21:30:00|3200.77|3203.78|3193.4|3193.94|8491
2020.12.23 22:30:00|3193.95|3196.13|3182.37|3182.37|5923
2020.12.24 16:30:00|3185.25|3198.82|3179.25|3185.25|10169
2020.12.24 17:30:00|3185.49|3191.25|3169.25|3175.84|9037
2020.12.24 18:30:00|3175.85|3184.63|3166.25|3168.25|8220
2020.12.24 19:30:00|3168.26|3171.98|3166.25|3168.4|4220
2020.12.28 16:30:00|3186.51|3192.79|3169.66|3181.72|14709
2020.12.28 17:30:00|3181.73|3234.7|3181.25|3234.7|18211
2020.12.28 18:30:00|3234.7|3281.89|3232.25|3281.3|20087
2020.12.28 19:30:00|3281.31|3293.82|3265.25|3285.38|17931
2020.12.28 20:30:00|3285.38|3296.4|3277.33|3295.89|12658
2020.12.28 21:30:00|3295.89|3301|3283.25|3285.54|14120
2020.12.28 22:30:00|3285.55|3292.01|3278.74|3281.21|8376
2020.12.29 16:30:00|3310.25|3328.42|3277.34|3309.35|14174
2020.12.29 17:30:00|3309.35|3325.68|3304.25|3314.38|12155
2020.12.29 18:30:00|3314.39|3320.58|3307.75|3313.93|9749
2020.12.29 19:30:00|3313.93|3346.25|3309.21|3345.24|11501
2020.12.29 20:30:00|3345.51|3347.51|3333.25|3336.3|10568
2020.12.29 21:30:00|3336.3|3339.59|3322.25|3329.25|9651
2020.12.29 22:30:00|3329.25|3329.75|3312.25|3318.26|5539
2020.12.30 16:30:00|3333.01|3338.38|3309.25|3320.38|15589
2020.12.30 17:30:00|3320.39|3324.45|3292.3|3294.46|13856
2020.12.30 18:30:00|3294.46|3314.16|3293.35|3311.26|11297
2020.12.30 19:30:00|3311.27|3312.49|3299.25|3303.95|9093
2020.12.30 20:30:00|3303.93|3305.31|3288.01|3292.57|8591
2020.12.30 21:30:00|3292.58|3296.32|3282.4|3283.98|12113
2020.12.30 22:30:00|3283.98|3291.15|3279.5|3283.58|6449
2020.12.31 16:30:00|3271.3|3279.17|3259.25|3266.91|11379
2020.12.31 17:30:00|3266.26|3268.87|3252.25|3253.1|10078
2020.12.31 18:30:00|3253.11|3253.26|3243.25|3250.92|9474
2020.12.31 19:30:00|3251.19|3254.38|3246.35|3250.76|7583
2020.12.31 20:30:00|3250.76|3251.11|3243.25|3243.35|3345
2021.01.04 16:30:00|3262.85|3266.73|3214.25|3231.83|10877
2021.01.04 17:30:00|3231.84|3236.06|3184.61|3191.73|11505
2021.01.04 18:30:00|3191.29|3191.29|3140.25|3157.25|15966
2021.01.04 19:30:00|3157.26|3178.25|3141.27|3177.47|13240
2021.01.04 20:30:00|3177.63|3187.07|3172.25|3177.35|10804
2021.01.04 21:30:00|3177.35|3179.76|3163.25|3172.64|11171
2021.01.04 22:30:00|3172.64|3194.21|3169.26|3184.25|7673
2021.01.05 16:30:00|3170.85|3213.73|3168.24|3199.43|13826
2021.01.05 17:30:00|3199.49|3199.69|3182.25|3190.55|10439
2021.01.05 18:30:00|3190.83|3198.9|3185.48|3186.85|7574
2021.01.05 19:30:00|3186.86|3196.77|3183.25|3193.25|7302
2021.01.05 20:30:00|3193.26|3216.23|3193.25|3212.35|10132
2021.01.05 21:30:00|3212.35|3219.48|3203.23|3205.05|11558
2021.01.05 22:30:00|3205.06|3220.63|3200.8|3215.76|6021
2021.01.06 16:30:00|3146|3193.38|3132.25|3179.25|10746
2021.01.06 17:30:00|3179.26|3193.98|3179.25|3181.35|9644
2021.01.06 18:30:00|3181.95|3186.97|3171.45|3181.25|9026
2021.01.06 19:30:00|3181.27|3182.83|3173.25|3176.75|8396
2021.01.06 20:30:00|3176.79|3184.63|3152.69|3156.25|8889
2021.01.06 21:30:00|3155.66|3163.32|3131.25|3136.25|9007
2021.01.06 22:30:00|3136.25|3144.32|3128.25|3134.34|5972
2021.01.07 16:30:00|3161.04|3205.72|3158.28|3191.38|18646
2021.01.07 17:30:00|3191.38|3193.96|3179.38|3189.63|12976
2021.01.07 18:30:00|3189.63|3201.27|3185.13|3187.39|11073
2021.01.07 19:30:00|3187.49|3200.58|3187.49|3196.25|10483
2021.01.07 20:30:00|3196.26|3204.08|3192.5|3194.12|10191
2021.01.07 21:30:00|3194.12|3199.7|3189.44|3190.33|9915
2021.01.07 22:30:00|3190.32|3191.25|3158.25|3160.69|6814
2021.01.08 16:30:00|3170.25|3177.25|3141.5|3143.25|11845
2021.01.08 17:30:00|3143.25|3169.42|3139.25|3155.71|10170
2021.01.08 18:30:00|3155.72|3162.35|3142.35|3156.28|9639
2021.01.08 19:30:00|3156.28|3167.77|3145.25|3153.29|9502
2021.01.08 20:30:00|3152.71|3165.28|3145.51|3164.67|9844
2021.01.08 21:30:00|3164.67|3172.43|3157.6|3171.17|9746
2021.01.08 22:30:00|3171.17|3187.01|3168.75|3179.1|6407
2021.01.11 16:30:00|3142.29|3143.25|3115.02|3141.25|11456
2021.01.11 17:30:00|3141.25|3143.56|3132.36|3142.18|10290
2021.01.11 18:30:00|3142.18|3151.82|3140.54|3143.33|8456
2021.01.11 19:30:00|3143.33|3153.39|3130.52|3130.52|9219
2021.01.11 20:30:00|3130.53|3132.18|3115.85|3116.71|10118
2021.01.11 21:30:00|3116.72|3127.32|3107.25|3108.4|10620
2021.01.11 22:30:00|3108.4|3123.53|3107.25|3110.83|6300
2021.01.12 16:30:00|3118.82|3138.86|3099.85|3108.16|3837
2021.01.12 17:30:00|3108.16|3110.19|3095.25|3102.45|2605
2021.01.12 18:30:00|3102.5|3106.94|3082.72|3098.51|2986
2021.01.12 19:30:00|3097.25|3124.3|3090.71|3123.86|3121
2021.01.12 20:30:00|3123.85|3134.55|3118.46|3120.8|3445
2021.01.12 21:30:00|3120.8|3132.11|3115.25|3118.68|2778
2021.01.12 22:30:00|3118.68|3125.67|3115.75|3118.12|1710
2021.01.13 16:30:00|3126.91|3166.13|3119.25|3160.88|17648
2021.01.13 17:30:00|3160.89|3178.53|3160.2|3176.02|15497
2021.01.13 18:30:00|3176.03|3183.97|3167.25|3176.74|12037
2021.01.13 19:30:00|3176.74|3186.35|3169.81|3182.89|11304
2021.01.13 20:30:00|3182.89|3184.75|3173.58|3179.34|9155
2021.01.13 21:30:00|3179.34|3181.49|3162.25|3165.03|9930
2021.01.13 22:30:00|3165.03|3177.8|3162.46|3164.29|6806
2021.01.14 16:30:00|3161.92|3174.67|3147.53|3167.78|10391
2021.01.14 17:30:00|3167.87|3169.83|3152.25|3154.26|8693
2021.01.14 18:30:00|3154.26|3155.76|3135.25|3146.08|9958
2021.01.14 19:30:00|3146.08|3153.98|3133.25|3144.97|7850
2021.01.14 20:30:00|3144.98|3145.96|3139.27|3143.98|7650
2021.01.14 21:30:00|3143.98|3144.79|3117.45|3123.01|8516
2021.01.14 22:30:00|3123.02|3132.41|3119.84|3125.47|5560
2021.01.15 16:30:00|3133.2|3137.7|3093.25|3103.75|12685
2021.01.15 17:30:00|3103.75|3110.72|3092.26|3104.75|10726
2021.01.15 18:30:00|3104.75|3115.71|3100.25|3104.25|10474
2021.01.15 19:30:00|3104.69|3111.95|3099.25|3109.39|9657
2021.01.15 20:30:00|3109.39|3117.28|3104.25|3106.39|9630
2021.01.15 21:30:00|3106.4|3108.57|3096.04|3099.92|9645
2021.01.15 22:30:00|3099.93|3105.59|3095.96|3102.25|6134
2021.01.19 16:30:00|3118.84|3128.06|3098.28|3102.85|10253
2021.01.19 17:30:00|3102.86|3104.48|3093.25|3098.45|9085
2021.01.19 18:30:00|3098.45|3123.63|3097.25|3119.27|8812
2021.01.19 19:30:00|3119.27|3133.53|3119|3131.62|8439
2021.01.19 20:30:00|3131.88|3141.74|3129.67|3130.14|8409
2021.01.19 21:30:00|3130.15|3131.91|3122.45|3124.47|7422
2021.01.19 22:30:00|3124.92|3127.5|3115.25|3118.01|4541
2021.01.20 16:30:00|3174.57|3222.37|3172.7|3209.26|12867
2021.01.20 17:30:00|3210.43|3231.78|3209.26|3228.26|10374
2021.01.20 18:30:00|3228.28|3235.82|3220.06|3231.57|9889
2021.01.20 19:30:00|3231.51|3244.51|3230.19|3240.59|9420
2021.01.20 20:30:00|3240.59|3265.33|3234.65|3265.33|9782
2021.01.20 21:30:00|3265.34|3277.05|3261.57|3264.98|11412
2021.01.20 22:30:00|3264.98|3269.58|3258.03|3263.36|5536
2021.01.21 16:30:00|3290.21|3326.27|3290.21|3306.77|7941
2021.01.21 18:30:00|3328.28|3329.94|3305.37|3315.35|7532
2021.01.21 19:30:00|3315.36|3322.46|3309.17|3316.43|11124
2021.01.21 20:30:00|3316.44|3319.91|3302.25|3313.76|11198
2021.01.21 21:30:00|3313.77|3325.11|3310.75|3312.81|11411
2021.01.21 22:30:00|3312.81|3313.22|3297.25|3304.62|7008
2021.01.22 16:30:00|3288.76|3317.01|3280.04|3292.41|11240
2021.01.22 17:30:00|3292.42|3304.12|3289.25|3296.47|9541
2021.01.22 18:30:00|3296.73|3303.42|3294.09|3296.13|7377
2021.01.22 19:30:00|3296.13|3296.31|3286.13|3289.25|7772
2021.01.22 20:30:00|3289.25|3295.83|3287.76|3293.21|6762
2021.01.22 21:30:00|3293.22|3300.92|3290.25|3295.38|7976
2021.01.22 22:30:00|3295.39|3299.3|3287.96|3287.96|5022
2021.01.25 16:30:00|3331.92|3360.37|3319.25|3319.42|9727
2021.01.25 17:30:00|3319.41|3321.64|3239.25|3267.75|8724
2021.01.25 18:30:00|3267.75|3295.34|3263.91|3279.78|8441
2021.01.25 19:30:00|3279.78|3312.45|3277.03|3305.53|5654
2021.01.25 20:30:00|3305.53|3306.75|3287.51|3297.38|5545
2021.01.25 21:30:00|3296.88|3300.25|3279.9|3289.16|6282
2021.01.25 22:30:00|3289.3|3298.85|3285.29|3290.34|4389
2021.01.26 16:30:00|3292.26|3319.36|3279.25|3308.66|13805
2021.01.26 17:30:00|3308.67|3331.59|3307.25|3316.13|12069
2021.01.26 18:30:00|3316.14|3321.38|3300.5|3317.67|10864
2021.01.26 19:30:00|3317.67|3328.55|3312.25|3325.25|8976
2021.01.26 20:30:00|3325.26|3334.64|3322.25|3327.32|9467
2021.01.26 21:30:00|3327.32|3334.68|3318.42|3332.35|9110
2021.01.26 22:30:00|3332.35|3335.03|3316.28|3322.26|6069
2021.01.27 16:30:00|3320.76|3320.76|3242.26|3295.25|6999
2021.01.27 17:30:00|3292.86|3307.51|3274.12|3275.39|7179
2021.01.27 18:30:00|3275.39|3289.99|3258.25|3289.18|8660
2021.01.27 19:30:00|3289.18|3297.78|3276.25|3282.78|7044
2021.01.27 20:30:00|3282.79|3282.79|3248.25|3251.37|7470
2021.01.27 21:30:00|3250.87|3261.22|3213.25|3215.1|8432
2021.01.27 22:30:00|3215.11|3233.75|3204.25|3230.48|5673
2021.01.28 16:30:00|3243.07|3266.42|3224.14|3257.63|10704
2021.01.28 17:30:00|3258.25|3277.36|3248.25|3263.85|13339
2021.01.28 18:30:00|3263.86|3273.21|3248.45|3272.25|10678
2021.01.28 19:30:00|3272.46|3298.57|3270.72|3288.37|12520
2021.01.28 20:30:00|3288.81|3294.66|3272.25|3281.14|9664
2021.01.28 21:30:00|3281.15|3282.27|3257.5|3259.19|10281
2021.01.28 22:30:00|3258.95|3263.67|3231.25|3231.75|7262
2021.01.29 16:30:00|3221.57|3230.67|3188.25|3228.25|12961
2021.01.29 17:30:00|3228.25|3233.28|3202.25|3207.67|10488
2021.01.29 18:30:00|3207.67|3216.18|3194.25|3199.72|12000
2021.01.29 19:30:00|3199.85|3204.81|3183.25|3200.56|14322
2021.01.29 20:30:00|3200.57|3209.83|3189.25|3203.25|11954
2021.01.29 21:30:00|3203.26|3223.63|3195.8|3213.55|12341
2021.01.29 22:30:00|3213.56|3222.54|3200.25|3200.25|7058
2021.02.01 16:30:00|3244.11|3289.24|3232.25|3287.58|9844
2021.02.01 17:30:00|3287.56|3310.54|3278.25|3309.74|10503
2021.02.01 18:30:00|3309.73|3315.25|3293.62|3312.25|9673
2021.02.01 19:30:00|3312.26|3316.36|3307.25|3309.54|8820
2021.02.01 20:30:00|3309.55|3321.3|3302.65|3319.93|8118
2021.02.01 21:30:00|3319.94|3327.7|3313.57|3324.09|8082
2021.02.01 22:30:00|3324.09|3347.1|3321.56|3337.25|5270
2021.02.02 16:30:00|3398.73|3423.03|3357.55|3385.47|15812
2021.02.02 17:30:00|3385.46|3402.58|3380.35|3383.02|13359
2021.02.02 18:30:00|3383.03|3402.67|3374.36|3395.75|14108
2021.02.02 19:30:00|3395.77|3406.82|3394.25|3397.96|13645
2021.02.02 20:30:00|3397.96|3419.37|3397.96|3410.86|15905
2021.02.02 21:30:00|3410.86|3415.96|3388.36|3397.37|16803
2021.02.02 22:30:00|3397.37|3397.37|3373.69|3378.1|10557
2021.02.03 16:30:00|3410.62|3410.62|3332.25|3358.47|6167
2021.02.03 17:30:00|3358.37|3378.06|3357.25|3362.62|4147
2021.02.03 18:30:00|3362.62|3405.3|3360.25|3399.25|10181
2021.02.03 19:30:00|3399.09|3400.99|3377.9|3380|9788
2021.02.03 20:30:00|3380|3386.66|3360.94|3364|8947
2021.02.03 21:30:00|3362.28|3365.28|3313.26|3319.13|12501
2021.02.03 22:30:00|3319.13|3329.78|3305.51|3307.74|7293
2021.02.04 16:30:00|3324|3340.68|3274.04|3290.53|13105
2021.02.04 17:30:00|3290.53|3317.78|3285|3317.53|11173
2021.02.04 18:30:00|3317.53|3320.41|3306.39|3311.04|9560
2021.02.04 19:30:00|3311.05|3313.25|3298.88|3307.73|7814
2021.02.04 20:30:00|3307.73|3315.28|3301.52|3310.3|8163
2021.02.04 21:30:00|3310.3|3325.15|3310.25|3322.65|8549
2021.02.04 22:30:00|3322.66|3327.3|3315.61|3327.3|5235
2021.02.05 16:30:00|3315.89|3321.2|3299.42|3313.46|10155
2021.02.05 17:30:00|3313.47|3325.17|3309.11|3313.38|9087
2021.02.05 18:30:00|3313.44|3356.38|3313.38|3351.38|9894
2021.02.05 19:30:00|3351.39|3373.76|3347.43|3362.94|10157
2021.02.05 20:30:00|3362.32|3365.34|3337.84|3358.72|9549
2021.02.05 21:30:00|3359.04|3360.63|3344.13|3344.64|8429
2021.02.05 22:30:00|3344.49|3351.49|3339.55|3349.66|4724
2021.02.08 16:30:00|3358.24|3360.6|3305.63|3306.92|11150
2021.02.08 17:30:00|3306.76|3328.73|3305.69|3313.95|10061
2021.02.08 18:30:00|3313.95|3315.37|3302.25|3312.45|9412
2021.02.08 19:30:00|3312.25|3312.25|3300.85|3305.06|8502
2021.02.08 20:30:00|3305.06|3311.36|3301.25|3305.79|8789
2021.02.08 21:30:00|3305.8|3314.87|3303.25|3307.72|8489
2021.02.08 22:30:00|3307.73|3320.37|3307.35|3319.25|5205
2021.02.09 16:30:00|3314.25|3334.25|3308.25|3315.28|10878
2021.02.09 17:30:00|3315.29|3326.33|3305.95|3309.7|9288
2021.02.09 18:30:00|3309.69|3315.02|3306.75|3307.25|7906
2021.02.09 19:30:00|3307.25|3311.46|3303.4|3303.8|8563
2021.02.09 20:30:00|3303.8|3306.7|3300.25|3305.1|7918
2021.02.09 21:30:00|3305.1|3310.53|3303.69|3303.79|6868
2021.02.09 22:30:00|3303.79|3305.02|3294.68|3302.25|5210
2021.02.10 16:30:00|3315|3315|3258.05|3272.13|10745
2021.02.10 17:30:00|3269.99|3276.98|3251.25|3266.05|10003
2021.02.10 18:30:00|3266.4|3274.5|3263.04|3271.85|7771
2021.02.10 19:30:00|3271.86|3281.41|3269.78|3275.8|7664
2021.02.10 20:30:00|3275.8|3275.96|3264.96|3274.32|7072
2021.02.10 21:30:00|3274.3|3285.89|3270.72|3272.97|8041
2021.02.10 22:30:00|3273.69|3283.96|3268.31|3281.9|5380
2021.02.11 16:30:00|3285.22|3285.22|3262.25|3264.17|10336
2021.02.11 17:30:00|3264.17|3278.36|3262.25|3271.01|8420
2021.02.11 18:30:00|3271.02|3275.98|3255.25|3256.98|8535
2021.02.11 19:30:00|3256.97|3263.86|3249.95|3260.96|8617
2021.02.11 20:30:00|3260.53|3260.53|3245.25|3247.2|8230
2021.02.11 21:30:00|3246.89|3255.9|3246.25|3252.52|8092
2021.02.11 22:30:00|3252.53|3259.59|3247.75|3257.75|4698
2021.02.12 16:30:00|3244.37|3248.85|3229.75|3240.96|11228
2021.02.12 17:30:00|3241.13|3257.83|3235.31|3256.77|10488
2021.02.12 18:30:00|3256.76|3257.73|3248.25|3248.25|8283
2021.02.12 19:30:00|3248.26|3254.32|3242.25|3248.05|8498
2021.02.12 20:30:00|3248.06|3257.14|3247.77|3250.69|7689
2021.02.12 21:30:00|3250.7|3258.78|3248.25|3253.63|7952
2021.02.12 22:30:00|3253.71|3276.85|3253.71|3276.25|6705
2021.02.16 16:30:00|3265.33|3304.49|3262.14|3282.3|15555
2021.02.16 17:30:00|3282.68|3290.34|3260.25|3263.93|10697
2021.02.16 18:30:00|3263.93|3270.06|3250.25|3260.62|11273
2021.02.16 19:30:00|3260.62|3274.68|3257.25|3271.02|8718
2021.02.16 20:30:00|3271.02|3274.87|3262.75|3269.25|7229
2021.02.16 21:30:00|3269.37|3270.18|3260.44|3262.3|7043
2021.02.16 22:30:00|3262.25|3268.11|3260.25|3265.19|5700
2021.02.17 16:30:00|3260.99|3290.79|3257.25|3272.21|9201
2021.02.17 17:30:00|3272.22|3302.87|3268.25|3292.41|9198
2021.02.17 18:30:00|3292.99|3310.45|3284.25|3305.69|9240
2021.02.17 19:30:00|3305.69|3317.94|3304.5|3315.21|7800
2021.02.17 20:30:00|3315.22|3317.72|3300.5|3301.38|6751
2021.02.17 21:30:00|3301.39|3306.09|3290.6|3304.78|6548
2021.02.17 22:30:00|3304.79|3311.3|3298.38|3304.72|3985
2021.02.18 16:30:00|3277.54|3298.25|3270.35|3281.78|8443
2021.02.18 17:30:00|3281.79|3320.11|3276.64|3305.6|8319
2021.02.18 18:30:00|3305.61|3316.86|3297.62|3311.78|7603
2021.02.18 19:30:00|3311.78|3330.65|3307.75|3326.9|7570
2021.02.18 20:30:00|3326.9|3335|3321.37|3322.67|7524
2021.02.18 21:30:00|3323.65|3329.29|3318.54|3323.51|7580
2021.02.18 22:30:00|3323.52|3329.82|3323.51|3325.24|4982
2021.02.19 16:30:00|3328.77|3329.82|3308.25|3310.22|12455
2021.02.19 17:30:00|3310.22|3316.77|3304.25|3309.36|10401
2021.02.19 18:30:00|3309.25|3316.07|3302.25|3302.45|8914
2021.02.19 19:30:00|3302.45|3303.62|3282.25|3285.46|11456
2021.02.19 20:30:00|3285.46|3296.33|3275.56|3275.66|9468
2021.02.19 21:30:00|3275.66|3279.75|3257.31|3259.55|12563
2021.02.19 22:30:00|3259.55|3259.61|3242.97|3246.26|8559
2021.02.22 16:30:00|3200.18|3227.25|3182.54|3186.92|9453
2021.02.22 17:30:00|3186.93|3197.25|3169.25|3192.25|9599
2021.02.22 18:30:00|3191.5|3203.53|3177.37|3183.43|7908
2021.02.22 19:30:00|3183.43|3201.18|3182.25|3200.76|7183
2021.02.22 20:30:00|3200.76|3211.58|3193.74|3194.26|6318
2021.02.22 21:30:00|3194.77|3197.63|3180.25|3180.71|6918
2021.02.22 22:30:00|3180.87|3188.45|3175.25|3177.54|4774
2021.02.23 16:30:00|3131.01|3151.7|3090.25|3147.29|8317
2021.02.23 17:30:00|3147.29|3165.18|3125.14|3137.43|7700
2021.02.23 18:30:00|3137.94|3152.41|3128.36|3149.74|7294
2021.02.23 19:30:00|3149.73|3152.29|3118.85|3141.44|6880
2021.02.23 20:30:00|3141.44|3154.31|3132.66|3151.21|6772
2021.02.23 21:30:00|3152.75|3193.25|3139.11|3192.57|7877
2021.02.23 22:30:00|3192.57|3201.31|3184.25|3191.23|4832
2021.02.24 16:30:00|3166.29|3166.29|3122.27|3147.25|7970
2021.02.24 17:30:00|3147.26|3167.57|3133.25|3159.81|8199
2021.02.24 18:30:00|3160.15|3165.85|3144.25|3153.93|8105
2021.02.24 19:30:00|3153.97|3165.98|3138.91|3157.58|8060
2021.02.24 20:30:00|3157.59|3162.88|3142.26|3147.96|8393
2021.02.24 21:30:00|3147.96|3158.19|3140.25|3143.35|8151
2021.02.24 22:30:00|3143.36|3161.71|3141.25|3156.68|4668
2021.02.25 16:30:00|3141.23|3173.31|3132.25|3140.21|6953
2021.02.25 17:30:00|3140.96|3144.57|3127.26|3131.46|7019
2021.02.25 18:30:00|3130.12|3132.67|3098.3|3101.36|6821
2021.02.25 19:30:00|3099.76|3105.28|3065.25|3088.25|7099
2021.02.25 20:30:00|3088.25|3105.32|3072.25|3102.11|7114
2021.02.25 21:30:00|3102.11|3102.11|3053.25|3057.72|8151
2021.02.25 22:30:00|3057.25|3073.8|3043.82|3056.32|4700
2021.02.26 16:30:00|3091.05|3102.33|3033.25|3035.56|7729
2021.02.26 17:30:00|3035.56|3087.25|3034.25|3075.21|8226
2021.02.26 18:30:00|3074.87|3118.73|3072.81|3104.33|8878
2021.02.26 19:30:00|3104.33|3111.31|3080.26|3102.36|7914
2021.02.26 20:30:00|3102.67|3104.24|3066.25|3077.35|7477
2021.02.26 21:30:00|3077.35|3100.33|3072.55|3082.98|8325
2021.02.26 22:30:00|3082.98|3117.24|3078.27|3090.67|4755
2021.03.01 16:30:00|3131.81|3133.39|3094.87|3102.17|7812
2021.03.01 17:30:00|3102.17|3122.35|3100.25|3112.38|8628
2021.03.01 18:30:00|3112.76|3128.27|3107.65|3117.47|8603
2021.03.01 19:30:00|3118.52|3125.86|3114.25|3122.56|7543
2021.03.01 20:30:00|3122.56|3133.97|3119.25|3131.66|8096
2021.03.01 21:30:00|3132.23|3145.98|3129.76|3143.6|9323
2021.03.01 22:30:00|3143.57|3145.96|3132.25|3140.69|4755
2021.03.02 16:30:00|3142.76|3159.83|3135.11|3138.3|6791
2021.03.02 17:30:00|3138.3|3150.64|3127.62|3134.02|6888
2021.03.02 18:30:00|3134.03|3137.83|3121.25|3129.35|6129
2021.03.02 19:30:00|3129.35|3140.17|3127.75|3136.8|5858
2021.03.02 20:30:00|3136.78|3145.67|3121.26|3122.26|6813
2021.03.02 21:30:00|3122.26|3129.73|3110.25|3110.76|7175
2021.03.02 22:30:00|3110.77|3114.96|3083.68|3089.98|4839
2021.03.03 16:30:00|3095.31|3101.56|3032.85|3041.44|7763
2021.03.03 17:30:00|3041.44|3065.44|3033.25|3064.5|7566
2021.03.03 18:30:00|3064.5|3066.25|3037.3|3041.53|7737
2021.03.03 19:30:00|3041.53|3046.19|3027.28|3036.25|8259
2021.03.03 20:30:00|3036.26|3036.26|3002.25|3004.13|9044
2021.03.03 21:30:00|3004.14|3018.91|2992.25|3009.59|8818
2021.03.03 22:30:00|3008.89|3020.3|2999.25|3002.26|5230
2021.03.04 16:30:00|3027.24|3044.25|2982.25|3017.03|8319
2021.03.04 17:30:00|3017.03|3049.78|3013.77|3036.8|9041
2021.03.04 18:30:00|3036.81|3055.38|2993.25|3005.44|7953
2021.03.04 19:30:00|3006.26|3014.93|2971.25|2993.57|9618
2021.03.04 20:30:00|2991.96|2992.71|2941.41|2986.19|10548
2021.03.04 21:30:00|2986.19|3008.64|2967.25|2980.81|10055
2021.03.04 22:30:00|2980.8|2990.58|2967.88|2973.75|4704
2021.03.05 16:30:00|2992.14|2993.58|2938.71|2943.75|6579
2021.03.05 17:30:00|2944.25|2950.84|2878.25|2886.51|7060
2021.03.05 18:30:00|2888.01|2941.76|2888.01|2939.88|7172
2021.03.05 19:30:00|2939.26|2984.64|2929.25|2979.7|7678
2021.03.05 20:30:00|2982.86|2988.15|2948.26|2968.54|7839
2021.03.05 21:30:00|2968.54|3001.29|2967.25|2994.9|8841
2021.03.05 22:30:00|2994.91|3004.03|2987.83|2995.68|4673
2021.03.08 16:30:00|3008.76|3060.48|2998.27|3034.13|7537
2021.03.08 17:30:00|3034.12|3049.47|3008.47|3016.88|7923
2021.03.08 18:30:00|3016.88|3018.85|2978.25|2997.26|9158
2021.03.08 19:30:00|2997.26|3006.4|2984.32|3001.65|8046
2021.03.08 20:30:00|3001.66|3007.53|2982.25|2996.41|8883
2021.03.08 21:30:00|2998.15|3002.46|2969.32|2972.58|9938
2021.03.08 22:30:00|2973.05|2987.25|2948.25|2948.91|5962
2021.03.09 16:30:00|3008.01|3064.76|3001.21|3054.82|7238
2021.03.09 17:30:00|3056.06|3058.94|3029.25|3049.36|7944
2021.03.09 18:30:00|3049.35|3070.67|3041.25|3067.46|7792
2021.03.09 19:30:00|3067.46|3081.52|3060.42|3072.34|7967
2021.03.09 20:30:00|3072.34|3083.19|3068.25|3070.56|8216
2021.03.09 21:30:00|3070.57|3087.02|3069.85|3081.25|8577
2021.03.09 22:30:00|3081.25|3082.24|3055.34|3057.81|4640
2021.03.10 16:30:00|3085|3111.86|3049.54|3050.65|6559
2021.03.10 17:30:00|3050.66|3064.69|3040.35|3064.26|7270
2021.03.10 18:30:00|3064.27|3066.28|3039.58|3042.53|7663
2021.03.10 19:30:00|3042.53|3056.58|3032.29|3047.07|7529
2021.03.10 20:30:00|3047.46|3052.16|3027.25|3037.72|8497
2021.03.10 21:30:00|3037.73|3067.37|3037.73|3050.36|8452
2021.03.10 22:30:00|3050.36|3065.83|3047.29|3052.25|4528
2021.03.11 16:30:00|3096.35|3111.9|3079.5|3090.44|7775
2021.03.11 17:30:00|3090.44|3116.25|3090.43|3110.59|8499
2021.03.11 18:30:00|3110.61|3127.48|3110.59|3119.48|8385
2021.03.11 19:30:00|3119.49|3124.37|3110.25|3114.34|7578
2021.03.11 20:30:00|3114.46|3117.62|3104.73|3115.27|7467
2021.03.11 21:30:00|3115.27|3119.92|3105.16|3118.84|7338
2021.03.11 22:30:00|3118.84|3119.8|3109.25|3111.75|4289
2021.03.12 16:30:00|3076.27|3079.91|3042.4|3049.26|12991
2021.03.12 17:30:00|3049.36|3061.75|3042.82|3057.25|10849
2021.03.12 18:30:00|3058.37|3075.97|3053.82|3075.92|11342
2021.03.12 19:30:00|3075.93|3081.36|3059.12|3064.25|10055
2021.03.12 20:30:00|3064.26|3071.17|3058.05|3067.33|10502
2021.03.12 21:30:00|3067.33|3088.68|3067.29|3085.65|10808
2021.03.12 22:30:00|3085.65|3095.27|3083.7|3086.03|7567
2021.03.15 15:30:00|3068.19|3070.57|3034.25|3038.04|17649
2021.03.15 16:30:00|3038.03|3054.81|3029.25|3035.73|15114
2021.03.15 17:30:00|3035.73|3051.25|3030.51|3048.32|13638
2021.03.15 18:30:00|3048.31|3054.97|3040.25|3047.82|10622
2021.03.15 19:30:00|3047.81|3064.33|3044.78|3060.95|9965
2021.03.15 20:30:00|3061.25|3071.3|3059.25|3061.77|9527
2021.03.15 21:30:00|3061.9|3078.59|3058.66|3075.53|6157
2021.03.16 15:30:00|3091|3121.32|3082.25|3119.47|7379
2021.03.16 16:30:00|3119.47|3125.12|3109.75|3111.44|7914
2021.03.16 17:30:00|3111.73|3114.06|3090.35|3091.74|7948
2021.03.16 18:30:00|3091.74|3107.94|3089.25|3103.07|6406
2021.03.16 19:30:00|3103.08|3103.42|3079.35|3079.35|7111
2021.03.16 20:30:00|3079.35|3091.05|3073.11|3088.01|7433
2021.03.16 21:30:00|3088.01|3094.39|3085.25|3088.23|3502
2021.03.17 15:30:00|3075.3|3103.93|3067.36|3096.08|12447
2021.03.17 16:30:00|3096.18|3107.12|3083.26|3091.93|9854
2021.03.17 17:30:00|3091.74|3092.25|3073.55|3089.62|9038
2021.03.17 18:30:00|3089.62|3104.05|3081.21|3100.23|9650
2021.03.17 19:30:00|3100.24|3130.28|3092.25|3117.25|10517
2021.03.17 20:30:00|3117.26|3169.36|3111.97|3154.53|14941
2021.03.17 21:30:00|3154.81|3160.54|3128.45|3131.85|7567
2021.03.18 15:30:00|3100|3112.59|3070.25|3081.11|10133
2021.03.18 16:30:00|3081.11|3091.45|3074.35|3084.24|8555
2021.03.18 17:30:00|3084.29|3090.6|3069.75|3088.06|8079
2021.03.18 18:30:00|3088.07|3088.28|3062.75|3077.58|8561
2021.03.18 19:30:00|3077.57|3081.03|3053.81|3053.82|7911
2021.03.18 20:30:00|3053.82|3055.35|3031.25|3040.48|10995
2021.03.18 21:30:00|3040.48|3042.06|3022.25|3025.25|6482
2021.03.19 15:30:00|3035.89|3052.37|3013.25|3044.61|7591
2021.03.19 16:30:00|3044.61|3053.64|3027.25|3033.98|8125
2021.03.19 17:30:00|3033.98|3044.62|3029.05|3042.22|7426
2021.03.19 18:30:00|3042.21|3054.82|3035.25|3049.99|7829
2021.03.19 19:30:00|3051.35|3054.03|3044.11|3052.06|7641
2021.03.19 20:30:00|3052.06|3060.78|3050.33|3057.62|8964
2021.03.19 21:30:00|3057.63|3074.09|3052.75|3070.86|5059
2021.03.22 15:30:00|3079.63|3105.25|3066.03|3100.62|15712
2021.03.22 16:30:00|3100.62|3114.41|3096.16|3111.94|12961
2021.03.22 17:30:00|3111.94|3116.07|3103.1|3113.69|10548
2021.03.22 18:30:00|3113.69|3117.06|3105.29|3106.43|9457
2021.03.22 19:30:00|3106.42|3119.18|3105.25|3118.76|8617
2021.03.22 20:30:00|3118.75|3123.07|3115.45|3116.47|10581
2021.03.22 21:30:00|3116.47|3120.12|3103.57|3105.58|6544
2021.03.23 15:30:00|3125.48|3149.27|3118.01|3144.37|13355
2021.03.23 16:30:00|3144.49|3178.89|3133.98|3170.87|13785
2021.03.23 17:30:00|3170.44|3173.1|3152.28|3159.01|11673
2021.03.23 18:30:00|3159.02|3176.59|3156.55|3167.76|10376
2021.03.23 19:30:00|3167.77|3173.25|3159.61|3171.9|10011
2021.03.23 20:30:00|3171.89|3176.33|3137.25|3138.92|12454
2021.03.23 21:30:00|3138.85|3147.35|3128.35|3134.75|6753
2021.03.24 15:30:00|3148.4|3153.76|3119.25|3141.44|9319
2021.03.24 16:30:00|3141.49|3156.71|3132.25|3152.28|8768
2021.03.24 17:30:00|3152.7|3152.77|3128.5|3134.63|8788
2021.03.24 18:30:00|3134.63|3135.77|3104.13|3114.74|8924
2021.03.24 19:30:00|3114.74|3125.33|3098.8|3115.08|8278
2021.03.24 20:30:00|3114.31|3117.07|3102.25|3108.97|9011
2021.03.24 21:30:00|3110.1|3110.27|3082.38|3085.26|5064
2021.03.25 15:30:00|3064.66|3105.64|3064.65|3078.76|10473
2021.03.25 16:30:00|3078.43|3081.89|3042.35|3053.03|13444
2021.03.25 17:30:00|3053.04|3070.51|3038.25|3069.27|9897
2021.03.25 18:30:00|3069.27|3081.89|3053.71|3056.8|10025
2021.03.25 19:30:00|3056.81|3061.84|3034.25|3039.26|11304
2021.03.25 20:30:00|3039.27|3065.54|3037.25|3044.28|11752
2021.03.25 21:30:00|3044.29|3058.85|3042.78|3043.75|5529
2021.03.26 15:30:00|3046.03|3053.66|3028.37|3040.93|9196
2021.03.26 16:30:00|3042.18|3052.25|3029.25|3030.98|9487
2021.03.26 17:30:00|3030.77|3042.39|3026.94|3032.92|10210
2021.03.26 18:30:00|3032.92|3038.54|3024.25|3032.08|8152
2021.03.26 19:30:00|3032.08|3033.82|2999.25|3005.68|10230
2021.03.26 20:30:00|3005.68|3025.25|2993.25|3024.83|10547
2021.03.26 21:30:00|3024.84|3050.55|3022.84|3050|5230
2021.03.29 16:30:00|3053.24|3062.14|3023.44|3037.26|17184
2021.03.29 17:30:00|3037.25|3059.59|3033.35|3057.72|12953
2021.03.29 18:30:00|3058.46|3072.26|3055.43|3069.08|11022
2021.03.29 19:30:00|3069.22|3087.47|3065.94|3079|11166
2021.03.29 20:30:00|3078.99|3086.78|3062.25|3066.55|10476
2021.03.29 21:30:00|3066.75|3079.12|3058.31|3077.88|11257
2021.03.29 22:30:00|3077.89|3079.55|3064.44|3070.74|6793
2021.03.30 16:30:00|3067.34|3067.34|3030.25|3042.79|9537
2021.03.30 17:30:00|3042.79|3055.22|3037.42|3047.83|8707
2021.03.30 18:30:00|3047.84|3063.92|3042.25|3049.4|7893
2021.03.30 19:30:00|3049.4|3051.72|3038.63|3049.27|6550
2021.03.30 20:30:00|3049.27|3053.14|3041.44|3046.53|6608
2021.03.30 21:30:00|3046.53|3065.28|3045.13|3063.02|7924
2021.03.30 22:30:00|3063.29|3066.31|3041.63|3049.64|4502
2021.03.31 16:30:00|3063.06|3102.82|3058.25|3094.95|8692
2021.03.31 17:30:00|3094.95|3109.7|3094.75|3099.44|8574
2021.03.31 18:30:00|3099.44|3115.6|3099.43|3107.54|7690
2021.03.31 19:30:00|3107.55|3114.92|3104.93|3109.98|5810
2021.03.31 20:30:00|3109.98|3110.49|3095|3099.35|6431
2021.03.31 21:30:00|3099.35|3106.91|3095.1|3096.28|7570
2021.03.31 22:30:00|3096.28|3101.23|3088.25|3091.45|4384
2021.04.01 16:30:00|3120.65|3133.25|3115.87|3125.61|12420
2021.04.01 17:30:00|3125.01|3134.95|3118.25|3126.2|9878
2021.04.01 18:30:00|3126.2|3133.29|3120.25|3133.03|8068
2021.04.01 19:30:00|3133.03|3137.61|3126.48|3127.26|8175
2021.04.01 20:30:00|3127.26|3137.13|3127.26|3136.32|7319
2021.04.01 21:30:00|3136.32|3153.5|3135.44|3150.97|9474
2021.04.01 22:30:00|3150.97|3159.15|3150.39|3158.3|6133
2021.04.05 16:30:00|3166.27|3202.95|3158.35|3195.41|14341
2021.04.05 17:30:00|3195.41|3211.8|3192.25|3209.75|13260
2021.04.05 18:30:00|3209.76|3221.67|3208.02|3218.53|10165
2021.04.05 19:30:00|3218.53|3221.66|3209.25|3217.96|8358
2021.04.05 20:30:00|3217.96|3225.31|3215.11|3220.16|7733
2021.04.05 21:30:00|3220.16|3225.61|3217.25|3221.08|8430
2021.04.05 22:30:00|3221.08|3232.09|3217.26|3222.5|6759
2021.04.06 16:30:00|3221.02|3243.76|3220.15|3237.25|13336
2021.04.06 17:30:00|3237.42|3238.23|3221.37|3232.38|10475
2021.04.06 18:30:00|3232.39|3239.58|3226.25|3226.25|8244
2021.04.06 19:30:00|3226.26|3233.28|3214.25|3215.92|8611
2021.04.06 20:30:00|3215.92|3234.27|3214.97|3233.81|7923
2021.04.06 21:30:00|3233.82|3238.42|3229.23|3235.56|8411
2021.04.06 22:30:00|3235.57|3236.02|3214.25|3221.24|5938
2021.04.07 16:30:00|3224.25|3258.85|3220.76|3256.14|5810
2021.04.07 17:30:00|3256.18|3286.06|3254.25|3275.25|8684
2021.04.07 18:30:00|3275.26|3291.06|3273.25|3278.69|8666
2021.04.07 19:30:00|3277.76|3285.38|3275.62|3277.76|6603
2021.04.07 20:30:00|3277.76|3300.54|3277.27|3296.63|6625
2021.04.07 21:30:00|3296.63|3298.01|3275.25|3278.23|7284
2021.04.07 22:30:00|3278.24|3284.4|3273.25|3276.64|3392
2021.04.08 16:30:00|3309.85|3320.35|3298.65|3299.89|8702
2021.04.08 17:30:00|3299.89|3310.73|3298.25|3308.92|7762
2021.04.08 18:30:00|3308.93|3316.92|3307.25|3312.84|6531
2021.04.08 19:30:00|3312.85|3319.25|3308.25|3315.82|7110
2021.04.08 20:30:00|3315.82|3317.99|3310.25|3316.27|6205
2021.04.08 21:30:00|3316.27|3316.89|3300.25|3300.57|7068
2021.04.08 22:30:00|3300.58|3303.99|3289.25|3295.14|4063
2021.04.09 16:30:00|3298.25|3323.56|3285.57|3312.34|10343
2021.04.09 17:30:00|3312.35|3328.68|3307.26|3326.79|8940
2021.04.09 18:30:00|3326.8|3355.25|3324.78|3349.08|9355
2021.04.09 19:30:00|3349.08|3352.52|3346.25|3349.23|7211
2021.04.09 20:30:00|3349.25|3364.13|3347.75|3361.83|7759
2021.04.09 21:30:00|3361.83|3361.84|3347.38|3360.37|8276
2021.04.09 22:30:00|3360.38|3368.77|3357.25|3368.08|5545
2021.04.12 16:30:00|3358.49|3391.33|3352.47|3360.98|9266
2021.04.12 17:30:00|3361.55|3369.8|3348.25|3366.26|7062
2021.04.12 18:30:00|3366.27|3380.38|3357.25|3379.33|7082
2021.04.12 19:30:00|3379.33|3389.82|3376.17|3384.8|6756
2021.04.12 20:30:00|3383.78|3384.88|3374.25|3379.39|5775
2021.04.12 21:30:00|3379.39|3379.92|3367.51|3372.99|6003
2021.04.12 22:30:00|3373|3380.66|3368.25|3376.26|3878
2021.04.13 16:30:00|3403.79|3426.39|3399.25|3418.25|7032
2021.04.13 17:30:00|3418.41|3428.25|3415.25|3424.6|7366
2021.04.13 18:30:00|3424.6|3428.53|3415.96|3416.26|5971
2021.04.13 19:30:00|3416.33|3419.86|3402.35|3412.75|6238
2021.04.13 20:30:00|3412.75|3416.56|3402.25|3403.65|5033
2021.04.13 21:30:00|3403.75|3415.15|3403.64|3410.26|6263
2021.04.13 22:30:00|3410.25|3410.45|3392.25|3395.32|3961
2021.04.14 16:30:00|3396.31|3396.81|3363.87|3366.25|11581
2021.04.14 17:30:00|3366.25|3372.11|3340.25|3351.96|12669
2021.04.14 18:30:00|3351.96|3364.76|3350.63|3356.42|8917
2021.04.14 19:30:00|3356.1|3358.39|3347.25|3348.78|8077
2021.04.14 20:30:00|3348.78|3349.32|3326.43|3343.52|11059
2021.04.14 21:30:00|3343.52|3345.58|3324.05|3336.79|11390
2021.04.14 22:30:00|3336.79|3337.47|3322.55|3329.72|6737
2021.04.15 16:30:00|3371.26|3392.39|3363.25|3380.77|7149
2021.04.15 17:30:00|3380.77|3383.41|3359.25|3359.64|7035
2021.04.15 18:30:00|3359.64|3367.89|3348.3|3363.83|7606
2021.04.15 19:30:00|3364.25|3377.51|3363.25|3366.01|7318
2021.04.15 20:30:00|3366.01|3375.54|3365.33|3368.35|6490
2021.04.15 21:30:00|3368.36|3371.36|3360.26|3369.34|7304
2021.04.15 22:30:00|3369.79|3383.55|3367.25|3374.82|3918
2021.04.16 16:30:00|3376.27|3376.27|3352.25|3365.64|12819
2021.04.16 17:30:00|3366.06|3395.62|3362.5|3392.14|11132
2021.04.16 18:30:00|3392.15|3401.3|3385.48|3399.25|10427
2021.04.16 19:30:00|3399.25|3402.9|3384.4|3386.11|6889
2021.04.16 20:30:00|3386.12|3395.5|3385.09|3394.58|7469
2021.04.16 21:30:00|3394.6|3397.96|3391.75|3394.67|7270
2021.04.16 22:30:00|3394.67|3398.96|3392.25|3394.32|6002
2021.04.19 16:30:00|3387.45|3432.75|3376.25|3387.41|6822
2021.04.19 17:30:00|3387.41|3391.75|3367.45|3384.6|7638
2021.04.19 18:30:00|3384.6|3384.61|3359.75|3368.19|7122
2021.04.19 19:30:00|3367.51|3376.25|3359.22|3368.02|7770
2021.04.19 20:30:00|3368.02|3377.72|3367.25|3372.35|5643
2021.04.19 21:30:00|3371.82|3372.62|3359.25|3359.81|6566
2021.04.19 22:30:00|3359.82|3369.56|3357.25|3369.56|3751
2021.04.20 16:30:00|3375.46|3379.21|3347.8|3358.58|9055
2021.04.20 17:30:00|3357.88|3358.45|3317.57|3320.61|10032
2021.04.20 18:30:00|3320.61|3335.91|3313.25|3329.83|8202
2021.04.20 19:30:00|3329.84|3330.36|3318.25|3319.26|6759
2021.04.20 20:30:00|3319.26|3339.3|3318.25|3328.33|6879
2021.04.20 21:30:00|3328.34|3336.97|3320.35|3331.25|6607
2021.04.20 22:30:00|3331.24|3342.07|3327.31|3329.07|4142
2021.04.21 16:30:00|3321.02|3345.44|3300.37|3344.62|12811
2021.04.21 17:30:00|3344.62|3351.27|3327.36|3349.04|11064
2021.04.21 18:30:00|3349.03|3355.74|3339.66|3342.78|8277
2021.04.21 19:30:00|3342.79|3345.4|3335.11|3343.38|7968
2021.04.21 20:30:00|3343.38|3349.3|3339.75|3345.46|7135
2021.04.21 21:30:00|3345.46|3347.74|3338.28|3345.06|7332
2021.04.21 22:30:00|3345.06|3359.66|3345.06|3357.25|5077
2021.04.22 16:30:00|3367.19|3368.57|3350.57|3364.52|9461
2021.04.22 17:30:00|3364.87|3369.1|3351.26|3351.77|7201
2021.04.22 18:30:00|3352.25|3356.24|3343.25|3352.07|7179
2021.04.22 19:30:00|3352.07|3355.13|3316.02|3332.73|7064
2021.04.22 20:30:00|3332.73|3333.55|3302.75|3321.44|9530
2021.04.22 21:30:00|3321.45|3322.39|3298.26|3303.63|9152
2021.04.22 22:30:00|3303.63|3310.73|3299.25|3303.77|5060
2021.04.23 16:30:00|3320.84|3327.15|3305.25|3316.39|7556
2021.04.23 17:30:00|3316.93|3342.62|3313.75|3341.48|8527
2021.04.23 18:30:00|3341.48|3350.46|3339.2|3348.47|5971
2021.04.23 19:30:00|3348.47|3371.48|3347.49|3364.51|7191
2021.04.23 20:30:00|3364.51|3370.56|3360|3360.82|6558
2021.04.23 21:30:00|3360.87|3368.79|3360.82|3361.38|5744
2021.04.23 22:30:00|3361.38|3364.99|3335.75|3336.19|3941
2021.04.26 16:30:00|3352.25|3356.26|3327.55|3332.98|6155
2021.04.26 17:30:00|3333.53|3345.81|3329.25|3339.01|6438
2021.04.26 18:30:00|3338.26|3341.99|3330.25|3340.53|5991
2021.04.26 19:30:00|3340.52|3348.19|3338.2|3347.9|5080
2021.04.26 20:30:00|3347.91|3417.27|3347.91|3406.11|9848
2021.04.26 21:30:00|3406.11|3422.28|3406.11|3410.26|7863
2021.04.26 22:30:00|3410.26|3425.33|3404.25|3406.21|4518
2021.04.27 16:30:00|3439.18|3456.79|3406.25|3414.98|16258
2021.04.27 17:30:00|3414.99|3418.57|3394.46|3418.57|12974
2021.04.27 18:30:00|3418.57|3428.67|3412.25|3414.56|9994
2021.04.27 19:30:00|3414.56|3425.09|3413.43|3419.59|8316
2021.04.27 20:30:00|3419.6|3424.76|3405.07|3415.25|8774
2021.04.27 21:30:00|3415.26|3420.65|3409.25|3419.27|9157
2021.04.27 22:30:00|3419.42|3423.56|3413.06|3413.06|6016
2021.04.28 16:30:00|3436.54|3480.31|3421.35|3465.25|11565
2021.04.28 17:30:00|3465.25|3477.04|3447.27|3472.08|9739
2021.04.28 18:30:00|3471.91|3485.58|3462.25|3479.53|8935
2021.04.28 19:30:00|3479.53|3485.34|3471.25|3477.27|8078
2021.04.28 20:30:00|3477.28|3479.05|3458.25|3469.83|7885
2021.04.28 21:30:00|3469.84|3486.26|3464.25|3476.85|9824
2021.04.28 22:30:00|3477.35|3477.36|3454.2|3455.11|5292
2021.04.29 16:30:00|3503.75|3508.84|3469.54|3475.43|8724
2021.04.29 17:30:00|3476.09|3482.87|3459.44|3474.26|8876
2021.04.29 18:30:00|3474.27|3476.5|3432.25|3457.96|8528
2021.04.29 19:30:00|3457.96|3477.31|3455.87|3475.55|8517
2021.04.29 20:30:00|3475.56|3476.86|3462.25|3463.25|7726
2021.04.29 21:30:00|3463.76|3475.36|3455.94|3460.26|7898
2021.04.29 22:30:00|3460.25|3472.83|3457.85|3468.25|4385
2021.04.30 16:30:00|3499.56|3550.09|3486.25|3542.91|8989
2021.04.30 17:30:00|3542.91|3543.65|3494.25|3496.81|7164
2021.04.30 18:30:00|3496.81|3516.26|3491.25|3504.23|13190
2021.04.30 19:30:00|3504.23|3508.95|3494.75|3497.53|12584
2021.04.30 20:30:00|3497.53|3498.3|3472.45|3488.9|14841
2021.04.30 21:30:00|3488.91|3489.97|3467.55|3478.97|13296
2021.04.30 22:30:00|3478.97|3481.05|3459.48|3463.94|8644
2021.05.03 16:30:00|3478.39|3478.39|3433.25|3468.01|11921
2021.05.03 17:30:00|3469.25|3474.68|3399.25|3400.75|12117
2021.05.03 18:30:00|3400.76|3415.4|3393.51|3395|10291
2021.05.03 19:30:00|3394.99|3404.74|3381.08|3393.84|10476
2021.05.03 20:30:00|3393.84|3406.28|3389.25|3395.12|8813
2021.05.03 21:30:00|3395.25|3398.62|3377.8|3384.82|8967
2021.05.03 22:30:00|3384.84|3385.24|3369.25|3383.25|5526
2021.05.04 16:30:00|3350.45|3362.76|3313.75|3332.42|13836
2021.05.04 17:30:00|3332.4|3332.4|3293.25|3303.95|12318
2021.05.04 18:30:00|3303.95|3306.67|3273.73|3289.98|11869
2021.05.04 19:30:00|3289.98|3293.25|3269.25|3284.68|10374
2021.05.04 20:30:00|3283.94|3290.88|3272.82|3278.8|10304
2021.05.04 21:30:00|3278.81|3298.11|3278.75|3285.33|9862
2021.05.04 22:30:00|3285.33|3311.47|3282.76|3311.47|6386
2021.05.05 16:30:00|3333.21|3351.27|3292.75|3308.3|17393
2021.05.05 17:30:00|3308.8|3322.93|3299.36|3303.75|13018
2021.05.05 18:30:00|3303.75|3313.84|3295.96|3300.15|10454
2021.05.05 19:30:00|3299.63|3302.84|3282.44|3288.61|11688
2021.05.05 20:30:00|3288.61|3290.06|3271.25|3275.27|11294
2021.05.05 21:30:00|3275.28|3286.23|3261.57|3263.19|13629
2021.05.05 22:30:00|3263.2|3280.12|3261.25|3267.62|8070
2021.05.06 16:30:00|3262.02|3287.25|3243.56|3255.81|15958
2021.05.06 17:30:00|3255.81|3286.44|3253.32|3282.73|13700
2021.05.06 18:30:00|3283.02|3307.59|3279.25|3307.53|13580
2021.05.06 19:30:00|3307.54|3311.4|3282.83|3292.26|11776
2021.05.06 20:30:00|3291.55|3298.72|3281.25|3282.51|10204
2021.05.06 21:30:00|3282.51|3286.69|3270.91|3280.71|10961
2021.05.06 22:30:00|3280.72|3302.63|3275.75|3302.25|7010
2021.05.07 16:30:00|3312.06|3317.26|3287.25|3302.43|10789
2021.05.07 17:30:00|3304.22|3323.63|3293.4|3322.34|9156
2021.05.07 18:30:00|3322.34|3328.03|3302.74|3305.55|7879
2021.05.07 19:30:00|3305.56|3313.83|3295.25|3295.8|7765
2021.05.07 20:30:00|3295.81|3304.07|3286.53|3299.53|7834
2021.05.07 21:30:00|3299.53|3303.68|3290.25|3295.31|7899
2021.05.07 22:30:00|3295.31|3297.8|3286.32|3286.35|4731
2021.05.10 16:30:00|3270.21|3270.21|3221.26|3225.25|10367
2021.05.10 17:30:00|3225.25|3231.77|3203.25|3206.29|10879
2021.05.10 18:30:00|3205.72|3227.08|3203.55|3215.38|8603
2021.05.10 19:30:00|3215.39|3222.26|3209.24|3219.4|7521
2021.05.10 20:30:00|3219.75|3220.98|3193.58|3197.26|9078
2021.05.10 21:30:00|3197.26|3202.75|3193.08|3198|10145
2021.05.10 22:30:00|3198.01|3206.86|3187.25|3187.25|5512
2021.05.11 16:30:00|3140.93|3187.66|3138.27|3154.09|11497
2021.05.11 17:30:00|3154.66|3219.83|3149.3|3216.12|13373
2021.05.11 18:30:00|3216.12|3228.63|3200.66|3213.25|10414
2021.05.11 19:30:00|3214.12|3232.42|3200.25|3229.83|9395
2021.05.11 20:30:00|3229.83|3234.49|3204.25|3222.97|9132
2021.05.11 21:30:00|3222.7|3230.48|3207.39|3225.71|9286
2021.05.11 22:30:00|3225.58|3225.58|3210.33|3220.35|5055
2021.05.12 16:30:00|3195.02|3203.93|3173.25|3178.85|16004
2021.05.12 17:30:00|3178.85|3181.8|3153.25|3158.45|17422
2021.05.12 18:30:00|3158.46|3158.46|3136.25|3143.91|15881
2021.05.12 19:30:00|3143.91|3168.79|3138.68|3144.93|12581
2021.05.12 20:30:00|3144.94|3148.43|3130.35|3147.75|13126
2021.05.12 21:30:00|3147.74|3160.48|3137.4|3150.68|13516
2021.05.12 22:30:00|3150.69|3163.38|3143.97|3150.16|8177
2021.05.13 16:30:00|3193.37|3199.09|3159.19|3171.43|8639
2021.05.13 17:30:00|3171.43|3176.81|3149.25|3150.42|10012
2021.05.13 18:30:00|3150.42|3157.6|3139.37|3153.26|8314
2021.05.13 19:30:00|3152.89|3161.88|3141|3143.04|7331
2021.05.13 20:30:00|3143.04|3159.54|3130.25|3154.15|11545
2021.05.13 21:30:00|3154.15|3163.03|3148.14|3159.31|13159
2021.05.13 22:30:00|3159.32|3167.43|3154.26|3159.25|6428
2021.05.14 16:30:00|3184.16|3210.08|3179.55|3197.66|13004
2021.05.14 17:30:00|3197.67|3217.26|3193.95|3211.37|11692
2021.05.14 18:30:00|3211.5|3218.25|3206.25|3210.85|9392
2021.05.14 19:30:00|3210.86|3214.51|3205.02|3208.27|7779
2021.05.14 20:30:00|3208.28|3209.22|3203.25|3207.89|7667
2021.05.14 21:30:00|3207.89|3221.37|3207.78|3219.53|9509
2021.05.14 22:30:00|3219.36|3225.54|3212.38|3219.25|5778
2021.05.17 16:30:00|3251.28|3284.25|3235.37|3276.77|11308
2021.05.17 17:30:00|3275.39|3288.25|3259.25|3260.27|8559
2021.05.17 18:30:00|3261.98|3267.52|3242.25|3245.81|7677
2021.05.17 19:30:00|3245.81|3252.39|3235.37|3239.27|7124
2021.05.17 20:30:00|3239.28|3248.78|3230.84|3247.1|6679
2021.05.17 21:30:00|3247.26|3265.81|3241.53|3255.43|7586
2021.05.17 22:30:00|3255.43|3269.26|3254.17|3267.37|4534
2021.05.18 16:30:00|3283.78|3304.78|3273.75|3303.28|10622
2021.05.18 17:30:00|3303.28|3308.44|3292.37|3294.39|9017
2021.05.18 18:30:00|3294.57|3295.12|3278.25|3290.25|8701
2021.05.18 19:30:00|3290.26|3293.24|3276.09|3279.75|6826
2021.05.18 20:30:00|3279.77|3280.11|3254.25|3257.49|8929
2021.05.18 21:30:00|3257.49|3258.25|3240.56|3249.82|10203
2021.05.18 22:30:00|3249.83|3255.26|3227.62|3229.26|5415
2021.05.19 16:30:00|3197.31|3219.19|3181.25|3212.25|14402
2021.05.19 17:30:00|3212.26|3223.75|3200.25|3215.42|10965
2021.05.19 18:30:00|3215.43|3220.51|3208.57|3214.09|9886
2021.05.19 19:30:00|3214.09|3218.76|3204.25|3212.81|8536
2021.05.19 20:30:00|3212.82|3225.12|3194.25|3222.55|9094
2021.05.19 21:30:00|3222.56|3228.58|3202.25|3220.1|10429
2021.05.19 22:30:00|3220.1|3230.68|3212.25|3228.6|5643
2021.05.20 16:30:00|3239.45|3256.36|3235.25|3250.8|12644
2021.05.20 17:30:00|3250.8|3252.87|3233.3|3243.04|9256
2021.05.20 18:30:00|3243.05|3251.03|3235.28|3237.75|8076
2021.05.20 19:30:00|3238|3248.32|3232.73|3246.19|8289
2021.05.20 20:30:00|3246.2|3248.13|3237.26|3243.27|7880
2021.05.20 21:30:00|3243.27|3249.15|3239.25|3246.25|8276
2021.05.20 22:30:00|3246.26|3247.15|3240.73|3244.76|5031
2021.05.21 16:30:00|3250.16|3250.69|3216.48|3217.33|15053
2021.05.21 17:30:00|3217.33|3221.09|3201.9|3204.36|11228
2021.05.21 18:30:00|3204.36|3209.54|3195.61|3200.32|11140
2021.05.21 19:30:00|3200.05|3204.65|3196.25|3203.4|8619
2021.05.21 20:30:00|3203.63|3214.55|3201.25|3205.46|9076
2021.05.21 21:30:00|3205.46|3213.13|3202.25|3209.76|9977
2021.05.21 22:30:00|3209.77|3210.06|3194.25|3198.7|7311
2021.05.24 16:30:00|3210.2|3244.26|3207.27|3244.26|10128
2021.05.24 17:30:00|3244.27|3251.35|3240.21|3247.25|8239
2021.05.24 18:30:00|3248.06|3254.86|3242.85|3244.7|7146
2021.05.24 19:30:00|3244.7|3248.72|3240.25|3246|6002
2021.05.24 20:30:00|3246.01|3248.57|3242.67|3245.82|5920
2021.05.24 21:30:00|3245.82|3252.27|3245.82|3250.44|7649
2021.05.24 22:30:00|3250.44|3252.32|3239.25|3241.01|4294
2021.05.25 16:30:00|3264.75|3275.73|3252.45|3256.88|10929
2021.05.25 17:30:00|3256.88|3256.88|3237.58|3242.41|9672
2021.05.25 18:30:00|3242.9|3244.02|3211|3238.36|10365
2021.05.25 19:30:00|3239.25|3242.94|3232.25|3241.55|6940
2021.05.25 20:30:00|3241.56|3243.03|3232.8|3238.83|7131
2021.05.25 21:30:00|3238.89|3265.12|3238.42|3264.46|8227
2021.05.25 22:30:00|3264.46|3264.66|3250.53|3255.91|5371
2021.05.26 16:30:00|3267.67|3275.57|3255.35|3266.25|12189
2021.05.26 17:30:00|3266.26|3283.27|3263.52|3282.45|10783
2021.05.26 18:30:00|3282.26|3292.87|3277.26|3288.26|10339
2021.05.26 19:30:00|3289.25|3289.25|3277.25|3278.23|9210
2021.05.26 20:30:00|3278.23|3279.74|3268.5|3270.48|8605
2021.05.26 21:30:00|3270.48|3275.67|3260.25|3261.82|8167
2021.05.26 22:30:00|3261.83|3263.34|3255.42|3262.44|6222
2021.05.27 16:30:00|3256.25|3256.25|3240.25|3248.92|11214
2021.05.27 17:30:00|3248.93|3256.95|3243.25|3245.75|8558
2021.05.27 18:30:00|3245.75|3255.06|3242.25|3249.03|6724
2021.05.27 19:30:00|3249.25|3252.67|3246.25|3249.12|6273
2021.05.27 20:30:00|3249.12|3250.26|3243.25|3245.08|7512
2021.05.27 21:30:00|3245.09|3246.95|3233.25|3236.13|8069
2021.05.27 22:30:00|3236.13|3237.13|3228.78|3229.08|5272
2021.05.28 16:30:00|3234.99|3244.62|3229.25|3232.25|11577
2021.05.28 17:30:00|3232.25|3241.49|3232.11|3236.59|8415
2021.05.28 18:30:00|3236.6|3244.7|3235.76|3241.02|7378
2021.05.28 19:30:00|3241.16|3241.36|3227.55|3227.96|6524
2021.05.28 20:30:00|3227.96|3230.65|3220.36|3227.52|9440
2021.05.28 21:30:00|3227.52|3231.83|3224.26|3228.97|8622
2021.05.28 22:30:00|3228.98|3230.22|3216.25|3220.62|6059
2021.06.01 16:30:00|3240.01|3246.37|3207.46|3220.98|14853
2021.06.01 17:30:00|3220.98|3224.71|3206.31|3222.4|9680
2021.06.01 18:30:00|3221.78|3224.48|3214.25|3220.07|7553
2021.06.01 19:30:00|3220.07|3226.26|3214.25|3218.33|6389
2021.06.01 20:30:00|3217.85|3222.7|3216|3218.95|6501
2021.06.01 21:30:00|3218.96|3223.47|3217.25|3219.25|6855
2021.06.01 22:30:00|3219.26|3221.21|3214.83|3215.89|5771
2021.06.02 16:30:00|3218.88|3226.66|3207.25|3220.31|9649
2021.06.02 17:30:00|3220.32|3224.47|3214.31|3222.87|6126
2021.06.02 18:30:00|3222.89|3232.11|3218.25|3221.11|6844
2021.06.02 19:30:00|3221.11|3225.34|3214.8|3215.8|6094
2021.06.02 20:30:00|3215.81|3217.8|3204.43|3212.02|7325
2021.06.02 21:30:00|3212.03|3219.56|3210.25|3215.08|6060
2021.06.02 22:30:00|3215.15|3231.44|3215.07|3231.24|4513
2021.06.03 16:30:00|3209.81|3211.32|3185.25|3189.14|14853
2021.06.03 17:30:00|3188.93|3211.09|3182.25|3199.25|13238
2021.06.03 18:30:00|3199.71|3200.96|3190.25|3194.53|8861
2021.06.03 19:30:00|3194.53|3199.79|3191.75|3199.73|7328
2021.06.03 20:30:00|3199.73|3201.05|3192.26|3193.65|8164
2021.06.03 21:30:00|3193.66|3195.65|3183.25|3186.75|8518
2021.06.03 22:30:00|3186.75|3189.38|3181.25|3184.5|6983
2021.06.04 16:30:00|3201.25|3215.38|3197.25|3206.26|10582
2021.06.04 17:30:00|3206.27|3215.14|3200.19|3214.27|7311
2021.06.04 18:30:00|3214.32|3214.59|3208.54|3212.83|5940
2021.06.04 19:30:00|3212.85|3218.25|3210.25|3211.69|5617
2021.06.04 20:30:00|3211.69|3212.52|3204.25|3204.38|5142
2021.06.04 21:30:00|3204.35|3206.32|3195.25|3199.97|6707
2021.06.04 22:30:00|3199.97|3205.8|3199|3202.6|4617
2021.06.07 16:30:00|3191.26|3204.13|3189.1|3193.02|8917
2021.06.07 17:30:00|3192.26|3201.28|3188.92|3189.46|7336
2021.06.07 18:30:00|3189.25|3191.94|3186.25|3187.25|7014
2021.06.07 19:30:00|3187.73|3190.45|3179.25|3180.66|5988
2021.06.07 20:30:00|3180.67|3186.97|3169.45|3183.21|6502
2021.06.07 21:30:00|3183.21|3198.03|3181.25|3195.04|5844
2021.06.07 22:30:00|3195.11|3196.88|3185.03|3195.23|3904
2021.06.08 16:30:00|3216.82|3260.3|3214.25|3250.26|12396
2021.06.08 17:30:00|3250.26|3263.19|3237.8|3250.31|9843
2021.06.08 18:30:00|3250.95|3252.38|3240.8|3252.38|8436
2021.06.08 19:30:00|3252.16|3260.82|3251.26|3251.87|6513
2021.06.08 20:30:00|3251.87|3264.27|3249.25|3262.78|6799
2021.06.08 21:30:00|3262.78|3276.27|3262.71|3271.3|7778
2021.06.08 22:30:00|3271.3|3272.71|3260.25|3262.46|5351
2021.06.09 16:30:00|3278.25|3293.89|3267.95|3282.8|10016
2021.06.09 17:30:00|3282.81|3290.52|3279.25|3289.91|6908
2021.06.09 18:30:00|3289.91|3290.21|3279.84|3289.59|6572
2021.06.09 19:30:00|3289.61|3291.93|3284.25|3287.69|5170
2021.06.09 20:30:00|3287.89|3291.58|3285.25|3290.48|5284
2021.06.09 21:30:00|3290.32|3291.47|3275.8|3277.61|6213
2021.06.09 22:30:00|3277.38|3282.12|3275.63|3277.93|4504
2021.06.10 16:30:00|3285.74|3327.22|3281.59|3326.86|10591
2021.06.10 17:30:00|3326.86|3331.26|3314.36|3322.42|10290
2021.06.10 18:30:00|3322.42|3330.15|3320.47|3320.47|7928
2021.06.10 19:30:00|3320.48|3325.84|3319.25|3324.71|6792
2021.06.10 20:30:00|3324.71|3330.19|3319.78|3328.65|7121
2021.06.10 21:30:00|3328.65|3333.95|3326.04|3331.23|6364
2021.06.10 22:30:00|3331.23|3347.67|3327.25|3346.9|5304
2021.06.11 16:30:00|3340.98|3363.25|3338.37|3350.72|14156
2021.06.11 17:30:00|3350.97|3351.79|3334.95|3350.6|10768
2021.06.11 18:30:00|3350.61|3350.82|3339.46|3340.92|7663
2021.06.11 19:30:00|3340.47|3343.06|3330.25|3334.86|7447
2021.06.11 20:30:00|3334.87|3343.71|3331.26|3340.75|6199
2021.06.11 21:30:00|3340.76|3343.18|3334.36|3334.8|6208
2021.06.11 22:30:00|3334.81|3344.75|3332.76|3342.94|5443
2021.06.14 16:30:00|3341.4|3373.43|3332.75|3361.14|10704
2021.06.14 17:30:00|3361.15|3364.88|3350.84|3361.96|7637
2021.06.14 18:30:00|3361.97|3367.26|3358.76|3362.7|5531
2021.06.14 19:30:00|3362.8|3365.16|3358.59|3359.53|4859
2021.06.14 20:30:00|3360.28|3366.35|3359.25|3360.03|5190
2021.06.14 21:30:00|3360.03|3363.25|3355.8|3361.73|6430
2021.06.14 22:30:00|3361.74|3381.54|3358.67|3381.12|5013
2021.06.15 16:30:00|3373.11|3392.95|3363.32|3372.67|8650
2021.06.15 17:30:00|3372.25|3375.26|3363.65|3364.25|6446
2021.06.15 18:30:00|3364.26|3371.8|3360.36|3371.62|6019
2021.06.15 19:30:00|3371.61|3377.37|3365.85|3370.14|5080
2021.06.15 20:30:00|3371.05|3382.12|3369.92|3374.99|5458
2021.06.15 21:30:00|3374.72|3380.63|3369.25|3376.13|5950
2021.06.15 22:30:00|3376.14|3386.92|3372.8|3379.73|4215
2021.06.16 16:30:00|3393.24|3413.42|3387.25|3411.02|8172
2021.06.16 17:30:00|3411.03|3411.91|3402.25|3403.08|5545
2021.06.16 18:30:00|3403.08|3403.84|3379.3|3384.7|6971
2021.06.16 19:30:00|3384.69|3402.68|3384.69|3399.9|5489
2021.06.16 20:30:00|3399.91|3409.13|3372.25|3384.75|9449
2021.06.16 21:30:00|3384.75|3417.77|3357.78|3409.57|13573
2021.06.16 22:30:00|3410.24|3423.36|3407.25|3412.88|6341
2021.06.17 16:30:00|3405.88|3428.16|3403.25|3425.76|11232
2021.06.17 17:30:00|3425.77|3454.67|3421.25|3453.78|9817
2021.06.17 18:30:00|3453.79|3465.18|3447.97|3452.71|9155
2021.06.17 19:30:00|3452.71|3476.25|3449.07|3474.72|9350
2021.06.17 20:30:00|3474.73|3485.82|3470.25|3483.81|8748
2021.06.17 21:30:00|3483.82|3494.12|3478.3|3490.36|8609
2021.06.17 22:30:00|3490.3|3493.17|3480.25|3486.31|5872
2021.06.18 16:30:00|3482.46|3502.45|3473.43|3498.32|11684
2021.06.18 17:30:00|3498.32|3503.39|3470.52|3470.95|10282
2021.06.18 18:30:00|3470.94|3499.23|3469.9|3497.74|8159
2021.06.18 19:30:00|3497.74|3497.87|3488.37|3489.17|6899
2021.06.18 20:30:00|3489.17|3492.77|3483.04|3487.96|6877
2021.06.18 21:30:00|3487.96|3493.51|3473.02|3492.32|8906
2021.06.18 22:30:00|3492.32|3499.93|3481.29|3483.79|5540
2021.06.21 16:30:00|3477.48|3478.25|3430.25|3442.26|11828
2021.06.21 17:30:00|3442.27|3474.65|3442.26|3461.26|9245
2021.06.21 18:30:00|3461.25|3474.84|3457.32|3468.52|6630
2021.06.21 19:30:00|3468.52|3472.58|3459.25|3459.33|6228
2021.06.21 20:30:00|3459.34|3464.71|3454.4|3461.25|6455
2021.06.21 21:30:00|3462.39|3462.58|3445.26|3447.65|6541
2021.06.21 22:30:00|3447.65|3453.26|3443.25|3450.25|4429
2021.06.22 16:30:00|3459.32|3494.26|3456.57|3489.69|9877
2021.06.22 17:30:00|3489.69|3495.46|3476.26|3492.88|7362
2021.06.22 18:30:00|3492.87|3506.41|3492.87|3505.99|7457
2021.06.22 19:30:00|3506|3512.56|3498.77|3501.26|7351
2021.06.22 20:30:00|3501.26|3511.97|3498.58|3511.37|6339
2021.06.22 21:30:00|3511.37|3520.21|3507.71|3519.25|7043
2021.06.22 22:30:00|3519.25|3520.65|3498.5|3502.7|4044
2021.06.23 16:30:00|3507.6|3516.91|3492.82|3496.29|9276
2021.06.23 17:30:00|3496.28|3497.23|3481.25|3484.35|8784
2021.06.23 18:30:00|3484.35|3500.87|3480.25|3490.2|6730
2021.06.23 19:30:00|3490.21|3506.09|3482.25|3503.96|6834
2021.06.23 20:30:00|3503.96|3506.26|3495.07|3497.36|6844
2021.06.23 21:30:00|3497.36|3505.57|3497.25|3505.25|5732
2021.06.23 22:30:00|3505.26|3506.12|3491.25|3500.15|3782
2021.06.24 16:30:00|3515.68|3521.45|3497.25|3500.18|8930
2021.06.24 17:30:00|3500.71|3501.25|3482.26|3485.97|5786
2021.06.24 18:30:00|3485.97|3496.17|3478.35|3486.85|4994
2021.06.24 19:30:00|3486.86|3488.46|3448.26|3452.84|8245
2021.06.24 20:30:00|3453.26|3454.05|3431.25|3451.82|8820
2021.06.24 21:30:00|3451.83|3453.4|3432.25|3432.32|7510
2021.06.24 22:30:00|3432.33|3446.65|3427.83|3445.49|5217
2021.06.25 16:30:00|3453.6|3454.19|3391.35|3407.4|12448
2021.06.25 17:30:00|3407.65|3412.42|3396.25|3403.74|9565
2021.06.25 18:30:00|3403.73|3408.65|3392.35|3392.81|7866
2021.06.25 19:30:00|3393.39|3404.22|3392.25|3399.53|8023
2021.06.25 20:30:00|3399.53|3408.44|3395.25|3400.53|6471
2021.06.25 21:30:00|3401.63|3408.58|3398.25|3400.09|6459
2021.06.25 22:30:00|3400.09|3404.71|3394.25|3400.25|4827
2021.06.28 16:30:00|3417.56|3440.85|3414.3|3429.49|10224
2021.06.28 17:30:00|3429.5|3439.78|3425.25|3431.51|6494
2021.06.28 18:30:00|3431.82|3433.63|3414.65|3422.37|5732
2021.06.28 19:30:00|3422.37|3425.46|3414.43|3417.44|4214
2021.06.28 20:30:00|3417.44|3423.59|3415.56|3419.54|4310
2021.06.28 21:30:00|3419.49|3440.25|3417.25|3433.26|6298
2021.06.28 22:30:00|3433.26|3444.74|3431.7|3439.51|4211
2021.06.29 16:30:00|3436.68|3452.25|3420.25|3424.11|8165
2021.06.29 17:30:00|3424.38|3435.98|3421.12|3431.37|7047
2021.06.29 18:30:00|3431.36|3438.03|3427.3|3438.03|5774
2021.06.29 19:30:00|3438.04|3451.27|3435.19|3445.01|6168
2021.06.29 20:30:00|3445.01|3451.21|3441.14|3445.19|5106
2021.06.29 21:30:00|3445.19|3447.26|3437.25|3445.08|5057
2021.06.29 22:30:00|3444.48|3446.12|3441.75|3445.25|3381
2021.06.30 16:30:00|3442.57|3466.87|3431.25|3462.01|8737
2021.06.30 17:30:00|3462.02|3468.1|3455.31|3456.74|7240
2021.06.30 18:30:00|3457.22|3465.49|3447.51|3449.54|6652
2021.06.30 19:30:00|3450.42|3460.04|3448.25|3456.28|5865
2021.06.30 20:30:00|3456.29|3460.33|3449.35|3451.91|5042
2021.06.30 21:30:00|3451.01|3455.45|3441.45|3445.51|6723
2021.06.30 22:30:00|3445.52|3446.64|3436.25|3436.25|4564
2021.07.01 16:30:00|3434.2|3453.51|3425.31|3434.76|9332
2021.07.01 17:30:00|3434.78|3442.62|3413.62|3417.44|8851
2021.07.01 18:30:00|3417.63|3426.41|3414.25|3415.93|5918
2021.07.01 19:30:00|3415.94|3417.11|3406.42|3415.26|6761
2021.07.01 20:30:00|3414.77|3427.74|3414.12|3423.26|6098
2021.07.01 21:30:00|3423.27|3429.92|3420.49|3426.75|5819
2021.07.01 22:30:00|3427.3|3431.52|3423.92|3428.25|4170
2021.07.02 16:30:00|3441.68|3450.25|3438.25|3441.61|4561
2021.07.02 17:30:00|3441.61|3442.82|3434.17|3438.4|3257
2021.07.02 18:30:00|3438.69|3465.26|3438.04|3463.39|4131
2021.07.02 19:30:00|3463.39|3487.14|3462.84|3473.96|4194
2021.07.02 20:30:00|3474.05|3487.15|3473.23|3485.7|2978
2021.07.02 21:30:00|3485.49|3494.39|3479.35|3493.94|3271
2021.07.02 22:30:00|3493.94|3508.73|3493.94|3507.27|2388
2021.07.06 16:30:00|3548.8|3623.9|3546.62|3620.09|16998
2021.07.06 17:30:00|3620.08|3641.98|3604.25|3636.33|14097
2021.07.06 18:30:00|3636.02|3636.62|3601.74|3613.28|14187
2021.07.06 19:30:00|3613.29|3644.66|3609.94|3642.05|13831
2021.07.06 20:30:00|3642.05|3676.48|3641.41|3668.23|18688
2021.07.06 21:30:00|3668.22|3682.45|3665.25|3676.4|12042
2021.07.06 22:30:00|3676.41|3680.84|3664.25|3672.98|6794
2021.07.07 16:30:00|3725.97|3730.8|3675.25|3687.68|19705
2021.07.07 17:30:00|3687.68|3705.62|3678.25|3693.79|9382
2021.07.07 18:30:00|3693.79|3717.55|3682.25|3701.2|9061
2021.07.07 19:30:00|3701.21|3712.04|3690.93|3696.97|7424
2021.07.07 20:30:00|3696.34|3707.62|3689.25|3705.8|7366
2021.07.07 21:30:00|3705.25|3708.55|3693.45|3698.36|6307
2021.07.07 22:30:00|3698.36|3701.56|3688.6|3693.73|3758
2021.07.08 16:30:00|3651.76|3661.28|3618.25|3655.89|16441
2021.07.08 17:30:00|3655.9|3657.84|3634.13|3654.39|12541
2021.07.08 18:30:00|3653.91|3686.54|3647.25|3684.85|11324
2021.07.08 19:30:00|3685.37|3755.27|3685.22|3747.25|14924
2021.07.08 20:30:00|3747.25|3755.75|3725.25|3732.92|14098
2021.07.08 21:30:00|3732.92|3748.81|3725.76|3733.34|12075
2021.07.08 22:30:00|3733.23|3749.71|3720.93|3727.96|7897
2021.07.09 16:30:00|3714.55|3742.25|3700.39|3704.09|15254
2021.07.09 17:30:00|3704.1|3734.06|3689.85|3733.57|12536
2021.07.09 18:30:00|3733.58|3738.17|3722.83|3730.92|10092
2021.07.09 19:30:00|3730.91|3732.15|3718.25|3724.19|7024
2021.07.09 20:30:00|3724.19|3732.35|3712.25|3726.77|8205
2021.07.09 21:30:00|3726.78|3727.92|3711.45|3712.99|8374
2021.07.09 22:30:00|3713|3718.95|3705.75|3716.05|6690
2021.07.12 16:30:00|3746.36|3753.04|3699.25|3712.48|11727
2021.07.12 17:30:00|3712.18|3720.49|3704.25|3709.55|8686
2021.07.12 18:30:00|3709.55|3711.88|3693.26|3701.49|7718
2021.07.12 19:30:00|3701.5|3705.64|3697.24|3702.85|6175
2021.07.12 20:30:00|3702.26|3716|3699.25|3710.26|6072
2021.07.12 21:30:00|3710.26|3715.1|3709.09|3710.33|6096
2021.07.12 22:30:00|3710.34|3716.06|3707.94|3714.11|3902
2021.07.13 16:30:00|3706.01|3765.26|3702.28|3763.25|10138
2021.07.13 17:30:00|3763.25|3769.4|3745.8|3756.41|7522
2021.07.13 18:30:00|3756.41|3761.22|3742.5|3745.51|5821
2021.07.13 19:30:00|3745.52|3752.25|3702.95|3710.26|6418
2021.07.13 20:30:00|3710.26|3711.24|3684.35|3706.06|8271
2021.07.13 21:30:00|3705.25|3706.25|3672.8|3680.2|7512
2021.07.13 22:30:00|3680.2|3686.25|3668.57|3674.6|4518
2021.07.14 16:30:00|3703.35|3706.09|3681.85|3689.17|11720
2021.07.14 17:30:00|3689.17|3696.62|3672.95|3674.98|9528
2021.07.14 18:30:00|3675.37|3703.03|3658.05|3692.26|11461
2021.07.14 19:30:00|3692.25|3714.64|3685.24|3688.45|9079
2021.07.14 20:30:00|3688.45|3712.94|3687.51|3709.68|7530
2021.07.14 21:30:00|3709.69|3711.02|3680.89|3682.25|6981
2021.07.14 22:30:00|3682.26|3690.09|3670.64|3676.84|5279
2021.07.15 16:30:00|3677.47|3691.34|3652.75|3661.06|8924
2021.07.15 17:30:00|3661.06|3666.27|3637.25|3653.68|9451
2021.07.15 18:30:00|3653.68|3657.79|3617.8|3633.08|9113
2021.07.15 19:30:00|3633.08|3643.09|3626.07|3626.41|6461
2021.07.15 20:30:00|3626.41|3637.7|3619.35|3634.22|7488
2021.07.15 21:30:00|3634.23|3638.86|3617.46|3629.22|6484
2021.07.15 22:30:00|3629.22|3634.9|3618.36|3627.21|4625
2021.07.16 16:30:00|3640.52|3642.46|3589.75|3590.62|18288
2021.07.16 17:30:00|3590.63|3602.91|3578.25|3578.25|12773
2021.07.16 18:30:00|3578.26|3589.19|3568.25|3581.31|10830
2021.07.16 19:30:00|3581.32|3590.25|3573.25|3587.84|8535
2021.07.16 20:30:00|3587.84|3588.6|3572.28|3576.06|8813
2021.07.16 21:30:00|3574.25|3587.8|3571.25|3573.3|10835
2021.07.16 22:30:00|3573.3|3580.6|3567.26|3569.76|6890
2021.07.19 16:30:00|3529.75|3546.06|3502.45|3525.91|7902
2021.07.19 17:30:00|3525.91|3540.55|3502.25|3529.4|7822
2021.07.19 18:30:00|3529.39|3541.53|3504.48|3509.87|7706
2021.07.19 19:30:00|3509.87|3518.27|3500.35|3506.79|7532
2021.07.19 20:30:00|3506.8|3521.85|3502.25|3517.03|6389
2021.07.19 21:30:00|3517.04|3528.72|3504.85|3509.75|7674
2021.07.19 22:30:00|3509.75|3546.02|3507.33|3546.02|3487
2021.07.20 16:30:00|3561|3561|3512.4|3527.25|13271
2021.07.20 17:30:00|3527.26|3561.91|3524.25|3555.62|12090
2021.07.20 18:30:00|3555.63|3580.7|3554.86|3569.21|10476
2021.07.20 19:30:00|3569.22|3572.63|3555.25|3558.68|7840
2021.07.20 20:30:00|3558.69|3580.02|3557.53|3579.4|7460
2021.07.20 21:30:00|3579.41|3589.08|3572.75|3581.79|8268
2021.07.20 22:30:00|3581.78|3586.58|3570.58|3571.75|5553
2021.07.21 16:30:00|3568.23|3581.92|3548.25|3567.25|10821
2021.07.21 17:30:00|3567.26|3578.56|3555.25|3557.25|8442
2021.07.21 18:30:00|3557.25|3561.4|3552.4|3552.9|8805
2021.07.21 19:30:00|3552.9|3558.15|3540.6|3555.84|8948
2021.07.21 20:30:00|3555.85|3564.02|3554.53|3557.88|7014
2021.07.21 21:30:00|3557.89|3570.57|3557.25|3564.26|7334
2021.07.21 22:30:00|3564.25|3583.16|3559.25|3583.16|4799
2021.07.22 16:30:00|3593.46|3623.04|3593.46|3618.46|14071
2021.07.22 17:30:00|3618.46|3628.68|3609.46|3612.46|9777
2021.07.22 18:30:00|3612.46|3622.76|3604.75|3610.67|6970
2021.07.22 19:30:00|3610.66|3626.47|3609.42|3623.77|6844
2021.07.22 20:30:00|3623.77|3630.35|3620.3|3628.78|7049
2021.07.22 21:30:00|3628.79|3633.81|3620.3|3633.56|6488
2021.07.22 22:30:00|3632.62|3637.12|3630.25|3634.99|5432
2021.07.23 16:30:00|3637.78|3653.69|3619.12|3648.99|8914
2021.07.23 17:30:00|3648.87|3653.59|3640.56|3641.83|7305
2021.07.23 18:30:00|3642.24|3647.04|3641.6|3643.48|6290
2021.07.23 19:30:00|3643.48|3660.26|3643.25|3656.53|6319
2021.07.23 20:30:00|3656.54|3663.24|3650.44|3658.54|5947
2021.07.23 21:30:00|3658.58|3661.06|3650.62|3658.65|5551
