2020.09.18 16:30:00|110.24|110.31|108.8|109.11|22121
2020.09.18 17:30:00|109.12|109.18|107.33|107.7|25214
2020.09.18 18:30:00|107.71|108.26|106.99|107.34|19080
2020.09.18 19:30:00|107.35|107.42|105.98|106|19238
2020.09.18 20:30:00|105.99|107.51|105.88|107.21|18559
2020.09.18 21:30:00|107.2|107.65|106.87|107.47|11894
2020.09.18 22:30:00|107.47|107.86|106.39|106.52|6893
2020.09.21 16:30:00|103.69|107.62|103.69|105.19|27434
2020.09.21 17:30:00|105.18|105.79|104.34|105.36|22938
2020.09.21 18:30:00|105.35|107.34|104.96|107.14|18299
2020.09.21 19:30:00|107.13|107.41|106.08|107.01|17524
2020.09.21 20:30:00|107.01|107.57|106.46|106.92|13628
2020.09.21 21:30:00|106.91|108.47|106.25|108.22|14115
2020.09.21 22:30:00|108.23|109.93|108.11|109.93|10813
2020.09.22 16:30:00|111.97|112.04|110.05|111.24|24247
2020.09.22 17:30:00|111.23|111.43|108.94|109.81|19874
2020.09.22 18:30:00|109.82|110.33|109.26|110.3|11554
2020.09.22 19:30:00|110.3|110.44|109.25|110.04|9487
2020.09.22 20:30:00|110.03|111.21|109.47|110.7|11709
2020.09.22 21:30:00|110.7|111.62|110.25|111.62|12279
2020.09.22 22:30:00|111.61|112.22|111.14|111.55|10243
2020.09.23 16:30:00|111.32|111.88|109.79|110.5|20927
2020.09.23 17:30:00|110.51|111.08|109.98|110.23|16393
2020.09.23 18:30:00|110.22|110.39|108.82|109.22|13663
2020.09.23 19:30:00|109.2|109.96|109|109.12|9747
2020.09.23 20:30:00|109.13|109.23|107.53|107.81|14080
2020.09.23 21:30:00|107.83|108.11|106.58|107.44|20763
2020.09.23 22:30:00|107.45|107.8|106.55|106.99|11773
2020.09.24 16:30:00|105.71|108.96|105.5|107.91|25228
2020.09.24 17:30:00|107.89|109.28|107.31|109.03|22032
2020.09.24 18:30:00|109.04|109.91|108.86|109.28|15788
2020.09.24 19:30:00|109.29|109.57|108.36|109.46|11147
2020.09.24 20:30:00|109.47|109.89|108.48|108.65|12189
2020.09.24 21:30:00|108.64|109.07|107.3|107.62|17965
2020.09.24 22:30:00|107.61|108.69|107.22|107.9|10547
2020.09.25 16:30:00|108.18|109.8|107.37|109.59|24147
2020.09.25 17:30:00|109.59|110.63|109.43|110.12|17580
2020.09.25 18:30:00|110.13|110.4|109.51|109.97|11879
2020.09.25 19:30:00|109.97|110.65|109.77|110.44|8684
2020.09.25 20:30:00|110.45|111.33|110.28|111.19|8533
2020.09.25 21:30:00|111.2|112.01|110.98|111.69|10435
2020.09.25 22:30:00|111.68|112.13|111.47|111.98|6025
2020.09.28 16:30:00|113.93|114.28|112.48|113.23|22662
2020.09.28 17:30:00|113.22|113.4|112.52|113.23|14351
2020.09.28 18:30:00|113.24|113.54|112.83|113.04|10588
2020.09.28 19:30:00|113.04|114.08|112.96|113.94|8185
2020.09.28 20:30:00|113.95|114.4|113.51|113.82|10011
2020.09.28 21:30:00|113.83|114.46|113.72|114.42|7859
2020.09.28 22:30:00|114.43|114.69|113.86|114.68|6840
2020.09.29 16:30:00|114.3|115.01|113.46|114.02|17014
2020.09.29 17:30:00|114.03|114.06|113.27|113.79|12749
2020.09.29 18:30:00|113.8|114.17|113.48|113.73|8821
2020.09.29 19:30:00|113.72|113.96|113.38|113.67|6550
2020.09.29 20:30:00|113.66|114.19|113.63|114.11|6565
2020.09.29 21:30:00|114.1|114.39|113.82|113.95|7394
2020.09.29 22:30:00|113.95|114.05|113.55|113.81|4177
2020.09.30 16:30:00|113.92|116.17|113.79|115.83|21239
2020.09.30 17:30:00|115.83|116.11|115.41|115.51|11901
2020.09.30 18:30:00|115.51|116.58|115.46|116.29|7937
2020.09.30 19:30:00|116.28|116.43|115.48|115.96|7276
2020.09.30 20:30:00|115.96|116.93|115.94|116.44|10802
2020.09.30 21:30:00|116.44|116.44|114.66|115.28|20084
2020.09.30 22:30:00|115.29|116.09|114.85|115.39|9429
2020.10.01 16:30:00|116.77|117.07|115.86|116.35|18713
2020.10.01 17:30:00|116.34|116.71|115.84|116.34|13404
2020.10.01 18:30:00|116.35|116.58|115.53|115.95|9019
2020.10.01 19:30:00|115.94|116.24|115.71|116.08|7552
2020.10.01 20:30:00|116.08|116.61|115.61|116.11|14144
2020.10.01 21:30:00|116.1|116.68|115.99|116.08|9313
2020.10.01 22:30:00|116.07|116.67|115.82|116.46|4887
2020.10.02 16:30:00|113.3|114.97|113.27|114.88|22563
2020.10.02 17:30:00|114.87|115.07|114.07|114.14|16200
2020.10.02 18:30:00|114.14|114.24|112.26|113.9|20195
2020.10.02 19:30:00|113.89|114.19|113.2|113.59|13210
2020.10.02 20:30:00|113.6|113.97|112.98|113.45|11331
2020.10.02 21:30:00|113.44|113.62|112.85|113.16|13935
2020.10.02 22:30:00|113.17|113.62|112.7|112.71|5628
2020.10.05 16:30:00|113.67|114.89|113.48|114.66|13197
2020.10.05 17:30:00|114.67|115.18|114.52|115.02|6812
2020.10.05 18:30:00|115.01|115.47|114.61|115.4|4102
2020.10.05 19:30:00|115.41|115.79|115.22|115.59|3017
2020.10.05 20:30:00|115.6|115.64|114.88|114.95|3788
2020.10.05 21:30:00|114.94|116.09|114.93|116.01|4461
2020.10.05 22:30:00|116.01|116.33|115.78|116.15|3103
2020.10.06 16:30:00|115.58|115.79|114.23|114.9|14034
2020.10.06 17:30:00|114.89|115.05|113.36|113.72|11392
2020.10.06 18:30:00|113.72|114.9|113.17|114.61|12302
2020.10.06 19:30:00|114.62|115.32|114.39|114.91|6132
2020.10.06 20:30:00|114.9|115.29|114.48|115.14|5605
2020.10.06 21:30:00|115.14|115.71|111.95|113.49|28547
2020.10.06 22:30:00|113.49|113.71|112.51|112.83|9878
2020.10.07 16:30:00|114.22|114.93|113.83|113.97|13688
2020.10.07 17:30:00|113.97|114.8|113.87|114.76|6847
2020.10.07 18:30:00|114.77|114.85|113.82|114.17|4920
2020.10.07 19:30:00|114.17|114.81|114.16|114.79|4742
2020.10.07 20:30:00|114.79|115.17|114.69|115.04|4099
2020.10.07 21:30:00|115.03|115.14|114.76|114.83|3487
2020.10.07 22:30:00|114.84|114.95|114.54|114.75|2767
2020.10.08 16:30:00|115.75|115.77|114.75|114.9|13538
2020.10.08 17:30:00|114.92|115.47|114.8|115.14|5518
2020.10.08 18:30:00|115.15|115.23|114.62|115.05|4749
2020.10.08 19:30:00|115.06|115.11|114.35|114.53|3986
2020.10.08 20:30:00|114.52|114.72|114.29|114.6|4191
2020.10.08 21:30:00|114.6|114.83|114.51|114.66|3370
2020.10.08 22:30:00|114.67|114.69|114.5|114.65|2104
2020.10.09 16:30:00|114.83|115.97|114.61|115.66|10504
2020.10.09 17:30:00|115.67|116.06|115.62|115.71|4894
2020.10.09 18:30:00|115.7|116.04|115.47|115.71|4730
2020.10.09 19:30:00|115.7|116.32|115.67|115.89|3652
2020.10.09 20:30:00|115.9|116.11|115.69|115.93|3042
2020.10.09 21:30:00|115.94|116.28|115.73|116.27|3478
2020.10.09 22:30:00|116.26|116.69|116.05|116.63|2407
2020.10.12 16:30:00|119.24|121.18|118.98|120.61|16362
2020.10.12 17:30:00|120.61|122.33|120.46|122.22|9468
2020.10.12 18:30:00|122.23|123.32|121.99|122.96|15089
2020.10.12 19:30:00|122.95|123.69|122.74|123.68|11251
2020.10.12 20:30:00|123.69|124.87|123.61|124.75|11776
2020.10.12 21:30:00|124.74|124.79|123.32|124.01|14746
2020.10.12 22:30:00|124|124.34|123.66|124.11|6113
2020.10.13 16:30:00|124.56|124.58|121.22|123.46|24670
2020.10.13 17:30:00|123.46|124.43|122.73|124.13|14119
2020.10.13 18:30:00|124.12|124.31|122.18|122.77|12637
2020.10.13 19:30:00|122.77|123.37|120.48|122.28|20404
2020.10.13 20:30:00|122.28|122.35|119.39|120.59|28629
2020.10.13 21:30:00|120.59|121.88|120.17|121.49|17232
2020.10.13 22:30:00|121.5|121.74|120.73|120.75|5672
2020.10.14 16:30:00|120.1|122.72|119.74|121.37|17892
2020.10.14 17:30:00|121.38|122.08|120.88|121.31|9552
2020.10.14 18:30:00|121.3|121.42|119.41|119.94|11286
2020.10.14 19:30:00|119.95|120.46|119.7|119.83|8771
2020.10.14 20:30:00|119.84|120.89|119.32|120.53|8758
2020.10.14 21:30:00|120.51|121.42|120.22|121.17|8636
2020.10.14 22:30:00|121.17|121.69|120.84|120.88|5275
2020.10.15 16:30:00|118.97|120.33|118.83|119.23|16080
2020.10.15 17:30:00|119.24|119.8|118.71|119.53|9698
2020.10.15 18:30:00|119.54|120.34|119.47|119.55|7078
2020.10.15 19:30:00|119.56|119.77|119.09|119.25|6513
2020.10.15 20:30:00|119.26|120.33|119.17|120.3|5713
2020.10.15 21:30:00|120.29|120.89|119.9|120.65|6702
2020.10.15 22:30:00|120.66|120.79|120.28|120.45|4250
2020.10.16 16:30:00|121.11|121.13|120.01|120.85|10862
2020.10.16 17:30:00|120.86|120.92|119.23|119.59|7762
2020.10.16 18:30:00|119.58|119.81|119.16|119.52|5457
2020.10.16 19:30:00|119.53|120|118.99|119.75|5580
2020.10.16 20:30:00|119.76|120.05|119.57|119.86|4347
2020.10.16 21:30:00|119.87|120.19|119.41|119.59|5054
2020.10.16 22:30:00|119.6|119.64|118.54|118.71|4497
2020.10.19 16:30:00|119.41|120.11|118.49|119.19|13153
2020.10.19 17:30:00|119.2|119.39|117.87|118.81|12217
2020.10.19 18:30:00|118.82|119.19|118.1|118.51|8850
2020.10.19 19:30:00|118.5|118.83|118.28|118.39|6006
2020.10.19 20:30:00|118.39|118.44|117.23|117.52|7999
2020.10.19 21:30:00|117.51|117.52|115.86|116.07|13783
2020.10.19 22:30:00|116.07|116.59|115.36|115.73|5208
2020.10.20 16:30:00|115.87|117.31|115.33|116.57|18294
2020.10.20 17:30:00|116.58|116.97|115.63|116.42|12134
2020.10.20 18:30:00|116.43|117.24|116.1|117.08|7129
2020.10.20 19:30:00|117.09|118.39|116.94|118.22|9235
2020.10.20 20:30:00|118.23|118.67|117.45|117.75|9017
2020.10.20 21:30:00|117.76|118.11|116.64|117.3|14252
2020.10.20 22:30:00|117.31|117.88|116.86|117.17|6755
2020.10.21 16:30:00|116.74|118.05|116.54|117.89|11712
2020.10.21 17:30:00|117.89|118.4|116.97|117.18|8269
2020.10.21 18:30:00|117.18|117.79|116.63|117.2|9758
2020.10.21 19:30:00|117.19|117.26|116.43|117|9219
2020.10.21 20:30:00|117.01|117.25|116.66|117.1|6747
2020.10.21 21:30:00|117.11|117.74|117.06|117.55|6261
2020.10.21 22:30:00|117.54|117.68|116.51|116.53|4102
2020.10.22 16:30:00|117.51|117.73|115.87|115.9|13414
2020.10.22 17:30:00|115.88|115.94|114.34|115.48|15104
2020.10.22 18:30:00|115.49|115.6|114.75|115.04|7359
2020.10.22 19:30:00|115.03|115.82|114.67|115.64|5527
2020.10.22 20:30:00|115.64|115.69|115.02|115.36|6716
2020.10.22 21:30:00|115.35|115.79|115.2|115.69|5325
2020.10.22 22:30:00|115.7|116.03|115.3|115.43|4479
2020.10.23 16:30:00|116.18|116.18|114.43|114.75|9293
2020.10.23 17:30:00|114.74|115.04|114.24|114.56|5888
2020.10.23 18:30:00|114.55|114.68|113.98|114.18|6589
2020.10.23 19:30:00|114.17|114.8|114.12|114.7|4703
2020.10.23 20:30:00|114.69|114.85|114.41|114.47|3201
2020.10.23 21:30:00|114.46|114.54|114.1|114.29|3291
2020.10.23 22:30:00|114.29|114.78|114.1|114.72|2569
2020.10.26 15:30:00|114.12|116.24|114.12|115.32|12362
2020.10.26 16:30:00|115.32|115.32|113.98|114.03|12189
2020.10.26 17:30:00|114.04|114.37|113.59|114.18|10869
2020.10.26 18:30:00|114.17|114.17|112.88|112.9|8935
2020.10.26 19:30:00|112.89|113.93|112.58|113.84|9093
2020.10.26 20:30:00|113.85|114.4|113.58|114.39|8673
2020.10.26 21:30:00|114.39|114.89|113.97|114.81|6130
2020.10.27 15:30:00|115|116.14|114.23|115.53|14775
2020.10.27 16:30:00|115.55|116.54|115.37|116.12|7573
2020.10.27 17:30:00|116.12|116.97|115.81|116.46|5343
2020.10.27 18:30:00|116.47|116.85|116.15|116.2|5475
2020.10.27 19:30:00|116.19|116.5|115.67|115.98|4925
2020.10.27 20:30:00|115.99|116.32|115.61|116.3|5590
2020.10.27 21:30:00|116.29|116.69|116.23|116.24|4083
2020.10.28 15:30:00|114.89|114.93|111.65|112.06|23524
2020.10.28 16:30:00|112.07|112.57|111.75|111.9|15259
2020.10.28 17:30:00|111.89|113.06|111.7|112.65|10176
2020.10.28 18:30:00|112.66|112.87|111.75|112.23|8134
2020.10.28 19:30:00|112.23|112.95|112.12|112.93|8565
2020.10.28 20:30:00|112.94|113.07|112.18|112.42|11094
2020.10.28 21:30:00|112.4|112.89|110.85|111.06|7814
2020.10.29 15:30:00|112.95|114.06|112.47|114.06|21995
2020.10.29 16:30:00|114.07|114.64|113.3|114.41|10089
2020.10.29 17:30:00|114.42|114.94|113.87|114.74|6892
2020.10.29 18:30:00|114.75|115.66|114.6|115.62|6117
2020.10.29 19:30:00|115.61|116.52|115.42|116.44|5887
2020.10.29 20:30:00|116.43|116.62|115.4|116.01|11759
2020.10.29 21:30:00|116.02|116.43|114.28|114.36|6032
2020.10.30 15:30:00|110.89|111.67|108.02|108.66|30270
2020.10.30 16:30:00|108.65|109.54|108.17|108.95|26222
2020.10.30 17:30:00|108.95|109.66|108.4|109.17|13871
2020.10.30 18:30:00|109.16|109.17|108.2|108.55|10665
2020.10.30 19:30:00|108.55|108.55|107.8|107.93|12126
2020.10.30 20:30:00|107.92|108.37|107.42|107.79|15899
2020.10.30 21:30:00|107.79|108.93|107.55|108.77|9311
2020.11.02 16:30:00|109.05|110.36|108.74|109.51|18613
2020.11.02 17:30:00|109.5|109.54|107.47|107.69|9832
2020.11.02 18:30:00|107.72|108.29|107.42|108.21|8906
2020.11.02 19:30:00|108.2|108.2|107.25|107.74|7293
2020.11.02 20:30:00|107.74|107.94|107.02|107.5|7586
2020.11.02 21:30:00|107.51|108.03|107.26|107.92|8073
2020.11.02 22:30:00|107.93|108.46|107.48|108.39|6043
2020.11.03 16:30:00|109.03|110.76|108.42|110.38|13619
2020.11.03 17:30:00|110.4|111.08|110.1|110.58|9589
2020.11.03 18:30:00|110.59|111.14|110.23|110.73|7489
2020.11.03 19:30:00|110.74|110.75|110.13|110.23|4936
2020.11.03 20:30:00|110.25|110.37|109.46|109.78|7740
2020.11.03 21:30:00|109.77|110.55|109.67|110.55|7045
2020.11.03 22:30:00|110.56|111.15|110.01|110.07|7071
2020.11.04 16:30:00|113.63|115.19|112.05|114.62|27700
2020.11.04 17:30:00|114.63|114.68|113.51|114.07|14666
2020.11.04 18:30:00|114.07|115.14|114.03|114.95|10751
2020.11.04 19:30:00|114.97|115.27|114.41|114.9|10039
2020.11.04 20:30:00|114.9|115.2|114.14|114.57|10857
2020.11.04 21:30:00|114.58|115.04|114.16|114.47|10102
2020.11.04 22:30:00|114.48|115.19|114.38|114.62|7280
2020.11.05 16:30:00|117.26|119.31|116.56|117.41|19803
2020.11.05 17:30:00|117.4|118.28|117.39|118|11990
2020.11.05 18:30:00|118.01|118.08|117.11|117.29|7823
2020.11.05 19:30:00|117.3|118.07|117.15|117.92|5437
2020.11.05 20:30:00|117.93|118.55|117.72|118.51|6022
2020.11.05 21:30:00|118.52|118.98|118.27|118.72|8189
2020.11.05 22:30:00|118.71|118.99|118.15|118.79|5422
2020.11.06 16:30:00|118.03|118.26|115.83|117.16|16568
2020.11.06 17:30:00|117.15|117.83|116.84|117.83|10132
2020.11.06 18:30:00|117.82|118.88|117.72|118.13|9022
2020.11.06 19:30:00|118.14|118.89|118.14|118.8|6065
2020.11.06 20:30:00|118.8|118.86|118.54|118.58|4398
2020.11.06 21:30:00|118.59|118.73|117.79|118.06|7549
2020.11.06 22:30:00|118.05|118.74|117.95|118.38|5256
2020.11.09 16:30:00|120.37|121.48|118.2|121.31|28739
2020.11.09 17:30:00|121.3|121.68|119.43|121.24|20556
2020.11.09 18:30:00|121.25|121.37|119.7|120.34|17025
2020.11.09 19:30:00|120.35|120.69|119.73|119.75|10643
2020.11.09 20:30:00|119.74|119.84|118.34|118.62|10658
2020.11.09 21:30:00|118.61|118.82|117.62|117.73|16137
2020.11.09 22:30:00|117.74|118.14|115.77|115.94|10305
2020.11.10 16:30:00|115.63|117.27|115.17|115.17|24508
2020.11.10 17:30:00|115.17|116.29|113.82|116.26|18504
2020.11.10 18:30:00|116.25|117.16|116.01|116.51|12928
2020.11.10 19:30:00|116.5|117.28|115.51|116.27|14017
2020.11.10 20:30:00|116.27|116.97|115.58|116.09|15469
2020.11.10 21:30:00|116.08|116.95|115.88|116.63|16996
2020.11.10 22:30:00|116.63|116.71|115.43|115.8|7348
2020.11.11 16:30:00|116.55|118.1|116.14|117.9|16403
2020.11.11 17:30:00|117.91|118.19|117.49|117.94|7831
2020.11.11 18:30:00|117.95|118.8|117.79|118.69|4715
2020.11.11 19:30:00|118.7|119.19|118.7|118.91|4607
2020.11.11 20:30:00|118.9|119.25|118.72|118.84|5317
2020.11.11 21:30:00|118.83|119.1|118.4|118.59|6259
2020.11.11 22:30:00|118.6|119.32|118.56|119.19|3363
2020.11.12 16:30:00|119.31|119.87|118.51|119.68|13885
2020.11.12 17:30:00|119.69|120.22|119.35|119.56|5777
2020.11.12 18:30:00|119.57|119.9|118.73|119.36|5838
2020.11.12 19:30:00|119.32|119.76|118.58|118.64|10180
2020.11.12 20:30:00|118.63|118.99|118.27|118.58|8441
2020.11.12 21:30:00|118.57|119.16|118.28|118.72|9797
2020.11.12 22:30:00|118.72|118.99|118.5|118.94|4630
2020.11.13 16:30:00|119.17|119.3|117.62|118.38|11338
2020.11.13 17:30:00|118.36|118.37|117.57|117.95|7311
2020.11.13 18:30:00|117.94|118.68|117.7|118.47|4328
2020.11.13 19:30:00|118.48|118.95|118.32|118.73|3663
2020.11.13 20:30:00|118.74|118.76|117.9|118.2|4381
2020.11.13 21:30:00|118.21|118.93|118.17|118.86|3267
2020.11.13 22:30:00|118.88|119.26|118.85|118.95|3292
2020.11.16 16:30:00|118.58|120.42|117.84|120.17|15368
2020.11.16 17:30:00|120.17|120.52|119.83|120.17|7082
2020.11.16 18:30:00|120.16|120.68|120.02|120.34|3353
2020.11.16 19:30:00|120.33|120.52|119.85|119.87|4138
2020.11.16 20:30:00|119.88|120.12|119.7|120.01|3408
2020.11.16 21:30:00|120.02|120.02|119.33|119.62|5142
2020.11.16 22:30:00|119.61|120.17|119.43|120.04|3157
2020.11.17 16:30:00|119.65|119.99|118.67|119.54|11222
2020.11.17 17:30:00|119.56|120.22|119.3|119.51|4679
2020.11.17 18:30:00|119.52|120.03|119.38|119.9|4219
2020.11.17 19:30:00|119.91|120.37|119.89|120.17|3080
2020.11.17 20:30:00|120.18|120.31|119.95|120|2267
2020.11.17 21:30:00|119.99|120.24|119.24|119.46|4199
2020.11.17 22:30:00|119.45|119.51|119.02|119.1|5060
2020.11.18 16:30:00|118.58|119.08|117.94|118.73|10700
2020.11.18 17:30:00|118.73|119.19|118.44|118.96|3814
2020.11.18 18:30:00|118.97|119.52|118.91|119.27|3551
2020.11.18 19:30:00|119.28|119.47|118.95|118.96|2556
2020.11.18 20:30:00|118.95|119.21|118.5|118.72|4752
2020.11.18 21:30:00|118.71|119.31|118.6|119.07|4233
2020.11.18 22:30:00|119.08|119.13|117.7|117.71|6263
2020.11.19 16:30:00|117.53|117.86|116.5|117.67|13298
2020.11.19 17:30:00|117.68|117.99|117.35|117.79|4152
2020.11.19 18:30:00|117.8|118.07|117.4|117.55|3649
2020.11.19 19:30:00|117.55|117.68|117.24|117.48|2836
2020.11.19 20:30:00|117.49|117.87|117.45|117.74|2273
2020.11.19 21:30:00|117.75|118.51|117.73|118.33|3331
2020.11.19 22:30:00|118.32|118.69|118.22|118.35|3197
2020.11.20 16:30:00|118.04|118.17|117.54|117.97|9224
2020.11.20 17:30:00|117.96|118.46|117.87|118.15|2424
2020.11.20 18:30:00|118.14|118.16|117.58|117.89|3183
2020.11.20 19:30:00|117.88|117.99|117.66|117.81|2194
2020.11.20 20:30:00|117.82|117.89|117.58|117.71|1937
2020.11.20 21:30:00|117.71|117.71|117.21|117.26|2961
2020.11.20 22:30:00|117.26|117.55|117|117.04|2779
2020.11.23 16:30:00|116.87|117.32|114.8|115.09|12654
2020.11.23 17:30:00|115.08|115.4|113.92|114.04|8703
2020.11.23 18:30:00|114.05|114.89|113.5|114.82|6712
2020.11.23 19:30:00|114.81|115.05|114.55|114.69|3114
2020.11.23 20:30:00|114.7|114.72|113.71|113.75|4864
2020.11.23 21:30:00|113.76|114.17|113.7|113.73|4282
2020.11.23 22:30:00|113.72|113.87|113.45|113.55|2553
2020.11.24 16:30:00|113.63|113.72|112.29|113.1|10006
2020.11.24 17:30:00|113.1|114.81|113.04|114.61|6387
2020.11.24 18:30:00|114.6|115.07|113.93|114.36|5264
2020.11.24 19:30:00|114.37|115|114.25|114.74|4029
2020.11.24 20:30:00|114.75|115.55|114.67|114.77|5474
2020.11.24 21:30:00|114.78|115.41|114.7|115.37|4159
2020.11.24 22:30:00|115.36|115.43|114.67|114.86|3866
2020.11.25 16:30:00|115.37|116.3|114.87|115.67|13391
2020.11.25 17:30:00|115.68|116.45|115.58|115.87|5531
2020.11.25 18:30:00|115.87|116.02|115.4|115.64|5100
2020.11.25 19:30:00|115.63|116.03|115.56|115.72|3551
2020.11.25 20:30:00|115.71|115.81|115.43|115.73|4020
2020.11.25 21:30:00|115.74|116.06|115.51|116.03|3820
2020.11.25 22:30:00|116.04|116.16|115.65|115.72|2663
2020.11.27 16:30:00|116.33|117|116.25|116.92|8126
2020.11.27 17:30:00|116.91|117.17|116.52|116.73|3500
2020.11.27 18:30:00|116.74|116.84|116.01|116.22|2882
2020.11.27 19:30:00|116.21|116.3|115.91|116.29|2451
2020.11.30 16:30:00|117.11|119.19|117.1|118.4|13339
2020.11.30 17:30:00|118.39|118.48|116.61|117.47|11541
2020.11.30 18:30:00|117.46|118.76|117.2|118.73|5909
2020.11.30 19:30:00|118.74|118.92|118.38|118.76|4302
2020.11.30 20:30:00|118.77|119.89|118.68|119.89|3916
2020.11.30 21:30:00|119.88|120.66|119.83|120.11|5332
2020.11.30 22:30:00|120.1|120.36|118.8|119.21|5463
2020.12.01 16:30:00|120.35|122.65|119.71|121.76|13065
2020.12.01 17:30:00|121.77|122.53|121.31|122.4|8549
2020.12.01 18:30:00|122.41|123.16|122.18|122.59|6347
2020.12.01 19:30:00|122.59|122.81|122.26|122.71|4766
2020.12.01 20:30:00|122.72|122.99|122.41|122.79|3776
2020.12.01 21:30:00|122.78|122.91|121.76|122.32|5468
2020.12.01 22:30:00|122.33|122.65|122.01|122.33|3997
2020.12.02 16:30:00|121.98|122.31|120.59|121.92|12899
2020.12.02 17:30:00|121.91|122.09|121.4|122.03|5390
2020.12.02 18:30:00|122.02|122.65|121.91|122.62|5589
2020.12.02 19:30:00|122.63|123.06|122.4|122.96|4805
2020.12.02 20:30:00|122.95|123.03|122.4|122.74|5051
2020.12.02 21:30:00|122.73|122.88|122.35|122.63|4551
2020.12.02 22:30:00|122.64|122.93|122.6|122.76|3516
2020.12.03 16:30:00|123.44|123.44|122.39|122.6|9189
2020.12.03 17:30:00|122.61|122.97|121.91|122.52|6716
2020.12.03 18:30:00|122.52|122.89|122.48|122.6|4785
2020.12.03 19:30:00|122.6|122.78|122.42|122.68|4487
2020.12.03 20:30:00|122.67|122.7|122.29|122.55|4306
2020.12.03 21:30:00|122.54|123.02|122.51|122.92|3237
2020.12.03 22:30:00|122.93|123.02|122.23|122.62|5706
2020.12.04 16:30:00|122.31|122.31|121.22|121.23|9032
2020.12.04 17:30:00|121.24|121.98|121.23|121.97|4025
2020.12.04 18:30:00|121.98|122.36|121.52|121.58|4272
2020.12.04 19:30:00|121.59|121.9|121.56|121.65|2374
2020.12.04 20:30:00|121.66|121.77|121.37|121.42|1718
2020.12.04 21:30:00|121.41|121.9|121.39|121.71|2364
2020.12.04 22:30:00|121.72|121.99|121.58|121.84|1422
2020.12.07 16:30:00|122.43|124.26|122.3|123.54|9083
2020.12.07 17:30:00|123.55|124.04|123.42|123.83|4785
2020.12.07 18:30:00|123.82|124.05|123.49|123.86|4107
2020.12.07 19:30:00|123.85|123.96|123.5|123.56|3446
2020.12.07 20:30:00|123.55|123.9|123.11|123.82|4059
2020.12.07 21:30:00|123.83|123.98|123.29|123.52|2699
2020.12.07 22:30:00|123.51|123.59|123|123.43|2885
2020.12.08 16:30:00|123.91|124.21|122.93|123.04|9575
2020.12.08 17:30:00|123.03|123.24|122.79|123.18|3206
2020.12.08 18:30:00|123.18|123.84|123.14|123.76|3245
2020.12.08 19:30:00|123.75|124.52|123.73|124.4|2985
2020.12.08 20:30:00|124.41|124.56|124.09|124.47|3307
2020.12.08 21:30:00|124.48|124.67|124.37|124.53|2426
2020.12.08 22:30:00|124.52|124.59|124.02|124.03|2132
2020.12.09 16:30:00|124.15|125.64|123.58|124.77|11117
2020.12.09 17:30:00|124.78|125.16|124.5|124.92|5864
2020.12.09 18:30:00|124.91|124.98|123.8|124.07|3784
2020.12.09 19:30:00|124.06|124.06|122.33|122.49|10979
2020.12.09 20:30:00|122.48|122.49|121.32|121.91|16926
2020.12.09 21:30:00|121.9|121.94|120.77|120.95|12522
2020.12.09 22:30:00|120.95|121.9|120.9|121.43|4812
2020.12.10 16:30:00|120.78|122.87|120.53|122.68|12824
2020.12.10 17:30:00|122.7|123.52|122.43|123.47|7661
2020.12.10 18:30:00|123.48|123.56|122.56|122.97|6001
2020.12.10 19:30:00|122.98|123.22|122.41|123.22|4770
2020.12.10 20:30:00|123.22|123.31|122.81|122.85|5986
2020.12.10 21:30:00|122.84|123.16|122.42|122.86|5089
2020.12.10 22:30:00|122.87|123.27|122.85|123|2169
2020.12.11 16:30:00|122.44|122.45|120.59|121.27|9130
2020.12.11 17:30:00|121.27|121.4|120.76|120.77|3769
2020.12.11 18:30:00|120.78|121.02|120.25|120.47|3792
2020.12.11 19:30:00|120.48|121.37|120.3|121.09|3860
2020.12.11 20:30:00|121.1|121.68|121.03|121.47|3426
2020.12.11 21:30:00|121.49|122.1|121.42|121.86|4029
2020.12.11 22:30:00|121.88|122.12|121.54|122.09|2767
2020.12.14 16:30:00|122.74|123.03|122.34|122.6|7217
2020.12.14 17:30:00|122.6|122.88|122.18|122.69|4865
2020.12.14 18:30:00|122.7|122.79|122.37|122.61|4322
2020.12.14 19:30:00|122.6|122.66|121.82|121.84|3887
2020.12.14 20:30:00|121.85|122.23|121.82|122.17|3964
2020.12.14 21:30:00|122.17|122.18|121.57|122|4301
2020.12.14 22:30:00|121.99|122.07|121.31|121.38|3572
2020.12.15 16:30:00|123.95|126.66|123.94|125.42|11825
2020.12.15 17:30:00|125.43|125.83|124.83|125.53|8767
2020.12.15 18:30:00|125.52|126.11|125.27|126.07|4822
2020.12.15 19:30:00|126.08|126.64|125.94|126.55|3791
2020.12.15 20:30:00|126.56|126.99|126.18|126.86|3571
2020.12.15 21:30:00|126.86|127.33|126.73|127.32|3396
2020.12.15 22:30:00|127.31|127.59|126.96|127.59|2895
2020.12.16 16:30:00|127.36|127.56|126.26|126.79|8592
2020.12.16 17:30:00|126.8|127.14|126.39|126.73|4443
2020.12.16 18:30:00|126.72|127.7|126.72|127.25|3835
2020.12.16 19:30:00|127.24|127.49|126.97|127.07|3241
2020.12.16 20:30:00|127.06|127.63|126.98|127.09|5067
2020.12.16 21:30:00|127.1|127.93|127.08|127.8|4536
2020.12.16 22:30:00|127.81|128.06|127.39|127.44|3843
2020.12.17 16:30:00|128.34|129.26|127.9|128.74|8208
2020.12.17 17:30:00|128.73|128.89|128.3|128.37|4087
2020.12.17 18:30:00|128.37|128.4|127.74|128.11|3486
2020.12.17 19:30:00|128.11|128.4|127.84|128.2|2563
2020.12.17 20:30:00|128.21|128.36|127.92|127.98|2179
2020.12.17 21:30:00|127.99|128.23|127.82|128.06|2900
2020.12.17 22:30:00|128.07|128.52|127.99|128.33|2705
2020.12.18 16:30:00|128.4|128.43|126.78|127.08|10178
2020.12.18 17:30:00|127.09|127.63|126.92|127.13|5463
2020.12.18 18:30:00|127.11|127.47|126.99|127.34|2215
2020.12.18 19:30:00|127.33|127.54|126.85|126.86|1526
2020.12.18 20:30:00|126.85|126.87|126.12|126.44|2943
2020.12.18 21:30:00|126.45|126.73|125.82|126.24|4252
2020.12.18 22:30:00|126.25|126.68|125.97|126.62|6560
2020.12.21 16:30:00|125.16|126.31|123.59|123.72|13875
2020.12.21 17:30:00|123.71|124.48|123.14|124.27|9054
2020.12.21 18:30:00|124.28|125.41|124.27|125.39|4231
2020.12.21 19:30:00|125.38|126.14|125.27|126.11|4154
2020.12.21 20:30:00|126.1|126.97|126.1|126.68|4776
2020.12.21 21:30:00|126.69|126.75|125.97|126.18|4540
2020.12.21 22:30:00|126.18|128|125.84|127.88|9646
2020.12.22 16:30:00|130.72|134.1|130.1|132.82|22019
2020.12.22 17:30:00|132.82|133.11|130.71|131.38|13424
2020.12.22 18:30:00|131.39|131.84|129.35|131.27|15751
2020.12.22 19:30:00|131.28|132.64|131.16|132.39|10089
2020.12.22 20:30:00|132.39|132.83|131.99|132.34|7651
2020.12.22 21:30:00|132.35|132.35|131.32|131.42|6897
2020.12.22 22:30:00|131.41|131.57|130.92|131.51|3692
2020.12.23 16:30:00|131.67|131.99|130.48|131.43|14540
2020.12.23 17:30:00|131.42|131.58|130.86|131.08|7407
2020.12.23 18:30:00|131.09|131.81|130.9|131.75|3889
2020.12.23 19:30:00|131.75|131.94|131.5|131.77|2789
2020.12.23 20:30:00|131.76|131.78|131.32|131.47|2813
2020.12.23 21:30:00|131.46|131.56|131.26|131.3|2598
2020.12.23 22:30:00|131.31|131.57|130.62|130.64|2917
2020.12.24 16:30:00|131.11|132.87|130.99|132.83|11613
2020.12.24 17:30:00|132.84|133.15|131.81|131.84|6377
2020.12.24 18:30:00|131.85|132.05|131.29|131.57|5215
2020.12.24 19:30:00|131.58|131.73|131.31|131.67|3362
2020.12.28 16:30:00|133.37|135.43|133.27|134.61|16263
2020.12.28 17:30:00|134.6|135.69|134.55|135.48|6283
2020.12.28 18:30:00|135.49|136.1|135.46|135.77|5436
2020.12.28 19:30:00|135.78|136.13|135.66|135.94|3994
2020.12.28 20:30:00|135.92|136.46|135.68|136.44|3197
2020.12.28 21:30:00|136.43|137.04|136.37|136.54|3878
2020.12.28 22:30:00|136.53|136.68|136.04|136.45|4052
2020.12.29 16:30:00|137.48|138.48|135.21|135.68|19797
2020.12.29 17:30:00|135.69|137.1|135.52|136.99|9372
2020.12.29 18:30:00|136.98|137.26|136.06|136.18|7286
2020.12.29 19:30:00|136.17|136.22|135.37|135.78|7761
2020.12.29 20:30:00|135.77|136.08|135.38|135.49|4573
2020.12.29 21:30:00|135.48|135.54|134.82|135.06|5451
2020.12.29 22:30:00|135.07|135.23|134.04|134.58|4873
2020.12.30 16:30:00|134.93|135.68|133.35|133.7|14309
2020.12.30 17:30:00|133.71|134.47|133.26|134.31|6140
2020.12.30 18:30:00|134.33|134.87|134.23|134.37|5177
2020.12.30 19:30:00|134.38|134.4|133.9|134.15|3553
2020.12.30 20:30:00|134.14|134.31|133.56|133.69|3610
2020.12.30 21:30:00|133.68|133.7|133.1|133.4|4143
2020.12.30 22:30:00|133.41|133.88|133.19|133.53|3482
2020.12.31 16:30:00|133.66|134.41|132.35|132.58|11073
2020.12.31 17:30:00|132.57|132.99|132.14|132.22|4859
2020.12.31 18:30:00|132.23|132.49|131.42|132.31|5380
2020.12.31 19:30:00|132.3|132.41|132.01|132.26|3482
2020.12.31 20:30:00|132.27|132.28|131.79|131.8|1443
2021.01.04 16:30:00|132.81|133.13|130.08|130.75|16897
2021.01.04 17:30:00|130.76|131|129.11|129.61|13217
2021.01.04 18:30:00|129.59|129.78|126.45|127.94|15761
2021.01.04 19:30:00|127.91|128.8|127.33|128.73|10856
2021.01.04 20:30:00|128.71|128.89|128.29|128.66|8411
2021.01.04 21:30:00|128.65|129.27|128.34|128.76|10105
2021.01.04 22:30:00|128.75|129.44|128.45|129.14|5093
2021.01.05 16:30:00|129.23|131.43|128.96|130.75|14540
2021.01.05 17:30:00|130.76|131.11|129.63|130.05|9738
2021.01.05 18:30:00|130.07|130.36|129.54|129.84|6440
2021.01.05 19:30:00|129.85|130.03|129.55|129.74|3119
2021.01.05 20:30:00|129.75|130.94|129.74|130.8|4613
2021.01.05 21:30:00|130.81|131.1|130.51|130.52|4547
2021.01.05 22:30:00|130.53|131.08|130.45|130.66|3205
2021.01.06 16:30:00|127.45|128.9|126.27|128.65|15931
2021.01.06 17:30:00|128.65|130.74|128.51|130.11|9311
2021.01.06 18:30:00|130.11|130.46|129.59|130.02|8328
2021.01.06 19:30:00|130.02|130.23|128.91|128.92|6295
2021.01.06 20:30:00|128.93|129.29|127.45|127.51|7670
2021.01.06 21:30:00|127.49|127.91|126.64|127.18|15899
2021.01.06 22:30:00|127.17|127.29|126.08|126.37|7754
2021.01.07 16:30:00|127.84|130.01|127.56|129.53|15816
2021.01.07 17:30:00|129.53|130.72|129.39|130.26|8651
2021.01.07 18:30:00|130.25|130.65|129.55|129.75|6655
2021.01.07 19:30:00|129.75|130.33|129.71|130.05|4250
2021.01.07 20:30:00|130.06|130.33|129.9|130.31|3773
2021.01.07 21:30:00|130.33|130.91|130.11|130.9|4596
2021.01.07 22:30:00|130.91|131.32|130.54|130.57|2891
2021.01.08 16:30:00|131.7|132.31|129.96|130.07|17987
2021.01.08 17:30:00|130.08|131.19|130.02|130.77|10276
2021.01.08 18:30:00|130.78|132.26|130.68|131.85|7353
2021.01.08 19:30:00|131.84|131.94|130.08|130.81|8181
2021.01.08 20:30:00|130.82|131.23|129.96|131.17|11999
2021.01.08 21:30:00|131.17|131.54|130.78|131.47|8628
2021.01.08 22:30:00|131.46|131.88|131.33|131.73|4174
2021.01.11 16:30:00|128.54|129.84|128.21|129.7|17973
2021.01.11 17:30:00|129.69|129.8|128.73|129.26|10216
2021.01.11 18:30:00|129.25|129.53|128.99|129.4|6065
2021.01.11 19:30:00|129.39|129.75|129.15|129.3|6147
2021.01.11 20:30:00|129.31|129.34|128.64|128.7|7057
2021.01.11 21:30:00|128.69|129.11|128.4|128.43|7869
2021.01.11 22:30:00|128.44|128.86|128.41|128.72|5131
2021.01.12 16:30:00|128.58|129.38|127.79|128.69|14785
2021.01.12 17:30:00|128.7|129.02|128.3|128.4|7734
2021.01.12 18:30:00|128.41|128.42|126.56|127.3|9910
2021.01.12 19:30:00|127.29|127.99|127.18|127.97|5776
2021.01.12 20:30:00|127.98|128.33|127.78|128.19|5894
2021.01.12 21:30:00|128.18|128.48|127.78|128.23|7446
2021.01.12 22:30:00|128.23|128.88|128.17|128.61|4151
2021.01.13 16:30:00|128.68|129.9|128.55|129.74|13812
2021.01.13 17:30:00|129.75|131.13|129.75|130.94|7461
2021.01.13 18:30:00|130.92|131.14|130.2|130.42|6698
2021.01.13 19:30:00|130.43|130.98|130.12|130.58|4815
2021.01.13 20:30:00|130.57|130.82|130.44|130.62|4444
2021.01.13 21:30:00|130.63|130.83|130.33|130.37|3696
2021.01.13 22:30:00|130.36|130.82|130.3|130.68|2930
2021.01.14 16:30:00|130.1|130.37|129.3|129.95|13462
2021.01.14 17:30:00|129.96|130.56|129.73|130.09|6407
2021.01.14 18:30:00|130.08|130.2|129.46|129.71|5929
2021.01.14 19:30:00|129.72|129.89|129.23|129.47|5573
2021.01.14 20:30:00|129.46|129.59|129.07|129.17|5106
2021.01.14 21:30:00|129.17|129.43|128.6|128.73|7228
2021.01.14 22:30:00|128.73|129.14|128.47|128.67|6392
2021.01.15 16:30:00|129.09|129.91|127.2|127.95|15990
2021.01.15 17:30:00|127.96|129.02|127.29|129.01|11877
2021.01.15 18:30:00|129|129.04|127.95|127.96|8388
2021.01.15 19:30:00|127.95|128.62|127.89|128.35|5350
2021.01.15 20:30:00|128.36|128.48|127.7|127.75|4874
2021.01.15 21:30:00|127.76|127.8|127.2|127.25|5621
2021.01.15 22:30:00|127.24|127.29|126.7|126.77|4892
2021.01.19 16:30:00|127.75|128.4|126.63|126.87|14099
2021.01.19 17:30:00|126.88|127.26|126.65|126.88|6611
2021.01.19 18:30:00|126.87|127.48|126.82|127.07|3635
2021.01.19 19:30:00|127.07|127.95|126.99|127.81|3916
2021.01.19 20:30:00|127.81|127.88|127.53|127.75|3762
2021.01.19 21:30:00|127.77|127.83|127.38|127.57|3695
2021.01.19 22:30:00|127.56|127.68|127.34|127.53|2697
2021.01.20 16:30:00|128.49|130.89|128.46|130.82|12739
2021.01.20 17:30:00|130.83|131.58|130.62|131.54|7482
2021.01.20 18:30:00|131.53|131.94|131.38|131.66|4431
2021.01.20 19:30:00|131.67|131.9|131.39|131.85|3427
2021.01.20 20:30:00|131.86|132.13|131.43|131.89|2695
2021.01.20 21:30:00|131.88|132.18|131.64|131.87|2690
2021.01.20 22:30:00|131.87|132.15|131.73|131.74|2973
2021.01.21 16:30:00|133.53|134.69|133.49|134.43|8164
2021.01.21 18:30:00|135.76|135.81|134.91|135.55|2954
2021.01.21 19:30:00|135.56|136.03|135.33|135.92|3452
2021.01.21 20:30:00|135.93|136.34|135.61|136.25|3713
2021.01.21 21:30:00|136.26|136.68|136.05|136.52|3157
2021.01.21 22:30:00|136.53|137.03|136.49|136.61|2994
2021.01.22 16:30:00|135.79|137.35|134.72|136.31|16304
2021.01.22 17:30:00|136.32|137.21|135.72|136.94|8307
2021.01.22 18:30:00|136.95|137.86|136.65|137.79|5706
2021.01.22 19:30:00|137.78|137.86|137.41|137.7|4772
2021.01.22 20:30:00|137.7|138.18|137.56|138.12|4536
2021.01.22 21:30:00|138.13|139.13|138.08|139.06|5447
2021.01.22 22:30:00|139.05|139.54|138.68|138.71|3775
2021.01.25 16:30:00|142.91|144.75|142.85|143.92|18817
2021.01.25 17:30:00|143.93|144.02|136.24|140.9|19682
2021.01.25 18:30:00|140.91|142.64|140.61|140.88|16832
2021.01.25 19:30:00|140.89|142.98|140.75|142.69|12947
2021.01.25 20:30:00|142.69|142.83|141.49|142.27|10529
2021.01.25 21:30:00|142.27|142.69|141.45|141.76|9253
2021.01.25 22:30:00|141.76|142.82|141.69|142.6|5284
2021.01.26 16:30:00|143.71|143.98|141.07|141.91|15998
2021.01.26 17:30:00|141.94|142.86|141.61|142.01|11244
2021.01.26 18:30:00|142.02|142.14|141.53|142.1|6471
2021.01.26 19:30:00|142.09|142.35|141.63|142.2|4902
2021.01.26 20:30:00|142.2|143.06|142.19|142.66|6550
2021.01.26 21:30:00|142.67|142.82|142.33|142.78|6661
2021.01.26 22:30:00|142.78|143.01|142.58|142.88|5161
2021.01.27 16:30:00|142.91|143.99|141.13|143.17|15823
2021.01.27 17:30:00|143.15|143.46|142.14|142.26|11235
2021.01.27 18:30:00|142.25|143.23|141.47|143|11497
2021.01.27 19:30:00|143|143.12|142.41|142.96|9646
2021.01.27 20:30:00|142.96|143.68|142.4|142.61|11192
2021.01.27 21:30:00|142.59|142.68|140.96|141.33|18434
2021.01.27 22:30:00|141.34|142.33|140.1|142|14715
2021.01.28 16:30:00|139.51|140.02|137.7|139.26|21472
2021.01.28 17:30:00|139.27|139.86|138.22|138.63|15253
2021.01.28 18:30:00|138.63|141.67|138.18|140.85|15322
2021.01.28 19:30:00|140.85|141.29|139.6|139.85|14051
2021.01.28 20:30:00|139.86|140.24|138.73|139.48|9094
2021.01.28 21:30:00|139.49|139.54|138|138|11134
2021.01.28 22:30:00|138.01|138.24|136.4|136.53|8949
2021.01.29 16:30:00|135.93|136.42|133.51|134.79|20081
2021.01.29 17:30:00|134.76|135.13|131.57|131.89|16877
2021.01.29 18:30:00|131.89|133|130.9|131.65|16837
2021.01.29 19:30:00|131.65|131.91|129.91|131.74|20569
2021.01.29 20:30:00|131.74|132.5|131.17|131.63|16624
2021.01.29 21:30:00|131.63|132.91|130.73|132.23|15838
2021.01.29 22:30:00|132.24|133.19|131.47|131.55|9610
2021.02.01 16:30:00|133.66|134.49|130.66|132.8|16883
2021.02.01 17:30:00|132.78|133.79|131.98|133.72|11210
2021.02.01 18:30:00|133.71|134.62|133.35|134.62|7924
2021.02.01 19:30:00|134.62|135.08|134|134.6|5987
2021.02.01 20:30:00|134.59|134.82|133.66|134.11|4933
2021.02.01 21:30:00|134.11|134.26|133.58|134.13|5204
2021.02.01 22:30:00|134.12|134.54|133.75|133.75|4091
2021.02.02 16:30:00|135.47|136|134.68|134.85|13736
2021.02.02 17:30:00|134.86|135.38|134.72|134.94|6769
2021.02.02 18:30:00|134.95|134.98|134.55|134.96|3425
2021.02.02 19:30:00|134.97|135.17|134.32|134.46|2793
2021.02.02 20:30:00|134.47|134.88|134.42|134.75|2625
2021.02.02 21:30:00|134.76|134.77|134.31|134.65|3198
2021.02.02 22:30:00|134.64|135.15|134.53|134.65|3440
2021.02.03 16:30:00|134.84|135.09|133.31|133.47|15441
2021.02.03 17:30:00|133.47|134.18|133.4|133.77|7825
2021.02.03 18:30:00|133.78|134.77|133.61|134.49|3457
2021.02.03 19:30:00|134.5|135.24|134.37|134.68|3687
2021.02.03 20:30:00|134.67|134.93|134.2|134.37|3056
2021.02.03 21:30:00|134.38|134.45|133.76|133.85|3512
2021.02.03 22:30:00|133.86|134.03|133.6|133.6|2761
2021.02.04 16:30:00|135.82|135.95|134.29|134.95|15568
2021.02.04 17:30:00|134.94|135.27|134.69|135.21|6552
2021.02.04 18:30:00|135.22|136.03|135.11|135.63|4186
2021.02.04 19:30:00|135.64|135.8|135.45|135.67|2359
2021.02.04 20:30:00|135.68|136.54|135.68|136.44|2091
2021.02.04 21:30:00|136.43|136.67|136.16|136.57|2266
2021.02.04 22:30:00|136.56|137.09|136.43|137.09|2093
2021.02.05 16:30:00|136.57|136.94|135.56|136.09|12568
2021.02.05 17:30:00|136.08|136.36|135.69|135.99|4708
2021.02.05 18:30:00|136.01|136.71|135.99|136.69|2745
2021.02.05 19:30:00|136.68|137.02|136.49|136.77|2496
2021.02.05 20:30:00|136.76|136.77|136.15|136.26|3507
2021.02.05 21:30:00|136.28|136.43|135.76|135.9|4072
2021.02.05 22:30:00|135.89|136.52|135.88|136.46|2813
2021.02.08 16:30:00|135.83|136|134.62|135.61|10096
2021.02.08 17:30:00|135.6|136.6|135.58|136.14|4785
2021.02.08 18:30:00|136.15|136.23|135.54|135.77|3761
2021.02.08 19:30:00|135.76|136.07|135.54|135.77|1969
2021.02.08 20:30:00|135.76|135.99|135.52|135.72|2095
2021.02.08 21:30:00|135.72|136.13|135.59|136.01|2277
2021.02.08 22:30:00|136.03|136.62|135.96|136.62|2154
2021.02.09 16:30:00|136.63|137.37|136.31|136.95|10174
2021.02.09 17:30:00|136.96|137.57|136.26|136.39|5185
2021.02.09 18:30:00|136.37|136.66|136.13|136.29|2670
2021.02.09 19:30:00|136.3|136.36|135.88|135.92|2727
2021.02.09 20:30:00|135.92|136.38|135.91|136.33|1845
2021.02.09 21:30:00|136.32|136.49|136.07|136.11|1899
2021.02.09 22:30:00|136.12|136.18|135.55|135.76|2327
2021.02.10 16:30:00|136.43|136.67|134.39|134.89|10187
2021.02.10 17:30:00|134.89|135.32|134.1|134.82|10887
2021.02.10 18:30:00|134.82|135.35|134.74|134.99|5963
2021.02.10 19:30:00|134.98|135.05|134.63|134.88|2394
2021.02.10 20:30:00|134.87|135.21|134.66|135.21|3093
2021.02.10 21:30:00|135.22|135.54|135.06|135.2|3701
2021.02.10 22:30:00|135.21|135.29|134.65|135.09|3711
2021.02.11 16:30:00|135.8|136.07|134.62|134.96|9137
2021.02.11 17:30:00|134.97|135.22|134.64|134.73|4256
2021.02.11 18:30:00|134.73|134.91|133.73|133.76|3766
2021.02.11 19:30:00|133.79|134.13|133.58|133.98|6149
2021.02.11 20:30:00|133.97|134.08|133.47|133.74|3649
2021.02.11 21:30:00|133.75|134.56|133.68|134.45|3421
2021.02.11 22:30:00|134.47|134.96|134.31|134.82|3198
2021.02.12 16:30:00|134.32|134.35|133.39|133.69|9369
2021.02.12 17:30:00|133.7|134.54|133.48|134.22|5429
2021.02.12 18:30:00|134.23|134.37|133.86|133.86|2810
2021.02.12 19:30:00|133.87|134.08|133.77|133.88|3080
2021.02.12 20:30:00|133.88|134.07|133.78|133.97|1646
2021.02.12 21:30:00|133.98|134.49|133.95|134.49|1919
2021.02.12 22:30:00|134.49|135.2|134.48|135.1|3506
2021.02.16 16:30:00|135.47|135.69|134.29|134.68|9685
2021.02.16 17:30:00|134.69|134.84|133.38|133.41|5744
2021.02.16 18:30:00|133.42|133.44|132.61|133.32|5528
2021.02.16 19:30:00|133.32|133.36|132.85|132.99|2266
2021.02.16 20:30:00|132.97|133.34|132.51|133.22|2873
2021.02.16 21:30:00|133.21|133.27|132.75|133.06|2682
2021.02.16 22:30:00|133.07|133.07|132.71|132.9|2363
2021.02.17 16:30:00|131.41|131.91|129.6|129.94|14705
2021.02.17 17:30:00|129.94|130.68|129.17|129.41|9970
2021.02.17 18:30:00|129.4|130.05|129.3|129.66|6700
2021.02.17 19:30:00|129.66|130.24|129.64|130.18|3007
2021.02.17 20:30:00|130.18|130.42|130|130.07|3488
2021.02.17 21:30:00|130.07|130.53|129.95|130.38|2568
2021.02.17 22:30:00|130.37|130.68|130.37|130.55|2120
2021.02.18 16:30:00|128.73|129.37|127.12|127.8|12799
2021.02.18 17:30:00|127.8|128.8|127.53|128.37|5926
2021.02.18 18:30:00|128.36|128.4|127.6|128.32|3937
2021.02.18 19:30:00|128.31|128.75|128.16|128.69|3191
2021.02.18 20:30:00|128.7|128.74|128.15|128.4|2365
2021.02.18 21:30:00|128.41|129.55|128.35|129.47|2323
2021.02.18 22:30:00|129.46|129.69|129.2|129.43|3276
2021.02.19 16:30:00|129.71|130.21|129.15|129.39|9913
2021.02.19 17:30:00|129.4|130.4|129.24|130.24|5028
2021.02.19 18:30:00|130.25|130.34|129.28|129.37|4456
2021.02.19 19:30:00|129.36|129.52|128.5|128.66|6529
2021.02.19 20:30:00|128.67|129.24|128.53|128.58|5163
2021.02.19 21:30:00|128.59|129.64|128.57|129.59|4763
2021.02.19 22:30:00|129.58|129.78|129.44|129.5|3294
2021.02.22 16:30:00|129.2|129.22|126.52|126.81|12715
2021.02.22 17:30:00|126.81|126.93|125.3|126.56|9512
2021.02.22 18:30:00|126.57|126.94|126.2|126.43|5463
2021.02.22 19:30:00|126.42|127.01|126.33|126.95|3378
2021.02.22 20:30:00|126.95|127.65|126.94|127.36|3348
2021.02.22 21:30:00|127.35|127.4|126.16|126.18|3345
2021.02.22 22:30:00|126.17|126.45|125.7|125.74|5609
2021.02.23 16:30:00|122.58|123.31|118.09|122.9|21574
2021.02.23 17:30:00|122.9|123.81|122.26|122.7|15470
2021.02.23 18:30:00|122.72|122.94|121.01|122.12|10266
2021.02.23 19:30:00|122.11|123.44|121.2|123.24|12611
2021.02.23 20:30:00|123.25|124.89|123.15|124.45|11220
2021.02.23 21:30:00|124.45|126.39|124.1|126.34|11331
2021.02.23 22:30:00|126.33|126.4|125.37|125.47|5963
2021.02.24 16:30:00|124.84|124.99|121.93|123.71|15698
2021.02.24 17:30:00|123.72|124.62|123.2|124.25|9979
2021.02.24 18:30:00|124.24|124.8|123.87|124.8|5533
2021.02.24 19:30:00|124.81|124.83|123.65|124.15|4688
2021.02.24 20:30:00|124.16|124.88|124.02|124.16|5107
2021.02.24 21:30:00|124.16|124.63|123.91|124.62|3467
2021.02.24 22:30:00|124.61|125.24|124.42|125.01|3474
2021.02.25 16:30:00|124.25|126.15|123.31|123.71|15154
2021.02.25 17:30:00|123.73|123.92|122.84|123.39|11192
2021.02.25 18:30:00|123.38|123.41|121.83|121.96|12434
2021.02.25 19:30:00|121.95|122.32|120.45|121.82|17572
2021.02.25 20:30:00|121.82|123.12|121.46|122.85|13557
2021.02.25 21:30:00|122.85|122.92|120.94|121.02|14541
2021.02.25 22:30:00|121.01|121.76|120.24|120.72|9564
2021.02.26 16:30:00|122.43|123.63|120.98|121.1|20433
2021.02.26 17:30:00|121.14|123.89|121.1|123.19|15622
2021.02.26 18:30:00|123.2|124.45|123.12|123.89|9123
2021.02.26 19:30:00|123.9|124.1|122.95|123.98|8520
2021.02.26 20:30:00|123.99|124.04|122.46|122.74|10318
2021.02.26 21:30:00|122.7|124.05|122.6|123.34|9144
2021.02.26 22:30:00|123.33|124.54|121.56|121.61|7297
2021.03.01 16:30:00|123.36|124.94|122.49|124.78|14985
2021.03.01 17:30:00|124.77|125.85|124.58|125.57|7448
2021.03.01 18:30:00|125.58|126.31|125.48|125.94|5504
2021.03.01 19:30:00|125.94|126.1|125.36|125.9|3952
2021.03.01 20:30:00|125.89|126.92|125.78|126.8|4288
2021.03.01 21:30:00|126.81|127.44|126.61|127.26|3568
2021.03.01 22:30:00|127.26|127.62|126.97|127.48|3335
2021.03.02 16:30:00|127.84|128.04|125.75|125.76|17344
2021.03.02 17:30:00|125.77|126.14|125.2|125.64|11220
2021.03.02 18:30:00|125.65|125.95|125.15|125.78|6761
2021.03.02 19:30:00|125.79|126.37|125.69|125.82|4416
2021.03.02 20:30:00|125.82|126.08|125.28|125.34|5415
2021.03.02 21:30:00|125.35|126.01|125.2|125.29|5585
2021.03.02 22:30:00|125.28|125.68|124.71|124.86|5191
2021.03.03 16:30:00|125.26|125.4|122.81|123.41|17063
2021.03.03 17:30:00|123.4|124.48|123.15|124.47|11309
2021.03.03 18:30:00|124.46|124.63|123.63|123.73|6923
2021.03.03 19:30:00|123.71|123.86|123.05|123.57|5967
2021.03.03 20:30:00|123.56|123.56|121.85|121.95|8887
2021.03.03 21:30:00|121.94|122.67|121.56|122.19|9958
2021.03.03 22:30:00|122.19|122.66|121.7|121.79|6201
2021.03.04 16:30:00|121.89|123.29|120.01|121.12|19749
2021.03.04 17:30:00|121.13|122.97|120.79|121.88|15961
2021.03.04 18:30:00|121.88|122.89|120.37|120.97|17461
2021.03.04 19:30:00|120.96|121.17|119.33|120.27|20985
2021.03.04 20:30:00|120.27|120.27|118.32|119.88|21839
2021.03.04 21:30:00|119.86|120.55|119.21|119.64|18583
2021.03.04 22:30:00|119.64|120.09|119.26|119.8|9911
2021.03.05 16:30:00|120.66|120.99|118.24|118.47|23515
2021.03.05 17:30:00|118.47|119.51|117.26|117.42|21768
2021.03.05 18:30:00|117.42|119.27|117.42|119.13|18712
2021.03.05 19:30:00|119.12|119.68|118.16|119.6|16229
2021.03.05 20:30:00|119.61|120.4|119.33|120.17|15678
2021.03.05 21:30:00|120.16|121.25|120.16|120.92|10518
2021.03.05 22:30:00|120.93|121.63|120.71|120.98|7786
2021.03.08 16:30:00|120.24|120.24|117.75|118.71|17525
2021.03.08 17:30:00|118.7|119.18|117.86|118.2|11567
2021.03.08 18:30:00|118.19|118.23|117.1|117.91|8548
2021.03.08 19:30:00|117.92|117.95|117.35|117.87|5396
2021.03.08 20:30:00|117.86|117.91|116.46|117.21|7695
2021.03.08 21:30:00|117.22|117.51|116.35|116.51|7221
2021.03.08 22:30:00|116.52|117.08|115.91|115.95|5857
2021.03.09 16:30:00|118.64|121.25|118.5|121.01|15725
2021.03.09 17:30:00|121.02|121.06|119.75|120.12|11722
2021.03.09 18:30:00|120.13|120.93|119.9|120.8|5267
2021.03.09 19:30:00|120.81|121.38|120.45|121.26|3816
2021.03.09 20:30:00|121.27|121.64|120.8|120.85|3542
2021.03.09 21:30:00|120.86|121.75|120.76|121.42|3221
2021.03.09 22:30:00|121.43|121.64|120.52|120.73|4436
2021.03.10 16:30:00|121.54|121.63|119.49|119.55|11258
2021.03.10 17:30:00|119.54|120.18|119.15|120.12|10407
2021.03.10 18:30:00|120.11|120.19|119.49|119.56|7251
2021.03.10 19:30:00|119.56|120.11|119.25|120.02|8487
2021.03.10 20:30:00|120.03|120.17|119.44|120|8022
2021.03.10 21:30:00|119.99|120.62|119.9|120.05|5602
2021.03.10 22:30:00|120.06|120.25|119.55|119.6|3418
2021.03.11 16:30:00|121.71|122.89|120.96|121.09|10849
2021.03.11 17:30:00|121.1|122.36|121.1|122.36|6098
2021.03.11 18:30:00|122.37|122.46|121.56|121.7|3577
2021.03.11 19:30:00|121.72|122|121.35|121.46|3184
2021.03.11 20:30:00|121.47|121.74|121.26|121.52|3512
2021.03.11 21:30:00|121.53|121.92|121.4|121.86|2447
2021.03.11 22:30:00|121.86|121.9|121.48|121.64|2092
2021.03.12 16:30:00|119.96|120.01|118.86|119.11|12609
2021.03.12 17:30:00|119.12|119.63|119.08|119.5|6695
2021.03.12 18:30:00|119.52|120.57|119.29|120.54|3801
2021.03.12 19:30:00|120.56|120.77|120.12|120.59|3088
2021.03.12 20:30:00|120.59|120.7|120.2|120.29|2433
2021.03.12 21:30:00|120.28|120.59|120.16|120.45|2410
2021.03.12 22:30:00|120.46|120.86|120.42|120.73|1878
2021.03.15 15:30:00|120.91|123.33|120.12|122.29|14572
2021.03.15 16:30:00|122.3|122.92|121.93|122.08|6068
2021.03.15 17:30:00|122.08|122.18|121.74|122.03|3662
2021.03.15 18:30:00|122.02|122.41|121.94|122.38|2147
2021.03.15 19:30:00|122.37|123.33|122.35|123.17|2042
2021.03.15 20:30:00|123.18|123.27|122.76|123.04|2176
2021.03.15 21:30:00|123.03|123.69|122.97|123.65|1706
2021.03.16 15:30:00|125.13|126.53|125|126.11|13795
2021.03.16 16:30:00|126.12|126.91|125.95|126.45|6285
2021.03.16 17:30:00|126.45|126.59|125.03|125.16|5106
2021.03.16 18:30:00|125.16|125.97|125.12|125.54|4884
2021.03.16 19:30:00|125.54|125.55|124.62|124.71|5853
2021.03.16 20:30:00|124.7|125.43|124.41|125.31|6297
2021.03.16 21:30:00|125.32|125.62|125.09|125.31|2783
2021.03.17 15:30:00|123.48|123.68|122.49|123.16|13489
2021.03.17 16:30:00|123.15|123.27|122.28|122.6|7346
2021.03.17 17:30:00|122.59|122.66|122.09|122.51|3549
2021.03.17 18:30:00|122.5|122.62|122.03|122.44|3508
2021.03.17 19:30:00|122.45|124.18|122.28|123.57|15258
2021.03.17 20:30:00|123.57|125.55|123.28|124.78|12212
2021.03.17 21:30:00|124.79|125.1|123.98|124.44|4236
2021.03.18 15:30:00|122.6|122.87|121.28|121.88|14522
2021.03.18 16:30:00|121.87|122.42|121.66|121.91|7150
2021.03.18 17:30:00|121.92|122.28|121.47|122.02|3979
2021.03.18 18:30:00|122.01|122.04|121.4|121.6|2816
2021.03.18 19:30:00|121.59|121.91|121.08|121.12|2537
2021.03.18 20:30:00|121.11|121.23|120.35|120.73|7511
2021.03.18 21:30:00|120.72|120.78|120.02|120.24|4512
2021.03.19 15:30:00|120.4|121.1|119.37|119.81|17591
2021.03.19 16:30:00|119.8|120.42|119.54|119.71|7621
2021.03.19 17:30:00|119.7|120.54|119.63|120.25|4572
2021.03.19 18:30:00|120.25|120.85|120.19|120.3|4043
2021.03.19 19:30:00|120.31|120.37|119.7|119.98|3344
2021.03.19 20:30:00|119.99|120.03|119.6|119.78|2365
2021.03.19 21:30:00|119.79|120.66|119.6|119.68|4410
2021.03.22 15:30:00|120.26|121.95|120.23|121.88|13848
2021.03.22 16:30:00|121.89|122.53|121.77|122.27|4790
2021.03.22 17:30:00|122.28|123.14|121.9|123.12|3395
2021.03.22 18:30:00|123.13|123.46|122.74|122.79|3015
2021.03.22 19:30:00|122.8|123.41|122.78|123.24|2906
2021.03.22 20:30:00|123.25|123.56|122.97|123.04|2797
2021.03.22 21:30:00|123.03|123.29|122.72|123.11|2192
2021.03.23 15:30:00|123.14|123.45|122.23|122.79|12063
2021.03.23 16:30:00|122.78|123.93|122.3|123.39|7472
2021.03.23 17:30:00|123.4|123.46|122.45|122.63|7092
2021.03.23 18:30:00|122.64|123.31|122.37|122.98|4960
2021.03.23 19:30:00|122.97|123.04|122.62|122.99|4223
2021.03.23 20:30:00|122.98|123.12|122.05|122.21|6262
2021.03.23 21:30:00|122.2|122.38|121.84|122.29|6480
2021.03.24 15:30:00|122.28|122.45|120.81|121.15|14170
2021.03.24 16:30:00|121.16|122.14|120.96|121.92|6240
2021.03.24 17:30:00|121.91|121.94|121.02|121.27|4842
2021.03.24 18:30:00|121.26|121.29|120.35|120.83|4101
2021.03.24 19:30:00|120.82|121.24|120.61|120.79|4068
2021.03.24 20:30:00|120.78|120.9|120.15|120.46|6100
2021.03.24 21:30:00|120.47|120.5|119.78|119.78|3456
2021.03.25 15:30:00|118.87|121.35|118.82|120.37|21273
2021.03.25 16:30:00|120.37|120.48|118.79|119.25|15991
2021.03.25 17:30:00|119.24|120.04|119.03|119.99|11511
2021.03.25 18:30:00|120|120.29|119.47|119.68|9587
2021.03.25 19:30:00|119.67|120.06|119.24|119.28|8881
2021.03.25 20:30:00|119.29|120.79|119.18|120.61|7209
2021.03.25 21:30:00|120.6|120.77|120.24|120.32|4752
2021.03.26 15:30:00|120.22|120.77|119.51|119.96|13843
2021.03.26 16:30:00|119.97|120.33|119.25|119.41|5504
2021.03.26 17:30:00|119.41|120.21|119.18|119.92|5207
2021.03.26 18:30:00|119.93|120.42|119.86|120.28|3649
2021.03.26 19:30:00|120.28|120.32|118.8|119.09|6479
2021.03.26 20:30:00|119.08|119.79|118.63|119.76|7606
2021.03.26 21:30:00|119.77|121.14|119.77|121.13|3652
2021.03.29 16:30:00|121.42|122.27|120.55|120.89|13622
2021.03.29 17:30:00|120.89|121.78|120.63|120.91|8928
2021.03.29 18:30:00|120.92|121.07|120.42|120.61|3611
2021.03.29 19:30:00|120.6|121.55|120.55|121.29|3030
2021.03.29 20:30:00|121.3|121.67|121.01|121.1|4107
2021.03.29 21:30:00|121.09|121.43|120.72|121.36|4775
2021.03.29 22:30:00|121.37|121.39|120.72|121.05|2437
2021.03.30 16:30:00|119.81|119.86|118.56|118.86|12240
2021.03.30 17:30:00|118.85|119.7|118.7|119.59|4073
2021.03.30 18:30:00|119.59|120.06|119.28|119.57|3750
2021.03.30 19:30:00|119.56|119.77|119.21|119.66|2921
2021.03.30 20:30:00|119.66|119.77|119.16|119.23|2132
2021.03.30 21:30:00|119.22|119.87|119.18|119.72|2261
2021.03.30 22:30:00|119.73|119.93|119.1|119.54|1901
2021.03.31 16:30:00|121.02|122.94|120.85|122.45|10362
2021.03.31 17:30:00|122.46|122.93|122.35|122.57|4518
2021.03.31 18:30:00|122.55|123.15|122.55|122.98|3221
2021.03.31 19:30:00|122.98|123.22|122.74|122.86|2577
2021.03.31 20:30:00|122.85|122.88|122.27|122.43|1618
2021.03.31 21:30:00|122.44|122.61|122.14|122.37|2502
2021.03.31 22:30:00|122.37|122.44|121.7|121.79|3375
2021.04.01 16:30:00|123.46|123.87|122.7|123.09|7599
2021.04.01 17:30:00|123.1|123.39|122.86|122.97|2828
2021.04.01 18:30:00|122.98|123.07|122.54|123.05|1994
2021.04.01 19:30:00|123.04|123.13|122.37|122.37|1322
2021.04.01 20:30:00|122.36|122.59|122.27|122.57|1157
2021.04.01 21:30:00|122.56|122.65|122.19|122.22|970
2021.04.01 22:30:00|122.23|122.69|122.19|122.67|997
2021.04.05 16:30:00|123.22|125.16|122.77|124.8|9930
2021.04.05 17:30:00|124.8|125.3|124.53|124.66|3070
2021.04.05 18:30:00|124.68|125.55|124.58|125.52|2511
2021.04.05 19:30:00|125.53|125.65|125.17|125.35|2228
2021.04.05 20:30:00|125.36|125.86|125.28|125.57|2274
2021.04.05 21:30:00|125.58|125.8|125.16|125.24|1713
2021.04.05 22:30:00|125.25|125.69|125.01|125.59|2351
2021.04.06 16:30:00|125.95|126.65|125.34|126.06|9452
2021.04.06 17:30:00|126.07|126.82|125.67|126.56|2852
2021.04.06 18:30:00|126.55|126.65|126.11|126.16|1927
2021.04.06 19:30:00|126.15|126.34|125.44|125.59|2370
2021.04.06 20:30:00|125.56|126.14|125.51|126.11|1564
2021.04.06 21:30:00|126.11|126.37|125.82|126.16|2385
2021.04.06 22:30:00|126.18|126.2|125.7|125.9|1983
2021.04.07 16:30:00|125.43|126.93|124.84|126.83|7757
2021.04.07 17:30:00|126.85|127.15|126.47|126.92|2544
2021.04.07 18:30:00|126.92|127.17|126.45|126.85|2748
2021.04.07 19:30:00|126.84|127.04|126.55|126.75|2098
2021.04.07 20:30:00|126.75|127.47|126.64|127.43|2421
2021.04.07 21:30:00|127.42|127.49|126.91|127.03|1933
2021.04.07 22:30:00|127.03|127.61|126.96|127.6|1587
2021.04.08 16:30:00|128.58|129.76|128.21|129.02|8677
2021.04.08 17:30:00|129.01|129.31|128.72|129.2|3004
2021.04.08 18:30:00|129.19|129.51|129.1|129.43|1495
2021.04.08 19:30:00|129.44|129.83|129.34|129.73|1474
2021.04.08 20:30:00|129.74|129.99|129.44|129.89|1431
2021.04.08 21:30:00|129.88|130.08|129.71|129.72|1079
2021.04.08 22:30:00|129.73|130.06|129.62|130.06|1010
2021.04.09 16:30:00|129.71|131.09|129.18|130.72|8488
2021.04.09 17:30:00|130.73|131.12|130.23|130.68|3814
2021.04.09 18:30:00|130.67|131.24|130.62|131.12|2288
2021.04.09 19:30:00|131.11|132|131.02|131.76|2537
2021.04.09 20:30:00|131.75|132.31|131.71|131.77|2958
2021.04.09 21:30:00|131.78|132.25|131.6|132.22|3141
2021.04.09 22:30:00|132.23|132.69|132.11|132.69|2202
2021.04.12 16:30:00|132.29|132.37|131.07|131.58|7831
2021.04.12 17:30:00|131.59|131.62|130.75|130.9|3737
2021.04.12 18:30:00|130.91|131|130.33|130.97|2245
2021.04.12 19:30:00|130.98|131.96|130.9|131.5|1911
2021.04.12 20:30:00|131.5|131.63|131.14|131.24|1834
2021.04.12 21:30:00|131.22|131.3|130.55|131|1727
2021.04.12 22:30:00|131.01|131.22|130.82|130.96|1593
2021.04.13 16:30:00|132.07|133.38|131.65|133.01|8767
2021.04.13 17:30:00|133.02|133.34|132.61|132.71|2845
2021.04.13 18:30:00|132.72|134.02|132.52|133.78|4261
2021.04.13 19:30:00|133.79|134.35|133.74|133.82|5166
2021.04.13 20:30:00|133.81|134.22|133.75|133.97|1806
2021.04.13 21:30:00|133.96|134.29|133.92|134.28|2422
2021.04.13 22:30:00|134.29|134.29|133.99|134.1|1462
2021.04.14 16:30:00|134.17|134.32|133.14|133.26|8340
2021.04.14 17:30:00|133.26|133.57|132.27|132.58|4539
2021.04.14 18:30:00|132.6|133.08|132.53|132.94|2903
2021.04.14 19:30:00|132.93|133.31|132.87|132.98|2005
2021.04.14 20:30:00|132.97|133|131.35|132.49|6018
2021.04.14 21:30:00|132.5|132.58|131.71|132.28|5187
2021.04.14 22:30:00|132.28|132.33|131.52|131.81|3238
2021.04.15 16:30:00|133.84|134.65|133.63|134.63|8449
2021.04.15 17:30:00|134.64|134.68|133.87|133.91|2907
2021.04.15 18:30:00|133.92|134.14|133.41|133.48|2729
2021.04.15 19:30:00|133.46|134.36|133.4|134.34|2213
2021.04.15 20:30:00|134.33|134.45|134.04|134.19|1684
2021.04.15 21:30:00|134.2|134.28|133.64|133.79|2150
2021.04.15 22:30:00|133.8|134.19|133.69|134.1|1452
2021.04.16 16:30:00|133.96|134.27|132.98|133.9|9909
2021.04.16 17:30:00|133.91|134.1|133.38|133.45|3643
2021.04.16 18:30:00|133.47|133.82|133.37|133.72|1912
2021.04.16 19:30:00|133.71|133.77|133.33|133.34|1298
2021.04.16 20:30:00|133.35|133.67|133.21|133.67|1530
2021.04.16 21:30:00|133.67|133.87|133.58|133.79|1278
2021.04.16 22:30:00|133.8|133.85|133.64|133.77|1318
2021.04.19 16:30:00|133.46|135.16|133.45|134.5|9386
2021.04.19 17:30:00|134.51|134.91|133.86|134.63|6875
2021.04.19 18:30:00|134.63|134.64|133.71|133.86|7172
2021.04.19 19:30:00|133.86|134.23|133.41|134.09|3669
2021.04.19 20:30:00|134.1|134.51|134|134.44|2328
2021.04.19 21:30:00|134.44|134.45|133.9|133.98|2788
