2021.02.11 17:30:00|308.24|310.93|307.36|308.74|6110
2021.02.11 18:30:00|308.74|310.09|303.22|303.77|6824
2021.02.11 19:30:00|303.89|309.62|302.56|309.07|5337
2021.02.11 20:30:00|309.07|310|304.96|305.83|5009
2021.02.11 21:30:00|305.81|308.37|305.28|308.37|5327
2021.02.11 22:30:00|308.36|309.47|307.92|309.07|3133
2021.02.12 16:30:00|303.85|308.85|297.9|306.29|8086
2021.02.12 17:30:00|306.2|309.35|305.76|308.87|4237
2021.02.12 18:30:00|308.87|318.54|308.4|315.84|7154
2021.02.12 19:30:00|315.85|316.59|313.11|313.39|4601
2021.02.12 20:30:00|313.4|314.29|311.87|312.2|3037
2021.02.12 21:30:00|311.99|314.01|311.9|312.11|2567
2021.02.12 22:30:00|312.08|312.89|311.93|312.7|2374
2021.02.16 16:30:00|318.07|323.36|316.36|321.14|6419
2021.02.16 17:30:00|321.14|325.65|320.09|322.14|5235
2021.02.16 18:30:00|322.09|322.98|317.72|319.09|4092
2021.02.16 19:30:00|319.16|322.54|318.55|319.41|2530
2021.02.16 20:30:00|319.41|322.27|318.78|320.04|2308
2021.02.16 21:30:00|320.05|322.82|319.96|321.67|2496
2021.02.16 22:30:00|321.67|326.18|321.2|326.03|2580
2021.02.17 16:30:00|319.01|321|310.02|310.43|7724
2021.02.17 17:30:00|310.43|311.65|306.7|306.7|4943
2021.02.17 18:30:00|306.71|311.31|305.7|311.24|4086
2021.02.17 19:30:00|311.25|312.3|309.02|310.65|2555
2021.02.17 20:30:00|310.6|311.56|309.5|310.52|2030
2021.02.17 21:30:00|310.46|311.3|309.45|310.28|2187
2021.02.17 22:30:00|310.28|310.6|307.45|308.38|2563
2021.02.18 16:30:00|292.77|297.93|287.9|288.35|6688
2021.02.18 17:30:00|288.35|294.03|287.79|292.7|4025
2021.02.18 18:30:00|292.7|293.57|289.47|290.45|2997
2021.02.18 19:30:00|290.45|291.51|289.35|290.87|2233
2021.02.18 20:30:00|290.73|295.06|290.42|294.6|2857
2021.02.18 21:30:00|294.5|296.75|293.88|295.72|3116
2021.02.18 22:30:00|295.72|297.9|295.36|297.7|2604
2021.02.19 16:30:00|307.26|310.87|304.86|309.35|9407
2021.02.19 17:30:00|309.35|317.19|308.8|314.75|7578
2021.02.19 18:30:00|314.74|316.43|313.87|314.61|5598
2021.02.19 19:30:00|314.61|317.65|311.33|317.32|6693
2021.02.19 20:30:00|317.33|323.62|317.32|323.28|7847
2021.02.19 21:30:00|323.36|344.25|323.36|341|12567
2021.02.19 22:30:00|341.34|345.39|338.58|339.02|7970
2021.02.22 16:30:00|320.83|354.16|316.92|348.09|16133
2021.02.22 17:30:00|348.09|349.33|333.71|344.38|13871
2021.02.22 18:30:00|344.38|352.52|343.77|346.32|10630
2021.02.22 19:30:00|346.33|347.47|342.8|347.4|5869
2021.02.22 20:30:00|347.55|348.42|343.59|344.15|6416
2021.02.22 21:30:00|344.16|344.76|333.39|334.37|8850
2021.02.22 22:30:00|334.37|335.88|328.5|335.66|6485
2021.02.23 16:30:00|312.72|316.94|289.7|313.06|13219
2021.02.23 17:30:00|313.06|316.78|308.34|311.69|10286
2021.02.23 18:30:00|311.69|313.79|306.98|309.7|8024
2021.02.23 19:30:00|309.7|310.54|305.3|309.46|6888
2021.02.23 20:30:00|309.5|312.11|307.26|311.65|4838
2021.02.23 21:30:00|311.76|321.6|310|321.59|6335
2021.02.23 22:30:00|321.6|324.44|319.61|322.19|3773
2021.02.24 16:30:00|308.72|312.88|299.7|306.07|10107
2021.02.24 17:30:00|306.08|310.02|305.06|308.86|6947
2021.02.24 18:30:00|308.86|312.74|308.3|310.44|6303
2021.02.24 19:30:00|310.45|311.16|304.85|307.26|5416
2021.02.24 20:30:00|307.26|308|303.58|304.3|5528
2021.02.24 21:30:00|304.3|306.31|303.45|306|5120
2021.02.24 22:30:00|306.01|306.4|301.88|303.7|3500
2021.02.25 16:30:00|302.77|308.9|298.8|301.02|9156
2021.02.25 17:30:00|300.95|301.93|297.95|299.8|7108
2021.02.25 18:30:00|299.94|299.95|293.7|293.95|9057
2021.02.25 19:30:00|293.95|296.65|288.4|294.96|9113
2021.02.25 20:30:00|294.97|298.35|290.31|298.35|7239
2021.02.25 21:30:00|298.35|298.36|292.76|293.98|6588
2021.02.25 22:30:00|293.86|295.89|289.71|294.7|4718
2021.02.26 16:30:00|292.63|294.88|273.87|274.75|10998
2021.02.26 17:30:00|274.93|289.52|274.37|287.54|7736
2021.02.26 18:30:00|287.52|293.42|286.7|289.93|7182
2021.02.26 19:30:00|289.93|290.37|285.56|287.4|5061
2021.02.26 20:30:00|287.7|287.7|283.38|283.51|5545
2021.02.26 21:30:00|283.52|286.75|282.3|282.4|5737
2021.02.26 22:30:00|282.33|286.34|281.95|283.22|3930
2021.03.01 16:30:00|299.73|300.32|290.78|294.32|9817
2021.03.01 17:30:00|294.32|297.4|292.7|294.81|7372
2021.03.01 18:30:00|294.81|296.04|293.2|294.63|5170
2021.03.01 19:30:00|294.63|295.84|292.51|292.85|4080
2021.03.01 20:30:00|292.86|293.99|291.34|293.61|4557
2021.03.01 21:30:00|293.61|296.18|293.13|294.47|4220
2021.03.01 22:30:00|294.48|295.26|293.35|295.26|3745
2021.03.02 16:30:00|295.83|308|293.7|303.33|11916
2021.03.02 17:30:00|303.13|303.55|296.36|298.56|8214
2021.03.02 18:30:00|298.65|300.16|295.9|299.33|5931
2021.03.02 19:30:00|299.43|302.29|298.7|299.8|5673
2021.03.02 20:30:00|299.8|302.59|297.43|298.46|5241
2021.03.02 21:30:00|298.46|300.85|298.46|299.57|6217
2021.03.02 22:30:00|299.56|301.74|298.91|301.74|4331
2021.03.03 16:30:00|307.05|310.73|294.2|294.92|10891
2021.03.03 17:30:00|294.64|296.52|291.76|295.98|8031
2021.03.03 18:30:00|295.96|296.25|290.29|291.38|5446
2021.03.03 19:30:00|291.38|291.9|287.8|287.82|6743
2021.03.03 20:30:00|287.82|288.7|278.72|279.1|8105
2021.03.03 21:30:00|279.11|281.22|273.96|274.44|9606
2021.03.03 22:30:00|274.43|279.06|271.5|277.47|6221
2021.03.04 16:30:00|274.67|278.55|260.05|264.24|11198
2021.03.04 17:30:00|264.24|273.83|263.2|268.72|7970
2021.03.04 18:30:00|268.72|276.82|268.4|269.43|6994
2021.03.04 19:30:00|269.43|269.79|258.45|261.44|8235
2021.03.04 20:30:00|261.45|261.51|253.23|260.31|7929
2021.03.04 21:30:00|260.32|264.31|258.3|260.77|7893
2021.03.04 22:30:00|260.77|262.09|258.8|260.3|5478
2021.03.05 16:30:00|265.86|270.19|246.61|246.68|11035
2021.03.05 17:30:00|246.7|248.68|233.58|236.82|9848
2021.03.05 18:30:00|236.8|253.32|236.79|251.85|7970
2021.03.05 19:30:00|251.85|260.11|251.32|257.46|6222
2021.03.05 20:30:00|257.47|258.47|252.7|255.83|5708
2021.03.05 21:30:00|255.8|261.81|254.27|257.91|5442
2021.03.05 22:30:00|257.92|262.2|257.7|261.47|3403
2021.03.08 16:30:00|252.47|255.57|246.7|251.02|8801
2021.03.08 17:30:00|251.02|252.55|244.92|245.71|7451
2021.03.08 18:30:00|245.76|246.26|243.2|244.94|7705
2021.03.08 19:30:00|244.91|245.1|240.7|241.58|5228
2021.03.08 20:30:00|241.59|241.59|236.73|240.04|6294
2021.03.08 21:30:00|240.04|240.16|230.3|230.3|7674
2021.03.08 22:30:00|230.31|232.9|226.48|232.27|4788
2021.03.09 16:30:00|245.91|255.69|245.7|252.79|11343
2021.03.09 17:30:00|252.8|254.06|250.5|253.08|7905
2021.03.09 18:30:00|253.09|261.07|252.7|258.48|8405
2021.03.09 19:30:00|258.48|260.67|257.12|257.39|6320
2021.03.09 20:30:00|257.28|259.2|256.3|257.7|3961
2021.03.09 21:30:00|257.7|261.26|257.7|259.25|6192
2021.03.09 22:30:00|259.25|265.28|258.31|264.52|5330
2021.03.10 16:30:00|268.36|270.12|250.71|250.75|9449
2021.03.10 17:30:00|250.82|254.36|247.38|252.54|8945
2021.03.10 18:30:00|252.54|254.35|249.09|249.47|8087
2021.03.10 19:30:00|249.47|252.61|247.4|250.21|7477
2021.03.10 20:30:00|250.21|250.56|246.01|247.43|9745
2021.03.10 21:30:00|247.43|254.97|247.09|253.68|8670
2021.03.10 22:30:00|253.6|256.1|252.95|254.9|5804
2021.03.11 16:30:00|262.41|266.44|260.59|261.72|7121
2021.03.11 17:30:00|261.73|267.61|261.72|266.83|6111
2021.03.11 18:30:00|266.83|267.76|263.45|266.53|5010
2021.03.11 19:30:00|266.53|270.32|265.58|270.17|4844
2021.03.11 20:30:00|270.25|270.97|266.92|267.31|5283
2021.03.11 21:30:00|267.29|268.36|266.58|267.64|5208
2021.03.11 22:30:00|267.65|272.12|267.65|272.12|4144
2021.03.12 16:30:00|257.7|266.12|257.7|261.09|8045
2021.03.12 17:30:00|261.02|264.82|260.1|263.1|6210
2021.03.12 18:30:00|263.12|264.29|262.28|263.22|4753
2021.03.12 19:30:00|263.29|264.62|262.2|262.72|4497
2021.03.12 20:30:00|262.74|263.28|260.4|261.11|4674
2021.03.12 21:30:00|261.11|263.66|260.96|262|4171
2021.03.12 22:30:00|262.01|263.96|261.91|263.95|3484
2021.03.15 15:30:00|261.14|263.18|259.08|261.26|6729
2021.03.15 16:30:00|261.26|270.34|260.43|265.89|6037
2021.03.15 17:30:00|265.89|265.97|262.88|263.28|4041
2021.03.15 18:30:00|263.28|264.72|262.5|263.3|3245
2021.03.15 19:30:00|263.3|264.41|262.7|263.03|2596
2021.03.15 20:30:00|262.95|263.82|262.41|262.75|2627
2021.03.15 21:30:00|262.76|265.24|262.63|265.2|2018
2021.03.16 15:30:00|264.69|268.99|262.64|268.55|5322
2021.03.16 16:30:00|268.65|270.56|266.97|268.8|3694
2021.03.16 17:30:00|268.87|273.62|266.9|268.29|3867
2021.03.16 18:30:00|268.2|268.82|266.93|267.64|2487
2021.03.16 19:30:00|267.65|268.97|265.2|265.65|2365
2021.03.16 20:30:00|265.65|267.1|263.16|266.62|3488
2021.03.16 21:30:00|266.59|267.8|264.81|266.49|2104
2021.03.17 15:30:00|261.55|265.87|255.7|265.26|6299
2021.03.17 16:30:00|265.19|266.23|261.9|263.87|4348
2021.03.17 17:30:00|263.9|265.35|263.18|265.23|3269
2021.03.17 18:30:00|265.09|268.46|265|267.27|3552
2021.03.17 19:30:00|267.24|272.19|266.11|267.93|5054
2021.03.17 20:30:00|267.94|276.37|267.7|275.77|6626
2021.03.17 21:30:00|275.77|277.86|273.61|276.64|3464
2021.03.18 15:30:00|269.22|271.02|264.81|269.26|9730
2021.03.18 16:30:00|269.26|271.47|268.41|269.9|6436
2021.03.18 17:30:00|269.91|270.32|268.32|269.21|4914
2021.03.18 18:30:00|269.22|269.48|266.1|267.51|4424
2021.03.18 19:30:00|267.51|268.09|263.45|265.52|4838
2021.03.18 20:30:00|265.53|266.22|263.48|264.94|6511
2021.03.18 21:30:00|264.95|265.93|263.04|264.88|4096
2021.03.19 15:30:00|261.42|263.62|254.71|256.73|8107
2021.03.19 16:30:00|256.72|261.16|255.98|259.87|6791
2021.03.19 17:30:00|259.87|263.51|259.47|261.65|4704
2021.03.19 18:30:00|261.65|262.1|260.91|261.57|3594
2021.03.19 19:30:00|261.57|262.05|260.75|261.26|3195
2021.03.19 20:30:00|261.26|263.16|261.26|262.68|3267
2021.03.19 21:30:00|262.69|263.08|256.07|257.13|3020
2021.03.22 15:30:00|262.33|262.36|256.27|256.78|8576
2021.03.22 16:30:00|256.79|261.5|256.79|261.01|4542
2021.03.22 17:30:00|261.01|262.73|260.56|262.59|4245
2021.03.22 18:30:00|262.61|263.04|261.52|262.48|3647
2021.03.22 19:30:00|262.49|265.19|262.49|264.71|3251
2021.03.22 20:30:00|264.77|266.71|264.7|265.26|3659
2021.03.22 21:30:00|265.26|265.94|264.53|265.64|3466
2021.03.23 15:30:00|255|255.11|248.83|250.77|9602
2021.03.23 16:30:00|250.78|254.22|250.53|253.38|5145
2021.03.23 17:30:00|253.38|255.9|251.53|255.71|4939
2021.03.23 18:30:00|255.7|257.91|255.17|257.63|3274
2021.03.23 19:30:00|257.63|262.12|257.58|261.73|4318
2021.03.23 20:30:00|261.82|262.79|259.24|261.28|5948
2021.03.23 21:30:00|261.28|263.21|259.85|261.69|4104
2021.03.24 15:30:00|257.7|259.59|248.98|249.71|8903
2021.03.24 16:30:00|249.71|252.25|247.2|247.91|6732
2021.03.24 17:30:00|247.85|247.87|242.2|245.84|7454
2021.03.24 18:30:00|245.85|245.9|240.02|242.21|5943
2021.03.24 19:30:00|242.21|243.36|239.44|239.45|5275
2021.03.24 20:30:00|239.31|240.3|236.5|238.62|6384
2021.03.24 21:30:00|238.63|240.24|237.22|238.87|3640
2021.03.25 15:30:00|227.45|235.1|227.35|229.73|12704
2021.03.25 16:30:00|229.74|230.72|226.2|228.02|8823
2021.03.25 17:30:00|228.02|231.46|226|231.17|7886
2021.03.25 18:30:00|231.17|231.42|223.9|224.04|6409
2021.03.25 19:30:00|224.19|224.38|216.1|216.44|8538
2021.03.25 20:30:00|216.45|218.15|206.4|206.69|8533
2021.03.25 21:30:00|206.62|209.23|199.08|204.25|7030
2021.03.26 15:30:00|195.7|208.6|186.02|193.41|21012
2021.03.26 16:30:00|193.51|196.52|186.44|189.63|12234
2021.03.26 17:30:00|189.62|194.79|187.6|190.11|9179
2021.03.26 18:30:00|190.12|191.2|173.74|179.94|12784
2021.03.26 19:30:00|179.95|186.57|175.14|182.87|11260
2021.03.26 20:30:00|182.87|197.53|180.87|197.19|11919
2021.03.26 21:30:00|197.19|208.71|196.78|208.18|7289
2021.03.29 16:30:00|213.59|214.9|197.7|199.52|16676
2021.03.29 17:30:00|199.52|203.33|195.7|199.37|12830
2021.03.29 18:30:00|199.38|202.35|197.7|201.3|10496
2021.03.29 19:30:00|201.3|207.9|200.76|202.95|11514
2021.03.29 20:30:00|202.95|205.63|200.03|201.4|9387
2021.03.29 21:30:00|201.38|204.75|198.45|202.19|10666
2021.03.29 22:30:00|202.2|205.47|199.69|204.35|6653
2021.03.30 16:30:00|207.97|219.35|205.55|215.81|20839
2021.03.30 17:30:00|215.86|222.56|214|219.82|15833
2021.03.30 18:30:00|219.83|223.09|217.24|219.6|12021
2021.03.30 19:30:00|219.6|220.62|216.01|216.01|9476
2021.03.30 20:30:00|216.01|217.41|213.82|215.03|10232
2021.03.30 21:30:00|215.04|219|213.82|218.29|10398
2021.03.30 22:30:00|218.31|219.1|216.03|217.67|6013
2021.03.31 16:30:00|220.73|221.71|215.44|218.02|11992
2021.03.31 17:30:00|218.02|218.13|213.36|215.92|8887
2021.03.31 18:30:00|215.85|217.94|215.57|216.59|5147
2021.03.31 19:30:00|216.6|216.9|215.03|215.63|4069
2021.03.31 20:30:00|215.64|216.09|213.5|215.35|4905
2021.03.31 21:30:00|215.35|217.4|214.27|216.89|4937
2021.03.31 22:30:00|216.89|217.67|215.78|217.19|3964
2021.04.01 16:30:00|222.89|226.96|219.13|220.03|13156
2021.04.01 17:30:00|220.11|220.67|217.9|220.56|9085
2021.04.01 18:30:00|220.56|220.79|218.21|219.16|5608
2021.04.01 19:30:00|219.17|219.26|215.3|215.84|4889
2021.04.01 20:30:00|215.82|218.98|215.56|218.6|5404
2021.04.01 21:30:00|218.65|219.17|217.21|218.84|4545
2021.04.01 22:30:00|218.88|219.67|218.58|219.25|3308
2021.04.05 16:30:00|220.56|222.95|217.75|218.95|11890
2021.04.05 17:30:00|218.94|219.68|216.08|216.38|6560
2021.04.05 18:30:00|216.38|218.24|215.76|217.81|5337
2021.04.05 19:30:00|217.81|219.78|217.25|219.73|5150
2021.04.05 20:30:00|219.73|221.5|219.58|220.1|4545
2021.04.05 21:30:00|220.11|223.11|220.05|222.97|4393
2021.04.05 22:30:00|222.95|222.95|220.75|221.92|3592
2021.04.06 16:30:00|222.28|228.21|220.92|226.63|10782
2021.04.06 17:30:00|226.63|227.25|224.11|224.96|5906
2021.04.06 18:30:00|224.96|227.91|224.72|226.53|4071
2021.04.06 19:30:00|226.51|227.48|224.33|225|3909
2021.04.06 20:30:00|224.94|227.26|224.8|227.2|3152
2021.04.06 21:30:00|227.2|227.6|226.06|226.49|3404
2021.04.06 22:30:00|226.49|226.74|225.4|226.13|2536
2021.04.07 16:30:00|223.37|225.4|221.32|225.35|8843
2021.04.07 17:30:00|225.31|225.84|222.62|222.7|4881
2021.04.07 18:30:00|222.71|222.96|220.2|220.8|5527
2021.04.07 19:30:00|220.81|222|220.74|221.09|4433
2021.04.07 20:30:00|221.09|222.4|221.02|221.97|3588
2021.04.07 21:30:00|221.97|223.01|221.5|222.17|4115
2021.04.07 22:30:00|222.17|222.2|221.27|221.57|2602
2021.04.08 16:30:00|222.42|224.68|221.4|221.66|9866
2021.04.08 17:30:00|221.66|224.13|221.65|223.8|5593
2021.04.08 18:30:00|223.73|227|223.73|226.88|6353
2021.04.08 19:30:00|226.93|228.14|225.2|225.23|5664
2021.04.08 20:30:00|225.23|226.68|225.21|226.55|4258
2021.04.08 21:30:00|226.64|227.09|225.92|226.51|4049
2021.04.08 22:30:00|226.51|226.65|225.5|226.07|3062
2021.04.09 16:30:00|221.82|224.1|221.11|223.16|7771
2021.04.09 17:30:00|223.16|224.06|221.7|222|4938
2021.04.09 18:30:00|222|222.7|221|221.42|3574
2021.04.09 19:30:00|221.43|221.5|219.3|219.36|3222
2021.04.09 20:30:00|219.37|219.66|217.96|218|4204
2021.04.09 21:30:00|218|219.08|216.82|218.88|4369
2021.04.09 22:30:00|218.89|219.68|218.51|219.4|2780
2021.04.12 16:30:00|216.83|218.4|213.21|213.6|8557
2021.04.12 17:30:00|213.67|214.86|212.33|213.59|5041
2021.04.12 18:30:00|213.6|214.35|212.98|213.73|4105
2021.04.12 19:30:00|213.74|213.95|211.7|211.8|2648
2021.04.12 20:30:00|211.82|213.39|211.26|212.6|3713
2021.04.12 21:30:00|212.61|214.18|212.2|213.36|3395
2021.04.12 22:30:00|213.4|213.94|212.97|213.83|2002
2021.04.13 16:30:00|209.73|214.83|207.35|212.89|7923
2021.04.13 17:30:00|212.9|215.84|211.95|213.3|4562
2021.04.13 18:30:00|213.3|213.91|211.63|211.63|2690
2021.04.13 19:30:00|211.64|214.09|211.25|213.99|2804
2021.04.13 20:30:00|214|214.61|212.5|212.6|3052
2021.04.13 21:30:00|212.59|216.39|212.58|216.33|3329
2021.04.13 22:30:00|216.33|216.87|215.78|216.14|3224
2021.04.14 16:30:00|217.68|221.95|216.37|218.24|10031
2021.04.14 17:30:00|218.3|222.62|218.3|219.02|6610
2021.04.14 18:30:00|219.02|220.59|218.51|220.06|4330
2021.04.14 19:30:00|220.05|221.09|218.93|218.99|3494
2021.04.14 20:30:00|219|219.25|215.21|217.69|5082
2021.04.14 21:30:00|217.7|218.14|214.9|216.46|4552
2021.04.14 22:30:00|216.46|216.99|215.4|215.92|2940
2021.04.15 16:30:00|216.86|216.89|212.13|213.13|7807
2021.04.15 17:30:00|213.14|213.46|210.99|211.6|5076
2021.04.15 18:30:00|211.52|212.06|209.41|209.76|4296
2021.04.15 19:30:00|209.77|210.83|208|209.34|3130
2021.04.15 20:30:00|209.3|210.89|208.71|209.46|2742
2021.04.15 21:30:00|209.47|210.68|208.83|209.34|3043
2021.04.15 22:30:00|209.35|210.08|209.19|209.93|2653
2021.04.16 16:30:00|210.28|212.41|208.72|211.32|8198
2021.04.16 17:30:00|211.33|212.69|210.58|211.98|4429
2021.04.16 18:30:00|211.98|214.48|211.85|213.47|2935
2021.04.16 19:30:00|213.53|214.3|212.7|213.04|2739
2021.04.16 20:30:00|213.03|214.71|212.8|214.49|2843
2021.04.16 21:30:00|214.31|215.12|214.02|214.75|2773
2021.04.16 22:30:00|214.75|214.76|212.81|213.07|1971
2021.04.19 16:30:00|214.99|217.35|213.15|214.55|8715
2021.04.19 17:30:00|214.53|214.6|210.3|210.62|5639
2021.04.19 18:30:00|210.69|210.77|208.93|209.12|4405
2021.04.19 19:30:00|209.12|209.58|208.13|208.82|3601
2021.04.19 20:30:00|208.82|209.75|208.43|209.22|3276
2021.04.19 21:30:00|209.23|209.97|209.02|209.24|3528
2021.04.19 22:30:00|209.25|209.83|209|209.6|2617
2021.04.20 16:30:00|209.21|210.01|206.91|208.69|9042
2021.04.20 17:30:00|208.69|208.69|205|205.74|6487
2021.04.20 18:30:00|205.74|207.05|204.58|206.95|3807
2021.04.20 19:30:00|206.96|207.34|205.63|205.75|2560
2021.04.20 20:30:00|205.77|206.94|205.73|206.52|1936
2021.04.20 21:30:00|206.5|207|205.75|206.94|2230
2021.04.20 22:30:00|206.94|207.74|206.71|207.53|1961
2021.04.21 16:30:00|205.53|210.9|205.53|210.22|9267
2021.04.21 17:30:00|210.22|211.66|209.5|210.62|5117
2021.04.21 18:30:00|210.61|212.37|210.26|211.68|3285
2021.04.21 19:30:00|211.74|212.3|210.81|211.6|2474
2021.04.21 20:30:00|211.56|212.55|211.41|211.52|2039
2021.04.21 21:30:00|211.53|213|211.53|212.37|2290
2021.04.21 22:30:00|212.38|214.3|212.28|214.23|2797
2021.04.22 16:30:00|215.3|217.11|213.05|216.87|7968
2021.04.22 17:30:00|216.86|217.94|216.06|216.07|4751
2021.04.22 18:30:00|216.07|219.12|215.78|218.74|3995
2021.04.22 19:30:00|218.74|219.73|215.31|217.61|5123
2021.04.22 20:30:00|217.65|217.67|213.86|215.72|8036
2021.04.22 21:30:00|215.73|216.17|214.7|214.85|4956
2021.04.22 22:30:00|214.88|215.67|214.01|214.05|3276
2021.04.23 16:30:00|217.36|222.27|216.87|220|7361
2021.04.23 17:30:00|220.05|220.39|217|218.26|4582
2021.04.23 18:30:00|218.27|219.3|217.96|218.24|2777
2021.04.23 19:30:00|218.26|220.19|217.92|219.69|2303
2021.04.23 20:30:00|219.7|221.55|219.54|221|1893
2021.04.23 21:30:00|221.01|221.33|220.2|220.93|1921
2021.04.23 22:30:00|220.88|221.37|220.33|220.62|2206
2021.04.26 16:30:00|215.75|218.71|213.9|218.53|7259
2021.04.26 17:30:00|218.61|218.98|217.11|217.35|3570
2021.04.26 18:30:00|217.36|217.7|215.59|215.98|2493
2021.04.26 19:30:00|215.98|216.65|215.8|216.08|1637
2021.04.26 20:30:00|216.08|216.65|215.46|216.59|2080
2021.04.26 21:30:00|216.59|216.63|215.31|215.35|2136
2021.04.26 22:30:00|215.34|216.39|215.15|216.17|2588
2021.04.27 16:30:00|217.7|221.33|216.8|217.64|9296
2021.04.27 17:30:00|217.64|218.39|216.1|217.72|5037
2021.04.27 18:30:00|217.72|218.8|216.64|216.96|3241
2021.04.27 19:30:00|216.97|217.53|216.95|217.23|1958
2021.04.27 20:30:00|217.23|217.51|216.22|216.52|1976
2021.04.27 21:30:00|216.54|216.87|216|216.01|2082
2021.04.27 22:30:00|216|216.89|215.6|216|1874
2021.04.28 16:30:00|215.35|219.17|214.81|218.13|6828
2021.04.28 17:30:00|218.14|218.27|216.45|216.79|3867
2021.04.28 18:30:00|216.79|217.57|216.56|217.53|2146
2021.04.28 19:30:00|217.51|218.38|217.1|217.43|2143
2021.04.28 20:30:00|217.43|217.99|216.63|217.5|2517
2021.04.28 21:30:00|217.44|218.4|216.3|216.66|4134
2021.04.28 22:30:00|216.66|216.72|215.21|215.43|2803
2021.04.29 16:30:00|217.38|217.42|212.3|212.65|9407
2021.04.29 17:30:00|212.63|213.35|211.03|212.42|5516
2021.04.29 18:30:00|212.42|212.8|210.45|210.74|4512
2021.04.29 19:30:00|210.73|211.71|210.38|210.91|3930
2021.04.29 20:30:00|210.91|212.42|210.67|212.26|3117
2021.04.29 21:30:00|212.27|213.3|212.2|212.38|3436
2021.04.29 22:30:00|212.44|212.76|211.43|211.86|2207
2021.04.30 16:30:00|209.92|213.92|209.36|213.4|8155
2021.04.30 17:30:00|213.39|214.08|209.9|210.17|8493
2021.04.30 18:30:00|210.17|211.54|210.08|211.09|2935
2021.04.30 19:30:00|211.1|211.91|210.39|211.72|3469
2021.04.30 20:30:00|211.72|211.8|209.95|211.2|3405
2021.04.30 21:30:00|211.22|211.31|210.25|210.87|2966
2021.04.30 22:30:00|210.91|211.18|209.74|209.89|2006
2021.05.03 16:30:00|209.86|211.53|208.5|211.38|6819
2021.05.03 17:30:00|211.38|212.28|207.72|207.77|5177
2021.05.03 18:30:00|207.77|208.96|207.72|208.04|3288
2021.05.03 19:30:00|208.04|208.1|204.3|204.3|3885
2021.05.03 20:30:00|204.3|206.5|204.01|206.11|2984
2021.05.03 21:30:00|206.11|206.25|204.73|204.76|1871
2021.05.03 22:30:00|204.78|205.13|204.34|204.53|1895
2021.05.04 16:30:00|204.5|207.45|200.84|202.27|9765
2021.05.04 17:30:00|202.28|202.58|199.82|200.95|6634
2021.05.04 18:30:00|200.94|201.49|199.2|200.74|4578
2021.05.04 19:30:00|200.74|201.66|199.79|200.45|3323
2021.05.04 20:30:00|200.45|201.82|199.65|199.92|3151
2021.05.04 21:30:00|199.88|200.31|198.9|199.22|2978
2021.05.04 22:30:00|199.23|200|198.99|199.67|2516
2021.05.05 16:30:00|199.68|202.69|199.44|201.04|8795
2021.05.05 17:30:00|201.06|202.97|200.06|201.05|4471
2021.05.05 18:30:00|200.97|201.54|200.23|200.3|3107
2021.05.05 19:30:00|200.3|200.3|197.83|198.85|3084
2021.05.05 20:30:00|198.83|198.83|197.16|197.3|2854
2021.05.05 21:30:00|197.27|197.79|194.63|195.33|3907
2021.05.05 22:30:00|195.33|195.87|194.71|195.32|2084
2021.05.06 16:30:00|195.71|196.27|189.7|191.16|11116
2021.05.06 17:30:00|191.16|192.59|190.35|192.17|5664
2021.05.06 18:30:00|192.18|195.46|192.18|194.4|4181
2021.05.06 19:30:00|194.41|194.51|192.22|192.28|2520
2021.05.06 20:30:00|192.24|192.88|189.83|190.21|4203
2021.05.06 21:30:00|190.22|192.18|190.02|191.22|3981
2021.05.06 22:30:00|191.22|191.95|190.82|191.9|2307
2021.05.07 16:30:00|191.67|195.46|190.5|195.39|9236
2021.05.07 17:30:00|195.34|198.12|193.55|193.59|5206
2021.05.07 18:30:00|193.58|194.2|192.04|192.14|3185
2021.05.07 19:30:00|192.15|192.29|190.8|190.88|2260
2021.05.07 20:30:00|190.93|191.66|189.25|189.56|2435
2021.05.07 21:30:00|189.57|191.46|189.2|190.35|3577
2021.05.07 22:30:00|190.38|191.29|189.75|191.11|2226
2021.05.10 16:30:00|188.6|188.71|183.99|184.69|8454
2021.05.10 17:30:00|184.66|185.86|182.18|184.02|5898
2021.05.10 18:30:00|184.02|186.57|183.82|184.96|3882
2021.05.10 19:30:00|184.96|184.96|183.11|184.24|3040
2021.05.10 20:30:00|184.24|184.39|183.2|183.47|3732
2021.05.10 21:30:00|183.46|184.01|182.68|183.2|3458
2021.05.10 22:30:00|183.19|184.08|182.7|183.38|2905
2021.05.11 16:30:00|177.21|186.04|177.21|181.41|12335
2021.05.11 17:30:00|181.41|187.09|180.64|186.26|10153
2021.05.11 18:30:00|186.2|186.48|184.86|185.1|5499
2021.05.11 19:30:00|185.11|187.32|184.55|187.23|5296
2021.05.11 20:30:00|187.24|188.84|186.95|188.76|5097
2021.05.11 21:30:00|188.76|188.91|187.76|188.8|5627
2021.05.11 22:30:00|188.8|189.67|187.71|189.3|3509
2021.05.12 16:30:00|187.6|190.19|185.81|186.22|10302
2021.05.12 17:30:00|186.23|187.15|185.22|186.01|6623
2021.05.12 18:30:00|185.97|186.44|184.56|185.3|5725
2021.05.12 19:30:00|185.26|186.01|184.67|184.92|5453
2021.05.12 20:30:00|184.92|185.14|182.31|182.99|4162
2021.05.12 21:30:00|183|184.37|182.65|182.93|5406
2021.05.12 22:30:00|182.93|183.35|182.41|182.98|3507
2021.05.13 16:30:00|187.91|189.11|182.42|184.07|10255
2021.05.13 17:30:00|184.07|184.37|181.02|181.03|6484
2021.05.13 18:30:00|181.03|182.35|179.9|181.35|4935
2021.05.13 19:30:00|181.41|182.06|178.32|178.52|5664
2021.05.13 20:30:00|178.52|180.25|177.08|179.14|5624
2021.05.13 21:30:00|179.14|179.81|177.9|178.95|5362
2021.05.13 22:30:00|178.95|179.85|178.85|178.95|3415
2021.05.14 16:30:00|179.31|183.78|177.26|183.26|6216
2021.05.14 17:30:00|183.25|184.16|181.98|182.96|2884
2021.05.14 18:30:00|182.97|185.55|181.77|184.56|2512
2021.05.14 19:30:00|184.58|185.06|184.31|184.55|1185
2021.05.14 20:30:00|184.55|187.46|183.77|185.83|2682
2021.05.14 21:30:00|185.86|186.53|185.42|185.92|1315
2021.05.14 22:30:00|185.96|185.97|184.92|185.7|1746
2021.05.17 16:30:00|188.96|191.52|187.22|188.95|10461
2021.05.17 17:30:00|188.95|191.37|186.86|186.95|6777
2021.05.17 18:30:00|186.96|187.8|185.33|186.22|3667
2021.05.17 19:30:00|186.24|187.38|185.9|186.59|2348
2021.05.17 20:30:00|186.62|187.15|185.84|186.54|2565
2021.05.17 21:30:00|186.54|187.89|185.9|187.13|2477
2021.05.17 22:30:00|187.13|188.9|187.01|188.87|1578
2021.05.18 16:30:00|195.22|197|186.9|191.32|10680
2021.05.18 17:30:00|191.4|193.18|189.71|191.5|5122
2021.05.18 18:30:00|191.54|191.86|189.61|191.38|3307
2021.05.18 19:30:00|191.39|191.8|189.55|189.7|2049
2021.05.18 20:30:00|189.7|191.01|189.25|190.15|2387
2021.05.18 21:30:00|190.19|190.29|187.3|189.33|3889
2021.05.18 22:30:00|189.27|190.02|187.76|188.36|2508
2021.05.19 16:30:00|184.26|188.23|183.84|186.44|11959
2021.05.19 17:30:00|186.45|189.51|186.02|189.18|6931
2021.05.19 18:30:00|189.2|189.2|187.5|188.23|4025
2021.05.19 19:30:00|188.21|189.03|187.61|188.66|3027
2021.05.19 20:30:00|188.66|189.4|187.15|189.24|4453
2021.05.19 21:30:00|189.31|189.65|187.33|189.37|5995
2021.05.19 22:30:00|189.3|189.39|187.3|188.84|3023
2021.05.20 16:30:00|191.02|192.53|189.47|191.25|8139
2021.05.20 17:30:00|191.25|193.31|191.1|193.11|3815
2021.05.20 18:30:00|193.1|193.55|192.2|192.41|3112
2021.05.20 19:30:00|192.41|192.53|191.36|191.87|3103
2021.05.20 20:30:00|191.82|192.64|191.52|192.25|2732
2021.05.20 21:30:00|192.25|193.8|192.09|193.4|2530
2021.05.20 22:30:00|193.37|193.5|192.64|192.93|3060
2021.05.21 16:30:00|192.94|193.27|190.26|191.66|8382
2021.05.21 17:30:00|191.66|192.35|190.29|190.76|5114
2021.05.21 18:30:00|190.76|191.69|190.45|190.62|4718
2021.05.21 19:30:00|190.62|190.71|189.46|189.93|5000
2021.05.21 20:30:00|189.93|190.37|189.7|189.75|3526
2021.05.21 21:30:00|189.75|190.25|189.52|189.93|3034
2021.05.21 22:30:00|189.94|189.98|188.9|189.24|2176
2021.05.24 16:30:00|188.24|190.22|187.24|189.59|7189
2021.05.24 17:30:00|189.58|190.24|188.37|189.72|3994
2021.05.24 18:30:00|189.73|189.81|188.42|188.62|2175
2021.05.24 19:30:00|188.63|189|188.23|188.77|2031
2021.05.24 20:30:00|188.77|188.97|188.49|188.73|2208
2021.05.24 21:30:00|188.74|189.66|188.6|189.41|2999
2021.05.24 22:30:00|189.41|189.55|188.6|188.65|2353
2021.05.25 16:30:00|192.47|195.68|192.2|194.71|8600
2021.05.25 17:30:00|194.71|195.06|191.88|192|4854
2021.05.25 18:30:00|192.01|193.18|191.5|192.56|3120
2021.05.25 19:30:00|192.55|193.62|192.25|193|2434
2021.05.25 20:30:00|193.01|193.44|192.59|192.83|2305
2021.05.25 21:30:00|192.84|193.34|192.03|192.42|2688
2021.05.25 22:30:00|192.43|192.73|192.15|192.42|1705
2021.05.26 16:30:00|193.59|195.57|193.2|194.95|6798
2021.05.26 17:30:00|194.99|195.05|193.72|193.85|4210
2021.05.26 18:30:00|193.86|195.22|193.44|195.22|2554
2021.05.26 19:30:00|195.15|195.35|194.21|194.27|1752
2021.05.26 20:30:00|194.23|194.55|193.54|194.46|2052
2021.05.26 21:30:00|194.47|194.79|193.86|194.09|1631
2021.05.26 22:30:00|194.1|194.65|193.63|194.48|2122
2021.05.27 16:30:00|195.25|195.28|191.2|192.53|6722
2021.05.27 17:30:00|192.53|194.06|192|193.55|4250
2021.05.27 18:30:00|193.56|194.18|193.28|193.78|2599
2021.05.27 19:30:00|193.79|194.23|193.57|193.88|2237
2021.05.27 20:30:00|193.88|194.36|193.57|193.68|2636
2021.05.27 21:30:00|193.66|194.66|193.58|194.49|2224
2021.05.27 22:30:00|194.49|194.9|194.09|194.46|1976
2021.05.28 16:30:00|193.68|196.87|193.2|194.84|6181
2021.05.28 17:30:00|194.84|195.64|194.55|194.94|3334
2021.05.28 18:30:00|195.01|195.81|194.94|195.37|1567
2021.05.28 19:30:00|195.4|195.88|195.17|195.28|1497
2021.05.28 20:30:00|195.29|195.93|195.13|195.9|1936
2021.05.28 21:30:00|195.89|196.61|194.99|195.2|1683
2021.05.28 22:30:00|195.21|195.94|194.98|195.83|1853
2021.06.01 16:30:00|201.4|203.78|198.78|200.16|7830
2021.06.01 17:30:00|200.16|200.92|198.7|198.8|4487
2021.06.01 18:30:00|198.91|201.2|198.33|201.01|2751
2021.06.01 19:30:00|201.01|201.01|199.94|200.11|2119
2021.06.01 20:30:00|200.11|201.17|200.05|200.91|1846
2021.06.01 21:30:00|200.91|202.38|200.8|201.88|2124
2021.06.01 22:30:00|201.85|201.93|200.86|201.59|2059
2021.06.02 16:30:00|200.98|202.63|198.2|198.71|6749
2021.06.02 17:30:00|198.61|199.03|196.96|197.21|4215
2021.06.02 18:30:00|197.18|198.1|196.72|196.89|2641
2021.06.02 19:30:00|196.89|197.03|195.81|196.12|2160
2021.06.02 20:30:00|196.16|196.44|195.5|196.32|2096
2021.06.02 21:30:00|196.3|197.17|196.22|197.07|2472
2021.06.02 22:30:00|197.05|197.67|196.99|197.55|1701
2021.06.03 16:30:00|192.87|194.47|190.55|191.4|9889
2021.06.03 17:30:00|191.4|192.03|189.57|190.39|5821
2021.06.03 18:30:00|190.39|190.53|188.91|189.56|4067
2021.06.03 19:30:00|189.56|190.05|188.93|189.72|2743
2021.06.03 20:30:00|189.71|189.83|188.58|188.8|3324
2021.06.03 21:30:00|188.77|189.36|188|189.09|2848
2021.06.03 22:30:00|189.1|189.73|188.67|189.7|2016
2021.06.04 16:30:00|190.24|192.08|189.58|190.76|6578
2021.06.04 17:30:00|190.78|191.06|189.91|190.71|3398
2021.06.04 18:30:00|190.71|192.64|190.53|192.44|2622
2021.06.04 19:30:00|192.44|192.67|191.91|192.27|1766
2021.06.04 20:30:00|192.27|192.9|192.06|192.38|1619
2021.06.04 21:30:00|192.4|192.69|192.01|192.19|1801
2021.06.04 22:30:00|192.15|193.16|192.12|192.63|2248
2021.06.07 16:30:00|191.3|191.37|189.21|189.8|6299
2021.06.07 17:30:00|189.8|190.01|188.62|188.78|3947
2021.06.07 18:30:00|188.73|189.54|188.4|188.51|2751
2021.06.07 19:30:00|188.53|189.39|188.31|188.72|2200
2021.06.07 20:30:00|188.8|190.06|188.51|189.02|2004
2021.06.07 21:30:00|189|189.31|188.68|188.73|2106
2021.06.07 22:30:00|188.75|188.94|188.2|188.62|1682
2021.06.08 16:30:00|189.08|189.55|187.3|188.26|8084
2021.06.08 17:30:00|188.26|188.76|186.7|187.62|4445
2021.06.08 18:30:00|187.65|187.75|186.8|187.64|3360
2021.06.08 19:30:00|187.65|188.6|187.56|188.35|2976
2021.06.08 20:30:00|188.39|188.72|187.97|188.05|2537
2021.06.08 21:30:00|188.04|188.2|187.76|187.95|2550
2021.06.08 22:30:00|187.92|188.39|187.72|188.16|2226
2021.06.09 16:30:00|188|188.89|186.71|187.11|6812
2021.06.09 17:30:00|187.1|187.88|185.91|186.52|3723
2021.06.09 18:30:00|186.52|186.54|185.42|186.53|2544
2021.06.09 19:30:00|186.52|187.1|186.52|186.77|1329
2021.06.09 20:30:00|186.77|187.51|186.38|187.3|1889
2021.06.09 21:30:00|187.31|187.55|186.8|187.04|2015
2021.06.09 22:30:00|187.04|187.12|186.1|186.46|2075
2021.06.10 16:30:00|187.49|190.43|186.85|189.77|6784
2021.06.10 17:30:00|189.77|190.37|187.7|189.37|4709
2021.06.10 18:30:00|189.44|189.91|188.71|188.8|2680
2021.06.10 19:30:00|188.8|190.07|188.76|189.7|2074
2021.06.10 20:30:00|189.71|190.29|189.21|189.95|1702
2021.06.10 21:30:00|189.93|190.06|189.24|189.39|1857
2021.06.10 22:30:00|189.36|189.96|188.81|189.91|1589
2021.06.11 16:30:00|189.5|189.79|187.24|187.31|5698
2021.06.11 17:30:00|187.26|187.43|186.33|187.22|3005
2021.06.11 18:30:00|187.24|187.55|187|187.31|1323
2021.06.11 19:30:00|187.31|187.68|186.9|187.35|1211
2021.06.11 20:30:00|187.35|187.44|186.91|187.29|1174
2021.06.11 21:30:00|187.33|187.87|187.2|187.67|1111
2021.06.11 22:30:00|187.66|187.79|187.2|187.32|1283
2021.06.14 16:30:00|186.69|190.1|186.25|189.48|5952
2021.06.14 17:30:00|189.47|189.72|188.58|189.65|3127
2021.06.14 18:30:00|189.65|190.32|189.1|189.8|3057
2021.06.14 19:30:00|189.8|190.4|189.21|189.67|2158
2021.06.14 20:30:00|189.68|190.33|188.75|188.83|2270
2021.06.14 21:30:00|188.84|189.22|188.37|188.75|2814
2021.06.14 22:30:00|188.75|189.53|188.59|189.53|1877
2021.06.15 16:30:00|188.75|188.8|186|186.01|5464
2021.06.15 17:30:00|186.01|187.52|185.99|186.57|3190
2021.06.15 18:30:00|186.57|186.7|186.07|186.52|2140
2021.06.15 19:30:00|186.51|187.11|185.94|186.68|1786
2021.06.15 20:30:00|186.69|186.94|186.13|186.35|1566
2021.06.15 21:30:00|186.35|186.75|186.1|186.23|1626
2021.06.15 22:30:00|186.25|186.33|185.8|186.03|2125
2021.06.16 16:30:00|183.69|184.88|183.3|184.3|4986
2021.06.16 17:30:00|184.3|184.99|183.71|183.95|2533
2021.06.16 18:30:00|184.02|184.79|183.58|183.87|2426
2021.06.16 19:30:00|183.91|184.23|183.78|184.12|1724
2021.06.16 20:30:00|184.12|184.83|182.88|183.95|5089
2021.06.16 21:30:00|183.95|185.26|182.35|184.94|5605
2021.06.16 22:30:00|184.97|185.38|184.17|184.2|2313
2021.06.17 16:30:00|184.42|185.9|184.18|185.79|5992
2021.06.17 17:30:00|185.84|186.3|185.3|185.52|3975
2021.06.17 18:30:00|185.58|185.7|183.7|183.73|3013
2021.06.17 19:30:00|183.71|184.63|183.5|184.54|2345
2021.06.17 20:30:00|184.54|185.43|184.33|184.7|1690
2021.06.17 21:30:00|184.71|185.16|184.52|185.13|1982
2021.06.17 22:30:00|185.13|185.38|184.94|185.15|2185
2021.06.18 16:30:00|184.58|185.5|183.45|184.2|8127
2021.06.18 17:30:00|184.16|184.58|183.44|183.87|4396
2021.06.18 18:30:00|183.81|184.49|183.73|183.83|2941
2021.06.18 19:30:00|183.84|184.18|183.42|183.46|2561
2021.06.18 20:30:00|183.46|183.94|183.42|183.43|2444
2021.06.18 21:30:00|183.43|183.57|182.27|182.96|2462
2021.06.18 22:30:00|182.97|187.06|182.71|185.83|2917
2021.06.21 16:30:00|184.54|184.96|182.33|182.52|7018
2021.06.21 17:30:00|182.56|184.74|182.41|184.14|3211
2021.06.21 18:30:00|184.15|184.87|183.85|184.43|2331
2021.06.21 19:30:00|184.44|184.58|183.88|184.01|2089
2021.06.21 20:30:00|184.02|184.44|183.71|184.38|1943
2021.06.21 21:30:00|184.38|184.81|183.91|184.15|2350
2021.06.21 22:30:00|184.16|185.28|184.03|185.22|2057
2021.06.22 16:30:00|184.33|186.76|184.33|186.21|5681
2021.06.22 17:30:00|186.21|186.75|184.73|186.57|3898
2021.06.22 18:30:00|186.57|187.13|186.3|186.91|3240
2021.06.22 19:30:00|186.87|186.98|185.82|186.26|2249
2021.06.22 20:30:00|186.29|187.11|186.08|187.04|1873
2021.06.22 21:30:00|187.05|187.71|186.74|187.65|1747
2021.06.22 22:30:00|187.65|187.84|186.9|187.25|1481
2021.06.23 16:30:00|189.79|191.97|189.4|191.39|6009
2021.06.23 17:30:00|191.39|191.71|189.26|189.63|2644
2021.06.23 18:30:00|189.63|189.91|189.1|189.47|1735
2021.06.23 19:30:00|189.48|189.54|188.55|189.22|1880
2021.06.23 20:30:00|189.21|189.73|189.01|189.61|1631
2021.06.23 21:30:00|189.61|189.81|189.49|189.65|1376
2021.06.23 22:30:00|189.68|189.79|188.59|188.86|1354
2021.06.24 16:30:00|190.77|191.54|190.09|190.8|3574
2021.06.24 17:30:00|190.8|193.43|190.77|192.61|2207
2021.06.24 18:30:00|192.61|195.35|192.47|195.35|2090
2021.06.24 19:30:00|195.35|195.39|194.06|194.98|1913
2021.06.24 20:30:00|195.01|195.25|193.44|194.86|1573
2021.06.24 21:30:00|194.87|195.05|194.32|194.42|1314
2021.06.24 22:30:00|194.4|194.46|193.7|194.46|1782
2021.06.25 16:30:00|197.92|202.29|197.41|199.96|7801
2021.06.25 17:30:00|200.01|200.14|198|199.51|2681
2021.06.25 18:30:00|199.53|201.69|199.53|200.33|2340
2021.06.25 19:30:00|200.36|201.39|200.01|201.39|1600
2021.06.25 20:30:00|201.39|202.08|201.09|201.28|1695
2021.06.25 21:30:00|201.28|202.04|201.07|201.36|1363
2021.06.25 22:30:00|201.34|202.71|200.71|202.33|2201
2021.06.28 16:30:00|206.02|208.74|204.74|206.28|8074
2021.06.28 17:30:00|206.29|206.65|203.21|204.11|4064
2021.06.28 18:30:00|204.08|204.11|202.67|203.56|2549
2021.06.28 19:30:00|203.57|204.26|203|203.57|1791
2021.06.28 20:30:00|203.51|204.54|203.3|204.17|1943
2021.06.28 21:30:00|204.17|205.57|203.95|205.27|2394
2021.06.28 22:30:00|205.25|205.32|204.47|204.83|1832
2021.06.29 16:30:00|202.49|205.19|200.98|204.13|7151
2021.06.29 17:30:00|204.14|204.79|203.29|204.54|3847
2021.06.29 18:30:00|204.55|208.56|204.51|207.88|4157
2021.06.29 19:30:00|207.84|207.9|206.56|206.9|2185
2021.06.29 20:30:00|206.91|207.52|206.66|207.48|1927
2021.06.29 21:30:00|207.48|207.52|206|207.46|1927
2021.06.29 22:30:00|207.46|207.86|207.19|207.3|1610
2021.06.30 16:30:00|205.82|207.06|204.36|204.92|6520
2021.06.30 17:30:00|205|205.75|204.6|204.65|3715
2021.06.30 18:30:00|204.65|205.34|203.9|204.86|2476
2021.06.30 19:30:00|204.85|205.08|204.51|204.72|2126
2021.06.30 20:30:00|204.71|205.2|204.09|204.26|1497
2021.06.30 21:30:00|204.27|205.48|204.22|204.58|1688
2021.06.30 22:30:00|204.59|204.67|203.44|203.52|1837
2021.07.01 16:30:00|203.76|205.01|201.95|203.44|7277
2021.07.01 17:30:00|203.44|203.44|199.28|200.01|3700
2021.07.01 18:30:00|200.01|201.67|199.38|201.12|2095
2021.07.01 19:30:00|201.13|201.2|199.97|200.4|1590
2021.07.01 20:30:00|200.41|201.5|200.39|201.45|1981
2021.07.01 21:30:00|201.45|201.67|200.91|201.05|2127
2021.07.01 22:30:00|201.06|201.58|200.76|201.11|1666
2021.07.02 16:30:00|198.22|200.23|197.16|197.7|5921
2021.07.02 17:30:00|197.65|197.65|196.32|197.1|2893
2021.07.02 18:30:00|197.1|197.52|196.44|196.93|2151
2021.07.02 19:30:00|196.93|196.95|195.95|196.31|1874
2021.07.02 20:30:00|196.32|196.71|195.95|196.47|1398
2021.07.02 21:30:00|196.5|197.2|196.1|196.59|1458
2021.07.02 22:30:00|196.59|196.68|196.2|196.37|1472
2021.07.06 16:30:00|189.75|190.02|186.46|186.78|7714
2021.07.06 17:30:00|186.77|189.21|186.47|188.8|4690
2021.07.06 18:30:00|188.84|189.04|187.13|187.54|2659
2021.07.06 19:30:00|187.55|188.13|186.52|187.84|2195
2021.07.06 20:30:00|187.84|188.28|187.34|187.41|1980
2021.07.06 21:30:00|187.44|188.2|187.44|187.81|1269
2021.07.06 22:30:00|187.82|187.92|186.62|186.64|1591
2021.07.07 16:30:00|187.99|188.9|183.3|183.76|7718
2021.07.07 17:30:00|183.75|184.7|182.77|183.08|4463
2021.07.07 18:30:00|183.08|184.21|182.65|182.98|2519
2021.07.07 19:30:00|182.96|183.43|182.59|182.87|2100
2021.07.07 20:30:00|182.85|183|181.96|182.43|2175
2021.07.07 21:30:00|182.43|182.45|181.92|182.23|1855
2021.07.07 22:30:00|182.27|182.99|182.27|182.38|1687
2021.07.08 16:30:00|175.74|176.47|172.45|175.32|11052
2021.07.08 17:30:00|175.32|176.33|174.24|176.11|5802
2021.07.08 18:30:00|176.11|176.22|174.35|175.11|3040
2021.07.08 19:30:00|175.07|175.74|174.3|175.74|1948
2021.07.08 20:30:00|175.76|177.09|175.3|175.83|2736
2021.07.08 21:30:00|175.82|176.04|175.4|175.66|2178
2021.07.08 22:30:00|175.67|176.13|174.87|175.49|2228
2021.07.09 16:30:00|178.7|180.44|177.35|178.75|7539
2021.07.09 17:30:00|178.8|180.68|178.2|180.24|3123
2021.07.09 18:30:00|180.29|181.33|179.8|180.75|2052
2021.07.09 19:30:00|180.77|181.58|180.12|180.3|1821
2021.07.09 20:30:00|180.29|180.94|180.21|180.41|1349
2021.07.09 21:30:00|180.43|181|180.27|180.71|1952
2021.07.09 22:30:00|180.68|181.44|180.42|180.98|2039
2021.07.12 16:30:00|179.72|181.13|177.71|178.49|8721
2021.07.12 17:30:00|178.45|179.14|177.7|179.08|3637
2021.07.12 18:30:00|179.08|179.88|179.08|179.41|2245
2021.07.12 19:30:00|179.41|180.31|179.41|180.11|1720
2021.07.12 20:30:00|180.07|180.24|179.72|179.88|1478
2021.07.12 21:30:00|179.89|179.93|179.11|179.88|1365
2021.07.12 22:30:00|179.83|180.48|179.74|180.05|1557
2021.07.13 16:30:00|183.1|186.81|182.19|186.62|6885
2021.07.13 17:30:00|186.62|186.76|184.51|184.71|2842
2021.07.13 18:30:00|184.74|186.8|184.61|186.7|2120
2021.07.13 19:30:00|186.7|187.12|184.81|185.1|1674
2021.07.13 20:30:00|185.08|185.76|184.22|185.54|2902
2021.07.13 21:30:00|185.53|185.94|184.51|184.66|1874
2021.07.13 22:30:00|184.67|184.88|184.05|184.22|1530
2021.07.14 16:30:00|183.91|185.23|182.07|182.59|5841
2021.07.14 17:30:00|182.63|183.07|180.8|180.97|3126
2021.07.14 18:30:00|180.97|181.79|180.28|181.09|3095
2021.07.14 19:30:00|181.1|181.31|180.64|180.92|1821
2021.07.14 20:30:00|180.96|181.44|180.8|181.02|1601
2021.07.14 21:30:00|181.02|181.53|180.45|181.4|1401
2021.07.14 22:30:00|181.4|181.51|180.96|180.99|1438
2021.07.15 16:30:00|181.57|185.93|181.4|183.47|7600
2021.07.15 17:30:00|183.47|185.46|183.04|184.71|4156
2021.07.15 18:30:00|184.72|185.3|183.37|183.91|2405
2021.07.15 19:30:00|183.89|184.14|183.37|183.76|1729
2021.07.15 20:30:00|183.76|184.13|183.5|183.85|2120
2021.07.15 21:30:00|183.84|184.94|183.74|184.94|1870
2021.07.15 22:30:00|184.97|185.49|184.4|185.21|1857
2021.07.16 16:30:00|184.77|184.8|179.95|180.22|6165
2021.07.16 17:30:00|180.27|180.78|179.23|179.58|3784
2021.07.16 18:30:00|179.59|180.37|179.3|180.07|1443
2021.07.16 19:30:00|180.08|180.21|179.7|179.94|1032
2021.07.16 20:30:00|179.93|180.03|178.91|179.21|1017
2021.07.16 21:30:00|179.21|179.58|178.88|179.02|1392
2021.07.16 22:30:00|179.05|179.39|178.82|179.17|1524
2021.07.19 16:30:00|175.47|176.64|172.36|174.03|9460
2021.07.19 17:30:00|174.03|177.18|173.89|176.27|4434
2021.07.19 18:30:00|176.28|176.97|175.4|176.13|2686
2021.07.19 19:30:00|176.05|176.06|174.93|175.61|2158
2021.07.19 20:30:00|175.54|176.58|175.44|176.58|2336
2021.07.19 21:30:00|176.58|176.58|175.47|175.72|2036
2021.07.19 22:30:00|175.77|176.32|175.32|176.03|2112
2021.07.20 16:30:00|175.55|175.59|172.3|173.67|6827
2021.07.20 17:30:00|173.66|175.95|173.6|175.88|3729
2021.07.20 18:30:00|175.88|176.5|175.7|176.41|2218
2021.07.20 19:30:00|176.42|176.87|175.85|176.01|2050
2021.07.20 20:30:00|176.02|177.58|175.99|177.5|1623
2021.07.20 21:30:00|177.46|178.65|177.14|178.43|1770
2021.07.20 22:30:00|178.43|178.46|177.6|177.6|1741
2021.07.21 16:30:00|177.09|179.53|176.7|178.84|7390
2021.07.21 17:30:00|178.87|179.57|178.1|179.1|3374
2021.07.21 18:30:00|179.1|180.34|178.81|180.3|2031
2021.07.21 19:30:00|180.31|180.92|179.7|180.74|1552
2021.07.21 20:30:00|180.75|180.76|179.36|179.72|1792
2021.07.21 21:30:00|179.74|180.16|179.3|179.9|1435
2021.07.21 22:30:00|179.91|180.44|179.8|180.22|1257
2021.07.22 16:30:00|180.22|180.55|177.68|178.79|6770
2021.07.22 17:30:00|178.84|178.84|177.06|177.83|2582
2021.07.22 18:30:00|177.84|178.22|176.95|177.32|1621
2021.07.22 19:30:00|177.32|177.91|177.2|177.64|969
2021.07.22 20:30:00|177.65|178.79|177.53|178.23|1173
2021.07.22 21:30:00|178.24|178.24|177.61|177.99|1126
2021.07.22 22:30:00|177.99|178.17|177.73|178.14|1159
2021.07.23 16:30:00|171.28|171.52|167.5|169.08|9050
2021.07.23 17:30:00|169.1|169.9|168.06|169.84|3743
2021.07.23 18:30:00|169.84|170.58|168.9|169.86|2710
2021.07.23 19:30:00|169.89|170.98|169.51|170.67|1845
2021.07.23 20:30:00|170.68|171.85|170.34|171.38|2073
2021.07.23 21:30:00|171.38|172.78|171.17|172.56|2235
2021.07.23 22:30:00|172.57|173.19|172.35|172.36|2056
2021.07.26 16:30:00|164.26|168.06|161.79|166.66|8673
2021.07.26 17:30:00|166.67|167.02|163.66|163.78|4306
2021.07.26 18:30:00|163.73|164.24|162.3|162.72|2795
2021.07.26 19:30:00|162.71|164.32|161.75|164.3|2449
2021.07.26 20:30:00|164.31|164.62|162.5|162.55|2569
2021.07.26 21:30:00|162.56|163.12|161.98|162.39|2028
2021.07.26 22:30:00|162.39|162.54|161.77|161.96|2244
2021.07.27 16:30:00|157.19|161.02|155.79|156.82|13628
2021.07.27 17:30:00|156.78|157.01|153.82|155.84|7472
2021.07.27 18:30:00|155.84|156.37|154.04|154.08|5917
2021.07.27 19:30:00|154.1|154.99|152.81|153.22|4586
2021.07.27 20:30:00|153.21|156.53|152.94|155.83|3999
2021.07.27 21:30:00|155.73|157.63|155.73|157.2|4014
2021.07.27 22:30:00|157.2|157.67|156.66|157.41|2942
2021.07.28 16:30:00|164.18|166.32|161.52|165.38|11386
2021.07.28 17:30:00|165.38|167.63|164.94|165.87|5513
2021.07.28 18:30:00|165.87|166.54|165.28|166.54|3206
2021.07.28 19:30:00|166.54|167.72|165.7|165.83|3456
2021.07.28 20:30:00|165.82|166.34|164.62|165.51|3532
2021.07.28 21:30:00|165.51|167.4|165.22|167.31|3978
2021.07.28 22:30:00|167.31|167.75|166.35|166.48|2302
2021.07.29 16:30:00|168.99|168.99|163.22|164.77|7884
2021.07.29 17:30:00|164.77|166.69|164.08|166.16|4286
2021.07.29 18:30:00|166.17|166.46|165.24|166.09|2568
2021.07.29 19:30:00|166.13|168.11|165.44|166.96|3484
2021.07.29 20:30:00|166.96|167.19|165.95|166.55|2129
2021.07.29 21:30:00|166.54|167.07|166.12|166.12|1837
2021.07.29 22:30:00|166.15|166.9|166.12|166.64|1625
2021.07.30 16:30:00|163.12|166.19|163.06|164.27|7537
2021.07.30 17:30:00|164.34|164.57|163.2|163.44|3860
2021.07.30 18:30:00|163.47|164.19|162.96|163.71|1759
2021.07.30 19:30:00|163.72|164.18|163.51|163.9|1490
2021.07.30 20:30:00|163.9|164.61|163.32|163.4|1858
2021.07.30 21:30:00|163.32|163.57|163.03|163.19|1674
2021.07.30 22:30:00|163.19|163.84|163.19|163.72|1524
2021.08.02 16:30:00|164.43|166.52|163.85|165.98|7793
2021.08.02 17:30:00|165.98|167.63|165.85|167.13|3784
2021.08.02 18:30:00|167.14|167.51|165.81|166.45|3082
2021.08.02 19:30:00|166.44|167.6|166.44|167.33|1947
2021.08.02 20:30:00|167.36|167.65|166.48|167.26|1643
2021.08.02 21:30:00|167.26|167.59|166.72|166.82|1517
2021.08.02 22:30:00|166.83|166.95|165.77|166.34|1614
2021.08.03 16:30:00|163.06|164.08|161.19|162.34|7023
2021.08.03 17:30:00|162.35|163.81|162.16|162.41|5865
2021.08.03 18:30:00|162.4|163.32|162.31|163.21|2108
2021.08.03 19:30:00|163.2|163.37|162.79|163.13|1637
2021.08.03 20:30:00|163.15|163.2|162.53|162.88|2297
2021.08.03 21:30:00|162.88|163.7|162.64|163.51|2033
2021.08.03 22:30:00|163.51|163.76|163.02|163.67|1528
2021.08.04 16:30:00|164.39|167.09|163.91|164.61|9313
2021.08.04 17:30:00|164.58|164.78|163.5|164.01|4428
2021.08.04 18:30:00|164.02|164.26|163.45|163.82|2409
2021.08.04 19:30:00|163.84|163.93|163.27|163.72|2072
2021.08.04 20:30:00|163.72|163.92|163.37|163.82|1633
2021.08.04 21:30:00|163.82|164.01|163.52|163.7|1721
2021.08.04 22:30:00|163.7|163.86|163.25|163.5|1898
2021.08.05 16:30:00|163.05|164.77|162.5|164.75|6707
2021.08.05 17:30:00|164.75|165.21|164.2|164.91|3142
2021.08.05 18:30:00|164.97|165.33|164.52|164.65|1836
2021.08.05 19:30:00|164.65|165.17|164.65|165.17|1047
2021.08.05 20:30:00|165.17|165.82|165.14|165.53|1164
2021.08.05 21:30:00|165.53|165.68|164.87|164.98|1177
2021.08.05 22:30:00|164.97|165.53|164.67|165.5|1278
2021.08.06 16:30:00|165.26|166.37|163.91|163.98|7926
2021.08.06 17:30:00|163.97|164.47|163.2|164.1|4530
2021.08.06 18:30:00|164.18|164.33|163.03|163.49|2070
2021.08.06 19:30:00|163.48|164.28|163.34|164.1|1492
2021.08.06 20:30:00|164.08|164.63|163.55|163.87|1528
2021.08.06 21:30:00|163.8|164.53|163.8|163.9|1634
2021.08.06 22:30:00|163.89|164.37|163.87|163.95|1441
2021.08.09 16:30:00|163.97|166.29|163.27|166.06|5437
2021.08.09 17:30:00|166.1|166.94|165.73|166.59|4093
2021.08.09 18:30:00|166.56|167.23|166.19|166.7|2280
2021.08.09 19:30:00|166.72|166.92|166.21|166.48|1737
2021.08.09 20:30:00|166.48|167.15|166.3|166.55|1400
2021.08.09 21:30:00|166.58|167.08|166.22|166.22|1879
2021.08.09 22:30:00|166.23|166.5|165.87|166.24|1644
2021.08.10 16:30:00|167.87|168.62|165.63|165.66|5509
2021.08.10 17:30:00|165.66|165.71|164.64|164.95|3649
2021.08.10 18:30:00|164.92|166.38|164.84|165.66|1567
2021.08.10 19:30:00|165.69|166.03|165.06|165.67|948
2021.08.10 20:30:00|165.72|165.76|164.8|164.96|1195
2021.08.10 21:30:00|164.97|165.42|164.8|165.27|1237
2021.08.10 22:30:00|165.24|165.54|164.95|165.23|1466
2021.08.11 16:30:00|166.56|166.64|163.85|163.85|4702
2021.08.11 17:30:00|163.82|164.21|162.72|163.78|2736
2021.08.11 18:30:00|163.77|163.84|162.35|163.56|2406
2021.08.11 19:30:00|163.57|165.13|163.56|164.4|1938
2021.08.11 20:30:00|164.38|164.57|163.86|164.25|2143
2021.08.11 21:30:00|164.24|164.6|164.14|164.44|1279
2021.08.11 22:30:00|164.44|164.65|163.87|164.6|1321
2021.08.12 16:30:00|159.21|159.73|156.5|157.93|7018
2021.08.12 17:30:00|157.85|158.69|157.34|158.14|2778
2021.08.12 18:30:00|158.14|158.67|157.26|157.33|1899
2021.08.12 19:30:00|157.34|158.11|157.25|157.78|1161
2021.08.12 20:30:00|157.78|158.74|157.74|158.73|966
2021.08.12 21:30:00|158.73|159.6|158.6|158.97|961
2021.08.12 22:30:00|159|159.47|158.85|159.26|1014
2021.08.13 16:30:00|156.46|156.47|153|153.11|5202
2021.08.13 17:30:00|153.15|153.43|152.37|152.88|3309
2021.08.13 18:30:00|152.89|153.91|152.81|153.31|1824
2021.08.13 19:30:00|153.29|153.51|152.33|152.67|1273
2021.08.13 20:30:00|152.67|152.96|152.38|152.58|916
2021.08.13 21:30:00|152.54|152.58|151.8|151.9|1480
2021.08.13 22:30:00|151.89|152.47|151.89|152.11|1305
2021.08.16 16:30:00|147.8|149.57|147.21|147.54|7401
2021.08.16 17:30:00|147.54|148.39|146.75|146.81|4955
2021.08.16 18:30:00|146.81|147.31|145.93|146.05|2761
2021.08.16 19:30:00|146.05|146.21|145.6|145.87|2322
2021.08.16 20:30:00|145.84|146.53|145.7|146.07|2265
2021.08.16 21:30:00|146.08|146.84|146|146.3|2792
2021.08.16 22:30:00|146.31|146.35|145.7|146.25|1899
2021.08.17 16:30:00|141.01|142.48|139.8|142.22|9636
2021.08.17 17:30:00|142.22|143.79|141.85|141.91|4395
2021.08.17 18:30:00|141.92|141.92|140.92|141.38|3410
2021.08.17 19:30:00|141.39|142.41|140.61|142.34|3500
2021.08.17 20:30:00|142.34|142.45|141.83|142.14|2419
2021.08.17 21:30:00|142.15|142.45|141.79|142.06|2103
2021.08.17 22:30:00|142.05|142.11|141.21|142.07|2349
2021.08.18 16:30:00|143.16|144.09|141.45|141.7|7361
2021.08.18 17:30:00|141.7|143.51|141.24|143.28|4539
2021.08.18 18:30:00|143.27|143.9|142.45|143.34|3555
2021.08.18 19:30:00|143.42|144.99|143.35|144.54|2531
2021.08.18 20:30:00|144.51|145.21|143.88|144.63|3054
2021.08.18 21:30:00|144.63|144.87|143.98|144.12|3446
2021.08.18 22:30:00|144.11|144.11|142.62|142.62|2703
2021.08.19 16:30:00|136.87|139.29|136.37|136.49|10952
2021.08.19 17:30:00|136.5|137.12|135.59|136.38|6637
2021.08.19 18:30:00|136.4|137.95|136.28|137.28|4632
2021.08.19 19:30:00|137.27|137.79|136.6|137.32|2886
2021.08.19 20:30:00|137.33|137.61|136.64|136.64|2949
2021.08.19 21:30:00|136.64|137.84|136.41|137.62|3818
2021.08.19 22:30:00|137.6|137.76|136.67|136.96|2675
2021.08.20 16:30:00|139.01|141.48|138.54|138.92|10602
2021.08.20 17:30:00|138.92|139.71|137.42|137.89|4895
2021.08.20 18:30:00|137.9|138.59|137.45|137.51|3381
2021.08.20 19:30:00|137.52|137.91|136.98|137.36|2192
2021.08.20 20:30:00|137.36|137.46|136.52|136.62|2280
2021.08.20 21:30:00|136.63|136.94|136.1|136.69|2374
2021.08.20 22:30:00|136.7|137.37|136.46|137.28|1880
2021.08.23 16:30:00|139.37|140.57|136.91|136.98|8635
2021.08.23 17:30:00|136.99|138.7|136.83|138.15|2889
2021.08.23 18:30:00|138.16|139.89|137.91|139.87|2022
2021.08.23 19:30:00|139.87|141.2|139.49|141.18|2489
2021.08.23 20:30:00|141.16|142.45|141.12|141.79|2837
2021.08.23 21:30:00|141.78|141.98|141.35|141.7|1360
2021.08.23 22:30:00|141.7|142.96|141.66|142.45|1891
2021.08.24 16:30:00|150.22|153.56|149.03|152.61|10715
2021.08.24 17:30:00|152.63|154.94|152.54|153.77|4480
2021.08.24 18:30:00|153.81|154.95|153.05|154.68|2681
2021.08.24 19:30:00|154.68|155.19|153.58|154.29|2316
2021.08.24 20:30:00|154.29|155.12|153.95|154.41|1777
2021.08.24 21:30:00|154.44|155.5|154.25|155.42|2116
2021.08.24 22:30:00|155.42|155.48|154.3|154.76|1641
2021.08.25 16:30:00|151.02|152.77|149.79|152.62|9743
2021.08.25 17:30:00|152.62|153.47|152.24|153.28|3749
2021.08.25 18:30:00|153.28|153.74|151.95|152.25|3155
2021.08.25 19:30:00|152.23|152.64|151.8|152.38|2286
2021.08.25 20:30:00|152.39|153.72|152.38|153.55|2281
2021.08.25 21:30:00|153.55|154.32|153.37|154.18|2347
2021.08.25 22:30:00|154.19|155|154.18|154.85|2077
2021.08.26 16:30:00|154.48|158.02|154.48|155.82|6040
2021.08.26 17:30:00|155.82|156.36|153.76|154.96|5158
2021.08.26 18:30:00|155|155.67|154.8|155.66|2924
2021.08.26 19:30:00|155.65|156.19|154.45|154.54|2372
2021.08.26 20:30:00|154.54|155.11|154.36|154.91|2109
2021.08.26 21:30:00|154.9|155.02|153.47|154|2537
2021.08.26 22:30:00|154|154.53|153.83|154.12|2078
2021.08.27 16:30:00|152.85|154.15|151.58|153.77|8841
2021.08.27 17:30:00|153.8|154.74|152.84|152.97|5945
2021.08.27 18:30:00|152.97|153.44|152.42|152.5|2418
2021.08.27 19:30:00|152.5|152.67|152.06|152.24|1382
2021.08.27 20:30:00|152.25|152.59|151.65|151.77|1129
2021.08.27 21:30:00|151.79|153.83|151.72|152.79|1857
2021.08.27 22:30:00|152.8|153.02|152.53|152.92|1375
2021.08.30 16:30:00|153.2|153.45|149.82|150.17|7310
2021.08.30 17:30:00|150.17|151.97|150.04|151.71|4454
2021.08.30 18:30:00|151.74|152.21|151.29|151.97|3843
2021.08.30 19:30:00|151.98|152.23|151.6|151.92|1730
2021.08.30 20:30:00|151.92|153.02|151.87|152.77|1384
2021.08.30 21:30:00|152.77|153.39|152.4|152.49|1556
2021.08.30 22:30:00|152.48|153.08|152.45|152.82|1367
2021.08.31 16:30:00|155.27|156.61|153.14|153.63|11608
2021.08.31 17:30:00|153.63|154.61|153.04|154.14|6089
2021.08.31 18:30:00|154.15|155.89|153.99|155.73|3705
2021.08.31 19:30:00|155.71|156.55|155.36|156.37|2015
2021.08.31 20:30:00|156.37|156.56|155.9|156.32|1701
2021.08.31 21:30:00|156.37|156.37|155.66|155.67|1485
2021.08.31 22:30:00|155.7|156.93|155.16|156.71|1848
2021.09.01 16:30:00|158.95|163.65|158.95|162.66|10134
2021.09.01 17:30:00|162.7|163.17|161.62|162.37|5189
2021.09.01 18:30:00|162.39|166.14|162.27|166.08|4163
2021.09.01 19:30:00|166.08|166.16|165.03|165.53|2795
2021.09.01 20:30:00|165.62|165.68|164.66|165.29|2449
2021.09.01 21:30:00|165.29|165.39|164.5|165.03|2751
2021.09.01 22:30:00|165.03|165.18|164.13|164.86|2454
2021.09.02 16:30:00|164.96|165.98|163.02|163.4|8938
2021.09.02 17:30:00|163.4|164.62|163.17|163.96|5017
2021.09.02 18:30:00|163.95|164.28|162.06|162.23|2489
2021.09.02 19:30:00|162.27|162.4|161.32|161.44|2845
2021.09.02 20:30:00|161.42|162.07|160.94|161.69|3019
2021.09.02 21:30:00|161.72|162.46|161.61|162.08|2383
2021.09.02 22:30:00|162.08|162.12|161.53|162.07|1963
2021.09.03 16:30:00|162.09|164.33|161.68|162.75|8756
2021.09.03 17:30:00|162.76|162.94|161.46|161.7|4483
2021.09.03 18:30:00|161.7|162.01|161.23|161.85|2337
2021.09.03 19:30:00|161.87|162.28|161.68|162.01|1794
2021.09.03 20:30:00|162.02|162.21|161.91|162.01|1438
2021.09.03 21:30:00|162.02|162.54|161.93|162.15|1632
