2020.11.03 18:00:00|1.129|1.1315|1.1255|1.1285|543
2020.11.04 10:00:00|1.083|1.12|1.0815|1.116|1530
2020.11.04 11:00:00|1.116|1.1195|1.105|1.1115|1455
2020.11.04 12:00:00|1.111|1.1135|1.0995|1.1095|952
2020.11.04 13:00:00|1.11|1.111|1.102|1.103|685
2020.11.04 14:00:00|1.1035|1.119|1.101|1.117|667
2020.11.04 15:00:00|1.1165|1.1275|1.114|1.1185|668
2020.11.04 16:00:00|1.119|1.12|1.0935|1.1115|1277
2020.11.04 17:00:00|1.112|1.121|1.106|1.1155|1104
2020.11.04 18:00:00|1.1155|1.1175|1.1095|1.1115|552
2020.11.05 10:00:00|1.109|1.1175|1.0745|1.081|1531
2020.11.05 11:00:00|1.081|1.085|1.0735|1.0785|1094
2020.11.05 12:00:00|1.0785|1.0835|1.0735|1.0815|676
2020.11.05 13:00:00|1.0815|1.0815|1.0705|1.074|688
2020.11.05 14:00:00|1.074|1.0765|1.0645|1.0755|705
2020.11.05 15:00:00|1.076|1.078|1.069|1.0765|467
2020.11.05 16:00:00|1.077|1.089|1.072|1.089|979
2020.11.05 17:00:00|1.089|1.1045|1.0865|1.104|1012
2020.11.05 18:00:00|1.104|1.1045|1.0985|1.0985|429
2020.11.06 10:00:00|1.1055|1.124|1.1025|1.117|1351
2020.11.06 11:00:00|1.117|1.1175|1.0975|1.101|720
2020.11.06 12:00:00|1.101|1.1165|1.097|1.113|694
2020.11.06 13:00:00|1.1125|1.1175|1.1045|1.108|678
2020.11.06 14:00:00|1.108|1.112|1.1045|1.1105|634
2020.11.06 15:00:00|1.11|1.129|1.106|1.128|600
2020.11.06 16:00:00|1.1285|1.131|1.1155|1.1195|848
2020.11.06 17:00:00|1.1185|1.121|1.1105|1.113|773
2020.11.06 18:00:00|1.113|1.1145|1.1075|1.1085|361
2020.11.09 10:00:00|1.119|1.1315|1.113|1.1175|1067
2020.11.09 11:00:00|1.117|1.1215|1.1135|1.115|631
2020.11.09 12:00:00|1.1155|1.126|1.1125|1.126|506
2020.11.09 13:00:00|1.126|1.186|1.118|1.1855|1152
2020.11.09 14:00:00|1.1845|1.2925|1.1775|1.213|4191
2020.11.09 15:00:00|1.2125|1.24|1.2085|1.2375|2268
2020.11.09 16:00:00|1.2375|1.2735|1.2375|1.266|2225
2020.11.09 17:00:00|1.2665|1.2825|1.2655|1.2785|2182
2020.11.09 18:00:00|1.2785|1.2795|1.265|1.2775|1507
2020.11.10 10:00:00|1.298|1.3285|1.2735|1.318|2624
2020.11.10 11:00:00|1.3165|1.3515|1.3135|1.3515|1605
2020.11.10 12:00:00|1.351|1.3565|1.3395|1.348|1664
2020.11.10 13:00:00|1.348|1.351|1.3205|1.331|1353
2020.11.10 14:00:00|1.331|1.3325|1.311|1.3135|1252
2020.11.10 15:00:00|1.3135|1.321|1.31|1.3185|1115
2020.11.10 16:00:00|1.3185|1.3315|1.311|1.3305|1763
2020.11.10 17:00:00|1.33|1.3465|1.3295|1.3385|2472
2020.11.10 18:00:00|1.338|1.3445|1.3355|1.342|973
2020.11.11 10:00:00|1.3455|1.3645|1.3115|1.3235|3151
2020.11.11 11:00:00|1.3235|1.3395|1.313|1.3395|1330
2020.11.11 12:00:00|1.3385|1.355|1.337|1.3535|1073
2020.11.11 13:00:00|1.3525|1.3605|1.3495|1.3585|1033
2020.11.11 14:00:00|1.3585|1.3675|1.355|1.362|1025
2020.11.11 15:00:00|1.3615|1.3675|1.357|1.361|1105
2020.11.11 16:00:00|1.3605|1.3675|1.3295|1.347|1775
2020.11.11 17:00:00|1.347|1.363|1.3425|1.3605|1656
2020.11.11 18:00:00|1.3595|1.363|1.3565|1.3615|721
2020.11.12 10:00:00|1.3235|1.3345|1.3155|1.3175|2109
2020.11.12 11:00:00|1.318|1.3235|1.3125|1.316|1393
2020.11.12 12:00:00|1.3165|1.3265|1.3145|1.3195|1049
2020.11.12 13:00:00|1.32|1.327|1.315|1.321|860
2020.11.12 14:00:00|1.3215|1.3235|1.3105|1.312|917
2020.11.12 15:00:00|1.3125|1.3185|1.3065|1.309|772
2020.11.12 16:00:00|1.3095|1.3095|1.2935|1.306|1777
2020.11.12 17:00:00|1.3055|1.32|1.303|1.3185|1702
2020.11.12 18:00:00|1.318|1.3255|1.3145|1.321|846
2020.11.13 10:00:00|1.2965|1.3275|1.2915|1.324|1699
2020.11.13 11:00:00|1.3245|1.347|1.322|1.3435|1271
2020.11.13 12:00:00|1.343|1.354|1.343|1.352|853
2020.11.13 13:00:00|1.3525|1.3525|1.324|1.33|725
2020.11.13 14:00:00|1.3305|1.3315|1.317|1.3275|826
2020.11.13 15:00:00|1.328|1.335|1.324|1.3345|600
2020.11.13 16:00:00|1.334|1.341|1.3275|1.34|1019
2020.11.13 17:00:00|1.34|1.3445|1.3365|1.3375|1119
2020.11.13 18:00:00|1.338|1.341|1.337|1.3385|518
2020.11.16 10:00:00|1.3635|1.375|1.3575|1.3645|1530
2020.11.16 11:00:00|1.3645|1.3755|1.3645|1.367|995
2020.11.16 12:00:00|1.3675|1.3675|1.3535|1.3565|617
2020.11.16 13:00:00|1.357|1.3855|1.3525|1.385|1360
2020.11.16 14:00:00|1.385|1.385|1.371|1.3775|1524
2020.11.16 15:00:00|1.378|1.3845|1.372|1.3805|1024
2020.11.16 16:00:00|1.3805|1.3825|1.3645|1.3725|1342
2020.11.16 17:00:00|1.3725|1.385|1.3605|1.3825|1329
2020.11.16 18:00:00|1.3825|1.385|1.376|1.3815|609
2020.11.17 10:00:00|1.381|1.3895|1.3585|1.369|1473
2020.11.17 11:00:00|1.3695|1.376|1.3635|1.371|927
2020.11.17 12:00:00|1.371|1.3765|1.367|1.3735|770
2020.11.17 13:00:00|1.3735|1.3745|1.359|1.3615|941
2020.11.17 14:00:00|1.3615|1.3715|1.3575|1.3655|1094
2020.11.17 15:00:00|1.3655|1.3675|1.352|1.3565|1013
2020.11.17 16:00:00|1.3565|1.358|1.3485|1.3515|1246
2020.11.17 17:00:00|1.3515|1.377|1.3475|1.374|1788
2020.11.17 18:00:00|1.374|1.384|1.3715|1.381|623
2020.11.18 10:00:00|1.3645|1.369|1.356|1.3595|979
2020.11.18 11:00:00|1.3595|1.373|1.355|1.3715|611
2020.11.18 12:00:00|1.367|1.3845|1.367|1.384|527
2020.11.18 13:00:00|1.3845|1.3985|1.3795|1.3935|722
2020.11.18 14:00:00|1.394|1.3965|1.386|1.3915|559
2020.11.18 15:00:00|1.392|1.405|1.39|1.402|609
2020.11.18 16:00:00|1.402|1.4105|1.3975|1.409|699
2020.11.18 17:00:00|1.409|1.415|1.403|1.4065|963
2020.11.18 18:00:00|1.406|1.417|1.406|1.4115|639
2020.11.19 10:00:00|1.3725|1.3955|1.3725|1.3875|1406
2020.11.19 11:00:00|1.3875|1.393|1.3845|1.3915|819
2020.11.19 12:00:00|1.3915|1.3935|1.3845|1.3905|678
2020.11.19 13:00:00|1.391|1.3955|1.386|1.3925|530
2020.11.19 14:00:00|1.3925|1.3945|1.387|1.3895|465
2020.11.19 15:00:00|1.3895|1.3925|1.383|1.3895|544
2020.11.19 16:00:00|1.39|1.392|1.3805|1.3865|1069
2020.11.19 17:00:00|1.386|1.3905|1.381|1.387|925
2020.11.19 18:00:00|1.387|1.3935|1.3855|1.3855|418
2020.11.20 10:00:00|1.3745|1.3925|1.37|1.386|1150
2020.11.20 11:00:00|1.385|1.3885|1.378|1.3815|693
2020.11.20 12:00:00|1.3815|1.3925|1.3805|1.386|814
2020.11.20 13:00:00|1.3855|1.3865|1.3765|1.383|572
2020.11.20 14:00:00|1.3825|1.3835|1.377|1.381|442
2020.11.20 15:00:00|1.381|1.3855|1.376|1.3845|426
2020.11.20 16:00:00|1.3845|1.389|1.379|1.3825|663
2020.11.20 17:00:00|1.3825|1.383|1.369|1.3755|639
2020.11.20 18:00:00|1.3755|1.3805|1.3715|1.3775|297
2020.11.23 10:00:00|1.388|1.4045|1.388|1.3925|1057
2020.11.23 11:00:00|1.392|1.3995|1.3885|1.3915|930
2020.11.23 12:00:00|1.392|1.3935|1.3835|1.3875|791
2020.11.23 13:00:00|1.3875|1.39|1.3785|1.3865|618
2020.11.23 14:00:00|1.3865|1.39|1.378|1.3895|596
2020.11.23 15:00:00|1.3895|1.3895|1.38|1.389|760
2020.11.23 16:00:00|1.3895|1.397|1.3855|1.394|1088
2020.11.23 17:00:00|1.394|1.4045|1.392|1.399|1006
2020.11.23 18:00:00|1.399|1.4|1.3905|1.3965|672
2020.11.24 10:00:00|1.4115|1.4375|1.4095|1.434|2039
2020.11.24 11:00:00|1.435|1.4395|1.425|1.429|1085
2020.11.24 12:00:00|1.429|1.4405|1.427|1.4375|727
2020.11.24 13:00:00|1.4365|1.446|1.4325|1.4435|808
2020.11.24 14:00:00|1.443|1.4515|1.4355|1.4475|929
2020.11.24 15:00:00|1.4475|1.465|1.447|1.463|755
2020.11.24 16:00:00|1.4625|1.475|1.459|1.474|1208
2020.11.24 17:00:00|1.4735|1.4835|1.4705|1.4825|1575
2020.11.24 18:00:00|1.482|1.4995|1.4815|1.4925|987
2020.11.25 10:00:00|1.509|1.519|1.4555|1.4595|2032
2020.11.25 11:00:00|1.4595|1.4675|1.434|1.4355|1407
2020.11.25 12:00:00|1.436|1.4465|1.4305|1.437|1061
2020.11.25 13:00:00|1.437|1.446|1.4275|1.4315|829
2020.11.25 14:00:00|1.431|1.4455|1.4275|1.4445|660
2020.11.25 15:00:00|1.4445|1.451|1.4355|1.436|794
2020.11.25 16:00:00|1.4365|1.4415|1.4215|1.4255|1097
2020.11.25 17:00:00|1.4255|1.4315|1.414|1.429|1253
2020.11.25 18:00:00|1.4295|1.435|1.4295|1.433|414
2020.11.26 10:00:00|1.4225|1.43|1.3915|1.3925|845
2020.11.26 11:00:00|1.392|1.4035|1.3875|1.395|718
2020.11.26 12:00:00|1.395|1.3965|1.375|1.378|568
2020.11.26 13:00:00|1.378|1.3895|1.378|1.388|461
2020.11.26 14:00:00|1.388|1.393|1.383|1.3895|333
2020.11.26 15:00:00|1.39|1.4025|1.389|1.3965|386
2020.11.26 16:00:00|1.3965|1.405|1.395|1.3985|513
2020.11.26 17:00:00|1.3985|1.409|1.392|1.407|514
2020.11.26 18:00:00|1.4075|1.411|1.4045|1.41|380
2020.11.27 10:00:00|1.3855|1.4015|1.373|1.3825|1602
2020.11.27 11:00:00|1.383|1.393|1.379|1.3845|777
2020.11.27 12:00:00|1.3845|1.386|1.3795|1.3845|541
2020.11.27 13:00:00|1.385|1.3885|1.375|1.38|440
2020.11.27 14:00:00|1.3795|1.387|1.3755|1.386|384
2020.11.27 15:00:00|1.3865|1.3895|1.38|1.387|401
2020.11.27 16:00:00|1.3825|1.404|1.3825|1.3975|747
2020.11.27 17:00:00|1.397|1.3995|1.388|1.3895|713
2020.11.27 18:00:00|1.3895|1.3945|1.3865|1.393|464
2020.11.30 10:00:00|1.378|1.389|1.3635|1.3835|1126
2020.11.30 11:00:00|1.384|1.3885|1.37|1.3765|843
2020.11.30 12:00:00|1.377|1.3785|1.37|1.376|542
2020.11.30 13:00:00|1.371|1.3775|1.361|1.369|468
2020.11.30 14:00:00|1.3685|1.375|1.364|1.3675|389
2020.11.30 15:00:00|1.3675|1.369|1.359|1.369|464
2020.11.30 16:00:00|1.369|1.37|1.359|1.365|805
2020.11.30 17:00:00|1.365|1.367|1.3495|1.357|989
2020.11.30 18:00:00|1.3575|1.3585|1.3465|1.347|704
2020.12.01 10:00:00|1.3365|1.3985|1.331|1.3905|1401
2020.12.01 11:00:00|1.3905|1.4025|1.3895|1.3935|1022
2020.12.01 12:00:00|1.3935|1.398|1.386|1.3975|653
2020.12.01 13:00:00|1.397|1.401|1.3905|1.4|611
2020.12.01 14:00:00|1.3995|1.41|1.3975|1.4025|595
2020.12.01 15:00:00|1.403|1.404|1.3865|1.3985|706
2020.12.01 16:00:00|1.3985|1.4075|1.3915|1.4055|961
2020.12.01 17:00:00|1.4055|1.4145|1.4005|1.4135|1016
2020.12.01 18:00:00|1.413|1.4315|1.4095|1.4295|1094
2020.12.02 10:00:00|1.4215|1.4315|1.4115|1.428|1221
2020.12.02 11:00:00|1.4275|1.4345|1.419|1.4325|764
2020.12.02 12:00:00|1.4325|1.434|1.4155|1.4235|594
2020.12.02 13:00:00|1.4235|1.4315|1.411|1.423|641
2020.12.02 14:00:00|1.4225|1.4345|1.421|1.425|780
2020.12.02 15:00:00|1.4255|1.438|1.4245|1.438|675
2020.12.02 16:00:00|1.438|1.4505|1.4365|1.4505|1493
2020.12.02 17:00:00|1.45|1.459|1.4445|1.459|1032
2020.12.02 18:00:00|1.4585|1.466|1.4575|1.4615|555
2020.12.03 10:00:00|1.456|1.4585|1.4435|1.4555|1180
2020.12.03 11:00:00|1.455|1.4575|1.4445|1.4515|663
2020.12.03 12:00:00|1.4515|1.4645|1.4495|1.464|520
2020.12.03 13:00:00|1.4645|1.4725|1.4605|1.466|543
2020.12.03 14:00:00|1.4655|1.4685|1.4555|1.4555|538
2020.12.03 15:00:00|1.4555|1.4745|1.4505|1.466|805
2020.12.03 16:00:00|1.4665|1.475|1.4585|1.473|908
2020.12.03 17:00:00|1.473|1.482|1.4715|1.4785|973
2020.12.03 18:00:00|1.4785|1.4815|1.4735|1.475|510
2020.12.04 10:00:00|1.4685|1.4815|1.4675|1.473|1030
2020.12.04 11:00:00|1.4735|1.4925|1.4695|1.488|811
2020.12.04 12:00:00|1.488|1.494|1.477|1.489|755
2020.12.04 13:00:00|1.4895|1.498|1.4855|1.4935|640
2020.12.04 14:00:00|1.4925|1.498|1.487|1.4935|446
2020.12.04 15:00:00|1.489|1.495|1.4845|1.4895|445
2020.12.04 16:00:00|1.49|1.4955|1.4845|1.491|857
2020.12.04 17:00:00|1.4905|1.495|1.4805|1.4835|1315
2020.12.04 18:00:00|1.4835|1.4875|1.4805|1.487|556
2020.12.07 10:00:00|1.4755|1.48|1.4265|1.4325|1492
2020.12.07 11:00:00|1.4335|1.4665|1.431|1.463|1002
2020.12.07 12:00:00|1.4635|1.465|1.45|1.4515|718
2020.12.07 13:00:00|1.4505|1.4615|1.45|1.4595|783
2020.12.07 14:00:00|1.459|1.46|1.452|1.4555|688
2020.12.07 15:00:00|1.456|1.4565|1.4455|1.4465|733
2020.12.07 16:00:00|1.447|1.458|1.4445|1.4565|1118
2020.12.07 17:00:00|1.4565|1.4615|1.449|1.4595|926
2020.12.07 18:00:00|1.46|1.4665|1.457|1.4635|389
2020.12.08 10:00:00|1.442|1.457|1.435|1.454|1539
2020.12.08 11:00:00|1.453|1.4665|1.4525|1.458|811
2020.12.08 12:00:00|1.458|1.4635|1.4515|1.4585|463
2020.12.08 13:00:00|1.4585|1.459|1.4485|1.4535|579
2020.12.08 14:00:00|1.4535|1.4575|1.4485|1.457|429
2020.12.08 15:00:00|1.4565|1.468|1.452|1.4645|721
2020.12.08 16:00:00|1.464|1.4695|1.4555|1.465|811
2020.12.08 17:00:00|1.4655|1.4655|1.453|1.4565|771
2020.12.08 18:00:00|1.456|1.4665|1.454|1.464|391
2020.12.09 10:00:00|1.462|1.4835|1.462|1.4835|945
2020.12.09 11:00:00|1.4835|1.4845|1.4745|1.481|774
2020.12.09 12:00:00|1.481|1.4915|1.4735|1.4785|663
2020.12.09 13:00:00|1.479|1.4795|1.4685|1.4725|390
2020.12.09 14:00:00|1.473|1.4765|1.4625|1.47|575
2020.12.09 15:00:00|1.469|1.4745|1.4635|1.472|469
2020.12.09 16:00:00|1.467|1.4785|1.4665|1.476|635
2020.12.09 17:00:00|1.476|1.4825|1.4595|1.4595|909
2020.12.09 18:00:00|1.46|1.4635|1.455|1.455|502
2020.12.10 10:00:00|1.4435|1.4525|1.425|1.4295|1208
2020.12.10 11:00:00|1.4295|1.4315|1.4175|1.4175|700
2020.12.10 12:00:00|1.4175|1.4175|1.4005|1.4035|648
2020.12.10 13:00:00|1.4035|1.4095|1.3915|1.4095|858
2020.12.10 14:00:00|1.409|1.4095|1.3905|1.3945|993
2020.12.10 15:00:00|1.394|1.394|1.3775|1.383|918
2020.12.10 16:00:00|1.3825|1.3995|1.3765|1.3995|1427
2020.12.10 17:00:00|1.4|1.4125|1.3985|1.4125|1291
2020.12.10 18:00:00|1.4125|1.4525|1.4115|1.4165|1740
2020.12.11 10:00:00|1.407|1.425|1.348|1.355|2236
2020.12.11 11:00:00|1.3555|1.369|1.341|1.3445|1429
2020.12.11 12:00:00|1.345|1.369|1.3395|1.357|1401
2020.12.11 13:00:00|1.3565|1.3615|1.3425|1.3465|991
2020.12.11 14:00:00|1.3465|1.35|1.342|1.3475|708
2020.12.11 15:00:00|1.3475|1.354|1.3395|1.3535|786
2020.12.11 16:00:00|1.353|1.377|1.353|1.3675|1379
2020.12.11 17:00:00|1.3675|1.373|1.36|1.3615|1025
2020.12.11 18:00:00|1.362|1.364|1.3565|1.3575|646
2020.12.14 10:00:00|1.3845|1.4255|1.3845|1.4135|1069
2020.12.14 11:00:00|1.414|1.4195|1.4035|1.4195|762
2020.12.14 12:00:00|1.4195|1.4395|1.4195|1.433|657
2020.12.14 13:00:00|1.4335|1.447|1.4295|1.4435|757
2020.12.14 14:00:00|1.443|1.443|1.4285|1.433|716
2020.12.14 15:00:00|1.4335|1.4375|1.4265|1.436|661
2020.12.14 16:00:00|1.4365|1.4365|1.4095|1.4165|1364
2020.12.14 17:00:00|1.417|1.4415|1.411|1.427|1336
2020.12.14 18:00:00|1.4265|1.4285|1.4215|1.4215|681
2020.12.15 10:00:00|1.4025|1.43|1.4025|1.4275|1620
2020.12.15 11:00:00|1.4265|1.4355|1.4225|1.4235|824
2020.12.15 12:00:00|1.424|1.4265|1.4185|1.4245|553
2020.12.15 13:00:00|1.4245|1.43|1.415|1.4265|594
2020.12.15 14:00:00|1.4275|1.43|1.409|1.4125|732
2020.12.15 15:00:00|1.412|1.417|1.405|1.412|812
2020.12.15 16:00:00|1.412|1.4155|1.4045|1.4075|1222
2020.12.15 17:00:00|1.4075|1.417|1.405|1.4155|1338
2020.12.15 18:00:00|1.4155|1.4495|1.412|1.4455|1365
2020.12.16 10:00:00|1.443|1.4925|1.443|1.475|1542
2020.12.16 11:00:00|1.4735|1.4865|1.4695|1.475|1067
2020.12.16 12:00:00|1.475|1.4805|1.4655|1.4675|664
2020.12.16 13:00:00|1.4675|1.474|1.463|1.4685|681
2020.12.16 14:00:00|1.468|1.4705|1.461|1.464|523
2020.12.16 15:00:00|1.4635|1.465|1.4445|1.4465|721
2020.12.16 16:00:00|1.4465|1.4515|1.4365|1.4455|887
2020.12.16 17:00:00|1.4455|1.447|1.4345|1.4355|951
2020.12.16 18:00:00|1.436|1.4415|1.4335|1.4415|520
2020.12.17 10:00:00|1.441|1.463|1.441|1.4495|1442
2020.12.17 11:00:00|1.4495|1.4615|1.434|1.439|760
2020.12.17 12:00:00|1.4395|1.4415|1.432|1.4345|602
2020.12.17 13:00:00|1.4345|1.4595|1.4345|1.4595|471
2020.12.17 14:00:00|1.46|1.468|1.4495|1.466|475
2020.12.17 15:00:00|1.466|1.4755|1.463|1.472|732
2020.12.17 16:00:00|1.4725|1.476|1.4625|1.4755|1048
2020.12.17 17:00:00|1.475|1.476|1.451|1.4545|1070
2020.12.17 18:00:00|1.455|1.46|1.4515|1.453|568
2020.12.18 10:00:00|1.4335|1.448|1.4235|1.4465|795
2020.12.18 11:00:00|1.4465|1.4505|1.4355|1.443|713
2020.12.18 12:00:00|1.4435|1.4525|1.434|1.4515|1018
2020.12.18 13:00:00|1.451|1.4545|1.4405|1.4515|790
2020.12.18 14:00:00|1.4515|1.4545|1.4435|1.446|612
2020.12.18 15:00:00|1.446|1.4505|1.441|1.448|523
2020.12.18 16:00:00|1.4475|1.451|1.4395|1.446|615
2020.12.18 17:00:00|1.4465|1.449|1.4395|1.4475|682
2020.12.18 18:00:00|1.4465|1.4485|1.44|1.4455|450
2020.12.21 10:00:00|1.3705|1.4055|1.349|1.4015|2869
2020.12.21 11:00:00|1.401|1.4035|1.39|1.3965|1121
2020.12.21 12:00:00|1.396|1.4015|1.378|1.3815|3207
2020.12.21 13:00:00|1.3815|1.4025|1.38|1.3955|1529
2020.12.21 14:00:00|1.396|1.4035|1.3955|1.3985|1159
2020.12.21 15:00:00|1.3985|1.4|1.394|1.3965|1013
2020.12.21 16:00:00|1.397|1.4155|1.393|1.4055|1583
2020.12.21 17:00:00|1.4045|1.4105|1.3975|1.4045|2103
2020.12.21 18:00:00|1.405|1.413|1.403|1.409|899
2020.12.22 10:00:00|1.405|1.4605|1.405|1.4545|1254
2020.12.22 11:00:00|1.4545|1.459|1.4465|1.4475|698
2020.12.22 12:00:00|1.4475|1.4535|1.442|1.4485|636
2020.12.22 13:00:00|1.4485|1.4565|1.445|1.4545|458
2020.12.22 14:00:00|1.454|1.4585|1.4505|1.4545|374
2020.12.22 15:00:00|1.454|1.4585|1.4505|1.4565|351
2020.12.22 16:00:00|1.4565|1.457|1.45|1.455|611
2020.12.22 17:00:00|1.4555|1.4635|1.453|1.459|719
2020.12.22 18:00:00|1.4595|1.46|1.454|1.457|503
2020.12.23 10:00:00|1.4535|1.4735|1.4485|1.4605|1173
2020.12.23 11:00:00|1.4605|1.464|1.4555|1.4595|645
2020.12.23 12:00:00|1.4595|1.4605|1.4465|1.452|432
2020.12.23 13:00:00|1.4515|1.4535|1.443|1.4535|437
2020.12.23 14:00:00|1.453|1.4535|1.4455|1.4515|344
2020.12.23 15:00:00|1.4465|1.4665|1.4455|1.4655|712
2020.12.23 16:00:00|1.4655|1.4995|1.4605|1.494|1683
2020.12.23 17:00:00|1.4945|1.513|1.494|1.5085|1383
2020.12.23 18:00:00|1.508|1.513|1.504|1.506|1000
2020.12.24 10:00:00|1.5425|1.5775|1.539|1.567|1602
2020.12.24 11:00:00|1.5655|1.5715|1.5625|1.564|964
2020.12.24 12:00:00|1.5635|1.5635|1.5515|1.5525|891
2020.12.24 13:00:00|1.552|1.5525|1.5445|1.5465|774
2020.12.24 14:00:00|1.5465|1.5505|1.541|1.5495|319
2020.12.29 10:00:00|1.5455|1.5505|1.4835|1.488|1958
2020.12.29 11:00:00|1.4885|1.5045|1.4875|1.4965|1084
2020.12.29 12:00:00|1.496|1.5035|1.4935|1.4995|763
2020.12.29 13:00:00|1.4995|1.5015|1.493|1.5005|489
2020.12.29 14:00:00|1.5|1.508|1.4935|1.506|391
2020.12.29 15:00:00|1.506|1.5105|1.4955|1.5005|432
2020.12.29 16:00:00|1.5005|1.5085|1.496|1.4985|790
2020.12.29 17:00:00|1.4985|1.5035|1.4955|1.497|865
2020.12.29 18:00:00|1.497|1.4985|1.4905|1.4915|513
2020.12.30 10:00:00|1.4825|1.5265|1.4825|1.5145|818
2020.12.30 11:00:00|1.5105|1.5245|1.5105|1.516|563
2020.12.30 12:00:00|1.516|1.5175|1.5|1.507|453
2020.12.30 13:00:00|1.5075|1.514|1.504|1.5085|359
2020.12.30 14:00:00|1.5085|1.5085|1.496|1.4995|407
2020.12.30 15:00:00|1.5005|1.5025|1.4875|1.4915|426
2020.12.30 16:00:00|1.492|1.5|1.4875|1.495|527
2020.12.30 17:00:00|1.491|1.4975|1.486|1.4945|545
2020.12.30 18:00:00|1.495|1.495|1.4835|1.484|470
2020.12.31 10:00:00|1.4455|1.4775|1.4425|1.4695|827
2020.12.31 11:00:00|1.4695|1.483|1.4665|1.4745|727
2020.12.31 12:00:00|1.4745|1.4815|1.467|1.48|640
2020.12.31 13:00:00|1.4805|1.482|1.472|1.472|697
2020.12.31 14:00:00|1.472|1.4795|1.4665|1.475|472
2021.01.04 10:00:00|1.4695|1.4765|1.4285|1.453|1518
2021.01.04 11:00:00|1.4525|1.464|1.4485|1.4545|1267
2021.01.04 12:00:00|1.4545|1.4555|1.447|1.4505|750
2021.01.04 13:00:00|1.451|1.457|1.4475|1.4545|598
2021.01.04 14:00:00|1.455|1.4645|1.449|1.4625|578
2021.01.04 15:00:00|1.4575|1.4695|1.457|1.463|578
2021.01.04 16:00:00|1.4625|1.467|1.449|1.451|1372
2021.01.04 17:00:00|1.451|1.452|1.421|1.4235|1868
2021.01.04 18:00:00|1.4235|1.4315|1.4225|1.4275|1084
2021.01.05 10:00:00|1.389|1.442|1.389|1.426|2313
2021.01.05 11:00:00|1.4255|1.438|1.4165|1.4355|1003
2021.01.05 12:00:00|1.436|1.4415|1.426|1.431|672
2021.01.05 13:00:00|1.43|1.435|1.4185|1.42|518
2021.01.05 14:00:00|1.42|1.4205|1.4065|1.417|770
2021.01.05 15:00:00|1.4165|1.4245|1.404|1.405|693
2021.01.05 16:00:00|1.4045|1.426|1.4035|1.418|1107
2021.01.05 17:00:00|1.4185|1.428|1.415|1.4245|1105
2021.01.05 18:00:00|1.4245|1.4295|1.4195|1.427|607
2021.01.06 10:00:00|1.461|1.4955|1.4555|1.489|1954
2021.01.06 11:00:00|1.489|1.532|1.484|1.5275|1855
2021.01.06 12:00:00|1.5275|1.5485|1.5235|1.5385|1953
2021.01.06 13:00:00|1.537|1.5415|1.525|1.531|1596
2021.01.06 14:00:00|1.53|1.5405|1.5295|1.5355|2309
2021.01.06 15:00:00|1.535|1.5435|1.5285|1.533|1542
2021.01.06 16:00:00|1.532|1.5475|1.515|1.547|1923
2021.01.06 17:00:00|1.5475|1.5575|1.5445|1.5475|2312
2021.01.06 18:00:00|1.5475|1.5525|1.5425|1.548|1071
2021.01.07 10:00:00|1.551|1.5725|1.5075|1.535|1885
2021.01.07 11:00:00|1.5345|1.539|1.529|1.5385|1061
2021.01.07 12:00:00|1.539|1.539|1.5185|1.5185|777
2021.01.07 13:00:00|1.518|1.5195|1.5135|1.516|749
2021.01.07 14:00:00|1.516|1.526|1.509|1.5245|644
2021.01.07 15:00:00|1.525|1.528|1.5155|1.5255|736
2021.01.07 16:00:00|1.521|1.554|1.521|1.548|1328
2021.01.07 17:00:00|1.5485|1.567|1.5445|1.566|1269
2021.01.07 18:00:00|1.566|1.5675|1.5585|1.561|773
2021.01.08 10:00:00|1.562|1.578|1.5515|1.5595|1602
2021.01.08 11:00:00|1.5595|1.5595|1.537|1.5475|916
2021.01.08 12:00:00|1.5475|1.552|1.5345|1.541|906
2021.01.08 13:00:00|1.5405|1.5525|1.5345|1.545|555
2021.01.08 14:00:00|1.545|1.5475|1.5355|1.539|554
2021.01.08 15:00:00|1.539|1.545|1.5345|1.5355|546
2021.01.08 16:00:00|1.5345|1.5425|1.525|1.528|974
2021.01.08 17:00:00|1.528|1.5335|1.5235|1.5245|1262
2021.01.08 18:00:00|1.5245|1.528|1.519|1.5265|404
2021.01.11 10:00:00|1.519|1.538|1.51|1.538|1328
2021.01.11 11:00:00|1.538|1.5415|1.529|1.5335|883
2021.01.11 12:00:00|1.5285|1.54|1.5265|1.5345|502
2021.01.11 13:00:00|1.5345|1.5345|1.521|1.526|555
2021.01.11 14:00:00|1.5255|1.527|1.515|1.52|484
2021.01.11 15:00:00|1.5195|1.521|1.5065|1.51|610
2021.01.11 16:00:00|1.5105|1.5295|1.4975|1.523|1449
2021.01.11 17:00:00|1.522|1.5275|1.506|1.5085|994
2021.01.11 18:00:00|1.5085|1.512|1.504|1.512|614
2021.01.12 10:00:00|1.511|1.529|1.511|1.522|893
2021.01.12 11:00:00|1.5225|1.531|1.522|1.5285|849
2021.01.12 12:00:00|1.5235|1.5345|1.5225|1.5295|713
2021.01.12 13:00:00|1.53|1.5445|1.527|1.54|670
2021.01.12 14:00:00|1.54|1.5455|1.534|1.54|549
2021.01.12 15:00:00|1.5395|1.5415|1.527|1.5315|490
2021.01.12 16:00:00|1.5315|1.537|1.525|1.5355|911
2021.01.12 17:00:00|1.535|1.5435|1.5315|1.543|986
2021.01.12 18:00:00|1.5435|1.5435|1.5335|1.537|547
2021.01.13 10:00:00|1.5235|1.5325|1.5145|1.5255|795
2021.01.13 11:00:00|1.526|1.527|1.514|1.5195|609
2021.01.13 12:00:00|1.5195|1.527|1.516|1.526|674
2021.01.13 13:00:00|1.5265|1.5345|1.5245|1.53|621
2021.01.13 14:00:00|1.53|1.5355|1.524|1.53|731
2021.01.13 15:00:00|1.5295|1.536|1.523|1.5235|748
2021.01.13 16:00:00|1.5235|1.527|1.518|1.522|1143
2021.01.13 17:00:00|1.522|1.528|1.5125|1.525|1174
2021.01.13 18:00:00|1.525|1.527|1.52|1.523|618
2021.01.14 10:00:00|1.521|1.5375|1.521|1.5295|1339
2021.01.14 11:00:00|1.53|1.543|1.527|1.5405|808
2021.01.14 12:00:00|1.54|1.5445|1.5315|1.5355|617
2021.01.14 13:00:00|1.5355|1.54|1.532|1.54|645
2021.01.14 14:00:00|1.5405|1.5405|1.5315|1.5375|522
2021.01.14 15:00:00|1.5375|1.539|1.5215|1.5245|637
2021.01.14 16:00:00|1.5245|1.538|1.52|1.538|932
2021.01.14 17:00:00|1.5385|1.542|1.5205|1.5215|935
2021.01.14 18:00:00|1.522|1.5275|1.5185|1.525|444
2021.01.15 10:00:00|1.5145|1.537|1.509|1.5185|1122
2021.01.15 11:00:00|1.519|1.529|1.517|1.528|664
2021.01.15 12:00:00|1.528|1.5335|1.5155|1.5175|732
2021.01.15 13:00:00|1.5175|1.5185|1.5035|1.5045|604
2021.01.15 14:00:00|1.505|1.511|1.4995|1.51|497
2021.01.15 15:00:00|1.51|1.517|1.5|1.5|477
2021.01.15 16:00:00|1.5015|1.5035|1.4845|1.4895|1100
2021.01.15 17:00:00|1.489|1.4905|1.465|1.4825|1630
2021.01.15 18:00:00|1.482|1.4885|1.4745|1.4845|837
2021.01.18 10:00:00|1.48|1.5105|1.4755|1.501|790
2021.01.18 11:00:00|1.5005|1.506|1.498|1.5005|505
2021.01.18 12:00:00|1.5005|1.507|1.495|1.5025|466
2021.01.18 13:00:00|1.502|1.5085|1.496|1.499|532
2021.01.18 14:00:00|1.4985|1.505|1.494|1.502|396
2021.01.18 15:00:00|1.5015|1.5105|1.497|1.507|493
2021.01.18 16:00:00|1.507|1.509|1.495|1.5025|436
2021.01.18 17:00:00|1.4955|1.5095|1.4955|1.5055|474
2021.01.18 18:00:00|1.5055|1.51|1.5045|1.5095|265
2021.01.19 10:00:00|1.518|1.524|1.4895|1.4905|1704
2021.01.19 11:00:00|1.49|1.4925|1.4755|1.4795|810
2021.01.19 12:00:00|1.48|1.4845|1.473|1.4775|621
2021.01.19 13:00:00|1.4725|1.489|1.4725|1.4805|471
2021.01.19 14:00:00|1.481|1.481|1.4645|1.4715|511
2021.01.19 15:00:00|1.4725|1.4745|1.4635|1.4685|409
2021.01.19 16:00:00|1.4685|1.4735|1.4555|1.4585|867
2021.01.19 17:00:00|1.4585|1.476|1.4505|1.4725|898
2021.01.19 18:00:00|1.472|1.4745|1.466|1.467|642
2021.01.20 10:00:00|1.4565|1.4705|1.4445|1.453|1147
2021.01.20 11:00:00|1.4525|1.4645|1.449|1.46|784
2021.01.20 12:00:00|1.4595|1.4665|1.4545|1.4545|557
2021.01.20 13:00:00|1.4545|1.4555|1.4415|1.4415|502
2021.01.20 14:00:00|1.442|1.4505|1.4395|1.45|450
2021.01.20 15:00:00|1.45|1.45|1.434|1.444|495
2021.01.20 16:00:00|1.4445|1.455|1.4415|1.4525|724
2021.01.20 17:00:00|1.453|1.4575|1.4485|1.4565|727
2021.01.20 18:00:00|1.456|1.46|1.4525|1.4595|370
2021.01.21 10:00:00|1.4625|1.4695|1.449|1.451|927
2021.01.21 11:00:00|1.4505|1.4545|1.441|1.448|728
2021.01.21 12:00:00|1.448|1.451|1.4415|1.4485|529
2021.01.21 13:00:00|1.449|1.4635|1.443|1.4605|602
2021.01.21 14:00:00|1.461|1.463|1.452|1.4575|422
2021.01.21 15:00:00|1.453|1.464|1.451|1.464|771
2021.01.21 16:00:00|1.464|1.4665|1.452|1.4525|760
2021.01.22 10:00:00|1.428|1.4395|1.4205|1.4285|967
2021.01.22 11:00:00|1.429|1.4315|1.417|1.4205|911
2021.01.22 12:00:00|1.421|1.428|1.4165|1.422|639
2021.01.22 13:00:00|1.4225|1.4345|1.4175|1.433|715
2021.01.22 14:00:00|1.433|1.4335|1.421|1.429|356
2021.01.22 15:00:00|1.429|1.43|1.4145|1.422|502
2021.01.22 16:00:00|1.4215|1.4345|1.4185|1.4255|729
2021.01.22 17:00:00|1.426|1.4275|1.4165|1.4215|963
2021.01.22 18:00:00|1.421|1.4265|1.42|1.4235|430
2021.01.25 10:00:00|1.4385|1.4415|1.4015|1.41|875
2021.01.25 11:00:00|1.41|1.4135|1.398|1.402|690
2021.01.25 12:00:00|1.4015|1.4045|1.3905|1.3945|525
2021.01.25 13:00:00|1.394|1.3985|1.383|1.3865|730
2021.01.25 14:00:00|1.386|1.392|1.3775|1.382|874
2021.01.25 15:00:00|1.3815|1.384|1.371|1.381|1259
2021.01.25 16:00:00|1.381|1.3845|1.3695|1.3765|1098
2021.01.25 17:00:00|1.376|1.3885|1.369|1.37|960
2021.01.25 18:00:00|1.37|1.371|1.3625|1.3645|869
2021.01.26 10:00:00|1.3655|1.3955|1.3655|1.375|1860
2021.01.26 11:00:00|1.3755|1.3915|1.3755|1.3855|1499
2021.01.26 12:00:00|1.386|1.3905|1.3785|1.3905|909
2021.01.26 13:00:00|1.39|1.4025|1.3875|1.396|1122
2021.01.26 14:00:00|1.3955|1.402|1.393|1.3975|830
2021.01.26 15:00:00|1.398|1.401|1.393|1.4|582
2021.01.26 16:00:00|1.4005|1.4015|1.385|1.387|970
2021.01.26 17:00:00|1.387|1.3995|1.3855|1.3915|1226
2021.01.26 18:00:00|1.3915|1.3965|1.3885|1.3945|524
2021.01.27 10:00:00|1.3625|1.388|1.361|1.3635|1377
2021.01.27 11:00:00|1.364|1.3755|1.362|1.3655|1082
2021.01.27 12:00:00|1.365|1.368|1.3535|1.354|779
2021.01.27 13:00:00|1.3535|1.3565|1.3465|1.354|912
2021.01.27 14:00:00|1.3535|1.36|1.3355|1.3365|875
2021.01.27 15:00:00|1.3365|1.3475|1.3355|1.3455|984
2021.01.27 16:00:00|1.3445|1.3535|1.3275|1.335|1849
2021.01.27 17:00:00|1.3355|1.346|1.3325|1.338|1929
2021.01.27 18:00:00|1.338|1.342|1.3375|1.342|567
2021.01.28 10:00:00|1.3245|1.3395|1.2995|1.302|2317
2021.01.28 11:00:00|1.302|1.3165|1.2985|1.309|1459
2021.01.28 12:00:00|1.309|1.3205|1.3065|1.311|1397
2021.01.28 13:00:00|1.3115|1.324|1.3075|1.32|1049
2021.01.28 14:00:00|1.3205|1.3315|1.3185|1.3265|1113
2021.01.28 15:00:00|1.3265|1.3465|1.322|1.345|1456
2021.01.28 16:00:00|1.3455|1.3545|1.3345|1.343|1763
2021.01.28 17:00:00|1.3435|1.361|1.341|1.359|1701
2021.01.28 18:00:00|1.3595|1.3685|1.3575|1.3615|919
2021.01.29 10:00:00|1.339|1.3535|1.3295|1.3505|1315
2021.01.29 11:00:00|1.351|1.3535|1.3385|1.3475|1305
2021.01.29 12:00:00|1.3475|1.348|1.334|1.3415|836
2021.01.29 13:00:00|1.3415|1.3505|1.3355|1.344|943
2021.01.29 14:00:00|1.344|1.3465|1.338|1.3425|726
2021.01.29 15:00:00|1.3425|1.347|1.3225|1.3415|1558
2021.01.29 16:00:00|1.341|1.349|1.3295|1.3405|1561
2021.01.29 17:00:00|1.338|1.355|1.3375|1.3495|1511
2021.01.29 18:00:00|1.35|1.3505|1.334|1.3365|937
2021.02.01 10:00:00|1.337|1.3495|1.3265|1.3425|1436
2021.02.01 11:00:00|1.343|1.3455|1.333|1.3375|961
2021.02.01 12:00:00|1.337|1.352|1.3345|1.3445|685
2021.02.01 13:00:00|1.345|1.364|1.345|1.3565|856
2021.02.01 14:00:00|1.356|1.3695|1.355|1.3655|706
2021.02.01 15:00:00|1.366|1.367|1.345|1.3485|737
2021.02.01 16:00:00|1.344|1.3515|1.3425|1.3465|1190
2021.02.01 17:00:00|1.346|1.35|1.3385|1.3385|1740
2021.02.01 18:00:00|1.3385|1.3475|1.3385|1.3435|702
2021.02.02 10:00:00|1.3565|1.372|1.353|1.3695|1159
2021.02.02 11:00:00|1.37|1.384|1.3695|1.3805|901
2021.02.02 12:00:00|1.3805|1.3825|1.372|1.3745|541
2021.02.02 13:00:00|1.374|1.3775|1.365|1.366|658
2021.02.02 14:00:00|1.3665|1.3725|1.365|1.3715|457
2021.02.02 15:00:00|1.372|1.3785|1.3685|1.3765|505
2021.02.02 16:00:00|1.3765|1.3965|1.373|1.3865|1028
2021.02.02 17:00:00|1.387|1.403|1.3855|1.4015|1207
2021.02.02 18:00:00|1.4015|1.4045|1.4005|1.4015|508
2021.02.03 10:00:00|1.447|1.447|1.403|1.4075|1290
2021.02.03 11:00:00|1.4075|1.4095|1.396|1.4045|726
2021.02.03 12:00:00|1.405|1.4105|1.4025|1.4045|670
2021.02.03 13:00:00|1.4045|1.408|1.3905|1.3975|938
2021.02.03 14:00:00|1.3975|1.4045|1.393|1.404|932
2021.02.03 15:00:00|1.4035|1.409|1.3985|1.4075|345
2021.02.03 16:00:00|1.4075|1.411|1.4025|1.4105|735
2021.02.03 17:00:00|1.4105|1.4275|1.41|1.4215|1200
2021.02.03 18:00:00|1.421|1.4235|1.4135|1.4135|757
2021.02.04 10:00:00|1.4205|1.427|1.4035|1.4085|1143
2021.02.04 11:00:00|1.409|1.411|1.4005|1.4015|862
2021.02.04 12:00:00|1.4015|1.4065|1.398|1.4055|690
2021.02.04 13:00:00|1.406|1.4115|1.398|1.4005|676
2021.02.04 14:00:00|1.4005|1.4215|1.3975|1.4195|828
2021.02.04 15:00:00|1.42|1.4365|1.4195|1.433|1036
2021.02.04 16:00:00|1.4335|1.4645|1.4325|1.4615|1684
2021.02.04 17:00:00|1.4595|1.4695|1.445|1.4555|1658
2021.02.04 18:00:00|1.4555|1.458|1.4525|1.4565|664
2021.02.05 10:00:00|1.4705|1.483|1.4495|1.4775|1397
2021.02.05 11:00:00|1.4765|1.4845|1.473|1.4815|823
2021.02.05 12:00:00|1.481|1.4825|1.4735|1.474|645
2021.02.05 13:00:00|1.4745|1.475|1.4575|1.461|578
2021.02.05 14:00:00|1.4605|1.4685|1.4585|1.4675|693
2021.02.05 15:00:00|1.4675|1.469|1.4575|1.467|724
2021.02.05 16:00:00|1.4665|1.482|1.4585|1.4595|1198
2021.02.05 17:00:00|1.4595|1.4795|1.4555|1.477|1642
2021.02.05 18:00:00|1.4775|1.479|1.4685|1.469|747
2021.02.08 10:00:00|1.472|1.4875|1.4635|1.4745|1272
2021.02.08 11:00:00|1.475|1.485|1.4735|1.4845|929
2021.02.08 12:00:00|1.484|1.484|1.4725|1.477|492
2021.02.08 13:00:00|1.4775|1.4935|1.4765|1.488|627
2021.02.08 14:00:00|1.488|1.4915|1.484|1.4905|655
2021.02.08 15:00:00|1.491|1.4925|1.4795|1.4825|603
2021.02.08 16:00:00|1.4825|1.494|1.477|1.4905|843
2021.02.08 17:00:00|1.4905|1.4915|1.4745|1.483|833
2021.02.08 18:00:00|1.483|1.485|1.475|1.476|692
2021.02.09 10:00:00|1.472|1.479|1.457|1.4685|1389
2021.02.09 11:00:00|1.4685|1.475|1.4625|1.473|982
2021.02.09 12:00:00|1.4725|1.4775|1.469|1.475|574
2021.02.09 13:00:00|1.474|1.4755|1.465|1.4725|565
2021.02.09 14:00:00|1.472|1.4765|1.47|1.476|296
2021.02.09 15:00:00|1.4755|1.4825|1.47|1.4805|336
2021.02.09 16:00:00|1.4805|1.4825|1.4715|1.4735|805
2021.02.09 17:00:00|1.4735|1.4795|1.469|1.4765|764
2021.02.09 18:00:00|1.476|1.4765|1.4695|1.4745|466
2021.02.10 10:00:00|1.472|1.485|1.4605|1.4635|1284
2021.02.10 11:00:00|1.464|1.4705|1.46|1.4655|874
2021.02.10 12:00:00|1.4655|1.4765|1.464|1.4725|934
2021.02.10 13:00:00|1.4725|1.482|1.4695|1.4745|974
2021.02.10 14:00:00|1.4745|1.4765|1.4655|1.471|713
2021.02.10 15:00:00|1.4715|1.479|1.467|1.4755|877
2021.02.10 16:00:00|1.4705|1.478|1.4665|1.478|925
2021.02.10 17:00:00|1.4785|1.4825|1.4605|1.4795|1934
2021.02.10 18:00:00|1.4785|1.4795|1.4705|1.4705|731
2021.02.11 10:00:00|1.462|1.4735|1.4475|1.4595|979
2021.02.11 11:00:00|1.459|1.459|1.442|1.4455|535
2021.02.11 12:00:00|1.445|1.4475|1.437|1.4445|490
2021.02.11 13:00:00|1.444|1.453|1.444|1.4505|479
2021.02.11 14:00:00|1.451|1.453|1.4455|1.4485|398
2021.02.11 15:00:00|1.449|1.451|1.443|1.447|455
2021.02.11 16:00:00|1.4475|1.4535|1.441|1.4455|764
2021.02.11 17:00:00|1.4455|1.4575|1.4415|1.455|813
2021.02.11 18:00:00|1.4545|1.457|1.4495|1.4545|395
2021.02.12 10:00:00|1.4495|1.4535|1.436|1.442|1038
2021.02.12 11:00:00|1.4425|1.4515|1.4395|1.4495|596
2021.02.12 12:00:00|1.449|1.4535|1.441|1.4475|465
2021.02.12 13:00:00|1.447|1.459|1.4465|1.4575|484
2021.02.12 14:00:00|1.4525|1.4595|1.452|1.4575|328
2021.02.12 15:00:00|1.458|1.469|1.4535|1.465|443
2021.02.12 16:00:00|1.465|1.466|1.4495|1.4535|865
2021.02.12 17:00:00|1.4535|1.4585|1.448|1.449|773
2021.02.12 18:00:00|1.4495|1.4555|1.4475|1.454|406
2021.02.15 10:00:00|1.477|1.5245|1.477|1.523|1759
2021.02.15 11:00:00|1.5235|1.5335|1.5225|1.5255|907
2021.02.15 12:00:00|1.5255|1.5275|1.5135|1.5215|662
2021.02.15 13:00:00|1.521|1.5345|1.514|1.534|530
2021.02.15 14:00:00|1.5345|1.5395|1.525|1.5285|562
2021.02.15 15:00:00|1.5275|1.5345|1.5255|1.5335|586
2021.02.15 16:00:00|1.5335|1.5395|1.53|1.535|648
2021.02.15 17:00:00|1.5355|1.5435|1.5295|1.5435|809
2021.02.15 18:00:00|1.5435|1.546|1.534|1.534|704
2021.02.16 10:00:00|1.539|1.553|1.5355|1.5435|1212
2021.02.16 11:00:00|1.5425|1.5475|1.5315|1.5375|792
2021.02.16 12:00:00|1.538|1.54|1.5285|1.5295|626
2021.02.16 13:00:00|1.53|1.538|1.5225|1.537|710
2021.02.16 14:00:00|1.537|1.5405|1.5305|1.5375|609
2021.02.16 15:00:00|1.5375|1.543|1.5305|1.54|562
2021.02.16 16:00:00|1.5405|1.544|1.5265|1.544|1167
2021.02.16 17:00:00|1.5435|1.562|1.542|1.549|1436
2021.02.16 18:00:00|1.5485|1.554|1.5465|1.5465|671
2021.02.17 10:00:00|1.5545|1.5635|1.5425|1.5445|1303
2021.02.17 11:00:00|1.5445|1.551|1.5345|1.5365|920
2021.02.17 12:00:00|1.5365|1.5415|1.531|1.5365|668
2021.02.17 13:00:00|1.537|1.5495|1.5335|1.5495|600
2021.02.17 14:00:00|1.5495|1.5545|1.5425|1.5505|515
2021.02.17 15:00:00|1.5505|1.556|1.542|1.5465|766
2021.02.17 16:00:00|1.5465|1.5505|1.5245|1.5355|1188
2021.02.17 17:00:00|1.5345|1.5485|1.5325|1.542|1628
2021.02.17 18:00:00|1.5425|1.5425|1.5345|1.5405|758
2021.02.18 10:00:00|1.5155|1.5485|1.5145|1.5245|1372
2021.02.18 11:00:00|1.5245|1.5255|1.4605|1.494|1323
2021.02.18 12:00:00|1.4945|1.5135|1.4775|1.4875|909
2021.02.18 13:00:00|1.4875|1.49|1.472|1.4845|1007
2021.02.18 14:00:00|1.484|1.499|1.4765|1.48|862
2021.02.18 15:00:00|1.4795|1.4885|1.4625|1.464|1186
2021.02.18 16:00:00|1.465|1.4715|1.4525|1.4635|1561
2021.02.18 17:00:00|1.463|1.47|1.4475|1.4495|1647
2021.02.18 18:00:00|1.45|1.474|1.4485|1.472|1133
2021.02.19 10:00:00|1.478|1.481|1.4515|1.4715|1351
2021.02.19 11:00:00|1.472|1.4975|1.471|1.4925|1004
2021.02.19 12:00:00|1.493|1.4995|1.492|1.4945|806
2021.02.19 13:00:00|1.494|1.4985|1.484|1.4885|646
2021.02.19 14:00:00|1.489|1.5115|1.484|1.5115|592
2021.02.19 15:00:00|1.5115|1.5335|1.511|1.5255|698
2021.02.19 16:00:00|1.526|1.5375|1.5245|1.5355|939
2021.02.19 17:00:00|1.5355|1.5405|1.5275|1.5335|1016
2021.02.19 18:00:00|1.5335|1.538|1.531|1.5365|635
2021.02.22 10:00:00|1.491|1.5305|1.4875|1.522|1827
2021.02.22 11:00:00|1.5225|1.5345|1.52|1.527|1269
2021.02.22 12:00:00|1.527|1.529|1.518|1.522|668
2021.02.22 13:00:00|1.522|1.526|1.517|1.522|776
2021.02.22 14:00:00|1.5215|1.5245|1.509|1.5135|583
2021.02.22 15:00:00|1.514|1.5205|1.5095|1.519|496
2021.02.22 16:00:00|1.5195|1.5265|1.5105|1.5215|1419
2021.02.22 17:00:00|1.5215|1.544|1.517|1.5375|1483
2021.02.22 18:00:00|1.5375|1.5435|1.5375|1.5405|685
2021.02.23 10:00:00|1.546|1.5785|1.5455|1.5625|2060
2021.02.23 11:00:00|1.5625|1.565|1.556|1.5575|1752
2021.02.23 12:00:00|1.5575|1.559|1.5385|1.5435|1513
2021.02.23 13:00:00|1.543|1.5585|1.5385|1.5535|1178
2021.02.23 14:00:00|1.5535|1.5625|1.5485|1.561|769
2021.02.23 15:00:00|1.561|1.562|1.5495|1.5595|749
2021.02.23 16:00:00|1.56|1.58|1.5515|1.5635|1922
2021.02.23 17:00:00|1.5635|1.597|1.5615|1.589|2549
2021.02.23 18:00:00|1.5885|1.5935|1.5805|1.586|1001
2021.02.24 10:00:00|1.5805|1.593|1.5725|1.5855|2127
2021.02.24 11:00:00|1.586|1.6065|1.585|1.6035|1711
2021.02.24 12:00:00|1.6035|1.6055|1.584|1.587|1125
2021.02.24 13:00:00|1.5865|1.596|1.5825|1.593|1165
2021.02.24 14:00:00|1.593|1.5995|1.5905|1.597|1030
2021.02.24 15:00:00|1.5975|1.5995|1.5895|1.5925|1267
2021.02.24 16:00:00|1.5925|1.626|1.5925|1.619|2138
2021.02.24 17:00:00|1.6185|1.634|1.618|1.63|3514
2021.02.24 18:00:00|1.6295|1.6495|1.6285|1.6435|1450
2021.02.25 10:00:00|1.642|1.6475|1.62|1.633|1630
2021.02.25 11:00:00|1.633|1.651|1.633|1.641|1350
2021.02.25 12:00:00|1.6415|1.642|1.629|1.6325|924
2021.02.25 13:00:00|1.6325|1.645|1.63|1.6395|814
2021.02.25 14:00:00|1.64|1.645|1.632|1.638|831
2021.02.25 15:00:00|1.6385|1.6445|1.6325|1.6405|824
2021.02.25 16:00:00|1.641|1.654|1.6395|1.6485|1272
2021.02.25 17:00:00|1.649|1.6555|1.626|1.6315|1925
2021.02.25 18:00:00|1.6315|1.6345|1.623|1.6255|940
2021.02.26 10:00:00|1.5785|1.628|1.5755|1.623|1580
2021.02.26 11:00:00|1.623|1.6435|1.622|1.639|1492
2021.02.26 12:00:00|1.6385|1.641|1.631|1.632|991
2021.02.26 13:00:00|1.632|1.637|1.6035|1.604|1627
2021.02.26 14:00:00|1.604|1.6105|1.591|1.593|1405
2021.02.26 15:00:00|1.5925|1.599|1.5865|1.5985|1842
2021.02.26 16:00:00|1.5975|1.6025|1.5875|1.592|2281
2021.02.26 17:00:00|1.5925|1.594|1.574|1.5785|3456
2021.02.26 18:00:00|1.579|1.596|1.5775|1.5895|1726
2021.03.01 10:00:00|1.63|1.637|1.617|1.6205|2171
2021.03.01 11:00:00|1.62|1.626|1.6115|1.613|1022
2021.03.01 12:00:00|1.6125|1.6245|1.6105|1.622|814
2021.03.01 13:00:00|1.6225|1.6245|1.6125|1.6155|1162
2021.03.01 14:00:00|1.6155|1.6195|1.6105|1.616|754
2021.03.01 15:00:00|1.6165|1.619|1.6075|1.6095|771
2021.03.01 16:00:00|1.6095|1.6105|1.5995|1.6035|1709
2021.03.01 17:00:00|1.6035|1.6125|1.6005|1.612|1649
2021.03.01 18:00:00|1.6115|1.6155|1.6075|1.6095|679
2021.03.02 10:00:00|1.6045|1.627|1.594|1.6145|1305
2021.03.02 11:00:00|1.615|1.62|1.6045|1.615|1038
2021.03.02 12:00:00|1.615|1.618|1.61|1.6135|790
2021.03.02 13:00:00|1.613|1.622|1.612|1.613|982
2021.03.02 14:00:00|1.6135|1.6305|1.613|1.6265|636
2021.03.02 15:00:00|1.626|1.627|1.6165|1.6215|686
2021.03.02 16:00:00|1.621|1.627|1.6175|1.6225|1531
2021.03.02 17:00:00|1.6225|1.6375|1.621|1.625|1681
2021.03.02 18:00:00|1.6245|1.6265|1.619|1.6245|868
2021.03.03 10:00:00|1.6295|1.6655|1.6295|1.6635|1419
2021.03.03 11:00:00|1.6635|1.683|1.6605|1.682|1300
2021.03.03 12:00:00|1.6825|1.6845|1.6685|1.6725|904
2021.03.03 13:00:00|1.6735|1.6745|1.6685|1.6735|632
2021.03.03 14:00:00|1.6735|1.6775|1.6715|1.6765|591
2021.03.03 15:00:00|1.6765|1.6845|1.671|1.6755|1102
2021.03.03 16:00:00|1.676|1.6895|1.6735|1.6825|1395
2021.03.03 17:00:00|1.679|1.6985|1.6755|1.6925|2315
2021.03.03 18:00:00|1.693|1.6955|1.69|1.6935|764
2021.03.04 10:00:00|1.696|1.706|1.6845|1.688|1730
2021.03.04 11:00:00|1.688|1.6925|1.6725|1.6795|1195
2021.03.04 12:00:00|1.6795|1.6795|1.6635|1.6725|1119
2021.03.04 13:00:00|1.673|1.675|1.66|1.6705|979
2021.03.04 14:00:00|1.6705|1.6805|1.668|1.6685|987
2021.03.04 15:00:00|1.6685|1.6825|1.6625|1.6825|878
2021.03.04 16:00:00|1.683|1.689|1.6735|1.6815|1734
2021.03.04 17:00:00|1.6815|1.6825|1.6525|1.658|1947
2021.03.04 18:00:00|1.6585|1.6695|1.6585|1.666|992
2021.03.05 10:00:00|1.6495|1.6675|1.6435|1.665|1994
2021.03.05 11:00:00|1.6645|1.7115|1.662|1.7115|1429
2021.03.05 12:00:00|1.712|1.714|1.702|1.7035|1366
2021.03.05 13:00:00|1.704|1.7145|1.6985|1.713|1123
2021.03.05 14:00:00|1.713|1.7195|1.7115|1.7175|967
2021.03.05 15:00:00|1.718|1.7385|1.7095|1.737|1491
2021.03.05 16:00:00|1.737|1.7575|1.7335|1.7465|2356
2021.03.05 17:00:00|1.746|1.7505|1.722|1.726|3881
2021.03.05 18:00:00|1.726|1.731|1.7095|1.7115|1641
2021.03.08 10:00:00|1.7345|1.7515|1.728|1.7495|1881
2021.03.08 11:00:00|1.745|1.7535|1.7315|1.7505|1352
2021.03.08 12:00:00|1.7495|1.766|1.749|1.7655|1258
2021.03.08 13:00:00|1.765|1.769|1.754|1.7675|1144
2021.03.08 14:00:00|1.7675|1.7715|1.7475|1.749|951
2021.03.08 15:00:00|1.7495|1.7615|1.745|1.759|929
2021.03.08 16:00:00|1.759|1.771|1.752|1.7555|2000
2021.03.08 17:00:00|1.756|1.7785|1.753|1.7755|2491
2021.03.08 18:00:00|1.776|1.7785|1.772|1.7735|711
2021.03.09 10:00:00|1.755|1.767|1.745|1.7565|2119
2021.03.09 11:00:00|1.756|1.7575|1.746|1.7465|1184
2021.03.09 12:00:00|1.7465|1.7525|1.737|1.7465|1023
2021.03.09 13:00:00|1.746|1.756|1.745|1.747|1051
2021.03.09 14:00:00|1.747|1.7475|1.7185|1.729|1104
2021.03.09 15:00:00|1.724|1.735|1.7195|1.7325|952
2021.03.09 16:00:00|1.733|1.734|1.715|1.718|1982
2021.03.09 17:00:00|1.718|1.749|1.715|1.7465|1830
2021.03.09 18:00:00|1.7465|1.756|1.7465|1.7525|859
2021.03.10 10:00:00|1.725|1.751|1.725|1.7485|1293
2021.03.10 11:00:00|1.748|1.7545|1.7455|1.7515|1344
2021.03.10 12:00:00|1.751|1.763|1.747|1.756|1134
2021.03.10 13:00:00|1.756|1.7585|1.738|1.748|1045
2021.03.10 14:00:00|1.748|1.7515|1.7425|1.7465|580
2021.03.10 15:00:00|1.7465|1.749|1.7345|1.7395|1023
2021.03.10 16:00:00|1.74|1.7495|1.7325|1.7395|1440
2021.03.10 17:00:00|1.74|1.741|1.7265|1.7365|1501
2021.03.10 18:00:00|1.7365|1.74|1.7295|1.7385|518
2021.03.11 10:00:00|1.712|1.7385|1.712|1.7135|1686
2021.03.11 11:00:00|1.7135|1.719|1.7065|1.7095|1051
2021.03.11 12:00:00|1.71|1.7125|1.7015|1.709|802
2021.03.11 13:00:00|1.709|1.7115|1.7005|1.7095|786
2021.03.11 14:00:00|1.709|1.7185|1.7045|1.715|1003
2021.03.11 15:00:00|1.7155|1.724|1.7125|1.717|1046
2021.03.11 16:00:00|1.7165|1.725|1.706|1.7215|1638
2021.03.11 17:00:00|1.7215|1.733|1.717|1.729|1442
2021.03.11 18:00:00|1.7295|1.7315|1.7245|1.729|576
2021.03.12 10:00:00|1.7525|1.8035|1.7455|1.781|1843
2021.03.12 11:00:00|1.7815|1.7935|1.7795|1.7815|1009
2021.03.12 12:00:00|1.782|1.7915|1.773|1.7835|951
2021.03.12 13:00:00|1.784|1.7885|1.782|1.7835|761
2021.03.12 14:00:00|1.783|1.791|1.777|1.7875|531
2021.03.12 15:00:00|1.7885|1.79|1.7825|1.7845|564
2021.03.12 16:00:00|1.785|1.8|1.782|1.7945|1013
2021.03.12 17:00:00|1.7945|1.7965|1.7825|1.7935|1189
2021.03.12 18:00:00|1.7935|1.797|1.792|1.7935|456
2021.03.15 10:00:00|1.7975|1.8125|1.794|1.7995|1212
2021.03.15 11:00:00|1.799|1.8055|1.7955|1.803|725
2021.03.15 12:00:00|1.8025|1.8145|1.7965|1.8145|687
2021.03.15 13:00:00|1.8145|1.8225|1.81|1.8115|726
2021.03.15 14:00:00|1.812|1.812|1.7955|1.8025|658
2021.03.15 15:00:00|1.8025|1.804|1.786|1.7935|837
2021.03.15 16:00:00|1.793|1.8025|1.788|1.7925|1195
2021.03.15 17:00:00|1.7925|1.794|1.779|1.7865|1152
2021.03.15 18:00:00|1.7865|1.8005|1.786|1.7985|540
2021.03.16 10:00:00|1.8145|1.854|1.8135|1.8455|1816
2021.03.16 11:00:00|1.8445|1.8525|1.8245|1.831|1255
2021.03.16 12:00:00|1.8325|1.8375|1.8295|1.836|967
2021.03.16 13:00:00|1.8355|1.8465|1.8315|1.8465|822
2021.03.16 14:00:00|1.846|1.8475|1.834|1.8385|768
2021.03.16 15:00:00|1.838|1.8465|1.824|1.827|1134
2021.03.16 16:00:00|1.8265|1.8275|1.8155|1.82|1311
2021.03.16 17:00:00|1.8195|1.8335|1.8115|1.8325|1489
2021.03.16 18:00:00|1.832|1.8325|1.824|1.827|776
2021.03.17 10:00:00|1.817|1.8275|1.8045|1.8225|1667
2021.03.17 11:00:00|1.822|1.828|1.8155|1.8225|1167
2021.03.17 12:00:00|1.8225|1.8235|1.816|1.8215|1197
2021.03.17 13:00:00|1.8215|1.8215|1.809|1.8115|1025
2021.03.17 14:00:00|1.8115|1.8235|1.809|1.82|896
2021.03.17 15:00:00|1.82|1.8445|1.8125|1.831|2105
2021.03.17 16:00:00|1.8305|1.832|1.7975|1.801|1680
2021.03.17 17:00:00|1.8005|1.8235|1.8005|1.8135|1388
2021.03.17 18:00:00|1.814|1.8175|1.8035|1.8065|797
2021.03.18 10:00:00|1.82|1.83|1.817|1.8255|2373
2021.03.18 11:00:00|1.8255|1.8305|1.808|1.813|1496
2021.03.18 12:00:00|1.813|1.8165|1.8055|1.8065|1050
2021.03.18 13:00:00|1.8065|1.809|1.7975|1.802|1235
2021.03.18 14:00:00|1.8025|1.813|1.8015|1.8015|1271
2021.03.18 15:00:00|1.802|1.8275|1.8015|1.8265|1908
2021.03.18 16:00:00|1.827|1.8455|1.826|1.8355|1800
2021.03.18 17:00:00|1.8355|1.844|1.8305|1.8405|1402
2021.03.18 18:00:00|1.8405|1.8405|1.8305|1.8325|611
2021.03.19 10:00:00|1.799|1.824|1.794|1.8125|2921
2021.03.19 11:00:00|1.812|1.817|1.8095|1.8165|1830
2021.03.19 12:00:00|1.817|1.817|1.796|1.8085|2116
2021.03.19 13:00:00|1.808|1.813|1.8015|1.8065|1353
2021.03.19 14:00:00|1.8065|1.8155|1.8055|1.8095|1163
2021.03.19 15:00:00|1.809|1.8135|1.7725|1.7925|2724
2021.03.19 16:00:00|1.7915|1.8065|1.785|1.8065|2604
2021.03.19 17:00:00|1.8065|1.8175|1.801|1.8155|2201
2021.03.19 18:00:00|1.815|1.8265|1.815|1.8215|1230
2021.03.22 10:00:00|1.7785|1.847|1.7785|1.8395|2898
2021.03.22 11:00:00|1.8395|1.8455|1.8345|1.8425|1501
2021.03.22 12:00:00|1.843|1.8515|1.8425|1.847|1096
2021.03.22 13:00:00|1.8475|1.8485|1.8335|1.8415|1057
2021.03.22 14:00:00|1.8415|1.845|1.8355|1.838|999
2021.03.22 15:00:00|1.8375|1.8405|1.824|1.8245|1609
2021.03.22 16:00:00|1.825|1.8255|1.808|1.813|1662
2021.03.22 17:00:00|1.8125|1.824|1.8085|1.8215|1846
2021.03.22 18:00:00|1.8215|1.823|1.8045|1.807|611
2021.03.23 10:00:00|1.7785|1.795|1.774|1.795|2047
2021.03.23 11:00:00|1.7955|1.7965|1.78|1.7815|1277
2021.03.23 12:00:00|1.782|1.785|1.7735|1.783|992
2021.03.23 13:00:00|1.783|1.8|1.7795|1.798|1010
2021.03.23 14:00:00|1.798|1.814|1.7965|1.812|884
2021.03.23 15:00:00|1.8125|1.828|1.799|1.8235|1596
2021.03.23 16:00:00|1.8245|1.825|1.799|1.8085|1605
2021.03.23 17:00:00|1.809|1.8135|1.8|1.811|1332
2021.03.23 18:00:00|1.8115|1.817|1.811|1.8135|529
2021.03.24 10:00:00|1.7765|1.8125|1.7725|1.8105|2006
2021.03.24 11:00:00|1.811|1.8215|1.8035|1.8105|1494
2021.03.24 12:00:00|1.811|1.8255|1.81|1.822|1083
2021.03.24 13:00:00|1.822|1.835|1.822|1.8245|813
2021.03.24 14:00:00|1.8245|1.837|1.8215|1.834|767
2021.03.24 15:00:00|1.8345|1.846|1.832|1.837|1696
2021.03.24 16:00:00|1.837|1.86|1.837|1.859|1700
2021.03.24 17:00:00|1.8595|1.8625|1.8415|1.8485|1664
2021.03.24 18:00:00|1.8485|1.852|1.8455|1.8465|504
2021.03.25 10:00:00|1.82|1.838|1.81|1.833|1807
2021.03.25 11:00:00|1.833|1.8335|1.818|1.8245|1301
2021.03.25 12:00:00|1.8245|1.8315|1.808|1.8115|1170
2021.03.25 13:00:00|1.8105|1.8175|1.795|1.7975|1730
2021.03.25 14:00:00|1.7975|1.8085|1.7955|1.7995|1438
2021.03.25 15:00:00|1.7995|1.8075|1.7945|1.7985|2771
2021.03.25 16:00:00|1.799|1.804|1.7895|1.797|2611
2021.03.25 17:00:00|1.797|1.8205|1.7915|1.8175|2219
2021.03.25 18:00:00|1.8175|1.821|1.8145|1.818|925
2021.03.26 10:00:00|1.8465|1.8465|1.8225|1.837|1704
2021.03.26 11:00:00|1.836|1.8395|1.8275|1.8335|1001
2021.03.26 12:00:00|1.834|1.838|1.8285|1.835|789
2021.03.26 13:00:00|1.8345|1.8405|1.831|1.8355|772
2021.03.26 14:00:00|1.8355|1.8375|1.833|1.8365|613
2021.03.26 15:00:00|1.8365|1.842|1.833|1.839|1344
2021.03.26 16:00:00|1.839|1.8465|1.8305|1.8355|1650
2021.03.26 17:00:00|1.836|1.8395|1.827|1.831|1593
2021.03.26 18:00:00|1.8305|1.832|1.826|1.8295|701
2021.03.29 10:00:00|1.8055|1.8145|1.7965|1.7985|1609
2021.03.29 11:00:00|1.7985|1.8085|1.786|1.7995|1343
2021.03.29 12:00:00|1.7995|1.8155|1.7965|1.814|808
2021.03.29 13:00:00|1.8145|1.827|1.813|1.823|863
2021.03.29 14:00:00|1.8235|1.827|1.821|1.827|622
2021.03.29 15:00:00|1.8265|1.8275|1.8105|1.8175|959
2021.03.29 16:00:00|1.8175|1.819|1.8035|1.8175|2066
2021.03.29 17:00:00|1.8175|1.8235|1.806|1.809|2377
2021.03.29 18:00:00|1.8085|1.8145|1.801|1.8045|848
2021.03.30 10:00:00|1.8255|1.8485|1.824|1.8475|2222
2021.03.30 11:00:00|1.8465|1.8595|1.843|1.8545|1136
2021.03.30 12:00:00|1.854|1.8585|1.849|1.8525|834
2021.03.30 13:00:00|1.8525|1.857|1.8505|1.8565|769
2021.03.30 14:00:00|1.856|1.8585|1.8515|1.8565|852
2021.03.30 15:00:00|1.8565|1.859|1.8505|1.8565|859
2021.03.30 16:00:00|1.8565|1.8715|1.8515|1.869|1617
2021.03.30 17:00:00|1.8695|1.887|1.8655|1.887|1936
2021.03.30 18:00:00|1.887|1.897|1.887|1.8905|710
2021.03.31 10:00:00|1.88|1.8935|1.8735|1.8795|1892
2021.03.31 11:00:00|1.8795|1.8835|1.873|1.8805|831
2021.03.31 12:00:00|1.8805|1.881|1.87|1.872|630
2021.03.31 13:00:00|1.872|1.8855|1.872|1.8855|669
2021.03.31 14:00:00|1.8865|1.8885|1.884|1.887|472
2021.03.31 15:00:00|1.8875|1.8895|1.886|1.889|391
2021.03.31 16:00:00|1.8885|1.893|1.8845|1.892|918
2021.03.31 17:00:00|1.891|1.8925|1.864|1.866|1376
2021.03.31 18:00:00|1.866|1.8785|1.8625|1.8685|1100
2021.04.01 10:00:00|1.86|1.8975|1.86|1.8825|2563
2021.04.01 11:00:00|1.8825|1.8835|1.8725|1.8775|1232
2021.04.01 12:00:00|1.8775|1.8785|1.8665|1.8685|1110
2021.04.01 13:00:00|1.869|1.8695|1.86|1.863|983
2021.04.01 14:00:00|1.8625|1.8675|1.861|1.863|772
2021.04.01 15:00:00|1.863|1.8645|1.8485|1.849|942
2021.04.01 16:00:00|1.8495|1.8515|1.836|1.8395|1788
2021.04.01 17:00:00|1.8395|1.848|1.835|1.8405|1564
2021.04.01 18:00:00|1.84|1.8415|1.836|1.8365|585
2021.04.06 10:00:00|1.86|1.8935|1.8585|1.871|2246
2021.04.06 11:00:00|1.8705|1.8825|1.8695|1.879|1468
2021.04.06 12:00:00|1.8785|1.8825|1.868|1.8795|1159
2021.04.06 13:00:00|1.8795|1.8815|1.8625|1.8675|1007
2021.04.06 14:00:00|1.8675|1.87|1.8625|1.8655|648
2021.04.06 15:00:00|1.8655|1.8685|1.8605|1.862|689
2021.04.06 16:00:00|1.8625|1.8745|1.8585|1.8745|1808
2021.04.06 17:00:00|1.874|1.875|1.8645|1.8705|1829
2021.04.06 18:00:00|1.87|1.87|1.8475|1.8505|883
2021.04.07 10:00:00|1.862|1.8965|1.857|1.8925|1811
2021.04.07 11:00:00|1.8935|1.896|1.8845|1.8925|810
2021.04.07 12:00:00|1.8925|1.893|1.8725|1.8745|800
2021.04.07 13:00:00|1.874|1.876|1.866|1.874|748
2021.04.07 14:00:00|1.8735|1.877|1.8705|1.8745|674
2021.04.07 15:00:00|1.874|1.878|1.8695|1.8735|781
2021.04.07 16:00:00|1.8735|1.8845|1.8695|1.8825|1653
2021.04.07 17:00:00|1.882|1.8905|1.878|1.8855|1267
2021.04.07 18:00:00|1.886|1.886|1.8735|1.8775|577
2021.04.08 10:00:00|1.8895|1.899|1.8755|1.8755|1900
2021.04.08 11:00:00|1.8745|1.8775|1.868|1.8725|914
2021.04.08 12:00:00|1.873|1.881|1.8695|1.8795|550
2021.04.08 13:00:00|1.8795|1.882|1.8675|1.869|524
2021.04.08 14:00:00|1.8685|1.8725|1.865|1.8705|627
2021.04.08 15:00:00|1.87|1.8775|1.868|1.8735|599
2021.04.08 16:00:00|1.8735|1.878|1.8585|1.8705|1151
2021.04.08 17:00:00|1.8705|1.8765|1.863|1.8705|1195
2021.04.08 18:00:00|1.8705|1.877|1.87|1.877|615
2021.04.09 10:00:00|1.8765|1.8865|1.8575|1.8665|1641
2021.04.09 11:00:00|1.866|1.866|1.8365|1.8485|1329
2021.04.09 12:00:00|1.8485|1.8565|1.848|1.856|763
2021.04.09 13:00:00|1.8555|1.869|1.8535|1.867|639
2021.04.09 14:00:00|1.867|1.8765|1.867|1.8735|515
2021.04.09 15:00:00|1.874|1.8755|1.8635|1.8665|694
2021.04.09 16:00:00|1.866|1.8695|1.8625|1.8665|940
2021.04.09 17:00:00|1.867|1.867|1.8585|1.859|887
2021.04.09 18:00:00|1.859|1.8635|1.854|1.8555|451
2021.04.12 10:00:00|1.8405|1.86|1.8365|1.8555|2098
2021.04.12 11:00:00|1.8555|1.864|1.85|1.8615|977
2021.04.12 12:00:00|1.862|1.874|1.8615|1.87|1063
2021.04.12 13:00:00|1.8705|1.8765|1.868|1.8725|763
2021.04.12 14:00:00|1.8725|1.8785|1.868|1.8715|594
2021.04.12 15:00:00|1.8715|1.8815|1.8695|1.881|509
2021.04.12 16:00:00|1.881|1.894|1.881|1.893|1291
2021.04.12 17:00:00|1.8925|1.899|1.8855|1.8875|1157
2021.04.12 18:00:00|1.8875|1.8875|1.8785|1.8805|780
2021.04.13 10:00:00|1.87|1.8985|1.87|1.8945|1577
2021.04.13 11:00:00|1.8945|1.8975|1.888|1.8895|886
2021.04.13 12:00:00|1.8895|1.897|1.8875|1.8935|683
2021.04.13 13:00:00|1.894|1.8955|1.8885|1.8895|644
2021.04.13 14:00:00|1.8895|1.8925|1.872|1.8855|1243
2021.04.13 15:00:00|1.886|1.8905|1.875|1.885|807
2021.04.13 16:00:00|1.8855|1.886|1.863|1.8685|1263
2021.04.13 17:00:00|1.869|1.874|1.863|1.8685|1422
2021.04.13 18:00:00|1.8685|1.8715|1.8675|1.871|538
2021.04.14 10:00:00|1.8185|1.8645|1.782|1.8565|2045
2021.04.14 11:00:00|1.857|1.8705|1.853|1.8655|864
2021.04.14 12:00:00|1.865|1.8655|1.853|1.858|764
2021.04.14 13:00:00|1.8585|1.8655|1.8515|1.8615|673
2021.04.14 14:00:00|1.861|1.865|1.853|1.8595|704
2021.04.14 15:00:00|1.859|1.87|1.858|1.861|722
2021.04.14 16:00:00|1.861|1.8765|1.855|1.876|1784
2021.04.14 17:00:00|1.8755|1.892|1.8755|1.889|1225
2021.04.14 18:00:00|1.8885|1.8885|1.872|1.875|1018
2021.04.15 10:00:00|1.8815|1.8945|1.8765|1.888|1850
2021.04.15 11:00:00|1.8885|1.899|1.8865|1.888|990
2021.04.15 12:00:00|1.888|1.8885|1.8735|1.8815|633
2021.04.15 13:00:00|1.881|1.893|1.878|1.89|722
2021.04.15 14:00:00|1.8895|1.8895|1.8615|1.8705|1077
2021.04.15 15:00:00|1.8705|1.882|1.8685|1.8805|827
2021.04.15 16:00:00|1.8805|1.881|1.849|1.857|1378
2021.04.15 17:00:00|1.857|1.8575|1.8485|1.8505|1227
2021.04.15 18:00:00|1.8505|1.8535|1.846|1.849|466
2021.04.16 10:00:00|1.852|1.8925|1.852|1.8845|1311
2021.04.16 11:00:00|1.8845|1.8855|1.877|1.883|722
2021.04.16 12:00:00|1.8825|1.8915|1.8775|1.8835|1045
2021.04.16 13:00:00|1.8835|1.891|1.8825|1.883|744
2021.04.16 14:00:00|1.8825|1.885|1.877|1.879|583
2021.04.16 15:00:00|1.8795|1.8845|1.8755|1.8835|537
2021.04.16 16:00:00|1.8835|1.8955|1.8815|1.8875|1010
2021.04.16 17:00:00|1.887|1.898|1.8855|1.8935|1032
2021.04.16 18:00:00|1.8935|1.896|1.8895|1.89|567
2021.04.19 10:00:00|1.8835|1.889|1.8705|1.886|1710
2021.04.19 11:00:00|1.8855|1.8875|1.8765|1.878|935
2021.04.19 12:00:00|1.878|1.8785|1.867|1.8755|779
2021.04.19 13:00:00|1.8755|1.8825|1.8715|1.882|801
2021.04.19 14:00:00|1.882|1.8925|1.8785|1.887|972
2021.04.19 15:00:00|1.8875|1.895|1.8865|1.894|869
2021.04.19 16:00:00|1.8935|1.894|1.8815|1.887|1678
2021.04.19 17:00:00|1.8865|1.8865|1.8705|1.8705|1545
2021.04.19 18:00:00|1.871|1.8795|1.871|1.876|762
2021.04.20 10:00:00|1.879|1.89|1.8635|1.87|2066
2021.04.20 11:00:00|1.8695|1.874|1.86|1.8675|1469
2021.04.20 12:00:00|1.8675|1.8735|1.86|1.8625|1372
2021.04.20 13:00:00|1.862|1.8655|1.855|1.8605|987
2021.04.20 14:00:00|1.861|1.861|1.853|1.855|738
2021.04.20 15:00:00|1.8545|1.8565|1.8485|1.8505|796
2021.04.20 16:00:00|1.8505|1.8515|1.8335|1.8385|1319
2021.04.20 17:00:00|1.838|1.8445|1.8185|1.822|2016
2021.04.20 18:00:00|1.822|1.828|1.816|1.8165|1137
2021.04.21 10:00:00|1.818|1.846|1.8065|1.8435|1963
2021.04.21 11:00:00|1.8435|1.8465|1.831|1.8355|1138
2021.04.21 12:00:00|1.836|1.8365|1.8215|1.822|1077
2021.04.21 13:00:00|1.822|1.832|1.817|1.832|1359
2021.04.21 14:00:00|1.832|1.832|1.815|1.8165|838
2021.04.21 15:00:00|1.8165|1.817|1.8|1.802|1017
2021.04.21 16:00:00|1.8015|1.814|1.7875|1.8045|2226
2021.04.21 17:00:00|1.8045|1.8175|1.804|1.81|1944
2021.04.21 18:00:00|1.8105|1.8175|1.804|1.807|683
2021.04.22 10:00:00|1.8145|1.8265|1.8055|1.8065|1763
2021.04.22 11:00:00|1.807|1.821|1.8065|1.8155|1117
2021.04.22 12:00:00|1.8155|1.8245|1.8105|1.8225|845
2021.04.22 13:00:00|1.822|1.823|1.7985|1.802|737
2021.04.22 14:00:00|1.802|1.8105|1.799|1.8105|763
2021.04.22 15:00:00|1.81|1.8215|1.808|1.8185|745
2021.04.22 16:00:00|1.818|1.8295|1.815|1.8205|1729
2021.04.22 17:00:00|1.8205|1.8225|1.8135|1.8205|1395
2021.04.22 18:00:00|1.8205|1.823|1.8195|1.8215|571
2021.04.23 10:00:00|1.8035|1.8165|1.799|1.809|1672
2021.04.23 11:00:00|1.809|1.8135|1.8025|1.808|1217
2021.04.23 12:00:00|1.8085|1.8095|1.7995|1.803|708
2021.04.23 13:00:00|1.8035|1.808|1.799|1.806|700
2021.04.23 14:00:00|1.8065|1.8065|1.794|1.794|646
2021.04.23 15:00:00|1.7945|1.7975|1.7815|1.786|723
2021.04.23 16:00:00|1.786|1.8|1.7805|1.7975|1620
2021.04.23 17:00:00|1.7975|1.8215|1.7965|1.815|1608
2021.04.23 18:00:00|1.815|1.8175|1.811|1.8115|620
2021.04.26 10:00:00|1.8225|1.8315|1.8005|1.83|2342
2021.04.26 11:00:00|1.8305|1.8385|1.8285|1.8285|1456
2021.04.26 12:00:00|1.8285|1.844|1.8265|1.8335|980
2021.04.26 13:00:00|1.8335|1.8395|1.8285|1.837|735
2021.04.26 14:00:00|1.8365|1.8505|1.8365|1.8435|643
2021.04.26 15:00:00|1.8435|1.85|1.8425|1.845|646
2021.04.26 16:00:00|1.8445|1.8625|1.8415|1.8525|1214
2021.04.26 17:00:00|1.852|1.86|1.849|1.8565|1320
2021.04.26 18:00:00|1.8565|1.861|1.856|1.8585|503
2021.04.27 10:00:00|1.846|1.853|1.8425|1.8445|1419
2021.04.27 11:00:00|1.845|1.8555|1.8415|1.8505|1049
2021.04.27 12:00:00|1.8505|1.8525|1.84|1.8425|1052
2021.04.27 13:00:00|1.8425|1.8555|1.8425|1.8525|808
2021.04.27 14:00:00|1.853|1.8605|1.8505|1.856|895
2021.04.27 15:00:00|1.8565|1.8615|1.8455|1.8485|799
2021.04.27 16:00:00|1.8485|1.8645|1.8475|1.861|1356
2021.04.27 17:00:00|1.8605|1.8675|1.855|1.8625|1331
2021.04.27 18:00:00|1.8625|1.87|1.857|1.86|823
2021.04.28 10:00:00|1.883|1.898|1.8825|1.888|1644
2021.04.28 11:00:00|1.8875|1.897|1.8845|1.8925|977
2021.04.28 12:00:00|1.893|1.8945|1.8805|1.8815|1006
2021.04.28 13:00:00|1.8815|1.886|1.8675|1.8755|1134
2021.04.28 14:00:00|1.8765|1.8765|1.8645|1.8705|1203
2021.04.28 15:00:00|1.87|1.8775|1.8615|1.871|1404
2021.04.28 16:00:00|1.8705|1.8895|1.8585|1.8715|1896
2021.04.28 17:00:00|1.8715|1.8845|1.868|1.8825|1537
2021.04.28 18:00:00|1.8825|1.8885|1.8815|1.8875|834
2021.04.29 10:00:00|1.892|1.897|1.884|1.8925|1569
2021.04.29 11:00:00|1.8925|1.8995|1.892|1.8985|1027
2021.04.29 12:00:00|1.898|1.9|1.892|1.896|906
2021.04.29 13:00:00|1.8955|1.8975|1.8825|1.8925|1036
2021.04.29 14:00:00|1.8925|1.8995|1.8915|1.895|715
2021.04.29 15:00:00|1.8955|1.8955|1.8695|1.8795|1376
2021.04.29 16:00:00|1.8795|1.898|1.8725|1.8925|1521
2021.04.29 17:00:00|1.8925|1.893|1.8745|1.8815|1546
2021.04.29 18:00:00|1.8815|1.8855|1.8775|1.8805|808
2021.04.30 10:00:00|1.78|1.7895|1.741|1.777|4239
2021.04.30 11:00:00|1.7775|1.7975|1.7695|1.796|2115
2021.04.30 12:00:00|1.796|1.799|1.778|1.781|1964
2021.04.30 13:00:00|1.7815|1.7845|1.7635|1.764|1375
2021.04.30 14:00:00|1.763|1.788|1.7625|1.769|1507
2021.04.30 15:00:00|1.769|1.775|1.765|1.7665|1281
2021.04.30 16:00:00|1.767|1.769|1.7545|1.7595|2030
2021.04.30 17:00:00|1.7595|1.761|1.7445|1.7475|2577
2021.04.30 18:00:00|1.748|1.762|1.747|1.7605|1193
2021.05.04 10:00:00|1.7845|1.79|1.769|1.7725|1881
2021.05.04 11:00:00|1.7725|1.7755|1.756|1.764|1329
2021.05.04 12:00:00|1.764|1.7645|1.748|1.75|1115
2021.05.04 13:00:00|1.75|1.7565|1.742|1.752|1029
2021.05.04 14:00:00|1.7515|1.7525|1.738|1.743|1469
2021.05.04 15:00:00|1.743|1.744|1.7095|1.7095|1465
2021.05.04 16:00:00|1.7105|1.7255|1.7005|1.7005|1957
2021.05.04 17:00:00|1.699|1.7125|1.6935|1.6995|1991
2021.05.04 18:00:00|1.699|1.701|1.694|1.699|1155
2021.05.05 10:00:00|1.7355|1.749|1.7295|1.745|1807
2021.05.05 11:00:00|1.745|1.7465|1.735|1.7405|1049
2021.05.05 12:00:00|1.74|1.7455|1.738|1.7395|753
2021.05.05 13:00:00|1.7395|1.7425|1.733|1.7335|615
2021.05.05 14:00:00|1.734|1.744|1.734|1.7435|516
2021.05.05 15:00:00|1.7435|1.751|1.7435|1.748|524
2021.05.05 16:00:00|1.748|1.7545|1.7395|1.7515|1102
2021.05.05 17:00:00|1.7505|1.76|1.745|1.758|1243
2021.05.05 18:00:00|1.7585|1.7665|1.7585|1.7655|701
2021.05.06 10:00:00|1.7695|1.775|1.755|1.763|1988
2021.05.06 11:00:00|1.763|1.7685|1.7575|1.7625|1092
2021.05.06 12:00:00|1.763|1.7685|1.7525|1.756|1054
2021.05.06 13:00:00|1.756|1.763|1.755|1.759|1011
2021.05.06 14:00:00|1.7595|1.7695|1.755|1.763|969
2021.05.06 15:00:00|1.763|1.7635|1.749|1.7595|855
2021.05.06 16:00:00|1.759|1.7725|1.7575|1.758|1262
2021.05.06 17:00:00|1.758|1.763|1.751|1.762|1379
2021.05.06 18:00:00|1.7615|1.7695|1.7575|1.7685|723
2021.05.07 10:00:00|1.7985|1.807|1.7805|1.8035|1685
2021.05.07 11:00:00|1.804|1.8065|1.7985|1.8025|814
2021.05.07 12:00:00|1.8025|1.807|1.801|1.806|658
2021.05.07 13:00:00|1.8065|1.8215|1.8045|1.8205|588
2021.05.07 14:00:00|1.82|1.8255|1.818|1.8245|436
2021.05.07 15:00:00|1.825|1.826|1.8|1.8055|1309
2021.05.07 16:00:00|1.806|1.82|1.786|1.8185|1616
2021.05.07 17:00:00|1.819|1.8235|1.8055|1.8165|1143
2021.05.07 18:00:00|1.8165|1.8165|1.809|1.8125|392
2021.05.10 10:00:00|1.829|1.8475|1.8265|1.844|1335
2021.05.10 11:00:00|1.8435|1.855|1.841|1.852|1031
2021.05.10 12:00:00|1.8525|1.8545|1.8395|1.8425|780
2021.05.10 13:00:00|1.842|1.8475|1.8395|1.8445|666
2021.05.10 14:00:00|1.845|1.8455|1.8385|1.842|625
2021.05.10 15:00:00|1.8415|1.8455|1.8375|1.841|768
2021.05.10 16:00:00|1.8405|1.8545|1.838|1.8535|1513
2021.05.10 17:00:00|1.8535|1.8595|1.8385|1.8475|1888
2021.05.10 18:00:00|1.8475|1.856|1.846|1.854|573
2021.05.11 10:00:00|1.8215|1.8275|1.812|1.821|2625
2021.05.11 11:00:00|1.821|1.8215|1.8075|1.8165|1838
2021.05.11 12:00:00|1.817|1.824|1.811|1.823|1469
2021.05.11 13:00:00|1.823|1.8245|1.81|1.815|1189
2021.05.11 14:00:00|1.8145|1.8175|1.8075|1.812|1043
2021.05.11 15:00:00|1.812|1.8135|1.8|1.8005|1374
2021.05.11 16:00:00|1.8005|1.817|1.788|1.8155|2556
2021.05.11 17:00:00|1.815|1.8175|1.793|1.798|3139
2021.05.11 18:00:00|1.798|1.7995|1.793|1.7945|1272
2021.05.12 10:00:00|1.801|1.8255|1.7975|1.8215|1369
2021.05.12 11:00:00|1.8205|1.8235|1.8065|1.8095|1061
2021.05.12 12:00:00|1.8085|1.813|1.7955|1.8005|920
2021.05.12 13:00:00|1.8|1.8045|1.79|1.7925|862
2021.05.12 14:00:00|1.7925|1.799|1.791|1.7945|634
2021.05.12 15:00:00|1.794|1.8165|1.783|1.816|1305
2021.05.12 16:00:00|1.8165|1.8285|1.8095|1.812|1819
2021.05.12 17:00:00|1.8115|1.826|1.81|1.8185|1918
2021.05.12 18:00:00|1.8175|1.823|1.8105|1.814|858
2021.05.13 10:00:00|1.7785|1.787|1.76|1.762|2221
2021.05.13 11:00:00|1.7615|1.7625|1.739|1.7455|1861
2021.05.13 12:00:00|1.746|1.751|1.7425|1.7445|1436
2021.05.13 13:00:00|1.745|1.7525|1.7425|1.752|1163
2021.05.13 14:00:00|1.752|1.76|1.7475|1.7565|1111
2021.05.13 15:00:00|1.756|1.7645|1.7555|1.7585|1232
2021.05.13 16:00:00|1.759|1.7865|1.757|1.7835|1918
2021.05.13 17:00:00|1.7835|1.788|1.7745|1.7855|1497
2021.05.13 18:00:00|1.786|1.788|1.7775|1.778|778
2021.05.14 10:00:00|1.812|1.817|1.7975|1.799|1852
2021.05.14 11:00:00|1.7985|1.8035|1.791|1.791|1133
2021.05.14 12:00:00|1.791|1.7975|1.7885|1.794|738
2021.05.14 13:00:00|1.7945|1.8035|1.7935|1.8005|657
2021.05.14 14:00:00|1.8005|1.8045|1.797|1.803|639
2021.05.14 15:00:00|1.802|1.8075|1.7985|1.805|696
2021.05.14 16:00:00|1.8045|1.8135|1.7965|1.812|1350
2021.05.14 17:00:00|1.812|1.813|1.8|1.805|1570
2021.05.14 18:00:00|1.8055|1.8085|1.802|1.8075|459
2021.05.17 10:00:00|1.809|1.819|1.796|1.797|1370
2021.05.17 11:00:00|1.7975|1.8025|1.7935|1.8015|815
2021.05.17 12:00:00|1.802|1.8045|1.7935|1.795|749
2021.05.17 13:00:00|1.7945|1.7965|1.78|1.7815|1030
2021.05.17 14:00:00|1.782|1.7835|1.778|1.7825|595
2021.05.17 15:00:00|1.7825|1.7865|1.781|1.785|440
2021.05.17 16:00:00|1.7855|1.7955|1.781|1.7845|1148
2021.05.17 17:00:00|1.785|1.793|1.7785|1.788|1651
2021.05.17 18:00:00|1.788|1.7915|1.7835|1.791|450
2021.05.18 10:00:00|1.813|1.821|1.808|1.8115|1508
2021.05.18 11:00:00|1.812|1.814|1.804|1.8055|821
2021.05.18 12:00:00|1.806|1.8065|1.7945|1.796|695
2021.05.18 13:00:00|1.796|1.8025|1.793|1.802|631
2021.05.18 14:00:00|1.8015|1.8015|1.7875|1.7875|706
2021.05.18 15:00:00|1.788|1.7905|1.7805|1.786|671
2021.05.18 16:00:00|1.7865|1.806|1.785|1.799|1721
2021.05.18 17:00:00|1.7985|1.8045|1.792|1.801|1454
2021.05.18 18:00:00|1.801|1.807|1.7965|1.8055|560
2021.05.19 10:00:00|1.773|1.7985|1.7675|1.7905|1883
2021.05.19 11:00:00|1.79|1.795|1.7875|1.7895|1263
2021.05.19 12:00:00|1.79|1.8025|1.7895|1.7985|959
2021.05.19 13:00:00|1.7985|1.8065|1.7985|1.8055|744
2021.05.19 14:00:00|1.805|1.807|1.787|1.7875|893
2021.05.19 15:00:00|1.7875|1.789|1.769|1.7705|898
2021.05.19 16:00:00|1.7705|1.7715|1.7575|1.7635|2138
2021.05.19 17:00:00|1.763|1.778|1.7495|1.777|3150
2021.05.19 18:00:00|1.7775|1.7825|1.774|1.7755|886
2021.05.20 10:00:00|1.8025|1.8025|1.775|1.775|1346
2021.05.20 11:00:00|1.775|1.7815|1.7735|1.7765|1000
2021.05.20 12:00:00|1.776|1.7815|1.7725|1.777|913
2021.05.20 13:00:00|1.7765|1.785|1.7755|1.784|748
2021.05.20 14:00:00|1.7835|1.787|1.7785|1.783|692
2021.05.20 15:00:00|1.7835|1.787|1.78|1.7845|548
2021.05.20 16:00:00|1.7845|1.7855|1.7705|1.7815|1201
2021.05.20 17:00:00|1.7815|1.7865|1.775|1.7825|1062
2021.05.20 18:00:00|1.7825|1.7905|1.782|1.789|571
2021.05.21 10:00:00|1.7845|1.7885|1.7655|1.767|1054
2021.05.21 11:00:00|1.7675|1.773|1.7645|1.7705|700
2021.05.21 12:00:00|1.771|1.7755|1.7655|1.7735|891
2021.05.21 13:00:00|1.774|1.782|1.772|1.7755|700
2021.05.21 14:00:00|1.775|1.7765|1.7685|1.776|468
2021.05.21 15:00:00|1.776|1.778|1.772|1.7755|408
2021.05.21 16:00:00|1.7755|1.7925|1.774|1.783|1243
2021.05.21 17:00:00|1.783|1.79|1.7785|1.79|1267
2021.05.21 18:00:00|1.7895|1.7905|1.7855|1.7875|519
2021.05.24 10:00:00|1.8|1.8025|1.7905|1.7965|1015
2021.05.24 11:00:00|1.7965|1.7975|1.789|1.789|626
2021.05.24 12:00:00|1.7885|1.7945|1.7865|1.792|614
2021.05.24 13:00:00|1.7915|1.7935|1.7865|1.7875|578
2021.05.24 14:00:00|1.788|1.7895|1.783|1.784|307
2021.05.24 15:00:00|1.7835|1.7855|1.782|1.7835|294
2021.05.24 16:00:00|1.7835|1.7915|1.7785|1.789|1023
2021.05.24 17:00:00|1.789|1.794|1.788|1.7925|720
2021.05.24 18:00:00|1.7925|1.7995|1.792|1.799|448
2021.05.25 10:00:00|1.796|1.8045|1.7885|1.789|1103
2021.05.25 11:00:00|1.7895|1.7955|1.788|1.7935|860
2021.05.25 12:00:00|1.794|1.796|1.786|1.7895|383
2021.05.25 13:00:00|1.79|1.7985|1.7895|1.7945|499
2021.05.25 14:00:00|1.7945|1.8015|1.7935|1.8005|437
2021.05.25 15:00:00|1.8005|1.8065|1.7965|1.799|487
2021.05.25 16:00:00|1.7985|1.813|1.7955|1.8045|1324
2021.05.25 17:00:00|1.8045|1.809|1.8025|1.8035|1278
2021.05.25 18:00:00|1.8035|1.8035|1.7935|1.7975|515
2021.05.26 10:00:00|1.785|1.791|1.7775|1.78|1391
2021.05.26 11:00:00|1.7805|1.782|1.7695|1.7745|862
2021.05.26 12:00:00|1.775|1.777|1.766|1.767|843
2021.05.26 13:00:00|1.7665|1.767|1.7555|1.7565|582
2021.05.26 14:00:00|1.7565|1.7595|1.7485|1.7495|545
2021.05.26 15:00:00|1.7485|1.7625|1.7485|1.76|548
2021.05.26 16:00:00|1.7595|1.768|1.7575|1.767|1005
2021.05.26 17:00:00|1.7675|1.7825|1.7665|1.7805|1025
2021.05.26 18:00:00|1.7805|1.7875|1.7805|1.787|449
2021.05.27 10:00:00|1.7845|1.8035|1.782|1.7995|1283
2021.05.27 11:00:00|1.7995|1.8065|1.7945|1.803|804
2021.05.27 12:00:00|1.8025|1.806|1.7995|1.8|487
2021.05.27 13:00:00|1.7995|1.801|1.795|1.7975|425
2021.05.27 14:00:00|1.7975|1.8075|1.7965|1.807|507
2021.05.27 15:00:00|1.807|1.8215|1.806|1.8215|643
2021.05.27 16:00:00|1.822|1.8385|1.8185|1.8345|970
2021.05.27 17:00:00|1.8355|1.8355|1.821|1.8295|1068
2021.05.27 18:00:00|1.8295|1.834|1.8255|1.8255|554
2021.05.28 10:00:00|1.8465|1.847|1.8325|1.845|1270
2021.05.28 11:00:00|1.8455|1.847|1.8395|1.8445|858
2021.05.28 12:00:00|1.8445|1.8445|1.8335|1.837|653
2021.05.28 13:00:00|1.8375|1.8485|1.834|1.8485|453
2021.05.28 14:00:00|1.848|1.85|1.845|1.8475|402
2021.05.28 15:00:00|1.8475|1.848|1.844|1.846|412
2021.05.28 16:00:00|1.847|1.847|1.8345|1.838|1027
2021.05.28 17:00:00|1.838|1.8395|1.824|1.8305|905
2021.05.28 18:00:00|1.8305|1.834|1.828|1.8305|397
2021.06.01 10:00:00|1.844|1.862|1.841|1.8575|984
2021.06.01 11:00:00|1.8575|1.8595|1.8425|1.8435|817
2021.06.01 12:00:00|1.8435|1.8485|1.839|1.8485|662
2021.06.01 13:00:00|1.8485|1.8495|1.8385|1.8425|507
2021.06.01 14:00:00|1.8425|1.8465|1.8415|1.8435|504
2021.06.01 15:00:00|1.8435|1.8485|1.843|1.847|401
2021.06.01 16:00:00|1.8465|1.8535|1.844|1.8515|722
2021.06.01 17:00:00|1.852|1.8625|1.85|1.858|994
2021.06.01 18:00:00|1.8585|1.861|1.854|1.8545|425
2021.06.02 10:00:00|1.855|1.863|1.8385|1.8425|1160
2021.06.02 11:00:00|1.843|1.8545|1.8415|1.848|864
2021.06.02 12:00:00|1.848|1.8525|1.847|1.8505|558
2021.06.02 13:00:00|1.85|1.8505|1.8445|1.8495|468
2021.06.02 14:00:00|1.8495|1.8595|1.8455|1.859|461
2021.06.02 15:00:00|1.8595|1.8615|1.856|1.8585|408
2021.06.02 16:00:00|1.8585|1.8595|1.845|1.8535|777
2021.06.02 17:00:00|1.8535|1.8595|1.8505|1.859|650
2021.06.02 18:00:00|1.8585|1.8615|1.8575|1.8605|336
2021.06.03 10:00:00|1.8615|1.8645|1.8465|1.849|829
2021.06.03 11:00:00|1.8485|1.851|1.842|1.844|535
2021.06.03 12:00:00|1.844|1.8555|1.8435|1.8515|404
2021.06.03 13:00:00|1.8515|1.852|1.8435|1.8465|628
2021.06.03 14:00:00|1.8465|1.847|1.838|1.8415|678
2021.06.03 15:00:00|1.8405|1.8475|1.837|1.844|633
2021.06.03 16:00:00|1.8435|1.8595|1.8435|1.857|974
2021.06.03 17:00:00|1.8545|1.8625|1.854|1.8615|877
2021.06.03 18:00:00|1.8615|1.862|1.8565|1.8615|529
2021.06.04 10:00:00|1.8565|1.8575|1.839|1.849|684
2021.06.04 11:00:00|1.8495|1.852|1.845|1.8485|497
2021.06.04 12:00:00|1.849|1.857|1.8485|1.8505|553
2021.06.04 13:00:00|1.8505|1.854|1.8465|1.854|485
2021.06.04 14:00:00|1.8535|1.8605|1.8535|1.8575|403
2021.06.04 15:00:00|1.8575|1.8575|1.8405|1.8465|648
2021.06.04 16:00:00|1.847|1.85|1.8335|1.836|918
2021.06.04 17:00:00|1.836|1.8435|1.8325|1.8425|827
2021.06.04 18:00:00|1.843|1.844|1.8355|1.836|335
2021.06.07 10:00:00|1.8435|1.8745|1.8415|1.8735|1337
2021.06.07 11:00:00|1.8735|1.877|1.8685|1.8705|709
2021.06.07 12:00:00|1.8705|1.8715|1.864|1.8685|548
2021.06.07 13:00:00|1.868|1.8735|1.8675|1.8725|382
2021.06.07 14:00:00|1.873|1.8735|1.871|1.8715|324
2021.06.07 15:00:00|1.8715|1.8725|1.8675|1.8705|286
2021.06.07 16:00:00|1.8705|1.8775|1.8665|1.872|756
2021.06.07 17:00:00|1.8725|1.8725|1.8635|1.8655|771
2021.06.07 18:00:00|1.8655|1.8685|1.8655|1.8675|282
2021.06.08 10:00:00|1.863|1.877|1.8595|1.869|922
2021.06.08 11:00:00|1.8685|1.871|1.859|1.865|579
2021.06.08 12:00:00|1.8645|1.8675|1.8615|1.863|332
2021.06.08 13:00:00|1.8625|1.864|1.8525|1.8555|672
2021.06.08 14:00:00|1.856|1.8605|1.8555|1.8575|317
2021.06.08 15:00:00|1.857|1.858|1.8465|1.852|452
2021.06.08 16:00:00|1.8525|1.855|1.8405|1.8445|788
2021.06.08 17:00:00|1.845|1.849|1.8425|1.8465|692
2021.06.08 18:00:00|1.8465|1.8525|1.845|1.851|321
2021.06.09 10:00:00|1.834|1.844|1.814|1.8165|928
2021.06.09 11:00:00|1.817|1.8175|1.8065|1.816|561
2021.06.09 12:00:00|1.8155|1.8215|1.8105|1.8155|488
2021.06.09 13:00:00|1.815|1.816|1.808|1.811|289
2021.06.09 14:00:00|1.8115|1.8115|1.8065|1.811|290
2021.06.09 15:00:00|1.8115|1.8145|1.8085|1.8095|284
2021.06.09 16:00:00|1.8095|1.8115|1.7945|1.796|636
2021.06.09 17:00:00|1.796|1.812|1.796|1.8095|620
2021.06.09 18:00:00|1.81|1.811|1.8025|1.804|358
2021.06.10 10:00:00|1.8025|1.813|1.795|1.8115|970
2021.06.10 11:00:00|1.812|1.816|1.802|1.8075|552
2021.06.10 12:00:00|1.808|1.8105|1.8045|1.807|337
2021.06.10 13:00:00|1.8075|1.809|1.8065|1.8075|279
2021.06.10 14:00:00|1.807|1.808|1.7995|1.8025|428
2021.06.10 15:00:00|1.8025|1.8175|1.799|1.809|700
2021.06.10 16:00:00|1.8095|1.8125|1.79|1.792|1015
2021.06.10 17:00:00|1.7925|1.795|1.7885|1.7905|891
2021.06.10 18:00:00|1.7905|1.7925|1.7865|1.788|371
2021.06.11 10:00:00|1.7835|1.7985|1.782|1.7835|808
2021.06.11 11:00:00|1.784|1.789|1.7815|1.7825|491
2021.06.11 12:00:00|1.7825|1.7915|1.7825|1.788|364
2021.06.11 13:00:00|1.7885|1.793|1.786|1.7905|333
2021.06.11 14:00:00|1.7905|1.7935|1.7895|1.792|362
2021.06.11 15:00:00|1.7915|1.8035|1.7915|1.803|307
2021.06.11 16:00:00|1.8025|1.8045|1.7965|1.8|654
2021.06.11 17:00:00|1.8005|1.807|1.796|1.801|606
2021.06.11 18:00:00|1.8005|1.8045|1.7975|1.8|289
2021.06.14 10:00:00|1.8105|1.8215|1.8105|1.8135|989
2021.06.14 11:00:00|1.813|1.8155|1.809|1.8095|525
2021.06.14 12:00:00|1.8095|1.8115|1.8075|1.809|390
2021.06.14 13:00:00|1.8095|1.811|1.805|1.8055|310
2021.06.14 14:00:00|1.8055|1.8065|1.7975|1.799|304
2021.06.14 15:00:00|1.799|1.801|1.7975|1.798|261
2021.06.14 16:00:00|1.7975|1.798|1.7885|1.7915|758
2021.06.14 17:00:00|1.791|1.804|1.791|1.8025|580
2021.06.14 18:00:00|1.8025|1.803|1.792|1.794|326
2021.06.15 10:00:00|1.7885|1.789|1.7735|1.774|1002
2021.06.15 11:00:00|1.773|1.7755|1.7675|1.7745|847
2021.06.15 12:00:00|1.774|1.777|1.77|1.771|650
2021.06.15 13:00:00|1.7715|1.777|1.77|1.7725|502
2021.06.15 14:00:00|1.7725|1.7845|1.77|1.7825|474
2021.06.15 15:00:00|1.782|1.7825|1.7695|1.7715|452
2021.06.15 16:00:00|1.7715|1.7855|1.771|1.783|732
2021.06.15 17:00:00|1.783|1.79|1.7815|1.7845|617
2021.06.15 18:00:00|1.784|1.7915|1.7835|1.791|255
2021.06.16 10:00:00|1.7965|1.814|1.79|1.7915|1006
2021.06.16 11:00:00|1.7915|1.792|1.7785|1.7855|553
2021.06.16 12:00:00|1.786|1.787|1.7715|1.7755|417
2021.06.16 13:00:00|1.775|1.778|1.7725|1.7725|332
2021.06.16 14:00:00|1.7725|1.7735|1.7705|1.7735|195
2021.06.16 15:00:00|1.773|1.7735|1.7605|1.761|297
2021.06.16 16:00:00|1.761|1.7665|1.7505|1.76|869
2021.06.16 17:00:00|1.7605|1.7675|1.756|1.7675|596
2021.06.16 18:00:00|1.7675|1.7715|1.767|1.7705|270
2021.06.17 10:00:00|1.781|1.811|1.7805|1.811|1431
2021.06.17 11:00:00|1.8115|1.8155|1.803|1.8095|1075
2021.06.17 12:00:00|1.8095|1.815|1.807|1.8085|555
2021.06.17 13:00:00|1.8085|1.814|1.8075|1.811|456
2021.06.17 14:00:00|1.8105|1.8125|1.8095|1.8105|375
2021.06.17 15:00:00|1.811|1.8135|1.805|1.809|380
2021.06.17 16:00:00|1.809|1.814|1.8065|1.8075|877
2021.06.17 17:00:00|1.8075|1.81|1.7975|1.7985|1332
2021.06.17 18:00:00|1.798|1.798|1.7835|1.785|556
2021.06.18 10:00:00|1.764|1.7715|1.7555|1.7595|1286
2021.06.18 11:00:00|1.76|1.7635|1.7575|1.7615|735
2021.06.18 12:00:00|1.761|1.769|1.7585|1.765|1067
2021.06.18 13:00:00|1.7645|1.765|1.746|1.7495|776
2021.06.18 14:00:00|1.7495|1.7525|1.7415|1.7425|684
2021.06.18 15:00:00|1.743|1.744|1.736|1.7405|986
2021.06.18 16:00:00|1.7405|1.742|1.723|1.727|1521
2021.06.18 17:00:00|1.7275|1.733|1.7145|1.721|1700
2021.06.18 18:00:00|1.7205|1.7285|1.718|1.719|766
2021.06.21 10:00:00|1.6925|1.7105|1.6755|1.703|1741
2021.06.21 11:00:00|1.7025|1.7095|1.698|1.7005|1456
2021.06.21 12:00:00|1.6995|1.7055|1.6965|1.704|1116
2021.06.21 13:00:00|1.7045|1.7085|1.6925|1.695|921
2021.06.21 14:00:00|1.6945|1.6995|1.6915|1.6925|1059
2021.06.21 15:00:00|1.693|1.7175|1.6925|1.7145|1047
2021.06.21 16:00:00|1.7135|1.717|1.706|1.707|1516
2021.06.21 17:00:00|1.7075|1.7295|1.707|1.7275|1150
2021.06.21 18:00:00|1.7275|1.7295|1.7175|1.7255|535
2021.06.22 10:00:00|1.733|1.738|1.725|1.7295|1430
2021.06.22 11:00:00|1.7285|1.7385|1.725|1.726|808
2021.06.22 12:00:00|1.726|1.73|1.714|1.7155|827
2021.06.22 13:00:00|1.715|1.7195|1.7115|1.714|739
2021.06.22 14:00:00|1.714|1.7185|1.7125|1.718|791
2021.06.22 15:00:00|1.7185|1.722|1.716|1.7185|459
2021.06.22 16:00:00|1.719|1.7195|1.711|1.7145|1045
2021.06.22 17:00:00|1.7145|1.7175|1.711|1.7165|821
2021.06.22 18:00:00|1.716|1.726|1.7135|1.7255|458
2021.06.23 10:00:00|1.7245|1.7365|1.7225|1.7315|806
2021.06.23 11:00:00|1.732|1.7375|1.7285|1.7345|564
2021.06.23 12:00:00|1.735|1.7355|1.728|1.73|632
2021.06.23 13:00:00|1.7305|1.7315|1.7255|1.7275|396
2021.06.23 14:00:00|1.7265|1.7275|1.7225|1.725|457
2021.06.23 15:00:00|1.7255|1.739|1.7235|1.7355|437
2021.06.23 16:00:00|1.735|1.7415|1.7325|1.738|627
2021.06.23 17:00:00|1.7375|1.739|1.73|1.735|458
2021.06.23 18:00:00|1.7355|1.7375|1.7275|1.73|350
2021.06.24 10:00:00|1.7245|1.735|1.72|1.7265|953
2021.06.24 11:00:00|1.7275|1.7365|1.7275|1.7345|681
2021.06.24 12:00:00|1.734|1.7485|1.734|1.7425|563
2021.06.24 13:00:00|1.7425|1.7475|1.7415|1.743|300
2021.06.24 14:00:00|1.745|1.745|1.733|1.7435|633
2021.06.24 15:00:00|1.743|1.7445|1.7365|1.744|512
2021.06.24 16:00:00|1.7445|1.7455|1.7355|1.736|940
2021.06.24 17:00:00|1.7365|1.7395|1.7345|1.7365|595
2021.06.24 18:00:00|1.7365|1.747|1.736|1.746|349
2021.06.25 10:00:00|1.755|1.762|1.738|1.742|852
2021.06.25 11:00:00|1.742|1.749|1.7385|1.747|431
2021.06.25 12:00:00|1.747|1.7475|1.7415|1.744|406
2021.06.25 13:00:00|1.7445|1.7445|1.7385|1.7415|324
2021.06.25 14:00:00|1.7415|1.7525|1.741|1.7505|283
2021.06.25 15:00:00|1.75|1.751|1.742|1.742|318
2021.06.25 16:00:00|1.742|1.744|1.732|1.738|503
2021.06.25 17:00:00|1.7385|1.7455|1.7365|1.7385|471
2021.06.25 18:00:00|1.7385|1.7455|1.7385|1.7435|192
2021.06.28 10:00:00|1.7375|1.7485|1.7195|1.733|1110
2021.06.28 11:00:00|1.7335|1.7365|1.7245|1.7295|664
2021.06.28 12:00:00|1.73|1.732|1.726|1.729|472
2021.06.28 13:00:00|1.7285|1.7335|1.725|1.728|425
2021.06.28 14:00:00|1.7275|1.74|1.7255|1.739|338
2021.06.28 15:00:00|1.739|1.742|1.7365|1.7395|265
2021.06.28 16:00:00|1.74|1.7405|1.7185|1.7245|724
2021.06.28 17:00:00|1.725|1.725|1.7135|1.7175|711
2021.06.28 18:00:00|1.718|1.724|1.712|1.7125|383
2021.06.29 10:00:00|1.7175|1.7545|1.717|1.7535|1241
2021.06.29 11:00:00|1.754|1.767|1.737|1.738|961
2021.06.29 12:00:00|1.738|1.742|1.7335|1.7335|670
2021.06.29 13:00:00|1.734|1.739|1.7295|1.7305|503
2021.06.29 14:00:00|1.731|1.7325|1.725|1.729|275
2021.06.29 15:00:00|1.7285|1.74|1.728|1.7365|490
2021.06.29 16:00:00|1.7365|1.742|1.726|1.7285|1129
2021.06.29 17:00:00|1.7285|1.7305|1.7235|1.725|758
2021.06.29 18:00:00|1.7245|1.732|1.7245|1.729|319
2021.06.30 10:00:00|1.734|1.7415|1.7055|1.7065|1072
2021.06.30 11:00:00|1.706|1.7075|1.691|1.695|994
2021.06.30 12:00:00|1.6945|1.7025|1.6895|1.7|1106
2021.06.30 13:00:00|1.7005|1.71|1.6955|1.696|702
2021.06.30 14:00:00|1.6965|1.7085|1.6955|1.7075|594
2021.06.30 15:00:00|1.708|1.7105|1.701|1.701|470
2021.06.30 16:00:00|1.7015|1.713|1.6975|1.7115|1036
2021.06.30 17:00:00|1.711|1.717|1.706|1.7065|1020
2021.06.30 18:00:00|1.707|1.7135|1.6995|1.713|782
2021.07.01 10:00:00|1.7275|1.7475|1.7275|1.745|1006
2021.07.01 11:00:00|1.745|1.7555|1.7435|1.7515|671
2021.07.01 12:00:00|1.752|1.758|1.7475|1.7545|636
2021.07.01 13:00:00|1.754|1.757|1.7425|1.7455|1231
2021.07.01 14:00:00|1.745|1.752|1.734|1.7495|774
2021.07.01 15:00:00|1.75|1.753|1.7385|1.7395|648
2021.07.01 16:00:00|1.7395|1.7435|1.73|1.7365|1107
2021.07.01 17:00:00|1.7355|1.7485|1.7325|1.746|1220
2021.07.01 18:00:00|1.7465|1.7525|1.743|1.7525|626
2021.07.02 10:00:00|1.764|1.764|1.747|1.7495|1073
2021.07.02 11:00:00|1.75|1.753|1.7385|1.7405|822
2021.07.02 12:00:00|1.7395|1.744|1.737|1.741|530
2021.07.02 13:00:00|1.7415|1.7465|1.7405|1.7455|595
2021.07.02 14:00:00|1.745|1.7475|1.7435|1.7435|381
2021.07.02 15:00:00|1.7435|1.7515|1.741|1.7465|714
2021.07.02 16:00:00|1.747|1.748|1.7275|1.731|793
2021.07.02 17:00:00|1.731|1.733|1.722|1.7225|975
2021.07.02 18:00:00|1.7225|1.7265|1.7185|1.723|363
2021.07.05 10:00:00|1.7255|1.749|1.722|1.749|1043
2021.07.05 11:00:00|1.7485|1.756|1.7455|1.7545|864
2021.07.05 12:00:00|1.7545|1.7545|1.747|1.754|600
2021.07.05 13:00:00|1.754|1.7675|1.753|1.7655|467
2021.07.05 14:00:00|1.765|1.7725|1.764|1.7705|504
2021.07.05 15:00:00|1.7705|1.776|1.7705|1.7745|461
2021.07.05 16:00:00|1.7745|1.78|1.7725|1.7775|318
2021.07.05 17:00:00|1.7775|1.779|1.7725|1.774|352
2021.07.05 18:00:00|1.774|1.776|1.7725|1.7745|225
2021.07.06 10:00:00|1.774|1.774|1.748|1.752|909
2021.07.06 11:00:00|1.7515|1.7545|1.7445|1.752|776
2021.07.06 12:00:00|1.7515|1.752|1.743|1.7485|470
2021.07.06 13:00:00|1.748|1.7505|1.738|1.7415|477
2021.07.06 14:00:00|1.741|1.741|1.7295|1.7335|479
2021.07.06 15:00:00|1.733|1.739|1.732|1.737|388
2021.07.06 16:00:00|1.7375|1.739|1.7235|1.726|991
2021.07.06 17:00:00|1.728|1.7285|1.7055|1.7065|1627
2021.07.06 18:00:00|1.706|1.7135|1.7005|1.7095|856
2021.07.07 10:00:00|1.7145|1.7355|1.7075|1.71|1078
2021.07.07 11:00:00|1.7095|1.7125|1.7045|1.7055|862
2021.07.07 12:00:00|1.706|1.7165|1.702|1.7115|583
2021.07.07 13:00:00|1.7125|1.7175|1.7055|1.7175|661
2021.07.07 14:00:00|1.7175|1.719|1.7105|1.7115|514
2021.07.07 15:00:00|1.7115|1.712|1.7005|1.7015|473
2021.07.07 16:00:00|1.7015|1.722|1.701|1.708|1110
2021.07.07 17:00:00|1.7075|1.7105|1.7035|1.709|1141
2021.07.07 18:00:00|1.709|1.7235|1.708|1.723|610
2021.07.08 10:00:00|1.696|1.6995|1.6735|1.689|2596
2021.07.08 11:00:00|1.6885|1.6905|1.674|1.684|1529
2021.07.08 12:00:00|1.6835|1.689|1.6635|1.6635|1100
2021.07.08 13:00:00|1.664|1.664|1.6485|1.6615|1674
2021.07.08 14:00:00|1.6615|1.6655|1.6555|1.6585|1112
2021.07.08 15:00:00|1.659|1.6665|1.6525|1.6595|1110
2021.07.08 16:00:00|1.66|1.6705|1.6525|1.6625|1681
2021.07.08 17:00:00|1.662|1.6655|1.651|1.6615|2459
2021.07.08 18:00:00|1.6615|1.677|1.661|1.673|1137
2021.07.09 10:00:00|1.6785|1.6855|1.6715|1.6745|1304
2021.07.09 11:00:00|1.6745|1.6975|1.6745|1.694|892
2021.07.09 12:00:00|1.694|1.705|1.692|1.6975|879
2021.07.09 13:00:00|1.698|1.7045|1.692|1.694|651
2021.07.09 14:00:00|1.694|1.7195|1.694|1.7155|975
2021.07.09 15:00:00|1.716|1.7225|1.7105|1.711|706
2021.07.09 16:00:00|1.7105|1.72|1.7015|1.7155|1292
2021.07.09 17:00:00|1.7155|1.7275|1.7155|1.724|1301
2021.07.09 18:00:00|1.7235|1.7315|1.7235|1.729|570
2021.07.12 10:00:00|1.722|1.724|1.6895|1.6895|916
2021.07.12 11:00:00|1.6895|1.6985|1.6875|1.694|797
2021.07.12 12:00:00|1.693|1.6955|1.6865|1.69|650
2021.07.12 13:00:00|1.69|1.6935|1.683|1.6835|591
2021.07.12 14:00:00|1.684|1.694|1.682|1.692|555
2021.07.12 15:00:00|1.6925|1.705|1.69|1.7045|482
2021.07.12 16:00:00|1.7045|1.725|1.692|1.7225|1306
2021.07.12 17:00:00|1.722|1.7315|1.7145|1.7165|1306
2021.07.12 18:00:00|1.7165|1.7275|1.7155|1.727|419
2021.07.13 10:00:00|1.748|1.761|1.7295|1.7415|1411
2021.07.13 11:00:00|1.7405|1.7495|1.739|1.7405|847
2021.07.13 12:00:00|1.7405|1.7425|1.72|1.7225|701
2021.07.13 13:00:00|1.723|1.7315|1.7145|1.715|483
2021.07.13 14:00:00|1.7155|1.7195|1.7105|1.7125|501
2021.07.13 15:00:00|1.713|1.734|1.7025|1.7275|968
2021.07.13 16:00:00|1.727|1.7275|1.7145|1.7145|1406
2021.07.13 17:00:00|1.715|1.715|1.6955|1.698|1195
2021.07.13 18:00:00|1.6975|1.6995|1.6945|1.6985|478
2021.07.14 10:00:00|1.693|1.727|1.686|1.7245|1181
2021.07.14 11:00:00|1.725|1.725|1.7085|1.712|841
2021.07.14 12:00:00|1.7125|1.7185|1.708|1.711|687
2021.07.14 13:00:00|1.71|1.719|1.7095|1.7095|522
2021.07.14 14:00:00|1.71|1.713|1.7045|1.7075|515
2021.07.14 15:00:00|1.7075|1.7145|1.7055|1.709|558
2021.07.14 16:00:00|1.709|1.733|1.706|1.72|1042
2021.07.14 17:00:00|1.72|1.7255|1.708|1.71|1001
2021.07.14 18:00:00|1.7095|1.7105|1.7055|1.709|361
2021.07.15 10:00:00|1.705|1.706|1.6875|1.69|1070
2021.07.15 11:00:00|1.6905|1.7065|1.6875|1.698|784
2021.07.15 12:00:00|1.6975|1.699|1.6875|1.6875|736
2021.07.15 13:00:00|1.6885|1.6955|1.6805|1.6875|1415
2021.07.15 14:00:00|1.688|1.6985|1.687|1.694|893
2021.07.15 15:00:00|1.694|1.6985|1.6895|1.6895|681
2021.07.15 16:00:00|1.689|1.6895|1.6785|1.685|1454
2021.07.15 17:00:00|1.6855|1.6955|1.6805|1.694|1543
2021.07.15 18:00:00|1.6935|1.6945|1.686|1.691|816
2021.07.16 10:00:00|1.695|1.7055|1.679|1.6815|1203
2021.07.16 11:00:00|1.682|1.6955|1.6815|1.6945|912
2021.07.16 12:00:00|1.694|1.695|1.6815|1.6825|842
2021.07.16 13:00:00|1.6825|1.685|1.6705|1.6715|895
2021.07.16 14:00:00|1.672|1.6745|1.6665|1.6685|680
2021.07.16 15:00:00|1.669|1.673|1.658|1.6695|774
2021.07.16 16:00:00|1.6695|1.673|1.6545|1.658|1271
2021.07.16 17:00:00|1.658|1.658|1.644|1.6545|1688
