2020.08.21 18:00:00|49.37|49.54|49.27|49.35|189
2020.08.24 10:00:00|50.22|50.5|50.06|50.43|321
2020.08.24 11:00:00|50.44|50.7|50.21|50.7|205
2020.08.24 12:00:00|50.69|51.06|50.69|50.97|165
2020.08.24 13:00:00|50.98|51.27|50.95|51.16|189
2020.08.24 14:00:00|51.31|51.31|51.11|51.25|143
2020.08.24 15:00:00|51.26|51.31|51.09|51.12|176
2020.08.24 16:00:00|51.13|51.16|50.89|51.01|207
2020.08.24 17:00:00|51.02|51.52|51|51.36|235
2020.08.24 18:00:00|51.35|51.68|51.34|51.59|140
2020.08.25 10:00:00|52.03|52.47|51.94|51.94|371
2020.08.25 11:00:00|51.93|52.16|51.82|51.94|243
2020.08.25 12:00:00|51.94|51.98|51.79|51.94|183
2020.08.25 13:00:00|51.95|52.26|51.91|52.06|167
2020.08.25 14:00:00|52.06|52.14|51.93|51.93|149
2020.08.25 15:00:00|51.92|52.05|51.85|51.97|181
2020.08.25 16:00:00|51.96|52.09|51.91|51.96|209
2020.08.25 17:00:00|51.97|52|51.78|51.92|326
2020.08.25 18:00:00|51.91|52.01|51.75|51.77|179
2020.08.26 10:00:00|51.42|52.05|51.1|51.92|374
2020.08.26 11:00:00|51.9|51.91|51.56|51.68|240
2020.08.26 12:00:00|51.76|51.91|51.64|51.69|177
2020.08.26 13:00:00|51.7|51.88|51.68|51.78|195
2020.08.26 14:00:00|51.64|51.75|51.51|51.52|137
2020.08.26 15:00:00|51.61|51.86|51.48|51.81|138
2020.08.26 16:00:00|51.81|51.93|51.69|51.79|162
2020.08.26 17:00:00|51.78|51.91|51.72|51.76|162
2020.08.26 18:00:00|51.75|51.95|51.73|51.92|96
2020.08.27 10:00:00|52|52.13|51.63|51.96|281
2020.08.27 11:00:00|51.97|52|51.78|51.82|166
2020.08.27 12:00:00|51.81|51.81|51.55|51.69|134
2020.08.27 13:00:00|51.67|51.91|51.63|51.75|133
2020.08.27 14:00:00|51.75|51.9|51.69|51.79|120
2020.08.27 15:00:00|51.8|52.01|51.8|51.89|128
2020.08.27 16:00:00|51.89|52.1|51.78|52|216
2020.08.27 17:00:00|52.01|52.01|51.66|51.79|192
2020.08.27 18:00:00|51.8|51.83|51.49|51.57|114
2020.08.28 10:00:00|51.8|51.86|50.9|51.19|328
2020.08.28 11:00:00|51.17|51.67|51.12|51.38|205
2020.08.28 12:00:00|51.45|51.62|51.32|51.61|219
2020.08.28 13:00:00|51.6|51.62|51.12|51.31|173
2020.08.28 14:00:00|51.3|51.56|51.28|51.54|176
2020.08.28 15:00:00|51.55|51.56|51.26|51.29|182
2020.08.28 16:00:00|51.4|51.42|51.16|51.35|166
2020.08.28 17:00:00|51.36|51.38|51.05|51.17|210
2020.08.28 18:00:00|51.19|51.27|51.14|51.2|109
2020.08.31 10:00:00|51.44|51.67|51.28|51.53|393
2020.08.31 11:00:00|51.54|51.8|51.43|51.68|213
2020.08.31 12:00:00|51.68|51.8|51.59|51.7|208
2020.08.31 13:00:00|51.68|51.69|51.38|51.46|165
2020.08.31 14:00:00|51.53|51.68|51.42|51.51|240
2020.08.31 15:00:00|51.5|51.55|51.25|51.29|214
2020.08.31 16:00:00|51.3|51.39|51.13|51.2|189
2020.08.31 17:00:00|51.19|51.46|51.1|51.36|191
2020.08.31 18:00:00|51.35|51.35|50.85|50.85|99
2020.09.01 10:00:00|51.04|51.62|50.67|51.23|321
2020.09.01 11:00:00|51.25|51.27|50.66|50.72|274
2020.09.01 12:00:00|50.75|51.04|50.62|50.83|214
2020.09.01 13:00:00|50.82|51.07|50.82|51.03|148
2020.09.01 14:00:00|51.13|51.15|50.78|50.85|182
2020.09.01 15:00:00|50.84|50.98|50.4|50.45|192
2020.09.01 16:00:00|50.44|50.44|49.79|49.99|380
2020.09.01 17:00:00|50.01|50.56|49.99|50.19|327
2020.09.01 18:00:00|50.22|50.37|50.22|50.35|163
2020.09.02 10:00:00|50.86|51.18|50.72|51.04|428
2020.09.02 11:00:00|51|51.55|51|51.45|320
2020.09.02 12:00:00|51.46|51.53|51.25|51.37|476
2020.09.02 13:00:00|51.38|51.5|51.34|51.38|218
2020.09.02 14:00:00|51.39|51.64|51.35|51.42|175
2020.09.02 15:00:00|51.43|51.51|51.17|51.24|163
2020.09.02 16:00:00|51.25|51.4|51.19|51.28|245
2020.09.02 17:00:00|51.29|51.42|51.12|51.26|321
2020.09.02 18:00:00|51.28|51.32|51.07|51.17|182
2020.09.03 10:00:00|51.67|52.59|51.61|52.53|377
2020.09.03 11:00:00|52.56|52.83|52.44|52.62|229
2020.09.03 12:00:00|52.6|52.68|52.36|52.48|183
2020.09.03 13:00:00|52.49|52.79|52.46|52.71|178
2020.09.03 14:00:00|52.72|52.87|52.57|52.63|177
2020.09.03 15:00:00|52.62|52.77|52.46|52.69|201
2020.09.03 16:00:00|52.67|52.69|52.28|52.47|269
2020.09.03 17:00:00|52.49|52.57|51.95|52.02|370
2020.09.03 18:00:00|52.01|52.01|51.31|51.47|341
2020.09.04 10:00:00|51.51|52.46|51.19|52.36|427
2020.09.04 11:00:00|52.37|52.73|52.31|52.57|247
2020.09.04 12:00:00|52.56|52.9|52.53|52.8|187
2020.09.04 13:00:00|52.81|52.86|52.46|52.64|191
2020.09.04 14:00:00|52.6|52.65|52.19|52.22|172
2020.09.04 15:00:00|52.23|52.86|52.23|52.65|247
2020.09.04 16:00:00|52.66|52.86|52.34|52.42|290
2020.09.04 17:00:00|52.4|52.57|51.65|52.07|466
2020.09.04 18:00:00|52.05|52.07|51.68|51.78|262
2020.09.07 10:00:00|52.28|52.66|52.21|52.52|415
2020.09.07 11:00:00|52.54|52.71|52.42|52.45|219
2020.09.07 12:00:00|52.47|52.71|52.39|52.61|239
2020.09.07 13:00:00|52.6|52.89|52.54|52.69|169
2020.09.07 14:00:00|52.76|52.94|52.61|52.77|172
2020.09.07 15:00:00|52.78|52.95|52.75|52.84|164
2020.09.07 16:00:00|52.81|53|52.73|52.89|146
2020.09.07 17:00:00|52.91|53.06|52.87|53.01|172
2020.09.07 18:00:00|53|53.12|52.96|52.99|101
2020.09.08 10:00:00|53.5|53.78|53.38|53.67|307
2020.09.08 11:00:00|53.66|53.71|53.44|53.47|311
2020.09.08 12:00:00|53.53|53.53|53.38|53.48|276
2020.09.08 13:00:00|53.47|53.59|53.26|53.32|267
2020.09.08 14:00:00|53.4|53.61|53.32|53.51|268
2020.09.08 15:00:00|53.52|53.57|53.18|53.22|305
2020.09.08 16:00:00|53.21|53.33|52.91|53.3|254
2020.09.08 17:00:00|53.31|53.77|53.06|53.7|635
2020.09.08 18:00:00|53.69|53.88|53.62|53.8|224
2020.09.09 10:00:00|53.9|54.5|53.79|54.22|314
2020.09.09 11:00:00|54.21|54.46|54.18|54.23|262
2020.09.09 12:00:00|54.22|54.22|53.98|54.18|218
2020.09.09 13:00:00|54.14|54.22|53.91|53.99|187
2020.09.09 14:00:00|54|54.27|53.85|54.23|177
2020.09.09 15:00:00|54.24|54.27|54.1|54.2|213
2020.09.09 16:00:00|54.19|54.69|54.19|54.67|304
2020.09.09 17:00:00|54.66|54.74|54.51|54.68|315
2020.09.09 18:00:00|54.69|54.76|54.6|54.74|150
2020.09.10 10:00:00|54.79|55.05|54.38|54.47|322
2020.09.10 11:00:00|54.46|54.55|54.27|54.34|201
2020.09.10 12:00:00|54.33|54.98|54.3|54.96|158
2020.09.10 13:00:00|54.98|55.11|54.61|54.67|201
2020.09.10 14:00:00|54.73|54.89|54.63|54.88|192
2020.09.10 15:00:00|54.89|54.97|54.61|54.82|201
2020.09.10 16:00:00|54.75|55.01|54.61|54.74|200
2020.09.10 17:00:00|54.77|54.8|54.08|54.11|263
2020.09.10 18:00:00|54.1|54.47|54.08|54.41|152
2020.09.11 10:00:00|54.04|54.44|53.92|54.09|293
2020.09.11 11:00:00|54.08|54.27|53.85|53.9|188
2020.09.11 12:00:00|53.98|54.2|53.9|54.12|205
2020.09.11 13:00:00|54.06|54.3|53.87|54.17|176
2020.09.11 14:00:00|54.19|54.46|54.16|54.22|275
2020.09.11 15:00:00|54.24|54.41|54.15|54.17|190
2020.09.11 16:00:00|54.18|54.29|53.92|53.97|190
2020.09.11 17:00:00|53.98|54.58|53.98|54.5|267
2020.09.11 18:00:00|54.51|54.86|54.5|54.69|144
2020.09.14 10:00:00|55.37|55.5|55.14|55.17|277
2020.09.14 11:00:00|55.16|55.3|54.97|54.99|210
2020.09.14 12:00:00|55|55.08|54.7|54.84|179
2020.09.14 13:00:00|54.89|55.05|54.77|55.05|224
2020.09.14 14:00:00|55.06|55.23|54.95|55.09|164
2020.09.14 15:00:00|55.13|55.34|55.04|55.23|157
2020.09.14 16:00:00|55.25|55.33|54.9|55.03|180
2020.09.14 17:00:00|55.04|55.12|54.85|54.88|180
2020.09.14 18:00:00|54.91|55.07|54.83|55.07|94
2020.09.15 10:00:00|55.09|55.1|54.75|54.77|259
2020.09.15 11:00:00|54.76|55.08|54.6|54.9|208
2020.09.15 12:00:00|54.91|55.38|54.91|55.1|239
2020.09.15 13:00:00|55.09|55.16|54.85|55.05|240
2020.09.15 14:00:00|55.12|55.13|54.92|55.07|134
2020.09.15 15:00:00|55.08|55.26|54.99|55.22|164
2020.09.15 16:00:00|55.2|55.25|54.69|54.72|157
2020.09.15 17:00:00|54.73|54.86|54.66|54.84|195
2020.09.15 18:00:00|54.83|54.98|54.81|54.93|102
2020.09.16 10:00:00|54.67|54.75|54.52|54.61|216
2020.09.16 11:00:00|54.63|54.97|54.57|54.91|230
2020.09.16 12:00:00|54.92|55.24|54.91|55.03|169
2020.09.16 13:00:00|55.01|55.04|54.69|54.71|132
2020.09.16 14:00:00|54.68|54.73|54.64|54.73|137
2020.09.16 15:00:00|54.71|54.88|54.63|54.7|120
2020.09.16 16:00:00|54.69|54.72|54.33|54.55|196
2020.09.16 17:00:00|54.58|54.81|54.55|54.74|173
2020.09.16 18:00:00|54.75|54.92|54.71|54.9|82
2020.09.17 10:00:00|53.84|54.66|53.84|54.49|289
2020.09.17 11:00:00|54.48|54.58|54.38|54.5|226
2020.09.17 12:00:00|54.53|54.65|54.44|54.5|214
2020.09.17 13:00:00|54.48|54.55|54.37|54.43|159
2020.09.17 14:00:00|54.43|54.48|54.32|54.37|132
2020.09.17 15:00:00|54.33|54.52|54.31|54.41|125
2020.09.17 16:00:00|54.4|54.71|54.26|54.7|198
2020.09.17 17:00:00|54.72|55.16|54.62|55.04|272
2020.09.17 18:00:00|55.05|55.34|55.05|55.26|191
2020.09.18 10:00:00|55.38|55.74|54.69|54.82|303
2020.09.18 11:00:00|54.83|55.02|54.75|54.82|170
2020.09.18 12:00:00|54.8|55.22|54.8|55.05|373
2020.09.18 13:00:00|55|55.16|54.89|55.14|158
2020.09.18 14:00:00|55.13|55.29|54.89|54.89|148
2020.09.18 15:00:00|54.9|54.93|54.59|54.69|128
2020.09.18 16:00:00|54.63|54.72|54.33|54.37|180
2020.09.18 17:00:00|54.36|54.57|54.34|54.41|236
2020.09.18 18:00:00|54.43|54.53|54.34|54.34|130
2020.09.21 10:00:00|53.28|53.49|52.21|52.49|290
2020.09.21 11:00:00|52.44|52.52|51.94|52.06|260
2020.09.21 12:00:00|52.07|52.26|51.57|51.61|235
2020.09.21 13:00:00|51.62|51.74|51.46|51.66|213
2020.09.21 14:00:00|51.68|51.93|51.53|51.93|175
2020.09.21 15:00:00|51.92|51.92|51.42|51.58|203
2020.09.21 16:00:00|51.59|51.62|51.07|51.27|281
2020.09.21 17:00:00|51.25|51.27|50.4|50.67|396
2020.09.21 18:00:00|50.67|50.73|50.23|50.29|218
2020.09.22 10:00:00|50.69|50.77|50.17|50.6|418
2020.09.22 11:00:00|50.58|50.85|50.24|50.3|252
2020.09.22 12:00:00|50.29|50.47|50.24|50.34|207
2020.09.22 13:00:00|50.35|50.7|50.2|50.62|207
2020.09.22 14:00:00|50.56|50.9|50.49|50.65|223
2020.09.22 15:00:00|50.64|50.67|50.51|50.63|155
2020.09.22 16:00:00|50.64|50.97|50.59|50.65|203
2020.09.22 17:00:00|50.61|50.92|50.44|50.44|240
2020.09.22 18:00:00|50.43|50.65|50.4|50.54|118
2020.09.23 10:00:00|50.99|51.13|50.37|51.1|398
2020.09.23 11:00:00|51.08|51.5|50.94|51.44|201
2020.09.23 12:00:00|51.45|51.5|51.17|51.2|205
2020.09.23 13:00:00|51.18|51.28|50.98|51.26|189
2020.09.23 14:00:00|51.25|51.32|51.07|51.09|139
2020.09.23 15:00:00|51.03|51.09|50.82|50.89|149
2020.09.23 16:00:00|50.89|50.93|50.5|50.52|175
2020.09.23 17:00:00|50.53|50.59|50.18|50.33|224
2020.09.23 18:00:00|50.31|50.44|50.16|50.17|140
2020.09.24 10:00:00|49.38|50.05|49.32|50.03|377
2020.09.24 11:00:00|50.02|50.02|49.62|49.73|208
2020.09.24 12:00:00|49.74|50.03|49.67|50.03|209
2020.09.24 13:00:00|50.05|50.23|50.03|50.18|185
2020.09.24 14:00:00|50.19|50.23|50.03|50.03|139
2020.09.24 15:00:00|50.02|50.07|49.71|49.85|200
2020.09.24 16:00:00|49.84|50.02|49.54|49.82|261
2020.09.24 17:00:00|49.8|50.09|49.76|49.88|397
2020.09.24 18:00:00|49.86|49.96|49.7|49.88|209
2020.09.25 10:00:00|50.23|50.24|49.79|49.96|367
2020.09.25 11:00:00|49.97|50.08|49.65|49.83|209
2020.09.25 12:00:00|49.86|49.92|49.4|49.61|223
2020.09.25 13:00:00|49.59|49.59|48.98|49.04|267
2020.09.25 14:00:00|49.15|49.36|49.01|49.34|262
2020.09.25 15:00:00|49.31|49.44|49.26|49.39|252
2020.09.25 16:00:00|49.39|49.45|49.11|49.29|348
2020.09.25 17:00:00|49.29|49.35|48.94|49.25|510
2020.09.25 18:00:00|49.26|49.3|49.1|49.22|228
2020.09.28 10:00:00|50.5|50.63|49.93|50.4|303
2020.09.28 11:00:00|50.39|50.64|50.25|50.56|250
2020.09.28 12:00:00|50.57|50.86|50.52|50.74|186
2020.09.28 13:00:00|50.76|51.08|50.74|50.95|172
2020.09.28 14:00:00|50.98|51.14|50.85|51.14|212
2020.09.28 15:00:00|51.13|51.33|51.1|51.1|181
2020.09.28 16:00:00|51.11|51.15|50.93|51.13|188
2020.09.28 17:00:00|51.12|51.62|51.1|51.56|294
2020.09.28 18:00:00|51.57|51.71|51.5|51.7|150
2020.09.29 10:00:00|51.39|51.57|51.2|51.39|228
2020.09.29 11:00:00|51.38|51.67|51.21|51.54|184
2020.09.29 12:00:00|51.55|51.76|51.4|51.74|139
2020.09.29 13:00:00|51.75|51.98|51.72|51.97|200
2020.09.29 14:00:00|51.98|52.06|51.89|52.02|181
2020.09.29 15:00:00|52.02|52.32|51.94|52.31|238
2020.09.29 16:00:00|52.3|52.36|52.07|52.12|410
2020.09.29 17:00:00|52.13|52.56|52.1|52.19|467
2020.09.29 18:00:00|52.18|52.26|52.12|52.13|165
2020.09.30 10:00:00|51.6|52.53|51.53|52.12|326
2020.09.30 11:00:00|52.11|52.18|51.89|51.98|228
2020.09.30 12:00:00|51.99|52.01|51.59|51.9|223
2020.09.30 13:00:00|51.85|52.09|51.58|51.86|188
2020.09.30 14:00:00|51.86|51.97|51.65|51.71|113
2020.09.30 15:00:00|51.7|52.05|51.67|51.97|132
2020.09.30 16:00:00|51.97|52.18|51.96|52.18|229
2020.09.30 17:00:00|52.19|52.31|52.05|52.24|284
2020.09.30 18:00:00|52.25|52.26|51.91|51.91|146
2020.10.01 10:00:00|51.97|52.3|51.62|51.69|324
2020.10.01 11:00:00|51.67|51.92|51.56|51.68|227
2020.10.01 12:00:00|51.7|51.81|51.62|51.69|116
2020.10.01 13:00:00|51.68|51.84|51.6|51.63|124
2020.10.01 14:00:00|51.67|51.83|51.63|51.83|141
2020.10.01 15:00:00|51.8|51.8|51.37|51.37|139
2020.10.01 16:00:00|51.41|51.56|51.32|51.34|230
2020.10.01 17:00:00|51.32|51.37|50.96|51.25|311
2020.10.01 18:00:00|51.29|51.35|51.15|51.23|150
2020.10.02 10:00:00|50.59|50.78|50.36|50.77|392
2020.10.02 11:00:00|50.76|51.01|50.75|50.85|202
2020.10.02 12:00:00|50.83|50.96|50.74|50.78|175
2020.10.02 13:00:00|50.77|50.89|50.65|50.79|182
2020.10.02 14:00:00|50.81|50.88|50.55|50.63|150
2020.10.02 15:00:00|50.61|50.88|50.61|50.74|135
2020.10.02 16:00:00|50.73|51.15|50.54|51.04|219
2020.10.02 17:00:00|51.06|51.42|51.06|51.42|232
2020.10.02 18:00:00|51.41|51.94|51.4|51.84|206
