2021.02.08 18:00:00|55.59|55.61|55.3|55.4|201
2021.02.09 10:00:00|55.21|55.21|54.8|55.09|302
2021.02.09 11:00:00|55.08|55.1|54.71|54.87|211
2021.02.09 12:00:00|54.84|54.9|54.7|54.73|151
2021.02.09 13:00:00|54.72|55.14|54.71|55.12|200
2021.02.09 14:00:00|55.08|55.47|55.04|55.38|170
2021.02.09 15:00:00|55.38|55.83|55.34|55.72|229
2021.02.09 16:00:00|55.73|55.75|55.26|55.28|269
2021.02.09 17:00:00|55.29|55.42|55.18|55.31|238
2021.02.09 18:00:00|55.32|55.33|55.06|55.07|188
2021.02.10 10:00:00|55.06|55.07|54.24|54.55|425
2021.02.10 11:00:00|54.53|54.74|54.42|54.72|186
2021.02.10 12:00:00|54.71|54.71|54.49|54.67|171
2021.02.10 13:00:00|54.67|54.78|54.51|54.65|159
2021.02.10 14:00:00|54.67|54.69|54.57|54.58|126
2021.02.10 15:00:00|54.59|54.69|54.45|54.48|196
2021.02.10 16:00:00|54.47|54.57|54.38|54.48|221
2021.02.10 17:00:00|54.49|54.57|53.38|54.04|829
2021.02.10 18:00:00|54.02|54.2|53.87|53.97|331
2021.02.11 10:00:00|53.83|54.3|53.7|54.13|290
2021.02.11 11:00:00|54.11|54.14|53.96|54.09|156
2021.02.11 12:00:00|54.1|54.32|53.91|53.97|160
2021.02.11 13:00:00|53.98|54.01|53.84|53.9|185
2021.02.11 14:00:00|53.92|53.95|53.76|53.8|136
2021.02.11 15:00:00|53.82|53.97|53.81|53.9|157
2021.02.11 16:00:00|53.93|54.05|53.75|53.75|246
2021.02.11 17:00:00|53.76|54|53.72|53.85|257
2021.02.11 18:00:00|53.84|53.89|53.76|53.84|165
2021.02.12 10:00:00|53.54|53.71|53.13|53.2|368
2021.02.12 11:00:00|53.21|53.49|53.21|53.33|170
2021.02.12 12:00:00|53.31|53.41|53.24|53.4|192
2021.02.12 13:00:00|53.4|53.63|53.39|53.59|122
2021.02.12 14:00:00|53.63|53.64|53.41|53.42|112
2021.02.12 15:00:00|53.42|53.56|53.39|53.46|153
2021.02.12 16:00:00|53.45|53.76|53.38|53.71|264
2021.02.12 17:00:00|53.72|53.73|53.51|53.68|265
2021.02.12 18:00:00|53.7|53.8|53.67|53.78|100
2021.02.15 10:00:00|54.19|54.36|54.01|54.36|284
2021.02.15 11:00:00|54.37|54.61|54.35|54.58|217
2021.02.15 12:00:00|54.57|54.69|54.38|54.6|158
2021.02.15 13:00:00|54.61|54.82|54.58|54.81|110
2021.02.15 14:00:00|54.8|54.96|54.75|54.77|114
2021.02.15 15:00:00|54.75|54.76|54.57|54.72|147
2021.02.15 16:00:00|54.71|54.85|54.65|54.77|145
2021.02.15 17:00:00|54.76|54.83|54.7|54.79|148
2021.02.15 18:00:00|54.78|54.92|54.78|54.82|107
2021.02.16 10:00:00|54.84|55.01|54.67|54.9|259
2021.02.16 11:00:00|54.88|54.9|54.64|54.77|213
2021.02.16 12:00:00|54.79|55.16|54.79|54.89|215
2021.02.16 13:00:00|54.88|54.91|54.72|54.87|172
2021.02.16 14:00:00|54.86|54.91|54.72|54.84|124
2021.02.16 15:00:00|54.84|54.91|54.81|54.84|108
2021.02.16 16:00:00|54.83|54.83|54.39|54.51|295
2021.02.16 17:00:00|54.5|54.53|54.24|54.33|298
2021.02.16 18:00:00|54.31|54.37|54.22|54.35|177
2021.02.17 10:00:00|54.45|54.49|54.18|54.45|323
2021.02.17 11:00:00|54.43|54.43|53.96|54.1|227
2021.02.17 12:00:00|54.11|54.3|54.07|54.09|166
2021.02.17 13:00:00|54.08|54.17|53.9|54.16|164
2021.02.17 14:00:00|54.15|54.18|54.04|54.04|116
2021.02.17 15:00:00|54.06|54.24|54.01|54.04|153
2021.02.17 16:00:00|54.04|54.13|53.87|54|295
2021.02.17 17:00:00|54.01|54.15|53.84|53.98|412
2021.02.17 18:00:00|53.99|54.01|53.85|53.93|171
2021.02.18 10:00:00|53.78|54.12|53.7|54.1|320
2021.02.18 11:00:00|54.09|54.09|53.59|53.62|206
2021.02.18 12:00:00|53.61|53.66|53.37|53.38|189
2021.02.18 13:00:00|53.37|53.59|53.22|53.57|177
2021.02.18 14:00:00|53.55|53.68|53.53|53.64|132
2021.02.18 15:00:00|53.65|53.65|53.35|53.38|131
2021.02.18 16:00:00|53.39|53.42|53.23|53.35|285
2021.02.18 17:00:00|53.34|53.34|53.02|53.22|288
2021.02.18 18:00:00|53.21|53.3|53.08|53.17|219
2021.02.19 10:00:00|52.68|53.12|52.59|53.02|375
2021.02.19 11:00:00|53.03|53.23|52.9|53.01|217
2021.02.19 12:00:00|53|53|52.82|52.96|270
2021.02.19 13:00:00|52.97|53.02|52.87|52.9|193
2021.02.19 14:00:00|52.98|53.36|52.88|53.35|183
2021.02.19 15:00:00|53.36|53.58|53.29|53.48|219
2021.02.19 16:00:00|53.48|53.48|53.31|53.4|246
2021.02.19 17:00:00|53.39|53.82|53.35|53.78|386
2021.02.19 18:00:00|53.77|53.84|53.72|53.78|143
2021.02.22 10:00:00|53.4|53.5|52.96|53.12|474
2021.02.22 11:00:00|53.11|53.51|53.11|53.49|278
2021.02.22 12:00:00|53.5|53.72|53.39|53.68|218
2021.02.22 13:00:00|53.69|53.82|53.57|53.58|160
2021.02.22 14:00:00|53.59|53.59|53.3|53.35|199
2021.02.22 15:00:00|53.33|53.54|53.27|53.51|147
2021.02.22 16:00:00|53.5|53.64|53.29|53.6|334
2021.02.22 17:00:00|53.59|53.87|53.49|53.76|354
2021.02.22 18:00:00|53.75|53.83|53.66|53.82|199
2021.02.23 10:00:00|53.87|54.03|53.42|53.44|425
2021.02.23 11:00:00|53.42|53.48|53.15|53.22|344
2021.02.23 12:00:00|53.2|53.45|52.86|53.39|397
2021.02.23 13:00:00|53.38|53.58|53.24|53.41|270
2021.02.23 14:00:00|53.42|53.55|53.37|53.46|191
2021.02.23 15:00:00|53.48|53.51|53.26|53.46|218
2021.02.23 16:00:00|53.47|53.53|52.99|53.16|324
2021.02.23 17:00:00|53.14|53.34|52.99|53.18|396
2021.02.23 18:00:00|53.17|53.37|53.16|53.23|177
2021.02.24 10:00:00|53.16|53.99|53.08|53.96|407
2021.02.24 11:00:00|53.97|54.4|53.8|54.31|321
2021.02.24 12:00:00|54.31|54.56|54.28|54.32|263
2021.02.24 13:00:00|54.29|54.35|54.18|54.26|171
2021.02.24 14:00:00|54.29|54.56|54.27|54.39|166
2021.02.24 15:00:00|54.38|54.38|53.9|53.99|231
2021.02.24 16:00:00|53.98|54.35|53.94|54.28|274
2021.02.24 17:00:00|54.27|55.36|54.25|55.01|609
2021.02.24 18:00:00|55|55.01|54.83|54.88|202
2021.02.25 10:00:00|54.15|54.9|52.51|52.96|1171
2021.02.25 11:00:00|52.95|53.06|52.8|52.94|511
2021.02.25 12:00:00|52.93|53.07|52.83|52.96|287
2021.02.25 13:00:00|52.97|53.01|52.61|52.74|317
2021.02.25 14:00:00|52.75|53.09|52.61|53.02|386
2021.02.25 15:00:00|53.04|53.12|52.7|52.72|307
2021.02.25 16:00:00|52.73|52.73|51.23|51.69|875
2021.02.25 17:00:00|51.68|51.68|49.97|51.16|1868
2021.02.25 18:00:00|51.14|51.89|51.13|51.58|672
2021.02.26 10:00:00|50.66|52.12|50.5|51.74|868
2021.02.26 11:00:00|51.72|51.83|51.04|51.08|512
2021.02.26 12:00:00|51.04|51.33|50.84|51.25|528
2021.02.26 13:00:00|51.24|51.35|50.99|51.11|367
2021.02.26 14:00:00|51.12|51.25|50.72|50.77|352
2021.02.26 15:00:00|50.76|51.01|50.69|50.98|377
2021.02.26 16:00:00|50.97|51|50.37|50.38|445
2021.02.26 17:00:00|50.4|50.58|50.11|50.12|749
2021.02.26 18:00:00|50.1|50.27|49.89|49.93|440
2021.03.01 10:00:00|50.87|51.27|50.71|51.07|539
2021.03.01 11:00:00|51.08|51.41|51.05|51.28|267
2021.03.01 12:00:00|51.27|51.58|51.26|51.52|216
2021.03.01 13:00:00|51.55|51.55|51.24|51.32|312
2021.03.01 14:00:00|51.33|51.92|51.29|51.81|220
2021.03.01 15:00:00|51.82|52.02|51.6|51.84|222
2021.03.01 16:00:00|51.85|52.13|51.85|52.11|315
2021.03.01 17:00:00|52.13|52.25|52.01|52.18|264
2021.03.01 18:00:00|52.19|52.36|52.07|52.2|191
2021.03.02 10:00:00|52.07|52.9|51.99|52.33|369
2021.03.02 11:00:00|52.3|52.31|51.88|52.02|215
2021.03.02 12:00:00|52.01|52.03|51.88|51.95|181
2021.03.02 13:00:00|51.94|52.21|51.91|52.15|185
2021.03.02 14:00:00|52.17|52.18|52.05|52.07|110
2021.03.02 15:00:00|52.06|52.09|51.97|52.03|194
2021.03.02 16:00:00|52.04|52.13|51.83|52.01|352
2021.03.02 17:00:00|52.02|52.08|51.82|51.94|342
2021.03.02 18:00:00|51.95|52.04|51.9|51.98|155
2021.03.03 10:00:00|52.1|52.67|51.97|51.97|343
2021.03.03 11:00:00|51.96|52.11|51.79|51.99|207
2021.03.03 12:00:00|52.01|52.02|51.8|51.81|144
2021.03.03 13:00:00|51.82|51.85|51.65|51.74|174
2021.03.03 14:00:00|51.73|51.74|51.53|51.53|177
2021.03.03 15:00:00|51.52|51.7|51.22|51.36|269
2021.03.03 16:00:00|51.36|51.56|50.98|50.98|347
2021.03.03 17:00:00|51.01|51.38|50.89|51.26|430
2021.03.03 18:00:00|51.27|51.51|51.25|51.44|174
2021.03.04 10:00:00|51.06|51.91|51.06|51.76|319
2021.03.04 11:00:00|51.75|51.83|51.51|51.59|198
2021.03.04 12:00:00|51.57|51.82|51.45|51.81|215
2021.03.04 13:00:00|51.82|51.88|51.5|51.6|188
2021.03.04 14:00:00|51.62|51.71|51.41|51.66|166
2021.03.04 15:00:00|51.65|51.91|51.65|51.76|147
2021.03.04 16:00:00|51.77|51.85|51.57|51.67|263
2021.03.04 17:00:00|51.66|51.81|51.51|51.78|321
2021.03.04 18:00:00|51.79|51.84|51.64|51.78|169
2021.03.05 10:00:00|51.45|51.82|51.16|51.79|326
2021.03.05 11:00:00|51.79|51.79|51.17|51.42|170
2021.03.05 12:00:00|51.43|51.47|51.31|51.36|138
2021.03.05 13:00:00|51.35|51.54|51.33|51.34|101
2021.03.05 14:00:00|51.35|51.38|51.24|51.37|122
2021.03.05 15:00:00|51.38|51.85|51.29|51.71|215
2021.03.05 16:00:00|51.68|51.84|51.47|51.52|211
2021.03.05 17:00:00|51.54|51.72|51.36|51.55|331
2021.03.05 18:00:00|51.54|51.61|51.33|51.36|167
2021.03.08 10:00:00|51.96|52.04|51.6|51.98|269
2021.03.08 11:00:00|51.99|51.99|51.75|51.82|169
2021.03.08 12:00:00|51.81|52.03|51.76|51.94|166
2021.03.08 13:00:00|51.95|51.96|51.8|51.85|163
2021.03.08 14:00:00|51.83|51.92|51.72|51.81|142
2021.03.08 15:00:00|51.83|51.91|51.73|51.87|178
2021.03.08 16:00:00|51.84|52.38|51.8|52.27|373
2021.03.08 17:00:00|52.31|53.12|52.22|52.9|440
2021.03.08 18:00:00|52.91|53.15|52.91|53.05|206
2021.03.09 10:00:00|53.11|53.55|53.11|53.26|335
2021.03.09 11:00:00|53.24|53.31|53.14|53.28|216
2021.03.09 12:00:00|53.28|53.33|53.15|53.24|212
2021.03.09 13:00:00|53.22|53.35|53.19|53.27|203
2021.03.09 14:00:00|53.28|53.47|53.2|53.23|170
2021.03.09 15:00:00|53.24|53.35|53.2|53.2|196
2021.03.09 16:00:00|53.21|53.48|53.2|53.29|338
2021.03.09 17:00:00|53.28|53.29|52.93|53.03|386
2021.03.09 18:00:00|53.02|53.03|52.95|52.97|162
2021.03.10 10:00:00|53.41|53.62|53.21|53.5|316
2021.03.10 11:00:00|53.48|53.77|53.45|53.68|191
2021.03.10 12:00:00|53.65|53.95|53.63|53.89|178
2021.03.10 13:00:00|53.91|54.17|53.89|54.05|169
2021.03.10 14:00:00|54.18|55.17|54.08|54.89|551
2021.03.10 15:00:00|54.9|54.92|54.56|54.83|354
2021.03.10 16:00:00|54.84|54.94|54.2|54.37|403
2021.03.10 17:00:00|54.39|54.47|53.96|54.29|461
2021.03.10 18:00:00|54.32|54.36|54.17|54.28|279
2021.03.11 10:00:00|54.31|54.35|52.69|52.79|852
2021.03.11 11:00:00|52.8|52.97|52.6|52.81|474
2021.03.11 12:00:00|52.8|52.8|51.89|52.42|479
2021.03.11 13:00:00|52.44|52.68|52.24|52.48|394
2021.03.11 14:00:00|52.5|52.83|52.38|52.8|270
2021.03.11 15:00:00|52.84|53.23|52.33|52.33|423
2021.03.11 16:00:00|52.32|52.44|52.15|52.17|470
2021.03.11 17:00:00|52.16|52.52|52.04|52.36|568
2021.03.11 18:00:00|52.34|52.47|52.25|52.45|308
2021.03.12 10:00:00|52.28|52.92|52.2|52.5|441
2021.03.12 11:00:00|52.47|52.61|52.25|52.49|294
2021.03.12 12:00:00|52.5|52.61|52.33|52.58|276
2021.03.12 13:00:00|52.59|52.59|52.39|52.52|166
2021.03.12 14:00:00|52.53|52.8|52.42|52.74|234
2021.03.12 15:00:00|52.76|52.84|52.61|52.62|162
2021.03.12 16:00:00|52.61|52.86|52.57|52.86|298
2021.03.12 17:00:00|52.85|53.13|52.85|52.92|369
2021.03.12 18:00:00|52.91|52.98|52.86|52.94|229
2021.03.15 10:00:00|53.01|53.46|52.87|52.99|279
2021.03.15 11:00:00|52.98|53.06|52.85|52.9|163
2021.03.15 12:00:00|52.89|52.97|52.82|52.94|108
2021.03.15 13:00:00|52.92|53.2|52.91|53.15|202
2021.03.15 14:00:00|53.18|53.31|53.04|53.11|154
2021.03.15 15:00:00|53.08|53.36|53.05|53.34|212
2021.03.15 16:00:00|53.35|53.38|52.91|53.02|240
2021.03.15 17:00:00|53.01|53.13|52.44|52.67|341
2021.03.15 18:00:00|52.66|52.92|52.66|52.92|146
2021.03.16 10:00:00|53.2|53.28|52.98|53.12|334
2021.03.16 11:00:00|53.13|53.2|53.04|53.18|227
2021.03.16 12:00:00|53.18|53.3|53.1|53.21|250
2021.03.16 13:00:00|53.2|53.25|53.1|53.16|148
2021.03.16 14:00:00|53.13|53.22|53.01|53.04|127
2021.03.16 15:00:00|53.03|53.07|52.89|52.96|139
2021.03.16 16:00:00|52.94|53.01|52.74|52.9|178
2021.03.16 17:00:00|52.89|52.96|52.76|52.86|202
2021.03.16 18:00:00|52.85|52.89|52.79|52.84|128
2021.03.17 10:00:00|52.57|52.92|52.35|52.49|228
2021.03.17 11:00:00|52.48|52.57|52.29|52.53|164
2021.03.17 12:00:00|52.52|52.75|52.5|52.69|128
2021.03.17 13:00:00|52.68|52.73|52.54|52.59|119
2021.03.17 14:00:00|52.79|52.79|52.51|52.59|128
2021.03.17 15:00:00|52.59|52.67|52.45|52.48|147
2021.03.17 16:00:00|52.5|52.56|52.35|52.55|179
2021.03.17 17:00:00|52.54|52.75|52.54|52.69|182
2021.03.17 18:00:00|52.7|52.76|52.64|52.71|108
2021.03.18 10:00:00|52.72|53.71|52.72|53.66|541
2021.03.18 11:00:00|53.64|53.81|53.64|53.68|261
2021.03.18 12:00:00|53.69|53.83|53.68|53.7|146
2021.03.18 13:00:00|53.71|53.71|53.24|53.25|200
2021.03.18 14:00:00|53.24|53.34|53.05|53.34|229
2021.03.18 15:00:00|53.32|53.56|53.08|53.56|236
2021.03.18 16:00:00|53.55|53.67|53.3|53.31|338
2021.03.18 17:00:00|53.32|53.81|53.29|53.79|329
2021.03.18 18:00:00|53.79|53.8|53.64|53.68|126
2021.03.19 10:00:00|53.84|54.03|53.35|53.87|479
2021.03.19 11:00:00|53.85|54.05|53.76|53.95|191
2021.03.19 12:00:00|53.96|54.02|53.72|53.9|318
2021.03.19 13:00:00|53.89|53.95|53.69|53.84|193
2021.03.19 14:00:00|53.88|53.95|53.45|53.83|135
2021.03.19 15:00:00|53.81|53.89|53.29|53.59|338
2021.03.19 16:00:00|53.58|53.7|53.39|53.42|358
2021.03.19 17:00:00|53.44|53.61|53.31|53.61|259
2021.03.19 18:00:00|53.6|53.64|53.45|53.56|167
2021.03.22 10:00:00|53.28|53.37|52.97|53.2|268
2021.03.22 11:00:00|53.19|53.32|53.07|53.27|175
2021.03.22 12:00:00|53.25|53.45|53.18|53.41|152
2021.03.22 13:00:00|53.42|53.62|53.41|53.53|155
2021.03.22 14:00:00|53.57|53.63|53.43|53.63|140
2021.03.22 15:00:00|53.59|53.63|53.36|53.44|163
2021.03.22 16:00:00|53.44|53.54|53.32|53.45|215
2021.03.22 17:00:00|53.46|53.46|53.09|53.22|256
2021.03.22 18:00:00|53.23|53.27|53.1|53.27|136
2021.03.23 10:00:00|53.28|53.83|53.18|53.7|466
2021.03.23 11:00:00|53.69|54.05|53.67|54|231
2021.03.23 12:00:00|53.99|54.05|53.79|53.9|223
2021.03.23 13:00:00|53.88|53.96|53.76|53.95|174
2021.03.23 14:00:00|53.94|54.07|53.9|54|156
2021.03.23 15:00:00|54.01|54.13|54|54.09|221
2021.03.23 16:00:00|54.11|54.17|53.82|54|327
2021.03.23 17:00:00|53.99|54.13|53.93|54.06|247
2021.03.23 18:00:00|54.07|54.11|54|54.02|163
2021.03.24 10:00:00|53.55|53.69|53.19|53.35|481
2021.03.24 11:00:00|53.33|53.55|53.15|53.47|260
2021.03.24 12:00:00|53.45|53.58|53.4|53.44|146
2021.03.24 13:00:00|53.45|53.64|53.4|53.5|124
2021.03.24 14:00:00|53.51|53.67|53.43|53.48|171
2021.03.24 15:00:00|53.45|53.53|53.37|53.43|202
2021.03.24 16:00:00|53.42|53.53|53.41|53.41|197
2021.03.24 17:00:00|53.41|53.6|53.39|53.48|191
2021.03.24 18:00:00|53.49|53.52|53.44|53.44|140
2021.03.25 10:00:00|53.11|53.58|53.04|53.39|346
2021.03.25 11:00:00|53.38|53.39|53.19|53.31|161
2021.03.25 12:00:00|53.29|53.34|53.25|53.28|112
2021.03.25 13:00:00|53.29|53.33|52.85|52.89|313
2021.03.25 14:00:00|52.88|53.02|52.75|52.96|210
2021.03.25 15:00:00|52.97|53.23|52.97|53.18|222
2021.03.25 16:00:00|53.16|53.21|53.01|53.17|244
2021.03.25 17:00:00|53.17|53.31|53.01|53.24|356
2021.03.25 18:00:00|53.24|53.27|53.07|53.09|198
2021.03.26 10:00:00|53.16|53.82|53.16|53.51|300
2021.03.26 11:00:00|53.49|53.63|53.3|53.35|185
2021.03.26 12:00:00|53.34|53.37|53.19|53.29|187
2021.03.26 13:00:00|53.29|53.36|53.18|53.34|139
2021.03.26 14:00:00|53.37|53.49|53.32|53.47|137
2021.03.26 15:00:00|53.46|53.48|53.17|53.19|141
2021.03.26 16:00:00|53.18|53.25|53.04|53.09|214
2021.03.26 17:00:00|53.09|53.14|53|53.07|211
2021.03.26 18:00:00|53.08|53.08|52.99|52.99|97
2021.03.29 10:00:00|53.53|53.55|53.02|53.11|201
2021.03.29 11:00:00|53.13|53.13|52.84|52.91|182
2021.03.29 12:00:00|52.9|53.06|52.9|52.99|120
2021.03.29 13:00:00|53.02|53.21|52.98|53.16|108
2021.03.29 14:00:00|53.18|53.18|53.02|53.05|108
2021.03.29 15:00:00|53.06|53.07|52.81|52.95|134
2021.03.29 16:00:00|52.93|53.15|52.81|53.06|171
2021.03.29 17:00:00|53.05|53.27|53.04|53.19|206
2021.03.29 18:00:00|53.18|53.29|53.16|53.25|105
2021.03.30 10:00:00|53.39|53.69|53.3|53.47|256
2021.03.30 11:00:00|53.48|53.53|53.28|53.29|121
2021.03.30 12:00:00|53.3|53.3|53.13|53.14|111
2021.03.30 13:00:00|53.13|53.2|53.02|53.07|125
2021.03.30 14:00:00|53.08|53.22|52.96|53.19|98
2021.03.30 15:00:00|53.18|53.24|53.1|53.17|81
2021.03.30 16:00:00|53.17|53.26|53.07|53.08|190
2021.03.30 17:00:00|53.09|53.43|52.96|53.42|221
2021.03.30 18:00:00|53.41|53.68|53.41|53.66|164
2021.03.31 10:00:00|53.67|54.09|53.62|53.69|283
2021.03.31 11:00:00|53.7|53.93|53.62|53.72|206
2021.03.31 12:00:00|53.75|53.96|53.74|53.76|207
2021.03.31 13:00:00|53.72|53.76|53.44|53.46|125
2021.03.31 14:00:00|53.45|53.54|53.39|53.5|101
2021.03.31 15:00:00|53.49|53.71|53.48|53.71|112
2021.03.31 16:00:00|53.7|53.79|53.6|53.64|190
2021.03.31 17:00:00|53.63|53.87|53.58|53.84|190
2021.03.31 18:00:00|53.85|53.91|53.8|53.8|143
2021.04.01 10:00:00|53.75|53.75|53.11|53.34|416
2021.04.01 11:00:00|53.33|53.65|53.21|53.63|294
2021.04.01 12:00:00|53.62|53.67|53.4|53.66|196
2021.04.01 13:00:00|53.65|53.65|53.45|53.46|152
2021.04.01 14:00:00|53.47|53.72|53.46|53.69|163
2021.04.01 15:00:00|53.69|53.69|53.47|53.53|153
2021.04.01 16:00:00|53.54|53.59|53.15|53.18|302
2021.04.01 17:00:00|53.19|53.34|53.18|53.18|295
2021.04.01 18:00:00|53.18|53.23|53.1|53.1|216
2021.04.06 10:00:00|53.24|54.14|53.22|53.87|592
2021.04.06 11:00:00|53.87|54|53.39|53.39|526
2021.04.06 12:00:00|53.41|53.7|53.35|53.67|278
2021.04.06 13:00:00|53.67|53.78|53.58|53.73|259
2021.04.06 14:00:00|53.72|53.79|53.69|53.7|204
2021.04.06 15:00:00|53.69|53.76|53.66|53.69|158
2021.04.06 16:00:00|53.7|53.73|53.58|53.72|262
2021.04.06 17:00:00|53.72|53.75|53.61|53.74|226
2021.04.06 18:00:00|53.73|53.75|53.61|53.69|171
2021.04.07 10:00:00|53.71|53.98|53.55|53.74|364
2021.04.07 11:00:00|53.71|53.87|53.65|53.84|147
2021.04.07 12:00:00|53.85|53.85|53.75|53.8|116
2021.04.07 13:00:00|53.79|53.84|53.72|53.81|100
2021.04.07 14:00:00|53.8|53.82|53.65|53.68|127
2021.04.07 15:00:00|53.67|53.72|53.52|53.54|122
2021.04.07 16:00:00|53.54|53.59|53.43|53.59|184
2021.04.07 17:00:00|53.58|53.64|53.46|53.53|178
2021.04.07 18:00:00|53.54|53.61|53.48|53.53|121
2021.04.08 10:00:00|53.5|53.66|53.34|53.38|286
2021.04.08 11:00:00|53.39|53.46|53.25|53.44|205
2021.04.08 12:00:00|53.44|53.58|53.35|53.41|164
2021.04.08 13:00:00|53.4|53.44|53.27|53.35|127
2021.04.08 14:00:00|53.38|53.38|52.91|53.09|296
2021.04.08 15:00:00|53.08|53.34|53.08|53.27|232
2021.04.08 16:00:00|53.26|53.5|53.23|53.33|304
2021.04.08 17:00:00|53.33|53.43|53.28|53.38|261
2021.04.08 18:00:00|53.37|53.38|53.15|53.21|167
2021.04.09 10:00:00|53.26|53.44|53.02|53.23|214
2021.04.09 11:00:00|53.22|53.3|53.09|53.29|125
2021.04.09 12:00:00|53.27|53.42|53.18|53.42|123
2021.04.09 13:00:00|53.41|53.48|53.33|53.33|103
2021.04.09 14:00:00|53.32|53.58|53.31|53.45|157
2021.04.09 15:00:00|53.44|53.5|53.35|53.4|106
2021.04.09 16:00:00|53.38|53.4|53.25|53.25|176
2021.04.09 17:00:00|53.26|53.31|53.21|53.21|149
2021.04.09 18:00:00|53.21|53.33|53.17|53.33|111
2021.04.12 10:00:00|53.34|53.38|52.91|53.03|292
2021.04.12 11:00:00|53.04|53.13|52.97|53.11|201
2021.04.12 12:00:00|53.13|53.36|53.13|53.25|115
2021.04.12 13:00:00|53.26|53.44|53.22|53.43|97
2021.04.12 14:00:00|53.42|53.48|53.31|53.32|88
2021.04.12 15:00:00|53.33|53.34|53.19|53.24|143
2021.04.12 16:00:00|53.25|53.3|53.09|53.13|209
2021.04.12 17:00:00|53.14|53.2|52.99|53.01|208
2021.04.12 18:00:00|53.01|53.01|52.89|52.93|143
2021.04.13 10:00:00|52.83|52.9|52.6|52.74|354
2021.04.13 11:00:00|52.76|52.81|52.7|52.73|147
2021.04.13 12:00:00|52.74|52.76|52.61|52.7|154
2021.04.13 13:00:00|52.7|52.79|52.65|52.67|166
2021.04.13 14:00:00|52.63|52.76|52.47|52.72|233
2021.04.13 15:00:00|52.73|52.8|52.65|52.75|209
2021.04.13 16:00:00|52.74|52.96|52.68|52.93|212
2021.04.13 17:00:00|52.92|53.06|52.83|52.86|275
2021.04.13 18:00:00|52.87|52.88|52.79|52.86|139
2021.04.14 10:00:00|52.89|52.95|52.48|52.57|338
2021.04.14 11:00:00|52.56|52.66|52.54|52.6|172
2021.04.14 12:00:00|52.59|52.64|52.51|52.59|152
2021.04.14 13:00:00|52.58|52.67|52.54|52.65|139
2021.04.14 14:00:00|52.64|52.95|52.63|52.88|185
2021.04.14 15:00:00|52.87|52.88|52.63|52.65|168
2021.04.14 16:00:00|52.64|52.73|52.59|52.68|209
2021.04.14 17:00:00|52.67|52.81|52.64|52.69|244
2021.04.14 18:00:00|52.68|52.8|52.65|52.78|158
2021.04.15 10:00:00|52.81|52.81|52.56|52.57|279
2021.04.15 11:00:00|52.58|52.6|52.52|52.55|124
2021.04.15 12:00:00|52.56|52.62|52.51|52.52|99
2021.04.15 13:00:00|52.51|52.65|52.51|52.55|112
2021.04.15 14:00:00|52.55|52.65|52.46|52.52|266
2021.04.15 15:00:00|52.54|52.74|52.5|52.73|264
2021.04.15 16:00:00|52.74|52.96|52.61|52.92|346
2021.04.15 17:00:00|52.91|53.03|52.85|52.96|345
2021.04.15 18:00:00|52.95|52.97|52.8|52.83|165
2021.04.16 10:00:00|52.83|53.22|52.81|53.17|356
2021.04.16 11:00:00|53.18|53.26|53.13|53.18|188
2021.04.16 12:00:00|53.17|53.26|53.13|53.22|315
2021.04.16 13:00:00|53.21|53.39|53.19|53.28|210
2021.04.16 14:00:00|53.27|53.45|53.22|53.44|147
2021.04.16 15:00:00|53.42|53.8|53.42|53.75|205
2021.04.16 16:00:00|53.76|53.8|53.67|53.78|213
2021.04.16 17:00:00|53.77|53.82|53.65|53.8|214
2021.04.16 18:00:00|53.81|54.02|53.7|54.01|177
2021.04.19 10:00:00|54|54.9|53.84|54.79|558
2021.04.19 11:00:00|54.8|54.94|54.44|54.68|290
2021.04.19 12:00:00|54.67|54.68|54.44|54.49|222
2021.04.19 13:00:00|54.49|54.61|54.49|54.52|181
2021.04.19 14:00:00|54.53|54.61|54.32|54.53|248
2021.04.19 15:00:00|54.53|54.98|54.51|54.98|209
2021.04.19 16:00:00|54.97|55.39|54.89|55.22|458
2021.04.19 17:00:00|55.2|55.29|54.9|54.92|363
2021.04.19 18:00:00|54.93|55|54.83|54.94|252
2021.04.20 10:00:00|54.87|55.19|54.52|55.06|398
2021.04.20 11:00:00|55.06|55.06|54.78|54.83|318
2021.04.20 12:00:00|54.84|54.86|54.52|54.52|305
2021.04.20 13:00:00|54.54|54.82|54.5|54.66|259
2021.04.20 14:00:00|54.65|54.7|54.52|54.63|286
2021.04.20 15:00:00|54.64|54.7|54.4|54.43|190
2021.04.20 16:00:00|54.44|54.6|54.24|54.39|267
2021.04.20 17:00:00|54.38|54.5|54.1|54.18|332
2021.04.20 18:00:00|54.16|54.2|54|54.02|245
2021.04.21 10:00:00|54.19|54.92|54.13|54.8|434
2021.04.21 11:00:00|54.81|54.94|54.79|54.94|237
2021.04.21 12:00:00|54.96|55.06|54.71|54.71|229
2021.04.21 13:00:00|54.72|54.99|54.64|54.97|249
2021.04.21 14:00:00|54.97|55.45|54.87|55.37|396
2021.04.21 15:00:00|55.37|55.59|55.3|55.43|457
2021.04.21 16:00:00|55.45|55.74|55.25|55.71|583
2021.04.21 17:00:00|55.69|55.88|55.66|55.82|422
2021.04.21 18:00:00|55.81|55.91|55.76|55.88|235
2021.04.22 10:00:00|55.7|55.9|55.44|55.63|253
2021.04.22 11:00:00|55.65|56|55.64|55.85|187
2021.04.22 12:00:00|55.83|55.88|55.73|55.86|131
2021.04.22 13:00:00|55.88|55.9|55.81|55.86|129
2021.04.22 14:00:00|55.83|55.94|55.81|55.94|116
2021.04.22 15:00:00|55.95|55.99|55.53|55.53|156
2021.04.22 16:00:00|55.51|55.65|55.23|55.34|296
2021.04.22 17:00:00|55.33|55.64|55.26|55.51|318
2021.04.22 18:00:00|55.5|55.61|55.46|55.6|153
2021.04.23 10:00:00|55.47|55.51|54.86|54.91|328
2021.04.23 11:00:00|54.9|55.03|54.65|54.77|225
2021.04.23 12:00:00|54.76|54.78|54.52|54.66|215
2021.04.23 13:00:00|54.64|54.79|54.55|54.75|259
2021.04.23 14:00:00|54.77|54.89|54.44|54.56|149
2021.04.23 15:00:00|54.57|54.62|54.18|54.2|206
2021.04.23 16:00:00|54.21|54.28|53.79|53.88|357
2021.04.23 17:00:00|53.89|54.37|53.89|54.32|285
2021.04.23 18:00:00|54.33|54.43|54.2|54.39|184
2021.04.26 10:00:00|54.74|55.18|54.5|54.91|258
2021.04.26 11:00:00|54.92|54.99|54.64|54.68|191
2021.04.26 12:00:00|54.69|54.82|54.63|54.66|162
2021.04.26 13:00:00|54.65|54.65|54.45|54.54|234
2021.04.26 14:00:00|54.55|55.58|54.46|54.58|171
2021.04.26 15:00:00|54.59|54.67|54.56|54.63|147
2021.04.26 16:00:00|54.63|54.77|54.62|54.76|216
2021.04.26 17:00:00|54.75|54.89|54.75|54.81|212
2021.04.26 18:00:00|54.81|54.89|54.78|54.79|153
2021.04.27 10:00:00|54.75|54.75|54.4|54.55|338
2021.04.27 11:00:00|54.54|54.58|54.45|54.52|177
2021.04.27 12:00:00|54.5|54.54|54.1|54.17|207
2021.04.27 13:00:00|54.18|54.26|54.07|54.25|149
2021.04.27 14:00:00|54.26|54.3|54.07|54.12|162
2021.04.27 15:00:00|54.14|54.2|54.07|54.08|123
2021.04.27 16:00:00|54.1|54.35|54.08|54.24|290
2021.04.27 17:00:00|54.24|54.35|54.17|54.18|250
2021.04.27 18:00:00|54.19|54.25|54.13|54.13|121
2021.04.28 10:00:00|52.69|53.31|52.46|52.51|434
2021.04.28 11:00:00|52.49|52.53|52.25|52.39|288
2021.04.28 12:00:00|52.37|52.47|52.3|52.37|215
2021.04.28 13:00:00|52.35|52.77|52.27|52.76|217
2021.04.28 14:00:00|52.77|52.97|52.72|52.9|268
2021.04.28 15:00:00|52.88|53.02|52.82|52.82|189
2021.04.28 16:00:00|52.81|53.01|52.58|53.01|245
2021.04.28 17:00:00|53.02|53.35|53|53.18|305
2021.04.28 18:00:00|53.17|53.32|53.15|53.28|178
2021.04.29 10:00:00|53.45|53.53|53.32|53.47|293
2021.04.29 11:00:00|53.46|53.59|53.41|53.43|143
2021.04.29 12:00:00|53.42|53.46|53.3|53.43|101
2021.04.29 13:00:00|53.43|53.43|53.27|53.27|106
2021.04.29 14:00:00|53.28|53.32|53.03|53.18|115
2021.04.29 15:00:00|53.17|53.23|53.07|53.14|111
2021.04.29 16:00:00|53.11|53.29|53.07|53.09|171
2021.04.29 17:00:00|53.08|53.22|52.79|52.85|302
2021.04.29 18:00:00|52.84|53.08|52.82|53.02|129
2021.04.30 10:00:00|53.39|53.78|53.27|53.59|262
2021.04.30 11:00:00|53.6|54.24|53.55|54.09|272
2021.04.30 12:00:00|54.1|54.2|53.98|53.99|269
2021.04.30 13:00:00|53.98|53.98|53.6|53.68|176
2021.04.30 14:00:00|53.69|53.86|53.52|53.86|161
2021.04.30 15:00:00|53.85|54.07|53.82|54.05|194
2021.04.30 16:00:00|54.06|54.27|53.9|54.18|310
2021.04.30 17:00:00|54.19|54.21|53.97|54.1|406
2021.04.30 18:00:00|54.1|54.1|53.79|53.83|236
2021.05.03 10:00:00|53.9|53.9|53.39|53.69|272
2021.05.03 11:00:00|53.67|53.67|53.29|53.3|115
2021.05.03 12:00:00|53.32|53.32|52.91|53.02|107
2021.05.03 13:00:00|53.08|53.33|53.04|53.3|82
2021.05.03 14:00:00|53.31|53.42|53.19|53.39|91
2021.05.03 15:00:00|53.38|53.39|53.09|53.12|90
2021.05.03 16:00:00|53.15|53.3|53.12|53.24|147
2021.05.03 17:00:00|53.23|53.3|53.02|53.12|215
2021.05.03 18:00:00|53.11|53.36|53.11|53.35|107
2021.05.04 10:00:00|53.45|53.71|53.28|53.32|219
2021.05.04 11:00:00|53.28|53.53|53.23|53.3|95
2021.05.04 12:00:00|53.31|53.35|53.1|53.34|109
2021.05.04 13:00:00|53.35|53.53|53.35|53.52|136
2021.05.04 14:00:00|53.54|53.57|53.01|53.09|225
2021.05.04 15:00:00|53.08|53.09|52.72|52.73|218
2021.05.04 16:00:00|52.74|53.09|52.56|52.63|336
2021.05.04 17:00:00|52.62|52.62|52.07|52.1|372
2021.05.04 18:00:00|52.09|52.27|52.06|52.19|257
2021.05.05 10:00:00|52.59|53.43|52.59|53.3|319
2021.05.05 11:00:00|53.33|53.46|53.23|53.32|147
2021.05.05 12:00:00|53.31|53.39|53.16|53.28|136
2021.05.05 13:00:00|53.28|53.42|53.25|53.28|90
2021.05.05 14:00:00|53.27|53.32|53.18|53.26|74
2021.05.05 15:00:00|53.27|53.39|53.16|53.19|108
2021.05.05 16:00:00|53.18|53.32|53.11|53.32|153
2021.05.05 17:00:00|53.33|53.4|53.22|53.22|168
2021.05.05 18:00:00|53.23|53.4|53.22|53.32|152
2021.05.06 10:00:00|53.32|54.14|53.32|54.08|331
2021.05.06 11:00:00|54.07|54.09|53.65|53.67|190
2021.05.06 12:00:00|53.69|53.78|53.46|53.72|180
2021.05.06 13:00:00|53.71|53.87|53.64|53.65|122
2021.05.06 14:00:00|53.7|53.87|53.65|53.7|136
2021.05.06 15:00:00|53.71|53.73|53.56|53.59|146
2021.05.06 16:00:00|53.64|53.71|53.55|53.6|249
2021.05.06 17:00:00|53.58|53.58|53.38|53.46|283
2021.05.06 18:00:00|53.47|53.67|53.43|53.66|109
2021.05.07 10:00:00|53.97|53.97|53.63|53.86|234
2021.05.07 11:00:00|53.85|53.94|53.77|53.83|121
2021.05.07 12:00:00|53.82|53.82|53.57|53.64|140
2021.05.07 13:00:00|53.63|53.9|53.63|53.83|123
2021.05.07 14:00:00|53.8|53.85|53.72|53.74|92
2021.05.07 15:00:00|53.73|53.79|53.39|53.47|168
2021.05.07 16:00:00|53.47|54.01|53.45|54|171
2021.05.07 17:00:00|54.01|54.04|53.87|53.95|159
2021.05.07 18:00:00|53.95|54.03|53.82|53.87|107
2021.05.10 10:00:00|53.97|54.49|53.97|54.05|283
2021.05.10 11:00:00|54.04|54.19|54.02|54.08|137
2021.05.10 12:00:00|54.11|54.18|53.96|53.99|112
2021.05.10 13:00:00|53.98|54.02|53.86|53.87|106
2021.05.10 14:00:00|53.9|53.99|53.81|53.98|123
2021.05.10 15:00:00|53.99|54.11|53.94|54.01|134
2021.05.10 16:00:00|54|54.2|54|54.09|181
2021.05.10 17:00:00|54.08|54.15|53.92|54.14|158
2021.05.10 18:00:00|54.14|54.21|54.08|54.19|105
2021.05.11 10:00:00|54.11|54.17|53|53.17|302
2021.05.11 11:00:00|53.18|53.34|52.92|52.92|256
2021.05.11 12:00:00|52.94|53.21|52.94|53.08|190
2021.05.11 13:00:00|53.09|53.16|52.89|52.97|174
2021.05.11 14:00:00|52.96|53.21|52.8|53.17|247
2021.05.11 15:00:00|53.16|53.25|53.08|53.21|286
2021.05.11 16:00:00|53.18|53.53|53.06|53.53|272
2021.05.11 17:00:00|53.52|53.57|53.01|53.07|438
2021.05.11 18:00:00|53.09|53.17|53.01|53.16|176
2021.05.12 10:00:00|53.94|55.13|53.61|54.97|723
2021.05.12 11:00:00|55.12|55.25|54.89|55.02|520
2021.05.12 12:00:00|55.05|55.83|54.96|55.59|383
2021.05.12 13:00:00|55.58|56.19|55.53|55.76|393
2021.05.12 14:00:00|55.29|56.08|55.29|55.87|435
2021.05.12 15:00:00|55.85|56.09|55.41|56.01|775
2021.05.12 16:00:00|56|56.26|55.67|56.18|733
2021.05.12 17:00:00|56.2|57.21|56.14|57.09|914
2021.05.12 18:00:00|57.1|57.27|56.98|57.21|462
2021.05.13 10:00:00|56.45|56.57|56|56.05|555
2021.05.13 11:00:00|56.04|56.16|55.7|56|403
2021.05.13 12:00:00|55.99|56.28|55.96|56.05|262
2021.05.13 13:00:00|56.06|56.21|55.97|56.18|203
2021.05.13 14:00:00|56.16|56.19|55.98|56.18|216
2021.05.13 15:00:00|56.19|56.39|56.07|56.18|260
2021.05.13 16:00:00|56.19|56.5|56.15|56.44|333
2021.05.13 17:00:00|56.43|56.82|56.43|56.82|318
2021.05.13 18:00:00|56.83|56.98|56.74|56.84|208
2021.05.14 10:00:00|57.36|57.43|56.47|56.5|402
2021.05.14 11:00:00|56.48|56.73|56.41|56.49|260
2021.05.14 12:00:00|56.48|56.5|56.19|56.23|263
2021.05.14 13:00:00|56.23|56.61|56.2|56.52|185
2021.05.14 14:00:00|56.63|56.81|56.45|56.52|227
2021.05.14 15:00:00|56.52|56.81|56.5|56.78|170
2021.05.14 16:00:00|56.76|56.99|56.7|56.89|238
2021.05.14 17:00:00|56.9|57|56.75|56.92|274
2021.05.14 18:00:00|56.91|57.01|56.88|57|136
2021.05.17 10:00:00|55.95|56.25|55.16|55.87|572
2021.05.17 11:00:00|55.86|55.88|55.52|55.65|215
2021.05.17 12:00:00|55.64|55.73|55.4|55.42|231
2021.05.17 13:00:00|55.41|55.49|55.31|55.49|203
2021.05.17 14:00:00|55.46|55.94|55.42|55.92|198
2021.05.17 15:00:00|55.91|56.18|55.87|56.02|145
2021.05.17 16:00:00|56.01|56.66|55.99|56.66|211
2021.05.17 17:00:00|56.65|56.89|56.5|56.7|269
2021.05.17 18:00:00|56.69|56.74|56.58|56.65|144
2021.05.18 10:00:00|56.83|57.21|56.81|56.97|436
2021.05.18 11:00:00|56.98|57.13|56.82|56.95|242
2021.05.18 12:00:00|56.95|56.98|56.83|56.93|165
2021.05.18 13:00:00|56.92|57.05|56.81|56.84|106
2021.05.18 14:00:00|56.82|56.88|56.59|56.6|109
2021.05.18 15:00:00|56.59|56.6|56.44|56.49|127
2021.05.18 16:00:00|56.5|56.51|56.2|56.22|227
2021.05.18 17:00:00|56.21|56.38|56.12|56.22|246
2021.05.18 18:00:00|56.19|56.29|56.17|56.21|150
2021.05.19 10:00:00|55.67|56.3|55.45|55.93|485
2021.05.19 11:00:00|55.94|56.08|55.61|55.71|283
2021.05.19 12:00:00|55.7|56.27|55.7|55.93|256
2021.05.19 13:00:00|55.92|55.98|55.78|55.79|166
2021.05.19 14:00:00|55.84|55.84|55.14|55.21|332
2021.05.19 15:00:00|55.2|55.48|55.11|55.14|285
2021.05.19 16:00:00|55.13|55.34|54.77|54.9|397
2021.05.19 17:00:00|54.9|55.32|54.66|55.27|437
2021.05.19 18:00:00|55.26|55.73|55.23|55.65|248
2021.05.20 10:00:00|55.5|55.63|54.96|54.97|340
2021.05.20 11:00:00|54.98|55.17|54.87|54.9|203
2021.05.20 12:00:00|54.92|55.03|54.81|55|181
2021.05.20 13:00:00|54.99|55.31|54.99|55.22|217
2021.05.20 14:00:00|55.22|55.5|55.22|55.43|223
2021.05.20 15:00:00|55.41|55.46|55.32|55.37|126
2021.05.20 16:00:00|55.36|55.65|55.29|55.6|215
2021.05.20 17:00:00|55.62|55.72|55.51|55.58|216
2021.05.20 18:00:00|55.59|55.63|55.51|55.61|140
2021.05.21 10:00:00|55.66|55.88|55.6|55.6|288
2021.05.21 11:00:00|55.58|55.66|55.45|55.55|190
2021.05.21 12:00:00|55.57|55.86|55.56|55.63|295
2021.05.21 13:00:00|55.61|55.71|55.54|55.55|133
2021.05.21 14:00:00|55.58|55.89|55.58|55.88|119
2021.05.21 15:00:00|55.87|55.89|55.62|55.73|170
2021.05.21 16:00:00|55.74|55.93|55.71|55.81|207
2021.05.21 17:00:00|55.82|55.9|55.72|55.79|236
2021.05.21 18:00:00|55.78|55.83|55.71|55.8|99
2021.05.25 10:00:00|56.12|56.15|55.57|55.63|365
2021.05.25 11:00:00|55.64|55.71|55.57|55.66|215
2021.05.25 12:00:00|55.65|55.79|55.58|55.78|159
2021.05.25 13:00:00|55.77|55.8|55.71|55.74|135
2021.05.25 14:00:00|55.73|55.75|55.59|55.6|116
2021.05.25 15:00:00|55.59|55.62|55.46|55.51|122
2021.05.25 16:00:00|55.5|55.68|55.3|55.36|190
2021.05.25 17:00:00|55.35|55.36|55.14|55.23|306
2021.05.25 18:00:00|55.22|55.29|55.16|55.17|187
2021.05.26 10:00:00|55.1|55.28|55|55.17|204
2021.05.26 11:00:00|55.17|55.49|55.14|55.3|212
2021.05.26 12:00:00|55.28|55.46|55.01|55.01|200
2021.05.26 13:00:00|55.02|55.15|55|55.12|133
2021.05.26 14:00:00|55.11|55.26|55|55.04|166
2021.05.26 15:00:00|55.05|55.16|54.99|55.05|176
2021.05.26 16:00:00|55.04|55.1|54.81|54.84|235
2021.05.26 17:00:00|54.84|54.93|54.8|54.9|274
2021.05.26 18:00:00|54.89|54.92|54.8|54.89|145
2021.05.27 10:00:00|53.45|53.48|51.94|52.5|1307
2021.05.27 11:00:00|52.51|52.72|52.38|52.55|630
2021.05.27 12:00:00|52.56|52.72|52.44|52.7|424
2021.05.27 13:00:00|52.69|52.85|52.63|52.72|300
2021.05.27 14:00:00|52.75|52.83|52.36|52.43|369
2021.05.27 15:00:00|52.44|52.54|52.21|52.41|266
2021.05.27 16:00:00|52.42|52.63|52.42|52.44|300
2021.05.27 17:00:00|52.43|52.56|52.35|52.35|372
2021.05.27 18:00:00|52.36|52.36|52.12|52.16|252
2021.05.28 10:00:00|52.17|52.49|52.06|52.17|480
2021.05.28 11:00:00|52.16|52.45|52.1|52.4|235
2021.05.28 12:00:00|52.39|52.39|52.21|52.29|388
2021.05.28 13:00:00|52.29|52.37|52.17|52.17|214
2021.05.28 14:00:00|52.16|52.26|52.1|52.13|162
2021.05.28 15:00:00|52.11|52.29|52.03|52.27|172
2021.05.28 16:00:00|52.28|52.37|52.12|52.16|296
2021.05.28 17:00:00|52.18|52.31|52.17|52.21|260
2021.05.28 18:00:00|52.21|52.21|52.1|52.16|158
2021.05.31 10:00:00|52.03|52.03|51.1|51.21|409
2021.05.31 11:00:00|51.23|51.66|51.23|51.52|182
2021.05.31 12:00:00|51.51|51.81|51.49|51.59|119
2021.05.31 13:00:00|51.57|51.68|51.52|51.68|74
2021.05.31 14:00:00|51.67|51.69|51.49|51.56|64
2021.05.31 15:00:00|51.53|51.65|51.47|51.62|75
2021.05.31 16:00:00|51.63|51.63|51.48|51.49|73
2021.05.31 17:00:00|51.49|51.54|51.48|51.48|106
2021.05.31 18:00:00|51.47|51.49|51.39|51.43|83
2021.06.01 10:00:00|51.58|51.58|51.32|51.51|411
2021.06.01 11:00:00|51.51|52.1|51.48|52.08|383
2021.06.01 12:00:00|52.05|52.13|51.93|51.96|183
2021.06.01 13:00:00|51.95|52.08|51.88|51.9|147
2021.06.01 14:00:00|51.93|51.98|51.84|51.89|135
2021.06.01 15:00:00|51.88|51.91|51.69|51.74|123
2021.06.01 16:00:00|51.73|51.81|51.29|51.4|293
2021.06.01 17:00:00|51.41|51.41|51.16|51.32|402
2021.06.01 18:00:00|51.32|51.48|51.3|51.34|167
2021.06.02 10:00:00|51.46|52.1|51.41|51.97|311
2021.06.02 11:00:00|51.98|52.25|51.97|52.03|255
2021.06.02 12:00:00|52.04|52.09|51.95|52.04|165
2021.06.02 13:00:00|52.02|52.02|51.87|51.9|156
2021.06.02 14:00:00|51.88|51.88|51.63|51.76|169
2021.06.02 15:00:00|51.77|51.95|51.77|51.86|154
2021.06.02 16:00:00|51.86|52.01|51.85|51.87|273
2021.06.02 17:00:00|51.88|51.93|51.79|51.92|282
2021.06.02 18:00:00|51.91|52.03|51.88|51.91|129
2021.06.03 10:00:00|51.81|51.96|51.73|51.79|169
2021.06.03 11:00:00|51.8|51.94|51.75|51.87|173
2021.06.03 12:00:00|51.88|51.88|51.74|51.79|142
2021.06.03 13:00:00|51.78|51.79|51.37|51.4|161
2021.06.03 14:00:00|51.37|51.65|51.35|51.5|156
2021.06.03 15:00:00|51.51|51.67|51.43|51.62|145
2021.06.03 16:00:00|51.64|51.94|51.64|51.92|220
2021.06.03 17:00:00|51.93|52.45|51.92|52.45|360
2021.06.03 18:00:00|52.46|52.53|52.23|52.34|208
2021.06.04 10:00:00|52.41|52.48|52.16|52.22|180
2021.06.04 11:00:00|52.24|52.3|52.11|52.22|144
2021.06.04 12:00:00|52.23|52.42|52.22|52.37|141
2021.06.04 13:00:00|52.36|52.42|52.15|52.29|138
2021.06.04 14:00:00|52.28|52.33|52.24|52.33|119
2021.06.04 15:00:00|52.32|52.51|52.3|52.5|175
2021.06.04 16:00:00|52.5|52.53|52.25|52.37|148
2021.06.04 17:00:00|52.39|52.54|52.39|52.52|157
2021.06.04 18:00:00|52.52|52.55|52.5|52.5|105
2021.06.07 10:00:00|52.45|52.82|52.41|52.61|176
2021.06.07 11:00:00|52.62|52.83|52.55|52.83|152
2021.06.07 12:00:00|52.84|52.85|52.57|52.57|112
2021.06.07 13:00:00|52.56|52.81|52.56|52.76|80
2021.06.07 14:00:00|52.77|52.85|52.68|52.77|68
2021.06.07 15:00:00|52.8|52.89|52.75|52.81|87
2021.06.07 16:00:00|52.8|52.94|52.75|52.88|139
2021.06.07 17:00:00|52.87|52.92|52.8|52.87|217
2021.06.07 18:00:00|52.88|52.97|52.8|52.8|143
2021.06.08 10:00:00|52.87|53.22|52.85|52.94|252
2021.06.08 11:00:00|52.92|53.1|52.9|53.07|132
2021.06.08 12:00:00|53.08|53.28|53.02|53.14|149
2021.06.08 13:00:00|53.13|53.13|52.92|53.01|206
2021.06.08 14:00:00|52.99|53.07|52.95|53.05|119
2021.06.08 15:00:00|53.06|53.07|52.94|53.02|99
2021.06.08 16:00:00|53.03|53.1|52.88|52.94|214
2021.06.08 17:00:00|52.96|53.03|52.82|52.83|240
2021.06.08 18:00:00|52.85|52.91|52.69|52.75|130
2021.06.09 10:00:00|52.58|52.6|52|52.4|343
2021.06.09 11:00:00|52.41|52.68|52.4|52.64|183
2021.06.09 12:00:00|52.64|52.65|52.27|52.29|214
2021.06.09 13:00:00|52.28|52.33|52.09|52.1|176
2021.06.09 14:00:00|52.15|52.54|52.15|52.52|141
2021.06.09 15:00:00|52.54|52.61|52.46|52.48|109
2021.06.09 16:00:00|52.49|52.74|52.49|52.73|162
2021.06.09 17:00:00|52.72|53.02|52.7|52.97|236
2021.06.09 18:00:00|52.96|52.99|52.88|52.89|135
2021.06.10 10:00:00|53.05|53.1|52.65|52.87|426
2021.06.10 11:00:00|52.86|52.9|52.67|52.86|206
2021.06.10 12:00:00|52.86|53.05|52.85|53|215
2021.06.10 13:00:00|53.01|53.22|53.01|53.13|158
2021.06.10 14:00:00|53.14|53.18|52.9|53.07|199
2021.06.10 15:00:00|53.07|53.21|53|53.18|208
2021.06.10 16:00:00|53.17|53.27|53.12|53.15|173
2021.06.10 17:00:00|53.17|53.17|52.89|52.97|189
2021.06.10 18:00:00|52.95|53.06|52.93|53.01|114
2021.06.11 10:00:00|52.98|53.26|52.82|53.09|123
2021.06.11 11:00:00|53.09|53.23|53.08|53.21|100
2021.06.11 12:00:00|53.22|53.33|53.19|53.3|90
2021.06.11 13:00:00|53.33|53.59|53.26|53.56|109
2021.06.11 14:00:00|53.57|53.62|53.45|53.56|92
2021.06.11 15:00:00|53.57|53.63|53.32|53.38|80
2021.06.11 16:00:00|53.39|53.49|53.28|53.34|131
2021.06.11 17:00:00|53.35|53.38|53.25|53.32|98
2021.06.11 18:00:00|53.31|53.47|53.3|53.42|92
2021.06.14 10:00:00|53.34|53.67|53.28|53.37|240
2021.06.14 11:00:00|53.36|53.39|53.23|53.32|144
2021.06.14 12:00:00|53.35|53.4|53.08|53.26|144
2021.06.14 13:00:00|53.28|53.34|53.2|53.2|77
2021.06.14 14:00:00|53.22|53.3|53.21|53.28|87
2021.06.14 15:00:00|53.29|53.46|53.26|53.27|162
2021.06.14 16:00:00|53.27|53.35|53.14|53.34|169
2021.06.14 17:00:00|53.33|53.35|53.19|53.3|120
2021.06.14 18:00:00|53.31|53.35|53.17|53.18|90
2021.06.15 10:00:00|53.27|53.72|53.26|53.47|216
2021.06.15 11:00:00|53.44|53.44|53.04|53.22|153
2021.06.15 12:00:00|53.19|53.22|53.05|53.09|104
2021.06.15 13:00:00|53.1|53.15|53.03|53.15|91
2021.06.15 14:00:00|53.13|53.29|53.12|53.25|75
2021.06.15 15:00:00|53.26|53.43|53.25|53.33|135
2021.06.15 16:00:00|53.35|53.55|53.34|53.48|157
2021.06.15 17:00:00|53.49|53.58|53.42|53.44|152
2021.06.15 18:00:00|53.43|53.49|53.38|53.47|75
2021.06.16 10:00:00|53.4|53.59|53.28|53.3|200
2021.06.16 11:00:00|53.29|53.6|53.27|53.58|181
2021.06.16 12:00:00|53.6|53.78|53.57|53.59|147
2021.06.16 13:00:00|53.6|53.88|53.58|53.59|172
2021.06.16 14:00:00|53.63|53.63|53.48|53.51|101
2021.06.16 15:00:00|53.51|53.51|53.35|53.36|114
2021.06.16 16:00:00|53.37|53.4|53.24|53.36|209
2021.06.16 17:00:00|53.35|53.35|53.12|53.24|224
2021.06.16 18:00:00|53.25|53.26|53.09|53.17|142
2021.06.17 10:00:00|52.68|53.69|52.67|53.41|405
2021.06.17 11:00:00|53.42|53.57|52.99|53.01|254
2021.06.17 12:00:00|53.03|53.23|52.98|53.22|207
2021.06.17 13:00:00|53.23|53.42|53.2|53.3|163
2021.06.17 14:00:00|53.75|53.75|53.19|53.2|144
2021.06.17 15:00:00|53.21|53.43|53.2|53.42|149
2021.06.17 16:00:00|53.43|53.49|53.08|53.45|390
2021.06.17 17:00:00|53.44|53.56|53.38|53.51|339
2021.06.17 18:00:00|53.51|53.51|53.28|53.32|143
2021.06.18 10:00:00|53.16|53.38|52.84|52.97|324
2021.06.18 11:00:00|52.92|52.97|52.74|52.78|169
2021.06.18 12:00:00|52.79|52.98|52.7|52.89|408
2021.06.18 13:00:00|52.88|53.15|52.72|52.98|276
2021.06.18 14:00:00|52.97|52.97|52.76|52.87|216
2021.06.18 15:00:00|52.86|52.95|52.71|52.91|317
2021.06.18 16:00:00|52.92|52.99|52.66|52.76|358
2021.06.18 17:00:00|52.75|52.79|52.48|52.58|307
2021.06.18 18:00:00|52.58|52.84|52.55|52.58|175
2021.06.21 10:00:00|52.35|52.53|51.3|51.45|623
2021.06.21 11:00:00|51.45|51.75|51.28|51.65|384
2021.06.21 12:00:00|51.63|51.97|51.53|51.95|232
2021.06.21 13:00:00|51.97|51.97|51.78|51.84|155
2021.06.21 14:00:00|51.89|51.94|51.6|51.8|138
2021.06.21 15:00:00|51.79|51.97|51.79|51.97|122
2021.06.21 16:00:00|51.95|52.02|51.79|51.82|201
2021.06.21 17:00:00|51.84|52.15|51.84|52.08|266
2021.06.21 18:00:00|52.07|52.08|51.89|52.03|107
2021.06.22 10:00:00|51.9|52.15|51.63|51.67|308
2021.06.22 11:00:00|51.68|51.8|51.06|51.19|389
2021.06.22 12:00:00|51.2|51.34|51.13|51.28|233
2021.06.22 13:00:00|51.26|51.48|51.26|51.33|178
2021.06.22 14:00:00|51.31|51.43|51.16|51.25|176
2021.06.22 15:00:00|51.25|51.28|51.11|51.13|126
2021.06.22 16:00:00|51.12|51.3|51.06|51.09|261
2021.06.22 17:00:00|51.09|51.17|51.03|51.08|215
2021.06.22 18:00:00|51.09|51.2|51.09|51.2|122
2021.06.23 10:00:00|51.04|51.04|49.6|50.38|728
2021.06.23 11:00:00|50.39|50.56|50.19|50.22|295
2021.06.23 12:00:00|50.22|50.41|50.15|50.36|226
2021.06.23 13:00:00|50.35|50.66|50.32|50.49|188
2021.06.23 14:00:00|50.5|50.78|50.41|50.73|191
2021.06.23 15:00:00|50.72|50.97|50.71|50.85|212
2021.06.23 16:00:00|50.82|50.98|50.65|50.7|223
2021.06.23 17:00:00|50.69|50.75|50.47|50.6|248
2021.06.23 18:00:00|50.58|50.58|50.42|50.53|149
2021.06.24 10:00:00|50.68|50.94|50.59|50.94|265
2021.06.24 11:00:00|50.93|51.14|50.8|50.89|260
2021.06.24 12:00:00|50.9|51.1|50.83|51.01|242
2021.06.24 13:00:00|50.99|51.13|50.94|51.03|162
2021.06.24 14:00:00|51.18|51.18|51.01|51.12|123
2021.06.24 15:00:00|51.13|51.24|51.09|51.14|132
2021.06.24 16:00:00|51.13|51.48|51.08|51.41|192
2021.06.24 17:00:00|51.38|51.51|51.31|51.32|208
2021.06.24 18:00:00|51.33|51.34|51.11|51.18|135
2021.06.25 10:00:00|51.13|51.5|51.08|51.39|233
2021.06.25 11:00:00|51.4|51.52|51.35|51.44|141
2021.06.25 12:00:00|51.42|51.62|51.33|51.61|152
2021.06.25 13:00:00|51.62|51.65|51.5|51.55|104
2021.06.25 14:00:00|51.56|51.61|51.49|51.51|87
2021.06.25 15:00:00|51.52|51.71|51.52|51.61|110
2021.06.25 16:00:00|51.6|51.68|51.48|51.56|149
2021.06.25 17:00:00|51.56|51.72|51.54|51.57|188
2021.06.25 18:00:00|51.57|51.72|51.55|51.69|111
2021.06.28 10:00:00|51.55|51.81|51.52|51.59|203
2021.06.28 11:00:00|51.58|51.65|51.42|51.55|152
2021.06.28 12:00:00|51.54|51.54|51.36|51.41|144
2021.06.28 13:00:00|51.4|51.41|51.21|51.35|130
2021.06.28 14:00:00|51.34|51.61|51.33|51.53|121
2021.06.28 15:00:00|51.54|51.65|51.54|51.61|78
2021.06.28 16:00:00|51.62|51.68|51.56|51.63|132
2021.06.28 17:00:00|51.64|51.68|51.45|51.51|167
2021.06.28 18:00:00|51.5|51.53|51.37|51.37|116
2021.06.29 10:00:00|51.4|51.51|51.25|51.45|209
2021.06.29 11:00:00|51.46|51.65|51.38|51.38|112
2021.06.29 12:00:00|51.39|51.54|51.38|51.46|145
2021.06.29 13:00:00|51.47|51.63|51.38|51.59|74
2021.06.29 14:00:00|51.56|51.64|51.52|51.59|71
2021.06.29 15:00:00|51.55|51.74|51.55|51.62|153
2021.06.29 16:00:00|51.6|51.91|51.52|51.73|173
2021.06.29 17:00:00|51.73|51.78|51.49|51.51|146
2021.06.29 18:00:00|51.52|51.53|51.47|51.5|62
2021.06.30 10:00:00|51.27|51.67|51.27|51.34|223
2021.06.30 11:00:00|51.35|51.35|50.84|50.9|230
2021.06.30 12:00:00|50.86|50.98|50.75|50.94|301
2021.06.30 13:00:00|50.95|51.33|50.95|51.21|167
2021.06.30 14:00:00|51.23|51.5|51.14|51.47|151
2021.06.30 15:00:00|51.46|51.52|51.31|51.34|164
2021.06.30 16:00:00|51.35|51.42|51.21|51.35|190
2021.06.30 17:00:00|51.36|51.42|51.2|51.24|192
2021.06.30 18:00:00|51.23|51.23|50.99|51.14|190
2021.07.01 10:00:00|51.68|52.51|51.42|52.2|381
2021.07.01 11:00:00|52.22|52.51|52.19|52.29|165
2021.07.01 12:00:00|52.3|52.33|52.03|52.11|197
2021.07.01 13:00:00|52.1|52.1|51.75|51.88|253
2021.07.01 14:00:00|51.82|51.87|51.69|51.85|380
2021.07.01 15:00:00|51.86|51.92|51.55|51.62|255
2021.07.01 16:00:00|51.63|51.78|51.62|51.72|207
2021.07.01 17:00:00|51.73|51.98|51.73|51.89|206
2021.07.01 18:00:00|51.88|51.91|51.72|51.87|174
2021.07.02 10:00:00|52.02|52.02|51.64|51.8|249
2021.07.02 11:00:00|51.81|51.87|51.57|51.6|146
2021.07.02 12:00:00|51.59|51.64|51.51|51.53|141
2021.07.02 13:00:00|51.54|51.69|51.49|51.54|105
2021.07.02 14:00:00|51.53|51.62|51.47|51.58|94
2021.07.02 15:00:00|51.6|51.77|51.54|51.65|131
2021.07.02 16:00:00|51.64|51.64|51.35|51.35|187
2021.07.02 17:00:00|51.34|51.48|51.27|51.4|160
2021.07.02 18:00:00|51.39|51.44|51.24|51.32|119
2021.07.05 10:00:00|51.37|51.43|50.86|50.93|210
2021.07.05 11:00:00|50.92|51.19|50.86|51.02|125
2021.07.05 12:00:00|51.01|51.14|50.95|51.14|83
2021.07.05 13:00:00|51.15|51.2|51.07|51.15|91
2021.07.05 14:00:00|51.13|51.25|51.07|51.21|152
2021.07.05 15:00:00|51.22|51.28|51.21|51.23|84
2021.07.05 16:00:00|51.24|51.33|51.19|51.26|109
2021.07.05 17:00:00|51.26|51.45|51.24|51.43|157
2021.07.05 18:00:00|51.44|51.46|51.34|51.39|101
2021.07.06 10:00:00|51.26|51.4|51.05|51.16|173
2021.07.06 11:00:00|51.14|51.27|51.06|51.17|125
2021.07.06 12:00:00|51.16|51.18|51.03|51.07|126
2021.07.06 13:00:00|51.07|51.09|50.89|50.92|123
2021.07.06 14:00:00|51.01|51.01|50.79|50.8|164
2021.07.06 15:00:00|50.81|51.05|50.8|51.05|130
2021.07.06 16:00:00|51.04|51.16|50.91|50.95|200
2021.07.06 17:00:00|50.96|50.98|50.54|50.55|261
2021.07.06 18:00:00|50.54|50.61|50.42|50.55|215
2021.07.07 10:00:00|50.69|50.74|50.42|50.5|308
2021.07.07 11:00:00|50.48|50.68|50.48|50.61|184
2021.07.07 12:00:00|50.62|50.77|50.59|50.59|193
2021.07.07 13:00:00|50.6|50.67|50.54|50.61|165
2021.07.07 14:00:00|50.6|50.61|50.48|50.6|126
2021.07.07 15:00:00|50.61|50.66|50.52|50.55|153
2021.07.07 16:00:00|50.56|50.72|50.53|50.67|206
2021.07.07 17:00:00|50.66|50.83|50.66|50.78|267
2021.07.07 18:00:00|50.77|50.9|50.75|50.87|172
2021.07.08 10:00:00|50.51|50.72|49.86|50.11|431
2021.07.08 11:00:00|50.12|50.31|49.94|50.05|349
2021.07.08 12:00:00|50.03|50.2|49.95|50.14|215
2021.07.08 13:00:00|50.13|50.16|49.89|49.97|248
2021.07.08 14:00:00|49.98|50.04|49.8|49.84|239
2021.07.08 15:00:00|49.83|49.93|49.7|49.81|360
2021.07.08 16:00:00|49.84|50.1|49.75|50.07|364
2021.07.08 17:00:00|50.08|50.26|49.84|50.26|469
2021.07.08 18:00:00|50.25|50.54|50.21|50.52|226
2021.07.09 10:00:00|50.68|51.23|50.6|50.95|343
2021.07.09 11:00:00|50.97|51.07|50.81|51.07|181
2021.07.09 12:00:00|51.09|51.17|50.89|50.93|188
2021.07.09 13:00:00|50.92|51.08|50.9|50.97|120
2021.07.09 14:00:00|50.99|51.02|50.79|50.87|121
2021.07.09 15:00:00|50.88|50.99|50.69|50.73|128
2021.07.09 16:00:00|50.74|50.84|50.69|50.79|263
2021.07.09 17:00:00|50.8|50.91|50.59|50.74|373
2021.07.09 18:00:00|50.76|50.77|50.69|50.72|179
2021.07.12 10:00:00|50.5|50.69|50.19|50.19|402
2021.07.12 11:00:00|50.18|50.44|50.18|50.38|212
2021.07.12 12:00:00|50.37|50.38|50.06|50.17|221
2021.07.12 13:00:00|50.15|50.26|50.08|50.16|168
2021.07.12 14:00:00|50.18|50.36|50.14|50.3|134
2021.07.12 15:00:00|50.3|50.32|50.19|50.31|95
2021.07.12 16:00:00|50.3|50.33|50.09|50.28|274
2021.07.12 17:00:00|50.29|50.46|50.25|50.39|302
2021.07.12 18:00:00|50.4|50.66|50.39|50.66|137
2021.07.13 10:00:00|50.36|50.44|50.09|50.3|253
2021.07.13 11:00:00|50.29|50.39|50.22|50.32|112
2021.07.13 12:00:00|50.32|50.4|50.3|50.36|104
2021.07.13 13:00:00|50.37|50.45|50.3|50.35|76
2021.07.13 14:00:00|50.34|50.45|50.34|50.41|105
2021.07.13 15:00:00|50.4|50.58|50.39|50.41|180
2021.07.13 16:00:00|50.4|50.6|50.4|50.52|213
2021.07.13 17:00:00|50.51|50.56|50.41|50.44|189
2021.07.13 18:00:00|50.43|50.56|50.43|50.53|86
2021.07.14 10:00:00|50.44|51.31|50.44|50.95|337
2021.07.14 11:00:00|50.96|51.25|50.9|51.16|291
2021.07.14 12:00:00|51.15|51.17|51|51.03|193
2021.07.14 13:00:00|51.02|51.04|50.86|50.86|107
2021.07.14 14:00:00|50.9|50.99|50.86|50.95|135
2021.07.14 15:00:00|50.95|50.98|50.79|50.82|178
2021.07.14 16:00:00|50.81|50.91|50.68|50.81|202
2021.07.14 17:00:00|50.82|50.96|50.74|50.89|190
2021.07.14 18:00:00|50.9|50.94|50.83|50.88|119
2021.07.15 10:00:00|50.59|50.69|50|50.18|280
2021.07.15 11:00:00|50.17|50.43|50.1|50.29|136
2021.07.15 12:00:00|50.28|50.33|50.15|50.19|134
2021.07.15 13:00:00|50.21|50.25|49.99|50.09|119
2021.07.15 14:00:00|49.79|50.13|49.79|50.06|132
2021.07.15 15:00:00|50.05|50.17|50.03|50.12|150
2021.07.15 16:00:00|50.13|50.32|50.1|50.31|263
2021.07.15 17:00:00|50.32|50.39|50.25|50.32|319
2021.07.15 18:00:00|50.32|50.4|50.3|50.38|137
2021.07.16 10:00:00|50.51|51.17|50.37|51.14|309
2021.07.16 11:00:00|51.16|51.18|51.04|51.15|153
2021.07.16 12:00:00|51.14|51.28|51.06|51.1|197
2021.07.16 13:00:00|51.14|51.15|50.75|50.76|133
2021.07.16 14:00:00|50.72|50.8|50.65|50.67|101
2021.07.16 15:00:00|50.68|50.93|50.66|50.91|143
2021.07.16 16:00:00|50.92|51.03|50.49|50.63|216
2021.07.16 17:00:00|50.64|50.74|50.34|50.58|265
2021.07.16 18:00:00|50.56|50.68|50.51|50.62|124
2021.07.19 10:00:00|50.32|50.39|50.07|50.33|300
2021.07.19 11:00:00|50.34|50.54|50.04|50.06|241
2021.07.19 12:00:00|50.05|50.05|49.88|49.98|202
2021.07.19 13:00:00|50|50|49.87|49.96|145
2021.07.19 14:00:00|49.95|49.98|49.72|49.85|268
2021.07.19 15:00:00|49.87|49.9|49.48|49.5|309
2021.07.19 16:00:00|49.49|49.54|49.29|49.33|440
2021.07.19 17:00:00|49.3|49.31|48.9|49.16|691
2021.07.19 18:00:00|49.15|49.32|49.08|49.24|277
2021.07.20 10:00:00|49.63|50.44|49.63|50.24|350
2021.07.20 11:00:00|50.25|50.3|49.86|49.88|163
2021.07.20 12:00:00|49.88|49.99|49.7|49.87|212
2021.07.20 13:00:00|49.85|50.05|49.73|49.8|168
2021.07.20 14:00:00|49.77|50.12|49.66|50.07|190
2021.07.20 15:00:00|50.07|50.09|49.72|49.76|184
2021.07.20 16:00:00|49.75|50.04|49.59|50|300
2021.07.20 17:00:00|49.99|50.3|49.96|50.3|221
2021.07.20 18:00:00|50.31|50.37|50.12|50.13|133
2021.07.21 10:00:00|50.49|50.86|50.38|50.8|393
2021.07.21 11:00:00|50.79|51.34|50.76|51.11|343
2021.07.21 12:00:00|51.1|51.22|50.99|51.13|208
2021.07.21 13:00:00|51.14|51.18|51.03|51.18|149
2021.07.21 14:00:00|51.15|51.15|50.74|50.78|177
2021.07.21 15:00:00|50.77|51.05|50.72|50.92|248
2021.07.21 16:00:00|50.9|51|50.8|50.83|358
2021.07.21 17:00:00|50.84|51|50.68|50.97|248
2021.07.21 18:00:00|50.99|51.06|50.98|51.03|160
2021.07.22 10:00:00|50.95|51.26|50.81|51.05|310
2021.07.22 11:00:00|51.06|51.52|51.02|51.49|281
2021.07.22 12:00:00|51.5|51.5|51.21|51.25|157
2021.07.22 13:00:00|51.25|51.37|51.24|51.28|111
2021.07.22 14:00:00|51.27|51.32|51.18|51.25|141
2021.07.22 15:00:00|51.24|51.27|51|51.08|129
2021.07.22 16:00:00|51.08|51.1|50.73|50.94|244
2021.07.22 17:00:00|50.95|51.11|50.94|51.04|181
2021.07.22 18:00:00|51.03|51.08|50.98|51.03|96
2021.07.23 10:00:00|51.12|51.29|50.96|50.98|192
2021.07.23 11:00:00|50.99|51.04|50.82|50.91|135
2021.07.23 12:00:00|50.92|51.08|50.85|51.02|116
2021.07.23 13:00:00|51.03|51.05|50.97|50.98|68
2021.07.23 14:00:00|50.96|51.03|50.88|50.95|99
2021.07.23 15:00:00|50.94|51.03|50.84|50.99|119
2021.07.23 16:00:00|51|51.17|50.95|50.97|216
2021.07.23 17:00:00|50.98|51.17|50.97|51|153
