2021.02.16 18:00:00|47.34|47.54|47.32|47.44|321
2021.02.17 10:00:00|47.88|48.33|47.71|48.08|663
2021.02.17 11:00:00|48.11|48.23|47.8|47.82|481
2021.02.17 12:00:00|47.83|47.87|47.45|47.65|460
2021.02.17 13:00:00|47.65|47.96|47.5|47.94|260
2021.02.17 14:00:00|47.95|48|47.65|47.7|257
2021.02.17 15:00:00|47.7|48.21|47.65|47.76|445
2021.02.17 16:00:00|47.77|48.02|47.32|47.68|818
2021.02.17 17:00:00|47.67|47.89|47.41|47.69|692
2021.02.17 18:00:00|47.68|47.69|47.41|47.58|425
2021.02.18 10:00:00|47.64|47.9|47.5|47.8|463
2021.02.18 11:00:00|47.8|47.81|47.29|47.35|302
2021.02.18 12:00:00|47.37|47.44|46.91|46.93|380
2021.02.18 13:00:00|46.93|47.21|46.76|47.17|346
2021.02.18 14:00:00|47.16|47.5|47.15|47.27|306
2021.02.18 15:00:00|47.28|47.47|47.18|47.35|401
2021.02.18 16:00:00|47.34|47.7|47.3|47.49|602
2021.02.18 17:00:00|47.48|47.5|46.88|46.92|610
2021.02.18 18:00:00|46.93|47.22|46.92|47.03|420
2021.02.19 10:00:00|47.12|47.3|46.9|47.18|496
2021.02.19 11:00:00|47.19|47.67|47.08|47.56|391
2021.02.19 12:00:00|47.56|47.92|47.48|47.86|525
2021.02.19 13:00:00|47.87|48.08|47.48|47.5|343
2021.02.19 14:00:00|47.5|47.71|47.49|47.69|275
2021.02.19 15:00:00|47.7|47.83|47.67|47.76|368
2021.02.19 16:00:00|47.76|48.23|47.65|48.17|698
2021.02.19 17:00:00|48.17|48.36|48.01|48.31|602
2021.02.19 18:00:00|48.32|48.34|48.24|48.26|299
2021.02.22 10:00:00|48.14|48.41|47.54|47.88|934
2021.02.22 11:00:00|47.86|48.09|47.74|48.04|520
2021.02.22 12:00:00|48.09|48.17|47.95|48.06|403
2021.02.22 13:00:00|48.06|48.37|48.04|48.33|338
2021.02.22 14:00:00|48.34|48.51|48.24|48.47|377
2021.02.22 15:00:00|48.48|48.73|48.45|48.7|470
2021.02.22 16:00:00|48.7|48.78|48.41|48.76|672
2021.02.22 17:00:00|48.77|49.13|48.69|49.06|749
2021.02.22 18:00:00|49.07|49.38|49.01|49.3|582
2021.02.23 10:00:00|49.74|49.87|49.35|49.5|999
2021.02.23 11:00:00|49.49|49.5|49.19|49.32|627
2021.02.23 12:00:00|49.3|49.46|48.48|48.79|822
2021.02.23 13:00:00|48.77|49.32|48.58|49.31|602
2021.02.23 14:00:00|49.32|49.44|49.17|49.37|321
2021.02.23 15:00:00|49.36|49.64|49.09|49.64|494
2021.02.23 16:00:00|49.64|49.67|48.78|49.11|735
2021.02.23 17:00:00|49.12|49.79|49.09|49.45|882
2021.02.23 18:00:00|49.46|49.51|49.29|49.37|397
2021.02.24 10:00:00|49.51|49.57|49.04|49.52|656
2021.02.24 11:00:00|49.54|49.73|49.16|49.67|549
2021.02.24 12:00:00|49.67|49.68|49.29|49.53|613
2021.02.24 13:00:00|49.54|49.55|49.23|49.43|325
2021.02.24 14:00:00|49.46|49.77|49.44|49.64|396
2021.02.24 15:00:00|49.65|49.7|49.4|49.47|490
2021.02.24 16:00:00|49.46|49.96|49.45|49.88|602
2021.02.24 17:00:00|49.84|50.14|49.78|50|562
2021.02.24 18:00:00|50.01|50.28|50.01|50.04|300
2021.02.25 10:00:00|50.72|51.24|50.54|51.21|628
2021.02.25 11:00:00|51.2|51.26|50.76|50.98|452
2021.02.25 12:00:00|50.97|51.03|50.79|50.97|327
2021.02.25 13:00:00|50.98|51.08|50.84|50.93|325
2021.02.25 14:00:00|50.94|51.04|50.83|51.03|275
2021.02.25 15:00:00|51.04|51.18|50.95|51.04|303
2021.02.25 16:00:00|51.06|51.25|51.04|51.23|364
2021.02.25 17:00:00|51.22|51.25|50.62|50.62|653
2021.02.25 18:00:00|50.63|50.69|50.32|50.42|336
2021.02.26 10:00:00|49.37|50.3|49.16|50.21|1056
2021.02.26 11:00:00|50.2|50.82|50.09|50.62|631
2021.02.26 12:00:00|50.61|50.67|50.4|50.42|438
2021.02.26 13:00:00|50.39|50.49|49.71|49.9|512
2021.02.26 14:00:00|49.88|49.94|49.45|49.45|593
2021.02.26 15:00:00|49.44|49.79|49.33|49.78|635
2021.02.26 16:00:00|49.77|49.82|49.31|49.38|808
2021.02.26 17:00:00|49.37|49.47|48.93|48.98|1356
2021.02.26 18:00:00|49|49.47|48.93|48.94|833
2021.03.01 10:00:00|49.95|50.19|49.63|49.9|650
2021.03.01 11:00:00|49.89|50.01|49.66|49.66|486
2021.03.01 12:00:00|49.65|49.8|49.64|49.7|345
2021.03.01 13:00:00|49.69|49.72|49.53|49.6|324
2021.03.01 14:00:00|49.6|49.79|49.5|49.75|266
2021.03.01 15:00:00|49.77|49.78|49.39|49.39|342
2021.03.01 16:00:00|49.39|49.39|49.08|49.18|707
2021.03.01 17:00:00|49.19|49.6|49.15|49.48|712
2021.03.01 18:00:00|49.49|49.5|49.17|49.18|412
2021.03.02 10:00:00|49|50|48.92|49.8|640
2021.03.02 11:00:00|49.8|50.06|49.75|50.01|475
2021.03.02 12:00:00|50.02|50.09|49.89|49.97|292
2021.03.02 13:00:00|49.97|50.28|49.9|50.22|262
2021.03.02 14:00:00|50.24|50.6|50.24|50.58|336
2021.03.02 15:00:00|50.57|50.74|50.48|50.7|409
2021.03.02 16:00:00|50.69|50.76|50.42|50.59|612
2021.03.02 17:00:00|50.58|50.7|50.33|50.52|608
2021.03.02 18:00:00|50.51|50.54|50.24|50.29|401
2021.03.03 10:00:00|50.72|51.6|50.69|51.57|474
2021.03.03 11:00:00|51.58|51.8|51.42|51.54|382
2021.03.03 12:00:00|51.54|51.54|51.16|51.29|278
2021.03.03 13:00:00|51.3|51.49|51.19|51.41|259
2021.03.03 14:00:00|51.43|51.54|51.23|51.46|280
2021.03.03 15:00:00|51.45|51.52|51.03|51.2|461
2021.03.03 16:00:00|51.21|51.68|51.11|51.38|514
2021.03.03 17:00:00|51.37|51.69|51.14|51.61|653
2021.03.03 18:00:00|51.62|51.64|51.42|51.58|399
2021.03.04 10:00:00|51.45|52|51.42|51.75|691
2021.03.04 11:00:00|51.76|51.76|51.25|51.49|376
2021.03.04 12:00:00|51.46|51.53|50.85|51.07|383
2021.03.04 13:00:00|51.06|51.26|50.82|51.15|349
2021.03.04 14:00:00|51.16|51.3|50.9|50.93|332
2021.03.04 15:00:00|50.94|51.24|50.84|51.24|254
2021.03.04 16:00:00|51.26|51.71|51.26|51.52|609
2021.03.04 17:00:00|51.51|51.58|51.2|51.38|718
2021.03.04 18:00:00|51.4|51.75|51.29|51.73|385
2021.03.05 10:00:00|51.44|51.45|50.66|51.17|702
2021.03.05 11:00:00|51.18|51.87|51.03|51.87|493
2021.03.05 12:00:00|51.89|51.91|51.66|51.82|358
2021.03.05 13:00:00|51.8|51.9|51.67|51.73|233
2021.03.05 14:00:00|51.71|51.74|51.45|51.55|325
2021.03.05 15:00:00|51.57|51.89|51.27|51.75|486
2021.03.05 16:00:00|51.73|52.06|51.73|51.93|683
2021.03.05 17:00:00|51.94|52.04|51.5|51.51|646
2021.03.05 18:00:00|51.53|51.61|51.36|51.42|373
2021.03.08 10:00:00|52.21|52.74|51.89|52.66|591
2021.03.08 11:00:00|52.67|52.75|52.24|52.63|398
2021.03.08 12:00:00|52.63|53.03|52.62|52.98|331
2021.03.08 13:00:00|52.99|53|52.76|52.87|321
2021.03.08 14:00:00|52.9|52.91|52.62|52.67|278
2021.03.08 15:00:00|52.65|53.15|52.52|53.11|360
2021.03.08 16:00:00|53.1|53.24|52.7|52.91|659
2021.03.08 17:00:00|52.92|53.53|52.86|53.41|831
2021.03.08 18:00:00|53.42|53.58|53.26|53.45|399
2021.03.09 10:00:00|53.16|53.36|52.53|52.68|819
2021.03.09 11:00:00|52.68|52.78|52.05|52.07|612
2021.03.09 12:00:00|52.08|52.4|51.99|51.99|474
2021.03.09 13:00:00|51.97|52.15|51.84|51.9|469
2021.03.09 14:00:00|51.89|51.91|51.55|51.79|498
2021.03.09 15:00:00|51.8|52.1|51.63|52.04|435
2021.03.09 16:00:00|52.03|52.12|51.66|51.87|792
2021.03.09 17:00:00|51.89|52.57|51.67|52.45|941
2021.03.09 18:00:00|52.45|52.71|52.42|52.54|414
2021.03.10 10:00:00|52.33|53.31|52.33|53.26|651
2021.03.10 11:00:00|53.25|53.56|53.16|53.19|419
2021.03.10 12:00:00|53.17|53.18|52.75|52.81|318
2021.03.10 13:00:00|52.8|53.04|52.57|52.86|258
2021.03.10 14:00:00|52.87|53.15|52.86|53.09|366
2021.03.10 15:00:00|53.07|53.24|52.74|52.8|505
2021.03.10 16:00:00|52.79|52.89|52.45|52.6|592
2021.03.10 17:00:00|52.64|52.89|52.37|52.81|589
2021.03.10 18:00:00|52.82|52.86|52.58|52.67|273
2021.03.11 10:00:00|52.66|52.99|52.18|52.36|430
2021.03.11 11:00:00|52.36|52.61|52.12|52.24|333
2021.03.11 12:00:00|52.26|52.56|52.06|52.07|379
2021.03.11 13:00:00|52.05|52.31|51.97|52.26|251
2021.03.11 14:00:00|52.26|52.29|51.66|51.7|360
2021.03.11 15:00:00|51.69|52.06|51.55|51.9|525
2021.03.11 16:00:00|51.91|52.02|51.26|51.92|719
2021.03.11 17:00:00|51.95|52.33|51.85|52.22|482
2021.03.11 18:00:00|52.23|52.32|52.14|52.24|246
2021.03.12 10:00:00|52.67|52.92|52.53|52.67|507
2021.03.12 11:00:00|52.66|53.02|52.58|52.98|423
2021.03.12 12:00:00|52.99|53.34|52.9|53.31|473
2021.03.12 13:00:00|53.32|53.47|53.21|53.38|415
2021.03.12 14:00:00|53.36|53.36|53.08|53.31|249
2021.03.12 15:00:00|53.31|53.37|53|53.09|334
2021.03.12 16:00:00|53.1|53.32|52.98|53.08|526
2021.03.12 17:00:00|53.09|53.14|52.78|53.02|537
2021.03.12 18:00:00|53.01|53.06|52.86|52.92|357
2021.03.15 10:00:00|52.98|53.04|52.68|52.88|505
2021.03.15 11:00:00|52.87|52.92|52.48|52.54|482
2021.03.15 12:00:00|52.54|52.75|52.51|52.66|469
2021.03.15 13:00:00|52.66|52.75|52.6|52.66|252
2021.03.15 14:00:00|52.67|52.67|52.35|52.43|245
2021.03.15 15:00:00|52.43|52.43|52.04|52.19|302
2021.03.15 16:00:00|52.18|52.38|51.94|52.14|389
2021.03.15 17:00:00|52.13|52.14|51.37|51.69|625
2021.03.15 18:00:00|51.68|51.83|51.62|51.81|284
2021.03.16 10:00:00|52.34|52.73|52.28|52.38|653
2021.03.16 11:00:00|52.39|52.54|51.79|51.97|370
2021.03.16 12:00:00|51.98|52.04|51.76|52.02|323
2021.03.16 13:00:00|52.01|52.13|51.81|51.81|290
2021.03.16 14:00:00|51.79|51.89|51.73|51.8|274
2021.03.16 15:00:00|51.8|51.91|51.39|51.45|498
2021.03.16 16:00:00|51.44|51.47|50.86|50.92|622
2021.03.16 17:00:00|50.91|51.15|50.73|51.15|686
2021.03.16 18:00:00|51.14|51.21|50.98|51.08|355
2021.03.17 10:00:00|51.36|52.07|51.3|51.97|540
2021.03.17 11:00:00|51.95|52.48|51.9|52.34|514
2021.03.17 12:00:00|52.33|52.6|52.28|52.47|407
2021.03.17 13:00:00|52.46|52.48|52.08|52.25|324
2021.03.17 14:00:00|52.24|52.29|52.11|52.18|246
2021.03.17 15:00:00|52.19|52.35|51.96|52.21|488
2021.03.17 16:00:00|52.23|52.25|51.44|51.57|753
2021.03.17 17:00:00|51.58|51.89|51.53|51.53|738
2021.03.17 18:00:00|51.54|51.59|51.45|51.57|304
2021.03.18 10:00:00|52.52|52.85|52.1|52.48|567
2021.03.18 11:00:00|52.46|52.86|52.41|52.48|358
2021.03.18 12:00:00|52.47|52.66|52.46|52.57|296
2021.03.18 13:00:00|52.58|52.83|52.52|52.81|390
2021.03.18 14:00:00|52.82|52.93|52.53|52.63|299
2021.03.18 15:00:00|52.61|52.62|52.17|52.43|544
2021.03.18 16:00:00|52.44|52.72|52.38|52.6|637
2021.03.18 17:00:00|52.61|52.99|52.59|52.94|411
2021.03.18 18:00:00|52.93|52.94|52.62|52.66|251
2021.03.19 10:00:00|52.22|52.48|52.11|52.18|651
2021.03.19 11:00:00|52.19|52.29|51.79|51.86|383
2021.03.19 12:00:00|51.88|52.32|51.83|52.15|680
2021.03.19 13:00:00|52.13|52.24|51.73|51.79|354
2021.03.19 14:00:00|51.78|52|51.62|51.87|209
2021.03.19 15:00:00|51.86|52.01|50.83|51.19|778
2021.03.19 16:00:00|51.19|51.48|50.93|51.48|701
2021.03.19 17:00:00|51.47|51.57|51.18|51.39|408
2021.03.19 18:00:00|51.4|51.54|51.23|51.25|293
2021.03.22 10:00:00|49.85|50.91|49.85|50.83|799
2021.03.22 11:00:00|50.85|51.12|50.76|51.04|372
2021.03.22 12:00:00|51.05|51.4|51.05|51.39|308
2021.03.22 13:00:00|51.4|51.44|51.02|51.03|280
2021.03.22 14:00:00|51.06|51.17|50.97|51.03|216
2021.03.22 15:00:00|51.02|51.15|50.69|50.71|360
2021.03.22 16:00:00|50.7|50.75|50.53|50.65|392
2021.03.22 17:00:00|50.64|50.86|50.55|50.65|322
2021.03.22 18:00:00|50.63|50.72|50.55|50.72|192
2021.03.23 10:00:00|50.15|50.21|49.72|50.04|613
2021.03.23 11:00:00|50.03|50.11|49.73|49.93|417
2021.03.23 12:00:00|49.91|50.05|49.75|49.96|316
2021.03.23 13:00:00|49.95|50.1|49.79|50.03|292
2021.03.23 14:00:00|50.04|50.2|49.79|49.9|329
2021.03.23 15:00:00|49.91|50.39|49.9|50.34|270
2021.03.23 16:00:00|50.32|50.41|50.15|50.27|410
2021.03.23 17:00:00|50.28|50.44|50.19|50.4|351
2021.03.23 18:00:00|50.42|50.42|50.26|50.3|209
2021.03.24 10:00:00|49.42|49.85|49.11|49.73|674
2021.03.24 11:00:00|49.73|50.1|49.64|50.08|559
2021.03.24 12:00:00|50.07|50.6|50.06|50.57|411
2021.03.24 13:00:00|50.58|50.78|50.41|50.45|300
2021.03.24 14:00:00|50.42|50.69|50.42|50.5|319
2021.03.24 15:00:00|50.5|50.95|50.46|50.77|506
2021.03.24 16:00:00|50.78|51.14|50.69|51.05|423
2021.03.24 17:00:00|51.06|51.16|50.82|51.02|426
2021.03.24 18:00:00|51.03|51.11|50.94|51.1|237
2021.03.25 10:00:00|50.84|51.01|50.63|50.83|455
2021.03.25 11:00:00|50.86|50.95|50.72|50.8|271
2021.03.25 12:00:00|50.81|50.98|50.7|50.83|234
2021.03.25 13:00:00|50.82|50.88|50.19|50.25|336
2021.03.25 14:00:00|50.27|50.51|50.19|50.31|347
2021.03.25 15:00:00|50.31|50.56|50.27|50.44|452
2021.03.25 16:00:00|50.43|50.62|50.07|50.21|427
2021.03.25 17:00:00|50.2|50.7|49.99|50.66|650
2021.03.25 18:00:00|50.64|50.75|50.5|50.56|254
2021.03.26 10:00:00|51.52|51.65|51.08|51.12|426
2021.03.26 11:00:00|51.11|51.22|50.88|50.98|299
2021.03.26 12:00:00|50.97|51.21|50.83|51.2|332
2021.03.26 13:00:00|51.2|51.4|51.19|51.34|351
2021.03.26 14:00:00|51.35|51.48|51.15|51.29|258
2021.03.26 15:00:00|51.28|51.74|51.28|51.72|328
2021.03.26 16:00:00|51.73|51.96|51.57|51.7|405
2021.03.26 17:00:00|51.69|51.75|51.42|51.59|440
2021.03.26 18:00:00|51.57|51.65|51.49|51.56|234
2021.03.29 10:00:00|50.85|50.89|50.26|50.38|488
2021.03.29 11:00:00|50.39|50.44|50.13|50.42|428
2021.03.29 12:00:00|50.41|50.54|50.33|50.5|320
2021.03.29 13:00:00|50.52|50.81|50.46|50.69|249
2021.03.29 14:00:00|50.69|50.88|50.69|50.85|200
2021.03.29 15:00:00|50.86|50.94|50.6|50.8|264
2021.03.29 16:00:00|50.81|50.91|50.63|50.88|343
2021.03.29 17:00:00|50.87|51.03|50.52|50.53|442
2021.03.29 18:00:00|50.53|50.64|50.44|50.54|259
2021.03.30 10:00:00|51.25|52.04|51.25|51.83|445
2021.03.30 11:00:00|51.82|52.04|51.65|51.65|310
2021.03.30 12:00:00|51.66|51.87|51.44|51.51|299
2021.03.30 13:00:00|51.52|51.8|51.48|51.65|221
2021.03.30 14:00:00|51.62|51.72|51.5|51.65|201
2021.03.30 15:00:00|51.64|51.9|51.61|51.85|213
2021.03.30 16:00:00|51.84|52.19|51.75|52.15|385
2021.03.30 17:00:00|52.14|52.42|52.04|52.42|457
2021.03.30 18:00:00|52.41|52.56|52.4|52.51|298
2021.03.31 10:00:00|52.5|52.57|51.84|51.93|379
2021.03.31 11:00:00|51.97|52.09|51.89|51.92|237
2021.03.31 12:00:00|51.92|51.96|51.75|51.78|286
2021.03.31 13:00:00|51.79|52.04|51.79|52.02|188
2021.03.31 14:00:00|52.03|52.03|51.82|51.84|194
2021.03.31 15:00:00|51.85|52.01|51.78|52|195
2021.03.31 16:00:00|51.99|52.22|51.95|52.11|314
2021.03.31 17:00:00|52.12|52.17|51.79|51.91|354
2021.03.31 18:00:00|51.9|52.05|51.85|51.92|295
2021.04.01 10:00:00|51.86|52.05|51.57|51.83|439
2021.04.01 11:00:00|51.82|52.16|51.74|51.99|306
2021.04.01 12:00:00|51.98|51.98|51.74|51.93|238
2021.04.01 13:00:00|51.94|51.94|51.61|51.69|223
2021.04.01 14:00:00|51.68|51.82|51.64|51.73|200
2021.04.01 15:00:00|51.72|51.78|51.57|51.64|300
2021.04.01 16:00:00|51.63|51.69|51.44|51.67|323
2021.04.01 17:00:00|51.68|51.98|51.66|51.95|364
2021.04.01 18:00:00|51.94|52.03|51.89|51.98|204
2021.04.06 10:00:00|52.23|52.54|51.91|52.12|625
2021.04.06 11:00:00|52.13|52.45|52.01|52.38|337
2021.04.06 12:00:00|52.39|52.75|52.29|52.7|297
2021.04.06 13:00:00|52.69|52.74|52.43|52.45|260
2021.04.06 14:00:00|52.45|52.47|52.32|52.4|202
2021.04.06 15:00:00|52.39|52.43|52.1|52.13|270
2021.04.06 16:00:00|52.19|52.43|52.13|52.21|384
2021.04.06 17:00:00|52.2|52.25|51.98|52.02|482
2021.04.06 18:00:00|52|52.02|51.73|51.86|274
2021.04.07 10:00:00|51.81|52.47|51.74|52.32|289
2021.04.07 11:00:00|52.32|52.34|52.11|52.32|207
2021.04.07 12:00:00|52.33|52.43|52.09|52.12|205
2021.04.07 13:00:00|52.09|52.15|52.04|52.1|175
2021.04.07 14:00:00|52.09|52.14|52.02|52.04|143
2021.04.07 15:00:00|52.03|52.15|51.64|51.83|291
2021.04.07 16:00:00|51.83|52.22|51.83|52.03|327
2021.04.07 17:00:00|52.06|52.35|51.96|52.23|311
2021.04.07 18:00:00|52.22|52.22|52.01|52.09|167
2021.04.08 10:00:00|52.33|52.52|52.12|52.15|376
2021.04.08 11:00:00|52.14|52.3|52.06|52.17|335
2021.04.08 12:00:00|52.2|52.33|52.17|52.29|331
2021.04.08 13:00:00|52.28|52.35|51.91|51.91|373
2021.04.08 14:00:00|51.92|51.97|51.61|51.73|313
2021.04.08 15:00:00|51.71|51.86|51.54|51.68|243
2021.04.08 16:00:00|51.7|51.94|51.53|51.68|338
2021.04.08 17:00:00|51.67|52.09|51.61|51.97|342
2021.04.08 18:00:00|51.98|52.11|51.89|51.94|216
2021.04.09 10:00:00|52.07|52.21|51.64|51.71|350
2021.04.09 11:00:00|51.7|51.7|51.37|51.53|346
2021.04.09 12:00:00|51.51|51.62|51.43|51.57|284
2021.04.09 13:00:00|51.57|51.73|51.52|51.66|183
2021.04.09 14:00:00|51.64|51.9|51.64|51.84|155
2021.04.09 15:00:00|51.83|51.83|51.64|51.7|185
2021.04.09 16:00:00|51.69|51.76|51.35|51.46|348
2021.04.09 17:00:00|51.47|51.56|51.31|51.41|324
2021.04.09 18:00:00|51.41|51.53|51.36|51.38|175
2021.04.12 10:00:00|51.19|51.38|50.78|51.3|422
2021.04.12 11:00:00|51.29|51.36|51.07|51.2|276
2021.04.12 12:00:00|51.19|51.39|51.03|51.25|379
2021.04.12 13:00:00|51.25|51.5|51.2|51.47|216
2021.04.12 14:00:00|51.48|51.66|51.43|51.47|194
2021.04.12 15:00:00|51.49|51.62|51.43|51.61|240
2021.04.12 16:00:00|51.6|51.84|51.59|51.62|265
2021.04.12 17:00:00|51.61|51.66|51.4|51.46|364
2021.04.12 18:00:00|51.47|51.51|51.32|51.37|166
2021.04.13 10:00:00|51.65|51.83|51.45|51.8|495
2021.04.13 11:00:00|51.81|52.37|51.81|52.25|406
2021.04.13 12:00:00|52.28|52.54|52.21|52.53|321
2021.04.13 13:00:00|52.54|52.55|52.13|52.2|403
2021.04.13 14:00:00|52.18|52.22|51.75|52.08|400
2021.04.13 15:00:00|52.07|52.16|51.7|51.77|343
2021.04.13 16:00:00|51.79|51.82|51.19|51.39|429
2021.04.13 17:00:00|51.38|51.76|51.34|51.61|467
2021.04.13 18:00:00|51.6|51.64|51.52|51.62|230
2021.04.14 10:00:00|51.27|51.5|51.09|51.35|408
2021.04.14 11:00:00|51.34|51.66|51.32|51.57|260
2021.04.14 12:00:00|51.56|51.64|51.29|51.44|262
2021.04.14 13:00:00|51.43|51.73|51.36|51.52|243
2021.04.14 14:00:00|51.53|51.67|51.5|51.65|268
2021.04.14 15:00:00|51.63|51.75|51.34|51.35|274
2021.04.14 16:00:00|51.34|51.52|51.2|51.5|508
2021.04.14 17:00:00|51.49|51.83|51.46|51.8|357
2021.04.14 18:00:00|51.79|51.86|51.7|51.86|216
2021.04.15 10:00:00|52.21|52.31|51.72|51.83|444
2021.04.15 11:00:00|51.84|52.19|51.78|51.99|367
2021.04.15 12:00:00|51.98|52.07|51.88|52.04|219
2021.04.15 13:00:00|52.02|52.1|51.89|52|217
2021.04.15 14:00:00|52|52.02|51.68|51.86|198
2021.04.15 15:00:00|51.86|52.24|51.81|52.24|290
2021.04.15 16:00:00|52.23|52.33|51.85|52.03|484
2021.04.15 17:00:00|52.03|52.06|51.66|51.89|407
2021.04.15 18:00:00|51.9|51.92|51.66|51.75|223
2021.04.16 10:00:00|51.81|52.53|51.78|52.41|402
2021.04.16 11:00:00|52.41|52.45|52.17|52.38|212
2021.04.16 12:00:00|52.35|52.7|52.26|52.5|376
2021.04.16 13:00:00|52.5|52.59|52.29|52.36|225
2021.04.16 14:00:00|52.35|52.49|52.26|52.36|167
2021.04.16 15:00:00|52.37|52.58|52.34|52.57|172
2021.04.16 16:00:00|52.55|52.71|52.42|52.61|416
2021.04.16 17:00:00|52.62|52.84|52.59|52.79|341
2021.04.16 18:00:00|52.79|52.91|52.78|52.91|210
2021.04.19 10:00:00|52.85|52.88|52.53|52.63|352
2021.04.19 11:00:00|52.62|52.64|52.43|52.54|266
2021.04.19 12:00:00|52.53|52.53|52.26|52.45|264
2021.04.19 13:00:00|52.46|52.73|52.46|52.73|221
2021.04.19 14:00:00|52.72|53.09|52.71|53.03|370
2021.04.19 15:00:00|53.02|53.31|53|53.2|374
2021.04.19 16:00:00|53.19|53.51|53.11|53.44|455
2021.04.19 17:00:00|53.43|53.44|53.08|53.1|479
2021.04.19 18:00:00|53.09|53.28|53.06|53.26|303
2021.04.20 10:00:00|53.18|53.32|52.4|52.4|496
2021.04.20 11:00:00|52.41|52.52|52.18|52.25|459
2021.04.20 12:00:00|52.25|52.26|51.83|51.95|439
2021.04.20 13:00:00|51.96|52.04|51.66|51.83|324
2021.04.20 14:00:00|51.83|51.89|51.51|51.55|317
2021.04.20 15:00:00|51.57|51.74|51.46|51.61|412
2021.04.20 16:00:00|51.6|51.73|51.3|51.41|655
2021.04.20 17:00:00|51.39|51.52|50.88|50.96|745
2021.04.20 18:00:00|50.97|51.1|50.74|50.81|478
2021.04.21 10:00:00|50.86|51.5|50.82|51.36|343
2021.04.21 11:00:00|51.35|51.47|50.84|51.02|270
2021.04.21 12:00:00|51.03|51.04|50.57|50.7|339
2021.04.21 13:00:00|50.71|50.73|50.38|50.7|319
2021.04.21 14:00:00|50.68|50.68|50.32|50.33|230
2021.04.21 15:00:00|50.34|50.39|49.98|50|264
2021.04.21 16:00:00|50.01|50.29|49.62|50.14|603
2021.04.21 17:00:00|50.17|50.5|50.16|50.35|392
2021.04.21 18:00:00|50.35|50.56|50.21|50.31|217
2021.04.22 10:00:00|50.51|50.56|50.15|50.23|462
2021.04.22 11:00:00|50.24|50.69|50.24|50.41|390
2021.04.22 12:00:00|50.42|50.74|50.31|50.69|310
2021.04.22 13:00:00|50.68|50.72|50.43|50.53|285
2021.04.22 14:00:00|50.52|50.69|50.43|50.61|206
2021.04.22 15:00:00|50.6|50.82|50.44|50.51|337
2021.04.22 16:00:00|50.5|50.63|50.24|50.49|424
2021.04.22 17:00:00|50.5|50.5|50.26|50.39|347
2021.04.22 18:00:00|50.38|50.61|50.38|50.61|176
2021.04.23 10:00:00|50.2|50.48|49.88|50.05|810
2021.04.23 11:00:00|50.04|50.23|49.88|50.16|622
2021.04.23 12:00:00|50.14|50.21|49.95|50.16|386
2021.04.23 13:00:00|50.15|50.21|50.02|50.12|428
2021.04.23 14:00:00|50.11|50.28|49.96|49.96|238
2021.04.23 15:00:00|49.96|50.13|49.75|49.79|407
2021.04.23 16:00:00|49.81|50.03|49.66|50.03|636
2021.04.23 17:00:00|50.04|50.39|49.93|50.37|544
2021.04.23 18:00:00|50.37|50.52|50.28|50.28|211
2021.04.26 10:00:00|50.56|50.68|49.96|50.67|466
2021.04.26 11:00:00|50.69|50.88|50.58|50.8|520
2021.04.26 12:00:00|50.78|51.29|50.76|51.07|511
2021.04.26 13:00:00|51.06|51.36|50.95|51.28|319
2021.04.26 14:00:00|51.29|51.69|51.29|51.49|288
2021.04.26 15:00:00|51.47|51.7|51.35|51.35|283
2021.04.26 16:00:00|51.37|51.91|51.33|51.78|460
2021.04.26 17:00:00|51.77|51.91|51.68|51.74|524
2021.04.26 18:00:00|51.75|51.85|51.68|51.82|346
2021.04.27 10:00:00|51.85|51.92|51.44|51.59|449
2021.04.27 11:00:00|51.6|51.78|51.53|51.62|332
2021.04.27 12:00:00|51.61|51.72|51.35|51.42|369
2021.04.27 13:00:00|51.44|51.84|51.38|51.78|355
2021.04.27 14:00:00|51.78|52.03|51.73|51.9|351
2021.04.27 15:00:00|51.91|52.04|51.62|51.73|382
2021.04.27 16:00:00|51.74|52.05|51.66|51.9|665
2021.04.27 17:00:00|51.91|51.96|51.74|51.83|579
2021.04.27 18:00:00|51.83|51.83|51.71|51.73|367
2021.04.28 10:00:00|52.27|52.96|52.24|52.59|650
2021.04.28 11:00:00|52.58|52.78|52.47|52.76|512
2021.04.28 12:00:00|52.75|53|52.64|52.85|407
2021.04.28 13:00:00|52.88|52.92|52.71|52.89|272
2021.04.28 14:00:00|52.88|53.31|52.81|53.25|411
2021.04.28 15:00:00|53.26|53.27|52.98|53.12|427
2021.04.28 16:00:00|53.13|53.18|52.85|52.87|431
2021.04.28 17:00:00|52.88|53.23|52.88|53.21|380
2021.04.28 18:00:00|53.22|53.44|53.21|53.44|308
2021.04.29 10:00:00|53.73|53.83|53.35|53.73|450
2021.04.29 11:00:00|53.74|53.8|53.5|53.56|497
2021.04.29 12:00:00|53.57|53.83|53.46|53.74|382
2021.04.29 13:00:00|53.73|53.78|53.56|53.63|338
2021.04.29 14:00:00|53.63|53.86|53.53|53.85|277
2021.04.29 15:00:00|53.86|54.3|53.84|54.21|601
2021.04.29 16:00:00|54.24|54.5|54.03|54.22|671
2021.04.29 17:00:00|54.21|54.34|53.69|53.76|797
2021.04.29 18:00:00|53.75|53.89|53.63|53.65|341
2021.04.30 10:00:00|53.16|53.5|52.72|52.75|725
2021.04.30 11:00:00|52.74|53.02|52.22|52.98|628
2021.04.30 12:00:00|52.96|53.28|52.92|53.06|417
2021.04.30 13:00:00|53.05|53.07|52.68|52.72|362
2021.04.30 14:00:00|52.74|53.05|52.74|53.01|236
2021.04.30 15:00:00|53.01|53.54|52.94|53.28|386
2021.04.30 16:00:00|53.27|53.46|52.87|53.45|431
2021.04.30 17:00:00|53.46|53.46|53.02|53.2|461
2021.04.30 18:00:00|53.2|53.36|53.12|53.31|337
2021.05.03 10:00:00|53.32|53.55|53.14|53.5|245
2021.05.03 11:00:00|53.51|53.52|53.29|53.41|285
2021.05.03 12:00:00|53.42|53.48|53|53.22|252
2021.05.03 13:00:00|53.2|53.62|53.18|53.6|213
2021.05.03 14:00:00|53.61|53.93|53.6|53.85|208
2021.05.03 15:00:00|53.85|53.87|53.63|53.68|218
2021.05.03 16:00:00|53.67|53.81|53.53|53.53|266
2021.05.03 17:00:00|53.51|53.51|53.09|53.26|437
2021.05.03 18:00:00|53.25|53.37|53.19|53.26|143
2021.05.04 10:00:00|53.83|54.33|53.64|54.2|515
2021.05.04 11:00:00|54.19|54.5|54.1|54.48|389
2021.05.04 12:00:00|54.47|54.47|54.22|54.38|339
2021.05.04 13:00:00|54.39|54.67|54.32|54.66|344
2021.05.04 14:00:00|54.64|54.78|54.12|54.22|465
2021.05.04 15:00:00|54.21|54.22|53.57|53.57|397
2021.05.04 16:00:00|53.56|54.04|53.31|53.34|640
2021.05.04 17:00:00|53.33|53.37|52.86|53.02|689
2021.05.04 18:00:00|53.01|53.12|52.85|52.86|300
2021.05.05 10:00:00|53.71|54.73|53.68|54.47|1133
2021.05.05 11:00:00|54.48|54.64|54.34|54.4|561
2021.05.05 12:00:00|54.41|54.57|54.31|54.32|320
2021.05.05 13:00:00|54.33|54.5|54.13|54.24|378
2021.05.05 14:00:00|54.23|54.41|54.12|54.31|247
2021.05.05 15:00:00|54.3|54.6|54.22|54.55|323
2021.05.05 16:00:00|54.56|54.64|54.38|54.58|478
2021.05.05 17:00:00|54.57|54.57|54.33|54.49|441
2021.05.05 18:00:00|54.48|54.71|54.46|54.69|273
2021.05.06 10:00:00|54.84|55.55|54.82|54.89|731
2021.05.06 11:00:00|54.88|55.03|54.41|54.45|530
2021.05.06 12:00:00|54.46|54.62|54.17|54.44|441
2021.05.06 13:00:00|54.43|54.72|54.39|54.55|328
2021.05.06 14:00:00|54.54|54.88|54.48|54.55|331
2021.05.06 15:00:00|54.56|54.67|54.32|54.45|311
2021.05.06 16:00:00|54.46|54.78|54.39|54.39|445
2021.05.06 17:00:00|54.38|54.65|54.31|54.55|585
2021.05.06 18:00:00|54.56|54.71|54.38|54.67|393
2021.05.07 10:00:00|55.3|55.34|54.63|54.7|426
2021.05.07 11:00:00|54.69|54.96|54.6|54.89|260
2021.05.07 12:00:00|54.9|54.98|54.76|54.95|360
2021.05.07 13:00:00|54.97|55.19|54.93|55.19|239
2021.05.07 14:00:00|55.18|55.26|55.13|55.2|206
2021.05.07 15:00:00|55.2|55.27|54.16|54.46|830
2021.05.07 16:00:00|54.43|54.82|54.25|54.77|501
2021.05.07 17:00:00|54.8|54.88|54.39|54.62|403
2021.05.07 18:00:00|54.62|54.69|54.45|54.57|249
2021.05.10 10:00:00|55.18|55.25|54.87|55.05|392
2021.05.10 11:00:00|55.04|55.17|54.91|55.08|328
2021.05.10 12:00:00|55.07|55.18|54.89|54.91|327
2021.05.10 13:00:00|54.9|55.16|54.86|55.13|309
2021.05.10 14:00:00|55.14|55.25|55.05|55.22|225
2021.05.10 15:00:00|55.21|55.4|55.2|55.37|312
2021.05.10 16:00:00|55.37|55.67|55.29|55.66|538
2021.05.10 17:00:00|55.67|55.8|55.43|55.49|591
2021.05.10 18:00:00|55.48|55.72|55.41|55.71|295
2021.05.11 10:00:00|55.11|55.36|54.95|55.17|722
2021.05.11 11:00:00|55.19|55.23|54.95|55.11|626
2021.05.11 12:00:00|55.13|55.77|55.13|55.76|524
2021.05.11 13:00:00|55.77|55.78|55.51|55.55|378
2021.05.11 14:00:00|55.57|55.68|55.47|55.59|284
2021.05.11 15:00:00|55.6|55.64|55.29|55.37|541
2021.05.11 16:00:00|55.37|55.86|55.15|55.84|842
2021.05.11 17:00:00|55.83|55.93|55.27|55.46|952
2021.05.11 18:00:00|55.45|55.56|55.32|55.46|517
2021.05.12 10:00:00|55.54|56.04|55.44|55.94|559
2021.05.12 11:00:00|55.92|56.06|55.54|55.59|423
2021.05.12 12:00:00|55.6|55.65|55.27|55.51|469
2021.05.12 13:00:00|55.52|55.66|55.43|55.52|381
2021.05.12 14:00:00|55.52|55.65|55.45|55.47|257
2021.05.12 15:00:00|55.47|56.39|55.36|56.37|759
2021.05.12 16:00:00|56.38|56.63|56.21|56.45|681
2021.05.12 17:00:00|56.46|56.63|56.37|56.41|865
2021.05.12 18:00:00|56.42|56.57|56.35|56.42|366
2021.05.13 10:00:00|55.61|55.69|54.98|55.1|709
2021.05.13 11:00:00|55.09|55.09|54.35|54.59|586
2021.05.13 12:00:00|54.6|54.85|54.47|54.74|370
2021.05.13 13:00:00|54.75|54.98|54.67|54.92|280
2021.05.13 14:00:00|54.94|55.15|54.89|55.1|268
2021.05.13 15:00:00|55.09|55.32|55.07|55.12|251
2021.05.13 16:00:00|55.14|55.92|55.07|55.84|501
2021.05.13 17:00:00|55.85|56.03|55.74|56|431
2021.05.13 18:00:00|56.02|56.18|55.95|55.95|244
2021.05.14 10:00:00|56.43|56.47|56.15|56.33|420
2021.05.14 11:00:00|56.31|56.61|56.28|56.48|272
2021.05.14 12:00:00|56.47|56.57|56.4|56.4|287
2021.05.14 13:00:00|56.4|56.68|56.34|56.61|177
2021.05.14 14:00:00|56.6|56.86|56.6|56.85|167
2021.05.14 15:00:00|56.87|57.01|56.75|57|264
2021.05.14 16:00:00|56.98|57.18|56.86|57.16|439
2021.05.14 17:00:00|57.17|57.17|56.77|56.92|507
2021.05.14 18:00:00|56.92|57.05|56.84|57|202
2021.05.17 10:00:00|56.96|57.07|56.72|56.97|500
2021.05.17 11:00:00|56.97|57.09|56.8|56.99|297
2021.05.17 12:00:00|56.99|56.99|56.82|56.88|228
2021.05.17 13:00:00|56.87|56.93|56.66|56.66|253
2021.05.17 14:00:00|56.64|56.78|56.36|56.51|304
2021.05.17 15:00:00|56.5|56.67|56.44|56.67|205
2021.05.17 16:00:00|56.65|56.94|56.63|56.7|286
2021.05.17 17:00:00|56.68|57.02|56.62|56.96|319
2021.05.17 18:00:00|56.96|56.96|56.77|56.94|174
2021.05.18 10:00:00|57.35|57.75|57.34|57.7|367
2021.05.18 11:00:00|57.71|57.82|57.52|57.53|257
2021.05.18 12:00:00|57.52|57.55|57.17|57.18|304
2021.05.18 13:00:00|57.17|57.36|57.15|57.27|220
2021.05.18 14:00:00|57.26|57.28|56.82|56.83|281
2021.05.18 15:00:00|56.78|56.91|56.73|56.91|265
2021.05.18 16:00:00|56.9|57.13|56.76|56.91|465
2021.05.18 17:00:00|56.89|57.14|56.76|57.05|506
2021.05.18 18:00:00|57.06|57.3|56.93|57.26|288
2021.05.19 10:00:00|56.37|57.22|56.06|57.06|606
2021.05.19 11:00:00|57.05|57.16|56.92|56.94|487
2021.05.19 12:00:00|56.95|57.37|56.93|57.08|334
2021.05.19 13:00:00|57.07|57.1|56.75|56.82|218
2021.05.19 14:00:00|56.81|56.81|56.08|56.08|323
2021.05.19 15:00:00|56.07|56.18|55.42|55.46|385
2021.05.19 16:00:00|55.46|55.65|55.35|55.45|769
2021.05.19 17:00:00|55.45|55.64|54.87|55.63|987
2021.05.19 18:00:00|55.62|56.01|55.61|55.78|372
2021.05.20 10:00:00|56.3|56.42|55.86|55.86|402
2021.05.20 11:00:00|55.87|55.91|55.49|55.59|357
2021.05.20 12:00:00|55.58|55.97|55.58|55.94|282
2021.05.20 13:00:00|55.94|56.11|55.83|56.01|272
2021.05.20 14:00:00|56.01|56.23|55.9|56.23|263
2021.05.20 15:00:00|56.22|56.37|56.17|56.19|331
2021.05.20 16:00:00|56.2|56.22|55.81|56.12|578
2021.05.20 17:00:00|56.14|56.19|55.9|56.06|470
2021.05.20 18:00:00|56.07|56.17|55.99|56.11|295
2021.05.21 10:00:00|56.27|56.3|55.67|55.77|557
2021.05.21 11:00:00|55.77|56.07|55.71|55.92|365
2021.05.21 12:00:00|55.95|56.26|55.81|55.97|602
2021.05.21 13:00:00|55.96|56.26|55.93|56.02|343
2021.05.21 14:00:00|56.01|56.16|55.86|56.15|315
2021.05.21 15:00:00|56.14|56.16|55.89|55.94|393
2021.05.21 16:00:00|55.93|56.05|55.74|55.98|598
2021.05.21 17:00:00|55.97|56.17|55.77|56.1|552
2021.05.21 18:00:00|56.09|56.17|56.01|56.12|229
2021.05.24 10:00:00|55.57|55.7|55.18|55.2|281
2021.05.24 11:00:00|55.18|55.21|55.01|55.15|181
2021.05.24 12:00:00|55.15|55.31|55.11|55.16|124
2021.05.24 13:00:00|55.17|55.17|55.02|55.04|96
2021.05.24 14:00:00|55.02|55.08|54.94|54.98|88
2021.05.24 15:00:00|54.99|55.04|54.91|55.03|128
2021.05.24 16:00:00|55.02|55.11|54.85|54.98|204
2021.05.24 17:00:00|54.99|55.25|54.98|55.22|193
2021.05.24 18:00:00|55.23|55.52|55.22|55.49|158
2021.05.25 10:00:00|55.54|55.62|55.21|55.3|364
2021.05.25 11:00:00|55.3|55.63|55.3|55.63|261
2021.05.25 12:00:00|55.61|55.71|55.52|55.69|220
2021.05.25 13:00:00|55.71|55.87|55.58|55.81|194
2021.05.25 14:00:00|55.82|56.01|55.65|55.84|270
2021.05.25 15:00:00|55.83|55.92|55.71|55.77|205
2021.05.25 16:00:00|55.76|55.85|55.52|55.6|330
2021.05.25 17:00:00|55.6|55.69|55.47|55.55|377
2021.05.25 18:00:00|55.54|55.54|55.29|55.32|230
2021.05.26 10:00:00|55.19|55.42|54.76|54.97|555
2021.05.26 11:00:00|54.98|55.05|54.66|54.82|606
2021.05.26 12:00:00|54.83|55.02|54.48|54.51|634
2021.05.26 13:00:00|54.52|54.59|54.14|54.18|347
2021.05.26 14:00:00|54.19|54.27|53.76|53.82|512
2021.05.26 15:00:00|53.83|54.27|53.83|54.13|526
2021.05.26 16:00:00|54.13|54.27|53.92|54.15|550
2021.05.26 17:00:00|54.16|54.48|54.14|54.41|592
2021.05.26 18:00:00|54.42|54.62|54.41|54.62|312
2021.05.27 10:00:00|54.22|55.08|54.22|55.07|444
2021.05.27 11:00:00|55.08|55.36|55.03|55.26|423
2021.05.27 12:00:00|55.25|55.35|55.05|55.19|320
2021.05.27 13:00:00|55.19|55.21|55.01|55.14|225
2021.05.27 14:00:00|55.13|55.39|55.13|55.33|257
2021.05.27 15:00:00|55.35|55.78|55.35|55.62|312
2021.05.27 16:00:00|55.61|55.97|55.52|55.93|506
2021.05.27 17:00:00|55.92|55.93|55.69|55.9|465
2021.05.27 18:00:00|55.91|55.91|55.65|55.65|316
2021.05.28 10:00:00|56.73|56.74|55.98|56.16|543
2021.05.28 11:00:00|56.17|56.32|55.97|56.29|399
2021.05.28 12:00:00|56.27|56.3|55.97|56.11|423
2021.05.28 13:00:00|56.11|56.22|56.02|56.22|238
2021.05.28 14:00:00|56.21|56.39|56.1|56.17|298
2021.05.28 15:00:00|56.17|56.23|56.03|56.06|370
2021.05.28 16:00:00|56.07|56.1|55.77|55.95|518
2021.05.28 17:00:00|55.96|55.97|55.69|55.95|400
2021.05.28 18:00:00|55.95|56.41|55.91|56.37|411
2021.05.31 10:00:00|56.19|56.3|55.92|56.12|186
2021.05.31 11:00:00|56.11|56.14|55.91|55.96|146
2021.05.31 12:00:00|55.97|56.09|55.83|55.89|158
2021.05.31 13:00:00|55.87|56.1|55.87|56.06|115
2021.05.31 14:00:00|56.07|56.1|55.95|55.97|128
2021.05.31 15:00:00|55.95|56.04|55.92|56|145
2021.05.31 16:00:00|56.02|56.11|55.97|56.04|157
2021.05.31 17:00:00|56.02|56.08|55.99|56.01|138
2021.05.31 18:00:00|56|56.03|55.65|55.65|170
2021.06.01 10:00:00|56.18|56.74|56.01|56.67|374
2021.06.01 11:00:00|56.69|56.78|56.41|56.5|335
2021.06.01 12:00:00|56.51|56.54|56.28|56.5|277
2021.06.01 13:00:00|56.5|56.53|56.33|56.37|253
2021.06.01 14:00:00|56.37|56.75|56.34|56.75|266
2021.06.01 15:00:00|56.75|56.78|56.57|56.69|193
2021.06.01 16:00:00|56.69|56.83|56.61|56.77|354
2021.06.01 17:00:00|56.77|56.93|56.69|56.81|503
2021.06.01 18:00:00|56.81|56.85|56.58|56.62|273
2021.06.02 10:00:00|56.53|56.7|56.12|56.46|337
2021.06.02 11:00:00|56.44|56.67|56.42|56.61|227
2021.06.02 12:00:00|56.66|56.8|56.61|56.73|218
2021.06.02 13:00:00|56.73|56.84|56.66|56.73|191
2021.06.02 14:00:00|56.73|56.75|56.54|56.69|211
2021.06.02 15:00:00|56.69|56.85|56.65|56.82|301
2021.06.02 16:00:00|56.83|56.87|56.56|56.75|472
2021.06.02 17:00:00|56.77|56.87|56.75|56.86|350
2021.06.02 18:00:00|56.85|56.9|56.81|56.85|192
2021.06.03 10:00:00|56.8|57.05|56.75|56.87|241
2021.06.03 11:00:00|56.89|57.14|56.86|57.06|261
2021.06.03 12:00:00|57.06|57.32|57.03|57.13|233
2021.06.03 13:00:00|57.12|57.13|56.82|57.05|220
2021.06.03 14:00:00|57.06|57.11|56.93|56.99|280
2021.06.03 15:00:00|56.97|57.32|56.85|57.22|428
2021.06.03 16:00:00|57.21|57.54|57.19|57.47|439
2021.06.03 17:00:00|57.46|57.56|57.33|57.41|366
2021.06.03 18:00:00|57.42|57.46|57.34|57.46|189
2021.06.04 10:00:00|57.5|57.55|57.09|57.3|427
2021.06.04 11:00:00|57.29|57.47|57.28|57.37|262
2021.06.04 12:00:00|57.37|57.74|57.37|57.57|300
2021.06.04 13:00:00|57.56|57.59|57.45|57.57|235
2021.06.04 14:00:00|57.58|57.62|57.35|57.38|251
2021.06.04 15:00:00|57.37|57.59|57.21|57.44|391
2021.06.04 16:00:00|57.44|57.56|57.02|57.07|285
2021.06.04 17:00:00|57.07|57.28|57.07|57.19|351
2021.06.04 18:00:00|57.19|57.21|57.03|57.04|166
2021.06.07 10:00:00|57.14|57.42|56.82|57.18|460
2021.06.07 11:00:00|57.17|57.36|57.09|57.25|288
2021.06.07 12:00:00|57.26|57.26|57|57.06|202
2021.06.07 13:00:00|57.06|57.36|57.06|57.34|193
2021.06.07 14:00:00|57.32|57.37|57.14|57.23|190
2021.06.07 15:00:00|57.24|57.24|57.06|57.17|214
2021.06.07 16:00:00|57.18|57.41|57.11|57.41|279
2021.06.07 17:00:00|57.4|57.55|57.34|57.48|346
2021.06.07 18:00:00|57.47|57.59|57.38|57.58|152
2021.06.08 10:00:00|57.25|57.74|57.2|57.67|442
2021.06.08 11:00:00|57.65|57.71|57.34|57.57|338
2021.06.08 12:00:00|57.55|57.72|57.42|57.42|294
2021.06.08 13:00:00|57.4|57.45|56.95|57.14|279
2021.06.08 14:00:00|57.12|57.2|57.01|57.1|211
2021.06.08 15:00:00|57.11|57.11|56.55|56.72|271
2021.06.08 16:00:00|56.71|56.81|56.43|56.59|356
2021.06.08 17:00:00|56.59|56.75|56.54|56.66|400
2021.06.08 18:00:00|56.67|56.73|56.59|56.68|232
2021.06.09 10:00:00|56.5|56.8|56.24|56.25|241
2021.06.09 11:00:00|56.24|56.24|55.93|55.95|324
2021.06.09 12:00:00|55.94|55.99|55.73|55.9|237
2021.06.09 13:00:00|55.89|55.98|55.79|55.83|163
2021.06.09 14:00:00|55.84|55.84|55.47|55.78|213
2021.06.09 15:00:00|55.77|55.93|55.76|55.82|206
2021.06.09 16:00:00|55.83|55.96|55.62|55.69|297
2021.06.09 17:00:00|55.68|56.19|55.66|56.13|271
2021.06.09 18:00:00|56.14|56.23|56.08|56.09|173
2021.06.10 10:00:00|55.93|56|55.55|55.81|358
2021.06.10 11:00:00|55.82|55.93|55.66|55.87|270
2021.06.10 12:00:00|55.86|56.2|55.8|56.18|318
2021.06.10 13:00:00|56.19|56.38|56.18|56.26|190
2021.06.10 14:00:00|56.26|56.32|56.05|56.2|267
2021.06.10 15:00:00|56.21|56.8|56.19|56.55|518
2021.06.10 16:00:00|56.53|56.81|56.15|56.19|431
2021.06.10 17:00:00|56.22|56.25|55.88|55.96|474
2021.06.10 18:00:00|55.97|56.06|55.93|56|171
2021.06.11 10:00:00|55.7|55.83|55.46|55.82|287
2021.06.11 11:00:00|55.84|55.99|55.62|55.64|209
2021.06.11 12:00:00|55.64|55.87|55.64|55.71|172
2021.06.11 13:00:00|55.7|55.97|55.7|55.91|181
2021.06.11 14:00:00|55.92|56|55.75|55.83|208
2021.06.11 15:00:00|55.84|56.02|55.8|56|180
2021.06.11 16:00:00|55.99|56.07|55.83|55.98|295
2021.06.11 17:00:00|55.98|56.15|55.77|56.1|348
2021.06.11 18:00:00|56.1|56.19|56.04|56.09|208
2021.06.14 10:00:00|56.33|56.61|56.23|56.42|368
2021.06.14 11:00:00|56.41|56.41|56.04|56.05|242
2021.06.14 12:00:00|56.06|56.3|56.05|56.28|225
2021.06.14 13:00:00|56.27|56.34|56.18|56.29|176
2021.06.14 14:00:00|56.28|56.31|56.03|56.09|160
2021.06.14 15:00:00|56.11|56.36|56.05|56.34|268
2021.06.14 16:00:00|56.34|56.5|56.32|56.46|317
2021.06.14 17:00:00|56.46|56.69|56.46|56.65|438
2021.06.14 18:00:00|56.64|56.68|56.37|56.42|225
2021.06.15 10:00:00|56.42|56.56|56.09|56.09|342
2021.06.15 11:00:00|56.05|56.25|56.03|56.19|238
2021.06.15 12:00:00|56.18|56.2|55.95|56.05|233
2021.06.15 13:00:00|56.06|56.19|56|56.18|211
2021.06.15 14:00:00|56.18|56.28|56.12|56.18|200
2021.06.15 15:00:00|56.18|56.39|56.05|56.18|199
2021.06.15 16:00:00|56.19|56.39|56.09|56.16|267
2021.06.15 17:00:00|56.18|56.4|56.18|56.3|229
2021.06.15 18:00:00|56.29|56.42|56.29|56.37|127
2021.06.16 10:00:00|56.64|56.75|55.84|55.84|390
2021.06.16 11:00:00|55.85|56|55.62|55.92|346
2021.06.16 12:00:00|55.91|56|55.66|55.75|220
2021.06.16 13:00:00|55.77|55.95|55.76|55.81|270
2021.06.16 14:00:00|55.82|55.82|55.69|55.76|197
2021.06.16 15:00:00|55.77|55.81|55.47|55.49|276
2021.06.16 16:00:00|55.48|55.5|55.25|55.31|438
2021.06.16 17:00:00|55.32|55.56|55.27|55.56|449
2021.06.16 18:00:00|55.55|55.72|55.5|55.58|201
2021.06.17 10:00:00|56.34|57.22|56.29|57.05|648
2021.06.17 11:00:00|57.06|57.53|57.04|57.41|430
2021.06.17 12:00:00|57.4|57.72|57.39|57.5|350
2021.06.17 13:00:00|57.49|57.53|57.37|57.4|208
2021.06.17 14:00:00|57.39|57.47|57.18|57.35|291
2021.06.17 15:00:00|57.36|57.49|57.1|57.18|281
2021.06.17 16:00:00|57.17|57.29|56.88|57.1|376
2021.06.17 17:00:00|57.11|57.15|56.35|56.39|660
2021.06.17 18:00:00|56.4|56.4|56.16|56.26|345
2021.06.18 10:00:00|55.5|55.88|54.92|54.99|846
2021.06.18 11:00:00|54.98|55.04|54.87|54.9|512
2021.06.18 12:00:00|54.9|55.18|54.7|54.92|879
2021.06.18 13:00:00|54.91|55|54.47|54.56|603
2021.06.18 14:00:00|54.57|54.65|54.28|54.41|513
2021.06.18 15:00:00|54.42|54.42|53.83|53.9|725
2021.06.18 16:00:00|53.9|54.07|53.68|53.88|686
2021.06.18 17:00:00|53.9|54.04|53.58|53.78|654
2021.06.18 18:00:00|53.77|54.02|53.56|53.59|334
2021.06.21 10:00:00|52.87|53.39|52.22|53.1|1049
2021.06.21 11:00:00|53.09|53.54|52.97|53.51|602
2021.06.21 12:00:00|53.49|53.78|53.36|53.62|454
2021.06.21 13:00:00|53.63|53.68|53.23|53.23|340
2021.06.21 14:00:00|53.22|53.43|53.12|53.16|502
2021.06.21 15:00:00|53.15|53.71|53.07|53.66|546
2021.06.21 16:00:00|53.65|53.94|53.53|53.59|666
2021.06.21 17:00:00|53.6|54.02|53.58|53.9|523
2021.06.21 18:00:00|53.89|53.91|53.65|53.81|243
2021.06.22 10:00:00|54.11|54.16|53.82|53.98|550
2021.06.22 11:00:00|53.97|54.26|53.86|53.93|386
2021.06.22 12:00:00|53.94|53.95|53.47|53.54|329
2021.06.22 13:00:00|53.52|53.62|53.34|53.41|263
2021.06.22 14:00:00|53.4|53.6|53.33|53.56|376
2021.06.22 15:00:00|53.57|53.77|53.48|53.6|325
2021.06.22 16:00:00|53.58|53.63|53.25|53.47|371
2021.06.22 17:00:00|53.46|53.73|53.35|53.72|341
2021.06.22 18:00:00|53.71|53.92|53.66|53.91|215
2021.06.23 10:00:00|54|54.35|53.9|54.03|452
2021.06.23 11:00:00|54.04|54.08|53.8|53.89|255
2021.06.23 12:00:00|53.91|53.92|53.63|53.72|214
2021.06.23 13:00:00|53.73|53.75|53.59|53.64|188
2021.06.23 14:00:00|53.64|53.64|53.33|53.52|196
2021.06.23 15:00:00|53.5|53.83|53.46|53.73|230
2021.06.23 16:00:00|53.73|53.79|53.6|53.61|306
2021.06.23 17:00:00|53.6|53.72|53.52|53.6|289
2021.06.23 18:00:00|53.61|53.62|53.33|53.4|223
2021.06.24 10:00:00|53.73|53.88|53.38|53.56|376
2021.06.24 11:00:00|53.57|54.08|53.57|54.05|329
2021.06.24 12:00:00|54.04|54.4|54.04|54.22|362
2021.06.24 13:00:00|54.21|54.21|53.95|54.04|247
2021.06.24 14:00:00|54.04|54.05|53.78|53.87|188
2021.06.24 15:00:00|53.85|54.02|53.7|54.02|211
2021.06.24 16:00:00|54.04|54.07|53.87|53.88|316
2021.06.24 17:00:00|53.89|54.07|53.89|53.95|277
2021.06.24 18:00:00|53.96|54|53.86|54|215
2021.06.25 10:00:00|54.28|54.39|53.94|54.04|325
2021.06.25 11:00:00|54.03|54.2|54.01|54.07|262
2021.06.25 12:00:00|54.09|54.32|54.02|54.25|215
2021.06.25 13:00:00|54.24|54.24|54.04|54.16|217
2021.06.25 14:00:00|54.17|54.58|54.16|54.4|268
2021.06.25 15:00:00|54.39|54.45|54.19|54.19|196
2021.06.25 16:00:00|54.18|54.19|53.93|54.1|312
2021.06.25 17:00:00|54.1|54.28|54.07|54.22|244
2021.06.25 18:00:00|54.21|54.42|54.2|54.4|123
2021.06.28 10:00:00|54.2|54.48|53.98|54.02|251
2021.06.28 11:00:00|54.01|54.05|53.6|53.81|217
2021.06.28 12:00:00|53.81|53.83|53.56|53.65|190
2021.06.28 13:00:00|53.63|53.74|53.5|53.65|245
2021.06.28 14:00:00|53.64|53.88|53.5|53.83|164
2021.06.28 15:00:00|53.8|53.88|53.75|53.84|114
2021.06.28 16:00:00|53.85|53.91|53.42|53.59|422
2021.06.28 17:00:00|53.58|53.58|53.09|53.18|383
2021.06.28 18:00:00|53.17|53.28|52.95|52.96|191
2021.06.29 10:00:00|53.15|53.82|53.15|53.76|318
2021.06.29 11:00:00|53.77|54.17|53.56|53.57|298
2021.06.29 12:00:00|53.58|53.77|53.53|53.61|259
2021.06.29 13:00:00|53.62|53.69|53.47|53.5|176
2021.06.29 14:00:00|53.5|53.69|53.48|53.51|216
2021.06.29 15:00:00|53.49|53.99|53.49|53.93|249
2021.06.29 16:00:00|53.93|54.05|53.54|53.58|376
2021.06.29 17:00:00|53.59|53.68|53.31|53.35|397
2021.06.29 18:00:00|53.34|53.49|53.34|53.48|208
2021.06.30 10:00:00|53.28|53.33|52.79|52.8|394
2021.06.30 11:00:00|52.81|52.81|52.08|52.19|570
2021.06.30 12:00:00|52.2|52.61|52.06|52.5|559
2021.06.30 13:00:00|52.51|52.79|52.51|52.66|302
2021.06.30 14:00:00|52.67|53.09|52.65|52.99|285
2021.06.30 15:00:00|53|53.11|52.83|52.86|250
2021.06.30 16:00:00|52.85|53.18|52.64|53.13|405
2021.06.30 17:00:00|53.14|53.22|52.79|52.79|525
2021.06.30 18:00:00|52.78|52.8|52.57|52.73|341
2021.07.01 10:00:00|53.15|53.63|53.15|53.45|606
2021.07.01 11:00:00|53.46|53.76|53.39|53.42|355
2021.07.01 12:00:00|53.41|53.49|53.27|53.36|339
2021.07.01 13:00:00|53.35|53.39|52.88|53.03|376
2021.07.01 14:00:00|53.02|53.35|52.83|53.34|347
2021.07.01 15:00:00|53.33|53.37|53.08|53.18|261
2021.07.01 16:00:00|53.17|53.26|52.79|52.96|422
2021.07.01 17:00:00|52.97|53.45|52.97|53.38|453
2021.07.01 18:00:00|53.38|53.46|53.24|53.42|261
2021.07.02 10:00:00|53.47|53.5|53.01|53.06|446
2021.07.02 11:00:00|53.03|53.13|52.79|52.82|183
2021.07.02 12:00:00|52.8|53.05|52.77|52.94|190
2021.07.02 13:00:00|52.94|53.13|52.86|52.9|213
2021.07.02 14:00:00|52.89|53.02|52.87|52.91|245
2021.07.02 15:00:00|52.93|53.28|52.83|53.1|288
2021.07.02 16:00:00|53.09|53.14|52.65|52.73|293
2021.07.02 17:00:00|52.72|52.73|52.34|52.36|319
2021.07.02 18:00:00|52.37|52.47|52.22|52.3|243
2021.07.05 10:00:00|52.34|52.46|52.05|52.37|340
2021.07.05 11:00:00|52.36|52.66|52.29|52.52|271
2021.07.05 12:00:00|52.53|52.85|52.44|52.81|310
2021.07.05 13:00:00|52.82|53.21|52.81|53.19|310
2021.07.05 14:00:00|53.19|53.26|53.11|53.23|214
2021.07.05 15:00:00|53.23|53.54|53.23|53.44|272
2021.07.05 16:00:00|53.45|53.59|53.35|53.52|240
2021.07.05 17:00:00|53.51|53.77|53.45|53.62|266
2021.07.05 18:00:00|53.61|53.64|53.54|53.57|205
2021.07.06 10:00:00|53.43|53.44|52.81|52.99|399
2021.07.06 11:00:00|53.01|53.26|52.93|53.16|314
2021.07.06 12:00:00|53.16|53.22|52.96|53.2|343
2021.07.06 13:00:00|53.19|53.27|53|53.05|281
2021.07.06 14:00:00|53.05|53.24|52.98|53.2|272
2021.07.06 15:00:00|53.21|53.27|53.14|53.21|327
2021.07.06 16:00:00|53.21|53.22|52.8|52.82|553
2021.07.06 17:00:00|52.81|52.81|51.88|51.88|693
2021.07.06 18:00:00|51.88|51.88|51.65|51.8|507
2021.07.07 10:00:00|52.05|52.07|51.28|51.33|658
2021.07.07 11:00:00|51.34|51.46|51.13|51.18|539
2021.07.07 12:00:00|51.19|51.44|51.08|51.31|359
2021.07.07 13:00:00|51.32|51.32|50.99|51.32|347
2021.07.07 14:00:00|51.33|51.37|50.96|50.98|295
2021.07.07 15:00:00|50.99|51.08|50.65|50.66|555
2021.07.07 16:00:00|50.64|51.27|50.64|51.01|597
2021.07.07 17:00:00|51|51.04|50.61|50.73|653
2021.07.07 18:00:00|50.76|51.03|50.71|50.98|310
2021.07.08 10:00:00|50.3|50.55|49.86|50.02|886
2021.07.08 11:00:00|50.03|50.1|49.67|49.94|801
2021.07.08 12:00:00|49.95|50.07|49.5|49.51|580
2021.07.08 13:00:00|49.5|49.57|49.28|49.54|694
2021.07.08 14:00:00|49.54|49.72|49.38|49.64|661
2021.07.08 15:00:00|49.65|49.83|49.47|49.64|761
2021.07.08 16:00:00|49.65|50.01|49.33|49.58|1086
2021.07.08 17:00:00|49.59|49.7|49.38|49.52|1224
2021.07.08 18:00:00|49.53|49.74|49.45|49.49|703
2021.07.09 10:00:00|49.87|50.08|49.63|49.83|818
2021.07.09 11:00:00|49.85|50.58|49.85|50.52|534
2021.07.09 12:00:00|50.51|50.82|50.45|50.45|469
2021.07.09 13:00:00|50.47|50.71|50.45|50.48|322
2021.07.09 14:00:00|50.5|50.77|50.45|50.67|272
2021.07.09 15:00:00|50.68|50.69|50.41|50.47|416
2021.07.09 16:00:00|50.48|50.62|50.25|50.46|570
2021.07.09 17:00:00|50.47|50.81|50.38|50.68|640
2021.07.09 18:00:00|50.69|50.79|50.62|50.73|273
2021.07.12 10:00:00|50.77|50.78|49.78|49.85|571
2021.07.12 11:00:00|49.85|50.26|49.82|50.12|385
2021.07.12 12:00:00|50.11|50.11|49.81|49.82|284
2021.07.12 13:00:00|49.83|49.93|49.72|49.83|279
2021.07.12 14:00:00|49.84|50.16|49.84|50.08|181
2021.07.12 15:00:00|50.07|50.38|50.01|50.37|203
2021.07.12 16:00:00|50.38|50.92|50.12|50.88|511
2021.07.12 17:00:00|50.87|51.16|50.76|50.78|625
2021.07.12 18:00:00|50.79|51.02|50.74|51|229
2021.07.13 10:00:00|51.07|51.36|50.81|50.84|479
2021.07.13 11:00:00|50.84|51.17|50.83|50.99|383
2021.07.13 12:00:00|51.03|51.04|50.75|50.77|359
2021.07.13 13:00:00|50.78|51.08|50.78|50.82|241
2021.07.13 14:00:00|50.83|50.9|50.73|50.76|237
2021.07.13 15:00:00|50.75|51.46|50.67|51.33|624
2021.07.13 16:00:00|51.32|51.39|50.92|50.92|508
2021.07.13 17:00:00|50.93|50.94|50.55|50.59|482
2021.07.13 18:00:00|50.58|50.77|50.56|50.73|172
2021.07.14 10:00:00|50.59|51.42|50.58|51.29|493
2021.07.14 11:00:00|51.28|51.32|51.02|51.09|352
2021.07.14 12:00:00|51.1|51.31|51.02|51.04|298
2021.07.14 13:00:00|51.04|51.27|51.03|51.12|261
2021.07.14 14:00:00|51.11|51.2|51.03|51.07|254
2021.07.14 15:00:00|51.08|51.35|51.06|51.25|252
2021.07.14 16:00:00|51.22|51.54|51.13|51.2|447
2021.07.14 17:00:00|51.21|51.34|50.95|51.02|493
2021.07.14 18:00:00|51.03|51.05|50.92|51.02|253
2021.07.15 10:00:00|50.72|50.73|50.2|50.29|357
2021.07.15 11:00:00|50.31|50.85|50.23|50.65|304
2021.07.15 12:00:00|50.64|50.76|50.47|50.57|376
2021.07.15 13:00:00|50.58|50.84|50.44|50.5|297
2021.07.15 14:00:00|50.49|50.66|50.35|50.54|271
2021.07.15 15:00:00|50.53|50.6|50.4|50.41|246
2021.07.15 16:00:00|50.4|50.48|50.19|50.39|436
2021.07.15 17:00:00|50.38|50.7|50.32|50.65|457
2021.07.15 18:00:00|50.63|50.66|50.43|50.59|250
2021.07.16 10:00:00|50.84|51.04|50.34|50.39|414
2021.07.16 11:00:00|50.36|50.71|50.36|50.66|257
2021.07.16 12:00:00|50.61|50.67|50.47|50.55|280
2021.07.16 13:00:00|50.54|50.58|50|50.06|267
2021.07.16 14:00:00|50.05|50.2|50.01|50.08|202
2021.07.16 15:00:00|50.06|50.23|49.93|50.09|297
2021.07.16 16:00:00|50.14|50.25|49.79|49.89|436
2021.07.16 17:00:00|49.9|49.9|49.49|49.81|782
2021.07.16 18:00:00|49.8|49.97|49.73|49.84|317
2021.07.19 10:00:00|49.05|49.31|48.52|48.74|1012
2021.07.19 11:00:00|48.74|49|48.36|48.43|653
2021.07.19 12:00:00|48.44|48.46|48.19|48.38|562
2021.07.19 13:00:00|48.39|48.4|48.15|48.22|361
2021.07.19 14:00:00|48.23|48.26|47.68|47.95|550
2021.07.19 15:00:00|47.95|47.98|47.71|47.82|641
2021.07.19 16:00:00|47.8|48.11|47.49|47.61|1004
2021.07.19 17:00:00|47.59|47.75|47.24|47.43|1075
2021.07.19 18:00:00|47.42|47.65|47.33|47.53|599
2021.07.20 10:00:00|48.21|48.64|48.2|48.32|760
2021.07.20 11:00:00|48.32|48.66|48.31|48.47|552
2021.07.20 12:00:00|48.46|48.58|47.95|48.05|527
2021.07.20 13:00:00|48.04|48.39|47.96|48.05|483
2021.07.20 14:00:00|48.06|48.61|47.97|48.52|409
2021.07.20 15:00:00|48.53|48.64|47.87|47.93|468
2021.07.20 16:00:00|47.92|48.27|47.57|48.25|730
2021.07.20 17:00:00|48.26|48.88|48.23|48.85|727
2021.07.20 18:00:00|48.85|48.89|48.67|48.67|382
2021.07.21 10:00:00|48.74|49.53|48.33|49.49|834
2021.07.21 11:00:00|49.49|50.01|49.32|49.91|689
2021.07.21 12:00:00|49.92|49.97|49.54|49.54|568
2021.07.21 13:00:00|49.53|49.56|49.26|49.46|445
2021.07.21 14:00:00|49.47|49.63|49.27|49.34|430
2021.07.21 15:00:00|49.35|49.64|49.33|49.54|455
2021.07.21 16:00:00|49.55|50.18|49.44|49.94|628
2021.07.21 17:00:00|49.95|50.26|49.81|49.99|589
2021.07.21 18:00:00|50.01|50.17|49.98|50.09|238
2021.07.22 10:00:00|50.41|50.66|50.24|50.55|434
2021.07.22 11:00:00|50.57|50.95|50.5|50.86|346
2021.07.22 12:00:00|50.84|50.97|50.67|50.78|313
2021.07.22 13:00:00|50.77|50.9|50.71|50.78|230
2021.07.22 14:00:00|50.77|50.83|50.56|50.71|314
2021.07.22 15:00:00|50.7|50.71|50.14|50.33|317
2021.07.22 16:00:00|50.31|50.48|49.96|50.02|377
2021.07.22 17:00:00|50.03|50.27|49.92|49.99|407
2021.07.22 18:00:00|49.97|50.02|49.89|49.96|188
2021.07.23 10:00:00|50.15|50.32|49.96|50.11|327
2021.07.23 11:00:00|50.12|50.38|50.09|50.32|239
2021.07.23 12:00:00|50.31|50.56|50.29|50.42|219
2021.07.23 13:00:00|50.4|50.6|50.36|50.56|177
2021.07.23 14:00:00|50.54|50.64|50.37|50.62|252
2021.07.23 15:00:00|50.61|50.9|50.61|50.74|312
2021.07.23 16:00:00|50.73|50.93|50.49|50.53|489
2021.07.23 17:00:00|50.52|50.73|50.41|50.52|439
2021.07.23 18:00:00|50.53|50.63|50.46|50.61|195
2021.07.26 10:00:00|50.12|50.37|49.75|49.81|665
2021.07.26 11:00:00|49.8|49.81|49.51|49.7|388
2021.07.26 12:00:00|49.69|50.39|49.69|50.38|315
2021.07.26 13:00:00|50.37|50.62|50.34|50.49|201
2021.07.26 14:00:00|50.5|50.9|50.37|50.9|228
2021.07.26 15:00:00|50.91|51.19|50.78|50.78|278
2021.07.26 16:00:00|50.77|51.41|50.76|51.41|467
2021.07.26 17:00:00|51.42|51.75|51.4|51.54|538
2021.07.26 18:00:00|51.55|51.66|51.5|51.61|208
2021.07.27 10:00:00|51.31|51.36|50.42|50.58|811
2021.07.27 11:00:00|50.57|51.09|50.51|51.06|642
2021.07.27 12:00:00|51.04|51.18|50.93|51.05|600
2021.07.27 13:00:00|51.05|51.19|50.91|51.03|303
2021.07.27 14:00:00|51.03|51.09|50.82|50.84|210
2021.07.27 15:00:00|50.83|50.89|50.63|50.88|248
2021.07.27 16:00:00|50.87|50.94|50.48|50.79|490
2021.07.27 17:00:00|50.78|51.26|50.71|51.22|520
2021.07.27 18:00:00|51.21|51.4|51.19|51.26|310
2021.07.28 10:00:00|51.46|51.49|50.98|51.25|345
2021.07.28 11:00:00|51.26|51.38|51.06|51.21|311
2021.07.28 12:00:00|51.2|51.57|51.17|51.56|243
2021.07.28 13:00:00|51.55|51.67|51.35|51.48|247
2021.07.28 14:00:00|51.45|51.46|51.1|51.22|230
2021.07.28 15:00:00|51.22|51.29|51.12|51.23|203
2021.07.28 16:00:00|51.25|51.37|51.03|51.13|335
2021.07.28 17:00:00|51.14|51.14|50.81|50.9|390
2021.07.28 18:00:00|50.89|51.03|50.81|51.02|152
2021.07.29 10:00:00|51.06|51.67|51.01|51.57|458
2021.07.29 11:00:00|51.59|51.7|51.49|51.55|346
2021.07.29 12:00:00|51.54|51.83|51.49|51.8|271
2021.07.29 13:00:00|51.81|52.21|51.79|52.18|295
2021.07.29 14:00:00|52.2|52.28|52.07|52.23|296
2021.07.29 15:00:00|52.24|52.26|51.9|52.07|272
2021.07.29 16:00:00|52.06|52.2|51.8|51.93|481
2021.07.29 17:00:00|51.94|52.18|51.89|51.92|393
2021.07.29 18:00:00|51.93|52.07|51.86|52.07|203
2021.07.30 10:00:00|53.02|53.03|51.67|51.96|1171
2021.07.30 11:00:00|51.95|52.66|51.9|52.04|751
2021.07.30 12:00:00|52.05|52.82|51.51|51.53|919
2021.07.30 13:00:00|51.55|51.66|51.29|51.64|668
2021.07.30 14:00:00|51.65|51.7|51.21|51.23|379
2021.07.30 15:00:00|51.24|51.46|51.16|51.41|501
2021.07.30 16:00:00|51.41|51.88|51.3|51.84|592
2021.07.30 17:00:00|51.85|52.01|51.35|51.36|675
