2020.02.05 18:30:00|321.8|324.17|321.42|323.47|3868
2020.02.05 19:30:00|323.46|327.66|322.77|327.04|3655
2020.02.05 20:30:00|327.04|328.67|326.4|327.87|3936
2020.02.05 21:30:00|327.87|329.15|327.12|328.92|3289
2020.02.05 22:30:00|328.92|329.41|328.44|328.8|2760
2020.02.06 16:30:00|330.27|330.28|325.34|327.13|6764
2020.02.06 17:30:00|327.14|340.41|326.89|337.51|12019
2020.02.06 18:30:00|337.52|341.69|334.84|341.62|9020
2020.02.06 19:30:00|341.62|343.17|338.08|341.66|7468
2020.02.06 20:30:00|341.66|342.97|340.21|341.62|4679
2020.02.06 21:30:00|341.62|342.06|338.52|339.64|4568
2020.02.06 22:30:00|339.64|341.74|339.54|340.94|3788
2020.02.07 16:30:00|339.44|340.33|336.96|339.79|5826
2020.02.07 17:30:00|339.8|340.06|337.28|337.85|4052
2020.02.07 18:30:00|337.93|338.82|336.27|337.26|3525
2020.02.07 19:30:00|337.26|337.37|335.82|336.81|2114
2020.02.07 20:30:00|336.81|336.81|335.41|335.92|2864
2020.02.07 21:30:00|335.92|337.09|335.89|336.96|2503
2020.02.07 22:30:00|336.91|337.59|336.26|336.56|2297
2020.02.10 16:30:00|336.61|344.72|336.01|342.59|7590
2020.02.10 17:30:00|342.59|345.63|342.55|344.06|4583
2020.02.10 18:30:00|344.08|344.42|342.77|343.33|3280
2020.02.10 19:30:00|343.34|343.76|343.19|343.54|2208
2020.02.10 20:30:00|343.54|344.56|343.09|344.06|2443
2020.02.10 21:30:00|344.07|344.39|343.39|343.98|2837
2020.02.10 22:30:00|343.98|344.54|343.57|344.48|2269
2020.02.11 16:30:00|346.12|347.7|343.41|345.88|6153
2020.02.11 17:30:00|345.85|347.05|341.86|343.23|5052
2020.02.11 18:30:00|343.27|343.71|341.78|343.6|3963
2020.02.11 19:30:00|343.6|345.32|343|344.72|3218
2020.02.11 20:30:00|344.72|344.95|343.34|343.51|2973
2020.02.11 21:30:00|343.53|344.85|342.73|343.61|3665
2020.02.11 22:30:00|343.61|344.41|342.9|343.87|2458
2020.02.12 16:30:00|345.96|349.66|345.77|348.08|7044
2020.02.12 17:30:00|348.08|348.18|346.17|346.88|5002
2020.02.12 18:30:00|346.85|348.52|346.07|348.08|2874
2020.02.12 19:30:00|348.13|348.42|346.93|348.17|1987
2020.02.12 20:30:00|348.18|348.39|347.62|348.04|2014
2020.02.12 21:30:00|348.03|348.54|347.32|347.46|2391
2020.02.12 22:30:00|347.47|347.93|346.98|347.19|2271
2020.02.13 16:30:00|344.1|347.52|343.72|345.01|4943
2020.02.13 17:30:00|345.02|345.99|343.76|345.66|3199
2020.02.13 18:30:00|345.64|346.28|344.68|346.05|2011
2020.02.13 19:30:00|346.05|346.25|344.98|345.77|1764
2020.02.13 20:30:00|345.77|346.08|344.86|345.01|1589
2020.02.13 21:30:00|344.97|345.25|342.86|342.96|2326
2020.02.13 22:30:00|342.97|343.37|342.37|342.6|2683
2020.02.14 16:30:00|341.21|344.22|341.21|342.81|3961
2020.02.14 17:30:00|342.82|343.38|341.26|342.83|3828
2020.02.14 18:30:00|342.77|343.73|342.02|342.9|2055
2020.02.14 19:30:00|342.84|342.91|337.76|337.77|4773
2020.02.14 20:30:00|337.78|339.95|337.76|338.96|3467
2020.02.14 21:30:00|338.98|339.96|338.46|339.38|2544
2020.02.14 22:30:00|339.38|340.83|339.29|340.37|2172
2020.02.18 16:30:00|338.38|339.43|337.85|338.47|4656
2020.02.18 17:30:00|338.47|338.54|337.01|337.03|4792
2020.02.18 18:30:00|337.03|337.46|335.78|337.09|3039
2020.02.18 19:30:00|337.14|338.01|336.97|337.69|1753
2020.02.18 20:30:00|337.7|338.79|337.06|338.79|1822
2020.02.18 21:30:00|338.76|338.99|337.9|338.47|2645
2020.02.18 22:30:00|338.47|338.75|338.01|338.52|2141
2020.02.19 16:30:00|338.2|338.75|335.61|336.69|4858
2020.02.19 17:30:00|336.7|339.39|336.26|338.35|3565
2020.02.19 18:30:00|338.36|339.51|338.36|339.18|1879
2020.02.19 19:30:00|339.18|341.1|339.05|339.98|2945
2020.02.19 20:30:00|339.99|340.97|339.46|340.49|2077
2020.02.19 21:30:00|340.49|341.06|339.27|339.75|2640
2020.02.19 22:30:00|339.75|339.76|337.45|338.1|2283
2020.02.20 16:30:00|338.3|340.78|337.97|339.38|4219
2020.02.20 17:30:00|339.37|340.19|337.02|337.16|3809
2020.02.20 18:30:00|337.16|337.56|335.25|336.41|4795
2020.02.20 19:30:00|336.4|338.13|336.26|337.46|2836
2020.02.20 20:30:00|337.46|338.24|336.91|337.08|2445
2020.02.20 21:30:00|337.14|337.8|336.61|336.86|2682
2020.02.20 22:30:00|336.86|337.02|335.63|335.94|2357
2020.02.21 16:30:00|332.94|334.18|330.77|331.46|6147
2020.02.21 17:30:00|331.47|332.4|330.76|331.97|4000
2020.02.21 18:30:00|331.92|332.97|331.76|331.89|2821
2020.02.21 19:30:00|331.9|333.04|331.76|331.95|2811
2020.02.21 20:30:00|331.95|331.99|330.96|331.18|3586
2020.02.21 21:30:00|331.19|331.66|330.97|330.98|3616
2020.02.21 22:30:00|331|331.13|330.21|330.21|2847
2020.02.24 16:30:00|318.78|321.5|316.09|320.37|9483
2020.02.24 17:30:00|320.27|320.29|316.92|318.6|6814
2020.02.24 18:30:00|318.61|318.9|316.72|318.39|5426
2020.02.24 19:30:00|318.4|319.16|317.04|317.96|5492
2020.02.24 20:30:00|318.04|318.97|317.11|318.07|4770
2020.02.24 21:30:00|318.07|319.43|317.77|318.29|5398
2020.02.24 22:30:00|318.3|318.53|317.76|318|4216
2020.02.25 16:30:00|318.81|319.98|315.77|315.78|7383
2020.02.25 17:30:00|315.78|316.29|310.11|311.49|9310
2020.02.25 18:30:00|311.5|312.11|310.11|310.48|7485
2020.02.25 19:30:00|310.48|310.87|306.67|306.69|7547
2020.02.25 20:30:00|306.69|306.9|303.82|303.88|10324
2020.02.25 21:30:00|303.89|306.35|303.36|305.01|10616
2020.02.25 22:30:00|305.02|305.3|303.56|304.12|7153
2020.02.26 16:30:00|306.29|313.98|305.56|313.08|10714
2020.02.26 17:30:00|313.07|314.91|312.56|314.13|7659
2020.02.26 18:30:00|314.13|314.13|307.01|311.82|7729
2020.02.26 19:30:00|311.81|312.15|307.26|307.62|6763
2020.02.26 20:30:00|307.63|307.66|303.92|304.85|9064
2020.02.26 21:30:00|304.84|305.65|303.81|304.9|8613
2020.02.26 22:30:00|304.9|306.68|304.76|305.28|4043
2020.02.27 16:30:00|297.97|298.3|284.41|284.98|12701
2020.02.27 17:30:00|284.99|297.75|283.86|295.02|13007
2020.02.27 18:30:00|295.02|297.96|291.76|297.35|9513
2020.02.27 19:30:00|297.42|300.5|296.9|297.36|8896
2020.02.27 20:30:00|297.36|298.16|293.78|295.62|10051
2020.02.27 21:30:00|295.62|295.62|291.3|291.48|8934
2020.02.27 22:30:00|291.47|291.78|287.92|288.15|6430
2020.02.28 16:30:00|276.9|282.39|269.51|270.52|13547
2020.02.28 17:30:00|270.52|273.87|269.47|273.31|12450
2020.02.28 18:30:00|273.32|276.77|271.5|274.51|12324
2020.02.28 19:30:00|274.52|275.15|272.16|272.36|10842
2020.02.28 20:30:00|272.37|273.11|269.54|271.88|10601
2020.02.28 21:30:00|271.88|274.55|270.37|271.16|10972
2020.02.28 22:30:00|271.17|274.69|270.46|274.22|7057
2020.03.02 16:30:00|278.81|279.89|273.97|276.41|10143
2020.03.02 17:30:00|276.42|280.72|275.51|280.25|10435
2020.03.02 18:30:00|280.26|285.74|279.84|285.27|10274
2020.03.02 19:30:00|285.28|288.81|284.77|288.65|9234
2020.03.02 20:30:00|288.66|291.31|287.6|287.78|9020
2020.03.02 21:30:00|287.67|288.8|284.36|287.58|8375
2020.03.02 22:30:00|287.59|289.77|287.58|288.72|5037
2020.03.03 16:30:00|290.8|296.76|286.86|290.33|7835
2020.03.03 17:30:00|290.33|291.96|282.27|282.62|8017
2020.03.03 18:30:00|282.63|288.46|282.28|286.17|7723
2020.03.03 19:30:00|286.18|286.68|281.29|282.32|7180
2020.03.03 20:30:00|282.32|283.23|278.15|281.04|8549
2020.03.03 21:30:00|281.04|283.89|277.76|283.89|9034
2020.03.03 22:30:00|283.89|284.05|279.84|280.27|4781
2020.03.04 16:30:00|282.76|285.39|277.28|280.95|7579
2020.03.04 17:30:00|280.96|281.31|277.77|279.48|7149
2020.03.04 18:30:00|279.49|280.02|276.77|277.89|6227
2020.03.04 19:30:00|277.9|282.11|277.58|280.68|6287
2020.03.04 20:30:00|280.74|282.08|279.46|280.82|5595
2020.03.04 21:30:00|280.82|281.43|279.27|280.65|5835
2020.03.04 22:30:00|280.66|282.28|280.07|281.89|4730
2020.03.05 16:30:00|274.59|275.01|267.87|270.63|10652
2020.03.05 17:30:00|270.61|271|268.13|268.92|9110
2020.03.05 18:30:00|268.92|269.79|266.26|266.67|8864
2020.03.05 19:30:00|266.66|266.83|262.76|265.27|10306
2020.03.05 20:30:00|265.34|266.37|262.32|262.69|9124
2020.03.05 21:30:00|262.7|263.74|260.76|261.41|10745
2020.03.05 22:30:00|261.4|264.81|259.37|260.48|6842
2020.03.06 16:30:00|251.6|261.18|249.53|261.18|12250
2020.03.06 17:30:00|261.18|263.78|257.63|257.77|10554
2020.03.06 18:30:00|257.78|262.84|256.26|257.14|8912
2020.03.06 19:30:00|257.14|260.46|257.01|258.63|7732
2020.03.06 20:30:00|258.63|259.52|256.76|257.34|7970
2020.03.06 21:30:00|257.34|257.72|254.46|255.93|9853
2020.03.06 22:30:00|255.93|263.56|255.52|262.82|5855
2020.03.09 15:30:00|235.71|240.46|224.13|238.23|8444
2020.03.09 16:30:00|238.23|241.12|236.12|236.38|9619
2020.03.09 17:30:00|236.38|241.03|234.65|234.65|9081
2020.03.09 18:30:00|234.65|235.15|232.08|232.39|8353
2020.03.09 19:30:00|232.39|232.51|227.03|227.97|9426
2020.03.09 20:30:00|227.97|231.64|225.05|230.65|10266
2020.03.09 21:30:00|230.66|231.19|227.86|228.04|5768
2020.03.10 15:30:00|237.05|237.09|227.84|228.1|8661
2020.03.10 16:30:00|228.18|228.2|217.77|218.86|9746
2020.03.10 17:30:00|218.85|221.23|214.76|218.86|8484
2020.03.10 18:30:00|218.85|220.04|216.51|219.57|8523
2020.03.10 19:30:00|219.57|220.07|216.85|219.77|8331
2020.03.10 20:30:00|219.77|224.81|219.29|223.59|9316
2020.03.10 21:30:00|223.57|230.69|222.83|230.67|4852
2020.03.11 15:30:00|221.81|226.62|208.78|209.65|13222
2020.03.11 16:30:00|209.65|213.15|205.31|206.39|14491
2020.03.11 17:30:00|206.41|207.47|202.76|203.81|14168
2020.03.11 18:30:00|203.81|204.06|198.77|200.02|14742
2020.03.11 19:30:00|200.02|201.01|195.53|195.81|13206
2020.03.11 20:30:00|195.83|197.74|189.61|191.23|15243
2020.03.11 21:30:00|191.21|195.08|186.76|187.57|7406
2020.03.12 15:30:00|158.8|168.51|155.27|162.92|15210
2020.03.12 16:30:00|162.93|169|160.26|166.75|13648
2020.03.12 17:30:00|166.73|171.61|162.76|170.35|12697
2020.03.12 18:30:00|170.35|189.29|166.37|175.46|10606
2020.03.12 19:30:00|175.47|176.26|164.76|165.51|12305
2020.03.12 20:30:00|165.51|165.97|159.76|160.03|10644
2020.03.12 21:30:00|160.05|162.25|154.76|154.77|6900
2020.03.13 15:30:00|177.01|177.01|162.86|171.78|10861
2020.03.13 16:30:00|171.79|171.9|165.94|166.14|6769
2020.03.13 17:30:00|166.17|166.18|161.09|162.26|6866
2020.03.13 18:30:00|162.27|166.49|161.5|165.99|7511
2020.03.13 19:30:00|166|171.11|164.27|168.16|7985
2020.03.13 20:30:00|168.16|168.65|165.06|166.17|7226
2020.03.13 21:30:00|166.23|168.27|163.76|167.48|4903
2020.03.16 15:30:00|146.97|148.23|135.56|140.01|11090
2020.03.16 16:30:00|140.02|144.68|138.3|142.89|14461
2020.03.16 17:30:00|142.89|143.93|138.26|141.63|9711
2020.03.16 18:30:00|141.64|142.33|137.81|137.83|8504
2020.03.16 19:30:00|137.86|138.58|135.01|135.51|7057
2020.03.16 20:30:00|135.51|137.69|134.79|134.9|11170
2020.03.16 21:30:00|134.91|136.27|128.66|128.85|7160
2020.03.17 15:30:00|131.23|131.81|101.01|109.76|18365
2020.03.17 16:30:00|109.77|114.34|104.26|112.66|14745
2020.03.17 17:30:00|112.66|128.1|109.76|116.82|12446
2020.03.17 18:30:00|116.81|123.25|112.02|119.76|12499
2020.03.17 19:30:00|119.77|127.1|118.78|124.84|11815
2020.03.17 20:30:00|124.84|125.67|117.69|118.49|10522
2020.03.17 21:30:00|118.52|125.25|118.36|123.59|6813
2020.03.18 15:30:00|104.46|106.54|97.76000000000001|104.76|16205
2020.03.18 16:30:00|104.71|104.87|98.86|101.8|10567
2020.03.18 17:30:00|101.79|107.39|99.94|101.09|11692
2020.03.18 18:30:00|101.04|101.15|89.81|89.88|9188
2020.03.18 19:30:00|89.88|96.11|88.76000000000001|90.59|13396
2020.03.18 20:30:00|90.61|99.75|90.27|98.69|11851
2020.03.18 21:30:00|98.69|102.66|96.67|101.16|5962
2020.03.19 15:30:00|97.06999999999999|103.27|90.11|100.55|13768
2020.03.19 16:30:00|100.46|101.67|95.72|99.27|11198
2020.03.19 17:30:00|99.31|100.9|95.88|97.51000000000001|10386
2020.03.19 18:30:00|97.53|101.34|96.56|98.81999999999999|9685
2020.03.19 19:30:00|98.81|101.36|98.37|100.19|8116
2020.03.19 20:30:00|100.2|101.95|98.28|98.84999999999999|9299
2020.03.19 21:30:00|98.89|101.89|97.06|97.40000000000001|6243
2020.03.20 15:30:00|98.8|101.73|95.27|97.61|12667
2020.03.20 16:30:00|97.61|106.58|94.04000000000001|100.06|17060
2020.03.20 17:30:00|100.05|104.32|97.26000000000001|98.3|13078
2020.03.20 18:30:00|98.31999999999999|100.03|96.88|98.59|11284
2020.03.20 19:30:00|98.59999999999999|101.43|98.27|98.27|10502
2020.03.20 20:30:00|98.27|99.29000000000001|94.86|96.76000000000001|12244
2020.03.20 21:30:00|96.81999999999999|97.43000000000001|94.76000000000001|94.76000000000001|7886
2020.03.23 15:30:00|97.76000000000001|100.76|95.03|97.81999999999999|15928
2020.03.23 16:30:00|97.8|98.15000000000001|93.29000000000001|94.01000000000001|13930
2020.03.23 17:30:00|94.03|98.83|93.76000000000001|98.18000000000001|13383
2020.03.23 18:30:00|98.2|103.64|97.16|102.31|8996
2020.03.23 19:30:00|102.31|114.08|101.16|106.32|17521
2020.03.23 20:30:00|106.31|106.98|102.76|103.5|13932
2020.03.23 21:30:00|103.5|107.01|102.91|105.2|7544
2020.03.24 15:30:00|124.09|125.77|117.39|122.47|17759
2020.03.24 16:30:00|122.47|122.9|119.14|122.26|13265
2020.03.24 17:30:00|122.27|123.72|121.33|123.23|12104
2020.03.24 18:30:00|123.36|123.84|119.27|121.17|11951
2020.03.24 19:30:00|121.12|122.48|115.89|119.81|11281
2020.03.24 20:30:00|119.82|121.99|118.65|121.86|11090
2020.03.24 21:30:00|121.81|127.66|121.38|127.38|8553
2020.03.25 15:30:00|152.53|156.08|140.76|145.48|20009
2020.03.25 16:30:00|145.5|166.39|145.39|163.49|19865
2020.03.25 17:30:00|163.5|174.46|163.16|165.8|16460
2020.03.25 18:30:00|165.8|170.08|162.99|166.04|10780
2020.03.25 19:30:00|166.07|169.65|162.26|165.31|10785
2020.03.25 20:30:00|165.31|167.21|162.76|164.41|12435
2020.03.25 21:30:00|164.41|165.57|154.76|157.93|8694
2020.03.26 15:30:00|171.95|183.69|166.87|182.32|24406
2020.03.26 16:30:00|182.34|186.17|178.77|181.59|19562
2020.03.26 17:30:00|181.56|183.94|176.36|178.67|15931
2020.03.26 18:30:00|178.68|181.03|175.09|176.38|14559
2020.03.26 19:30:00|176.39|181.57|175.27|178.58|13301
2020.03.26 20:30:00|178.58|182.58|176.77|180.27|13867
2020.03.26 21:30:00|180.28|181.51|177.94|179.46|8686
2020.03.27 15:30:00|169.6|170.02|155.29|160.7|19789
2020.03.27 16:30:00|160.74|163.77|158.51|162.39|12429
2020.03.27 17:30:00|162.49|169.22|161.51|164.06|13022
2020.03.27 18:30:00|164.06|166.92|163.63|165.67|8593
2020.03.27 19:30:00|165.72|168.42|163.98|164.57|9543
2020.03.27 20:30:00|164.57|167.56|162.06|166.55|10862
2020.03.27 21:30:00|166.55|166.74|161.26|161.73|7992
2020.03.30 16:30:00|151.81|151.82|140.44|142.19|14985
2020.03.30 17:30:00|142.26|148.03|140.82|147.84|14858
2020.03.30 18:30:00|147.85|151.21|145.99|150.79|13759
2020.03.30 19:30:00|150.8|151.05|146.53|148.39|10427
2020.03.30 20:30:00|148.39|149.02|144.86|148.15|11008
2020.03.30 21:30:00|148.08|150.96|147.56|148.82|11580
2020.03.30 22:30:00|148.82|152.73|148.76|152.03|6744
2020.03.31 16:30:00|152.76|160.28|152.06|158.29|15430
2020.03.31 17:30:00|158.28|159.17|155.87|156.9|11069
2020.03.31 18:30:00|156.9|157.63|153.26|153.88|9241
2020.03.31 19:30:00|153.87|154.72|151.01|151.82|11141
2020.03.31 20:30:00|151.88|152.56|150.42|151.44|9758
2020.03.31 21:30:00|151.43|153.05|149.44|149.67|9949
2020.03.31 22:30:00|149.67|150.62|148.76|148.88|6840
2020.04.01 16:30:00|137.44|144.01|136.58|140.64|19099
2020.04.01 17:30:00|140.63|142.04|139.13|139.47|12373
2020.04.01 18:30:00|139.47|139.78|133.06|133.96|14836
2020.04.01 19:30:00|133.96|134.72|129.98|132.03|17864
2020.04.01 20:30:00|131.97|133.33|130.91|131.36|12367
2020.04.01 21:30:00|131.35|133.08|129.76|131.3|12653
2020.04.01 22:30:00|131.31|132.06|129.82|130.38|8357
2020.04.02 16:30:00|129.64|131.74|125.06|130.72|15215
2020.04.02 17:30:00|130.67|136.22|126.21|127.29|14921
2020.04.02 18:30:00|127.28|128.91|126.66|126.68|11762
2020.04.02 19:30:00|126.68|126.98|121.96|122.42|11621
2020.04.02 20:30:00|122.42|123.97|119.94|120.51|12437
2020.04.02 21:30:00|120.46|123.78|119.78|121.96|12893
2020.04.02 22:30:00|121.92|123.24|120.96|122.78|8025
2020.04.03 16:30:00|125.38|128.32|122.92|124.62|15284
2020.04.03 17:30:00|124.63|127|122.26|126.58|13536
2020.04.03 18:30:00|126.58|126.95|123.51|124.19|10658
2020.04.03 19:30:00|124.15|125.81|123.96|124.84|8947
2020.04.03 20:30:00|124.85|130.97|124.6|128.12|13451
2020.04.03 21:30:00|128.13|128.55|124.76|125.28|10687
2020.04.03 22:30:00|125.29|125.95|123.03|124.25|7408
2020.04.06 16:30:00|132.46|137.38|128.97|135.03|19213
2020.04.06 17:30:00|135.05|136.63|133.16|136.29|14239
2020.04.06 18:30:00|136.27|138.76|135.01|137.27|12752
2020.04.06 19:30:00|137.27|139.69|134.81|139.53|12648
2020.04.06 20:30:00|139.53|143.16|139.09|142.54|13635
2020.04.06 21:30:00|142.55|146.85|142.54|144.9|16411
2020.04.06 22:30:00|144.9|149.39|143.98|148.26|10128
2020.04.07 16:30:00|161.18|164.54|155.76|155.77|20954
2020.04.07 17:30:00|155.77|158.23|148.4|151.97|18038
2020.04.07 18:30:00|151.97|155.48|151.79|153.85|12392
2020.04.07 19:30:00|153.87|154.73|150.01|151.47|11232
2020.04.07 20:30:00|151.47|151.58|143.22|146.42|13637
2020.04.07 21:30:00|146.42|147.22|140.02|141.17|15276
2020.04.07 22:30:00|141.19|143.52|140.76|141.2|7440
2020.04.08 16:30:00|148.27|151.49|145.41|147.52|20409
2020.04.08 17:30:00|147.52|151.29|146.14|151.02|14477
2020.04.08 18:30:00|151.04|153.75|148.81|149.76|17253
2020.04.08 19:30:00|149.78|150.66|147.39|148.47|12618
2020.04.08 20:30:00|148.49|148.65|146.32|147.62|11230
2020.04.08 21:30:00|147.61|148.64|144.31|144.69|11263
2020.04.08 22:30:00|144.69|146.75|144.48|146.46|8149
2020.04.09 16:30:00|151.96|156.36|149.84|153.01|17088
2020.04.09 17:30:00|153.01|155.13|152.26|154.74|14025
2020.04.09 18:30:00|154.74|155.75|153.91|154.66|10704
2020.04.09 19:30:00|154.65|156.45|154.51|156.45|8645
2020.04.09 20:30:00|156.44|157.7|152.36|152.54|12489
2020.04.09 21:30:00|152.54|153.88|150.29|151.97|12979
2020.04.09 22:30:00|151.97|152.21|150.26|151.54|6771
2020.04.13 16:30:00|154.13|154.3|148.66|150.34|18054
2020.04.13 17:30:00|150.32|150.79|146.48|148.48|14977
2020.04.13 18:30:00|148.48|150.31|147.02|148.66|12336
2020.04.13 19:30:00|148.61|149.1|146.56|146.86|8348
2020.04.13 20:30:00|146.82|147.76|146.65|147.47|8736
2020.04.13 21:30:00|147.45|147.73|146.02|147.01|9081
2020.04.13 22:30:00|147.02|148.1|146.77|147.11|6997
2020.04.14 16:30:00|151.02|152.11|149.43|149.6|13391
2020.04.14 17:30:00|149.64|150.08|139.76|143.62|17359
2020.04.14 18:30:00|143.62|147.22|143.52|144.85|14259
2020.04.14 19:30:00|144.87|145.76|142.76|143.25|9347
2020.04.14 20:30:00|143.25|144.17|142.58|142.84|8443
2020.04.14 21:30:00|142.88|142.96|140.26|140.99|10518
2020.04.14 22:30:00|141|141.93|140.73|140.74|6111
2020.04.15 16:30:00|137.65|139.44|134.56|134.79|16784
2020.04.15 17:30:00|134.76|136.02|132.66|133.58|14255
2020.04.15 18:30:00|133.58|136.47|133.33|136.26|12039
2020.04.15 19:30:00|136.27|139.64|135.79|138.13|10980
2020.04.15 20:30:00|138.14|144.74|137.63|144.74|12945
2020.04.15 21:30:00|144.74|148.37|143.17|144.42|16544
2020.04.15 22:30:00|144.41|146.19|144.07|145.66|7349
2020.04.16 16:30:00|140.66|142.71|137.51|139.93|14049
2020.04.16 17:30:00|139.94|140.16|137.57|137.6|10937
2020.04.16 18:30:00|137.58|137.9|135.36|135.52|10817
2020.04.16 19:30:00|135.5|138.07|134.77|136.66|11512
2020.04.16 20:30:00|136.68|136.76|134.86|135.21|9516
2020.04.16 21:30:00|135.21|135.48|134.16|135.23|9147
2020.04.16 22:30:00|135.22|135.24|133.76|133.86|5577
2020.04.17 16:30:00|146.68|153.43|144.76|148.87|23968
2020.04.17 17:30:00|148.88|151.87|147.66|149.82|17525
2020.04.17 18:30:00|149.83|150.87|148.76|149.89|11386
2020.04.17 19:30:00|149.9|152.24|149.76|151.03|9281
2020.04.17 20:30:00|151.04|152.12|148.94|150.49|10176
2020.04.17 21:30:00|150.48|152.66|149.51|152.19|9555
2020.04.17 22:30:00|152.21|153.48|151.62|153.44|7873
2020.04.20 16:30:00|146.4|151.33|146.33|148.45|16493
2020.04.20 17:30:00|148.46|150.32|147.64|147.79|12140
2020.04.20 18:30:00|147.8|149.01|147.07|147.28|9888
2020.04.20 19:30:00|147.32|147.49|144.76|146.06|11116
2020.04.20 20:30:00|146.06|147.06|142.96|142.97|11704
2020.04.20 21:30:00|142.99|144.32|142.26|143|14539
2020.04.20 22:30:00|143.02|144.14|142.73|143.31|8009
2020.04.21 16:30:00|137.92|141.61|137.46|139.41|16747
2020.04.21 17:30:00|139.41|139.59|137.01|137.28|15738
2020.04.21 18:30:00|137.26|137.77|135.41|135.41|14035
2020.04.21 19:30:00|135.42|136.78|135.22|136.49|11978
2020.04.21 20:30:00|136.5|138.5|135.51|138.03|12707
2020.04.21 21:30:00|138.05|138.19|135.97|136.81|10529
2020.04.21 22:30:00|136.82|136.99|135.99|135.99|8405
2020.04.22 16:30:00|139.58|140.52|137.36|137.55|16021
2020.04.22 17:30:00|137.54|138.51|136.81|137.37|12557
2020.04.22 18:30:00|137.31|139.04|137.26|137.37|9706
2020.04.22 19:30:00|137.37|137.42|135.91|136.27|9327
2020.04.22 20:30:00|136.23|136.63|135.27|135.66|10279
2020.04.22 21:30:00|135.67|136.69|135.53|136.01|9693
2020.04.22 22:30:00|135.99|136.15|134.28|134.56|7963
2020.04.23 16:30:00|136.28|138.34|135.81|138.13|10689
2020.04.23 17:30:00|138.23|140.48|137.95|140.07|10769
2020.04.23 18:30:00|140.09|141.73|138.69|141.49|9894
2020.04.23 19:30:00|141.49|142.1|137.44|138.73|12624
2020.04.23 20:30:00|138.78|139.46|136.94|138.15|10525
2020.04.23 21:30:00|138.14|139.36|137.26|137.73|9480
2020.04.23 22:30:00|137.73|138.45|137.21|137.26|7266
2020.04.24 16:30:00|136.76|136.87|131.16|131.9|16756
2020.04.24 17:30:00|131.89|132.15|129.79|129.79|12954
2020.04.24 18:30:00|129.8|130.51|128.09|128.78|14589
2020.04.24 19:30:00|128.79|130.61|128.61|129.12|10447
2020.04.24 20:30:00|129.16|130.12|128.64|129.73|8860
2020.04.24 21:30:00|129.76|130.74|129.4|129.82|9730
2020.04.24 22:30:00|129.84|130.07|128.69|128.75|7003
2020.04.27 16:30:00|129.54|129.63|123.58|127.76|19803
2020.04.27 17:30:00|127.71|130.93|127.5|127.96|15510
2020.04.27 18:30:00|127.96|128.84|127.02|127.24|9788
2020.04.27 19:30:00|127.29|129.03|127.22|128.19|7470
2020.04.27 20:30:00|128.19|129.98|127.66|129.69|8891
2020.04.27 21:30:00|129.69|130.58|128.86|128.95|9002
2020.04.27 22:30:00|128.95|129.13|128.08|128.26|6719
2020.04.28 16:30:00|135.82|136.86|132.94|133.82|15925
2020.04.28 17:30:00|133.83|134.32|127.49|130.21|15367
2020.04.28 18:30:00|130.16|130.31|128.61|128.86|10351
2020.04.28 19:30:00|128.88|130.27|128.26|129.52|8048
2020.04.28 20:30:00|129.52|131.06|128.76|130.37|7790
2020.04.28 21:30:00|130.34|130.74|129.32|130.13|8726
2020.04.28 22:30:00|130.14|131.16|130.03|130.66|6379
2020.04.29 16:30:00|136.77|138.93|135.02|135.4|13745
2020.04.29 17:30:00|135.41|141.73|135.1|141.63|12750
2020.04.29 18:30:00|141.63|144.17|139.74|142.09|15761
2020.04.29 19:30:00|142.06|146.88|142.06|145.31|14318
2020.04.29 20:30:00|145.31|145.41|140.93|143.03|15305
2020.04.29 21:30:00|143.05|143.15|138.51|138.84|14541
2020.04.29 22:30:00|138.85|139.28|138.27|138.73|6298
2020.04.30 16:30:00|136.45|141.38|132.07|141.27|17909
2020.04.30 17:30:00|141.28|144.33|140.37|141.41|14965
2020.04.30 18:30:00|141.42|141.67|138.82|139.68|9776
2020.04.30 19:30:00|139.64|142.24|139.04|140.66|8493
2020.04.30 20:30:00|140.66|141.66|139.76|140.37|6999
2020.04.30 21:30:00|140.33|141.75|139.96|141.73|6381
2020.04.30 22:30:00|141.74|142.03|140.33|140.71|5082
2020.05.01 16:30:00|142.02|143.43|137.34|138.09|15403
2020.05.01 17:30:00|138.09|140.36|136.18|136.18|13164
2020.05.01 18:30:00|136.17|136.51|133.94|134.53|12667
2020.05.01 19:30:00|134.54|135.25|134.07|134.62|9583
2020.05.01 20:30:00|134.63|135.31|133.67|134.93|8121
2020.05.01 21:30:00|134.92|135.42|133.66|133.67|7605
2020.05.01 22:30:00|133.66|133.68|132.66|133.07|5340
2020.05.04 16:30:00|125.81|130.86|124.09|129|17035
2020.05.04 17:30:00|128.99|129.42|127.47|128.01|11181
2020.05.04 18:30:00|128.02|128.31|126.38|127.12|10196
2020.05.04 19:30:00|127.13|129.04|126.86|127.09|7861
2020.05.04 20:30:00|127.1|127.87|126.79|127.35|5176
2020.05.04 21:30:00|127.35|130.42|127.22|129.72|7877
2020.05.04 22:30:00|129.71|131.24|129.65|131.14|5411
2020.05.05 16:30:00|132.76|133.51|128.78|129.27|13206
2020.05.05 17:30:00|129.27|129.56|127.16|128.69|11439
2020.05.05 18:30:00|128.69|129.56|127.76|128.03|6512
2020.05.05 19:30:00|128.03|128.46|126.77|127|5898
2020.05.05 20:30:00|127.01|127.58|126.28|127.31|6451
2020.05.05 21:30:00|127.32|127.4|125.91|126.14|6906
2020.05.05 22:30:00|126.15|126.15|124.76|125.06|7468
2020.05.06 16:30:00|125.6|126.56|122.3|124.21|15134
2020.05.06 17:30:00|124.21|124.86|122.19|122.72|10156
2020.05.06 18:30:00|122.72|122.76|121.13|122.03|9710
2020.05.06 19:30:00|122.04|124.66|121.86|122.96|8368
2020.05.06 20:30:00|122.99|124|122.87|123.16|6698
2020.05.06 21:30:00|123.13|123.36|122.02|122.2|7039
2020.05.06 22:30:00|122.17|122.17|121.38|121.6|5597
2020.05.07 16:30:00|122.7|128.36|122.11|127.42|13670
2020.05.07 17:30:00|127.43|128.97|127.17|128.57|9165
2020.05.07 18:30:00|128.58|130.43|128.33|129.67|7885
2020.05.07 19:30:00|129.68|129.87|128.04|129.44|6408
2020.05.07 20:30:00|129.42|129.95|128.17|128.61|6063
2020.05.07 21:30:00|128.62|128.74|126.56|127.45|7413
2020.05.07 22:30:00|127.44|128.51|127.01|128.32|4496
2020.05.08 16:30:00|131.99|135.27|131.83|131.91|12395
2020.05.08 17:30:00|131.91|133.74|131.41|132.96|8795
2020.05.08 18:30:00|132.96|133.17|131.87|132.16|5202
2020.05.08 19:30:00|132.16|132.78|131.56|132.72|4595
2020.05.08 20:30:00|132.72|132.94|131.81|132.4|5030
2020.05.08 21:30:00|132.35|132.9|132.02|132.73|5151
2020.05.08 22:30:00|132.72|133.75|132.71|133.13|4385
2020.05.11 16:30:00|130.06|130.44|127.7|128.39|10017
2020.05.11 17:30:00|128.37|128.89|127.82|128.34|6330
2020.05.11 18:30:00|128.33|130.31|128.27|130.23|4847
2020.05.11 19:30:00|130.23|130.56|129.59|129.87|4073
2020.05.11 20:30:00|129.89|130.32|129.11|129.39|4402
2020.05.11 21:30:00|129.37|129.9|129.21|129.75|3571
2020.05.11 22:30:00|129.71|129.82|128.49|128.57|3734
2020.05.12 16:30:00|129.52|132.81|129.28|129.49|10025
2020.05.12 17:30:00|129.52|129.94|127.89|128.44|7701
2020.05.12 18:30:00|128.44|128.95|127.52|127.56|5749
2020.05.12 19:30:00|127.56|128.31|126.86|127.04|5504
2020.05.12 20:30:00|127.04|127.32|125.58|125.86|5622
2020.05.12 21:30:00|125.85|127.6|125.8|126.18|7198
2020.05.12 22:30:00|126.19|126.35|124.96|124.96|5603
2020.05.13 16:30:00|123.88|124.16|121.61|122.33|11857
2020.05.13 17:30:00|122.37|123.31|121.02|121.22|8697
2020.05.13 18:30:00|121.24|121.29|119.08|120.66|11342
2020.05.13 19:30:00|120.67|122.52|120.06|121.91|9637
2020.05.13 20:30:00|121.92|122.12|119.76|120.64|9376
2020.05.13 21:30:00|120.64|121.33|119.86|120.08|8929
2020.05.13 22:30:00|120.08|121.41|119.96|121.27|6607
2020.05.14 16:30:00|117.5|118.27|113.65|116.22|13327
2020.05.14 17:30:00|116.2|122.35|116.2|119.1|13246
2020.05.14 18:30:00|119.1|119.65|116.77|118.57|11902
2020.05.14 19:30:00|118.59|120.63|118.56|120.57|7944
2020.05.14 20:30:00|120.57|121.1|118.7|120.45|7732
2020.05.14 21:30:00|120.46|121.75|119.61|121.57|9958
2020.05.14 22:30:00|121.56|122.29|120.77|122.18|6439
2020.05.15 16:30:00|118.8|121.47|117.54|119.97|11923
2020.05.15 17:30:00|119.98|120.73|118.16|118.5|9608
2020.05.15 18:30:00|118.43|119.69|118.14|119.36|7196
2020.05.15 19:30:00|119.39|120.65|119.16|120.36|5897
2020.05.15 20:30:00|120.36|121.61|119.71|121.23|6805
2020.05.15 21:30:00|121.23|121.3|119.87|120.47|7952
2020.05.15 22:30:00|120.47|120.59|119.18|119.69|5343
2020.05.18 16:30:00|126.14|129.01|125.55|128.43|14638
2020.05.18 17:30:00|128.44|133.22|128.06|133.21|12011
2020.05.18 18:30:00|133.21|133.24|130.53|131.61|9739
2020.05.18 19:30:00|131.62|134.18|131.37|133.92|8389
2020.05.18 20:30:00|133.93|134.74|132.66|133.49|7876
2020.05.18 21:30:00|133.48|134.9|133.43|134.63|8166
2020.05.18 22:30:00|134.63|135.94|134.61|135.14|6568
2020.05.19 16:30:00|135.97|136.65|131.08|133.42|13376
2020.05.19 17:30:00|133.41|134.32|131.46|133.98|8754
2020.05.19 18:30:00|133.96|135.69|133.28|134.46|8009
2020.05.19 19:30:00|134.47|135.23|134.03|134.69|5501
2020.05.19 20:30:00|134.7|135.74|134.47|134.73|5530
2020.05.19 21:30:00|134.74|135.14|131.98|132.62|9096
2020.05.19 22:30:00|132.63|132.72|130.03|130.2|7046
2020.05.20 16:30:00|134.02|135.19|132.53|133.09|8966
2020.05.20 17:30:00|133.06|133.91|131.87|132.85|6632
2020.05.20 18:30:00|132.85|132.93|131.07|131.97|5893
2020.05.20 19:30:00|131.98|132.85|131.4|131.53|5487
2020.05.20 20:30:00|131.53|132.78|131.36|132.61|5276
2020.05.20 21:30:00|132.58|133.7|132.43|133.08|6005
2020.05.20 22:30:00|133.09|133.51|132.6|132.98|4145
2020.05.21 16:30:00|137.64|143.97|137.17|143.36|16225
2020.05.21 17:30:00|143.36|143.37|138.04|138.77|12839
2020.05.21 18:30:00|138.77|141.03|138.56|140.02|8925
2020.05.21 19:30:00|140|140.28|138.6|139.48|7425
2020.05.21 20:30:00|139.48|140.36|139.08|140.18|5296
2020.05.21 21:30:00|140.21|140.21|138.1|138.75|7384
2020.05.21 22:30:00|138.73|138.98|137.95|138.7|4741
2020.05.22 16:30:00|140.11|140.71|135.53|136.87|10232
2020.05.22 17:30:00|136.87|137.53|136.17|136.49|5931
2020.05.22 18:30:00|136.5|136.98|135.76|135.89|4373
2020.05.22 19:30:00|135.91|136.58|135.91|136.48|3672
2020.05.22 20:30:00|136.49|137.72|136.26|137.04|4163
2020.05.22 21:30:00|137.04|137.7|136.57|136.77|4752
2020.05.22 22:30:00|136.8|137.52|136.67|137.29|3968
2020.05.26 16:30:00|144.53|145.61|142.37|143.36|11450
2020.05.26 17:30:00|143.35|144.63|142.81|144.02|7886
2020.05.26 18:30:00|144.04|144.24|142.93|143.7|5969
2020.05.26 19:30:00|143.72|145.18|143.57|144.98|5044
2020.05.26 20:30:00|144.99|145.62|144.33|145.01|4572
2020.05.26 21:30:00|145.01|145.51|144.07|145.45|5718
2020.05.26 22:30:00|145.44|145.6|144.16|144.42|5401
2020.05.27 16:30:00|148.29|149.02|144.26|147.21|10938
2020.05.27 17:30:00|147.24|147.27|141.07|144.74|9548
2020.05.27 18:30:00|144.74|146.51|144.14|146.28|6937
2020.05.27 19:30:00|146.27|146.49|145.29|146.33|5142
2020.05.27 20:30:00|146.33|148.22|145.58|147.17|5914
2020.05.27 21:30:00|147.18|147.99|146.81|147.85|5428
2020.05.27 22:30:00|147.82|149.4|147.65|149.19|5075
2020.05.28 16:30:00|154.01|156.44|151.98|155.52|15601
2020.05.28 17:30:00|155.52|155.57|153.18|153.69|9138
2020.05.28 18:30:00|153.73|154.52|152.86|153.44|7243
2020.05.28 19:30:00|153.47|154.52|152.99|153.9|6387
2020.05.28 20:30:00|153.9|153.97|152.89|153.17|6688
2020.05.28 21:30:00|153.17|153.34|150.57|150.6|9862
2020.05.28 22:30:00|150.62|150.98|148.8|149.5|7531
2020.05.29 16:30:00|144.67|147.23|144.63|145.65|10821
2020.05.29 17:30:00|145.69|145.96|144.54|144.71|7951
2020.05.29 18:30:00|144.69|145.11|143.57|143.81|6573
2020.05.29 19:30:00|143.81|144.36|142.69|143.84|6687
2020.05.29 20:30:00|143.87|145.57|142.79|145.46|6966
2020.05.29 21:30:00|145.46|148.01|143.42|146.53|11609
2020.05.29 22:30:00|146.53|146.76|145.08|145.67|6269
2020.06.01 16:30:00|144.8|152.2|144.3|152.03|13869
2020.06.01 17:30:00|152.03|153.26|150.13|150.83|11316
2020.06.01 18:30:00|150.84|151.59|150.31|150.87|6815
2020.06.01 19:30:00|150.88|151.27|150.36|150.63|5124
2020.06.01 20:30:00|150.62|152.06|150.35|150.79|5982
2020.06.01 21:30:00|150.81|151.61|150.54|150.98|6611
2020.06.01 22:30:00|150.97|151.5|150.8|151.12|5724
2020.06.02 16:30:00|153.47|155.6|152.66|154.84|12184
2020.06.02 17:30:00|154.84|155.06|151.57|152.39|9798
2020.06.02 18:30:00|152.41|153.9|152.08|153.85|6709
2020.06.02 19:30:00|153.86|154.66|153.52|154.34|5304
2020.06.02 20:30:00|154.34|154.42|152.86|152.94|5270
2020.06.02 21:30:00|152.95|153.91|152.53|153.17|6760
2020.06.02 22:30:00|153.19|153.32|152.72|153.07|5479
2020.06.03 16:30:00|157.24|161.68|155.22|161.59|13511
2020.06.03 17:30:00|161.56|166.62|161.05|166.39|14124
2020.06.03 18:30:00|166.4|169.24|164.63|165.88|14837
2020.06.03 19:30:00|165.88|168.36|165.46|167.26|8478
2020.06.03 20:30:00|167.28|171.36|166.56|171.25|9768
2020.06.03 21:30:00|171.26|173.26|170.74|172.32|13745
2020.06.03 22:30:00|172.33|173.52|172.08|172.82|7623
2020.06.04 16:30:00|179.37|185.77|177.16|183.93|18868
2020.06.04 17:30:00|183.93|188.3|182.8|184.63|16505
2020.06.04 18:30:00|184.63|186.25|182.41|182.78|11405
2020.06.04 19:30:00|182.78|184.88|180.46|184.11|12934
2020.06.04 20:30:00|184.11|185.66|182.59|185.24|10765
2020.06.04 21:30:00|185.26|186.28|181.2|183.4|14062
2020.06.04 22:30:00|183.44|184.49|182.4|183.97|7976
2020.06.05 16:30:00|201.46|204.5|197.12|202.65|19253
2020.06.05 17:30:00|202.65|217.87|201.12|217.13|20433
2020.06.05 18:30:00|217.14|218.46|209.96|212.76|20908
2020.06.05 19:30:00|212.7|214.29|210.02|211.57|14608
2020.06.05 20:30:00|211.54|211.62|201.76|202.96|17344
2020.06.05 21:30:00|202.96|208.2|202.86|204.21|20644
2020.06.05 22:30:00|204.24|206.01|202.31|205.01|12266
2020.06.08 16:30:00|220.92|233.82|218.76|231.39|27771
2020.06.08 17:30:00|231.42|233.26|227.86|231.13|20993
2020.06.08 18:30:00|231.1|231.73|227.05|227.8|16639
2020.06.08 19:30:00|227.79|231.37|226.44|228.47|14251
2020.06.08 20:30:00|228.48|230.22|227.53|228.67|12606
2020.06.08 21:30:00|228.68|231.01|227.56|230.32|13070
2020.06.08 22:30:00|230.3|232|229.37|230.23|9876
2020.06.09 16:30:00|217.06|225.16|212.81|219.15|24383
2020.06.09 17:30:00|219.14|226.74|217.97|220.44|19066
2020.06.09 18:30:00|220.44|223.48|219.09|222.71|13444
2020.06.09 19:30:00|222.71|223.51|221.77|223.32|8140
2020.06.09 20:30:00|223.32|223.41|216.76|218.35|12565
2020.06.09 21:30:00|218.31|219.8|217.06|219.34|13511
2020.06.09 22:30:00|219.34|219.68|215.77|216.52|10138
2020.06.10 16:30:00|211.14|212.74|197.16|199.92|24404
2020.06.10 17:30:00|199.93|202.74|197.78|201.8|18632
2020.06.10 18:30:00|201.81|208.67|201.26|202.44|18724
2020.06.10 19:30:00|202.44|207.06|202.4|205.3|14135
2020.06.10 20:30:00|205.31|212.07|205.06|210.56|16432
2020.06.10 21:30:00|210.56|210.75|203.45|206.85|18736
2020.06.10 22:30:00|206.85|207.58|202.76|203.06|10106
2020.06.11 16:30:00|179|191.79|179|185.21|22732
2020.06.11 17:30:00|185.21|187.07|181.62|183.31|16551
2020.06.11 18:30:00|183.31|184.1|178.86|179.28|14581
2020.06.11 19:30:00|179.27|181.59|178.26|180.16|14925
2020.06.11 20:30:00|180.21|182.25|179.41|180.66|13870
2020.06.11 21:30:00|180.66|180.8|165.77|168.86|22527
2020.06.11 22:30:00|168.86|172.41|167.35|169.57|12898
2020.06.12 16:30:00|186.52|190.94|183.09|185.3|22019
2020.06.12 17:30:00|185.3|185.47|176.02|179.38|18906
2020.06.12 18:30:00|179.38|185.72|178.26|183.9|18321
2020.06.12 19:30:00|183.9|184.58|181.17|183.39|16484
2020.06.12 20:30:00|183.36|183.93|179.36|183.74|18651
2020.06.12 21:30:00|183.79|187.93|182.28|185.15|19417
2020.06.12 22:30:00|185.15|189.67|184.78|189.26|11052
2020.06.15 16:30:00|178.54|182.2|175.64|178.98|20754
2020.06.15 17:30:00|178.94|185.43|178.46|183.03|18486
2020.06.15 18:30:00|183.03|188.89|181.77|187.62|16985
2020.06.15 19:30:00|187.62|192.78|186.59|191.17|18592
2020.06.15 20:30:00|191.17|192.47|187.37|190.72|19082
2020.06.15 21:30:00|190.75|192.93|189.15|190.91|17937
2020.06.15 22:30:00|190.86|191.26|188|190.65|11049
2020.06.16 16:30:00|205.58|207.97|199.29|201.44|25155
2020.06.16 17:30:00|201.43|201.69|192.36|198.17|23815
2020.06.16 18:30:00|198.17|200.31|196.28|198.67|19068
2020.06.16 19:30:00|198.63|201.32|198.37|198.89|18927
2020.06.16 20:30:00|198.9|199.01|195.87|197|17689
2020.06.16 21:30:00|197|198.37|195.28|196.96|18734
2020.06.16 22:30:00|196.96|198.23|196.37|197.44|11150
2020.06.17 16:30:00|195.81|196.07|191.44|192.06|20548
2020.06.17 17:30:00|192.07|194.11|191.05|192.19|16153
2020.06.17 18:30:00|192.22|194.87|191.77|193.66|14646
2020.06.17 19:30:00|193.63|195.3|192.54|194.43|12844
2020.06.17 20:30:00|194.41|195.74|194.04|194.52|12219
2020.06.17 21:30:00|194.51|195.32|191.93|192.28|14971
2020.06.17 22:30:00|192.29|192.71|191.26|192.26|11432
2020.06.18 16:30:00|188.14|196.38|186.96|195.64|20194
2020.06.18 17:30:00|195.64|197.75|193.26|194.09|19183
2020.06.18 18:30:00|194.08|194.77|188.11|191.38|19118
2020.06.18 19:30:00|191.36|191.81|189.45|191.6|13405
2020.06.18 20:30:00|191.61|192.32|189.61|191.21|12569
2020.06.18 21:30:00|191.25|191.67|189.46|190.64|12707
2020.06.18 22:30:00|190.65|192.19|190.32|191.99|8513
2020.06.19 16:30:00|196.87|196.87|192.53|193.04|16838
2020.06.19 17:30:00|193.06|193.33|191.4|192.19|14216
2020.06.19 18:30:00|192.19|192.29|187.23|188.45|15307
2020.06.19 19:30:00|188.37|190.15|187.69|188.1|16032
2020.06.19 20:30:00|188.07|188.32|184.32|185.41|18177
2020.06.19 21:30:00|185.4|189.06|185.01|188.03|17347
2020.06.19 22:30:00|188.03|188.43|186.45|186.64|10359
2020.06.22 16:30:00|184.81|187.58|181.66|183.57|16961
2020.06.22 17:30:00|183.58|185.24|182.26|182.88|15268
2020.06.22 18:30:00|182.88|185.54|182.57|184.72|13518
2020.06.22 19:30:00|184.73|186.51|184.08|185.95|12518
2020.06.22 20:30:00|185.95|186.58|185.03|185.87|11373
2020.06.22 21:30:00|185.88|188.43|185.62|186.66|15042
2020.06.22 22:30:00|186.66|188.36|186.53|188.18|8542
2020.06.23 16:30:00|189.5|189.66|185.1|185.63|16546
2020.06.23 17:30:00|185.64|186.07|183.92|185.15|13806
2020.06.23 18:30:00|185.12|185.14|183.31|184.23|10165
2020.06.23 19:30:00|184.23|185.48|184.03|185.02|9867
2020.06.23 20:30:00|185.03|185.34|183.88|185.3|9457
2020.06.23 21:30:00|185.27|188.72|185.16|187.41|15183
2020.06.23 22:30:00|187.41|188.26|186.92|187.64|8281
2020.06.24 16:30:00|184.18|184.85|181.77|182.97|17866
2020.06.24 17:30:00|182.98|183.21|179.61|180.22|17288
2020.06.24 18:30:00|180.2|180.37|176.17|178.79|18537
2020.06.24 19:30:00|178.8|179.95|177.66|177.81|15062
2020.06.24 20:30:00|177.83|178.65|176.79|177.89|15253
2020.06.24 21:30:00|177.83|178.19|175.83|177.33|17832
2020.06.24 22:30:00|177.34|178.47|176.31|176.41|10375
2020.06.25 16:30:00|170.77|176.97|169.57|176.92|19663
2020.06.25 17:30:00|176.94|177.16|171.5|172.46|15681
2020.06.25 18:30:00|172.47|174.26|171.41|172.7|13603
2020.06.25 19:30:00|172.7|173.2|170.78|171.34|12340
2020.06.25 20:30:00|171.34|172.45|170.94|171.18|9730
2020.06.25 21:30:00|171.14|174.97|170.36|174.6|14200
2020.06.25 22:30:00|174.6|174.9|173.62|174.62|9578
2020.06.26 16:30:00|172.87|173.43|168.56|169.37|16828
2020.06.26 17:30:00|169.32|171.22|167.36|170.46|15910
2020.06.26 18:30:00|170.47|171.19|168.96|170.16|12982
2020.06.26 19:30:00|170.16|172.02|169.57|170.41|11648
2020.06.26 20:30:00|170.42|171.43|169.25|169.54|11240
2020.06.26 21:30:00|169.54|170.8|169.26|170.42|13579
2020.06.26 22:30:00|170.42|170.71|169.38|169.7|9849
2020.06.29 16:30:00|179.46|184.54|176.01|183.19|22283
2020.06.29 17:30:00|183.2|183.76|180.17|180.75|16954
2020.06.29 18:30:00|180.73|181.57|179.16|181.39|14177
2020.06.29 19:30:00|181.37|187.43|181.24|187.16|16501
2020.06.29 20:30:00|187.17|189.07|185.81|188.12|16024
2020.06.29 21:30:00|188.08|192.26|188.03|191.38|19072
2020.06.29 22:30:00|191.38|194.18|191.37|194.18|10333
2020.06.30 16:30:00|187.9|187.9|180.12|181.37|23706
2020.06.30 17:30:00|181.38|185.83|181.24|182.39|18127
2020.06.30 18:30:00|182.37|184.47|181.63|183.01|14275
2020.06.30 19:30:00|183.01|183.02|181.26|182.77|11941
2020.06.30 20:30:00|182.77|183.76|181.46|183.73|11081
2020.06.30 21:30:00|183.72|184.62|182.76|183.78|12978
2020.06.30 22:30:00|183.78|184.54|182.76|183.1|9568
2020.07.01 16:30:00|186.65|190.32|184.09|185.57|19961
2020.07.01 17:30:00|185.57|186.24|180.41|180.93|17908
2020.07.01 18:30:00|180.93|183.94|180.51|182.29|13586
2020.07.01 19:30:00|182.28|183.03|180.34|180.56|12420
2020.07.01 20:30:00|180.58|182.3|180.51|181.2|10672
2020.07.01 21:30:00|181.2|181.99|180.71|181.42|10139
2020.07.01 22:30:00|181.42|181.47|179.79|180.04|8215
2020.07.02 16:30:00|184.51|187.48|181.78|181.91|16931
2020.07.02 17:30:00|181.91|183.27|180.18|181.73|14325
2020.07.02 18:30:00|181.73|182.97|181.33|182.53|10726
2020.07.02 19:30:00|182.55|183.38|181.91|182.75|8577
2020.07.02 20:30:00|182.73|183.03|181.77|182.09|6792
2020.07.02 21:30:00|182.13|182.65|180.89|181.06|7311
2020.07.02 22:30:00|181.06|181.53|180.36|180.54|6190
2020.07.06 16:30:00|184.19|186.74|182.38|183.16|16268
2020.07.06 17:30:00|183.16|183.91|181.5|181.99|11472
2020.07.06 18:30:00|182.01|182.82|181.36|182.69|9097
2020.07.06 19:30:00|182.69|183.51|182.15|183.3|6495
2020.07.06 20:30:00|183.3|188.62|183.24|186.08|15770
2020.07.06 21:30:00|186.07|189.11|185.23|187.6|15915
2020.07.06 22:30:00|187.59|188.19|186.92|187.64|8749
2020.07.07 16:30:00|183.66|184.34|181.21|182.01|14933
2020.07.07 17:30:00|182.01|183.12|181.68|181.85|10182
2020.07.07 18:30:00|181.85|181.92|180.48|181.09|10381
2020.07.07 19:30:00|181.07|181.27|180.51|180.98|7312
2020.07.07 20:30:00|180.97|182.41|180.77|181.02|7693
2020.07.07 21:30:00|181.02|181.02|178.46|179.14|12025
2020.07.07 22:30:00|179.13|179.33|178.41|178.67|6913
2020.07.08 16:30:00|178.18|181.27|176.56|178.53|16189
2020.07.08 17:30:00|178.46|179.54|176.42|176.78|11133
2020.07.08 18:30:00|176.8|177.58|175.27|176.68|10714
2020.07.08 19:30:00|176.7|177.08|175.65|176.09|7253
2020.07.08 20:30:00|176.1|179.97|175.89|179.53|9874
2020.07.08 21:30:00|179.54|180.63|177.9|179.95|11124
2020.07.08 22:30:00|179.94|180.41|179.18|179.72|6749
2020.07.09 16:30:00|179.61|179.74|175.2|176.14|13555
2020.07.09 17:30:00|176.13|176.61|172.57|175.38|13275
2020.07.09 18:30:00|175.37|176.27|173.26|173.83|12521
2020.07.09 19:30:00|173.83|175.03|173.48|173.83|7555
2020.07.09 20:30:00|173.84|174.48|173.28|173.86|6613
2020.07.09 21:30:00|173.87|173.97|172.76|172.76|8143
2020.07.09 22:30:00|172.76|173.82|172.61|173.01|6493
2020.07.10 16:30:00|171.45|175.22|169.51|174.04|15765
2020.07.10 17:30:00|174.03|176.14|173.67|174.68|11543
2020.07.10 18:30:00|174.68|176.61|174.05|175.46|9786
2020.07.10 19:30:00|175.46|176.73|175.02|175.97|7672
2020.07.10 20:30:00|176|179.06|175.86|178.04|9391
2020.07.10 21:30:00|178.04|178.5|176.4|177.88|9458
2020.07.10 22:30:00|177.87|178.46|177.31|178.06|6496
2020.07.13 16:30:00|180.61|180.63|174.11|175.83|16984
2020.07.13 17:30:00|175.84|176.61|174.63|175.27|10730
2020.07.13 18:30:00|175.27|178.03|174.98|177.66|8566
2020.07.13 19:30:00|177.66|181.87|177.59|181.54|12423
2020.07.13 20:30:00|181.54|182.99|178.79|179.05|14028
2020.07.13 21:30:00|179.05|180.06|177.32|177.32|14236
2020.07.13 22:30:00|177.32|177.51|174.89|175.32|9083
2020.07.14 16:30:00|175.41|179.21|173.16|179.19|16035
2020.07.14 17:30:00|179.19|181.02|174.95|176.35|14989
2020.07.14 18:30:00|176.3|177.39|175.81|177.16|10030
2020.07.14 19:30:00|177.19|177.49|175.56|175.88|8341
2020.07.14 20:30:00|175.87|179.24|175.82|178.5|11715
2020.07.14 21:30:00|178.48|180.07|178.09|179.6|12284
2020.07.14 22:30:00|179.6|179.99|178.92|179.74|8145
2020.07.15 16:30:00|184.7|187.89|181.63|182.6|15752
2020.07.15 17:30:00|182.61|185.19|181.02|182.4|13597
2020.07.15 18:30:00|182.39|185.17|181.52|185.06|11370
2020.07.15 19:30:00|185.06|186.24|184.07|186.17|9920
2020.07.15 20:30:00|186.12|188.29|186.01|187.94|11790
2020.07.15 21:30:00|187.96|189.26|185.56|187.63|13156
2020.07.15 22:30:00|187.63|188.24|186.96|187.64|6604
2020.07.16 16:30:00|183.92|184.06|180.63|181.68|15896
2020.07.16 17:30:00|181.76|181.81|179.19|180.17|12698
2020.07.16 18:30:00|180.17|181.79|179.83|180.9|9509
2020.07.16 19:30:00|180.93|181.24|179.66|180.93|7005
2020.07.16 20:30:00|180.96|181.03|179.88|180.08|6468
2020.07.16 21:30:00|180.08|180.09|177.09|178.71|11672
2020.07.16 22:30:00|178.71|179.17|178.13|178.47|7258
2020.07.17 16:30:00|177.96|180.79|177.17|177.22|11995
2020.07.17 17:30:00|177.23|178.21|176.26|177.69|9106
2020.07.17 18:30:00|177.69|177.85|176.41|177.16|7219
2020.07.17 19:30:00|177.17|177.25|176.08|177.16|5932
2020.07.17 20:30:00|177.17|177.19|175.51|175.54|5723
2020.07.17 21:30:00|175.53|176.13|175.3|175.53|6838
2020.07.17 22:30:00|175.53|175.87|175.35|175.38|4716
2020.07.20 16:30:00|174.76|175.97|171.38|172.84|14056
2020.07.20 17:30:00|172.84|174.24|172.54|173.27|9235
2020.07.20 18:30:00|173.3|174.6|172.39|172.57|8155
2020.07.20 19:30:00|172.57|174.18|172.26|174.04|6521
2020.07.20 20:30:00|174.02|176.1|174.01|175.2|7990
2020.07.20 21:30:00|175.21|176.28|174.61|174.82|7110
2020.07.20 22:30:00|174.82|175.22|174.06|174.07|5461
2020.07.21 16:30:00|177.36|182.39|176.47|177.91|18008
2020.07.21 17:30:00|177.94|181.05|177.54|180.8|12666
2020.07.21 18:30:00|180.78|181.71|178.9|180.18|12486
2020.07.21 19:30:00|180.19|180.9|179.03|180.21|8047
2020.07.21 20:30:00|180.19|180.26|178.26|178.75|6724
2020.07.21 21:30:00|178.75|180.43|177.8|178.03|9402
2020.07.21 22:30:00|178.04|178.92|177.59|178.21|7417
2020.07.22 16:30:00|175.93|178.99|175.09|178.09|10331
2020.07.22 17:30:00|178.06|182.69|177.82|180.65|11882
2020.07.22 18:30:00|180.65|181.34|179.06|179.6|8552
2020.07.22 19:30:00|179.59|180.28|179.16|179.4|7530
2020.07.22 20:30:00|179.42|179.52|178.27|178.99|7312
2020.07.22 21:30:00|178.97|179.92|178.58|179.76|7572
2020.07.22 22:30:00|179.72|179.91|179.13|179.52|6125
2020.07.23 16:30:00|177.8|179.03|176.02|178.25|10520
2020.07.23 17:30:00|178.29|178.61|177.03|178.36|7035
2020.07.23 18:30:00|178.36|181.35|178.16|181.26|9701
2020.07.23 19:30:00|181.26|182.25|180.08|180.66|9881
2020.07.23 20:30:00|180.67|180.8|175.78|176.77|10963
2020.07.23 21:30:00|176.77|177.41|175.44|175.62|9829
2020.07.23 22:30:00|175.62|176.53|175.17|176.19|7078
2020.07.24 16:30:00|174.38|180.56|173.98|178.81|13718
2020.07.24 17:30:00|178.85|180.82|177.83|177.88|11257
2020.07.24 18:30:00|177.95|178.13|176.01|176.85|10196
2020.07.24 19:30:00|176.89|177.13|175.12|175.28|7050
2020.07.24 20:30:00|175.27|175.46|174.38|174.82|7000
2020.07.24 21:30:00|174.82|175.17|173.76|174.1|7877
2020.07.24 22:30:00|174.1|174.56|173.36|173.53|6685
2020.07.27 16:30:00|173.27|173.85|170.76|172.52|11788
2020.07.27 17:30:00|172.48|173.02|170.16|170.57|8457
2020.07.27 18:30:00|170.57|171.24|169.81|169.83|6978
2020.07.27 19:30:00|169.83|170.09|168.76|169.48|6552
2020.07.27 20:30:00|169.47|170.25|168.76|168.91|5880
2020.07.27 21:30:00|168.89|170.73|168.89|170.21|6109
2020.07.27 22:30:00|170.22|170.57|169.21|169.91|5134
2020.07.28 16:30:00|168.74|172.89|168.45|170.81|11044
2020.07.28 17:30:00|170.85|172.53|170.08|172.39|7428
2020.07.28 18:30:00|172.38|173.04|171.76|172.09|5829
2020.07.28 19:30:00|172.06|173.45|171.57|172.2|5017
2020.07.28 20:30:00|172.2|173.16|171.61|172.43|4394
2020.07.28 21:30:00|172.47|172.77|171.57|171.83|5347
2020.07.28 22:30:00|171.83|171.88|170.23|170.66|4814
2020.07.29 16:30:00|171.77|172.22|163.92|164.91|14525
2020.07.29 17:30:00|164.91|165.71|162.01|163.11|11675
2020.07.29 18:30:00|163.14|166.58|163.05|165.11|10893
2020.07.29 19:30:00|165.11|166.67|163.99|165.8|8401
2020.07.29 20:30:00|165.81|166.53|165.31|166.01|6242
2020.07.29 21:30:00|166.04|167.2|165.07|165.99|7767
2020.07.29 22:30:00|165.98|166.33|165.29|165.69|5039
2020.07.30 16:30:00|161.87|164.26|160.4|162.41|11996
2020.07.30 17:30:00|162.4|163.1|160.84|162.33|9415
2020.07.30 18:30:00|162.36|162.4|161.26|161.83|7774
2020.07.30 19:30:00|161.84|162.79|161.46|162.22|5804
2020.07.30 20:30:00|162.21|162.85|161.46|162.44|6065
2020.07.30 21:30:00|162.46|162.66|161.48|161.87|6404
2020.07.30 22:30:00|161.86|162.06|161.31|161.69|5141
2020.07.31 16:30:00|161.89|163.14|158.26|158.42|11997
2020.07.31 17:30:00|158.42|159.83|158.36|158.81|9259
2020.07.31 18:30:00|158.82|159.23|157.38|157.85|8683
2020.07.31 19:30:00|157.85|157.85|156.01|157.31|7393
2020.07.31 20:30:00|157.31|159.08|156.86|157.76|7146
2020.07.31 21:30:00|157.78|158.5|157.38|157.55|6621
2020.07.31 22:30:00|157.57|158.05|157.26|157.72|4897
2020.08.03 16:30:00|155.26|155.65|153.14|154.47|12380
2020.08.03 17:30:00|154.46|160.8|154.46|160.16|11161
2020.08.03 18:30:00|160.18|161.98|159.53|160.8|10121
2020.08.03 19:30:00|160.8|162.8|160.6|162.6|6201
2020.08.03 20:30:00|162.61|163.31|160.81|161.16|6565
2020.08.03 21:30:00|161.16|162.77|160.31|162.17|7870
2020.08.03 22:30:00|162.18|162.44|161.39|161.91|5440
2020.08.04 16:30:00|165.04|167.13|162.76|164.46|12841
2020.08.04 17:30:00|164.45|165.35|163.38|164.38|7954
2020.08.04 18:30:00|164.38|164.73|163.7|164.22|4807
2020.08.04 19:30:00|164.24|166.01|164.24|165.06|5416
2020.08.04 20:30:00|165.07|166.44|164.43|165.54|5103
2020.08.04 21:30:00|165.54|165.58|164.09|164.54|6096
2020.08.04 22:30:00|164.5|165.01|164.36|164.82|3956
2020.08.05 16:30:00|167.72|168.83|166.16|168.1|12201
2020.08.05 17:30:00|168.1|170.11|168.08|169.97|10386
2020.08.05 18:30:00|169.98|174.73|169.96|172.75|13905
2020.08.05 19:30:00|172.74|174.5|172.74|173.62|8472
2020.08.05 20:30:00|173.62|173.7|171.31|172.06|7955
2020.08.05 21:30:00|172.03|174.07|171.82|173.69|7983
2020.08.05 22:30:00|173.7|174.28|172.87|174.01|5093
2020.08.06 16:30:00|172.44|175.29|171.07|173.31|11630
2020.08.06 17:30:00|173.31|174.46|171.59|172.22|9448
2020.08.06 18:30:00|172.21|173.21|171.46|172.23|6473
2020.08.06 19:30:00|172.26|172.65|171.16|171.39|4310
2020.08.06 20:30:00|171.38|173.16|170.35|172.25|6880
2020.08.06 21:30:00|172.25|172.73|171.51|171.59|6015
2020.08.06 22:30:00|171.59|172.23|171.18|171.95|5088
2020.08.07 16:30:00|170.85|171.57|169.2|169.97|10218
2020.08.07 17:30:00|169.97|171.52|169.94|170.65|6701
2020.08.07 18:30:00|170.63|170.92|169.45|170.48|5405
2020.08.07 19:30:00|170.48|170.77|169.46|170.17|5275
2020.08.07 20:30:00|170.16|170.32|168.46|169.01|5632
2020.08.07 21:30:00|169.02|169.58|168.68|169.27|5736
2020.08.07 22:30:00|169.28|170.1|169.06|169.74|4166
2020.08.10 16:30:00|171.74|177.55|171.26|176.77|13415
2020.08.10 17:30:00|176.78|179.1|175.45|176.53|11293
2020.08.10 18:30:00|176.52|178.52|176.45|177.86|7405
2020.08.10 19:30:00|177.81|177.98|176.45|176.64|5212
2020.08.10 20:30:00|176.63|177.76|175.96|177.59|5242
2020.08.10 21:30:00|177.59|179.54|177.56|179.15|7296
2020.08.10 22:30:00|179.16|179.2|178.27|179.13|5683
2020.08.11 16:30:00|183.45|189.5|183.21|188.05|18069
2020.08.11 17:30:00|188.07|189.69|184.37|184.57|13796
2020.08.11 18:30:00|184.52|186.33|183.37|185.8|9242
2020.08.11 19:30:00|185.82|186.07|184.22|184.38|5982
2020.08.11 20:30:00|184.39|187.16|184.27|185.61|8192
2020.08.11 21:30:00|185.61|186.17|181.2|182.66|10437
2020.08.11 22:30:00|182.66|182.94|179.27|179.86|7881
2020.08.12 16:30:00|183.26|183.26|175.91|177.88|13915
2020.08.12 17:30:00|177.89|178.96|176.4|177.42|8640
2020.08.12 18:30:00|177.43|177.63|174.67|175.49|7665
2020.08.12 19:30:00|175.49|176.27|173.41|173.82|7109
2020.08.12 20:30:00|173.82|174.96|172.94|174.86|6447
2020.08.12 21:30:00|174.87|176.74|174.83|176.59|7295
2020.08.12 22:30:00|176.59|176.64|175.17|175.19|4921
2020.08.13 16:30:00|173.06|179.12|172.16|177.37|14592
2020.08.13 17:30:00|177.34|177.77|174.88|175.58|8290
2020.08.13 18:30:00|175.58|176.34|174.92|175.54|5567
2020.08.13 19:30:00|175.55|175.93|174.77|174.82|4199
2020.08.13 20:30:00|174.81|175.06|173.22|173.89|5551
2020.08.13 21:30:00|173.83|175.08|173.28|174.82|7612
2020.08.13 22:30:00|174.84|174.96|174.06|174.49|4367
2020.08.14 16:30:00|173.2|177.71|172.89|177.43|10462
2020.08.14 17:30:00|177.42|177.64|175.83|176.68|7954
2020.08.14 18:30:00|176.71|179.06|176.68|178.36|6798
2020.08.14 19:30:00|178.34|178.35|176.67|177.88|4895
2020.08.14 20:30:00|177.86|179.19|177.78|178.12|5485
2020.08.14 21:30:00|178.11|178.52|176.89|177.27|5841
2020.08.14 22:30:00|177.27|177.84|177.09|177.79|3987
2020.08.17 16:30:00|177.21|177.21|171.6|172.3|12896
2020.08.17 17:30:00|172.32|172.92|171.16|171.58|7893
2020.08.17 18:30:00|171.58|172.54|171.2|172.52|5295
2020.08.17 19:30:00|172.52|172.71|171.86|172.15|3236
2020.08.17 20:30:00|172.15|173.31|172|172.87|3879
2020.08.17 21:30:00|172.88|173|171.4|171.4|4200
2020.08.17 22:30:00|171.39|172.19|171.39|171.77|3489
2020.08.18 16:30:00|171.1|172.95|170.01|170.66|8830
2020.08.18 17:30:00|170.63|170.81|168.93|169.67|5912
2020.08.18 18:30:00|169.7|170.43|168.79|169.31|4676
2020.08.18 19:30:00|169.35|169.83|168.77|169.54|3654
2020.08.18 20:30:00|169.52|171.05|169.45|170.37|4013
2020.08.18 21:30:00|170.38|171.24|170.07|170.25|4129
2020.08.18 22:30:00|170.22|170.22|169.78|169.88|3255
2020.08.19 16:30:00|169.99|173.82|169.36|171.96|10898
2020.08.19 17:30:00|171.96|171.96|169.81|169.94|6263
2020.08.19 18:30:00|169.92|170.56|169.39|170.36|5561
2020.08.19 19:30:00|170.36|171.67|169.77|171.36|4267
2020.08.19 20:30:00|171.37|171.53|169.93|169.93|4940
2020.08.19 21:30:00|169.93|170.73|169.79|169.89|4783
2020.08.19 22:30:00|169.89|169.94|168.85|169.03|4721
2020.08.20 16:30:00|167.4|168.39|165.61|167.04|10833
2020.08.20 17:30:00|167.04|167.51|166.36|167.04|5222
2020.08.20 18:30:00|167.03|169.44|166.92|169.34|5041
2020.08.20 19:30:00|169.35|170.56|168.87|169.68|5530
2020.08.20 20:30:00|169.66|170.24|169.13|169.77|3832
2020.08.20 21:30:00|169.79|170.13|169.22|169.6|3392
2020.08.20 22:30:00|169.58|169.94|169.06|169.37|3783
2020.08.21 16:30:00|168.55|169.76|167.79|168.2|7678
2020.08.21 17:30:00|168.21|168.81|167.56|168.35|4886
2020.08.21 18:30:00|168.36|169.26|168.26|168.27|3779
2020.08.21 19:30:00|168.28|168.67|167.98|168.15|2909
2020.08.21 20:30:00|168.16|168.58|167.69|168.01|2828
2020.08.21 21:30:00|167.99|168.11|167.26|167.28|3536
