2021.02.12 18:00:00|17.85|17.88|17.81|17.88|130
2021.02.15 10:00:00|17.94|18.19|17.94|18.14|299
2021.02.15 11:00:00|18.14|18.29|18.12|18.29|136
2021.02.15 12:00:00|18.28|18.34|18.25|18.33|214
2021.02.15 13:00:00|18.32|18.33|18.27|18.29|171
2021.02.15 14:00:00|18.28|18.28|18.19|18.25|119
2021.02.15 15:00:00|18.26|18.3|18.24|18.28|148
2021.02.15 16:00:00|18.27|18.31|18.24|18.28|194
2021.02.15 17:00:00|18.27|18.49|18.25|18.49|286
2021.02.15 18:00:00|18.48|18.6|18.46|18.59|212
2021.02.16 10:00:00|18.61|18.61|18.37|18.42|384
2021.02.16 11:00:00|18.43|18.54|18.36|18.54|312
2021.02.16 12:00:00|18.54|18.57|18.47|18.48|193
2021.02.16 13:00:00|18.49|18.54|18.42|18.5|197
2021.02.16 14:00:00|18.49|18.55|18.42|18.43|222
2021.02.16 15:00:00|18.41|18.53|18.41|18.51|169
2021.02.16 16:00:00|18.51|18.52|18.44|18.49|259
2021.02.16 17:00:00|18.49|18.57|18.45|18.54|264
2021.02.16 18:00:00|18.55|18.61|18.54|18.56|125
2021.02.17 10:00:00|18.5|18.54|18.3|18.52|489
2021.02.17 11:00:00|18.52|18.63|18.43|18.63|338
2021.02.17 12:00:00|18.63|18.78|18.59|18.72|260
2021.02.17 13:00:00|18.72|18.8|18.72|18.8|221
2021.02.17 14:00:00|18.81|18.81|18.72|18.76|152
2021.02.17 15:00:00|18.76|18.76|18.65|18.72|203
2021.02.17 16:00:00|18.73|18.75|18.54|18.57|331
2021.02.17 17:00:00|18.57|18.62|18.55|18.59|344
2021.02.17 18:00:00|18.59|18.65|18.58|18.62|177
2021.02.18 10:00:00|18.52|18.64|18.43|18.56|411
2021.02.18 11:00:00|18.55|18.61|18.44|18.59|311
2021.02.18 12:00:00|18.61|18.61|18.21|18.44|464
2021.02.18 13:00:00|18.45|18.46|18.06|18.11|354
2021.02.18 14:00:00|18.1|18.17|18.06|18.13|232
2021.02.18 15:00:00|18.13|18.15|17.93|17.98|391
2021.02.18 16:00:00|17.99|18.15|17.97|18.13|356
2021.02.18 17:00:00|18.12|18.14|18.05|18.08|374
2021.02.18 18:00:00|18.07|18.11|18.04|18.06|174
2021.02.19 10:00:00|18.29|18.39|18.17|18.28|489
2021.02.19 11:00:00|18.28|18.3|18.21|18.23|292
2021.02.19 12:00:00|18.24|18.24|18.11|18.14|309
2021.02.19 13:00:00|18.14|18.23|18.11|18.18|256
2021.02.19 14:00:00|18.18|18.3|18.17|18.28|270
2021.02.19 15:00:00|18.27|18.35|18.23|18.33|231
2021.02.19 16:00:00|18.34|18.34|18.23|18.32|362
2021.02.19 17:00:00|18.31|18.31|18.25|18.28|256
2021.02.19 18:00:00|18.27|18.39|18.27|18.37|172
2021.02.22 10:00:00|18.2|18.25|17.95|18.15|893
2021.02.22 11:00:00|18.12|18.23|18.09|18.15|395
2021.02.22 12:00:00|18.16|18.19|18.13|18.18|313
2021.02.22 13:00:00|18.18|18.22|18.11|18.17|218
2021.02.22 14:00:00|18.17|18.17|18.12|18.14|178
2021.02.22 15:00:00|18.15|18.22|18.13|18.15|158
2021.02.22 16:00:00|18.16|18.27|18.11|18.2|410
2021.02.22 17:00:00|18.2|18.29|18.17|18.29|304
2021.02.22 18:00:00|18.28|18.33|18.27|18.33|129
2021.02.23 10:00:00|18.34|18.68|18.34|18.48|363
2021.02.23 11:00:00|18.49|18.52|18.42|18.49|427
2021.02.23 12:00:00|18.49|18.53|18.31|18.38|631
2021.02.23 13:00:00|18.38|18.44|18.35|18.4|378
2021.02.23 14:00:00|18.41|18.56|18.4|18.54|279
2021.02.23 15:00:00|18.54|18.56|18.47|18.53|227
2021.02.23 16:00:00|18.54|18.62|18.39|18.58|655
2021.02.23 17:00:00|18.58|18.73|18.54|18.66|613
2021.02.23 18:00:00|18.66|18.71|18.66|18.69|190
2021.02.24 10:00:00|18.63|18.8|18.61|18.68|464
2021.02.24 11:00:00|18.68|18.85|18.68|18.82|351
2021.02.24 12:00:00|18.83|18.89|18.72|18.72|409
2021.02.24 13:00:00|18.71|18.78|18.67|18.7|223
2021.02.24 14:00:00|18.71|18.81|18.71|18.79|318
2021.02.24 15:00:00|18.78|18.8|18.54|18.57|329
2021.02.24 16:00:00|18.56|18.64|18.5|18.5|616
2021.02.24 17:00:00|18.51|18.55|18.44|18.45|641
2021.02.24 18:00:00|18.46|18.55|18.39|18.54|247
2021.02.25 10:00:00|18.56|18.93|18.49|18.82|672
2021.02.25 11:00:00|18.81|18.94|18.76|18.81|401
2021.02.25 12:00:00|18.8|18.94|18.75|18.83|396
2021.02.25 13:00:00|18.83|18.84|18.72|18.77|223
2021.02.25 14:00:00|18.77|18.86|18.75|18.83|192
2021.02.25 15:00:00|18.82|18.83|18.78|18.8|154
2021.02.25 16:00:00|18.8|19.02|18.74|18.83|412
2021.02.25 17:00:00|18.84|18.88|18.75|18.88|686
2021.02.25 18:00:00|18.87|18.91|18.78|18.79|310
2021.02.26 10:00:00|18.62|18.62|18.28|18.53|632
2021.02.26 11:00:00|18.54|18.64|18.52|18.64|393
2021.02.26 12:00:00|18.63|18.67|18.61|18.62|287
2021.02.26 13:00:00|18.62|18.63|18.36|18.37|410
2021.02.26 14:00:00|18.38|18.42|18.19|18.21|540
2021.02.26 15:00:00|18.2|18.38|18.17|18.38|671
2021.02.26 16:00:00|18.38|18.4|18.25|18.28|1055
2021.02.26 17:00:00|18.28|18.34|18.16|18.18|1197
2021.02.26 18:00:00|18.19|18.28|18.11|18.11|617
2021.03.01 10:00:00|18.42|18.57|18.24|18.46|586
2021.03.01 11:00:00|18.47|18.48|18.38|18.45|246
2021.03.01 12:00:00|18.45|18.5|18.39|18.4|285
2021.03.01 13:00:00|18.39|18.39|18.22|18.26|326
2021.03.01 14:00:00|18.25|18.32|18.25|18.3|238
2021.03.01 15:00:00|18.3|18.31|18.22|18.25|172
2021.03.01 16:00:00|18.24|18.28|18.14|18.16|292
2021.03.01 17:00:00|18.17|18.4|18.16|18.37|393
2021.03.01 18:00:00|18.36|18.38|18.33|18.36|200
2021.03.02 10:00:00|18.37|18.37|18.19|18.2|416
2021.03.02 11:00:00|18.21|18.25|18.12|18.17|340
2021.03.02 12:00:00|18.18|18.36|18.16|18.35|309
2021.03.02 13:00:00|18.36|18.47|18.34|18.44|221
2021.03.02 14:00:00|18.44|18.54|18.44|18.52|167
2021.03.02 15:00:00|18.51|18.72|18.5|18.72|242
2021.03.02 16:00:00|18.72|18.8|18.65|18.72|381
2021.03.02 17:00:00|18.71|18.8|18.61|18.63|382
2021.03.02 18:00:00|18.63|18.63|18.57|18.6|184
2021.03.03 10:00:00|18.69|18.94|18.62|18.81|395
2021.03.03 11:00:00|18.81|18.9|18.75|18.82|319
2021.03.03 12:00:00|18.82|18.89|18.73|18.76|283
2021.03.03 13:00:00|18.77|18.77|18.67|18.68|127
2021.03.03 14:00:00|18.67|18.72|18.66|18.69|136
2021.03.03 15:00:00|18.68|18.71|18.54|18.61|256
2021.03.03 16:00:00|18.6|18.65|18.49|18.49|381
2021.03.03 17:00:00|18.51|18.57|18.45|18.48|569
2021.03.03 18:00:00|18.49|18.58|18.49|18.54|230
2021.03.04 10:00:00|18.6|18.78|18.55|18.56|734
2021.03.04 11:00:00|18.56|18.9|18.56|18.87|548
2021.03.04 12:00:00|18.87|18.96|18.78|18.87|513
2021.03.04 13:00:00|18.88|18.91|18.73|18.86|356
2021.03.04 14:00:00|18.86|18.87|18.78|18.81|235
2021.03.04 15:00:00|18.81|19.02|18.81|18.82|433
2021.03.04 16:00:00|18.82|18.84|18.49|18.55|724
2021.03.04 17:00:00|18.55|18.58|18.35|18.41|787
2021.03.04 18:00:00|18.41|18.49|18.41|18.47|312
2021.03.05 10:00:00|18.43|18.52|18.31|18.52|632
2021.03.05 11:00:00|18.51|18.67|18.49|18.64|368
2021.03.05 12:00:00|18.65|18.68|18.57|18.65|251
2021.03.05 13:00:00|18.66|18.79|18.64|18.71|209
2021.03.05 14:00:00|18.7|18.86|18.7|18.84|169
2021.03.05 15:00:00|18.84|19.02|18.74|19.01|486
2021.03.05 16:00:00|19.01|19.06|18.81|18.84|552
2021.03.05 17:00:00|18.85|18.91|18.75|18.79|616
2021.03.05 18:00:00|18.79|18.8|18.66|18.69|309
2021.03.08 10:00:00|18.74|18.86|18.58|18.67|495
2021.03.08 11:00:00|18.66|18.69|18.47|18.68|630
2021.03.08 12:00:00|18.68|18.81|18.58|18.78|378
2021.03.08 13:00:00|18.79|18.89|18.79|18.86|312
2021.03.08 14:00:00|18.87|18.88|18.75|18.82|297
2021.03.08 15:00:00|18.82|18.89|18.77|18.84|279
2021.03.08 16:00:00|18.83|19|18.81|18.96|492
2021.03.08 17:00:00|18.92|19.16|18.92|19.02|622
2021.03.08 18:00:00|19.03|19.18|19|19.17|404
2021.03.09 10:00:00|19.16|19.47|19.08|19.43|738
2021.03.09 11:00:00|19.42|19.48|19.38|19.44|372
2021.03.09 12:00:00|19.43|19.63|19.4|19.63|332
2021.03.09 13:00:00|19.62|19.82|19.62|19.78|330
2021.03.09 14:00:00|19.76|19.86|19.71|19.76|284
2021.03.09 15:00:00|19.76|19.79|19.66|19.76|278
2021.03.09 16:00:00|19.76|19.85|19.7|19.72|532
2021.03.09 17:00:00|19.73|19.95|19.71|19.93|548
2021.03.09 18:00:00|19.93|19.95|19.84|19.86|242
2021.03.10 10:00:00|19.68|19.81|19.64|19.75|669
2021.03.10 11:00:00|19.73|19.87|19.69|19.73|454
2021.03.10 12:00:00|19.73|19.86|19.72|19.76|248
2021.03.10 13:00:00|19.76|19.78|19.68|19.73|353
2021.03.10 14:00:00|19.74|19.8|19.71|19.75|238
2021.03.10 15:00:00|19.75|19.81|19.71|19.71|195
2021.03.10 16:00:00|19.7|19.73|19.6|19.72|478
2021.03.10 17:00:00|19.71|19.74|19.62|19.68|446
2021.03.10 18:00:00|19.69|19.73|19.63|19.64|220
2021.03.11 10:00:00|19.77|19.77|19.57|19.69|501
2021.03.11 11:00:00|19.68|19.8|19.58|19.72|335
2021.03.11 12:00:00|19.72|19.78|19.65|19.76|239
2021.03.11 13:00:00|19.77|19.77|19.7|19.74|234
2021.03.11 14:00:00|19.73|19.82|19.7|19.74|273
2021.03.11 15:00:00|19.75|19.84|19.64|19.83|292
2021.03.11 16:00:00|19.82|19.88|19.78|19.81|276
2021.03.11 17:00:00|19.82|19.9|19.81|19.84|245
2021.03.11 18:00:00|19.85|19.85|19.8|19.81|203
2021.03.12 10:00:00|21.36|21.79|21.09|21.5|1869
2021.03.12 11:00:00|21.51|21.59|21.28|21.38|648
2021.03.12 12:00:00|21.38|21.4|20.93|20.98|360
2021.03.12 13:00:00|20.99|21.09|20.85|21.03|410
2021.03.12 14:00:00|21.03|21.28|21.03|21.19|374
2021.03.12 15:00:00|21.19|21.21|20.9|21.07|399
2021.03.12 16:00:00|21.08|21.32|21.07|21.3|611
2021.03.12 17:00:00|21.31|21.45|20.77|21.11|878
2021.03.12 18:00:00|21.12|21.24|21.1|21.19|169
2021.03.15 10:00:00|21.48|21.66|21.31|21.33|488
2021.03.15 11:00:00|21.33|21.35|21.19|21.31|303
2021.03.15 12:00:00|21.3|21.33|21.22|21.24|239
2021.03.15 13:00:00|21.24|21.24|21.05|21.19|289
2021.03.15 14:00:00|21.2|21.21|21.13|21.16|189
2021.03.15 15:00:00|21.16|21.21|21.08|21.09|199
2021.03.15 16:00:00|21.08|21.14|21.02|21.05|264
2021.03.15 17:00:00|21.05|21.08|20.94|21.03|219
2021.03.15 18:00:00|21.03|21.1|21.02|21.09|98
2021.03.16 10:00:00|21.12|21.21|20.74|20.8|334
2021.03.16 11:00:00|20.77|20.92|20.71|20.89|218
2021.03.16 12:00:00|20.88|20.89|20.74|20.79|205
2021.03.16 13:00:00|20.8|20.92|20.78|20.9|145
2021.03.16 14:00:00|20.91|20.97|20.73|20.75|274
2021.03.16 15:00:00|20.76|20.85|20.66|20.77|278
2021.03.16 16:00:00|20.77|20.78|20.7|20.72|214
2021.03.16 17:00:00|20.7|20.98|20.7|20.89|224
2021.03.16 18:00:00|20.91|20.91|20.81|20.91|158
2021.03.17 10:00:00|20.66|20.91|20.66|20.83|515
2021.03.17 11:00:00|20.83|20.87|20.76|20.86|335
2021.03.17 12:00:00|20.86|20.88|20.76|20.85|236
2021.03.17 13:00:00|20.84|20.88|20.74|20.78|331
2021.03.17 14:00:00|20.77|20.93|20.76|20.89|216
2021.03.17 15:00:00|20.88|20.93|20.8|20.85|219
2021.03.17 16:00:00|20.84|20.91|20.81|20.86|133
2021.03.17 17:00:00|20.86|20.97|20.83|20.96|129
2021.03.17 18:00:00|20.97|21|20.92|20.92|106
2021.03.18 10:00:00|21.04|21.29|21.03|21.09|427
2021.03.18 11:00:00|21.08|21.11|20.82|20.88|388
2021.03.18 12:00:00|20.88|20.94|20.79|20.86|309
2021.03.18 13:00:00|20.87|20.89|20.77|20.88|414
2021.03.18 14:00:00|20.86|20.99|20.86|20.96|229
2021.03.18 15:00:00|20.96|21.09|20.91|21.09|318
2021.03.18 16:00:00|21.09|21.24|21.07|21.2|422
2021.03.18 17:00:00|21.2|21.24|21.14|21.24|214
2021.03.18 18:00:00|21.24|21.24|21.14|21.16|154
2021.03.19 10:00:00|20.64|20.78|20.37|20.43|588
2021.03.19 11:00:00|20.42|20.5|20.38|20.46|293
2021.03.19 12:00:00|20.45|20.54|20.37|20.51|419
2021.03.19 13:00:00|20.5|20.5|20.28|20.34|563
2021.03.19 14:00:00|20.34|20.4|20.29|20.34|339
2021.03.19 15:00:00|20.33|20.38|20.23|20.33|788
2021.03.19 16:00:00|20.34|20.46|20.25|20.42|581
2021.03.19 17:00:00|20.43|20.5|20.42|20.46|399
2021.03.19 18:00:00|20.47|20.48|20.43|20.43|143
2021.03.22 10:00:00|20.27|20.48|20.25|20.36|464
2021.03.22 11:00:00|20.37|20.4|20.31|20.39|168
2021.03.22 12:00:00|20.39|20.44|20.36|20.4|107
2021.03.22 13:00:00|20.41|20.41|20.28|20.34|115
2021.03.22 14:00:00|20.34|20.34|20.22|20.25|84
2021.03.22 15:00:00|20.26|20.27|20.18|20.18|87
2021.03.22 16:00:00|20.17|20.22|20.16|20.17|93
2021.03.22 17:00:00|20.16|20.19|19.98|20.02|165
2021.03.22 18:00:00|19.98|20.14|19.98|20.11|122
2021.03.23 10:00:00|19.55|20.07|19.43|20.05|717
2021.03.23 11:00:00|19.99|20.07|19.79|20.03|435
2021.03.23 12:00:00|20.02|20.03|19.83|20.01|447
2021.03.23 13:00:00|20|20.11|19.96|20.03|376
2021.03.23 14:00:00|20.02|20.06|19.95|20|142
2021.03.23 15:00:00|19.95|20.14|19.95|20.08|162
2021.03.23 16:00:00|20.04|20.2|19.97|20.02|244
2021.03.23 17:00:00|20.02|20.15|19.98|20.09|212
2021.03.23 18:00:00|20.03|20.08|19.94|20.01|100
2021.03.24 10:00:00|19.63|19.93|19.63|19.92|581
2021.03.24 11:00:00|19.92|19.93|19.81|19.91|409
2021.03.24 12:00:00|19.91|19.93|19.83|19.83|198
2021.03.24 13:00:00|19.84|19.91|19.82|19.88|290
2021.03.24 14:00:00|19.88|19.93|19.86|19.87|188
2021.03.24 15:00:00|19.88|19.9|19.74|19.75|263
2021.03.24 16:00:00|19.76|19.81|19.72|19.75|271
2021.03.24 17:00:00|19.74|19.89|19.71|19.88|251
2021.03.24 18:00:00|19.89|19.89|19.82|19.86|178
2021.03.25 10:00:00|19.6|19.69|19.34|19.35|981
2021.03.25 11:00:00|19.36|19.37|19.15|19.3|565
2021.03.25 12:00:00|19.28|19.38|19.2|19.25|319
2021.03.25 13:00:00|19.25|19.25|18.69|18.71|702
2021.03.25 14:00:00|18.72|18.8|18.59|18.7|694
2021.03.25 15:00:00|18.69|18.72|18.53|18.68|565
2021.03.25 16:00:00|18.69|18.74|18.47|18.69|624
2021.03.25 17:00:00|18.68|18.8|18.61|18.78|476
2021.03.25 18:00:00|18.78|18.95|18.78|18.93|256
2021.03.26 10:00:00|18.93|19.25|18.77|18.95|1213
2021.03.26 11:00:00|18.95|18.97|18.62|18.7|813
2021.03.26 12:00:00|18.71|18.76|18.62|18.74|448
2021.03.26 13:00:00|18.75|18.87|18.7|18.77|523
2021.03.26 14:00:00|18.76|18.82|18.67|18.68|415
2021.03.26 15:00:00|18.67|18.73|18.61|18.66|579
2021.03.26 16:00:00|18.67|18.82|18.66|18.82|539
2021.03.26 17:00:00|18.82|18.82|18.65|18.77|549
2021.03.26 18:00:00|18.78|18.98|18.77|18.97|284
2021.03.29 10:00:00|18.9|19.31|18.8|18.98|638
2021.03.29 11:00:00|18.99|19|18.91|18.94|276
2021.03.29 12:00:00|18.93|19.05|18.92|19.04|211
2021.03.29 13:00:00|19.05|19.12|18.97|18.97|187
2021.03.29 14:00:00|18.96|19|18.88|18.89|150
2021.03.29 15:00:00|18.89|19.05|18.87|18.97|250
2021.03.29 16:00:00|18.96|19.16|18.95|19.16|344
2021.03.29 17:00:00|19.15|19.18|19.02|19.14|544
2021.03.29 18:00:00|19.15|19.18|19.09|19.16|318
2021.03.30 10:00:00|19.36|19.36|18.9|19.17|555
2021.03.30 11:00:00|19.18|19.2|19.07|19.18|220
2021.03.30 12:00:00|19.17|19.25|19.16|19.21|128
2021.03.30 13:00:00|19.2|19.25|19.17|19.21|95
2021.03.30 14:00:00|19.2|19.21|19.13|19.16|200
2021.03.30 15:00:00|19.16|19.17|19.07|19.12|235
2021.03.30 16:00:00|19.11|19.21|19.1|19.2|216
2021.03.30 17:00:00|19.2|19.49|19.18|19.36|356
2021.03.30 18:00:00|19.36|19.38|19.32|19.36|170
2021.03.31 10:00:00|19.35|19.38|19.02|19.11|311
2021.03.31 11:00:00|19.11|19.18|19.08|19.15|174
2021.03.31 12:00:00|19.15|19.17|19.05|19.06|199
2021.03.31 13:00:00|19.08|19.13|18.99|19.06|177
2021.03.31 14:00:00|19.05|19.08|19.03|19.08|105
2021.03.31 15:00:00|19.07|19.09|19.03|19.04|96
2021.03.31 16:00:00|19.03|19.12|18.99|18.99|331
2021.03.31 17:00:00|19|19.05|18.9|18.93|404
2021.03.31 18:00:00|18.94|19.04|18.92|18.98|237
2021.04.01 10:00:00|19|19.26|18.93|19.25|459
2021.04.01 11:00:00|19.25|19.25|19.17|19.21|205
2021.04.01 12:00:00|19.22|19.22|19.11|19.14|175
2021.04.01 13:00:00|19.14|19.19|18.96|18.97|239
2021.04.01 14:00:00|18.97|19.24|18.94|19.18|392
2021.04.01 15:00:00|19.18|19.2|19.13|19.2|147
2021.04.01 16:00:00|19.18|19.24|19.12|19.14|269
2021.04.01 17:00:00|19.15|19.28|19.14|19.23|247
2021.04.01 18:00:00|19.24|19.25|19.18|19.24|182
2021.04.06 10:00:00|19.45|19.54|19.28|19.35|716
2021.04.06 11:00:00|19.36|19.5|19.31|19.48|342
2021.04.06 12:00:00|19.48|19.57|19.42|19.56|265
2021.04.06 13:00:00|19.57|19.61|19.51|19.54|234
2021.04.06 14:00:00|19.53|19.56|19.52|19.55|82
2021.04.06 15:00:00|19.54|19.64|19.54|19.59|178
2021.04.06 16:00:00|19.58|19.76|19.58|19.76|233
2021.04.06 17:00:00|19.74|19.85|19.69|19.78|366
2021.04.06 18:00:00|19.79|19.83|19.73|19.75|150
2021.04.07 10:00:00|19.76|19.92|19.64|19.91|487
2021.04.07 11:00:00|19.92|19.99|19.87|19.97|233
2021.04.07 12:00:00|19.97|19.98|19.82|19.84|191
2021.04.07 13:00:00|19.84|19.93|19.82|19.92|137
2021.04.07 14:00:00|19.91|19.91|19.79|19.79|182
2021.04.07 15:00:00|19.8|19.82|19.76|19.8|164
2021.04.07 16:00:00|19.81|19.98|19.78|19.98|300
2021.04.07 17:00:00|19.97|19.97|19.88|19.88|225
2021.04.07 18:00:00|19.87|19.89|19.82|19.83|87
2021.04.08 10:00:00|19.97|20.06|19.84|19.9|310
2021.04.08 11:00:00|19.91|19.91|19.76|19.81|253
2021.04.08 12:00:00|19.81|20.02|19.79|20.01|334
2021.04.08 13:00:00|20.02|20.08|20|20.01|260
2021.04.08 14:00:00|20|20.04|19.96|19.97|119
2021.04.08 15:00:00|19.96|19.96|19.88|19.89|157
2021.04.08 16:00:00|19.88|20.04|19.88|20.02|256
2021.04.08 17:00:00|20.02|20.07|19.95|20.01|191
2021.04.08 18:00:00|20.02|20.05|20|20.02|72
2021.04.09 10:00:00|20.14|20.36|20.14|20.36|438
2021.04.09 11:00:00|20.36|20.53|20.29|20.5|197
2021.04.09 12:00:00|20.5|20.59|20.43|20.59|146
2021.04.09 13:00:00|20.58|20.59|20.43|20.44|199
2021.04.09 14:00:00|20.45|20.48|20.33|20.33|149
2021.04.09 15:00:00|20.32|20.44|20.31|20.42|156
2021.04.09 16:00:00|20.4|20.43|20.37|20.41|179
2021.04.09 17:00:00|20.41|20.44|20.34|20.4|128
2021.04.09 18:00:00|20.4|20.48|20.36|20.48|187
2021.04.12 10:00:00|20.28|20.46|20.28|20.33|329
2021.04.12 11:00:00|20.32|20.34|20.24|20.29|213
2021.04.12 12:00:00|20.3|20.38|20.26|20.37|152
2021.04.12 13:00:00|20.38|20.41|20.3|20.3|120
2021.04.12 14:00:00|20.31|20.42|20.3|20.39|116
2021.04.12 15:00:00|20.37|20.52|20.37|20.52|118
2021.04.12 16:00:00|20.53|20.62|20.43|20.43|193
2021.04.12 17:00:00|20.44|20.51|20.42|20.48|160
2021.04.12 18:00:00|20.48|20.51|20.47|20.51|116
2021.04.13 10:00:00|20.33|20.83|20.32|20.78|315
2021.04.13 11:00:00|20.77|20.84|20.71|20.72|205
2021.04.13 12:00:00|20.73|20.85|20.72|20.84|164
2021.04.13 13:00:00|20.82|20.88|20.75|20.79|111
2021.04.13 14:00:00|20.78|20.79|20.65|20.71|209
2021.04.13 15:00:00|20.72|20.74|20.67|20.73|100
2021.04.13 16:00:00|20.73|20.75|20.55|20.57|145
2021.04.13 17:00:00|20.57|20.61|20.57|20.58|100
2021.04.13 18:00:00|20.59|20.63|20.57|20.63|69
2021.04.14 10:00:00|20.84|21.06|20.78|20.91|345
2021.04.14 11:00:00|20.92|21|20.88|20.96|164
2021.04.14 12:00:00|20.97|21|20.94|20.96|63
2021.04.14 13:00:00|20.97|20.97|20.86|20.9|57
2021.04.14 14:00:00|20.9|20.93|20.82|20.86|68
2021.04.14 15:00:00|20.86|20.87|20.77|20.8|117
2021.04.14 16:00:00|20.82|20.9|20.82|20.88|144
2021.04.14 17:00:00|20.88|21.07|20.76|21.07|308
2021.04.14 18:00:00|21.08|21.13|20.89|20.9|175
2021.04.15 10:00:00|20.93|20.95|20.78|20.94|316
2021.04.15 11:00:00|20.95|20.99|20.91|20.96|182
2021.04.15 12:00:00|20.95|20.96|20.86|20.87|67
2021.04.15 13:00:00|20.86|20.91|20.79|20.8|75
2021.04.15 14:00:00|20.79|20.79|20.6|20.6|207
2021.04.15 15:00:00|20.61|20.74|20.56|20.68|265
2021.04.15 16:00:00|20.67|20.71|20.59|20.63|186
2021.04.15 17:00:00|20.62|20.8|20.62|20.75|175
2021.04.15 18:00:00|20.75|20.84|20.75|20.81|105
2021.04.16 10:00:00|20.68|20.93|20.68|20.78|250
2021.04.16 11:00:00|20.78|20.81|20.75|20.75|116
2021.04.16 12:00:00|20.73|20.84|20.68|20.82|335
2021.04.16 13:00:00|20.81|20.81|20.68|20.69|164
2021.04.16 14:00:00|20.7|20.76|20.7|20.71|88
2021.04.16 15:00:00|20.72|20.74|20.68|20.71|60
2021.04.16 16:00:00|20.71|20.81|20.68|20.76|110
2021.04.16 17:00:00|20.76|20.82|20.73|20.75|207
2021.04.16 18:00:00|20.75|20.76|20.7|20.73|112
2021.04.19 10:00:00|20.7|20.87|20.61|20.84|317
2021.04.19 11:00:00|20.85|20.87|20.7|20.72|227
2021.04.19 12:00:00|20.72|20.73|20.67|20.71|135
2021.04.19 13:00:00|20.72|20.78|20.7|20.72|96
2021.04.19 14:00:00|20.71|20.72|20.66|20.69|108
2021.04.19 15:00:00|20.69|20.69|20.61|20.64|195
2021.04.19 16:00:00|20.65|20.72|20.63|20.67|203
2021.04.19 17:00:00|20.67|20.68|20.6|20.67|180
2021.04.19 18:00:00|20.66|20.72|20.66|20.68|98
2021.04.20 10:00:00|20.68|20.69|20.56|20.56|314
2021.04.20 11:00:00|20.57|20.62|20.51|20.56|262
2021.04.20 12:00:00|20.55|20.58|20.53|20.56|213
2021.04.20 13:00:00|20.55|20.55|20.44|20.49|160
2021.04.20 14:00:00|20.49|20.49|20.41|20.43|180
2021.04.20 15:00:00|20.42|20.44|20.26|20.31|185
2021.04.20 16:00:00|20.31|20.35|20.22|20.23|205
2021.04.20 17:00:00|20.23|20.27|19.97|20.05|386
2021.04.20 18:00:00|20.05|20.05|19.97|19.99|195
2021.04.21 10:00:00|20.09|20.14|19.96|20.13|258
2021.04.21 11:00:00|20.14|20.26|20.09|20.09|229
2021.04.21 12:00:00|20.1|20.31|20.1|20.28|172
2021.04.21 13:00:00|20.28|20.44|20.2|20.44|184
2021.04.21 14:00:00|20.44|20.52|20.4|20.45|236
2021.04.21 15:00:00|20.45|20.54|20.42|20.45|186
2021.04.21 16:00:00|20.45|20.51|20.36|20.51|229
2021.04.21 17:00:00|20.51|20.58|20.51|20.52|193
2021.04.21 18:00:00|20.53|20.54|20.48|20.49|90
2021.04.22 10:00:00|20.6|20.88|20.48|20.53|387
2021.04.22 11:00:00|20.52|20.63|20.5|20.59|228
2021.04.22 12:00:00|20.58|20.64|20.54|20.6|118
2021.04.22 13:00:00|20.61|20.61|20.52|20.54|90
2021.04.22 14:00:00|20.55|20.59|20.52|20.58|72
2021.04.22 15:00:00|20.58|20.64|20.57|20.58|63
2021.04.22 16:00:00|20.59|20.64|20.57|20.62|184
2021.04.22 17:00:00|20.61|20.68|20.59|20.6|169
2021.04.22 18:00:00|20.6|20.72|20.6|20.7|112
2021.04.23 10:00:00|20.65|20.69|20.46|20.58|340
2021.04.23 11:00:00|20.57|20.66|20.53|20.64|180
2021.04.23 12:00:00|20.63|20.63|20.56|20.59|80
2021.04.23 13:00:00|20.61|20.61|20.57|20.58|83
2021.04.23 14:00:00|20.59|20.66|20.56|20.62|140
2021.04.23 15:00:00|20.63|20.65|20.57|20.6|218
2021.04.23 16:00:00|20.61|20.67|20.6|20.63|136
2021.04.23 17:00:00|20.64|20.79|20.64|20.73|132
2021.04.23 18:00:00|20.73|20.8|20.72|20.79|75
2021.04.26 10:00:00|20.8|20.91|20.65|20.87|342
2021.04.26 11:00:00|20.88|20.92|20.73|20.75|316
2021.04.26 12:00:00|20.75|20.8|20.61|20.63|297
2021.04.26 13:00:00|20.62|20.68|20.58|20.65|99
2021.04.26 14:00:00|20.65|20.72|20.65|20.72|81
2021.04.26 15:00:00|20.73|20.82|20.72|20.78|70
2021.04.26 16:00:00|20.79|20.86|20.77|20.81|130
2021.04.26 17:00:00|20.81|20.9|20.81|20.83|86
2021.04.26 18:00:00|20.83|20.88|20.82|20.86|107
2021.04.27 10:00:00|20.65|20.66|20.48|20.61|301
2021.04.27 11:00:00|20.62|20.76|20.6|20.76|179
2021.04.27 12:00:00|20.75|20.88|20.75|20.76|254
2021.04.27 13:00:00|20.76|20.79|20.71|20.72|201
2021.04.27 14:00:00|20.73|20.74|20.62|20.67|137
2021.04.27 15:00:00|20.66|20.68|20.61|20.63|123
2021.04.27 16:00:00|20.63|20.68|20.53|20.66|194
2021.04.27 17:00:00|20.65|20.71|20.63|20.67|163
2021.04.27 18:00:00|20.66|20.66|20.6|20.61|87
2021.04.28 10:00:00|20.68|20.88|20.68|20.76|171
2021.04.28 11:00:00|20.76|20.85|20.75|20.83|156
2021.04.28 12:00:00|20.83|20.97|20.81|20.9|93
2021.04.28 13:00:00|20.91|20.94|20.9|20.94|50
2021.04.28 14:00:00|20.95|20.97|20.86|20.87|68
2021.04.28 15:00:00|20.87|20.93|20.85|20.92|123
2021.04.28 16:00:00|20.92|20.94|20.84|20.9|131
2021.04.28 17:00:00|20.9|20.93|20.81|20.87|175
2021.04.28 18:00:00|20.88|20.9|20.84|20.87|110
2021.04.29 10:00:00|20.84|21.02|20.84|20.96|279
2021.04.29 11:00:00|20.97|20.98|20.88|20.95|102
2021.04.29 12:00:00|20.95|20.97|20.88|20.88|82
2021.04.29 13:00:00|20.88|20.9|20.79|20.8|87
2021.04.29 14:00:00|20.81|20.91|20.81|20.82|80
2021.04.29 15:00:00|20.82|20.87|20.7|20.82|245
2021.04.29 16:00:00|20.83|20.91|20.72|20.72|215
2021.04.29 17:00:00|20.73|20.77|20.64|20.75|332
2021.04.29 18:00:00|20.74|20.78|20.69|20.71|183
2021.04.30 10:00:00|20.7|20.83|20.62|20.64|386
2021.04.30 11:00:00|20.65|20.67|20.55|20.65|115
2021.04.30 12:00:00|20.65|20.7|20.62|20.64|122
2021.04.30 13:00:00|20.64|20.67|20.48|20.51|183
2021.04.30 14:00:00|20.51|20.68|20.49|20.68|154
2021.04.30 15:00:00|20.68|20.76|20.68|20.75|139
2021.04.30 16:00:00|20.74|20.87|20.72|20.82|203
2021.04.30 17:00:00|20.83|20.89|20.69|20.7|280
2021.04.30 18:00:00|20.7|20.7|20.51|20.52|232
2021.05.04 10:00:00|20.71|20.77|20.53|20.57|320
2021.05.04 11:00:00|20.56|20.64|20.5|20.61|303
2021.05.04 12:00:00|20.62|20.75|20.59|20.74|122
2021.05.04 13:00:00|20.74|20.87|20.71|20.86|119
2021.05.04 14:00:00|20.86|20.9|20.68|20.75|478
2021.05.04 15:00:00|20.75|20.8|20.72|20.77|194
2021.05.04 16:00:00|20.77|20.84|20.68|20.72|296
2021.05.04 17:00:00|20.71|20.89|20.68|20.81|339
2021.05.04 18:00:00|20.82|20.83|20.7|20.72|269
2021.05.05 10:00:00|20.9|21.04|20.79|20.99|367
2021.05.05 11:00:00|21|21.19|20.99|21.16|211
2021.05.05 12:00:00|21.17|21.34|21.16|21.26|264
2021.05.05 13:00:00|21.26|21.31|21.19|21.24|188
2021.05.05 14:00:00|21.23|21.26|21.18|21.23|227
2021.05.05 15:00:00|21.24|21.44|21.23|21.31|185
2021.05.05 16:00:00|21.32|21.4|21.29|21.36|234
2021.05.05 17:00:00|21.35|21.35|21.23|21.3|178
2021.05.05 18:00:00|21.31|21.39|21.26|21.36|117
2021.05.06 10:00:00|21.42|21.52|21.34|21.44|387
2021.05.06 11:00:00|21.44|21.62|21.44|21.59|262
2021.05.06 12:00:00|21.59|21.66|21.53|21.61|211
2021.05.06 13:00:00|21.6|21.6|21.52|21.54|132
2021.05.06 14:00:00|21.53|21.74|21.48|21.72|249
2021.05.06 15:00:00|21.73|21.75|21.58|21.68|278
2021.05.06 16:00:00|21.69|21.7|21.54|21.57|294
2021.05.06 17:00:00|21.56|21.69|21.5|21.61|231
2021.05.06 18:00:00|21.61|21.8|21.61|21.79|212
2021.05.07 10:00:00|21.77|21.92|21.7|21.9|407
2021.05.07 11:00:00|21.9|21.93|21.8|21.88|208
2021.05.07 12:00:00|21.89|22.06|21.89|21.98|288
2021.05.07 13:00:00|22|22.08|21.92|22.01|308
2021.05.07 14:00:00|22.02|22.02|21.86|21.91|233
2021.05.07 15:00:00|21.91|21.91|21.72|21.75|334
2021.05.07 16:00:00|21.76|21.89|21.75|21.85|236
2021.05.07 17:00:00|21.86|21.92|21.8|21.81|257
2021.05.07 18:00:00|21.84|21.85|21.81|21.83|84
2021.05.10 10:00:00|21.76|21.83|21.61|21.64|329
2021.05.10 11:00:00|21.63|21.63|21.5|21.53|249
2021.05.10 12:00:00|21.53|21.79|21.53|21.7|153
2021.05.10 13:00:00|21.71|21.8|21.67|21.7|202
2021.05.10 14:00:00|21.7|22.04|21.7|21.97|658
2021.05.10 15:00:00|21.98|22.08|21.72|21.86|310
2021.05.10 16:00:00|21.86|21.98|21.8|21.88|260
2021.05.10 17:00:00|21.87|21.88|21.8|21.85|274
2021.05.10 18:00:00|21.84|21.92|21.83|21.91|147
2021.05.11 10:00:00|21.53|21.57|21.27|21.43|693
2021.05.11 11:00:00|21.43|21.43|21.3|21.38|340
2021.05.11 12:00:00|21.38|21.49|21.26|21.3|315
2021.05.11 13:00:00|21.29|21.3|21.07|21.1|322
2021.05.11 14:00:00|21.09|21.09|20.86|20.91|337
2021.05.11 15:00:00|20.9|20.91|20.71|20.75|330
2021.05.11 16:00:00|20.75|20.92|20.72|20.92|302
2021.05.11 17:00:00|20.92|20.95|20.66|20.71|455
2021.05.11 18:00:00|20.72|20.87|20.68|20.86|241
2021.05.12 10:00:00|20.94|21.19|20.93|21.1|413
2021.05.12 11:00:00|21.11|21.13|21.02|21.06|246
2021.05.12 12:00:00|21.06|21.21|21.05|21.1|348
2021.05.12 13:00:00|21.11|21.18|21.06|21.08|225
2021.05.12 14:00:00|21.08|21.08|20.93|21.07|245
2021.05.12 15:00:00|21.07|21.26|21.01|21.18|431
2021.05.12 16:00:00|21.19|21.22|21.07|21.12|316
2021.05.12 17:00:00|21.11|21.17|21|21.05|428
2021.05.12 18:00:00|21.04|21.05|20.95|20.96|154
2021.05.13 10:00:00|19.14|19.61|18.91|19.36|1159
2021.05.13 11:00:00|19.36|19.42|19.15|19.28|772
2021.05.13 12:00:00|19.28|19.35|19.08|19.33|940
2021.05.13 13:00:00|19.31|19.6|19.24|19.57|510
2021.05.13 14:00:00|19.57|19.64|19.38|19.38|284
2021.05.13 15:00:00|19.38|19.67|19.38|19.58|515
2021.05.13 16:00:00|19.59|19.99|19.55|19.88|653
2021.05.13 17:00:00|19.89|20.19|19.86|20.18|480
2021.05.13 18:00:00|20.2|20.36|20.13|20.14|523
2021.05.14 10:00:00|20.33|20.69|20.31|20.58|560
2021.05.14 11:00:00|20.57|20.7|20.46|20.48|292
2021.05.14 12:00:00|20.47|20.49|20.31|20.37|171
2021.05.14 13:00:00|20.38|20.65|20.36|20.62|195
2021.05.14 14:00:00|20.62|20.82|20.62|20.73|280
2021.05.14 15:00:00|20.72|20.79|20.67|20.73|96
2021.05.14 16:00:00|20.73|20.89|20.64|20.89|214
2021.05.14 17:00:00|20.88|20.99|20.8|20.92|216
2021.05.14 18:00:00|20.93|21.05|20.89|21.04|133
2021.05.17 10:00:00|21.16|21.22|20.88|20.93|400
2021.05.17 11:00:00|20.92|20.96|20.87|20.9|177
2021.05.17 12:00:00|20.89|20.96|20.88|20.91|143
2021.05.17 13:00:00|20.9|20.91|20.81|20.88|160
2021.05.17 14:00:00|20.87|20.88|20.71|20.71|106
2021.05.17 15:00:00|20.7|20.8|20.68|20.8|111
2021.05.17 16:00:00|20.81|20.87|20.73|20.78|178
2021.05.17 17:00:00|20.79|20.82|20.69|20.73|240
2021.05.17 18:00:00|20.72|20.84|20.7|20.84|128
2021.05.18 10:00:00|21.1|21.3|21|21.23|464
2021.05.18 11:00:00|21.23|21.23|21.09|21.1|206
2021.05.18 12:00:00|21.11|21.29|21.1|21.28|225
2021.05.18 13:00:00|21.29|21.32|21.24|21.28|69
2021.05.18 14:00:00|21.29|21.29|21.2|21.22|139
2021.05.18 15:00:00|21.2|21.26|21.19|21.2|75
2021.05.18 16:00:00|21.21|21.22|21.12|21.13|188
2021.05.18 17:00:00|21.13|21.25|21.05|21.19|175
2021.05.18 18:00:00|21.19|21.25|21.16|21.24|127
2021.05.19 10:00:00|20.95|21.03|20.82|20.83|447
2021.05.19 11:00:00|20.82|20.93|20.79|20.89|363
2021.05.19 12:00:00|20.89|21.07|20.86|21.02|252
2021.05.19 13:00:00|21.04|21.05|20.93|20.94|134
2021.05.19 14:00:00|20.94|20.94|20.74|20.78|181
2021.05.19 15:00:00|20.77|20.78|20.73|20.76|88
2021.05.19 16:00:00|20.77|20.86|20.65|20.86|390
2021.05.19 17:00:00|20.86|20.86|20.64|20.8|575
2021.05.19 18:00:00|20.79|20.89|20.76|20.85|147
2021.05.20 10:00:00|21.01|21.18|20.94|21.1|393
2021.05.20 11:00:00|21.11|21.14|20.88|20.9|235
2021.05.20 12:00:00|20.88|20.97|20.87|20.95|184
2021.05.20 13:00:00|20.96|20.99|20.92|20.96|221
2021.05.20 14:00:00|20.95|20.98|20.92|20.93|110
2021.05.20 15:00:00|20.94|20.98|20.87|20.97|119
2021.05.20 16:00:00|20.98|21.03|20.93|21.01|186
2021.05.20 17:00:00|21|21.02|20.91|20.94|261
2021.05.20 18:00:00|20.94|20.97|20.89|20.95|147
2021.05.21 10:00:00|21.11|21.19|20.98|20.98|294
2021.05.21 11:00:00|20.97|21.03|20.95|21.01|164
2021.05.21 12:00:00|21|21.21|21|21.19|334
2021.05.21 13:00:00|21.19|21.23|21.02|21.07|471
2021.05.21 14:00:00|21.08|21.08|20.93|21|172
2021.05.21 15:00:00|21|21.03|20.97|21|72
2021.05.21 16:00:00|20.99|21|20.92|20.99|180
2021.05.21 17:00:00|20.98|21.01|20.86|21.01|178
2021.05.21 18:00:00|21.01|21.02|20.99|21|86
2021.05.24 10:00:00|21.03|21.12|20.97|20.98|194
2021.05.24 11:00:00|20.98|21.04|20.96|20.98|110
2021.05.24 12:00:00|20.96|21.04|20.96|21.04|78
2021.05.24 13:00:00|21.05|21.09|21|21.01|62
2021.05.24 14:00:00|21.01|21.02|20.97|20.98|80
2021.05.24 15:00:00|20.98|21.01|20.97|21.01|40
2021.05.24 16:00:00|21.01|21.07|21|21.04|72
2021.05.24 17:00:00|21.05|21.1|21.05|21.1|46
2021.05.24 18:00:00|21.11|21.15|21.09|21.12|61
2021.05.25 10:00:00|21.11|21.12|20.94|20.99|238
2021.05.25 11:00:00|21|21.11|20.99|21.03|221
2021.05.25 12:00:00|21.02|21.03|20.87|20.91|227
2021.05.25 13:00:00|20.92|21.1|20.92|21.08|190
2021.05.25 14:00:00|21.09|21.13|21.01|21.03|107
2021.05.25 15:00:00|21.03|21.04|20.97|20.98|122
2021.05.25 16:00:00|20.98|21.08|20.96|21.01|202
2021.05.25 17:00:00|21.03|21.04|20.91|20.95|207
2021.05.25 18:00:00|20.96|20.98|20.9|20.91|95
2021.05.26 10:00:00|20.94|21.17|20.93|21.06|336
2021.05.26 11:00:00|21.06|21.14|20.97|20.98|133
2021.05.26 12:00:00|20.99|21|20.89|20.89|155
2021.05.26 13:00:00|20.88|20.93|20.86|20.92|186
2021.05.26 14:00:00|20.92|20.98|20.87|20.88|192
2021.05.26 15:00:00|20.87|21.08|20.87|21.07|138
2021.05.26 16:00:00|21.07|21.19|21.03|21.14|261
2021.05.26 17:00:00|21.15|21.17|21.05|21.16|327
2021.05.26 18:00:00|21.15|21.17|21.11|21.11|108
2021.05.27 10:00:00|21.06|21.22|21.01|21.15|408
2021.05.27 11:00:00|21.16|21.38|21.16|21.38|245
2021.05.27 12:00:00|21.38|21.42|21.3|21.32|179
2021.05.27 13:00:00|21.32|21.38|21.24|21.25|188
2021.05.27 14:00:00|21.25|21.25|20.95|20.97|247
2021.05.27 15:00:00|20.98|21.03|20.96|21.02|218
2021.05.27 16:00:00|21.03|21.06|20.93|21.02|158
2021.05.27 17:00:00|21.01|21.11|20.95|21.07|261
2021.05.27 18:00:00|21.07|21.09|20.97|20.97|124
2021.05.28 10:00:00|21.11|21.48|21.04|21.43|499
2021.05.28 11:00:00|21.43|21.52|21.34|21.39|298
2021.05.28 12:00:00|21.39|21.47|21.36|21.43|293
2021.05.28 13:00:00|21.43|21.52|21.37|21.49|177
2021.05.28 14:00:00|21.49|21.52|21.46|21.48|168
2021.05.28 15:00:00|21.48|21.49|21.35|21.47|222
2021.05.28 16:00:00|21.46|21.47|21.38|21.43|218
2021.05.28 17:00:00|21.44|21.49|21.34|21.43|258
2021.05.28 18:00:00|21.42|21.45|21.35|21.37|197
2021.06.01 10:00:00|21.7|21.72|21.22|21.28|465
2021.06.01 11:00:00|21.29|21.37|21.19|21.2|206
2021.06.01 12:00:00|21.2|21.34|21.19|21.22|229
2021.06.01 13:00:00|21.21|21.22|21.09|21.2|140
2021.06.01 14:00:00|21.2|21.33|21.17|21.27|84
2021.06.01 15:00:00|21.26|21.29|21.13|21.17|146
2021.06.01 16:00:00|21.18|21.2|21.05|21.09|167
2021.06.01 17:00:00|21.08|21.16|21.05|21.16|226
2021.06.01 18:00:00|21.15|21.17|21.04|21.04|123
2021.06.02 10:00:00|21.56|21.76|21.56|21.56|539
2021.06.02 11:00:00|21.55|21.83|21.54|21.81|293
2021.06.02 12:00:00|21.81|21.85|21.61|21.75|302
2021.06.02 13:00:00|21.75|21.81|21.66|21.76|176
2021.06.02 14:00:00|21.77|21.9|21.76|21.87|192
2021.06.02 15:00:00|21.88|21.99|21.87|21.99|179
2021.06.02 16:00:00|22|22.05|21.78|21.8|425
2021.06.02 17:00:00|21.81|21.97|21.81|21.9|549
2021.06.02 18:00:00|21.91|21.92|21.75|21.78|174
2021.06.03 10:00:00|21.79|21.97|21.77|21.97|313
2021.06.03 11:00:00|21.96|22|21.88|21.9|175
2021.06.03 12:00:00|21.89|21.96|21.85|21.85|110
2021.06.03 13:00:00|21.85|21.86|21.77|21.8|165
2021.06.03 14:00:00|21.81|21.85|21.69|21.73|134
2021.06.03 15:00:00|21.72|21.83|21.64|21.77|171
2021.06.03 16:00:00|21.78|21.87|21.76|21.85|204
2021.06.03 17:00:00|21.85|21.92|21.82|21.92|282
2021.06.03 18:00:00|21.92|21.99|21.9|21.98|156
2021.06.04 10:00:00|22.01|22.11|21.94|22.02|284
2021.06.04 11:00:00|22.01|22.01|21.88|21.93|171
2021.06.04 12:00:00|21.94|22.03|21.79|21.82|210
2021.06.04 13:00:00|21.82|21.89|21.78|21.87|141
2021.06.04 14:00:00|21.88|21.91|21.87|21.88|82
2021.06.04 15:00:00|21.88|21.9|21.75|21.8|204
2021.06.04 16:00:00|21.8|21.85|21.8|21.82|160
2021.06.04 17:00:00|21.83|21.83|21.71|21.81|181
2021.06.04 18:00:00|21.82|21.84|21.67|21.68|191
2021.06.07 10:00:00|21.72|21.89|21.71|21.79|340
2021.06.07 11:00:00|21.78|21.82|21.74|21.79|210
2021.06.07 12:00:00|21.8|21.95|21.77|21.9|113
2021.06.07 13:00:00|21.9|22.04|21.88|21.93|172
2021.06.07 14:00:00|21.93|22|21.9|21.94|130
2021.06.07 15:00:00|21.94|21.98|21.92|21.92|36
2021.06.07 16:00:00|21.93|22.03|21.92|22.02|168
2021.06.07 17:00:00|22.01|22.09|21.96|22.08|178
2021.06.07 18:00:00|22.08|22.09|22.02|22.05|92
2021.06.08 10:00:00|22.03|22.04|21.92|22.02|153
2021.06.08 11:00:00|22.01|22.01|21.9|21.91|128
2021.06.08 12:00:00|21.9|22.09|21.9|22.04|137
2021.06.08 13:00:00|22.03|22.12|22|22.12|356
2021.06.08 14:00:00|22.11|22.24|22.11|22.22|191
2021.06.08 15:00:00|22.22|22.32|22.19|22.32|90
2021.06.08 16:00:00|22.31|22.35|22.28|22.3|227
2021.06.08 17:00:00|22.3|22.34|22.2|22.23|162
2021.06.08 18:00:00|22.22|22.25|22.22|22.23|77
2021.06.09 10:00:00|22.17|22.3|22.12|22.15|143
2021.06.09 11:00:00|22.15|22.15|22.03|22.07|100
2021.06.09 12:00:00|22.07|22.25|22.07|22.18|209
2021.06.09 13:00:00|22.19|22.26|22.19|22.25|134
2021.06.09 14:00:00|22.26|22.27|22.22|22.25|49
2021.06.09 15:00:00|22.25|22.33|22.25|22.31|31
2021.06.09 16:00:00|22.31|22.35|22.28|22.3|82
2021.06.09 17:00:00|22.3|22.41|22.28|22.34|82
2021.06.09 18:00:00|22.35|22.37|22.32|22.36|73
2021.06.10 10:00:00|22.43|22.5|22.33|22.48|407
2021.06.10 11:00:00|22.46|22.46|22.29|22.31|311
2021.06.10 12:00:00|22.32|22.34|22.19|22.19|229
2021.06.10 13:00:00|22.19|22.25|22.17|22.18|159
2021.06.10 14:00:00|22.19|22.19|22.04|22.08|212
2021.06.10 15:00:00|22.09|22.17|22.06|22.13|215
2021.06.10 16:00:00|22.13|22.25|22.11|22.2|117
2021.06.10 17:00:00|22.21|22.25|21.95|21.99|145
2021.06.10 18:00:00|21.98|21.99|21.94|21.99|64
2021.06.11 10:00:00|22.02|22.17|21.95|22.08|174
2021.06.11 11:00:00|22.08|22.13|22.04|22.05|93
2021.06.11 12:00:00|22.06|22.09|22.02|22.06|77
2021.06.11 13:00:00|22.05|22.05|22|22.01|48
2021.06.11 14:00:00|22.02|22.02|21.86|21.87|69
2021.06.11 15:00:00|21.86|21.91|21.85|21.91|83
2021.06.11 16:00:00|21.91|21.96|21.9|21.91|142
2021.06.11 17:00:00|21.91|22.04|21.9|22.04|331
2021.06.11 18:00:00|22.04|22.07|22.01|22.06|47
2021.06.14 10:00:00|22.2|22.3|22.07|22.14|253
2021.06.14 11:00:00|22.16|22.19|22.08|22.09|104
2021.06.14 12:00:00|22.09|22.15|22.07|22.15|130
2021.06.14 13:00:00|22.15|22.19|22.03|22.03|257
2021.06.14 14:00:00|22.01|22.02|21.94|21.94|91
2021.06.14 15:00:00|21.95|21.99|21.9|21.92|66
2021.06.14 16:00:00|21.93|22|21.93|21.99|108
2021.06.14 17:00:00|22|22.15|21.97|22.15|125
2021.06.14 18:00:00|22.16|22.18|22.12|22.15|107
2021.06.15 10:00:00|22.19|22.44|22.11|22.34|335
2021.06.15 11:00:00|22.35|22.43|22.28|22.28|168
2021.06.15 12:00:00|22.29|22.4|22.27|22.34|190
2021.06.15 13:00:00|22.33|22.41|22.33|22.4|136
2021.06.15 14:00:00|22.39|22.5|22.38|22.48|153
2021.06.15 15:00:00|22.48|22.51|22.44|22.48|75
2021.06.15 16:00:00|22.49|22.5|22.46|22.49|71
2021.06.15 17:00:00|22.48|22.51|22.38|22.51|182
2021.06.15 18:00:00|22.52|22.57|22.49|22.51|115
2021.06.16 10:00:00|22.48|22.62|22.39|22.59|235
2021.06.16 11:00:00|22.58|22.6|22.49|22.57|144
2021.06.16 12:00:00|22.57|22.57|22.45|22.48|150
2021.06.16 13:00:00|22.46|22.49|22.39|22.48|117
2021.06.16 14:00:00|22.48|22.5|22.43|22.47|71
2021.06.16 15:00:00|22.46|22.52|22.44|22.46|81
2021.06.16 16:00:00|22.47|22.61|22.46|22.53|195
2021.06.16 17:00:00|22.52|22.59|22.48|22.59|295
2021.06.16 18:00:00|22.6|22.63|22.56|22.58|66
2021.06.17 10:00:00|22.44|22.44|22.26|22.36|216
2021.06.17 11:00:00|22.36|22.45|22.33|22.4|132
2021.06.17 12:00:00|22.41|22.41|22.25|22.26|156
2021.06.17 13:00:00|22.25|22.27|22.15|22.17|102
2021.06.17 14:00:00|22.18|22.23|22.16|22.18|61
2021.06.17 15:00:00|22.19|22.22|22.14|22.19|130
2021.06.17 16:00:00|22.2|22.31|22.18|22.18|166
2021.06.17 17:00:00|22.19|22.34|22.19|22.34|142
2021.06.17 18:00:00|22.35|22.36|22.29|22.31|91
2021.06.18 10:00:00|22.28|22.47|22.28|22.32|309
2021.06.18 11:00:00|22.3|22.47|22.29|22.43|217
2021.06.18 12:00:00|22.43|22.49|22.35|22.45|262
2021.06.18 13:00:00|22.44|22.44|22.29|22.35|263
2021.06.18 14:00:00|22.34|22.34|22.14|22.18|312
2021.06.18 15:00:00|22.17|22.18|22|22.04|382
2021.06.18 16:00:00|22.05|22.05|21.91|21.96|369
2021.06.18 17:00:00|21.96|21.97|21.82|21.86|183
2021.06.18 18:00:00|21.85|21.88|21.72|21.74|177
2021.06.21 10:00:00|21.59|21.85|21.45|21.82|495
2021.06.21 11:00:00|21.83|21.91|21.78|21.91|377
2021.06.21 12:00:00|21.9|22.08|21.87|22.06|373
2021.06.21 13:00:00|22.07|22.14|22.05|22.05|310
2021.06.21 14:00:00|22.03|22.13|22.01|22.12|347
2021.06.21 15:00:00|22.12|22.2|22.12|22.18|215
2021.06.21 16:00:00|22.17|22.2|22.14|22.16|110
2021.06.21 17:00:00|22.16|22.26|22.16|22.21|189
2021.06.21 18:00:00|22.2|22.21|22.16|22.2|94
2021.06.22 10:00:00|22.29|22.37|22.21|22.21|425
2021.06.22 11:00:00|22.22|22.3|22.22|22.25|186
2021.06.22 12:00:00|22.25|22.33|22.25|22.3|111
2021.06.22 13:00:00|22.29|22.51|22.27|22.51|195
2021.06.22 14:00:00|22.51|22.52|22.42|22.43|146
2021.06.22 15:00:00|22.44|22.46|22.34|22.4|153
2021.06.22 16:00:00|22.39|22.42|22.28|22.32|221
2021.06.22 17:00:00|22.33|22.53|22.31|22.49|219
2021.06.22 18:00:00|22.48|22.59|22.47|22.55|144
2021.06.23 10:00:00|22.17|22.34|21.98|22.33|442
2021.06.23 11:00:00|22.34|22.4|22.28|22.32|141
2021.06.23 12:00:00|22.33|22.44|22.29|22.42|227
2021.06.23 13:00:00|22.41|22.54|22.4|22.5|154
2021.06.23 14:00:00|22.49|22.52|22.45|22.47|218
2021.06.23 15:00:00|22.48|22.61|22.47|22.58|230
2021.06.23 16:00:00|22.57|22.59|22.43|22.51|275
2021.06.23 17:00:00|22.52|22.59|22.47|22.5|213
2021.06.23 18:00:00|22.51|22.56|22.47|22.49|113
2021.06.24 10:00:00|22.55|22.56|22.46|22.5|195
2021.06.24 11:00:00|22.48|22.52|22.35|22.36|258
2021.06.24 12:00:00|22.36|22.5|22.35|22.46|157
2021.06.24 13:00:00|22.47|22.58|22.44|22.54|123
2021.06.24 14:00:00|22.55|22.62|22.49|22.49|92
2021.06.24 15:00:00|22.5|22.51|22.41|22.45|162
2021.06.24 16:00:00|22.46|22.5|22.44|22.46|114
2021.06.24 17:00:00|22.46|22.47|22.4|22.41|153
2021.06.24 18:00:00|22.42|22.46|22.41|22.42|78
2021.06.25 10:00:00|22.54|22.65|22.4|22.45|296
2021.06.25 11:00:00|22.45|22.59|22.45|22.57|128
2021.06.25 12:00:00|22.56|22.58|22.54|22.57|91
2021.06.25 13:00:00|22.57|22.59|22.49|22.5|101
2021.06.25 14:00:00|22.48|22.52|22.45|22.5|72
2021.06.25 15:00:00|22.49|22.49|22.46|22.46|42
2021.06.25 16:00:00|22.47|22.59|22.47|22.5|108
2021.06.25 17:00:00|22.49|22.51|22.47|22.47|101
2021.06.25 18:00:00|22.48|22.49|22.46|22.46|58
2021.06.28 10:00:00|20.91|21.48|20.21|20.56|1577
2021.06.28 11:00:00|20.58|20.98|20.54|20.88|559
2021.06.28 12:00:00|20.87|21.11|20.87|21.05|351
2021.06.28 13:00:00|21.05|21.08|20.65|20.66|309
2021.06.28 14:00:00|20.66|20.8|20.58|20.76|304
2021.06.28 15:00:00|20.77|20.77|20.58|20.75|261
2021.06.28 16:00:00|20.75|20.85|20.62|20.65|306
2021.06.28 17:00:00|20.66|20.68|20.43|20.48|319
2021.06.28 18:00:00|20.47|20.56|20.38|20.55|273
2021.06.29 10:00:00|20.58|20.86|20.52|20.76|493
2021.06.29 11:00:00|20.76|20.77|20.63|20.72|293
2021.06.29 12:00:00|20.73|20.76|20.68|20.71|176
2021.06.29 13:00:00|20.7|20.76|20.7|20.73|82
2021.06.29 14:00:00|20.74|20.88|20.74|20.82|160
2021.06.29 15:00:00|20.83|20.85|20.74|20.74|234
2021.06.29 16:00:00|20.74|20.76|20.59|20.62|242
2021.06.29 17:00:00|20.63|20.69|20.57|20.67|183
2021.06.29 18:00:00|20.67|20.71|20.66|20.67|184
2021.06.30 10:00:00|20.7|20.77|20.6|20.75|298
2021.06.30 11:00:00|20.74|20.76|20.54|20.59|307
2021.06.30 12:00:00|20.57|20.61|20.49|20.52|357
2021.06.30 13:00:00|20.53|20.58|20.51|20.56|200
2021.06.30 14:00:00|20.56|20.64|20.54|20.58|134
2021.06.30 15:00:00|20.57|20.62|20.56|20.6|134
2021.06.30 16:00:00|20.61|20.71|20.52|20.68|251
2021.06.30 17:00:00|20.67|20.83|20.62|20.64|297
2021.06.30 18:00:00|20.65|20.68|20.57|20.64|188
2021.07.01 10:00:00|20.37|20.67|20.33|20.56|381
2021.07.01 11:00:00|20.56|20.57|20.49|20.49|188
2021.07.01 12:00:00|20.5|20.54|20.4|20.44|163
2021.07.01 13:00:00|20.43|20.43|20.22|20.24|339
2021.07.01 14:00:00|20.24|20.38|20.21|20.35|196
2021.07.01 15:00:00|20.36|20.38|20.31|20.36|151
2021.07.01 16:00:00|20.35|20.58|20.33|20.58|202
2021.07.01 17:00:00|20.57|20.63|20.5|20.51|233
2021.07.01 18:00:00|20.5|20.52|20.43|20.52|184
2021.07.02 10:00:00|20.71|20.75|20.48|20.55|390
2021.07.02 11:00:00|20.57|20.58|20.4|20.45|236
2021.07.02 12:00:00|20.44|20.47|20.34|20.37|135
2021.07.02 13:00:00|20.38|20.42|20.3|20.38|115
2021.07.02 14:00:00|20.38|20.4|20.34|20.35|81
2021.07.02 15:00:00|20.34|20.39|20.31|20.38|131
2021.07.02 16:00:00|20.38|20.42|20.33|20.38|128
2021.07.02 17:00:00|20.38|20.47|20.37|20.43|140
2021.07.02 18:00:00|20.42|20.47|20.38|20.4|96
2021.07.05 10:00:00|20.47|20.49|20.34|20.43|270
2021.07.05 11:00:00|20.42|20.48|20.38|20.43|231
2021.07.05 12:00:00|20.43|20.44|20.4|20.43|34
2021.07.05 13:00:00|20.41|20.44|20.4|20.42|25
2021.07.05 14:00:00|20.42|20.51|20.42|20.49|50
2021.07.05 15:00:00|20.51|20.53|20.5|20.5|28
2021.07.05 16:00:00|20.49|20.5|20.43|20.47|68
2021.07.05 17:00:00|20.47|20.47|20.43|20.45|43
2021.07.05 18:00:00|20.44|20.44|20.42|20.43|29
2021.07.06 10:00:00|20.43|20.48|20.35|20.38|242
2021.07.06 11:00:00|20.37|20.37|20.2|20.25|155
2021.07.06 12:00:00|20.25|20.44|20.23|20.44|147
2021.07.06 13:00:00|20.44|20.44|20.34|20.42|168
2021.07.06 14:00:00|20.41|20.45|20.38|20.44|112
2021.07.06 15:00:00|20.43|20.53|20.41|20.52|144
2021.07.06 16:00:00|20.52|20.53|20.36|20.38|143
2021.07.06 17:00:00|20.37|20.41|20.33|20.37|307
2021.07.06 18:00:00|20.36|20.5|20.35|20.48|222
2021.07.07 10:00:00|20.73|20.83|20.69|20.7|300
2021.07.07 11:00:00|20.72|20.81|20.72|20.76|232
2021.07.07 12:00:00|20.77|20.79|20.63|20.64|75
2021.07.07 13:00:00|20.63|20.69|20.61|20.64|139
2021.07.07 14:00:00|20.63|20.72|20.6|20.65|152
2021.07.07 15:00:00|20.65|20.69|20.58|20.68|84
2021.07.07 16:00:00|20.67|20.81|20.64|20.73|136
2021.07.07 17:00:00|20.73|20.79|20.65|20.66|309
2021.07.07 18:00:00|20.67|20.72|20.66|20.71|114
2021.07.08 10:00:00|20.5|20.56|20.13|20.23|561
2021.07.08 11:00:00|20.23|20.25|20.1|20.16|488
2021.07.08 12:00:00|20.16|20.18|20.03|20.03|364
2021.07.08 13:00:00|20.01|20.02|19.88|19.96|490
2021.07.08 14:00:00|19.97|19.97|19.69|19.69|393
2021.07.08 15:00:00|19.7|19.78|19.63|19.72|453
2021.07.08 16:00:00|19.71|19.82|19.66|19.81|388
2021.07.08 17:00:00|19.82|19.82|19.63|19.68|627
2021.07.08 18:00:00|19.67|19.82|19.65|19.82|364
2021.07.09 10:00:00|20.24|20.49|20.24|20.38|467
2021.07.09 11:00:00|20.39|20.54|20.35|20.49|217
2021.07.09 12:00:00|20.5|20.6|20.49|20.49|214
2021.07.09 13:00:00|20.49|20.49|20.35|20.46|483
2021.07.09 14:00:00|20.46|20.46|20.38|20.42|115
2021.07.09 15:00:00|20.42|20.44|20.37|20.42|77
2021.07.09 16:00:00|20.43|20.44|20.36|20.42|112
2021.07.09 17:00:00|20.43|20.51|20.42|20.49|160
2021.07.09 18:00:00|20.48|20.61|20.46|20.51|131
2021.07.12 10:00:00|20.57|20.62|20.27|20.36|342
2021.07.12 11:00:00|20.37|20.43|20.34|20.36|240
2021.07.12 12:00:00|20.36|20.38|20.33|20.33|183
2021.07.12 13:00:00|20.33|20.37|20.31|20.37|71
2021.07.12 14:00:00|20.38|20.42|20.36|20.41|105
2021.07.12 15:00:00|20.39|20.49|20.38|20.48|108
2021.07.12 16:00:00|20.48|20.48|20.34|20.44|184
2021.07.12 17:00:00|20.43|20.48|20.31|20.41|186
2021.07.12 18:00:00|20.4|20.42|20.38|20.41|87
2021.07.13 10:00:00|20.45|20.54|20.27|20.52|304
2021.07.13 11:00:00|20.52|20.57|20.46|20.49|170
2021.07.13 12:00:00|20.5|20.5|20.29|20.36|182
2021.07.13 13:00:00|20.36|20.41|20.32|20.41|197
2021.07.13 14:00:00|20.41|20.52|20.41|20.46|192
2021.07.13 15:00:00|20.45|20.54|20.37|20.48|262
2021.07.13 16:00:00|20.48|20.59|20.48|20.5|220
2021.07.13 17:00:00|20.51|20.57|20.46|20.49|248
2021.07.13 18:00:00|20.48|20.52|20.44|20.52|81
2021.07.14 10:00:00|20.34|20.54|20.04|20.47|479
2021.07.14 11:00:00|20.47|20.48|20.3|20.35|241
2021.07.14 12:00:00|20.34|20.46|20.33|20.38|176
2021.07.14 13:00:00|20.38|20.48|20.32|20.46|216
2021.07.14 14:00:00|20.47|20.53|20.45|20.52|171
2021.07.14 15:00:00|20.52|20.54|20.48|20.51|189
2021.07.14 16:00:00|20.52|20.6|20.46|20.48|252
2021.07.14 17:00:00|20.47|20.6|20.46|20.53|263
2021.07.14 18:00:00|20.54|20.55|20.5|20.53|98
2021.07.15 10:00:00|20.63|20.88|20.57|20.83|390
2021.07.15 11:00:00|20.83|20.84|20.63|20.73|218
2021.07.15 12:00:00|20.74|20.78|20.58|20.6|212
2021.07.15 13:00:00|20.58|20.62|20.52|20.59|279
2021.07.15 14:00:00|20.6|20.7|20.56|20.66|214
2021.07.15 15:00:00|20.65|20.76|20.63|20.7|163
2021.07.15 16:00:00|20.69|20.78|20.64|20.75|232
2021.07.15 17:00:00|20.75|20.83|20.67|20.79|196
2021.07.15 18:00:00|20.78|20.8|20.65|20.67|106
2021.07.16 10:00:00|20.72|20.83|19.88|19.95|861
2021.07.16 11:00:00|19.98|20.01|19.68|19.87|498
2021.07.16 12:00:00|19.87|20.19|19.78|20.03|522
2021.07.16 13:00:00|20.01|20.05|19.81|19.86|310
2021.07.16 14:00:00|19.86|19.87|19.67|19.68|240
2021.07.16 15:00:00|19.67|19.92|19.58|19.76|490
2021.07.16 16:00:00|19.77|19.8|19.45|19.49|565
2021.07.16 17:00:00|19.5|19.6|19.45|19.57|427
2021.07.16 18:00:00|19.57|19.82|19.51|19.67|556
2021.07.19 10:00:00|19.18|19.41|19.16|19.38|669
2021.07.19 11:00:00|19.38|19.42|19.17|19.22|468
2021.07.19 12:00:00|19.21|19.36|19.18|19.35|395
2021.07.19 13:00:00|19.36|19.39|19.26|19.38|394
2021.07.19 14:00:00|19.37|19.4|19.17|19.27|469
2021.07.19 15:00:00|19.28|19.37|19.18|19.35|557
2021.07.19 16:00:00|19.34|19.4|19.22|19.23|712
2021.07.19 17:00:00|19.22|19.35|19.17|19.3|752
2021.07.19 18:00:00|19.3|19.39|19.26|19.34|261
2021.07.20 10:00:00|19.49|19.68|19.46|19.57|685
2021.07.20 11:00:00|19.57|19.74|19.53|19.58|395
2021.07.20 12:00:00|19.57|19.71|19.56|19.58|463
2021.07.20 13:00:00|19.57|19.65|19.54|19.54|474
2021.07.20 14:00:00|19.54|19.6|19.41|19.58|400
2021.07.20 15:00:00|19.59|19.6|19.53|19.56|299
2021.07.20 16:00:00|19.56|19.57|19.36|19.5|540
2021.07.20 17:00:00|19.51|19.57|19.38|19.55|479
2021.07.20 18:00:00|19.54|19.59|19.48|19.48|195
2021.07.21 10:00:00|19.76|20.03|19.59|20.02|679
2021.07.21 11:00:00|20.02|20.15|19.97|20.01|437
2021.07.21 12:00:00|20|20.1|19.93|20.09|384
2021.07.21 13:00:00|20.08|20.14|19.98|20.03|291
2021.07.21 14:00:00|20.02|20.03|19.89|19.91|246
2021.07.21 15:00:00|19.91|19.98|19.88|19.95|228
2021.07.21 16:00:00|19.95|20.12|19.93|20.1|195
2021.07.21 17:00:00|20.09|20.3|20.07|20.21|301
2021.07.21 18:00:00|20.2|20.28|20.16|20.27|125
2021.07.22 10:00:00|20.33|20.53|20.33|20.48|384
2021.07.22 11:00:00|20.47|20.49|20.38|20.46|178
2021.07.22 12:00:00|20.45|20.52|20.45|20.48|100
2021.07.22 13:00:00|20.47|20.56|20.46|20.53|145
2021.07.22 14:00:00|20.52|20.55|20.47|20.55|138
2021.07.22 15:00:00|20.56|20.56|20.45|20.47|89
2021.07.22 16:00:00|20.46|20.53|20.41|20.53|285
2021.07.22 17:00:00|20.52|20.59|20.5|20.54|379
2021.07.22 18:00:00|20.55|20.55|20.46|20.48|177
2021.07.23 10:00:00|20.66|20.81|20.6|20.76|256
2021.07.23 11:00:00|20.77|20.9|20.76|20.89|125
2021.07.23 12:00:00|20.91|20.96|20.88|20.92|72
2021.07.23 13:00:00|20.91|21.01|20.91|21.01|63
2021.07.23 14:00:00|21|21.01|20.96|20.97|80
2021.07.23 15:00:00|20.97|20.97|20.91|20.94|83
2021.07.23 16:00:00|20.93|20.97|20.91|20.91|105
2021.07.23 17:00:00|20.92|21.02|20.92|21.02|100
2021.07.23 18:00:00|21.04|21.11|21.03|21.09|123
2021.07.26 10:00:00|20.85|21.02|20.85|21.01|193
2021.07.26 11:00:00|21.01|21.05|20.96|21.01|117
2021.07.26 12:00:00|21.01|21.07|21.01|21.01|107
2021.07.26 13:00:00|21.01|21.05|20.99|21.03|116
2021.07.26 14:00:00|21.04|21.06|21.02|21.04|87
2021.07.26 15:00:00|21.04|21.12|21.01|21.07|104
2021.07.26 16:00:00|21.08|21.1|21.02|21.07|179
2021.07.26 17:00:00|21.08|21.08|20.98|20.99|141
2021.07.26 18:00:00|21|21.06|20.99|21.01|139
2021.07.27 10:00:00|20.9|21.06|20.65|20.86|744
2021.07.27 11:00:00|20.86|20.86|20.68|20.77|378
2021.07.27 12:00:00|20.76|20.86|20.76|20.84|237
2021.07.27 13:00:00|20.85|20.96|20.84|20.96|228
2021.07.27 14:00:00|20.96|20.98|20.92|20.94|141
2021.07.27 15:00:00|20.95|20.95|20.82|20.88|200
2021.07.27 16:00:00|20.89|20.94|20.87|20.89|296
2021.07.27 17:00:00|20.9|20.91|20.81|20.84|293
2021.07.27 18:00:00|20.84|20.88|20.82|20.85|192
2021.07.28 10:00:00|20.95|21.16|20.79|20.97|621
2021.07.28 11:00:00|20.98|21.04|20.92|20.94|208
2021.07.28 12:00:00|20.96|21.13|20.95|21.08|149
2021.07.28 13:00:00|21.09|21.1|20.99|21.03|149
2021.07.28 14:00:00|21.02|21.02|20.95|20.97|129
2021.07.28 15:00:00|20.96|20.98|20.88|20.94|100
2021.07.28 16:00:00|20.95|20.99|20.91|20.95|104
2021.07.28 17:00:00|20.94|20.95|20.81|20.83|167
2021.07.28 18:00:00|20.84|20.94|20.84|20.91|102
2021.07.29 10:00:00|20.95|20.97|20.8|20.89|371
2021.07.29 11:00:00|20.9|20.9|20.83|20.85|148
2021.07.29 12:00:00|20.86|20.9|20.81|20.9|117
2021.07.29 13:00:00|20.92|20.93|20.8|20.8|45
2021.07.29 14:00:00|20.79|20.98|20.78|20.98|116
2021.07.29 15:00:00|20.98|20.99|20.94|20.98|102
2021.07.29 16:00:00|20.98|21|20.9|20.98|167
2021.07.29 17:00:00|20.99|21.03|20.95|20.98|164
2021.07.29 18:00:00|20.97|20.97|20.93|20.95|63
2021.07.30 10:00:00|20.85|20.92|20.67|20.82|397
2021.07.30 11:00:00|20.83|20.89|20.78|20.81|172
2021.07.30 12:00:00|20.8|20.85|20.76|20.78|211
2021.07.30 13:00:00|20.79|20.86|20.74|20.85|120
2021.07.30 14:00:00|20.85|20.87|20.75|20.76|93
2021.07.30 15:00:00|20.76|20.81|20.75|20.79|85
2021.07.30 16:00:00|20.78|20.79|20.71|20.78|192
2021.07.30 17:00:00|20.77|20.83|20.7|20.71|225
