2019.06.05 18:30:00|967.09|969|966.77|968.7|929
2019.06.05 19:30:00|968.65|971.47|967.96|971.37|646
2019.06.05 20:30:00|971.3200000000001|971.73|970.55|970.84|615
2019.06.05 21:30:00|970.83|970.99|970.05|970.3099999999999|437
2019.06.05 22:30:00|970.26|971.41|968.91|971.21|387
2019.06.06 16:30:00|971.51|972.86|968.63|968.63|1760
2019.06.06 17:30:00|968.73|971.04|968.33|970.26|1238
2019.06.06 18:30:00|970.16|971.05|968.5|969.3099999999999|911
2019.06.06 19:30:00|969.3200000000001|969.47|968.63|968.8099999999999|589
2019.06.06 20:30:00|968.86|970.26|968.6|969.86|439
2019.06.06 21:30:00|969.8099999999999|972.3099999999999|969.76|971.51|717
2019.06.06 22:30:00|971.41|972.2|970.78|971.87|451
2019.06.07 16:30:00|972.61|973.89|971.66|973.78|1111
2019.06.07 17:30:00|973.6799999999999|974.59|971.26|971.27|1188
2019.06.07 18:30:00|971.22|972.59|971.17|972.34|1185
2019.06.07 19:30:00|972.29|972.86|971.39|971.79|867
2019.06.07 20:30:00|971.6900000000001|972.17|970.89|971.5|852
2019.06.07 21:30:00|971.45|971.9|970.6900000000001|971.65|556
2019.06.07 22:30:00|971.75|972.3099999999999|970.83|972.21|336
2019.06.10 16:30:00|971.51|972.95|969.74|972.9400000000001|1018
2019.06.10 17:30:00|972.84|973.4400000000001|971.83|971.83|631
2019.06.10 18:30:00|971.88|973.52|971.88|972.51|611
2019.06.10 19:30:00|972.41|972.88|971.9400000000001|972.48|459
2019.06.10 20:30:00|972.58|972.89|970.52|971.2|710
2019.06.10 21:30:00|971.3|971.66|970.51|970.76|437
2019.06.10 22:30:00|970.66|971.95|970.0599999999999|970.5599999999999|539
2019.06.11 16:30:00|975.23|976.08|973.01|974.54|1181
2019.06.11 17:30:00|974.49|975.51|972.08|974.55|1010
2019.06.11 18:30:00|974.65|974.65|970.9|971.6|716
2019.06.11 19:30:00|971.55|972.54|971.1799999999999|971.86|841
2019.06.11 20:30:00|971.76|973.08|971.5599999999999|972.8200000000001|668
2019.06.11 21:30:00|972.87|972.87|971.0599999999999|971.7|595
2019.06.11 22:30:00|971.65|972.75|971.36|972.0599999999999|431
2019.06.12 16:30:00|970.25|971.0599999999999|969.5599999999999|969.72|1125
2019.06.12 17:30:00|969.62|971.71|968.98|970.2|953
2019.06.12 18:30:00|970.25|970.55|969.3|970.27|883
2019.06.12 19:30:00|970.3200000000001|971.58|970.13|971.13|588
2019.06.12 20:30:00|971.1799999999999|971.6799999999999|970.61|970.89|442
2019.06.12 21:30:00|970.84|972.62|970.6|971.65|438
2019.06.12 22:30:00|971.7|972.15|970.8|971.45|216
2019.06.13 16:30:00|972.63|973.58|969.79|970.74|1254
2019.06.13 17:30:00|970.84|972.01|969.86|971.91|1234
2019.06.13 18:30:00|971.8099999999999|972|970.47|970.47|471
2019.06.13 19:30:00|970.37|970.91|969.76|970.66|526
2019.06.13 20:30:00|970.71|970.86|970.01|970.51|480
2019.06.13 21:30:00|970.5599999999999|970.5700000000001|969.0700000000001|969.35|500
2019.06.13 22:30:00|969.2|971.4|969.16|970.9|427
2019.06.14 16:30:00|969.09|970.83|967.04|970.4299999999999|1493
2019.06.14 17:30:00|970.53|971.9299999999999|969.74|971.84|788
2019.06.14 18:30:00|971.79|973.3099999999999|971.64|973.2|506
2019.06.14 19:30:00|973.25|974.46|973.25|973.6|337
2019.06.14 20:30:00|973.54|974.61|973.39|974.4400000000001|320
2019.06.14 21:30:00|974.49|975.85|974.15|975.55|309
2019.06.14 22:30:00|975.6|976.5599999999999|974.5599999999999|975.76|424
2019.06.17 16:30:00|974.98|977.15|974.58|976.0700000000001|1232
2019.06.17 17:30:00|976.17|977.84|976.17|977.14|633
2019.06.17 18:30:00|977.09|977.21|976.4|976.72|474
2019.06.17 19:30:00|976.62|976.96|976.09|976.22|342
2019.06.17 20:30:00|976.0700000000001|977.1|976.0700000000001|976.83|312
2019.06.17 21:30:00|976.88|977.92|976.38|977.8099999999999|422
2019.06.17 22:30:00|977.76|977.9299999999999|976.8|977.49|405
2019.06.18 16:30:00|983.9299999999999|986.41|982.9299999999999|985.86|1522
2019.06.18 17:30:00|985.91|987.74|985.6|987.46|658
2019.06.18 18:30:00|987.36|987.95|985.33|985.5599999999999|534
2019.06.18 19:30:00|985.61|985.88|985.22|985.8200000000001|470
2019.06.18 20:30:00|985.77|987.3200000000001|985.77|987.22|329
2019.06.18 21:30:00|987.17|987.99|986.9|987.37|377
2019.06.18 22:30:00|987.27|987.42|985.9400000000001|987.42|454
2019.06.19 16:30:00|987|987.77|986.23|986.4299999999999|853
2019.06.19 17:30:00|986.63|987.7|986.63|987.2|488
2019.06.19 18:30:00|987.14|987.5599999999999|986.6|987.33|451
2019.06.19 19:30:00|987.23|987.35|986.1799999999999|986.37|365
2019.06.19 20:30:00|986.3200000000001|988.22|985.96|986.3099999999999|1112
2019.06.19 21:30:00|986.26|987.97|986.01|987.5700000000001|1180
2019.06.19 22:30:00|987.67|988.15|986.64|986.6900000000001|454
2019.06.20 16:30:00|990.78|992.0599999999999|989.63|990.71|954
2019.06.20 17:30:00|990.76|990.8099999999999|989.16|989.78|786
2019.06.20 18:30:00|989.6799999999999|990.1799999999999|987.4400000000001|988.55|799
2019.06.20 19:30:00|988.65|989.78|988.08|989.6799999999999|621
2019.06.20 20:30:00|989.73|989.78|988.98|989.41|421
2019.06.20 21:30:00|989.46|990.36|989.26|989.46|341
2019.06.20 22:30:00|989.3099999999999|990.52|989.16|990.42|358
2019.06.21 16:30:00|988.3099999999999|989.86|987.61|987.9400000000001|1057
2019.06.21 17:30:00|988.04|989.27|987.3099999999999|987.4299999999999|886
2019.06.21 18:30:00|987.33|988.9|987.14|988.5|499
2019.06.21 19:30:00|988.55|988.5700000000001|987.8200000000001|988.3200000000001|352
2019.06.21 20:30:00|988.36|988.71|987.62|987.99|323
2019.06.21 21:30:00|987.9400000000001|988.5700000000001|987.89|988.05|348
2019.06.21 22:30:00|988.1|988.73|985.5|986.7|408
2019.06.24 16:30:00|987.1799999999999|988.27|985.5599999999999|988.09|1216
2019.06.24 17:30:00|988.1900000000001|988.48|987.09|988|757
2019.06.24 18:30:00|988.05|988.3200000000001|986.96|987.13|404
2019.06.24 19:30:00|987.08|987.55|986.5599999999999|986.6900000000001|326
2019.06.24 20:30:00|986.74|987.5|986.26|986.66|378
2019.06.24 21:30:00|986.61|987.39|986.41|986.53|364
2019.06.24 22:30:00|986.58|987.16|985.89|986.86|335
2019.06.25 16:30:00|985.6|985.65|980.42|981.42|1261
2019.06.25 17:30:00|981.3200000000001|981.8|979.25|979.58|634
2019.06.25 18:30:00|979.6799999999999|980.39|978.92|980.17|520
2019.06.25 19:30:00|980.12|981.14|979.34|981.04|635
2019.06.25 20:30:00|980.99|981.24|979.5|979.65|757
2019.06.25 21:30:00|979.55|979.65|978.37|979.13|624
2019.06.25 22:30:00|979.23|979.23|976.13|976.52|528
2019.06.26 16:30:00|977.05|978.15|973.9299999999999|975.2|1158
2019.06.26 17:30:00|975.45|977.51|974.73|975.1799999999999|959
2019.06.26 18:30:00|975.28|975.33|973.25|974.39|703
2019.06.26 19:30:00|974.39|974.76|973.88|974.08|394
2019.06.26 20:30:00|973.98|974.13|973.04|973.38|424
2019.06.26 21:30:00|973.33|973.73|972.5599999999999|973.33|505
2019.06.26 22:30:00|973.23|973.73|972.83|972.85|315
2019.06.27 16:30:00|973.89|974.04|971.78|972.38|983
2019.06.27 17:30:00|972.48|973.17|970.79|971.63|922
2019.06.27 18:30:00|971.5599999999999|972.51|971.0599999999999|971.85|473
2019.06.27 19:30:00|971.95|972.39|971.46|972.29|277
2019.06.27 20:30:00|972.25|972.89|972|972.58|301
2019.06.27 21:30:00|972.63|973.03|972.09|972.88|273
2019.06.27 22:30:00|972.83|974.04|972.6900000000001|973.77|325
2019.06.28 16:30:00|974.78|975.8|973.1799999999999|973.75|952
2019.06.28 17:30:00|973.85|974.3|972.77|974.01|550
2019.06.28 18:30:00|973.96|974.52|973.37|974.51|426
2019.06.28 19:30:00|974.41|974.52|973.62|973.8200000000001|424
2019.06.28 20:30:00|973.77|974.12|973.04|973.3099999999999|297
2019.06.28 21:30:00|973.26|973.8200000000001|972.9|973.8200000000001|380
2019.06.28 22:30:00|973.67|979.74|973.67|979.74|611
2019.07.02 16:30:00|983.2|983.45|979.05|981.13|764
2019.07.02 17:30:00|981.23|983.33|981.03|982.16|790
2019.07.02 18:30:00|982.0599999999999|982.38|980.99|981.15|563
2019.07.02 19:30:00|981.25|982.24|980.16|982.24|576
2019.07.02 20:30:00|982.34|982.63|981.84|981.9299999999999|439
2019.07.02 21:30:00|981.98|983.38|981.0599999999999|982.58|510
2019.07.02 22:30:00|982.6799999999999|984.26|982.47|984.26|393
2019.07.03 16:30:00|985.55|987.55|985.35|987.42|743
2019.07.03 17:30:00|987.22|988.3200000000001|986.65|987.84|583
2019.07.03 18:30:00|987.74|989.1|987.55|989.1|397
2019.07.03 19:30:00|989.05|989.14|987.54|989.04|444
2019.07.03 20:30:00|989.03|990.5599999999999|988.88|990.46|202
2019.07.03 21:30:00|990.41|990.67|990.08|990.1799999999999|122
2019.07.03 22:30:00|990.23|990.98|990.05|990.9299999999999|173
2019.07.04 16:30:00|990.92|991.5700000000001|989.41|989.8200000000001|641
2019.07.04 17:30:00|989.72|990.16|988.85|989.47|397
2019.07.04 18:30:00|989.52|990.25|989.47|990.23|282
2019.07.04 19:30:00|990.33|990.92|990.23|990.92|209
2019.07.04 20:30:00|991.02|991.6|990.92|991.34|428
2019.07.04 21:30:00|991.29|991.4|990.6900000000001|990.95|118
2019.07.04 22:30:00|990.9|991.8099999999999|990.4|990.45|200
2019.07.05 16:30:00|987.59|987.89|984.9400000000001|985.1900000000001|1103
2019.07.05 17:30:00|985.14|985.39|983.66|985.23|673
2019.07.05 18:30:00|985.13|986.85|984.4400000000001|986.16|533
2019.07.05 19:30:00|986.26|986.76|985.72|986.26|329
2019.07.05 20:30:00|986.36|987.79|986.0599999999999|987.35|343
2019.07.05 21:30:00|987.45|988.4|987.12|987.42|390
2019.07.05 22:30:00|987.47|988.21|986.8200000000001|986.8200000000001|354
2019.07.08 16:30:00|983.78|984.53|982.53|983.28|734
2019.07.08 17:30:00|983.1799999999999|984.1|982.91|983.12|568
2019.07.08 18:30:00|983.22|984.28|983.04|983.89|369
2019.07.08 19:30:00|983.84|984.61|983.84|984.48|349
2019.07.08 20:30:00|984.53|984.8099999999999|983.75|984.04|338
2019.07.08 21:30:00|983.99|984.4400000000001|983.75|984.24|375
2019.07.08 22:30:00|984.34|985.16|983.51|983.91|333
2019.07.09 16:30:00|981.1900000000001|987.11|980.84|986.96|889
2019.07.09 17:30:00|986.91|988.5599999999999|986.22|988.0700000000001|573
2019.07.09 18:30:00|988.17|988.46|986.97|987.78|507
2019.07.09 19:30:00|987.83|988.1799999999999|987.11|988.0700000000001|362
2019.07.09 20:30:00|987.97|988.48|987.3|987.77|331
2019.07.09 21:30:00|987.77|988.21|987.42|987.8200000000001|366
2019.07.09 22:30:00|987.92|989.74|987.8200000000001|989.1|275
2019.07.10 16:30:00|992.61|995.83|992.05|992.15|1448
2019.07.10 17:30:00|992.35|993.0599999999999|989.1799999999999|989.38|1022
2019.07.10 18:30:00|989.4299999999999|990.97|988.6|988.89|944
2019.07.10 19:30:00|988.99|989.49|987.4299999999999|987.54|612
2019.07.10 20:30:00|987.4400000000001|988.74|987.0599999999999|987.26|664
2019.07.10 21:30:00|987.3099999999999|987.72|986.55|987.28|627
2019.07.10 22:30:00|987.23|989.55|987.2|988.6|454
2019.07.11 16:30:00|988.87|989.64|987.25|987.67|1165
2019.07.11 17:30:00|987.62|988.65|986.79|988|657
2019.07.11 18:30:00|988.1|989.17|987.88|989.05|308
2019.07.11 19:30:00|988.95|989.6799999999999|987.87|987.97|400
2019.07.11 20:30:00|988.0700000000001|988.38|987.51|987.8200000000001|509
2019.07.11 21:30:00|987.87|988.47|987.24|987.55|321
2019.07.11 22:30:00|987.65|989.03|987.65|987.88|409
2019.07.12 16:30:00|986.73|987.28|984.97|985.11|784
2019.07.12 17:30:00|985.21|986.1|984.16|985.9|692
2019.07.12 18:30:00|985.95|986.39|984.77|984.87|429
2019.07.12 19:30:00|984.77|985.33|984.54|984.54|351
2019.07.12 20:30:00|984.64|984.8|984.28|984.33|182
2019.07.12 21:30:00|984.33|985.22|983.5|983.6799999999999|320
2019.07.12 22:30:00|983.78|984.63|983.35|983.6799999999999|357
2019.07.15 16:30:00|984.41|985.66|983.87|985.5599999999999|895
2019.07.15 17:30:00|985.66|986.23|985.12|985.67|577
2019.07.15 18:30:00|985.5700000000001|985.6799999999999|983.47|983.76|355
2019.07.15 19:30:00|983.72|984.3|983.27|984|233
2019.07.15 20:30:00|983.9|984.39|983.04|983.4400000000001|317
2019.07.15 21:30:00|983.54|984.11|982.42|983.66|277
2019.07.15 22:30:00|983.76|985.05|983.62|984.65|366
2019.07.16 16:30:00|982.79|985.66|981.89|985.5599999999999|914
2019.07.16 17:30:00|985.51|985.9|984.5599999999999|985.01|542
2019.07.16 18:30:00|984.91|985.11|983.1900000000001|984.16|655
2019.07.16 19:30:00|984.26|984.65|983.67|984.39|548
2019.07.16 20:30:00|984.34|984.73|983.5|983.89|570
2019.07.16 21:30:00|983.79|985.35|983.42|985.15|414
2019.07.16 22:30:00|985.05|985.48|984.25|984.85|380
2019.07.17 16:30:00|985.61|986.87|984.09|984.79|1172
2019.07.17 17:30:00|984.6900000000001|985.3|982.72|983.77|792
2019.07.17 18:30:00|983.72|984.34|983.64|983.92|512
2019.07.17 19:30:00|983.8200000000001|984.13|983.23|983.55|250
2019.07.17 20:30:00|983.6|983.65|982.62|983.17|335
2019.07.17 21:30:00|983.12|983.27|981.88|982.14|353
2019.07.17 22:30:00|982.04|983.15|981.39|981.6900000000001|425
2019.07.18 16:30:00|982.87|983.75|982.12|982.8200000000001|1032
2019.07.18 17:30:00|982.92|983.61|981.74|981.9400000000001|598
2019.07.18 18:30:00|981.84|982.14|980.3099999999999|981.88|576
2019.07.18 19:30:00|981.78|982.4299999999999|981.75|982.26|335
2019.07.18 20:30:00|982.36|983.52|981.8099999999999|983.27|534
2019.07.18 21:30:00|983.17|984.4299999999999|983.01|983.54|593
2019.07.18 22:30:00|983.59|984.14|983.1799999999999|983.8200000000001|456
2019.07.19 16:30:00|986.5|988.25|984.34|984.5599999999999|1166
2019.07.19 17:30:00|984.61|984.98|982.9|983.8200000000001|998
2019.07.19 18:30:00|983.92|985|983.6|984.9|609
2019.07.19 19:30:00|984.95|985.6|984.9|985.37|492
2019.07.19 20:30:00|985.42|985.6799999999999|984.4|984.53|653
2019.07.19 21:30:00|984.63|985.03|982.62|983.02|732
2019.07.19 22:30:00|983.0700000000001|983.55|981.16|981.3099999999999|507
2019.07.22 16:30:00|985.24|985.48|983.9|985.17|990
2019.07.22 17:30:00|985.27|985.46|984|984.71|766
2019.07.22 18:30:00|984.66|985.66|984.39|984.9|582
2019.07.22 19:30:00|984.95|985.38|984.47|985.11|378
2019.07.22 20:30:00|985.16|985.8099999999999|984.99|984.99|289
2019.07.22 21:30:00|984.9400000000001|985.79|984.37|985.0700000000001|329
2019.07.22 22:30:00|984.97|985.72|984.5700000000001|985.67|285
2019.07.23 16:30:00|990.24|990.51|987.64|988.11|997
2019.07.23 17:30:00|988.0599999999999|989.02|986.9299999999999|987.78|568
2019.07.23 18:30:00|987.6799999999999|987.6900000000001|986.25|987.1799999999999|688
2019.07.23 19:30:00|987.08|987.7|986.79|987.13|489
2019.07.23 20:30:00|987.1799999999999|988.11|986.6799999999999|987.6799999999999|607
2019.07.23 21:30:00|987.63|989.0599999999999|987.47|988.77|368
2019.07.23 22:30:00|988.8200000000001|989.1799999999999|988.27|988.97|275
2019.07.24 16:30:00|985.65|986.54|985.26|985.5700000000001|1165
2019.07.24 17:30:00|985.67|987.74|985.67|987.09|727
2019.07.24 18:30:00|986.99|988.3200000000001|986.79|988.13|446
2019.07.24 19:30:00|988.23|989.78|988.23|989.58|281
2019.07.24 20:30:00|989.6799999999999|989.78|988.8|989.61|403
2019.07.24 21:30:00|989.5700000000001|990.0599999999999|989.52|989.96|275
2019.07.24 22:30:00|990.01|991.17|989.71|990.58|314
2019.07.25 16:30:00|989.1900000000001|989.49|984.13|985.0700000000001|1357
2019.07.25 17:30:00|985.17|986.67|984.86|985.62|943
2019.07.25 18:30:00|985.5700000000001|985.92|983.2|983.48|707
2019.07.25 19:30:00|983.58|983.58|981.8099999999999|982.36|803
2019.07.25 20:30:00|982.41|983.26|982.01|982.95|596
2019.07.25 21:30:00|982.85|983.05|980.97|981.58|587
2019.07.25 22:30:00|981.53|983.9299999999999|981.37|982.9299999999999|546
2019.07.26 16:30:00|986.92|987.2|985.62|985.66|936
2019.07.26 17:30:00|985.5599999999999|987.11|985.01|987.01|758
2019.07.26 18:30:00|987.11|987.3099999999999|986.4299999999999|986.8099999999999|380
2019.07.26 19:30:00|986.76|987.67|986.41|987.23|213
2019.07.26 20:30:00|987.28|987.4400000000001|986.78|987.26|253
2019.07.26 21:30:00|987.16|987.37|986.8200000000001|986.97|206
2019.07.26 22:30:00|986.96|987.16|985.34|985.74|274
2019.07.29 16:30:00|987.11|987.46|983.62|984.25|978
2019.07.29 17:30:00|984.15|985.1|984.14|984.85|502
2019.07.29 18:30:00|984.9|985.24|983.61|984.09|369
2019.07.29 19:30:00|984.04|984.1900000000001|983.36|983.52|368
2019.07.29 20:30:00|983.5700000000001|983.62|982.4|982.96|271
2019.07.29 21:30:00|982.86|983.4|982.4400000000001|982.49|261
2019.07.29 22:30:00|982.54|983.37|982.38|983.37|226
2019.07.30 16:30:00|978.84|981.72|977.84|980.9|1110
2019.07.30 17:30:00|980.8|981.2|979.79|980.41|650
2019.07.30 18:30:00|980.3099999999999|980.61|978.51|979.2|437
2019.07.30 19:30:00|979.1900000000001|979.89|978.5|979.47|343
2019.07.30 20:30:00|979.5700000000001|981.2|979.47|980.83|430
2019.07.30 21:30:00|980.88|981.01|979.45|979.84|320
2019.07.30 22:30:00|979.74|980.8|979.74|979.8099999999999|314
2019.07.31 16:30:00|979.75|980.5|977.25|977.45|949
2019.07.31 17:30:00|977.55|979.34|975.91|978.66|718
2019.07.31 18:30:00|978.67|979.0700000000001|977.5|977.71|341
2019.07.31 19:30:00|977.76|978.8|977.4|978.71|319
2019.07.31 20:30:00|978.8099999999999|979.83|978.1|979.1799999999999|1179
2019.07.31 21:30:00|979.23|980.27|969.64|976.92|2568
2019.07.31 22:30:00|976.8200000000001|978.46|976.04|978.17|1025
2019.08.01 16:30:00|978.26|981.71|977.14|981.71|1578
2019.08.01 17:30:00|981.76|984.58|981.1900000000001|984.08|1004
2019.08.01 18:30:00|984.03|984.3099999999999|983.12|983.71|687
2019.08.01 19:30:00|983.8099999999999|984.23|980.3|980.45|656
2019.08.01 20:30:00|980.3|981.27|974.26|975.75|2903
2019.08.01 21:30:00|975.65|976.73|974.1900000000001|975.54|1801
2019.08.01 22:30:00|975.64|976.8|973.63|973.63|1106
2019.08.02 16:30:00|973.91|976.11|967.99|968.8|2179
2019.08.02 17:30:00|968.7|968.7|963.79|966.34|1482
2019.08.02 18:30:00|966.29|968.8|964.89|968.7|1309
2019.08.02 19:30:00|968.6|968.8|963.73|964.17|946
2019.08.02 20:30:00|964.22|965.9400000000001|963.1799999999999|965.35|964
2019.08.02 21:30:00|965.3|967.28|964.95|966.98|994
2019.08.02 22:30:00|967.08|968.58|966.61|967.63|843
2019.08.06 16:30:00|953.34|961.52|950.45|953.2|2481
2019.08.06 17:30:00|953.1|955.83|949.03|950.89|1517
2019.08.06 18:30:00|950.79|953|949.01|950.27|1374
2019.08.06 19:30:00|950.17|954.12|949.97|954.02|1065
2019.08.06 20:30:00|954.12|957.0599999999999|953.53|956.9|962
2019.08.06 21:30:00|956.95|958.3200000000001|956.47|957.37|977
2019.08.06 22:30:00|957.3200000000001|960.0700000000001|956.4299999999999|958.87|660
2019.08.07 16:30:00|955.0700000000001|960.97|953.22|959.25|2587
2019.08.07 17:30:00|959.3|963.1900000000001|958.8|961.5|2437
2019.08.07 18:30:00|961.55|961.92|959.5700000000001|961.24|1856
2019.08.07 19:30:00|961.29|963.86|960.99|962.91|1357
2019.08.07 20:30:00|963.01|966.71|962.95|966.61|1345
2019.08.07 21:30:00|966.5599999999999|968.66|966.41|968.41|1416
2019.08.07 22:30:00|968.36|969.02|966.95|968.25|894
2019.08.08 16:30:00|969.76|974.86|969.4|974.5700000000001|1588
2019.08.08 17:30:00|974.67|975.84|973.48|974.17|770
2019.08.08 18:30:00|974.22|977.08|973.92|976.75|746
2019.08.08 19:30:00|976.7|977.25|976.0700000000001|976.0700000000001|628
2019.08.08 20:30:00|976.17|977.27|976|976.6|591
2019.08.08 21:30:00|976.55|976.83|975.05|975.35|698
2019.08.08 22:30:00|975.3|977.05|975.01|976.3200000000001|562
2019.08.09 16:30:00|974.6799999999999|977.42|971.74|971.75|1870
2019.08.09 17:30:00|971.65|975.63|970.87|971.0700000000001|1497
2019.08.09 18:30:00|970.97|971.64|969.76|971.13|1248
2019.08.09 19:30:00|971.08|974.1900000000001|970.9|973.6799999999999|1174
2019.08.09 20:30:00|973.78|974.5|972.02|972.79|851
2019.08.09 21:30:00|972.84|974.21|972.1|973.37|730
2019.08.09 22:30:00|973.47|974.17|971.92|972.22|560
2019.08.12 16:30:00|970.62|972.8099999999999|968|971.83|1984
2019.08.12 17:30:00|971.9299999999999|972.5599999999999|969.4299999999999|970.79|1203
2019.08.12 18:30:00|970.6900000000001|972.51|970|972.24|951
2019.08.12 19:30:00|972.14|972.4400000000001|970.17|970.6|908
2019.08.12 20:30:00|970.65|970.6900000000001|966.5|966.51|814
2019.08.12 21:30:00|966.46|966.71|964.58|965.49|1034
2019.08.12 22:30:00|965.54|967.25|965.38|966.71|554
2019.08.13 16:30:00|967.6799999999999|972.76|966.52|971.35|3159
2019.08.13 17:30:00|971.5|973.77|969.92|972.53|2247
2019.08.13 18:30:00|972.48|975.7|971.6900000000001|975.4299999999999|1491
2019.08.13 19:30:00|975.48|975.58|973.2|974.67|1162
2019.08.13 20:30:00|974.62|975.22|973.88|975.0700000000001|709
2019.08.13 21:30:00|975.17|976.5599999999999|974.97|975.46|565
2019.08.13 22:30:00|975.41|976.05|973.86|975.75|453
2019.08.14 16:30:00|965.34|969.0599999999999|962.04|963.46|2356
2019.08.14 17:30:00|963.51|963.71|958.05|959.7|1733
2019.08.14 18:30:00|959.8|960.4|957.73|958.12|1318
2019.08.14 19:30:00|958.0700000000001|959.16|954.6|957.52|1304
2019.08.14 20:30:00|957.42|959.08|957.09|957.39|1410
2019.08.14 21:30:00|957.49|958.55|955.13|955.53|1504
2019.08.14 22:30:00|955.4299999999999|956.74|953.97|954.5700000000001|1242
2019.08.15 16:30:00|956.66|957.66|952.03|953.85|2668
2019.08.15 17:30:00|953.75|955.5599999999999|951.5700000000001|953.28|1949
2019.08.15 18:30:00|953.33|957.45|953.13|956.5599999999999|1342
2019.08.15 19:30:00|956.76|956.87|954.53|954.73|1037
2019.08.15 20:30:00|954.78|955.03|950.47|952.91|1661
2019.08.15 21:30:00|953.01|954.63|952.3200000000001|952.92|1413
2019.08.15 22:30:00|952.8200000000001|954.85|952.72|954.4|849
2019.08.16 16:30:00|958.12|962.28|957.53|961.17|1501
2019.08.16 17:30:00|961.22|963.85|960.9299999999999|962.4|1111
2019.08.16 18:30:00|962.35|963.42|962.28|963.0599999999999|815
2019.08.16 19:30:00|963.01|963.58|962.5|963.33|537
2019.08.16 20:30:00|963.38|963.73|962.08|962.29|413
2019.08.16 21:30:00|962.24|963|961.91|962.22|363
2019.08.16 22:30:00|962.17|963.7|961.98|963.7|423
2019.08.19 16:30:00|968.47|969.27|966.53|968.77|1446
2019.08.19 17:30:00|968.72|970.9|968.28|970.3200000000001|863
2019.08.19 18:30:00|970.42|971.4|970.22|971.3|571
2019.08.19 19:30:00|971.15|972.97|970.8099999999999|972.71|443
2019.08.19 20:30:00|972.65|973.05|972.2|973|357
2019.08.19 21:30:00|972.95|973.37|971.37|971.77|467
2019.08.19 22:30:00|971.72|973.75|971.72|972.5700000000001|430
2019.08.20 16:30:00|970|970.2|965.91|966.95|1775
2019.08.20 17:30:00|966.85|969.27|964.83|967.04|1088
2019.08.20 18:30:00|966.99|968.13|966.99|967.92|830
2019.08.20 19:30:00|967.87|968.03|966.98|967.48|611
2019.08.20 20:30:00|967.4299999999999|967.48|965.6900000000001|966.13|909
2019.08.20 21:30:00|966.08|966.58|964.29|966.22|710
2019.08.20 22:30:00|966.17|966.8|964.11|964.71|596
2019.08.21 16:30:00|967.79|970.23|967.14|969.23|1457
2019.08.21 17:30:00|969.13|971.01|968.8099999999999|970.26|996
2019.08.21 18:30:00|970.16|971.74|969.8200000000001|970.01|825
2019.08.21 19:30:00|970.0599999999999|971.33|969.59|970.9299999999999|495
2019.08.21 20:30:00|970.88|971.38|969.8|971.02|817
2019.08.21 21:30:00|971.12|971.98|970.39|971.35|716
2019.08.21 22:30:00|971.45|973.39|971.13|972.9|504
2019.08.22 16:30:00|972.09|973.9400000000001|969.83|970.23|1658
2019.08.22 17:30:00|970.13|970.13|967.62|968.97|1819
2019.08.22 18:30:00|969.0700000000001|970.4|968.83|969.6|948
2019.08.22 19:30:00|969.59|970.71|968.8099999999999|970.3099999999999|670
2019.08.22 20:30:00|970.26|970.87|969.37|969.47|480
2019.08.22 21:30:00|969.42|970.24|968.64|968.78|588
2019.08.22 22:30:00|968.79|970|968.59|969.24|608
2019.08.23 16:30:00|967.52|971.03|966.52|970.8200000000001|2417
2019.08.23 17:30:00|970.87|972.36|962.85|964.16|2978
2019.08.23 18:30:00|964.21|964.5599999999999|961.33|962.03|2050
2019.08.23 19:30:00|961.98|962.98|959.42|959.61|1468
2019.08.23 20:30:00|959.71|960.84|959.5|959.71|1251
2019.08.23 21:30:00|959.76|960.5|956.4400000000001|956.54|1272
2019.08.23 22:30:00|956.59|958.88|952.42|957.03|1109
2019.08.26 16:30:00|963.05|964.39|960.02|960.3200000000001|1748
2019.08.26 17:30:00|960.22|961.16|959|960.62|1757
2019.08.26 18:30:00|960.5700000000001|962.11|959.59|961.42|948
2019.08.26 19:30:00|961.52|961.74|960.01|960.92|696
2019.08.26 20:30:00|960.97|960.97|958.7|959.38|593
2019.08.26 21:30:00|959.28|961.76|959.28|959.86|620
2019.08.26 22:30:00|959.96|961.4299999999999|958.0700000000001|961.13|616
2019.08.27 16:30:00|962.59|965.15|962.09|963.84|1749
2019.08.27 17:30:00|963.79|965.17|961.12|961.87|1386
2019.08.27 18:30:00|961.8200000000001|963.88|961.62|963.49|1286
2019.08.27 19:30:00|963.4400000000001|963.59|960.17|962.05|1214
2019.08.27 20:30:00|961.95|963.92|961.75|962.9|972
2019.08.27 21:30:00|962.95|964.64|962.17|963.58|995
2019.08.27 22:30:00|963.53|965.12|962.64|963.84|684
2019.08.28 16:30:00|964.14|966.63|962.54|964.8|2064
2019.08.28 17:30:00|964.85|969.4400000000001|964.62|969.24|1467
2019.08.28 18:30:00|969.29|969.59|967.61|967.8099999999999|777
2019.08.28 19:30:00|967.91|968.95|967.27|968.21|676
2019.08.28 20:30:00|968.3099999999999|969.48|967.8200000000001|969.1900000000001|527
2019.08.28 21:30:00|969.29|970.71|968.99|969.83|550
2019.08.28 22:30:00|969.78|970.1799999999999|968.78|969.63|491
2019.08.29 16:30:00|976.21|977.85|975.86|976.7|1262
2019.08.29 17:30:00|976.65|977.54|973.52|977.25|1279
2019.08.29 18:30:00|977.3|978.1799999999999|977.15|977.98|526
2019.08.29 19:30:00|977.88|978.47|977.29|977.78|402
2019.08.29 20:30:00|977.73|978.98|977.29|978.98|384
2019.08.29 21:30:00|978.83|979.27|977.55|977.84|348
2019.08.29 22:30:00|977.9400000000001|978.34|976.78|977.99|420
2019.08.30 16:30:00|979.59|979.64|977.34|978|1385
2019.08.30 17:30:00|978.05|979.8|976.26|976.64|1385
2019.08.30 18:30:00|976.74|978.59|976.64|978.1|938
2019.08.30 19:30:00|978.05|978.9|977.52|978.7|643
2019.08.30 20:30:00|978.79|979.98|978.29|979.79|500
2019.08.30 21:30:00|979.6900000000001|979.99|978.4|979.29|619
2019.08.30 22:30:00|979.39|981.74|979.24|980.91|853
2019.09.03 16:30:00|976.79|980.0700000000001|974.34|976.51|1993
2019.09.03 17:30:00|976.41|977.38|974.9|976.34|1675
2019.09.03 18:30:00|976.24|977.72|974.64|974.89|1062
2019.09.03 19:30:00|974.79|974.88|973.89|974.5700000000001|925
2019.09.03 20:30:00|974.62|974.67|972.96|973.87|735
2019.09.03 21:30:00|973.77|975.96|973.74|975.77|637
2019.09.03 22:30:00|975.87|977.7|975.5700000000001|976.78|476
2019.09.04 16:30:00|984.6900000000001|987.42|981.6|982.8200000000001|1551
2019.09.04 17:30:00|982.72|984.24|980.9|981.91|921
2019.09.04 18:30:00|981.96|982.0599999999999|979.29|979.4|622
2019.09.04 19:30:00|979.6|980.8|979.3099999999999|980.37|484
2019.09.04 20:30:00|980.42|980.42|978.51|978.78|448
2019.09.04 21:30:00|978.73|979.96|978.67|979.6|483
2019.09.04 22:30:00|979.65|980.09|978.99|979.29|315
2019.09.05 16:30:00|984.55|990.51|983.05|990.3099999999999|1517
2019.09.05 17:30:00|990.26|991.01|988.8200000000001|989.3099999999999|1202
2019.09.05 18:30:00|989.21|989.71|987.84|988.14|788
2019.09.05 19:30:00|988.04|988.97|987.86|988.62|524
2019.09.05 20:30:00|988.52|988.95|988.13|988.45|541
2019.09.05 21:30:00|988.35|988.9299999999999|987.9400000000001|988.83|411
2019.09.05 22:30:00|988.73|989.4299999999999|987.52|987.72|446
2019.09.06 16:30:00|987.48|987.63|984.64|986.03|1562
2019.09.06 17:30:00|986.13|988.23|985.73|987.1|727
2019.09.06 18:30:00|987.05|987.34|986.33|986.7|468
2019.09.06 19:30:00|986.6|986.71|985.53|986.6|747
2019.09.06 20:30:00|986.65|986.92|985.4|985.6|451
2019.09.06 21:30:00|985.65|986.47|985.55|986.39|379
2019.09.06 22:30:00|986.49|986.8|985.63|985.63|417
2019.09.09 16:30:00|987.39|987.6900000000001|983.4299999999999|983.71|865
2019.09.09 17:30:00|983.61|984.59|983.52|983.97|659
2019.09.09 18:30:00|983.92|984.4400000000001|981.73|981.74|486
2019.09.09 19:30:00|981.79|982.3099999999999|980.9400000000001|982.03|501
2019.09.09 20:30:00|981.9299999999999|982.7|981.63|982.12|407
2019.09.09 21:30:00|982.0700000000001|983.03|982.02|982.6900000000001|487
2019.09.09 22:30:00|982.74|983.9400000000001|982.36|983.0599999999999|437
2019.09.10 16:30:00|982.02|985.02|980.87|985.02|1303
2019.09.10 17:30:00|984.92|984.97|982.65|983.22|983
2019.09.10 18:30:00|983.3200000000001|985.52|983.13|985.2|1048
2019.09.10 19:30:00|985.3|985.6799999999999|984.45|984.6|573
2019.09.10 20:30:00|984.7|986.0700000000001|984.6|985|675
2019.09.10 21:30:00|984.9|985.4299999999999|983.74|984.28|578
2019.09.10 22:30:00|984.1799999999999|986.78|984.14|986.38|472
2019.09.11 16:30:00|987.73|989.08|986.8|987.5700000000001|1417
2019.09.11 17:30:00|987.37|989.96|987.27|989.66|930
2019.09.11 18:30:00|989.76|990.9400000000001|989.48|989.9|709
2019.09.11 19:30:00|989.95|990.75|989.73|990.7|517
2019.09.11 20:30:00|990.75|991.7|990.51|991.36|440
2019.09.11 21:30:00|991.41|992.1799999999999|991|991|323
2019.09.11 22:30:00|991.1|992.1|990.22|991.95|404
2019.09.12 16:30:00|991.01|994.55|989.23|993.38|1929
2019.09.12 17:30:00|993.33|994.28|991.0599999999999|993.55|1924
2019.09.12 18:30:00|993.6|995.67|993.41|995.28|749
2019.09.12 19:30:00|995.33|996.48|995.1799999999999|996.2|602
2019.09.12 20:30:00|996.1900000000001|997.1|996.16|996.71|546
2019.09.12 21:30:00|996.61|997.67|996|996.1|503
2019.09.12 22:30:00|996.2|996.65|994.11|995.11|403
2019.09.13 16:30:00|998.74|999.9|997.39|999.8099999999999|1559
2019.09.13 17:30:00|999.91|1001.56|999.21|1000.58|912
2019.09.13 18:30:00|1000.68|1000.82|999.16|999.35|551
2019.09.13 19:30:00|999.3|999.35|998.05|998.97|507
2019.09.13 20:30:00|999.0700000000001|999.36|998.29|998.5|541
2019.09.13 21:30:00|998.45|998.78|997.34|997.5|433
2019.09.13 22:30:00|997.5|997.9299999999999|996.39|996.39|389
2019.09.16 16:30:00|996.98|1001.58|996.98|999.95|1507
2019.09.16 17:30:00|1000|1001.24|999.51|999.67|1024
2019.09.16 18:30:00|999.62|1000.02|997.17|998.55|811
2019.09.16 19:30:00|998.6|1000.44|998.05|1000.14|780
2019.09.16 20:30:00|1000.1|1001.03|999.84|1000.68|657
2019.09.16 21:30:00|1000.63|1000.78|999.12|999.1799999999999|585
2019.09.16 22:30:00|999.03|1000.41|998.98|999.45|468
2019.09.17 16:30:00|999.83|1003.79|998.79|1003.35|1314
2019.09.17 17:30:00|1003.45|1005.01|1003.4|1004.81|774
2019.09.17 18:30:00|1004.86|1005.03|1003.41|1004.32|479
2019.09.17 19:30:00|1004.27|1006.06|1003.92|1005.38|393
2019.09.17 20:30:00|1005.37|1006.69|1005.34|1006.59|549
2019.09.17 21:30:00|1006.64|1006.79|1005.05|1005.4|334
2019.09.17 22:30:00|1005.35|1005.7|1004.76|1005.6|335
2019.09.18 16:30:00|1004.22|1006.57|1003.43|1006.47|932
2019.09.18 17:30:00|1006.67|1006.77|1004.75|1005.25|672
2019.09.18 18:30:00|1005.35|1005.56|1004.78|1005.05|413
2019.09.18 19:30:00|1005.15|1005.4|1003.64|1003.64|350
2019.09.18 20:30:00|1003.55|1005.04|1001.23|1001.95|1439
2019.09.18 21:30:00|1002|1003.27|1000.01|1002.97|1567
2019.09.18 22:30:00|1003.07|1005.34|1003.06|1003.84|675
2019.09.19 16:30:00|1006.92|1009.06|1006.3|1008.16|1206
2019.09.19 17:30:00|1008.21|1010.39|1008.16|1009.5|583
2019.09.19 18:30:00|1009.55|1010.67|1008.6|1008.8|504
2019.09.19 19:30:00|1008.75|1011.15|1008.56|1010.56|704
2019.09.19 20:30:00|1010.46|1010.73|1009.57|1010.04|704
2019.09.19 21:30:00|1009.94|1010.52|1009.02|1009.12|593
2019.09.19 22:30:00|1009.07|1009.07|1007.25|1007.59|484
2019.09.20 16:30:00|1012.86|1014.46|1011.75|1012.63|1158
2019.09.20 17:30:00|1012.73|1013.51|1010.71|1010.92|787
2019.09.20 18:30:00|1010.82|1011.25|1009.93|1010.77|578
2019.09.20 19:30:00|1010.82|1011.48|1007.06|1009.52|1136
2019.09.20 20:30:00|1009.57|1009.97|1007.59|1009.86|1296
2019.09.20 21:30:00|1009.91|1010.9|1009.17|1009.4|661
2019.09.20 22:30:00|1009.45|1010|1008.59|1009.13|726
2019.09.23 16:30:00|1007.7|1008.24|1004.87|1006.89|1345
2019.09.23 17:30:00|1006.99|1007.81|1006.17|1006.84|873
2019.09.23 18:30:00|1006.89|1008.2|1006.89|1007.09|497
2019.09.23 19:30:00|1007.14|1007.33|1006.23|1006.66|416
2019.09.23 20:30:00|1006.67|1007.08|1006.08|1006.82|379
2019.09.23 21:30:00|1006.77|1007.36|1006.4|1006.98|344
2019.09.23 22:30:00|1007.03|1007.08|1005.99|1006.49|332
2019.09.24 16:30:00|1008.25|1010.58|1006.36|1007.43|1272
2019.09.24 17:30:00|1007.52|1008.36|1006.17|1006.22|859
2019.09.24 18:30:00|1006.27|1006.27|1002.12|1002.51|1108
2019.09.24 19:30:00|1002.46|1002.73|999.88|1000.37|1253
2019.09.24 20:30:00|1000.42|1003.97|1000.37|1003.44|1423
2019.09.24 21:30:00|1003.49|1003.74|1000.55|1000.66|1382
2019.09.24 22:30:00|1000.56|1002.52|999.9299999999999|1002.07|674
2019.09.25 16:30:00|1001.83|1002.83|997.63|998.85|1889
2019.09.25 17:30:00|998.7|1001.67|998.65|1000.19|1383
2019.09.25 18:30:00|1000.14|1001.58|999.89|1000.45|855
2019.09.25 19:30:00|1000.4|1000.73|999.5700000000001|999.72|619
2019.09.25 20:30:00|999.77|1001.03|999.52|1000.93|504
2019.09.25 21:30:00|1000.83|1002.21|1000.82|1001.91|527
2019.09.25 22:30:00|1002.01|1002.8|1000.86|1001.31|370
2019.09.26 16:30:00|1001.83|1001.98|999.23|1000.29|1373
2019.09.26 17:30:00|1000.24|1001.83|999.89|1000.46|1191
2019.09.26 18:30:00|1000.61|1000.94|999.25|1000.83|872
2019.09.26 19:30:00|1000.78|1001.18|1000.3|1000.91|568
2019.09.26 20:30:00|1000.96|1002.79|1000.81|1002|664
2019.09.26 21:30:00|1002.05|1002.37|1001.08|1001.97|594
2019.09.26 22:30:00|1001.92|1002.92|1001.6|1002.43|546
2019.09.27 16:30:00|1002.08|1002.53|996.96|1000.41|1242
2019.09.27 17:30:00|1000.36|1001.38|999.01|1000.14|817
2019.09.27 18:30:00|1000.15|1000.76|997.52|999.4400000000001|1880
2019.09.27 19:30:00|999.39|999.45|997.34|997.83|1097
2019.09.27 20:30:00|997.9299999999999|997.98|995.76|996.16|801
2019.09.27 21:30:00|996.0599999999999|996.26|994.47|995.4299999999999|866
2019.09.27 22:30:00|995.33|997.6|995.33|996.76|601
2019.09.30 16:30:00|997.6900000000001|1000.04|996.84|998.61|1292
2019.09.30 17:30:00|998.66|999.1799999999999|996.6900000000001|997.64|948
2019.09.30 18:30:00|997.54|998.86|996.6799999999999|998.77|535
2019.09.30 19:30:00|998.8099999999999|999.4299999999999|998.01|998.3099999999999|412
2019.09.30 20:30:00|998.36|999.16|997.95|998.77|346
2019.09.30 21:30:00|998.8200000000001|998.8200000000001|997.3|997.71|425
2019.09.30 22:30:00|997.61|997.89|996.0700000000001|996.47|644
2019.10.01 16:30:00|998.84|999.9|992.6|993.61|1836
2019.10.01 17:30:00|993.5599999999999|993.7|987.11|989.91|1537
2019.10.01 18:30:00|990.01|990.0599999999999|985.85|986.51|1081
2019.10.01 19:30:00|986.61|986.61|983.39|983.79|864
2019.10.01 20:30:00|983.74|983.74|982.02|983.53|827
2019.10.01 21:30:00|983.63|984.23|982.27|983.89|842
2019.10.01 22:30:00|983.79|984.15|982.39|983.29|580
2019.10.02 16:30:00|979.79|980.53|972|972.05|1965
2019.10.02 17:30:00|972|972|969.5|970.33|1584
2019.10.02 18:30:00|970.23|970.63|968.64|968.79|1185
2019.10.02 19:30:00|968.89|970.47|967.84|970.27|814
2019.10.02 20:30:00|970.22|971.02|969.61|971.02|854
2019.10.02 21:30:00|970.97|973.49|970.86|972.55|1026
2019.10.02 22:30:00|972.5|973.58|971.49|971.84|901
2019.10.03 16:30:00|971.8200000000001|973.76|965.87|969.64|2302
2019.10.03 17:30:00|969.74|975.79|967.9299999999999|975.03|2137
2019.10.03 18:30:00|974.9400000000001|975.14|972.54|974.16|1176
2019.10.03 19:30:00|974.0599999999999|975.09|974.0599999999999|974.54|882
2019.10.03 20:30:00|974.59|976.14|974.48|975.89|705
2019.10.03 21:30:00|975.9400000000001|975.9400000000001|974.36|974.9|570
2019.10.03 22:30:00|974.95|977.04|974.17|976.34|594
2019.10.04 16:30:00|977.86|979.3099999999999|976.02|976.48|1935
2019.10.04 17:30:00|976.4299999999999|978.59|975.55|978.28|1275
2019.10.04 18:30:00|978.38|980.26|978.28|979.66|659
2019.10.04 19:30:00|979.61|980.38|979.36|980.3|484
2019.10.04 20:30:00|980.35|981.04|980.12|980.91|500
2019.10.04 21:30:00|980.86|981.1799999999999|980.12|980.38|362
2019.10.04 22:30:00|980.4299999999999|981.6799999999999|980.28|980.86|446
2019.10.07 16:30:00|979.36|980.42|978.0700000000001|979.27|1241
2019.10.07 17:30:00|979.23|982.09|978.89|981.76|1046
2019.10.07 18:30:00|981.66|982.79|981.13|981.13|774
2019.10.07 19:30:00|981.04|981.22|979.76|980.38|538
2019.10.07 20:30:00|980.28|982.28|980.28|980.97|1116
2019.10.07 21:30:00|980.87|980.97|978.79|980.1799999999999|863
2019.10.07 22:30:00|980.13|980.85|978.88|979.38|745
2019.10.08 16:30:00|975.14|976.48|971.27|972.9|1871
2019.10.08 17:30:00|972.75|973.3200000000001|971.0599999999999|971.47|1557
2019.10.08 18:30:00|971.42|973.37|970.12|973.14|1115
2019.10.08 19:30:00|973.1900000000001|975.37|972.91|974.54|908
2019.10.08 20:30:00|974.59|975.09|973.74|973.84|892
2019.10.08 21:30:00|973.79|976.3200000000001|971.6900000000001|972.79|1757
2019.10.08 22:30:00|972.74|973.4400000000001|970.29|971.08|800
2019.10.09 16:30:00|974.5700000000001|975.15|971.79|973.62|1692
2019.10.09 17:30:00|973.37|975.17|972.72|974.37|1079
2019.10.09 18:30:00|974.3200000000001|976.64|974.22|975.9|806
2019.10.09 19:30:00|975.95|977.08|975.5599999999999|976.89|731
2019.10.09 20:30:00|976.9400000000001|978.23|976.86|977.73|649
2019.10.09 21:30:00|977.83|979.39|977.83|978.92|613
2019.10.09 22:30:00|979.02|979.3200000000001|976.9299999999999|978.1|730
2019.10.10 16:30:00|976.9299999999999|981.49|976.63|979.47|1949
2019.10.10 17:30:00|979.52|982.5700000000001|978.8|980.61|1260
2019.10.10 18:30:00|980.66|980.71|978.95|979.1799999999999|875
2019.10.10 19:30:00|979.13|979.84|977.9400000000001|979.35|793
2019.10.10 20:30:00|979.25|980.58|977.92|980.3200000000001|1322
2019.10.10 21:30:00|980.27|981.3099999999999|979.71|981.0599999999999|1041
2019.10.10 22:30:00|981.11|982.2|979.8099999999999|981.9|677
2019.10.11 16:30:00|986.27|987.71|982.58|987.61|1654
2019.10.11 17:30:00|987.71|987.71|985.0599999999999|985.0599999999999|1010
2019.10.11 18:30:00|985.16|985.77|982.74|983.23|1180
2019.10.11 19:30:00|983.33|985.3200000000001|981.25|984.39|1242
2019.10.11 20:30:00|984.54|984.59|982.52|983.2|691
2019.10.11 21:30:00|983.25|983.33|982.55|982.77|527
2019.10.11 22:30:00|982.72|983.26|980.1|980.6|1347
2019.10.15 16:30:00|983.73|986.2|982.55|985.89|1080
2019.10.15 17:30:00|985.84|987.77|985.42|986.12|1229
2019.10.15 18:30:00|986.17|986.33|984.4299999999999|984.63|757
2019.10.15 19:30:00|984.6799999999999|984.97|984.04|984.38|436
2019.10.15 20:30:00|984.4299999999999|984.6799999999999|984.09|984.1799999999999|502
2019.10.15 21:30:00|984.1799999999999|984.28|982.3099999999999|983.12|427
2019.10.15 22:30:00|983.22|983.22|981|982.1|486
2019.10.16 16:30:00|983.08|983.24|981.21|983.13|1242
2019.10.16 17:30:00|983.1799999999999|983.45|982.34|982.35|870
2019.10.16 18:30:00|982.4|983.0599999999999|981.36|981.47|622
2019.10.16 19:30:00|981.5700000000001|981.5700000000001|980.75|981.04|532
2019.10.16 20:30:00|981.14|981.54|980.9400000000001|981.11|554
2019.10.16 21:30:00|981.16|981.91|980.96|981.52|537
2019.10.16 22:30:00|981.62|982.65|980.8200000000001|982.6|570
2019.10.17 16:30:00|984.09|984.49|981.98|982.27|1266
2019.10.17 17:30:00|982.3200000000001|982.51|979.22|981.0700000000001|1119
2019.10.17 18:30:00|981.17|981.22|978.92|979.8099999999999|877
2019.10.17 19:30:00|979.91|981.29|979.91|980.47|510
2019.10.17 20:30:00|980.5700000000001|981.11|979.83|981.01|567
2019.10.17 21:30:00|980.91|981.7|980.71|981.4400000000001|478
2019.10.17 22:30:00|981.49|981.88|980.27|980.47|442
2019.10.18 16:30:00|982.28|983.8099999999999|980.98|981.47|1419
2019.10.18 17:30:00|981.52|981.61|979.55|981.47|998
2019.10.18 18:30:00|981.42|981.62|978.1799999999999|978.55|987
2019.10.18 19:30:00|978.45|980.38|978.26|980.16|826
2019.10.18 20:30:00|980.21|980.49|979.49|980.2|597
2019.10.18 21:30:00|980.25|980.3|979.0700000000001|979.0700000000001|565
2019.10.18 22:30:00|979.12|979.17|977.58|978.27|457
2019.10.21 16:30:00|981.47|982.12|980.63|981.79|1204
2019.10.21 17:30:00|981.89|982.39|980.85|981.92|837
2019.10.21 18:30:00|981.87|982.33|981.38|982.24|487
2019.10.21 19:30:00|982.34|982.45|981.64|981.84|355
2019.10.21 20:30:00|981.79|982.38|981.52|981.7|272
2019.10.21 21:30:00|981.8|982.09|981.48|981.58|261
2019.10.21 22:30:00|981.6799999999999|981.98|980.62|981.0700000000001|328
2019.10.22 16:30:00|984.8099999999999|985.45|983.41|985.45|1047
2019.10.22 17:30:00|985.55|985.5599999999999|982.62|982.84|890
2019.10.22 18:30:00|982.74|983.3099999999999|981.86|982.84|543
2019.10.22 19:30:00|982.79|983.76|982.45|983.66|499
2019.10.22 20:30:00|983.62|984.17|982.48|982.78|496
2019.10.22 21:30:00|982.6799999999999|982.78|980.51|981.41|1137
2019.10.22 22:30:00|981.36|981.8099999999999|978.36|978.95|554
2019.10.23 16:30:00|979.22|979.4|976.66|977.66|1333
2019.10.23 17:30:00|977.76|978.17|976.33|977.15|1002
2019.10.23 18:30:00|977.25|977.55|976.03|976.22|727
2019.10.23 19:30:00|976.17|976.59|974.88|975.3|456
2019.10.23 20:30:00|975.3099999999999|975.41|973.51|974.03|410
2019.10.23 21:30:00|973.98|974.54|973.51|973.89|435
2019.10.23 22:30:00|973.9400000000001|975.46|973.89|975.21|536
2019.10.24 16:30:00|978.8099999999999|980.21|976.25|977.13|1571
2019.10.24 17:30:00|977.03|978.46|975.96|978.08|1134
2019.10.24 18:30:00|978.1799999999999|978.58|976.71|977|1083
2019.10.24 19:30:00|976.95|977.36|975.58|975.74|839
2019.10.24 20:30:00|975.79|976.24|974.97|975.74|678
2019.10.24 21:30:00|975.64|976.1799999999999|975.41|975.98|566
2019.10.24 22:30:00|976.08|977.9299999999999|975.88|976.8200000000001|572
2019.10.25 16:30:00|976.45|977.7|976.3|977.23|988
2019.10.25 17:30:00|977.33|980.49|976.99|980.09|815
2019.10.25 18:30:00|980.14|981.08|979.4400000000001|979.79|668
2019.10.25 19:30:00|979.89|980.53|979.77|980.53|303
2019.10.25 20:30:00|980.38|980.8099999999999|980.03|980.22|348
2019.10.25 21:30:00|980.12|980.1799999999999|979.35|979.89|305
2019.10.25 22:30:00|979.9400000000001|980.2|978.9400000000001|979.4400000000001|368
2019.10.28 15:30:00|982.64|982.79|980.66|981.97|1071
2019.10.28 16:30:00|982.02|983.17|980.9|981.3|736
2019.10.28 17:30:00|981.4|982.16|981.1|981.21|542
2019.10.28 18:30:00|981.26|981.26|980.48|980.62|389
2019.10.28 19:30:00|980.72|980.8099999999999|980.11|980.1799999999999|425
2019.10.28 20:30:00|980.13|981.14|980.01|981.04|417
2019.10.28 21:30:00|980.9400000000001|981.23|979.3200000000001|979.72|411
2019.10.29 15:30:00|976.0599999999999|978.3099999999999|974.97|978.08|985
2019.10.29 16:30:00|978.13|981.38|978.08|980.88|800
2019.10.29 17:30:00|980.98|982.42|979.58|982.3099999999999|982
2019.10.29 18:30:00|982.41|983.8|982.4|982.91|448
2019.10.29 19:30:00|982.91|983.25|982.09|982.42|416
2019.10.29 20:30:00|982.37|982.47|981.38|981.38|375
2019.10.29 21:30:00|981.48|981.58|980.53|980.58|334
2019.10.30 15:30:00|980.1|982.29|977.73|982.23|1128
2019.10.30 16:30:00|982.1799999999999|984.58|981.48|984.53|1094
2019.10.30 17:30:00|984.58|986.17|983.8|986.0700000000001|635
2019.10.30 18:30:00|986.12|986.37|985.17|985.6900000000001|327
2019.10.30 19:30:00|985.64|986.52|984.1799999999999|985.83|913
2019.10.30 20:30:00|985.88|987.14|984.74|986.92|1136
2019.10.30 21:30:00|986.97|987.6900000000001|986.4299999999999|987.2|385
2019.10.31 15:30:00|984.1799999999999|985.49|981.46|981.77|1545
2019.10.31 16:30:00|981.67|982.6799999999999|980.53|981.83|1145
2019.10.31 17:30:00|981.74|983.12|980.8|981.58|1000
2019.10.31 18:30:00|981.53|981.6900000000001|980.4|981.1799999999999|799
2019.10.31 19:30:00|981.23|981.84|980.9400000000001|981.26|522
2019.10.31 20:30:00|981.16|981.55|979.67|980.79|606
2019.10.31 21:30:00|980.89|984.79|980.84|984.29|575
2019.11.01 15:30:00|988.75|992.6|988.7|991.63|1332
2019.11.01 16:30:00|991.62|992|988.37|988.47|741
2019.11.01 17:30:00|988.5700000000001|989.64|987.53|987.77|634
2019.11.01 18:30:00|987.87|988.88|987.87|988.74|472
2019.11.01 19:30:00|988.6900000000001|989.28|988.0700000000001|989.17|486
2019.11.01 20:30:00|989.0700000000001|989.79|989|989.6|422
2019.11.01 21:30:00|989.65|992.08|989.55|991.48|362
2019.11.04 16:30:00|995.66|996.11|993.85|994.66|1146
2019.11.04 17:30:00|994.5599999999999|995.4299999999999|993.85|994.52|747
2019.11.04 18:30:00|994.62|995.9|994.42|995.62|610
2019.11.04 19:30:00|995.63|996.41|995.02|996.21|487
2019.11.04 20:30:00|996.26|996.26|995.4400000000001|996.1799999999999|379
2019.11.04 21:30:00|996.13|996.59|995.5700000000001|996|416
2019.11.04 22:30:00|996.05|996.29|995.1799999999999|995.7|354
2019.11.05 16:30:00|995.58|997.67|995.23|996.0599999999999|1237
2019.11.05 17:30:00|996.16|996.62|994.86|995.85|1048
2019.11.05 18:30:00|995.75|996.5599999999999|995.4299999999999|995.58|645
2019.11.05 19:30:00|995.53|996.88|995.16|995.97|386
2019.11.05 20:30:00|995.87|997.16|995.39|997.16|447
2019.11.05 21:30:00|997.0599999999999|997.51|996.71|997.11|430
2019.11.05 22:30:00|997.21|997.61|995.52|995.77|470
2019.11.06 16:30:00|996.85|1000.59|995.8|999.72|1298
2019.11.06 17:30:00|999.5700000000001|1000.51|999.21|999.66|782
2019.11.06 18:30:00|999.76|1001.57|998.74|999.63|1052
2019.11.06 19:30:00|999.73|999.88|998.6799999999999|998.9400000000001|635
2019.11.06 20:30:00|999.04|999.73|998.73|998.86|506
2019.11.06 21:30:00|998.96|999.55|998.26|999.45|400
2019.11.06 22:30:00|999.5|999.88|999.16|999.4400000000001|367
2019.11.07 16:30:00|1002.82|1005.1|1002.82|1004.06|1255
2019.11.07 17:30:00|1004.16|1004.96|1003.52|1004.5|914
2019.11.07 18:30:00|1004.6|1005.42|1003.93|1004.54|808
2019.11.07 19:30:00|1004.64|1005.38|1004.17|1005.09|533
2019.11.07 20:30:00|1005.04|1005.09|1004.44|1004.73|484
2019.11.07 21:30:00|1004.63|1004.73|1002.36|1002.95|895
2019.11.07 22:30:00|1002.9|1004|1002.82|1003.8|396
2019.11.08 16:30:00|1004.66|1006.92|1004.21|1006.44|1655
2019.11.08 17:30:00|1006.49|1007.44|1005.32|1005.38|911
2019.11.08 18:30:00|1005.33|1007.5|1005.23|1007.39|594
2019.11.08 19:30:00|1007.44|1008.19|1006.89|1007.57|432
2019.11.08 20:30:00|1007.52|1007.87|1007.25|1007.54|359
2019.11.08 21:30:00|1007.59|1008.24|1007.54|1007.74|378
2019.11.08 22:30:00|1007.79|1008.99|1007.74|1008.59|434
2019.11.11 16:30:00|1006.3|1009.15|1005.55|1008.83|911
2019.11.11 17:30:00|1008.93|1009.62|1008.39|1008.5|477
2019.11.11 18:30:00|1008.55|1009.82|1008.36|1009.39|340
2019.11.11 19:30:00|1009.34|1009.71|1008.93|1009.71|297
2019.11.11 20:30:00|1009.66|1010.11|1009.46|1009.63|243
2019.11.11 21:30:00|1009.68|1010.03|1009.14|1009.24|220
2019.11.11 22:30:00|1009.34|1010.21|1008.7|1010.11|271
2019.11.12 16:30:00|1010.82|1012.63|1010.52|1012.43|780
2019.11.12 17:30:00|1012.33|1012.33|1010.98|1011.4|578
2019.11.12 18:30:00|1011.5|1011.55|1009.88|1010.33|671
2019.11.12 19:30:00|1010.28|1011.23|1010.23|1010.85|541
2019.11.12 20:30:00|1010.9|1010.99|1009.69|1010.31|467
2019.11.12 21:30:00|1010.21|1010.7|1009.1|1010.08|625
2019.11.12 22:30:00|1010.13|1011.55|1010.03|1011.35|329
2019.11.13 16:30:00|1009.82|1013.44|1009.58|1013.13|972
2019.11.13 17:30:00|1013.23|1014.77|1012.95|1013.91|699
2019.11.13 18:30:00|1013.86|1015|1013.81|1014.64|559
2019.11.13 19:30:00|1014.59|1015.13|1014.53|1014.98|424
2019.11.13 20:30:00|1014.88|1015.95|1013.97|1014.99|847
2019.11.13 21:30:00|1014.89|1016.08|1014.79|1015.93|528
2019.11.13 22:30:00|1016.03|1016.13|1014.59|1015.34|358
2019.11.14 16:30:00|1013.35|1015.47|1013.35|1014.31|1016
2019.11.14 17:30:00|1014.21|1014.41|1012.5|1013.44|680
2019.11.14 18:30:00|1013.49|1013.59|1011.58|1012.39|730
2019.11.14 19:30:00|1012.44|1013.59|1012.38|1012.95|498
2019.11.14 20:30:00|1013.05|1013.99|1012.15|1013.79|517
2019.11.14 21:30:00|1013.69|1013.75|1012.68|1013.27|309
2019.11.14 22:30:00|1013.37|1014.37|1013.08|1013.78|257
2019.11.15 16:30:00|1014.72|1016.57|1014.17|1016.47|1042
2019.11.15 17:30:00|1016.42|1017.78|1016.16|1017.25|654
2019.11.15 18:30:00|1017.2|1018.04|1017.06|1017.33|520
2019.11.15 19:30:00|1017.38|1018.04|1017.28|1017.49|371
2019.11.15 20:30:00|1017.44|1017.94|1017.24|1017.53|296
2019.11.15 21:30:00|1017.58|1017.94|1017.08|1017.14|366
2019.11.15 22:30:00|1017.09|1018.31|1016.97|1017.41|291
2019.11.18 16:30:00|1016.65|1017.53|1015.5|1016.44|902
2019.11.18 17:30:00|1016.49|1017.66|1016.19|1017.25|701
2019.11.18 18:30:00|1017.3|1017.84|1016.73|1016.78|417
2019.11.18 19:30:00|1016.73|1017.07|1016.26|1016.82|306
2019.11.18 20:30:00|1016.77|1017.42|1016.72|1016.99|215
2019.11.18 21:30:00|1017.04|1017.4|1016.31|1016.41|248
2019.11.18 22:30:00|1016.46|1017.81|1016.46|1017.41|217
2019.11.19 16:30:00|1015.6|1016.83|1014.43|1016.38|645
2019.11.19 17:30:00|1016.33|1016.46|1013.38|1014.4|897
2019.11.19 18:30:00|1014.35|1016.13|1014.35|1014.98|814
2019.11.19 19:30:00|1015.08|1017.57|1014.17|1017.15|457
2019.11.19 20:30:00|1017.25|1018.52|1017.2|1018.22|451
2019.11.19 21:30:00|1018.12|1018.12|1016.67|1016.67|428
2019.11.19 22:30:00|1016.72|1017.34|1016.55|1016.94|373
2019.11.20 16:30:00|1015.3|1017.09|1014.6|1016.94|1150
2019.11.20 17:30:00|1017.04|1018.53|1016.87|1017.99|877
2019.11.20 18:30:00|1018.04|1018.39|1017.38|1017.43|698
2019.11.20 19:30:00|1017.48|1017.57|1013.01|1013.41|1170
2019.11.20 20:30:00|1013.51|1014.99|1012.93|1014.76|1126
2019.11.20 21:30:00|1014.71|1015.84|1014.68|1015.45|632
2019.11.20 22:30:00|1015.35|1016.39|1015.25|1016.09|401
2019.11.21 16:30:00|1015.38|1015.53|1012.5|1012.82|1457
2019.11.21 17:30:00|1012.77|1014.16|1011.94|1013.68|1098
2019.11.21 18:30:00|1013.58|1013.65|1012.07|1013.23|605
2019.11.21 19:30:00|1013.33|1014.52|1013.23|1014.25|422
2019.11.21 20:30:00|1014.2|1014.51|1013.71|1014.39|398
2019.11.21 21:30:00|1014.49|1015.3|1014.48|1014.97|358
2019.11.21 22:30:00|1015.07|1016.04|1014.68|1015.74|400
2019.11.22 16:30:00|1016.39|1016.44|1012.95|1013.05|1020
2019.11.22 17:30:00|1012.95|1013.95|1011.4|1012.09|832
2019.11.22 18:30:00|1012.19|1012.89|1012.08|1012.31|457
2019.11.22 19:30:00|1012.36|1013.06|1012.36|1012.62|275
2019.11.22 20:30:00|1012.47|1013.37|1012.47|1013.18|236
2019.11.22 21:30:00|1013.23|1013.55|1012.84|1013.37|301
2019.11.22 22:30:00|1013.27|1013.66|1012.18|1013.56|283
2019.11.25 16:30:00|1014.46|1017.26|1014.46|1017.16|903
2019.11.25 17:30:00|1017.26|1018|1017.05|1017.72|513
2019.11.25 18:30:00|1017.82|1018.43|1017.13|1017.54|341
2019.11.25 19:30:00|1017.59|1017.88|1017.28|1017.59|215
2019.11.25 20:30:00|1017.49|1018.13|1017.49|1017.63|336
2019.11.25 21:30:00|1017.58|1017.63|1016.9|1017.5|333
2019.11.25 22:30:00|1017.55|1017.85|1017.01|1017.51|291
2019.11.26 16:30:00|1015.69|1016.08|1013.63|1015.13|1075
2019.11.26 17:30:00|1015.18|1015.68|1014.09|1014.19|779
2019.11.26 18:30:00|1014.29|1015.06|1013.53|1015.03|606
2019.11.26 19:30:00|1015.08|1015.13|1013.86|1014.02|438
2019.11.26 20:30:00|1013.97|1015.67|1013.38|1015.66|375
2019.11.26 21:30:00|1015.76|1016.07|1015.18|1015.67|279
2019.11.26 22:30:00|1015.57|1018.31|1015.57|1017.59|368
2019.11.27 16:30:00|1017.48|1018.32|1016.29|1018.04|1078
2019.11.27 17:30:00|1017.99|1019.08|1017.94|1018.88|614
2019.11.27 18:30:00|1018.83|1020.19|1018.7|1019.63|420
2019.11.27 19:30:00|1019.57|1019.94|1019.03|1019.94|369
2019.11.27 20:30:00|1019.95|1021.02|1019.81|1020.72|368
2019.11.27 21:30:00|1020.67|1021.46|1020.52|1021.41|381
2019.11.27 22:30:00|1021.35|1021.41|1020.42|1020.77|292
2019.11.28 16:30:00|1020.34|1021.17|1019.95|1020.96|427
2019.11.28 17:30:00|1021.06|1022.02|1020.85|1022.02|336
2019.11.28 18:30:00|1021.97|1022.58|1021.92|1022.42|223
2019.11.28 19:30:00|1022.37|1022.58|1021.82|1021.94|172
2019.11.28 20:30:00|1021.9|1022.05|1021.57|1021.72|151
2019.11.28 21:30:00|1021.62|1021.75|1021.32|1021.7|152
2019.11.28 22:30:00|1021.6|1022.11|1021.51|1021.81|138
2019.11.29 16:30:00|1021.43|1022.48|1019.45|1021.32|1041
2019.11.29 17:30:00|1021.37|1021.37|1019.28|1019.7|540
2019.11.29 18:30:00|1019.6|1020.45|1019.49|1020.08|483
2019.11.29 19:30:00|1020.18|1020.38|1018.49|1019.92|483
2019.11.29 20:30:00|1019.93|1020.43|1019.86|1020.09|190
2019.11.29 21:30:00|1020.03|1020.08|1019.53|1019.53|175
2019.11.29 22:30:00|1019.63|1019.74|1017.31|1017.75|404
2019.12.02 16:30:00|1017.74|1018.69|1013|1013.59|1290
2019.12.02 17:30:00|1013.69|1014.73|1009.61|1010.61|1493
2019.12.02 18:30:00|1010.66|1013.59|1010.11|1012.77|764
2019.12.02 19:30:00|1012.82|1014.05|1012.33|1013.8|728
2019.12.02 20:30:00|1013.85|1014.12|1013.26|1013.9|583
2019.12.02 21:30:00|1013.85|1014.17|1012.9|1013.07|517
2019.12.02 22:30:00|1013.02|1014.09|1012.91|1013.09|437
2019.12.03 16:30:00|1006.85|1008.7|1005.06|1006.58|1851
2019.12.03 17:30:00|1006.63|1007.49|1004.74|1005.8|1247
2019.12.03 18:30:00|1005.9|1006.93|1005.43|1006.4|672
2019.12.03 19:30:00|1006.35|1007.79|1006.25|1007.62|494
2019.12.03 20:30:00|1007.72|1008.12|1005.87|1006.16|444
2019.12.03 21:30:00|1006.11|1008.35|1005.77|1008.31|459
2019.12.03 22:30:00|1008.21|1008.31|1007.24|1007.49|332
2019.12.04 16:30:00|1008.04|1011.71|1007.89|1009.16|1212
2019.12.04 17:30:00|1009.26|1010.78|1008.28|1008.43|728
2019.12.04 18:30:00|1008.53|1008.95|1007.13|1007.73|486
2019.12.04 19:30:00|1007.78|1007.94|1006.94|1007.84|438
2019.12.04 20:30:00|1007.85|1008.57|1007.49|1008.47|349
2019.12.04 21:30:00|1008.52|1008.62|1007.46|1007.66|323
2019.12.04 22:30:00|1007.76|1007.88|1006.46|1006.76|293
2019.12.05 16:30:00|1005.25|1005.3|1000.75|1001.95|1373
2019.12.05 17:30:00|1002.05|1003.68|1001.59|1002.96|800
2019.12.05 18:30:00|1002.91|1003.11|1000.73|1000.92|428
2019.12.05 19:30:00|1001.02|1002.44|1000.63|1002|372
2019.12.05 20:30:00|1001.95|1002.4|1001.56|1002.34|340
2019.12.05 21:30:00|1002.29|1002.75|1000.74|1002.7|487
2019.12.05 22:30:00|1002.75|1003.59|1002.14|1002.44|271
2019.12.06 16:30:00|1010.05|1013.6|1009.6|1013.16|1295
2019.12.06 17:30:00|1013.26|1014.58|1013.16|1013.8|489
2019.12.06 18:30:00|1013.75|1014.33|1012.75|1013.69|344
2019.12.06 19:30:00|1013.59|1014.68|1013.54|1013.59|267
2019.12.06 20:30:00|1013.54|1013.7|1012.75|1013.09|249
2019.12.06 21:30:00|1012.99|1013.26|1012.7|1012.77|200
2019.12.06 22:30:00|1012.87|1013.88|1012.68|1013.69|292
2019.12.09 16:30:00|1012.27|1013.76|1011.42|1012.61|790
2019.12.09 17:30:00|1012.51|1013.01|1009.67|1010.33|604
2019.12.09 18:30:00|1010.37|1010.56|1008.89|1009.11|493
2019.12.09 19:30:00|1009.16|1009.84|1009.06|1009.51|355
2019.12.09 20:30:00|1009.56|1010.95|1009.26|1009.64|487
2019.12.09 21:30:00|1009.74|1010.57|1009.74|1009.93|331
2019.12.09 22:30:00|1009.88|1010.11|1008.46|1008.61|300
2019.12.10 16:30:00|1008.33|1010.29|1006.23|1010.19|1251
2019.12.10 17:30:00|1010.29|1010.51|1008.82|1009.25|942
2019.12.10 18:30:00|1009.34|1009.99|1009.04|1009.42|785
2019.12.10 19:30:00|1009.37|1010.12|1009.16|1009.76|456
2019.12.10 20:30:00|1009.71|1010.78|1009.55|1010.07|309
2019.12.10 21:30:00|1010.02|1010.77|1009.13|1009.29|389
2019.12.10 22:30:00|1009.34|1010.57|1008.14|1010.47|549
2019.12.11 16:30:00|1011.47|1013.15|1010.72|1012.39|924
2019.12.11 17:30:00|1012.29|1013.1|1010.48|1010.57|635
2019.12.11 18:30:00|1010.47|1010.67|1008.74|1009.29|416
2019.12.11 19:30:00|1009.29|1009.58|1008.08|1008.13|236
2019.12.11 20:30:00|1008.23|1008.95|1007.63|1008.66|407
2019.12.11 21:30:00|1008.61|1009.26|1008.17|1008.74|626
2019.12.11 22:30:00|1008.84|1010|1008.35|1009.82|331
2019.12.12 16:30:00|1010.1|1015.86|1009.7|1015.1|1886
2019.12.12 17:30:00|1015.15|1015.19|1013.18|1013.19|766
2019.12.12 18:30:00|1013.14|1013.51|1010.75|1011.2|987
2019.12.12 19:30:00|1011.1|1012.28|1011.1|1011.51|554
2019.12.12 20:30:00|1011.56|1011.66|1010.65|1010.99|564
2019.12.12 21:30:00|1011.04|1013.51|1010.94|1012.92|928
2019.12.12 22:30:00|1012.87|1012.92|1009.03|1010.53|616
2019.12.13 16:30:00|1009.24|1013.3|1008.79|1011.79|2278
2019.12.13 17:30:00|1011.74|1011.82|1010.29|1010.76|1566
2019.12.13 18:30:00|1010.71|1014.4|1010.66|1014.07|907
2019.12.13 19:30:00|1014.12|1015.29|1014.07|1015.14|527
2019.12.13 20:30:00|1015.19|1016.09|1015.01|1015.3|456
2019.12.13 21:30:00|1015.29|1015.56|1014|1014.1|381
2019.12.13 22:30:00|1014|1014.72|1012.7|1014.33|408
2019.12.16 16:30:00|1016.61|1018.16|1014.93|1018.05|806
2019.12.16 17:30:00|1018.15|1018.37|1017.18|1018.15|404
2019.12.16 18:30:00|1018.05|1018.4|1017.66|1017.86|344
2019.12.16 19:30:00|1017.86|1018.09|1017.42|1017.99|138
2019.12.16 20:30:00|1017.93|1018.52|1017.77|1018.29|193
2019.12.16 21:30:00|1018.34|1018.67|1017.86|1017.86|239
2019.12.16 22:30:00|1017.91|1018.07|1015.6|1016.15|354
2019.12.17 16:30:00|1014.48|1016.25|1013.64|1015.71|580
2019.12.17 17:30:00|1015.61|1015.98|1014.34|1015.83|438
2019.12.17 18:30:00|1015.88|1016.73|1015.19|1016.53|315
2019.12.17 19:30:00|1016.48|1017.02|1016.14|1016.92|273
2019.12.17 20:30:00|1016.87|1017.82|1016.68|1017.38|366
2019.12.17 21:30:00|1017.43|1017.63|1016.4|1017.39|245
2019.12.17 22:30:00|1017.29|1017.76|1016.2|1016.3|295
2019.12.18 16:30:00|1014.59|1015.15|1013.12|1013.22|822
2019.12.18 17:30:00|1013.32|1014.87|1012.79|1013.29|389
2019.12.18 18:30:00|1013.39|1013.49|1011.91|1012.67|268
2019.12.18 19:30:00|1012.57|1013.6|1012.37|1012.86|214
2019.12.18 20:30:00|1012.71|1013.56|1012.67|1013.35|317
2019.12.18 21:30:00|1013.2|1013.9|1013.2|1013.46|262
2019.12.18 22:30:00|1013.51|1014.29|1013.15|1013.59|250
2019.12.19 16:30:00|1013.92|1014.87|1013.06|1013.83|725
2019.12.19 17:30:00|1013.73|1016.89|1013.52|1016.83|490
2019.12.19 18:30:00|1016.88|1016.92|1015.88|1015.93|388
2019.12.19 19:30:00|1015.88|1016.41|1015.12|1016.41|224
2019.12.19 20:30:00|1016.46|1016.79|1016.2|1016.37|308
2019.12.19 21:30:00|1016.47|1016.5|1015.57|1015.9|275
2019.12.19 22:30:00|1016|1016.11|1015.31|1015.81|294
2019.12.20 16:30:00|1021.21|1021.66|1019.49|1021.19|1144
2019.12.20 17:30:00|1021.14|1022.13|1020.88|1021.84|482
2019.12.20 18:30:00|1021.94|1022.43|1021.02|1021.38|230
2019.12.20 19:30:00|1021.23|1021.38|1020.5|1020.94|269
2019.12.20 20:30:00|1020.99|1020.99|1019.28|1019.33|224
2019.12.20 21:30:00|1019.18|1019.72|1018.79|1019.25|259
2019.12.20 22:30:00|1019.15|1019.5|1017.41|1019.41|383
2019.12.23 16:30:00|1022.11|1022.36|1019.26|1019.6|806
2019.12.23 17:30:00|1019.5|1020.22|1018.92|1019.68|346
2019.12.23 18:30:00|1019.78|1019.78|1017.2|1017.2|310
2019.12.23 19:30:00|1017.25|1019.16|1017.01|1018.96|262
2019.12.23 20:30:00|1018.86|1018.96|1018.01|1018.56|190
2019.12.23 21:30:00|1018.61|1018.94|1018.29|1018.44|201
2019.12.23 22:30:00|1018.39|1018.65|1017.77|1018.37|215
2019.12.24 16:30:00|1017.84|1018.56|1015.6|1018.55|710
2019.12.24 17:30:00|1018.46|1018.65|1017.65|1018.32|331
2019.12.24 18:30:00|1018.42|1019.71|1018.22|1019.42|264
2019.12.24 19:30:00|1019.32|1021.89|1019.32|1021.1|308
2019.12.27 16:30:00|1023.91|1024.26|1019.55|1021.08|958
2019.12.27 17:30:00|1021.07|1021.45|1019.52|1020.73|514
2019.12.27 18:30:00|1020.78|1020.84|1019.55|1020.05|346
2019.12.27 19:30:00|1019.9|1020.17|1019.07|1019.07|260
2019.12.27 20:30:00|1019.12|1019.28|1018.48|1018.89|231
2019.12.27 21:30:00|1018.79|1019.67|1018.79|1019.58|239
2019.12.27 22:30:00|1019.53|1020.65|1018.77|1019.95|324
2019.12.30 16:30:00|1018.4|1018.55|1013.04|1013.55|1345
2019.12.30 17:30:00|1013.6|1015.68|1013.45|1014.94|934
2019.12.30 18:30:00|1014.89|1017.37|1014.21|1017.22|555
2019.12.30 19:30:00|1017.17|1017.27|1016.09|1016.09|341
2019.12.30 20:30:00|1016.19|1017.08|1015.62|1015.77|371
2019.12.30 21:30:00|1015.72|1015.96|1014.74|1015.81|364
2019.12.30 22:30:00|1015.86|1016.31|1014.73|1015.72|338
2019.12.31 16:30:00|1011.56|1013.76|1011.26|1011.68|1082
2019.12.31 17:30:00|1011.58|1011.68|1010.2|1011.18|734
2019.12.31 18:30:00|1011.23|1012.15|1010.63|1011.7|498
