2020.03.20 11:00:00|13.98|14.6|13.89|14.41|435
2020.03.20 12:00:00|14.41|14.71|14.3|14.7|825
2020.03.20 13:00:00|14.69|14.69|14.26|14.32|433
2020.03.20 14:00:00|14.33|14.36|14.14|14.22|455
2020.03.20 15:00:00|14.16|14.46|14.13|14.44|548
2020.03.20 16:00:00|14.43|14.51|14.21|14.24|886
2020.03.20 17:00:00|14.23|14.25|13.84|14.02|1048
2020.03.20 18:00:00|14.01|14.06|13.88|13.94|540
2020.03.23 10:00:00|13.49|13.56|13.04|13.34|866
2020.03.23 11:00:00|13.35|13.57|13.11|13.32|1153
2020.03.23 12:00:00|13.21|13.73|13.21|13.7|878
2020.03.23 13:00:00|13.71|14.1|13.69|13.77|584
2020.03.23 14:00:00|13.78|14.21|13.77|13.96|727
2020.03.23 15:00:00|13.95|14.08|13.56|13.83|713
2020.03.23 16:00:00|13.83|13.92|13.67|13.67|880
2020.03.23 17:00:00|13.67|13.91|13.59|13.62|1079
2020.03.23 18:00:00|13.69|13.75|13.53|13.53|895
2020.03.24 10:00:00|13.82|14.12|13.7|13.91|771
2020.03.24 11:00:00|13.91|14|13.7|13.92|766
2020.03.24 12:00:00|13.92|14.12|13.81|14.12|865
2020.03.24 13:00:00|14.12|14.12|13.97|14.02|795
2020.03.24 14:00:00|14.02|14.02|13.71|13.75|817
2020.03.24 15:00:00|13.75|13.79|13.47|13.56|941
2020.03.24 16:00:00|13.57|13.93|13.56|13.84|718
2020.03.24 17:00:00|13.83|14.02|13.72|13.89|1043
2020.03.24 18:00:00|13.9|14.02|13.85|13.98|492
2020.03.25 10:00:00|14.25|14.41|13.86|14.22|790
2020.03.25 11:00:00|14.22|14.3|13.87|13.89|529
2020.03.25 12:00:00|13.91|13.93|13.63|13.76|481
2020.03.25 13:00:00|13.78|14.02|13.76|13.88|641
2020.03.25 14:00:00|13.85|13.95|13.67|13.79|499
2020.03.25 15:00:00|13.8|13.99|13.67|13.88|436
2020.03.25 16:00:00|13.9|14.06|13.79|13.91|644
2020.03.25 17:00:00|13.88|14.02|13.71|13.74|698
2020.03.25 18:00:00|13.75|14.01|13.7|13.96|455
2020.03.26 10:00:00|13.66|14.12|13.65|14|421
2020.03.26 11:00:00|14.01|14.11|13.78|13.82|360
2020.03.26 12:00:00|13.83|13.83|13.69|13.73|485
2020.03.26 13:00:00|13.74|13.97|13.61|13.86|633
2020.03.26 14:00:00|13.86|14.11|13.79|14.06|781
2020.03.26 15:00:00|14.05|14.33|14.04|14.26|623
2020.03.26 16:00:00|14.25|14.28|14.04|14.1|765
2020.03.26 17:00:00|14.14|14.4|14.1|14.38|738
2020.03.26 18:00:00|14.39|14.48|14.27|14.43|286
2020.03.27 10:00:00|14.19|14.43|14.03|14.1|668
2020.03.27 11:00:00|14.11|14.52|14.11|14.52|532
2020.03.27 12:00:00|14.53|14.62|14.41|14.46|390
2020.03.27 13:00:00|14.47|14.65|14.29|14.3|408
2020.03.27 14:00:00|14.3|14.46|14.2|14.33|415
2020.03.27 15:00:00|14.34|14.46|14.23|14.3|485
2020.03.27 16:00:00|14.3|14.38|14.09|14.12|595
2020.03.27 17:00:00|14.11|14.28|14.09|14.24|744
2020.03.27 18:00:00|14.25|14.26|14.14|14.22|299
2020.03.30 10:00:00|14.06|14.18|13.82|13.88|334
2020.03.30 11:00:00|13.88|14.13|13.88|14.09|330
2020.03.30 12:00:00|14.09|14.19|14.02|14.12|341
2020.03.30 13:00:00|14.13|14.33|14.13|14.23|247
2020.03.30 14:00:00|14.23|14.27|14.15|14.22|305
2020.03.30 15:00:00|14.23|14.43|14.22|14.37|240
2020.03.30 16:00:00|14.39|14.41|14.17|14.21|398
2020.03.30 17:00:00|14.22|14.25|13.97|14.12|603
2020.03.30 18:00:00|14.12|14.15|14.05|14.12|305
2020.03.31 10:00:00|14.22|14.55|14.2|14.43|479
2020.03.31 11:00:00|14.45|14.52|14.33|14.42|585
2020.03.31 12:00:00|14.42|14.51|14.36|14.4|328
2020.03.31 13:00:00|14.39|14.45|14.26|14.3|641
2020.03.31 14:00:00|14.3|14.4|14.25|14.3|586
2020.03.31 15:00:00|14.31|14.33|14.23|14.29|395
2020.03.31 16:00:00|14.29|14.35|14.25|14.28|379
2020.03.31 17:00:00|14.28|14.3|14.21|14.24|358
2020.03.31 18:00:00|14.23|14.3|14.17|14.28|211
2020.04.01 10:00:00|14.09|14.19|13.91|14.14|676
2020.04.01 11:00:00|14.13|14.34|14.03|14.29|538
2020.04.01 12:00:00|14.29|14.32|14.23|14.25|247
2020.04.01 13:00:00|14.26|14.3|14.11|14.11|256
2020.04.01 14:00:00|14.12|14.16|14.01|14.14|338
2020.04.01 15:00:00|14.15|14.33|14.11|14.22|453
2020.04.01 16:00:00|14.22|14.31|14.19|14.31|403
2020.04.01 17:00:00|14.31|14.36|14.19|14.23|441
2020.04.01 18:00:00|14.23|14.4|14.06|14.12|247
2020.04.02 10:00:00|14.41|14.46|14.03|14.17|880
2020.04.02 11:00:00|14.17|14.21|14.07|14.16|379
2020.04.02 12:00:00|14.16|14.18|14.08|14.11|260
2020.04.02 13:00:00|14.11|14.12|14.06|14.09|314
2020.04.02 14:00:00|14.09|14.09|13.97|14.05|254
2020.04.02 15:00:00|14.05|14.07|13.86|13.88|514
2020.04.02 16:00:00|13.9|14.06|13.76|13.99|588
2020.04.02 17:00:00|13.97|14.24|13.92|14.17|837
2020.04.02 18:00:00|14.17|14.26|13.94|13.99|503
2020.04.03 10:00:00|14.27|14.41|14.12|14.31|899
2020.04.03 11:00:00|14.32|14.4|14.27|14.38|417
2020.04.03 12:00:00|14.39|14.49|14.34|14.49|395
2020.04.03 13:00:00|14.49|14.51|14.43|14.46|275
2020.04.03 14:00:00|14.45|14.62|14.45|14.59|364
2020.04.03 15:00:00|14.6|14.73|14.51|14.73|327
2020.04.03 16:00:00|14.73|14.92|14.64|14.87|494
2020.04.03 17:00:00|14.88|14.96|14.76|14.9|463
2020.04.03 18:00:00|14.91|15.04|14.91|14.96|159
2020.04.06 10:00:00|15.21|15.43|15.06|15.33|722
2020.04.06 11:00:00|15.33|15.42|15.2|15.41|577
2020.04.06 12:00:00|15.4|15.42|15.27|15.38|401
2020.04.06 13:00:00|15.38|15.39|15.32|15.33|298
2020.04.06 14:00:00|15.33|15.44|15.29|15.41|227
2020.04.06 15:00:00|15.41|15.42|15.36|15.42|183
2020.04.06 16:00:00|15.41|15.41|15.06|15.1|525
2020.04.06 17:00:00|15.11|15.12|14.94|15.02|691
2020.04.06 18:00:00|15.02|15.14|14.96|15.13|385
2020.04.07 10:00:00|15.35|15.42|14.81|14.85|865
2020.04.07 11:00:00|14.85|14.9|14.7|14.73|810
2020.04.07 12:00:00|14.72|14.84|14.72|14.81|400
2020.04.07 13:00:00|14.8|14.82|14.7|14.73|387
2020.04.07 14:00:00|14.72|14.76|14.63|14.75|359
2020.04.07 15:00:00|14.75|14.81|14.73|14.76|339
2020.04.07 16:00:00|14.74|14.84|14.67|14.72|498
2020.04.07 17:00:00|14.69|14.73|14.47|14.52|860
2020.04.07 18:00:00|14.53|14.69|14.47|14.63|409
2020.04.08 10:00:00|14.7|14.76|14.52|14.61|417
2020.04.08 11:00:00|14.62|14.62|14.49|14.55|332
2020.04.08 12:00:00|14.54|14.55|14.31|14.35|345
2020.04.08 13:00:00|14.33|14.4|14.28|14.36|294
2020.04.08 14:00:00|14.37|14.51|14.36|14.48|220
2020.04.08 15:00:00|14.48|14.63|14.43|14.63|188
2020.04.08 16:00:00|14.64|14.76|14.5|14.53|373
2020.04.08 17:00:00|14.53|14.76|14.53|14.72|397
2020.04.08 18:00:00|14.72|14.72|14.56|14.63|287
2020.04.09 10:00:00|14.62|14.76|14.56|14.71|518
2020.04.09 11:00:00|14.72|14.73|14.61|14.66|419
2020.04.09 12:00:00|14.66|14.71|14.46|14.53|345
2020.04.09 13:00:00|14.52|14.55|14.4|14.48|271
2020.04.09 14:00:00|14.48|14.49|14.41|14.46|413
2020.04.09 15:00:00|14.45|14.48|14.26|14.45|521
2020.04.09 16:00:00|14.46|14.49|14.38|14.38|525
2020.04.09 17:00:00|14.38|14.38|14.15|14.2|724
2020.04.09 18:00:00|14.21|14.31|14.08|14.13|403
2020.04.14 10:00:00|14.4|14.54|14.29|14.43|468
2020.04.14 11:00:00|14.43|14.48|14.27|14.41|355
2020.04.14 12:00:00|14.42|14.46|14.36|14.44|290
2020.04.14 13:00:00|14.44|14.49|14.36|14.49|297
2020.04.14 14:00:00|14.48|14.55|14.46|14.55|114
2020.04.14 15:00:00|14.55|14.6|14.44|14.47|435
2020.04.14 16:00:00|14.47|14.55|14.45|14.47|422
2020.04.14 17:00:00|14.47|14.48|14.37|14.37|369
2020.04.14 18:00:00|14.37|14.39|14.17|14.24|288
2020.04.15 10:00:00|14.26|14.54|14.18|14.44|577
2020.04.15 11:00:00|14.47|14.5|14.16|14.19|388
2020.04.15 12:00:00|14.17|14.23|14.14|14.14|300
2020.04.15 13:00:00|14.15|14.2|14.11|14.13|220
2020.04.15 14:00:00|14.14|14.17|14.12|14.14|122
2020.04.15 15:00:00|14.13|14.15|14.07|14.08|129
2020.04.15 16:00:00|14.07|14.1|14.02|14.03|171
2020.04.15 17:00:00|14.03|14.27|14.01|14.26|301
2020.04.15 18:00:00|14.25|14.27|14.08|14.19|168
2020.04.16 10:00:00|14.14|14.2|13.76|13.86|554
2020.04.16 11:00:00|13.87|13.95|13.86|13.87|413
2020.04.16 12:00:00|13.88|13.92|13.84|13.88|326
2020.04.16 13:00:00|13.88|13.94|13.87|13.89|241
2020.04.16 14:00:00|13.9|13.95|13.87|13.92|245
2020.04.16 15:00:00|13.92|13.99|13.88|13.98|125
2020.04.16 16:00:00|13.98|14.03|13.88|13.91|273
2020.04.16 17:00:00|13.91|13.94|13.84|13.92|319
2020.04.16 18:00:00|13.92|13.95|13.87|13.91|101
2020.04.17 10:00:00|13.81|13.95|13.72|13.84|400
2020.04.17 11:00:00|13.85|13.89|13.8|13.85|250
2020.04.17 12:00:00|13.84|13.97|13.84|13.86|326
2020.04.17 13:00:00|13.87|13.9|13.84|13.89|182
2020.04.17 14:00:00|13.9|13.94|13.86|13.87|175
2020.04.17 15:00:00|13.86|13.95|13.86|13.86|186
2020.04.17 16:00:00|13.86|13.91|13.84|13.87|222
2020.04.17 17:00:00|13.86|13.94|13.84|13.88|258
2020.04.17 18:00:00|13.89|13.91|13.84|13.85|163
2020.04.20 10:00:00|13.87|13.96|13.83|13.93|297
2020.04.20 11:00:00|13.94|13.94|13.88|13.91|202
2020.04.20 12:00:00|13.91|13.98|13.9|13.96|197
2020.04.20 13:00:00|13.95|14.05|13.93|13.97|182
2020.04.20 14:00:00|13.97|13.99|13.94|13.95|143
2020.04.20 15:00:00|13.96|14|13.92|13.95|162
2020.04.20 16:00:00|13.96|14.05|13.94|14.03|233
2020.04.20 17:00:00|14.04|14.06|13.98|14.02|268
2020.04.20 18:00:00|14.02|14.06|14|14|72
2020.04.21 10:00:00|13.76|13.86|13.66|13.72|381
2020.04.21 11:00:00|13.72|13.85|13.7|13.82|381
2020.04.21 12:00:00|13.83|13.87|13.72|13.76|274
2020.04.21 13:00:00|13.77|13.81|13.74|13.78|242
2020.04.21 14:00:00|13.78|13.85|13.77|13.85|118
2020.04.21 15:00:00|13.84|13.89|13.82|13.85|133
2020.04.21 16:00:00|13.86|13.88|13.76|13.83|208
2020.04.21 17:00:00|13.84|13.9|13.78|13.8|230
2020.04.21 18:00:00|13.8|13.8|13.66|13.66|119
2020.04.22 10:00:00|13.49|13.57|13.24|13.48|767
2020.04.22 11:00:00|13.46|13.95|13.46|13.86|647
2020.04.22 12:00:00|13.87|13.87|13.66|13.66|350
2020.04.22 13:00:00|13.65|13.71|13.62|13.7|316
2020.04.22 14:00:00|13.7|13.76|13.61|13.64|161
2020.04.22 15:00:00|13.65|13.75|13.6|13.72|217
2020.04.22 16:00:00|13.71|13.72|13.61|13.68|353
2020.04.22 17:00:00|13.69|13.74|13.64|13.67|293
2020.04.22 18:00:00|13.66|13.67|13.6|13.6|136
2020.04.23 10:00:00|13.68|13.71|13.46|13.49|378
2020.04.23 11:00:00|13.5|13.7|13.48|13.67|268
2020.04.23 12:00:00|13.68|13.74|13.67|13.69|168
2020.04.23 13:00:00|13.68|13.74|13.54|13.56|323
2020.04.23 14:00:00|13.57|13.69|13.49|13.51|271
2020.04.23 15:00:00|13.51|13.52|13.32|13.39|370
2020.04.23 16:00:00|13.39|13.56|13.38|13.55|371
2020.04.23 17:00:00|13.55|13.55|13.37|13.41|449
2020.04.23 18:00:00|13.4|13.47|13.38|13.4|225
2020.04.24 10:00:00|13.33|13.47|13.3|13.32|404
2020.04.24 11:00:00|13.32|13.32|13.21|13.21|177
2020.04.24 12:00:00|13.22|13.32|13.21|13.29|161
2020.04.24 13:00:00|13.28|13.36|13.27|13.36|146
2020.04.24 14:00:00|13.36|13.39|13.27|13.33|135
2020.04.24 15:00:00|13.34|13.39|13.25|13.33|197
2020.04.24 16:00:00|13.33|13.34|13.25|13.3|169
2020.04.24 17:00:00|13.3|13.33|13.27|13.28|117
2020.04.24 18:00:00|13.27|13.35|13.26|13.31|63
2020.04.27 10:00:00|13.37|13.5|13.22|13.24|395
2020.04.27 11:00:00|13.23|13.24|13.09|13.09|318
2020.04.27 12:00:00|13.1|13.11|13.09|13.09|126
2020.04.27 13:00:00|13.09|13.1|13.06|13.09|114
2020.04.27 14:00:00|13.1|13.1|13.08|13.08|56
2020.04.27 15:00:00|13.09|13.21|13.08|13.13|117
2020.04.27 16:00:00|13.12|13.13|13.06|13.07|49
2020.04.27 17:00:00|13.06|13.11|13.02|13.11|117
2020.04.27 18:00:00|13.12|13.18|13.09|13.16|161
2020.04.28 10:00:00|13.18|13.29|13.13|13.25|466
2020.04.28 11:00:00|13.26|13.28|13.15|13.16|240
2020.04.28 12:00:00|13.16|13.29|13.15|13.27|235
2020.04.28 13:00:00|13.26|13.3|13.24|13.27|138
2020.04.28 14:00:00|13.28|13.33|13.26|13.33|136
2020.04.28 15:00:00|13.33|13.42|13.32|13.36|201
2020.04.28 16:00:00|13.37|13.49|13.36|13.36|249
2020.04.28 17:00:00|13.36|13.39|13.29|13.31|295
2020.04.28 18:00:00|13.32|13.36|13.31|13.35|121
2020.04.29 10:00:00|13.83|13.89|13.6|13.74|938
2020.04.29 11:00:00|13.75|13.79|13.67|13.75|368
2020.04.29 12:00:00|13.76|14|13.73|13.97|261
2020.04.29 13:00:00|13.98|14.01|13.87|13.88|330
2020.04.29 14:00:00|13.89|13.94|13.79|13.89|227
2020.04.29 15:00:00|13.9|14.03|13.82|14|360
2020.04.29 16:00:00|14|14.05|13.84|13.87|407
2020.04.29 17:00:00|13.88|13.97|13.84|13.85|321
2020.04.29 18:00:00|13.85|13.88|13.83|13.84|225
2020.04.30 10:00:00|13.68|13.88|13.63|13.72|505
2020.04.30 11:00:00|13.72|13.79|13.71|13.77|233
2020.04.30 12:00:00|13.78|13.82|13.71|13.76|174
2020.04.30 13:00:00|13.77|13.8|13.69|13.7|145
2020.04.30 14:00:00|13.7|13.72|13.53|13.53|313
2020.04.30 15:00:00|13.53|13.61|13.5|13.54|281
2020.04.30 16:00:00|13.55|13.63|13.52|13.53|387
2020.04.30 17:00:00|13.53|13.53|13.3|13.44|343
2020.04.30 18:00:00|13.45|13.51|13.39|13.39|190
2020.05.04 10:00:00|13.26|13.35|13.19|13.31|510
2020.05.04 11:00:00|13.32|13.35|13.3|13.34|201
2020.05.04 12:00:00|13.33|13.39|13.31|13.39|145
2020.05.04 13:00:00|13.39|13.43|13.36|13.37|151
2020.05.04 14:00:00|13.36|13.4|13.35|13.39|112
2020.05.04 15:00:00|13.39|13.42|13.35|13.37|53
2020.05.04 16:00:00|13.36|13.42|13.32|13.32|106
2020.05.04 17:00:00|13.33|13.35|13.28|13.28|174
2020.05.04 18:00:00|13.27|13.27|13.16|13.16|71
2020.05.05 10:00:00|13.2|13.36|13.17|13.32|406
2020.05.05 11:00:00|13.32|13.32|13.21|13.25|368
2020.05.05 12:00:00|13.24|13.29|13.22|13.27|260
2020.05.05 13:00:00|13.27|13.28|13.24|13.27|133
2020.05.05 14:00:00|13.27|13.3|13.22|13.29|110
2020.05.05 15:00:00|13.28|13.3|13.24|13.3|90
2020.05.05 16:00:00|13.3|13.35|13.26|13.31|167
2020.05.05 17:00:00|13.31|13.34|13.22|13.23|136
2020.05.05 18:00:00|13.22|13.23|13.21|13.22|67
2020.05.06 10:00:00|13.16|13.22|13.01|13.01|349
2020.05.06 11:00:00|13.01|13.06|12.98|13.01|184
2020.05.06 12:00:00|13.01|13.04|12.92|12.92|143
2020.05.06 13:00:00|12.92|12.97|12.9|12.97|129
2020.05.06 14:00:00|12.98|13|12.96|12.98|81
2020.05.06 15:00:00|12.99|13.03|12.97|12.97|169
2020.05.06 16:00:00|12.96|13.03|12.93|12.99|158
2020.05.06 17:00:00|12.98|13.04|12.93|13.01|277
2020.05.06 18:00:00|13|13.01|12.93|12.93|94
2020.05.07 10:00:00|12.95|13.14|12.92|13.14|345
2020.05.07 11:00:00|13.15|13.24|13.14|13.24|185
2020.05.07 12:00:00|13.24|13.34|13.24|13.32|145
2020.05.07 13:00:00|13.32|13.4|13.32|13.38|162
2020.05.07 14:00:00|13.39|13.4|13.34|13.34|114
2020.05.07 15:00:00|13.34|13.34|13.23|13.25|136
2020.05.07 16:00:00|13.26|13.28|13.21|13.27|139
2020.05.07 17:00:00|13.27|13.28|13.11|13.21|223
2020.05.07 18:00:00|13.21|13.27|13.18|13.27|160
2020.05.08 10:00:00|13.21|13.29|13.15|13.16|253
2020.05.08 11:00:00|13.17|13.23|13.16|13.21|95
2020.05.08 12:00:00|13.21|13.26|13.18|13.25|75
2020.05.08 13:00:00|13.25|13.29|13.23|13.24|62
2020.05.08 14:00:00|13.24|13.26|13.18|13.26|95
2020.05.08 15:00:00|13.25|13.27|13.21|13.21|197
2020.05.08 16:00:00|13.21|13.28|13.21|13.26|198
2020.05.08 17:00:00|13.26|13.27|13.2|13.23|146
2020.05.08 18:00:00|13.23|13.25|13.21|13.24|55
2020.05.11 10:00:00|13.35|13.39|13.19|13.22|327
2020.05.11 11:00:00|13.21|13.27|13.21|13.23|213
2020.05.11 12:00:00|13.22|13.33|13.21|13.32|156
2020.05.11 13:00:00|13.32|13.34|13.23|13.25|117
2020.05.11 14:00:00|13.26|13.28|13.24|13.25|109
2020.05.11 15:00:00|13.26|13.3|13.22|13.24|106
2020.05.11 16:00:00|13.25|13.29|13.22|13.29|125
2020.05.11 17:00:00|13.3|13.31|13.22|13.25|132
2020.05.11 18:00:00|13.25|13.27|13.22|13.24|124
2020.05.12 10:00:00|13.18|13.33|13.1|13.21|385
2020.05.12 11:00:00|13.21|13.28|13.19|13.26|183
2020.05.12 12:00:00|13.26|13.27|13.21|13.27|140
2020.05.12 13:00:00|13.26|13.27|13.24|13.26|120
2020.05.12 14:00:00|13.25|13.3|13.25|13.26|152
2020.05.12 15:00:00|13.26|13.26|13.15|13.15|133
2020.05.12 16:00:00|13.14|13.17|13.09|13.12|209
2020.05.12 17:00:00|13.11|13.15|13.08|13.12|316
2020.05.12 18:00:00|13.11|13.12|13.07|13.07|149
2020.05.13 10:00:00|13.01|13.19|13.01|13.08|320
2020.05.13 11:00:00|13.09|13.11|13.02|13.02|174
2020.05.13 12:00:00|13.03|13.07|13.02|13.06|129
2020.05.13 13:00:00|13.07|13.12|13.03|13.05|108
2020.05.13 14:00:00|13.06|13.06|12.99|13.02|63
2020.05.13 15:00:00|13.01|13.03|12.96|12.96|110
2020.05.13 16:00:00|12.96|12.99|12.92|12.96|165
2020.05.13 17:00:00|12.97|12.98|12.89|12.94|260
2020.05.13 18:00:00|12.95|12.95|12.78|12.79|175
2020.05.14 10:00:00|12.77|12.78|12.66|12.66|289
2020.05.14 11:00:00|12.66|12.67|12.58|12.64|234
2020.05.14 12:00:00|12.64|12.77|12.63|12.77|172
2020.05.14 13:00:00|12.77|12.82|12.75|12.81|189
2020.05.14 14:00:00|12.81|12.83|12.73|12.74|170
2020.05.14 15:00:00|12.74|12.76|12.67|12.7|229
2020.05.14 16:00:00|12.7|12.73|12.62|12.65|249
2020.05.14 17:00:00|12.64|12.68|12.59|12.66|275
2020.05.14 18:00:00|12.67|12.78|12.67|12.74|172
2020.05.15 10:00:00|12.85|12.97|12.8|12.87|269
2020.05.15 11:00:00|12.87|12.93|12.86|12.9|183
2020.05.15 12:00:00|12.91|12.99|12.91|12.93|282
2020.05.15 13:00:00|12.93|12.93|12.84|12.85|190
2020.05.15 14:00:00|12.84|12.87|12.79|12.84|210
2020.05.15 15:00:00|12.84|12.85|12.76|12.81|139
2020.05.15 16:00:00|12.81|12.87|12.78|12.87|263
2020.05.15 17:00:00|12.87|12.92|12.8|12.81|163
2020.05.15 18:00:00|12.8|12.81|12.74|12.76|119
2020.05.18 10:00:00|12.76|12.86|12.75|12.85|309
2020.05.18 11:00:00|12.86|12.9|12.75|12.81|200
2020.05.18 12:00:00|12.8|12.81|12.72|12.72|151
2020.05.18 13:00:00|12.72|12.75|12.67|12.69|123
2020.05.18 14:00:00|12.7|12.7|12.66|12.67|129
2020.05.18 15:00:00|12.66|12.75|12.66|12.74|135
2020.05.18 16:00:00|12.74|12.75|12.62|12.65|184
2020.05.18 17:00:00|12.65|12.71|12.62|12.65|245
2020.05.18 18:00:00|12.66|12.72|12.65|12.69|151
2020.05.19 10:00:00|12.83|12.92|12.76|12.8|721
2020.05.19 11:00:00|12.8|12.89|12.78|12.88|417
2020.05.19 12:00:00|12.89|13|12.85|12.9|473
2020.05.19 13:00:00|12.89|12.9|12.76|12.76|329
2020.05.19 14:00:00|12.76|12.81|12.73|12.78|430
2020.05.19 15:00:00|12.79|12.79|12.64|12.65|213
2020.05.19 16:00:00|12.64|12.69|12.51|12.51|296
2020.05.19 17:00:00|12.51|12.54|12.47|12.5|270
2020.05.19 18:00:00|12.49|12.5|12.4|12.45|233
2020.05.20 10:00:00|12.33|12.36|12.04|12.08|658
2020.05.20 11:00:00|12.09|12.23|12.06|12.14|629
2020.05.20 12:00:00|12.14|12.17|12.06|12.1|296
2020.05.20 13:00:00|12.11|12.26|12.09|12.21|394
2020.05.20 14:00:00|12.21|12.23|12.16|12.22|241
2020.05.20 15:00:00|12.22|12.23|12.15|12.2|169
2020.05.20 16:00:00|12.2|12.22|12.14|12.21|187
2020.05.20 17:00:00|12.21|12.39|12.21|12.36|446
2020.05.20 18:00:00|12.36|12.47|12.36|12.45|168
2020.05.21 10:00:00|12.3|12.55|12.3|12.55|668
2020.05.21 11:00:00|12.55|12.66|12.51|12.6|447
2020.05.21 12:00:00|12.6|12.62|12.56|12.62|187
2020.05.21 13:00:00|12.61|12.75|12.61|12.72|317
2020.05.21 14:00:00|12.73|12.8|12.71|12.75|467
2020.05.21 15:00:00|12.76|12.79|12.74|12.76|254
2020.05.21 16:00:00|12.75|12.75|12.67|12.74|268
2020.05.21 17:00:00|12.74|12.8|12.69|12.73|322
2020.05.21 18:00:00|12.72|12.75|12.69|12.73|184
2020.05.22 10:00:00|12.63|12.77|12.58|12.66|739
2020.05.22 11:00:00|12.67|12.89|12.65|12.87|586
2020.05.22 12:00:00|12.88|12.94|12.77|12.78|410
2020.05.22 13:00:00|12.78|12.94|12.78|12.93|267
2020.05.22 14:00:00|12.94|12.95|12.87|12.9|257
2020.05.22 15:00:00|12.91|12.97|12.89|12.91|222
2020.05.22 16:00:00|12.91|13.21|12.9|13.15|632
2020.05.22 17:00:00|13.15|13.21|13.11|13.14|477
2020.05.22 18:00:00|13.15|13.2|13.09|13.18|256
2020.05.25 10:00:00|13.19|13.29|13.1|13.23|459
2020.05.25 11:00:00|13.24|13.25|13.14|13.17|312
2020.05.25 12:00:00|13.17|13.19|13.09|13.11|204
2020.05.25 13:00:00|13.11|13.16|13.06|13.15|167
2020.05.25 14:00:00|13.15|13.15|13.07|13.1|127
2020.05.25 15:00:00|13.1|13.13|13.07|13.1|145
2020.05.25 16:00:00|13.1|13.1|13.05|13.09|191
2020.05.25 17:00:00|13.08|13.15|13.08|13.12|173
2020.05.25 18:00:00|13.11|13.15|13.1|13.13|123
2020.05.26 10:00:00|13.22|13.23|13.11|13.11|416
2020.05.26 11:00:00|13.11|13.11|12.97|13.01|425
2020.05.26 12:00:00|13|13.06|12.96|13.05|257
2020.05.26 13:00:00|13.05|13.06|13.02|13.03|165
2020.05.26 14:00:00|13.02|13.02|12.87|12.95|272
2020.05.26 15:00:00|12.95|13.14|12.94|13.06|247
2020.05.26 16:00:00|13.06|13.07|12.96|13.02|321
2020.05.26 17:00:00|13.02|13.05|12.87|12.9|425
2020.05.26 18:00:00|12.9|12.91|12.84|12.9|256
2020.05.27 10:00:00|12.98|13.04|12.78|12.86|905
2020.05.27 11:00:00|12.86|13.18|12.85|13.17|756
2020.05.27 12:00:00|13.17|13.3|13.15|13.21|481
2020.05.27 13:00:00|13.22|13.24|13.06|13.11|435
2020.05.27 14:00:00|13.12|13.21|13.1|13.18|297
2020.05.27 15:00:00|13.18|13.31|13.16|13.24|213
2020.05.27 16:00:00|13.25|13.32|13.2|13.22|307
2020.05.27 17:00:00|13.2|13.33|13.2|13.29|305
2020.05.27 18:00:00|13.3|13.39|13.26|13.37|184
2020.05.28 10:00:00|13.46|13.6|13.4|13.48|669
2020.05.28 11:00:00|13.49|13.49|13.43|13.43|354
2020.05.28 12:00:00|13.43|13.43|13.32|13.35|257
2020.05.28 13:00:00|13.34|13.37|13.33|13.36|168
2020.05.28 14:00:00|13.36|13.38|13.34|13.34|212
2020.05.28 15:00:00|13.34|13.36|13.33|13.36|163
2020.05.28 16:00:00|13.37|13.39|13.27|13.31|350
2020.05.28 17:00:00|13.31|13.37|13.31|13.32|280
2020.05.28 18:00:00|13.31|13.32|13.29|13.31|99
2020.05.29 10:00:00|13.34|13.49|13.26|13.48|818
2020.05.29 11:00:00|13.48|13.55|13.44|13.5|590
2020.05.29 12:00:00|13.5|13.69|13.48|13.69|454
2020.05.29 13:00:00|13.69|13.75|13.57|13.62|371
2020.05.29 14:00:00|13.63|13.66|13.6|13.63|256
2020.05.29 15:00:00|13.64|13.65|13.51|13.57|323
2020.05.29 16:00:00|13.56|13.57|13.5|13.5|293
2020.05.29 17:00:00|13.5|13.52|13.44|13.49|315
2020.05.29 18:00:00|13.49|13.53|13.44|13.49|263
2020.06.01 10:00:00|13.63|13.78|13.63|13.7|429
2020.06.01 11:00:00|13.7|13.72|13.63|13.68|625
2020.06.01 12:00:00|13.67|13.79|13.66|13.76|316
2020.06.01 13:00:00|13.75|13.78|13.74|13.78|210
2020.06.01 14:00:00|13.78|13.85|13.78|13.82|160
2020.06.01 15:00:00|13.81|13.84|13.78|13.78|165
2020.06.01 16:00:00|13.79|13.81|13.7|13.71|172
2020.06.01 17:00:00|13.71|13.84|13.68|13.82|269
2020.06.01 18:00:00|13.82|13.9|13.8|13.87|234
2020.06.02 10:00:00|13.94|13.96|13.84|13.84|618
2020.06.02 11:00:00|13.85|13.92|13.84|13.84|316
2020.06.02 12:00:00|13.84|13.85|13.76|13.77|237
2020.06.02 13:00:00|13.78|13.84|13.77|13.83|162
2020.06.02 14:00:00|13.82|13.85|13.78|13.85|102
2020.06.02 15:00:00|13.85|13.91|13.83|13.89|148
2020.06.02 16:00:00|13.9|13.94|13.86|13.92|225
2020.06.02 17:00:00|13.91|13.94|13.88|13.88|170
2020.06.02 18:00:00|13.89|13.89|13.79|13.8|225
2020.06.03 10:00:00|13.92|14.04|13.89|13.95|815
2020.06.03 11:00:00|13.96|14.01|13.94|13.94|349
2020.06.03 12:00:00|13.94|14.1|13.91|14.09|336
2020.06.03 13:00:00|14.1|14.14|14.07|14.1|282
2020.06.03 14:00:00|14.09|14.14|14.07|14.11|289
2020.06.03 15:00:00|14.12|14.24|14.09|14.22|211
2020.06.03 16:00:00|14.22|14.4|14.21|14.34|605
2020.06.03 17:00:00|14.34|14.55|14.32|14.5|577
2020.06.03 18:00:00|14.5|14.58|14.46|14.47|443
2020.06.04 10:00:00|14.25|14.42|14.21|14.36|778
2020.06.04 11:00:00|14.36|14.37|14.21|14.29|379
2020.06.04 12:00:00|14.29|14.29|14.17|14.26|356
2020.06.04 13:00:00|14.26|14.32|14.23|14.26|190
2020.06.04 14:00:00|14.25|14.4|14.22|14.37|267
2020.06.04 15:00:00|14.37|14.39|14.21|14.25|350
2020.06.04 16:00:00|14.25|14.39|14.24|14.38|336
2020.06.04 17:00:00|14.39|14.44|14.32|14.4|443
2020.06.04 18:00:00|14.39|14.47|14.39|14.44|195
2020.06.05 10:00:00|14.53|14.85|14.47|14.83|910
2020.06.05 11:00:00|14.82|14.91|14.78|14.8|851
2020.06.05 12:00:00|14.81|14.82|14.71|14.76|394
2020.06.05 13:00:00|14.76|14.76|14.56|14.58|306
2020.06.05 14:00:00|14.57|14.61|14.56|14.57|244
2020.06.05 15:00:00|14.58|14.74|14.56|14.67|721
2020.06.05 16:00:00|14.67|14.73|14.62|14.72|596
2020.06.05 17:00:00|14.71|14.78|14.69|14.73|515
2020.06.05 18:00:00|14.72|14.79|14.72|14.78|181
2020.06.08 10:00:00|14.43|14.58|14.31|14.48|1011
2020.06.08 11:00:00|14.47|14.49|14.36|14.49|445
2020.06.08 12:00:00|14.5|14.54|14.46|14.47|254
2020.06.08 13:00:00|14.46|14.48|14.43|14.44|236
2020.06.08 14:00:00|14.43|14.47|14.37|14.39|255
2020.06.08 15:00:00|14.39|14.42|14.36|14.38|239
2020.06.08 16:00:00|14.38|14.49|14.31|14.45|619
2020.06.08 17:00:00|14.46|14.52|14.37|14.46|746
2020.06.08 18:00:00|14.46|14.57|14.46|14.54|238
2020.06.09 10:00:00|14.51|14.54|14.37|14.42|637
2020.06.09 11:00:00|14.43|14.48|14.19|14.2|572
2020.06.09 12:00:00|14.2|14.28|14.16|14.22|406
2020.06.09 13:00:00|14.22|14.32|14.22|14.31|323
2020.06.09 14:00:00|14.32|14.41|14.3|14.36|317
2020.06.09 15:00:00|14.37|14.42|14.35|14.4|291
2020.06.09 16:00:00|14.41|14.41|14.33|14.39|324
2020.06.09 17:00:00|14.39|14.42|14.38|14.4|300
2020.06.09 18:00:00|14.39|14.47|14.39|14.47|150
2020.06.10 10:00:00|14.46|14.62|14.41|14.6|631
2020.06.10 11:00:00|14.6|14.62|14.54|14.6|336
2020.06.10 12:00:00|14.59|14.59|14.4|14.42|424
2020.06.10 13:00:00|14.42|14.44|14.33|14.43|300
2020.06.10 14:00:00|14.44|14.45|14.38|14.41|258
2020.06.10 15:00:00|14.41|14.43|14.35|14.43|194
2020.06.10 16:00:00|14.42|14.64|14.39|14.55|460
2020.06.10 17:00:00|14.56|14.6|14.48|14.52|487
2020.06.10 18:00:00|14.52|14.56|14.51|14.54|347
2020.06.11 10:00:00|14.16|14.22|13.96|14.11|1120
2020.06.11 11:00:00|14.11|14.12|14.03|14.05|510
2020.06.11 12:00:00|14.04|14.12|14.04|14.12|292
2020.06.11 13:00:00|14.13|14.13|14.08|14.11|215
2020.06.11 14:00:00|14.12|14.14|14.02|14.05|213
2020.06.11 15:00:00|14.05|14.08|13.98|13.99|242
2020.06.11 16:00:00|13.99|14|13.9|13.98|420
2020.06.11 17:00:00|13.98|13.99|13.87|13.96|455
2020.06.11 18:00:00|13.95|14.03|13.94|13.96|249
2020.06.12 10:00:00|13.86|13.93|13.78|13.89|971
2020.06.12 11:00:00|13.9|14.14|13.88|14.12|519
2020.06.12 12:00:00|14.13|14.2|14.11|14.16|415
2020.06.12 13:00:00|14.15|14.23|14.15|14.18|411
2020.06.12 14:00:00|14.19|14.22|14.12|14.14|300
2020.06.12 15:00:00|14.14|14.23|14.1|14.2|319
2020.06.12 16:00:00|14.2|14.22|14.1|14.1|342
2020.06.12 17:00:00|14.11|14.15|14.07|14.08|577
2020.06.12 18:00:00|14.08|14.11|14.02|14.04|412
2020.06.15 10:00:00|13.82|13.93|13.8|13.88|1000
2020.06.15 11:00:00|13.89|14.05|13.8|14.02|612
2020.06.15 12:00:00|14.01|14.07|13.97|14.07|618
2020.06.15 13:00:00|14.07|14.07|13.95|13.96|414
2020.06.15 14:00:00|13.97|14.01|13.94|13.98|412
2020.06.15 15:00:00|13.97|13.99|13.91|13.97|480
2020.06.15 16:00:00|13.96|13.98|13.77|13.84|447
2020.06.15 17:00:00|13.85|13.89|13.79|13.84|522
2020.06.15 18:00:00|13.85|13.95|13.84|13.9|273
2020.06.16 10:00:00|14.25|14.33|14.08|14.09|1023
2020.06.16 11:00:00|14.1|14.18|14.08|14.08|495
2020.06.16 12:00:00|14.09|14.13|14.05|14.1|511
2020.06.16 13:00:00|14.1|14.1|14.04|14.09|290
2020.06.16 14:00:00|14.1|14.16|14.06|14.14|280
2020.06.16 15:00:00|14.14|14.22|14.12|14.19|274
2020.06.16 16:00:00|14.2|14.22|14.15|14.19|333
2020.06.16 17:00:00|14.18|14.25|14.05|14.06|645
2020.06.16 18:00:00|14.07|14.19|14.02|14.17|706
2020.06.17 10:00:00|14.15|14.35|14.1|14.31|688
2020.06.17 11:00:00|14.3|14.37|14.24|14.26|333
2020.06.17 12:00:00|14.25|14.26|14.15|14.15|391
2020.06.17 13:00:00|14.16|14.26|14.13|14.26|255
2020.06.17 14:00:00|14.27|14.33|14.27|14.3|304
2020.06.17 15:00:00|14.3|14.36|14.26|14.28|163
2020.06.17 16:00:00|14.29|14.31|14.23|14.3|238
2020.06.17 17:00:00|14.31|14.32|14.2|14.27|346
2020.06.17 18:00:00|14.27|14.3|14.24|14.29|201
2020.06.18 10:00:00|14.23|14.27|14.15|14.22|528
2020.06.18 11:00:00|14.23|14.25|14.13|14.15|413
2020.06.18 12:00:00|14.15|14.17|14.04|14.05|440
2020.06.18 13:00:00|14.05|14.05|13.96|13.99|266
2020.06.18 14:00:00|13.99|14.02|13.96|13.98|320
2020.06.18 15:00:00|13.97|14.02|13.92|13.93|314
2020.06.18 16:00:00|13.92|13.98|13.91|13.91|303
2020.06.18 17:00:00|13.91|13.94|13.81|13.93|335
2020.06.18 18:00:00|13.93|13.96|13.92|13.93|145
2020.06.19 10:00:00|13.95|14.01|13.89|13.96|530
2020.06.19 11:00:00|13.95|14.01|13.92|13.98|206
2020.06.19 12:00:00|13.97|14.04|13.94|14.01|605
2020.06.19 13:00:00|14.02|14.02|13.94|14|404
2020.06.19 14:00:00|14|14.05|13.97|14.03|375
2020.06.19 15:00:00|14.02|14.05|13.97|13.99|342
2020.06.19 16:00:00|13.98|14|13.9|13.98|404
2020.06.19 17:00:00|13.98|14.01|13.94|14|486
2020.06.19 18:00:00|13.99|14.01|13.93|13.98|296
2020.06.22 10:00:00|14.34|14.54|14.11|14.44|1500
2020.06.22 11:00:00|14.45|14.76|14.43|14.67|517
2020.06.22 12:00:00|14.67|14.72|14.58|14.59|500
2020.06.22 13:00:00|14.57|14.6|14.47|14.48|432
2020.06.22 14:00:00|14.47|14.53|14.44|14.5|388
2020.06.22 15:00:00|14.51|14.52|14.39|14.42|313
2020.06.22 16:00:00|14.43|14.52|14.41|14.43|500
2020.06.22 17:00:00|14.44|14.48|14.38|14.4|345
2020.06.22 18:00:00|14.39|14.56|14.38|14.48|194
2020.06.23 10:00:00|14.54|14.64|14.44|14.59|878
2020.06.23 11:00:00|14.59|14.6|14.46|14.47|477
2020.06.23 12:00:00|14.48|14.58|14.46|14.57|256
2020.06.23 13:00:00|14.57|14.65|14.57|14.65|277
2020.06.23 14:00:00|14.64|14.7|14.59|14.7|253
2020.06.23 15:00:00|14.7|14.74|14.68|14.72|216
2020.06.23 16:00:00|14.72|14.77|14.68|14.7|304
2020.06.23 17:00:00|14.69|14.79|14.68|14.76|476
2020.06.23 18:00:00|14.75|14.81|14.74|14.78|274
2020.06.24 10:00:00|14.69|14.7|14.52|14.59|498
2020.06.24 11:00:00|14.59|14.61|14.49|14.51|366
2020.06.24 12:00:00|14.51|14.54|14.42|14.45|268
2020.06.24 13:00:00|14.44|14.52|14.44|14.47|221
2020.06.24 14:00:00|14.48|14.53|14.46|14.48|149
2020.06.24 15:00:00|14.47|14.51|14.38|14.42|209
2020.06.24 16:00:00|14.42|14.45|14.38|14.4|412
2020.06.24 17:00:00|14.4|14.42|14.37|14.39|460
2020.06.24 18:00:00|14.38|14.41|14.32|14.34|278
2020.06.25 10:00:00|14.24|14.26|14.03|14.12|689
2020.06.25 11:00:00|14.12|14.31|14.11|14.24|679
2020.06.25 12:00:00|14.23|14.24|14.11|14.13|353
2020.06.25 13:00:00|14.14|14.17|14.11|14.14|323
2020.06.25 14:00:00|14.14|14.16|14.08|14.09|367
2020.06.25 15:00:00|14.09|14.1|13.98|14.01|351
2020.06.25 16:00:00|14.01|14.12|14|14.08|455
2020.06.25 17:00:00|14.07|14.22|14.07|14.19|557
2020.06.25 18:00:00|14.19|14.27|14.16|14.24|334
2020.06.26 10:00:00|14.31|14.35|14.14|14.19|585
2020.06.26 11:00:00|14.18|14.21|14.13|14.18|330
2020.06.26 12:00:00|14.18|14.26|14.16|14.2|340
2020.06.26 13:00:00|14.2|14.25|14.19|14.22|343
2020.06.26 14:00:00|14.22|14.23|14.14|14.14|214
2020.06.26 15:00:00|14.14|14.19|14.12|14.17|204
2020.06.26 16:00:00|14.16|14.18|14.11|14.15|437
2020.06.26 17:00:00|14.13|14.15|13.97|14|493
2020.06.26 18:00:00|14|14.02|13.94|13.95|199
2020.06.29 10:00:00|13.89|13.89|13.71|13.74|723
2020.06.29 11:00:00|13.75|13.79|13.64|13.65|501
2020.06.29 12:00:00|13.65|13.83|13.65|13.82|467
2020.06.29 13:00:00|13.83|13.86|13.79|13.85|519
2020.06.29 14:00:00|13.85|13.9|13.79|13.85|495
2020.06.29 15:00:00|13.85|13.88|13.8|13.84|325
2020.06.29 16:00:00|13.85|13.88|13.76|13.77|445
2020.06.29 17:00:00|13.77|13.87|13.75|13.83|584
2020.06.29 18:00:00|13.83|13.87|13.83|13.87|177
2020.06.30 10:00:00|13.89|13.89|13.71|13.87|567
2020.06.30 11:00:00|13.87|13.88|13.81|13.84|422
2020.06.30 12:00:00|13.83|13.88|13.82|13.85|211
2020.06.30 13:00:00|13.85|13.87|13.82|13.83|186
2020.06.30 14:00:00|13.82|13.85|13.81|13.83|106
2020.06.30 15:00:00|13.83|13.84|13.77|13.82|181
2020.06.30 16:00:00|13.81|13.85|13.77|13.84|295
2020.06.30 17:00:00|13.84|13.87|13.78|13.78|269
2020.06.30 18:00:00|13.78|13.79|13.71|13.76|166
2020.07.01 10:00:00|13.69|13.74|13.57|13.57|254
2020.07.01 11:00:00|13.58|13.68|13.57|13.67|254
2020.07.01 12:00:00|13.68|13.69|13.53|13.53|282
2020.07.01 13:00:00|13.53|13.61|13.46|13.46|338
2020.07.01 14:00:00|13.45|13.47|13.4|13.41|303
2020.07.01 15:00:00|13.42|13.55|13.41|13.54|310
2020.07.01 16:00:00|13.54|13.55|13.43|13.5|335
2020.07.01 17:00:00|13.51|13.58|13.49|13.52|336
2020.07.01 18:00:00|13.51|13.52|13.45|13.46|118
2020.07.02 10:00:00|13.49|13.71|13.46|13.65|683
2020.07.02 11:00:00|13.65|13.7|13.59|13.69|282
2020.07.02 12:00:00|13.68|13.69|13.63|13.66|303
2020.07.02 13:00:00|13.66|13.74|13.64|13.73|251
2020.07.02 14:00:00|13.74|13.82|13.73|13.81|302
2020.07.02 15:00:00|13.81|13.86|13.77|13.85|355
2020.07.02 16:00:00|13.84|13.91|13.81|13.91|249
2020.07.02 17:00:00|13.9|13.92|13.76|13.76|355
2020.07.02 18:00:00|13.77|13.81|13.73|13.81|200
2020.07.03 10:00:00|13.82|13.84|13.72|13.75|380
2020.07.03 11:00:00|13.74|13.77|13.68|13.69|263
2020.07.03 12:00:00|13.69|13.7|13.6|13.6|277
2020.07.03 13:00:00|13.61|13.67|13.59|13.66|307
2020.07.03 14:00:00|13.67|13.68|13.59|13.6|183
2020.07.03 15:00:00|13.59|13.62|13.54|13.6|200
2020.07.03 16:00:00|13.6|13.65|13.58|13.63|266
2020.07.03 17:00:00|13.63|13.64|13.57|13.58|280
2020.07.03 18:00:00|13.57|13.58|13.53|13.56|111
2020.07.06 10:00:00|13.74|13.87|13.69|13.82|683
2020.07.06 11:00:00|13.81|13.83|13.73|13.74|350
2020.07.06 12:00:00|13.73|13.75|13.68|13.73|247
2020.07.06 13:00:00|13.73|13.78|13.71|13.76|207
2020.07.06 14:00:00|13.76|13.76|13.7|13.72|135
2020.07.06 15:00:00|13.73|13.73|13.64|13.68|196
2020.07.06 16:00:00|13.68|13.68|13.59|13.6|254
2020.07.06 17:00:00|13.6|13.63|13.51|13.53|274
2020.07.06 18:00:00|13.53|13.55|13.5|13.53|146
2020.07.07 10:00:00|13.49|13.59|13.43|13.56|391
2020.07.07 11:00:00|13.57|13.61|13.54|13.6|313
2020.07.07 12:00:00|13.61|13.61|13.51|13.57|237
2020.07.07 13:00:00|13.57|13.59|13.52|13.57|235
2020.07.07 14:00:00|13.57|13.6|13.57|13.58|120
2020.07.07 15:00:00|13.58|13.58|13.55|13.58|116
2020.07.07 16:00:00|13.58|13.63|13.58|13.63|132
2020.07.07 17:00:00|13.62|13.67|13.61|13.66|268
2020.07.07 18:00:00|13.65|13.65|13.59|13.61|66
2020.07.08 10:00:00|13.68|13.68|13.58|13.64|398
2020.07.08 11:00:00|13.65|13.65|13.56|13.57|412
2020.07.08 12:00:00|13.57|13.59|13.52|13.59|333
2020.07.08 13:00:00|13.58|13.64|13.55|13.63|236
2020.07.08 14:00:00|13.64|13.65|13.62|13.65|145
2020.07.08 15:00:00|13.65|13.68|13.61|13.68|220
2020.07.08 16:00:00|13.69|13.69|13.52|13.54|306
2020.07.08 17:00:00|13.53|13.57|13.51|13.56|327
2020.07.08 18:00:00|13.55|13.57|13.51|13.52|160
2020.07.09 10:00:00|13.48|13.52|13.19|13.21|563
2020.07.09 11:00:00|13.21|13.28|13.19|13.25|375
2020.07.09 12:00:00|13.24|13.32|13.19|13.28|319
2020.07.09 13:00:00|13.28|13.39|13.26|13.37|255
2020.07.09 14:00:00|13.37|13.37|13.31|13.33|194
2020.07.09 15:00:00|13.32|13.38|13.32|13.37|178
2020.07.09 16:00:00|13.36|13.4|13.33|13.39|281
2020.07.09 17:00:00|13.4|13.4|13.28|13.28|226
2020.07.09 18:00:00|13.28|13.28|13.19|13.21|206
2020.07.10 10:00:00|13.23|13.25|13.11|13.19|404
2020.07.10 11:00:00|13.19|13.27|13.18|13.23|350
2020.07.10 12:00:00|13.24|13.28|13.19|13.25|260
2020.07.10 13:00:00|13.25|13.29|13.25|13.28|227
2020.07.10 14:00:00|13.29|13.29|13.24|13.26|171
2020.07.10 15:00:00|13.25|13.3|13.24|13.29|206
2020.07.10 16:00:00|13.29|13.34|13.28|13.32|279
2020.07.10 17:00:00|13.31|13.4|13.28|13.38|259
2020.07.10 18:00:00|13.37|13.39|13.35|13.36|133
2020.07.13 10:00:00|13.53|13.72|13.52|13.66|457
2020.07.13 11:00:00|13.66|13.7|13.54|13.58|286
2020.07.13 12:00:00|13.59|13.61|13.56|13.56|196
2020.07.13 13:00:00|13.56|13.56|13.48|13.54|174
2020.07.13 14:00:00|13.54|13.58|13.54|13.55|168
2020.07.13 15:00:00|13.54|13.57|13.53|13.53|106
2020.07.13 16:00:00|13.54|13.56|13.52|13.52|190
2020.07.13 17:00:00|13.52|13.61|13.51|13.61|182
2020.07.13 18:00:00|13.6|13.63|13.6|13.62|119
2020.07.14 10:00:00|13.55|13.74|13.54|13.74|751
2020.07.14 11:00:00|13.75|13.89|13.75|13.86|552
2020.07.14 12:00:00|13.85|13.98|13.84|13.94|362
2020.07.14 13:00:00|13.94|13.98|13.9|13.95|241
2020.07.14 14:00:00|13.95|14.11|13.94|14.06|276
2020.07.14 15:00:00|14.06|14.09|13.9|13.97|315
2020.07.14 16:00:00|13.96|14|13.94|13.99|382
2020.07.14 17:00:00|13.99|14.02|13.91|14.01|457
2020.07.14 18:00:00|14.02|14.02|13.96|13.98|310
2020.07.15 10:00:00|13.99|14.05|13.85|13.91|459
2020.07.15 11:00:00|13.92|13.98|13.82|13.84|296
2020.07.15 12:00:00|13.84|13.91|13.83|13.89|191
2020.07.15 13:00:00|13.9|14|13.9|13.96|250
2020.07.15 14:00:00|13.97|14|13.94|13.96|244
2020.07.15 15:00:00|13.96|14.01|13.96|13.97|226
2020.07.15 16:00:00|13.97|13.98|13.86|13.86|347
2020.07.15 17:00:00|13.87|13.96|13.86|13.94|397
2020.07.15 18:00:00|13.95|13.97|13.94|13.96|168
2020.07.16 10:00:00|13.88|14.01|13.86|13.87|401
2020.07.16 11:00:00|13.86|13.89|13.83|13.87|275
2020.07.16 12:00:00|13.87|13.87|13.83|13.83|202
2020.07.16 13:00:00|13.84|13.85|13.8|13.83|181
2020.07.16 14:00:00|13.82|13.87|13.82|13.84|163
2020.07.16 15:00:00|13.84|13.87|13.83|13.86|150
2020.07.16 16:00:00|13.86|13.97|13.86|13.95|160
2020.07.16 17:00:00|13.95|14.03|13.95|13.99|247
2020.07.16 18:00:00|13.99|14.01|13.96|13.97|113
2020.07.17 10:00:00|13.97|13.98|13.79|13.83|372
2020.07.17 11:00:00|13.84|13.9|13.82|13.86|187
2020.07.17 12:00:00|13.85|13.88|13.81|13.85|262
2020.07.17 13:00:00|13.84|13.86|13.82|13.85|176
2020.07.17 14:00:00|13.84|13.88|13.84|13.87|111
2020.07.17 15:00:00|13.86|13.88|13.84|13.85|85
2020.07.17 16:00:00|13.85|13.87|13.76|13.79|320
2020.07.17 17:00:00|13.78|13.84|13.77|13.8|278
2020.07.17 18:00:00|13.79|13.81|13.78|13.81|116
2020.07.20 10:00:00|13.72|13.78|13.58|13.59|408
2020.07.20 11:00:00|13.59|13.66|13.49|13.63|334
2020.07.20 12:00:00|13.64|13.67|13.61|13.63|179
2020.07.20 13:00:00|13.64|13.64|13.56|13.58|111
2020.07.20 14:00:00|13.59|13.68|13.58|13.66|144
2020.07.20 15:00:00|13.66|13.69|13.64|13.69|130
2020.07.20 16:00:00|13.68|13.8|13.67|13.76|373
2020.07.20 17:00:00|13.76|13.8|13.72|13.73|241
2020.07.20 18:00:00|13.74|13.78|13.72|13.75|100
2020.07.21 10:00:00|13.83|13.91|13.77|13.86|486
2020.07.21 11:00:00|13.86|13.88|13.83|13.86|229
2020.07.21 12:00:00|13.85|13.93|13.84|13.91|208
2020.07.21 13:00:00|13.91|13.93|13.86|13.92|155
2020.07.21 14:00:00|13.92|13.92|13.88|13.88|133
2020.07.21 15:00:00|13.87|13.87|13.78|13.82|211
2020.07.21 16:00:00|13.81|13.86|13.8|13.81|244
2020.07.21 17:00:00|13.81|13.83|13.73|13.77|256
2020.07.21 18:00:00|13.77|13.78|13.71|13.75|158
2020.07.22 10:00:00|13.73|13.76|13.67|13.69|436
2020.07.22 11:00:00|13.69|13.7|13.61|13.62|266
2020.07.22 12:00:00|13.63|13.66|13.6|13.64|218
2020.07.22 13:00:00|13.64|13.64|13.56|13.59|218
2020.07.22 14:00:00|13.6|13.63|13.58|13.61|121
2020.07.22 15:00:00|13.61|13.62|13.57|13.62|133
2020.07.22 16:00:00|13.62|13.65|13.6|13.6|229
2020.07.22 17:00:00|13.61|13.68|13.6|13.66|270
2020.07.22 18:00:00|13.65|13.68|13.65|13.67|88
2020.07.23 10:00:00|13.69|13.7|13.55|13.6|399
2020.07.23 11:00:00|13.59|13.64|13.53|13.53|308
2020.07.23 12:00:00|13.53|13.6|13.53|13.54|149
2020.07.23 13:00:00|13.55|13.58|13.53|13.54|125
2020.07.23 14:00:00|13.54|13.56|13.49|13.55|165
2020.07.23 15:00:00|13.54|13.55|13.49|13.49|147
2020.07.23 16:00:00|13.5|13.54|13.49|13.52|182
2020.07.23 17:00:00|13.52|13.53|13.42|13.42|194
2020.07.23 18:00:00|13.42|13.45|13.39|13.42|132
2020.07.24 10:00:00|13.32|13.39|13.26|13.3|724
2020.07.24 11:00:00|13.31|13.34|13.29|13.31|277
2020.07.24 12:00:00|13.3|13.37|13.28|13.36|218
2020.07.24 13:00:00|13.36|13.4|13.34|13.36|165
2020.07.24 14:00:00|13.36|13.37|13.3|13.36|127
2020.07.24 15:00:00|13.35|13.4|13.3|13.38|168
2020.07.24 16:00:00|13.38|13.47|13.38|13.45|221
2020.07.24 17:00:00|13.45|13.52|13.44|13.51|178
2020.07.24 18:00:00|13.51|13.52|13.45|13.47|100
2020.07.27 10:00:00|13.46|13.49|13.34|13.34|305
2020.07.27 11:00:00|13.35|13.37|13.3|13.31|223
2020.07.27 12:00:00|13.31|13.35|13.3|13.32|179
2020.07.27 13:00:00|13.33|13.33|13.27|13.3|105
2020.07.27 14:00:00|13.3|13.3|13.27|13.27|83
2020.07.27 15:00:00|13.28|13.28|13.19|13.23|126
2020.07.27 16:00:00|13.23|13.26|13.14|13.14|171
2020.07.27 17:00:00|13.13|13.16|13.07|13.07|132
2020.07.27 18:00:00|13.06|13.09|13.04|13.07|82
2020.07.28 10:00:00|13.44|13.67|13.39|13.62|704
2020.07.28 11:00:00|13.61|13.75|13.56|13.61|500
2020.07.28 12:00:00|13.6|13.65|13.59|13.61|208
2020.07.28 13:00:00|13.6|13.61|13.48|13.52|306
2020.07.28 14:00:00|13.53|13.58|13.46|13.48|217
2020.07.28 15:00:00|13.49|13.52|13.41|13.41|221
2020.07.28 16:00:00|13.4|13.52|13.4|13.5|258
2020.07.28 17:00:00|13.51|13.63|13.49|13.62|310
2020.07.28 18:00:00|13.61|13.61|13.51|13.56|247
2020.07.29 10:00:00|13.69|13.89|13.61|13.75|906
2020.07.29 11:00:00|13.75|13.78|13.7|13.73|291
2020.07.29 12:00:00|13.74|13.8|13.72|13.76|295
2020.07.29 13:00:00|13.76|13.78|13.67|13.68|169
2020.07.29 14:00:00|13.69|13.69|13.55|13.55|214
2020.07.29 15:00:00|13.55|13.64|13.54|13.6|177
2020.07.29 16:00:00|13.6|13.71|13.58|13.7|287
2020.07.29 17:00:00|13.68|13.78|13.68|13.73|302
2020.07.29 18:00:00|13.74|13.78|13.72|13.72|131
2020.07.30 10:00:00|13.66|13.68|13.19|13.29|861
2020.07.30 11:00:00|13.28|13.46|13.27|13.31|559
2020.07.30 12:00:00|13.31|13.33|13.24|13.27|303
2020.07.30 13:00:00|13.28|13.29|13.23|13.26|218
2020.07.30 14:00:00|13.27|13.34|13.25|13.3|180
2020.07.30 15:00:00|13.3|13.33|13.28|13.28|186
2020.07.30 16:00:00|13.27|13.28|13.21|13.23|337
2020.07.30 17:00:00|13.22|13.26|13.21|13.26|402
2020.07.30 18:00:00|13.25|13.31|13.24|13.3|183
2020.07.31 10:00:00|13.26|13.5|13.25|13.46|737
2020.07.31 11:00:00|13.47|13.54|13.43|13.47|307
2020.07.31 12:00:00|13.47|13.56|13.46|13.5|497
2020.07.31 13:00:00|13.51|13.67|13.49|13.59|421
2020.07.31 14:00:00|13.59|13.67|13.59|13.61|240
2020.07.31 15:00:00|13.62|13.64|13.56|13.61|211
2020.07.31 16:00:00|13.61|13.64|13.57|13.62|292
2020.07.31 17:00:00|13.62|13.63|13.51|13.54|545
2020.07.31 18:00:00|13.53|13.55|13.51|13.51|186
2020.08.03 10:00:00|13.46|13.46|13.32|13.42|481
2020.08.03 11:00:00|13.42|13.47|13.31|13.33|254
2020.08.03 12:00:00|13.34|13.36|13.31|13.34|221
2020.08.03 13:00:00|13.33|13.4|13.3|13.39|157
2020.08.03 14:00:00|13.38|13.42|13.37|13.41|159
2020.08.03 15:00:00|13.41|13.47|13.4|13.47|164
2020.08.03 16:00:00|13.46|13.48|13.41|13.45|249
2020.08.03 17:00:00|13.45|13.5|13.44|13.45|187
2020.08.03 18:00:00|13.46|13.48|13.43|13.44|106
2020.08.04 10:00:00|13.48|13.59|13.44|13.47|722
2020.08.04 11:00:00|13.46|13.59|13.45|13.57|404
2020.08.04 12:00:00|13.56|13.57|13.44|13.44|361
2020.08.04 13:00:00|13.45|13.46|13.4|13.44|248
2020.08.04 14:00:00|13.45|13.46|13.41|13.44|213
2020.08.04 15:00:00|13.44|13.48|13.4|13.41|161
2020.08.04 16:00:00|13.42|13.47|13.4|13.46|191
2020.08.04 17:00:00|13.47|13.49|13.45|13.47|198
2020.08.04 18:00:00|13.47|13.5|13.47|13.49|88
2020.08.05 10:00:00|13.57|13.68|13.57|13.67|552
2020.08.05 11:00:00|13.68|13.73|13.61|13.7|301
2020.08.05 12:00:00|13.7|13.75|13.69|13.71|151
2020.08.05 13:00:00|13.7|13.71|13.68|13.68|158
2020.08.05 14:00:00|13.68|13.7|13.65|13.68|132
2020.08.05 15:00:00|13.68|13.7|13.64|13.67|160
2020.08.05 16:00:00|13.66|13.66|13.56|13.57|183
2020.08.05 17:00:00|13.57|13.6|13.54|13.59|170
2020.08.05 18:00:00|13.6|13.62|13.59|13.59|76
2020.08.06 10:00:00|13.58|13.71|13.51|13.68|423
2020.08.06 11:00:00|13.67|13.67|13.6|13.62|254
2020.08.06 12:00:00|13.62|13.64|13.59|13.62|151
2020.08.06 13:00:00|13.63|13.64|13.59|13.61|141
2020.08.06 14:00:00|13.6|13.63|13.46|13.47|171
2020.08.06 15:00:00|13.46|13.52|13.44|13.51|302
2020.08.06 16:00:00|13.5|13.51|13.46|13.49|174
2020.08.06 17:00:00|13.48|13.53|13.47|13.49|173
2020.08.06 18:00:00|13.48|13.51|13.47|13.49|133
2020.08.07 10:00:00|13.46|13.5|13.4|13.48|392
2020.08.07 11:00:00|13.49|13.5|13.37|13.4|273
2020.08.07 12:00:00|13.4|13.41|13.33|13.33|248
2020.08.07 13:00:00|13.33|13.38|13.32|13.36|107
2020.08.07 14:00:00|13.35|13.4|13.33|13.36|213
2020.08.07 15:00:00|13.37|13.43|13.36|13.38|223
2020.08.07 16:00:00|13.39|13.39|13.32|13.38|254
2020.08.07 17:00:00|13.38|13.42|13.34|13.35|188
2020.08.07 18:00:00|13.35|13.37|13.32|13.34|106
2020.08.10 10:00:00|13.36|13.51|13.33|13.41|486
2020.08.10 11:00:00|13.42|13.42|13.33|13.36|390
2020.08.10 12:00:00|13.37|13.45|13.36|13.45|182
2020.08.10 13:00:00|13.44|13.45|13.4|13.41|188
2020.08.10 14:00:00|13.41|13.42|13.35|13.36|128
2020.08.10 15:00:00|13.37|13.39|13.35|13.37|83
2020.08.10 16:00:00|13.37|13.38|13.33|13.34|95
2020.08.10 17:00:00|13.35|13.37|13.31|13.33|177
2020.08.10 18:00:00|13.32|13.35|13.31|13.33|80
2020.08.11 10:00:00|13.41|13.55|13.37|13.55|389
2020.08.11 11:00:00|13.54|13.64|13.53|13.6|239
2020.08.11 12:00:00|13.6|13.65|13.52|13.63|409
2020.08.11 13:00:00|13.64|13.65|13.6|13.65|192
2020.08.11 14:00:00|13.65|13.7|13.62|13.67|171
2020.08.11 15:00:00|13.68|13.72|13.66|13.72|199
2020.08.11 16:00:00|13.72|13.78|13.66|13.67|317
2020.08.11 17:00:00|13.66|13.66|13.56|13.56|184
2020.08.11 18:00:00|13.56|13.58|13.52|13.55|89
2020.08.12 10:00:00|13.56|13.81|13.56|13.76|507
2020.08.12 11:00:00|13.76|13.91|13.73|13.89|317
2020.08.12 12:00:00|13.88|13.92|13.86|13.88|144
2020.08.12 13:00:00|13.87|13.95|13.85|13.94|142
2020.08.12 14:00:00|13.95|13.95|13.88|13.89|133
2020.08.12 15:00:00|13.9|13.99|13.85|13.99|199
2020.08.12 16:00:00|13.98|14.02|13.94|14.01|265
2020.08.12 17:00:00|14|14.02|13.97|13.99|179
2020.08.12 18:00:00|14|14|13.94|13.99|129
2020.08.13 10:00:00|13.96|14.05|13.86|13.93|473
2020.08.13 11:00:00|13.94|13.96|13.87|13.95|256
2020.08.13 12:00:00|13.95|13.99|13.94|13.96|104
2020.08.13 13:00:00|13.95|13.97|13.91|13.92|113
2020.08.13 14:00:00|13.92|13.94|13.87|13.89|73
2020.08.13 15:00:00|13.89|13.93|13.88|13.89|100
2020.08.13 16:00:00|13.89|13.89|13.83|13.86|163
2020.08.13 17:00:00|13.85|13.87|13.81|13.82|178
2020.08.13 18:00:00|13.81|13.85|13.81|13.83|113
2020.08.14 10:00:00|13.79|13.81|13.62|13.65|426
2020.08.14 11:00:00|13.65|13.66|13.53|13.59|246
2020.08.14 12:00:00|13.59|13.61|13.54|13.61|164
2020.08.14 13:00:00|13.62|13.65|13.58|13.65|154
2020.08.14 14:00:00|13.64|13.67|13.63|13.65|143
2020.08.14 15:00:00|13.66|13.71|13.63|13.7|127
2020.08.14 16:00:00|13.71|13.75|13.6|13.65|274
2020.08.14 17:00:00|13.66|13.7|13.64|13.68|190
2020.08.14 18:00:00|13.69|13.71|13.65|13.7|99
2020.08.17 10:00:00|13.73|13.77|13.57|13.65|649
2020.08.17 11:00:00|13.66|13.66|13.59|13.62|307
2020.08.17 12:00:00|13.63|13.65|13.59|13.6|155
2020.08.17 13:00:00|13.6|13.64|13.59|13.64|109
2020.08.17 14:00:00|13.64|13.64|13.61|13.64|143
2020.08.17 15:00:00|13.64|13.66|13.62|13.62|102
2020.08.17 16:00:00|13.63|13.67|13.61|13.63|129
2020.08.17 17:00:00|13.62|13.65|13.6|13.63|115
2020.08.17 18:00:00|13.63|13.65|13.62|13.65|93
2020.08.18 10:00:00|13.52|13.63|13.46|13.63|542
2020.08.18 11:00:00|13.63|13.66|13.58|13.64|263
2020.08.18 12:00:00|13.63|13.66|13.6|13.63|237
2020.08.18 13:00:00|13.62|13.66|13.58|13.66|204
2020.08.18 14:00:00|13.65|13.68|13.55|13.55|160
2020.08.18 15:00:00|13.56|13.57|13.53|13.54|128
2020.08.18 16:00:00|13.54|13.55|13.47|13.49|157
2020.08.18 17:00:00|13.48|13.49|13.43|13.46|195
2020.08.18 18:00:00|13.46|13.5|13.44|13.48|114
2020.08.19 10:00:00|13.39|13.58|13.34|13.49|731
2020.08.19 11:00:00|13.5|13.5|13.37|13.39|211
2020.08.19 12:00:00|13.38|13.43|13.36|13.36|207
2020.08.19 13:00:00|13.36|13.36|13.32|13.35|110
2020.08.19 14:00:00|13.34|13.37|13.34|13.36|116
2020.08.19 15:00:00|13.35|13.37|13.35|13.37|45
2020.08.19 16:00:00|13.37|13.41|13.36|13.38|132
2020.08.19 17:00:00|13.37|13.42|13.36|13.42|127
2020.08.19 18:00:00|13.41|13.45|13.4|13.44|92
2020.08.20 10:00:00|13.32|13.37|13.23|13.3|503
2020.08.20 11:00:00|13.3|13.31|13.24|13.27|233
2020.08.20 12:00:00|13.26|13.26|13.22|13.22|117
2020.08.20 13:00:00|13.22|13.23|13.16|13.16|243
2020.08.20 14:00:00|13.17|13.17|13.09|13.11|170
2020.08.20 15:00:00|13.1|13.12|13.06|13.12|132
2020.08.20 16:00:00|13.11|13.12|13.09|13.11|124
2020.08.20 17:00:00|13.11|13.12|13.04|13.1|168
2020.08.20 18:00:00|13.1|13.12|13.06|13.1|60
2020.08.21 10:00:00|13.15|13.26|13.09|13.25|509
2020.08.21 11:00:00|13.24|13.26|13.17|13.17|218
2020.08.21 12:00:00|13.18|13.26|13.16|13.23|139
2020.08.21 13:00:00|13.23|13.25|13.2|13.23|128
2020.08.21 14:00:00|13.23|13.28|13.23|13.27|157
2020.08.21 15:00:00|13.27|13.27|13.16|13.16|240
2020.08.21 16:00:00|13.15|13.24|13.12|13.23|289
2020.08.21 17:00:00|13.24|13.25|13.18|13.21|214
2020.08.21 18:00:00|13.21|13.22|13.19|13.19|86
2020.08.24 10:00:00|13.36|13.41|13.26|13.4|498
2020.08.24 11:00:00|13.4|13.42|13.27|13.31|421
2020.08.24 12:00:00|13.32|13.37|13.26|13.29|306
2020.08.24 13:00:00|13.28|13.34|13.28|13.31|187
2020.08.24 14:00:00|13.31|13.39|13.28|13.39|147
2020.08.24 15:00:00|13.39|13.4|13.33|13.34|165
2020.08.24 16:00:00|13.34|13.36|13.27|13.28|121
2020.08.24 17:00:00|13.28|13.36|13.28|13.36|126
2020.08.24 18:00:00|13.35|13.4|13.35|13.38|79
2020.08.25 10:00:00|13.35|13.52|13.34|13.42|434
2020.08.25 11:00:00|13.43|13.44|13.34|13.38|163
2020.08.25 12:00:00|13.39|13.44|13.37|13.42|135
2020.08.25 13:00:00|13.41|13.49|13.41|13.48|136
2020.08.25 14:00:00|13.49|13.49|13.44|13.44|79
2020.08.25 15:00:00|13.44|13.47|13.43|13.45|90
2020.08.25 16:00:00|13.44|13.45|13.41|13.41|119
2020.08.25 17:00:00|13.4|13.45|13.36|13.38|241
2020.08.25 18:00:00|13.38|13.39|13.36|13.36|37
2020.08.26 10:00:00|13.39|13.45|13.37|13.45|274
2020.08.26 11:00:00|13.45|13.47|13.4|13.46|211
2020.08.26 12:00:00|13.45|13.49|13.42|13.44|155
2020.08.26 13:00:00|13.45|13.45|13.41|13.42|90
2020.08.26 14:00:00|13.41|13.41|13.34|13.34|73
2020.08.26 15:00:00|13.35|13.36|13.33|13.36|82
2020.08.26 16:00:00|13.35|13.4|13.34|13.37|117
2020.08.26 17:00:00|13.38|13.46|13.36|13.42|212
2020.08.26 18:00:00|13.43|13.44|13.4|13.43|106
2020.08.27 10:00:00|13.44|13.5|13.31|13.47|384
2020.08.27 11:00:00|13.47|13.47|13.41|13.43|292
2020.08.27 12:00:00|13.44|13.44|13.38|13.41|214
2020.08.27 13:00:00|13.41|13.5|13.4|13.49|183
2020.08.27 14:00:00|13.49|13.5|13.45|13.49|114
2020.08.27 15:00:00|13.5|13.51|13.46|13.48|112
2020.08.27 16:00:00|13.47|13.51|13.44|13.44|235
2020.08.27 17:00:00|13.45|13.46|13.39|13.45|274
2020.08.27 18:00:00|13.44|13.46|13.41|13.42|130
2020.08.28 10:00:00|13.45|13.45|13.3|13.31|484
2020.08.28 11:00:00|13.31|13.46|13.3|13.45|287
2020.08.28 12:00:00|13.44|13.5|13.44|13.48|311
2020.08.28 13:00:00|13.48|13.48|13.39|13.43|211
2020.08.28 14:00:00|13.43|13.48|13.42|13.46|229
2020.08.28 15:00:00|13.46|13.48|13.41|13.46|220
2020.08.28 16:00:00|13.47|13.5|13.46|13.46|197
2020.08.28 17:00:00|13.46|13.46|13.41|13.44|311
2020.08.28 18:00:00|13.43|13.46|13.42|13.46|96
2020.08.31 10:00:00|13.43|13.55|13.42|13.49|316
2020.08.31 11:00:00|13.48|13.64|13.45|13.6|250
2020.08.31 12:00:00|13.61|13.61|13.52|13.53|165
2020.08.31 13:00:00|13.53|13.59|13.5|13.54|147
2020.08.31 14:00:00|13.53|13.59|13.52|13.58|143
2020.08.31 15:00:00|13.58|13.63|13.56|13.62|145
2020.08.31 16:00:00|13.61|13.61|13.48|13.49|200
2020.08.31 17:00:00|13.5|13.53|13.47|13.49|222
2020.08.31 18:00:00|13.48|13.48|13.41|13.43|112
2020.09.01 10:00:00|13.42|13.55|13.34|13.48|636
2020.09.01 11:00:00|13.48|13.48|13.37|13.38|327
2020.09.01 12:00:00|13.38|13.51|13.36|13.5|256
2020.09.01 13:00:00|13.49|13.58|13.49|13.57|217
2020.09.01 14:00:00|13.57|13.59|13.52|13.55|223
2020.09.01 15:00:00|13.55|13.55|13.42|13.43|172
2020.09.01 16:00:00|13.42|13.46|13.37|13.43|535
2020.09.01 17:00:00|13.43|13.48|13.41|13.43|349
2020.09.01 18:00:00|13.42|13.43|13.38|13.42|226
2020.09.02 10:00:00|13.4|13.59|13.38|13.56|514
2020.09.02 11:00:00|13.55|13.78|13.54|13.71|309
2020.09.02 12:00:00|13.72|13.75|13.67|13.72|255
2020.09.02 13:00:00|13.71|13.73|13.68|13.7|126
2020.09.02 14:00:00|13.7|13.71|13.63|13.63|141
2020.09.02 15:00:00|13.64|13.65|13.54|13.54|140
2020.09.02 16:00:00|13.55|13.57|13.49|13.53|219
2020.09.02 17:00:00|13.49|13.63|13.49|13.52|303
2020.09.02 18:00:00|13.51|13.54|13.47|13.5|156
2020.09.03 10:00:00|13.63|13.83|13.63|13.82|408
2020.09.03 11:00:00|13.83|13.97|13.81|13.91|338
2020.09.03 12:00:00|13.9|13.93|13.86|13.92|206
2020.09.03 13:00:00|13.92|13.95|13.91|13.94|228
2020.09.03 14:00:00|13.94|14.02|13.91|13.93|411
2020.09.03 15:00:00|13.93|13.95|13.87|13.88|208
2020.09.03 16:00:00|13.87|13.97|13.84|13.96|284
2020.09.03 17:00:00|13.96|14|13.94|13.95|405
2020.09.03 18:00:00|13.96|13.96|13.82|13.88|383
2020.09.04 10:00:00|13.73|14.01|13.71|14.01|690
2020.09.04 11:00:00|14|14.18|13.97|14.15|517
2020.09.04 12:00:00|14.14|14.23|14.09|14.22|261
2020.09.04 13:00:00|14.22|14.29|14.21|14.27|258
2020.09.04 14:00:00|14.27|14.28|14.23|14.24|202
2020.09.04 15:00:00|14.24|14.41|14.23|14.41|337
2020.09.04 16:00:00|14.41|14.45|14.37|14.39|351
2020.09.04 17:00:00|14.39|14.4|14.23|14.23|532
2020.09.04 18:00:00|14.23|14.28|14.21|14.25|332
2020.09.07 10:00:00|14.27|14.27|14.02|14.09|674
2020.09.07 11:00:00|14.09|14.12|13.98|14|334
2020.09.07 12:00:00|14|14.1|13.99|14.08|167
2020.09.07 13:00:00|14.07|14.09|14|14.01|162
2020.09.07 14:00:00|14|14.13|14|14.09|135
2020.09.07 15:00:00|14.1|14.21|14.09|14.19|143
2020.09.07 16:00:00|14.18|14.23|14.16|14.21|135
2020.09.07 17:00:00|14.21|14.27|14.2|14.23|153
2020.09.07 18:00:00|14.23|14.26|14.19|14.2|101
2020.09.08 10:00:00|14.28|14.4|14.22|14.37|577
2020.09.08 11:00:00|14.38|14.4|14.23|14.28|424
2020.09.08 12:00:00|14.27|14.32|14.26|14.29|322
2020.09.08 13:00:00|14.28|14.31|14.25|14.26|277
2020.09.08 14:00:00|14.26|14.3|14.22|14.26|311
2020.09.08 15:00:00|14.25|14.3|14.22|14.26|347
2020.09.08 16:00:00|14.26|14.3|14.24|14.27|524
2020.09.08 17:00:00|14.27|14.32|14.22|14.31|440
2020.09.08 18:00:00|14.31|14.34|14.3|14.31|290
2020.09.09 10:00:00|14.34|14.47|14.27|14.34|748
2020.09.09 11:00:00|14.35|14.55|14.35|14.43|388
2020.09.09 12:00:00|14.41|14.59|14.4|14.58|285
2020.09.09 13:00:00|14.59|14.59|14.5|14.57|278
2020.09.09 14:00:00|14.57|14.63|14.53|14.61|216
2020.09.09 15:00:00|14.6|14.71|14.6|14.7|232
2020.09.09 16:00:00|14.69|14.79|14.67|14.77|275
2020.09.09 17:00:00|14.76|14.78|14.69|14.7|226
2020.09.09 18:00:00|14.69|14.69|14.63|14.69|138
2020.09.10 10:00:00|14.71|14.73|14.6|14.73|543
2020.09.10 11:00:00|14.72|14.78|14.68|14.71|246
2020.09.10 12:00:00|14.7|14.76|14.7|14.76|136
2020.09.10 13:00:00|14.76|14.77|14.73|14.74|131
2020.09.10 14:00:00|14.74|14.76|14.71|14.74|144
2020.09.10 15:00:00|14.74|14.75|14.7|14.71|158
2020.09.10 16:00:00|14.71|14.76|14.7|14.71|234
2020.09.10 17:00:00|14.71|14.72|14.64|14.67|341
2020.09.10 18:00:00|14.68|14.76|14.67|14.76|189
2020.09.11 10:00:00|14.72|14.76|14.62|14.65|488
2020.09.11 11:00:00|14.66|14.67|14.56|14.59|282
2020.09.11 12:00:00|14.58|14.63|14.58|14.6|139
2020.09.11 13:00:00|14.61|14.68|14.54|14.65|295
2020.09.11 14:00:00|14.65|14.69|14.62|14.66|424
2020.09.11 15:00:00|14.65|14.67|14.57|14.59|195
2020.09.11 16:00:00|14.58|14.65|14.55|14.58|288
2020.09.11 17:00:00|14.57|14.64|14.57|14.61|357
2020.09.11 18:00:00|14.6|14.63|14.56|14.57|158
2020.09.14 10:00:00|14.63|14.7|14.59|14.61|361
2020.09.14 11:00:00|14.61|14.73|14.61|14.7|280
2020.09.14 12:00:00|14.69|14.74|14.66|14.67|230
2020.09.14 13:00:00|14.67|14.71|14.65|14.7|98
2020.09.14 14:00:00|14.71|14.73|14.67|14.69|51
2020.09.14 15:00:00|14.68|14.71|14.65|14.71|119
2020.09.14 16:00:00|14.71|14.72|14.6|14.61|150
2020.09.14 17:00:00|14.61|14.62|14.53|14.55|165
