2020.04.10 05:30:00|12975.65|13010.67|12899.57|12900.46|18768
2020.04.10 08:00:00|12899.75|12900.95|12820.27|12834.36|18966
2020.04.10 09:00:00|12834.41|12865.35|12812.64|12848.26|18235
2020.04.13 04:30:00|12787.73|12854.42|12781.17|12839.22|9525
2020.04.13 05:30:00|12839.45|12875.92|12829.36|12844.87|8654
2020.04.13 08:00:00|12836.03|12850.51|12797.07|12817.85|9380
2020.04.13 09:00:00|12818.63|12831.33|12797.99|12817.71|9879
2020.04.14 04:30:00|12889.2|12936.15|12859.01|12925.08|7624
2020.04.14 05:30:00|12924.36|12941.37|12914.16|12921.87|6268
2020.04.14 08:00:00|12934.59|12980.95|12912.11|12976.97|7833
2020.04.14 09:00:00|12976.72|13021.75|12962.45|13020.33|9272
2020.04.15 04:30:00|13007.55|13051.62|12975.92|13000.77|9793
2020.04.15 05:30:00|13000.48|13015.28|12945.59|12969.92|9089
2020.04.15 08:00:00|12966.86|12998.66|12934.89|12944.44|9226
2020.04.15 09:00:00|12945.08|12946.93|12908.77|12928.64|9386
2020.04.16 04:30:00|12899.82|12938.96|12866.17|12924.7|8544
2020.04.16 05:30:00|12924.9|12952.01|12879.16|12882.73|6984
2020.04.16 08:00:00|12890.02|12940.41|12886.44|12926.94|7074
2020.04.16 09:00:00|12926.89|12937.44|12903.93|12920.37|8387
2020.04.17 04:30:00|13034.49|13118.45|12998.9|13116.08|9822
2020.04.17 05:30:00|13116.33|13128.5|13068.89|13106.19|8875
2020.04.17 08:00:00|13111.89|13178.01|13108.92|13174.46|9355
2020.04.17 09:00:00|13173.81|13174.78|13072.62|13092.62|9349
2020.04.20 04:30:00|13107.03|13120.97|13053.44|13109.39|8208
2020.04.20 05:30:00|13109.24|13152.2|13097.16|13133.84|7535
2020.04.20 08:00:00|13127.5|13142.39|13111.26|13130.03|8269
2020.04.20 09:00:00|13129.61|13151.95|13120.89|13143.11|8663
2020.04.21 04:30:00|13085.01|13102.7|12978.66|12982.34|8703
2020.04.21 05:30:00|12981.19|12987.33|12928.81|12933.8|7265
2020.04.21 08:00:00|12928.37|12946.7|12901|12934.96|6874
2020.04.21 09:00:00|12934.11|12996.67|12932.06|12985.6|7316
2020.04.22 04:30:00|12911.84|13015.93|12910.98|12987.99|9227
2020.04.22 05:30:00|12989.97|13018.05|12967.63|12987.36|7178
2020.04.22 08:00:00|12986.21|13081.24|12981.17|13071.24|7335
2020.04.22 09:00:00|13070.51|13086.63|13056.38|13085.23|7788
2020.04.23 04:30:00|13131.99|13183.06|13091.22|13116.12|9906
2020.04.23 05:30:00|13116.45|13136.89|13071.81|13080.45|8926
2020.04.23 08:00:00|13094.4|13128.71|13087.04|13117.13|8657
2020.04.23 09:00:00|13116.25|13119.33|13060.77|13073.41|9875
2020.04.24 04:30:00|13043.24|13046.67|12984.44|12992.52|9450
2020.04.24 05:30:00|12993.85|13050.28|12991.38|13025.71|8356
2020.04.24 08:00:00|13024.55|13026.62|12985.8|12993.63|8994
2020.04.24 09:00:00|12992.37|12997.74|12960.15|12991.28|9293
2020.04.27 04:30:00|13062.86|13200.91|13034.04|13186.52|10279
2020.04.27 05:30:00|13184.95|13208.28|13160.38|13170.62|9536
2020.04.27 08:00:00|13181.6|13190.06|13145.58|13172.32|9143
2020.04.27 09:00:00|13171.47|13173.35|13125.3|13142.1|9643
2020.04.28 04:30:00|13181.58|13202.61|13046.78|13152.38|9092
2020.04.28 05:30:00|13152.25|13293.34|13151.16|13286.78|8964
2020.04.28 08:00:00|13285.1|13315.41|13259.11|13306.96|8886
2020.04.28 09:00:00|13308.94|13310.6|13248.11|13272.45|9459
2020.04.29 04:30:00|13229.45|13412.54|13226.47|13405.51|9554
2020.04.29 05:30:00|13404.86|13405.02|13342.05|13359.81|7527
2020.04.29 08:00:00|13359.22|13365.07|13295.11|13325.55|7559
2020.04.29 09:00:00|13324.79|13335.49|13300.09|13320.81|7373
2020.04.30 04:30:00|13414.09|13554.47|13400.88|13499.61|8578
2020.04.30 05:30:00|13500.31|13501.8|13446.27|13458.22|8418
2020.04.30 08:00:00|13462.96|13470.46|13416.14|13435.75|7968
2020.04.30 09:00:00|13435.96|13457.05|13410.67|13434.09|9048
2020.05.04 05:30:00|12881.9|12887.3|12870.88|12876|1001
2020.05.04 08:00:00|12861.37|12871.46|12817.33|12830.21|6804
2020.05.04 09:00:00|12830.04|12865.6|12813.74|12861.88|10435
2020.05.05 04:30:00|12886.72|12899.08|12847.29|12863.43|12183
2020.05.05 05:30:00|12863.44|12878.76|12828.09|12862.1|7996
2020.05.05 08:00:00|12878.07|12914.72|12875.34|12910.71|6033
2020.05.05 09:00:00|12910.47|12933.15|12884.58|12932.08|7187
2020.05.06 04:30:00|13172.06|13338.92|13164.45|13310.57|10860
2020.05.06 05:30:00|13308.7|13356.66|13285.89|13356|9457
2020.05.06 08:00:00|13354.18|13375.67|13337.51|13374.07|9376
2020.05.06 09:00:00|13374.81|13433.33|13367.27|13432.39|9341
2020.05.07 04:30:00|13402.88|13408.12|13357.2|13383.27|9375
2020.05.07 05:30:00|13383.89|13436.47|13373.52|13412.45|6834
2020.05.07 08:00:00|13407.62|13416.9|13363.72|13398.52|8156
2020.05.07 09:00:00|13398.5|13425.94|13379.76|13388.09|7926
2020.05.08 04:30:00|13444.02|13504.32|13409.06|13503.15|9443
2020.05.08 05:30:00|13500.13|13536.1|13480.92|13535.58|9022
2020.05.08 08:00:00|13544.49|13562.33|13508.17|13514.65|9134
2020.05.08 09:00:00|13514.95|13524.76|13501.63|13512.11|9164
2020.05.11 04:30:00|13562.6|13653.66|13560.85|13579.92|9560
2020.05.11 05:30:00|13579.14|13603.32|13559.5|13559.51|8637
2020.05.11 08:00:00|13548.36|13552.98|13506.94|13520.91|9093
2020.05.11 09:00:00|13520.96|13539.7|13479.73|13518.86|9289
2020.05.12 04:30:00|13524.65|13565|13473.12|13527.19|7150
2020.05.12 05:30:00|13528.36|13535.57|13467.61|13469.54|7918
2020.05.12 08:00:00|13475.81|13523.41|13438.16|13515.58|7489
2020.05.12 09:00:00|13514.66|13518.93|13484.03|13513.37|8525
2020.05.13 04:30:00|13455.27|13457.95|13401.82|13433.41|7132
2020.05.13 05:30:00|13433|13461.05|13426.7|13453.58|7329
2020.05.13 08:00:00|13459.12|13481.29|13455.94|13477.68|6657
2020.05.13 09:00:00|13477.85|13529.13|13476.91|13509.74|8582
2020.05.14 04:30:00|13451.95|13452.7|13396.65|13402.86|7590
2020.05.14 05:30:00|13403.64|13437.77|13392.9|13430.8|6416
2020.05.14 08:00:00|13410.58|13413.92|13384.94|13397.19|6598
2020.05.14 09:00:00|13397.29|13402.13|13362.04|13369.41|8124
2020.05.15 04:30:00|13437.16|13448.39|13293.89|13316.23|9082
2020.05.15 05:30:00|13316.96|13356.65|13315.66|13351.11|6977
2020.05.15 08:00:00|13358.3|13380.03|13329.51|13333.64|7883
2020.05.15 09:00:00|13332.97|13343.66|13301.6|13308.14|7880
2020.05.18 04:30:00|13310.46|13385.38|13260.92|13373.74|9626
2020.05.18 05:30:00|13373.98|13393.15|13354.06|13387.45|8537
2020.05.18 08:00:00|13380.75|13434.54|13378.51|13423.75|8722
2020.05.18 09:00:00|13423.31|13425.03|13358.84|13377.75|8870
2020.05.19 04:30:00|13512.89|13531.06|13461.19|13487.51|7289
2020.05.19 05:30:00|13486.98|13492.28|13434.6|13449.07|7109
2020.05.19 08:00:00|13452.64|13472.36|13444.28|13456.09|8043
2020.05.19 09:00:00|13457.97|13472.53|13445.12|13464.59|9008
2020.05.20 04:30:00|13454.41|13480.12|13410.61|13412.56|9499
2020.05.20 05:30:00|13413.35|13441.38|13405.03|13424.08|8596
2020.05.20 08:00:00|13428.37|13487.71|13418.91|13449.55|8437
2020.05.20 09:00:00|13448.31|13456.52|13400.76|13444.08|8739
2020.05.21 04:30:00|13482.99|13513.98|13455.92|13462.54|8061
2020.05.21 05:30:00|13462.07|13495.28|13449.53|13481.04|8785
2020.05.21 08:00:00|13485.29|13499.94|13462.09|13488.97|8850
2020.05.21 09:00:00|13489.36|13492.09|13407.26|13429.84|9127
2020.05.22 04:30:00|13357.66|13366.58|13243.97|13244.99|7433
2020.05.22 05:30:00|13244.88|13280.83|13206.99|13217.53|7404
2020.05.22 08:00:00|13192.69|13198.46|13110.01|13142.98|8461
2020.05.22 09:00:00|13142.72|13182.88|13091.75|13103.97|8935
2020.05.25 04:30:00|13088.9|13144.04|13004.22|13105.2|8997
2020.05.25 05:30:00|13106.3|13134.71|13064.73|13103.83|6772
2020.05.25 08:00:00|13111.08|13138.14|13085.59|13091.02|6866
2020.05.25 09:00:00|13091.62|13139.16|13090.52|13139.16|6821
2020.05.26 04:30:00|13197.32|13246.27|13195.55|13239.39|9635
2020.05.26 05:30:00|13238.55|13242.85|13201.43|13229.46|8750
2020.05.26 08:00:00|13227.41|13247.89|13218.38|13236.63|8765
2020.05.26 09:00:00|13237.53|13268.64|13228.97|13268.64|8904
2020.05.27 04:30:00|13235.68|13299.6|13219.91|13228.85|8347
2020.05.27 05:30:00|13230.57|13254.37|13205.77|13250.85|6643
2020.05.27 08:00:00|13239.91|13252.45|13201.94|13201.94|6486
2020.05.27 09:00:00|13202.12|13219.9|13177.86|13207.1|8174
2020.05.28 04:30:00|13218.27|13371.33|13211.4|13305.97|13679
2020.05.28 05:30:00|13305.43|13314.38|13189.38|13194.56|6871
2020.05.28 08:00:00|13170.48|13249.35|13155.77|13218.38|6869
2020.05.28 09:00:00|13221.01|13294.15|13217.53|13272.51|7472
2020.05.29 04:30:00|13174.07|13270.45|13165.78|13265.75|9303
2020.05.29 05:30:00|13266.4|13282.78|13224.34|13239.29|8547
2020.05.29 08:00:00|13246.5|13264.83|13223.19|13252.34|9293
2020.05.29 09:00:00|13251.35|13255.32|13233.11|13248.51|9355
2020.06.01 04:30:00|13421.05|13504.92|13421.05|13500.46|10404
2020.06.01 05:30:00|13500.24|13560.06|13488.17|13559.06|9294
2020.06.01 08:00:00|13565.96|13611.21|13557.18|13609.24|9371
2020.06.01 09:00:00|13609.59|13611.47|13567.85|13585.05|9454
2020.06.02 04:30:00|13580.47|13653.68|13564.5|13618.95|10258
2020.06.02 05:30:00|13618.98|13655.25|13614.4|13637.75|9260
2020.06.02 08:00:00|13636.09|13708.9|13628.97|13706.47|9188
2020.06.02 09:00:00|13705.95|13723.83|13660.11|13674.12|9550
2020.06.03 04:30:00|13771.73|13857.06|13756.11|13759.5|9732
2020.06.03 05:30:00|13758.97|13774.42|13734.06|13762.54|8809
2020.06.03 08:00:00|13764.8|13772.19|13721.66|13735.08|9181
2020.06.03 09:00:00|13734.82|13745.34|13689.08|13695.27|10089
2020.06.04 04:30:00|13756.43|13769.23|13664.47|13688|8320
2020.06.04 05:30:00|13687.33|13698.78|13661.91|13685.89|7755
2020.06.04 08:00:00|13683.31|13720.41|13682.45|13700.87|7906
2020.06.04 09:00:00|13700.58|13726.1|13681.33|13696.5|9333
2020.06.05 04:30:00|13717.44|13728.86|13642.2|13675.65|9762
2020.06.05 05:30:00|13674.44|13700.55|13650.66|13652.89|8878
2020.06.05 08:00:00|13678.94|13709.06|13653.23|13707.55|8515
2020.06.05 09:00:00|13707.44|13747|13704.84|13745.46|9623
2020.06.08 04:30:00|13865.15|13954.91|13860.85|13881.17|10453
2020.06.08 05:30:00|13880.38|13900.94|13847.77|13858.56|8670
2020.06.08 08:00:00|13854.51|13878.29|13831.28|13848.5|8524
2020.06.08 09:00:00|13847.78|13874.42|13839.31|13853.98|9366
2020.06.09 04:30:00|13832.35|13925.08|13825.34|13862.39|9918
2020.06.09 05:30:00|13863.02|13931.37|13859.83|13921.5|8585
2020.06.09 08:00:00|13928.62|13946.8|13911.75|13922.49|8577
2020.06.09 09:00:00|13923.02|13923.25|13887.99|13911.73|8478
2020.06.10 04:30:00|13901.7|13918.6|13854.05|13897.27|9913
2020.06.10 05:30:00|13897.15|13897.21|13838.15|13847.37|9291
2020.06.10 08:00:00|13840.5|13878.08|13840.5|13874.64|9565
2020.06.10 09:00:00|13873.29|13878.18|13843.98|13873.36|9333
2020.06.11 04:30:00|13763.79|13812.62|13757.89|13769.53|9856
2020.06.11 05:30:00|13770.15|13809.65|13741.03|13791.4|9462
2020.06.11 08:00:00|13751.67|13752.42|13653.01|13668.14|9045
2020.06.11 09:00:00|13667.1|13668.42|13604.7|13652.87|9522
2020.06.12 04:30:00|13475.54|13592.01|13471.05|13554.03|17439
2020.06.12 05:30:00|13553.97|13631.48|13547.92|13627.33|12447
2020.06.12 08:00:00|13615.72|13656.35|13598.69|13656.35|15270
2020.06.12 09:00:00|13657.27|13709.58|13621.75|13641.44|16228
2020.06.15 04:30:00|13604.57|13634.62|13571.07|13632.88|8548
2020.06.15 05:30:00|13631.91|13633|13578.6|13598.72|8254
2020.06.15 08:00:00|13569.75|13573.65|13465.98|13467.22|8991
2020.06.15 09:00:00|13467.24|13526.11|13460.21|13468.68|9344
2020.06.16 04:30:00|13601.21|13641.61|13578.2|13608.68|9724
2020.06.16 05:30:00|13609.37|13643.61|13573.47|13581.01|9259
2020.06.16 08:00:00|13601.21|13641.25|13601.21|13629.41|8897
2020.06.16 09:00:00|13629.11|13647.27|13613.27|13644.81|9344
2020.06.17 04:30:00|13598.26|13629.29|13574.5|13598.43|9197
2020.06.17 05:30:00|13598.45|13615.65|13556.75|13608.29|8613
2020.06.17 08:00:00|13608.03|13614|13584.14|13600.1|8306
2020.06.17 09:00:00|13600.73|13646.52|13588.92|13637.5|9089
2020.06.18 04:30:00|13598.66|13643.36|13558.91|13642.21|9222
2020.06.18 05:30:00|13641.09|13716.3|13607.27|13699.58|8774
2020.06.18 08:00:00|13706.7|13728.8|13690.27|13718.04|8763
2020.06.18 09:00:00|13717.92|13725.21|13678.24|13719.21|9378
2020.06.19 04:30:00|13731.38|13860.16|13728.92|13832.19|10242
2020.06.19 05:30:00|13831.29|13851.23|13798.31|13818.8|9833
2020.06.19 08:00:00|13827.44|13898.51|13826.88|13896.53|9969
2020.06.19 09:00:00|13898.41|13925.9|13877.53|13885.48|10161
2020.06.22 04:30:00|13835.67|13925.84|13812.78|13908.32|17236
2020.06.22 05:30:00|13906.35|13915.39|13857.7|13876.91|16602
2020.06.22 08:00:00|13872.45|13875.56|13816.98|13817.64|16921
2020.06.22 09:00:00|13817.72|13833.5|13789|13828.95|17163
2020.06.23 04:30:00|13746.93|13837.13|13741.79|13833.83|16174
2020.06.23 05:30:00|13833.82|13874.38|13822.1|13861|17301
2020.06.23 08:00:00|13865.49|13869.25|13817.37|13830.09|17489
2020.06.23 09:00:00|13830.52|13862.44|13812.33|13859.09|17889
2020.06.24 04:30:00|13863.66|13942.68|13863.34|13890.35|16156
2020.06.24 05:30:00|13890.26|13910.56|13875.45|13883.52|17004
2020.06.24 08:00:00|13888.95|13921.54|13875.89|13905.26|17774
2020.06.24 09:00:00|13906.08|13940.04|13893.42|13924.61|18390
2020.06.26 04:30:00|13811.45|13860.2|13803.95|13846.45|888
2020.06.26 05:30:00|13848.95|13872.7|13835.2|13855.2|292
2020.06.26 08:00:00|13854.84|13874.84|13832.34|13836.09|227
2020.06.26 09:00:00|13837.34|13843.59|13826.09|13832.34|271
2020.06.29 04:30:00|13912.64|13925.3|13804.32|13818.67|20926
2020.06.29 05:30:00|13818.75|13820.4|13772.72|13788.8|18293
2020.06.29 08:00:00|13778.47|13808.64|13774.4|13793.78|17920
2020.06.29 09:00:00|13794.06|13835.99|13779.87|13832.1|19185
2020.06.30 04:30:00|13894.45|13935.59|13892.17|13918.22|20640
2020.06.30 05:30:00|13918.27|13934.93|13885.89|13928.24|19110
2020.06.30 08:00:00|13930.18|13977.36|13922.87|13945.89|19718
2020.06.30 09:00:00|13946.28|13954.04|13897.78|13948.45|19424
2020.07.01 04:30:00|13972.43|14101.12|13951.08|14099.83|21106
2020.07.01 05:30:00|14099.15|14213.06|14099.15|14212.87|19259
2020.07.01 08:00:00|14239.94|14293.28|14157.73|14201.36|20108
2020.07.01 09:00:00|14202.05|14309.31|14177.15|14308.41|19836
2020.07.02 04:30:00|14314.71|14406.26|14308.68|14379.2|22800
2020.07.02 05:30:00|14380.09|14466.99|14371.23|14463.65|20488
2020.07.02 08:00:00|14479.12|14553.32|14468.89|14526.92|21084
2020.07.02 09:00:00|14526.43|14639.92|14517|14626.53|21529
2020.07.03 04:30:00|14731.43|14852.75|14729.39|14753.07|23672
2020.07.03 05:30:00|14753.18|14795.72|14671.6|14748.15|21249
2020.07.03 08:00:00|14740.1|14782.82|14691.91|14774.68|20358
2020.07.03 09:00:00|14775.04|14923.4|14731.48|14919.06|21182
2020.07.06 04:30:00|15125.69|15566.98|15121.7|15420.14|23296
2020.07.06 05:30:00|15421.48|15607.72|15396.91|15603.29|21537
2020.07.06 08:00:00|15619.02|15856.58|15617.22|15828.67|22414
2020.07.06 09:00:00|15827.5|15942.26|15821.24|15920.81|21640
2020.07.07 04:30:00|16227.11|16333.48|16061.02|16081.82|23089
2020.07.07 05:30:00|16080.28|16188.65|16010.41|16172.48|22059
2020.07.07 08:00:00|16207.27|16342.54|16152.22|16178.15|21844
2020.07.07 09:00:00|16178.38|16188.84|16001.92|16003.38|22839
2020.07.08 04:30:00|16007.4|16184.62|15909.14|15942.77|23633
2020.07.08 05:30:00|15942.71|16076.95|15931.39|16033.06|21849
2020.07.08 08:00:00|16017.6|16073.07|15928.93|16007.49|22072
2020.07.08 09:00:00|16007.45|16313.99|16005.31|16151.99|24139
2020.07.09 04:30:00|16142.55|16211.34|16037.41|16073.38|23297
2020.07.09 05:30:00|16072.08|16197.86|16027.9|16196.5|22199
2020.07.09 08:00:00|16221.14|16244.25|16152.78|16186.82|22844
2020.07.09 09:00:00|16186.88|16210.79|16080.9|16209.01|23454
2020.07.10 04:30:00|16009.32|16076.64|15985.96|16013.99|23211
2020.07.10 05:30:00|16013.23|16036.18|15896.2|15969.32|22376
2020.07.10 08:00:00|15939.66|15962.62|15828.36|15884.72|21522
2020.07.10 09:00:00|15884.89|15933.53|15741.47|15802.21|23565
2020.07.13 04:30:00|15790.3|15883.29|15739.17|15868.61|23955
2020.07.13 05:30:00|15868.14|15979.05|15859.77|15972.16|21584
2020.07.13 08:00:00|15989.53|16152.21|15987.08|16079.21|22838
2020.07.13 09:00:00|16079.37|16090.45|15933.5|15998.95|22381
2020.07.14 04:30:00|15907.15|16028.57|15860.51|15866.46|23213
2020.07.14 05:30:00|15865.52|15910.92|15770.48|15811.63|22392
2020.07.14 08:00:00|15798.42|15854.91|15634.07|15681.39|22242
2020.07.14 09:00:00|15681.59|15853.1|15649.37|15829.81|23007
2020.07.15 04:30:00|15884.27|15929.94|15782.72|15816.44|23500
2020.07.15 05:30:00|15816.47|15821.42|15623.83|15705.11|23371
2020.07.15 08:00:00|15714.43|15849.79|15673.68|15818.16|21719
2020.07.15 09:00:00|15817.67|15825.22|15658.89|15673.54|23328
2020.07.16 04:30:00|15682.28|15723.05|15387|15394.45|24254
2020.07.16 05:30:00|15394.29|15488.51|15273.62|15367.12|22407
2020.07.16 08:00:00|15337.19|15361.58|15081.48|15219.63|23398
2020.07.16 09:00:00|15220.68|15289.41|14960.36|14964.17|24248
2020.07.17 04:30:00|15106.6|15233.38|14991.4|15222.91|23270
2020.07.17 05:30:00|15222.44|15251.02|14977.84|14979.91|21675
2020.07.17 08:00:00|14965.6|15093.04|14938.46|15041.32|21191
2020.07.17 09:00:00|15041.47|15150.38|15016.96|15110.1|21171
2020.07.20 04:30:00|15256.52|15286.47|15039.13|15236.39|23307
2020.07.20 05:30:00|15235.66|15490.24|15224.98|15479.61|22083
2020.07.20 08:00:00|15464.52|15482.67|15376.81|15385.76|20676
2020.07.20 09:00:00|15385.64|15513.13|15362.01|15482.78|21236
2020.07.21 04:30:00|15517.57|15556.36|15434.17|15492.86|22494
2020.07.21 05:30:00|15492.42|15519.55|15426.3|15472.32|20670
2020.07.21 08:00:00|15472.67|15487.26|15401.24|15464.29|19643
2020.07.21 09:00:00|15464.13|15503.09|15426.02|15478|20637
2020.07.22 04:30:00|15438.85|15690.7|15432.12|15689.35|22386
2020.07.22 05:30:00|15689.92|15808.44|15636.73|15673.16|21705
2020.07.22 08:00:00|15667.5|15708.57|15570.27|15594.78|20137
2020.07.22 09:00:00|15594.79|15644.85|15475.11|15533.13|21710
2020.07.23 04:30:00|15382.62|15537.56|15205.72|15284.4|23545
2020.07.23 05:30:00|15284.01|15354.57|15181.16|15351.4|22039
2020.07.23 08:00:00|15351.47|15410.69|15298.58|15395.05|20188
2020.07.23 09:00:00|15396.31|15474.73|15393.33|15446.02|20671
2020.07.24 04:30:00|15331.13|15368.88|15175.18|15197.11|22717
2020.07.24 05:30:00|15201.03|15206.2|15013.17|15016.57|21313
2020.07.24 08:00:00|14978.28|14979.03|14841.09|14844.58|22662
2020.07.24 09:00:00|14845.05|14966.59|14751.42|14853.77|22345
2020.07.27 04:30:00|14985.4|15014.55|14814.18|14816.88|22837
2020.07.27 05:30:00|14816.03|14912.28|14806.79|14833.93|20343
2020.07.27 08:00:00|14825.33|14891.01|14750.5|14873.38|20393
2020.07.27 09:00:00|14873.83|14880.4|14791.91|14871.57|20284
2020.07.28 04:30:00|14989.06|15120.53|14963.11|15114.98|22416
2020.07.28 05:30:00|15117.65|15135.59|15007.25|15034.1|20903
2020.07.28 08:00:00|15028.76|15058.63|14983.87|15013.69|20345
2020.07.28 09:00:00|15013.7|15057.94|14976.22|15057.68|20091
2020.07.29 04:30:00|15016.98|15234.71|14972.91|15226.74|23086
2020.07.29 05:30:00|15226.69|15289.11|15161.03|15174.27|21349
2020.07.29 08:00:00|15160.11|15234.96|15144.78|15218.21|20192
2020.07.29 09:00:00|15218.67|15301.69|15193.98|15288.93|20627
2020.07.30 04:30:00|15271.38|15367.74|15253.15|15257.86|22609
2020.07.30 05:30:00|15258.36|15313.72|15223.4|15268.4|19967
2020.07.30 08:00:00|15254.14|15284.88|15215.26|15281.21|19272
2020.07.30 09:00:00|15281.23|15289.1|15189.75|15206.07|20856
2020.07.31 04:30:00|15245.45|15451.56|15240.93|15301.39|23086
2020.07.31 05:30:00|15301.73|15315.27|15058.85|15191.9|22263
2020.07.31 08:00:00|15212.48|15249.82|15170.77|15200.38|19268
2020.07.31 09:00:00|15200.41|15285.38|15168.53|15267.09|20763
2020.08.03 04:30:00|15420.23|15425.12|15259.83|15260.73|23543
2020.08.03 05:30:00|15260.79|15360.86|15248.89|15287.94|20756
2020.08.03 08:00:00|15303.7|15320.97|15269.33|15316.77|20118
2020.08.03 09:00:00|15317.47|15363.72|15277.72|15359.09|20661
2020.08.04 04:30:00|15352.37|15423.47|15323.33|15331.46|23027
2020.08.04 05:30:00|15331.22|15510.18|15324.09|15437.59|21399
2020.08.04 08:00:00|15423.73|15528.13|15382.41|15512.36|20245
2020.08.04 09:00:00|15512.4|15548.41|15438.18|15473.26|21209
2020.08.05 04:30:00|15377.01|15392.34|15230.85|15343.66|23500
2020.08.05 05:30:00|15343.1|15400.66|15293.83|15399.65|20000
2020.08.05 08:00:00|15369.77|15386.68|15313.91|15328.98|19685
2020.08.05 09:00:00|15328.07|15363.43|15313.49|15360.17|20148
2020.08.06 04:30:00|15387.49|15444.06|15253.51|15254.12|22972
2020.08.06 05:30:00|15254.73|15274.47|15133.89|15245.54|20938
2020.08.06 08:00:00|15228.1|15250.32|15135.22|15164.54|19407
2020.08.06 09:00:00|15165.15|15333.03|15164.65|15314|21315
2020.08.07 04:30:00|15218.75|15309.86|15183.03|15194.19|22675
2020.08.07 05:30:00|15193.78|15209.69|15104.87|15105.27|20139
2020.08.07 08:00:00|15062.25|15141.58|14991.41|15120.94|20636
2020.08.07 09:00:00|15120.43|15286.43|15119.68|15184.16|21404
2020.08.10 04:30:00|15151.64|15272.35|15010.53|15231.92|24670
2020.08.10 05:30:00|15231.86|15279.63|15172.65|15241.75|20895
2020.08.10 08:00:00|15256.91|15320.38|15240.2|15309.74|20554
2020.08.10 09:00:00|15309.5|15372.65|15249.68|15271.74|20870
2020.08.11 04:30:00|15358.29|15554.61|15351.91|15510.09|22647
2020.08.11 05:30:00|15510.21|15511.33|15419.06|15457.22|19922
2020.08.11 08:00:00|15471.02|15509.95|15457.56|15480.13|18754
2020.08.11 09:00:00|15480.17|15502.47|15224.42|15249.94|22280
2020.08.12 04:30:00|15260.21|15289.21|15076.71|15114.53|23587
2020.08.12 05:30:00|15114.43|15189.39|15056.14|15059.54|20997
2020.08.12 08:00:00|15029.79|15143.02|15013.98|15120.18|20248
2020.08.12 09:00:00|15119.9|15228.29|15111.86|15224.74|21087
2020.08.13 04:30:00|15313.48|15313.85|15140.84|15187.16|22020
2020.08.13 05:30:00|15187.49|15229.32|15155.45|15177.94|19606
2020.08.13 08:00:00|15172.26|15218.31|15168.73|15190.79|18614
2020.08.13 09:00:00|15191.36|15199.43|15139.31|15170.52|19958
2020.08.14 04:30:00|15140.54|15256.84|15119.68|15216.27|21925
2020.08.14 05:30:00|15215.86|15217.44|15149.46|15196.09|19470
2020.08.14 08:00:00|15198.75|15277.09|15194.45|15270.9|19088
2020.08.14 09:00:00|15272.3|15400.38|15258.97|15379.78|21015
2020.08.17 04:30:00|15494.34|15703.01|15454.7|15643.47|25634
2020.08.17 05:30:00|15642.96|15762.61|15633.22|15759.04|22445
2020.08.17 08:00:00|15761.72|15839.49|15755.43|15770.2|23044
2020.08.17 09:00:00|15769.89|15781.38|15685.49|15720.43|21768
2020.08.18 04:30:00|15689.95|15736.51|15629.7|15708.75|22953
2020.08.18 05:30:00|15707.82|15730.25|15647.97|15727.97|20346
2020.08.18 08:00:00|15714.18|15743.87|15672.62|15680.83|19854
2020.08.18 09:00:00|15679.97|15695.63|15604.97|15685.79|20274
2020.08.19 04:30:00|15611.88|15683.09|15538.02|15539.64|21957
2020.08.19 05:30:00|15539.78|15638.6|15531.41|15602.52|19563
2020.08.19 08:00:00|15606.02|15664.67|15555.84|15571.76|19916
2020.08.19 09:00:00|15571.25|15594.75|15453.28|15476.6|21443
2020.08.20 04:30:00|15323.61|15368.69|15257.03|15266.68|22944
2020.08.20 05:30:00|15266.42|15314.22|15226.2|15240.4|19721
2020.08.20 08:00:00|15242.69|15295.15|15235.2|15273.48|19074
2020.08.20 09:00:00|15273.59|15282.99|15211.89|15257.84|20443
2020.08.21 04:30:00|15364.85|15401.61|15314.8|15339.1|21652
2020.08.21 05:30:00|15338.88|15445.77|15336.93|15418.41|20000
2020.08.21 08:00:00|15402.18|15419.96|15342.66|15359.16|18929
2020.08.21 09:00:00|15358.54|15378.53|15270.88|15358.18|20450
2020.08.24 04:30:00|15496.01|15540.5|15412.65|15516.15|22199
2020.08.24 05:30:00|15515.82|15540.98|15445.95|15473.15|20059
2020.08.24 08:00:00|15458.65|15483.03|15439.72|15470.66|20017
2020.08.24 09:00:00|15470.55|15481.74|15416.31|15446.28|20726
2020.08.25 04:30:00|15495.06|15608.62|15483.84|15564.77|21791
2020.08.25 05:30:00|15564.62|15600.56|15520.6|15540.12|19652
2020.08.25 08:00:00|15539.29|15555.17|15492.97|15506.71|19128
2020.08.25 09:00:00|15507.16|15552.01|15484.81|15530.84|19395
2020.08.26 04:30:00|15511.47|15623.28|15487.15|15555.38|21003
2020.08.26 05:30:00|15554.06|15567.93|15396.15|15397.86|20545
2020.08.26 08:00:00|15389.17|15485.2|15385.53|15400.64|19652
2020.08.26 09:00:00|15399.68|15420.64|15364.28|15412.74|20258
2020.08.27 04:30:00|15425.14|15451.06|15284.09|15320.25|21168
2020.08.27 05:30:00|15320.17|15374.35|15287.37|15357.59|19713
2020.08.27 08:00:00|15354.6|15421.94|15351.76|15380.26|19472
2020.08.27 09:00:00|15380.25|15432.81|15362.13|15431.78|19460
2020.08.28 04:30:00|15421.89|15605.08|15401.77|15539.36|22246
2020.08.28 05:30:00|15539.25|15666.17|15539.04|15642.61|19690
2020.08.28 08:00:00|15632.18|15743.34|15608.34|15738.9|18619
2020.08.28 09:00:00|15737.99|15814.95|15736.41|15793.19|22532
2020.08.31 04:30:00|15972.71|15992.53|15875.43|15970.55|22203
2020.08.31 05:30:00|15970.35|15993.39|15898.35|15921|20715
2020.08.31 08:00:00|15926.72|15932.44|15862.44|15873.34|19873
2020.08.31 09:00:00|15873.23|15873.23|15701.58|15720.16|21286
2020.09.01 04:30:00|15651.37|15740.39|15644.89|15664.67|22401
2020.09.01 05:30:00|15664.33|15742.46|15625.5|15704.62|20730
2020.09.01 08:00:00|15702.84|15722.31|15682.53|15702.86|20016
2020.09.01 09:00:00|15702.68|15748.8|15674.57|15746.84|20409
2020.09.02 04:30:00|15785.16|15835.72|15707.86|15727.42|21159
2020.09.02 05:30:00|15728.43|15747.89|15599.29|15717.19|20960
2020.09.02 08:00:00|15698.2|15787.96|15686.97|15778.31|20040
2020.09.02 09:00:00|15778.03|15801.82|15696.01|15741.91|20628
2020.09.03 04:30:00|15715.6|15858.93|15676.53|15824.54|22607
2020.09.03 05:30:00|15823.67|15840.92|15700.58|15750.16|20895
2020.09.03 08:00:00|15724.35|15758.78|15684.7|15719.92|19954
2020.09.03 09:00:00|15719.41|15719.6|15627.31|15679.5|21310
2020.09.04 04:30:00|15525.04|15528.63|15393.47|15472.64|22165
2020.09.04 05:30:00|15472.24|15501.61|15409.49|15443.02|20594
2020.09.04 08:00:00|15424.8|15493.95|15424.61|15468.66|20158
2020.09.04 09:00:00|15468.26|15542.28|15453.79|15518.99|20411
2020.09.07 04:30:00|15502.35|15616.17|15469.04|15489.43|22237
2020.09.07 05:30:00|15489.65|15577.79|15439.48|15556.62|20523
2020.09.07 08:00:00|15530.47|15531.9|15469.98|15501.79|19880
2020.09.07 09:00:00|15501.3|15513.22|15241.67|15297.13|22694
2020.09.08 04:30:00|15371.6|15394.97|15280.36|15283.79|21805
2020.09.08 05:30:00|15285.1|15322.26|15246.61|15276.92|20749
2020.09.08 08:00:00|15267.77|15442.5|15256.57|15429.74|20771
2020.09.08 09:00:00|15429.75|15447.7|15367.33|15404.17|20697
2020.09.09 04:30:00|15279.96|15326.95|15185.85|15189.56|21788
2020.09.09 05:30:00|15190.15|15275.23|15086.3|15260.92|20590
2020.09.09 08:00:00|15245.6|15283.88|15197.35|15201.42|18621
2020.09.09 09:00:00|15201.65|15256.29|15164.17|15173.03|19872
2020.09.10 04:30:00|15289.53|15363.8|15279.9|15323.54|22104
2020.09.10 05:30:00|15323.63|15351.37|15294.42|15306.09|20340
2020.09.10 08:00:00|15304.72|15368.79|15271.11|15342.87|19963
2020.09.10 09:00:00|15342.8|15346.65|15212.44|15246.34|21618
2020.09.11 04:30:00|15245.77|15287.49|15165.33|15236.08|20965
2020.09.11 05:30:00|15236.12|15264.14|15201.05|15226.44|19195
2020.09.11 08:00:00|15237.93|15352.2|15228.54|15320.92|19293
2020.09.11 09:00:00|15320.98|15361.67|15308.47|15342.28|20010
2020.09.14 04:30:00|15418.83|15461.49|15356.74|15457.67|21766
2020.09.14 05:30:00|15457.83|15469.07|15398|15447.34|19743
2020.09.14 08:00:00|15437.46|15447.99|15394|15425.77|19296
2020.09.14 09:00:00|15425.45|15458.54|15400.34|15456.96|19097
2020.09.15 04:30:00|15432.23|15536.37|15389.56|15515.71|21099
2020.09.15 05:30:00|15515.57|15558.43|15500.14|15541.23|19273
2020.09.15 08:00:00|15543.84|15568.47|15518.26|15535.47|19414
2020.09.15 09:00:00|15535.85|15574.46|15510.47|15561.28|18847
2020.09.16 04:30:00|15548.95|15559.55|15473.28|15512.05|21385
2020.09.16 05:30:00|15511.34|15539.11|15472.57|15475.51|19267
2020.09.16 08:00:00|15463.08|15487.87|15436.18|15445.78|18704
2020.09.16 09:00:00|15445.35|15447.24|15375.94|15425|19201
2020.09.17 04:30:00|15360.72|15388.69|15258.37|15312.65|21449
2020.09.17 05:30:00|15313.67|15340.91|15229.64|15240.47|20153
2020.09.17 08:00:00|15236.21|15334.03|15230.38|15332.21|20101
2020.09.17 09:00:00|15331.67|15379.5|15254.92|15260.12|20185
2020.09.18 04:30:00|15307.62|15412.85|15265.55|15368.53|21325
2020.09.18 05:30:00|15369.15|15435.04|15324.35|15419.09|19341
2020.09.18 08:00:00|15428.08|15588.71|15424.96|15574.46|21110
2020.09.18 09:00:00|15574.68|15645.27|15564.54|15625.67|22229
2020.09.21 04:30:00|15690.77|15693.02|15560.24|15571.19|23891
2020.09.21 05:30:00|15571.38|15592.39|15534.56|15548.43|19564
2020.09.21 08:00:00|15535.52|15572.22|15502.16|15520.13|19256
2020.09.21 09:00:00|15520.1|15544.39|15482.45|15487|18786
2020.09.22 04:30:00|15414.3|15497.42|15360.38|15438.71|22853
2020.09.22 05:30:00|15437.31|15559.64|15423.35|15517.25|19699
2020.09.22 08:00:00|15484.81|15499.66|15444.74|15450.84|19118
2020.09.22 09:00:00|15450.7|15459.9|15292.17|15336.57|21241
2020.09.23 04:30:00|15311.1|15353.66|15259.43|15302.71|21090
2020.09.23 05:30:00|15302.08|15328.02|15256.31|15311.35|19530
2020.09.23 08:00:00|15316.49|15393.98|15309.25|15393.38|18990
2020.09.23 09:00:00|15391.5|15395.83|15308.73|15349.03|19285
2020.09.24 04:30:00|15255.11|15303.83|15180.04|15216.43|21414
2020.09.24 05:30:00|15217.47|15227.86|15123.33|15138.32|20710
2020.09.24 08:00:00|15126.97|15158.19|15072.28|15117.47|19667
2020.09.24 09:00:00|15117.42|15148.08|15075.84|15087.25|20580
2020.09.25 04:30:00|15171.01|15196.88|15129.31|15156.11|21254
2020.09.25 05:30:00|15156.29|15179.24|15114.5|15115.76|18614
2020.09.25 08:00:00|15115.48|15170.16|15077.92|15110.89|19178
2020.09.25 09:00:00|15111|15148.58|15075.07|15110.43|20019
2020.09.28 04:30:00|15190.28|15295.28|15168.45|15233.47|21379
2020.09.28 05:30:00|15232.92|15242|15165.14|15174.35|19422
2020.09.28 08:00:00|15179.9|15245.69|15179.51|15220.67|19188
2020.09.28 09:00:00|15221.16|15222.67|15180.11|15213.67|20128
2020.09.29 04:30:00|15284.71|15289.79|15203.33|15271.21|21034
2020.09.29 05:30:00|15270.2|15274.82|15222.74|15240.8|18780
2020.09.29 08:00:00|15243.67|15259.29|15184.28|15219.28|18620
2020.09.29 09:00:00|15220.1|15262.15|15189.13|15195.11|19024
2020.09.30 04:30:00|15237.17|15342.68|15230.8|15322.74|21434
2020.09.30 05:30:00|15323.29|15353.01|15288.08|15299.49|19810
2020.09.30 08:00:00|15293.38|15298.46|15159.69|15169.11|20382
2020.09.30 09:00:00|15169.11|15232.34|15121.46|15181.03|20532
2020.10.09 04:30:00|15424.84|15451.59|15380.47|15445.96|22281
2020.10.09 05:30:00|15446.42|15497.35|15435.62|15490.29|20569
2020.10.09 08:00:00|15480.62|15485.44|15427.34|15466.51|20159
2020.10.09 09:00:00|15466.47|15466.47|15410.95|15437.82|20030
2020.10.12 04:30:00|15517.15|15782.25|15515.44|15782.25|22145
2020.10.12 05:30:00|15782.62|15839.62|15766.97|15833.56|21149
2020.10.12 08:00:00|15842.21|15920.97|15841.4|15894.23|21250
2020.10.12 09:00:00|15894.48|15924.73|15858.44|15923.58|20921
2020.10.13 04:30:00|15855.04|15906.16|15844.8|15878.2|20859
2020.10.13 05:30:00|15877.74|15925.79|15853.34|15924.33|18721
2020.10.13 08:00:00|15919.96|15981.23|15918.37|15980.36|19134
2020.10.13 09:00:00|15980.41|15983.64|15940.11|15957.97|19086
2020.10.14 04:30:00|15921.3|15951.17|15870.73|15896.54|22072
2020.10.14 05:30:00|15896.6|15923.27|15882.49|15894.57|20257
2020.10.14 08:00:00|15888.16|15904.82|15855.86|15895.04|20004
2020.10.14 09:00:00|15894.04|15925.71|15879.37|15894.03|20561
2020.10.15 04:30:00|15925.2|16027.67|15882.48|15986.22|22612
2020.10.15 05:30:00|15986.28|16001.93|15937.32|15973.24|20702
2020.10.15 08:00:00|15964.86|16000.98|15951.4|15983.62|19982
2020.10.15 09:00:00|15983.53|15984.12|15921.97|15924.97|21133
2020.10.16 04:30:00|15994.25|16055.44|15972.53|15994.3|20910
2020.10.16 05:30:00|15993.57|16073.62|15885.32|15918.22|20940
2020.10.16 08:00:00|15933.66|16024.96|15924.44|15989.03|19930
2020.10.16 09:00:00|15989.09|15993.25|15931.12|15973.59|20057
2020.10.19 04:30:00|16133.25|16243.3|16097.05|16112.84|22608
2020.10.19 05:30:00|16112.95|16114.5|15954.99|15966.28|20602
2020.10.19 08:00:00|15987.79|16016.47|15890.87|15943.37|20548
2020.10.19 09:00:00|15943.4|15959.81|15862.6|15885.93|20603
2020.10.20 04:30:00|15889.57|15954.52|15864.82|15921.15|22125
2020.10.20 05:30:00|15920.15|15929.72|15879.91|15927.92|19993
2020.10.20 08:00:00|15919.13|15974.05|15907.48|15946.75|20179
2020.10.20 09:00:00|15947.4|15984.67|15932.25|15976.68|20974
2020.10.21 04:30:00|15982.08|16053.35|15940.54|15969.47|21209
2020.10.21 05:30:00|15969.36|15979.02|15911.89|15974.02|19863
2020.10.21 08:00:00|15964.62|15989.06|15942.07|15978.86|19472
2020.10.21 09:00:00|15979.15|16058.26|15973.08|16048.21|20841
2020.10.22 04:30:00|16030.46|16083.49|15845.29|15909.24|23027
2020.10.22 05:30:00|15910.26|15986.61|15892.97|15953.52|19837
2020.10.22 08:00:00|15937.92|16034.68|15937.92|16014.65|19664
2020.10.22 09:00:00|16014.58|16088.93|15991.8|16034.83|19649
2020.10.23 04:30:00|16041.48|16181.2|16022.3|16129.79|19828
2020.10.23 05:30:00|16129.46|16181.41|16099.54|16154.93|19735
2020.10.23 08:00:00|16161.16|16166.77|16004.5|16020.98|20435
2020.10.23 09:00:00|16021.37|16035.18|15945.75|15991.57|20674
2020.10.26 03:30:00|15809.88|15838.23|15677.09|15810.79|22312
2020.10.26 04:30:00|15809.07|15853.87|15781.3|15792.06|19579
2020.10.26 07:00:00|15795.23|15841.29|15717.22|15723.25|19508
2020.10.26 08:00:00|15723.32|15774.34|15711.25|15772.87|20213
2020.10.27 03:30:00|15738.81|15801.47|15701.66|15738.06|21550
2020.10.27 04:30:00|15737.74|15760.07|15685.61|15699.15|20074
2020.10.27 07:00:00|15709.67|15780.27|15704.48|15740.73|19688
2020.10.27 08:00:00|15738.47|15779.73|15713.13|15742.88|20093
2020.10.28 03:30:00|15739.41|15810.36|15705.35|15722.95|21179
2020.10.28 04:30:00|15723.23|15803.32|15708.07|15802.44|20239
2020.10.28 07:00:00|15812.44|15863.48|15804.67|15862.75|20458
2020.10.28 08:00:00|15862.85|15887.5|15813.84|15828.84|20505
2020.10.29 03:30:00|15697.14|15827.3|15688.54|15790.93|23105
2020.10.29 04:30:00|15791.04|15937.91|15782.39|15914.53|20559
2020.10.29 07:00:00|15898.59|15994.63|15871.09|15991.68|20666
2020.10.29 08:00:00|15994.18|16060.23|15965.2|15973.38|20449
2020.10.30 03:30:00|15917.92|15956.23|15870.55|15899.74|23842
2020.10.30 04:30:00|15899.25|15932.05|15879.22|15899.17|20283
2020.10.30 07:00:00|15882.14|15919.78|15745.48|15746.04|20149
2020.10.30 08:00:00|15745.64|15747.84|15660.61|15702.96|22355
2020.11.02 03:30:00|15801.81|15871.76|15739.6|15787.86|24105
2020.11.02 04:30:00|15788.07|15789.06|15702.05|15746.39|21651
2020.11.02 07:00:00|15759.58|15805.26|15690.25|15789.38|21350
2020.11.02 08:00:00|15789.31|15789.31|15726.25|15749.22|21177
2020.11.03 03:30:00|15843.05|15923.42|15842.52|15916.48|23306
2020.11.03 04:30:00|15915.52|16018.36|15912.33|15923.31|21175
2020.11.03 07:00:00|15915.36|15951.41|15895.52|15923.19|20648
2020.11.03 08:00:00|15922.98|15956.11|15908.85|15943.63|20330
2020.11.04 03:30:00|15985.4|16069.06|15972.41|16046.82|22609
2020.11.04 04:30:00|16046.29|16161.48|15969.53|16074.55|20893
2020.11.04 07:00:00|16023.65|16126.41|16021.1|16118.56|19465
2020.11.04 08:00:00|16118.51|16146.03|16100.3|16129.4|19793
2020.11.05 03:30:00|16351.05|16382.13|16198.37|16246.93|22574
2020.11.05 04:30:00|16247.02|16297.79|16218.43|16291.16|20401
2020.11.05 07:00:00|16287.86|16299.44|16228.41|16288.71|19939
2020.11.05 08:00:00|16288.47|16301.48|16263.19|16294.3|20620
2020.11.06 03:30:00|16328.75|16344.77|16237.43|16279.68|23629
2020.11.06 04:30:00|16280.1|16301.26|16183.48|16191.58|20900
2020.11.06 07:00:00|16177.82|16237.86|16162.08|16205.44|20157
2020.11.06 08:00:00|16205.48|16282.69|16184.18|16268.42|20605
2020.11.09 03:30:00|16469.13|16521.52|16433.4|16497.26|25043
2020.11.09 04:30:00|16497.68|16599.91|16462.68|16583.78|20347
2020.11.09 07:00:00|16575.3|16594.09|16528.13|16577.78|19144
2020.11.09 08:00:00|16579.29|16581.46|16478.64|16538.8|19602
2020.11.10 03:30:00|16578.76|16643.16|16527.79|16584.72|24250
2020.11.10 04:30:00|16584.67|16632.4|16561.81|16590.08|20155
2020.11.10 07:00:00|16572.51|16602.36|16472.17|16475.56|19500
2020.11.10 08:00:00|16476.58|16518.57|16440.47|16510.99|19399
2020.11.11 03:30:00|16492|16578.88|16492|16514.33|21951
2020.11.11 04:30:00|16514.07|16574.22|16489.51|16558.93|19987
2020.11.11 07:00:00|16539.29|16556.39|16471.82|16487.23|19616
2020.11.11 08:00:00|16487.35|16504|16428.25|16441.87|20120
2020.11.12 03:30:00|16471.6|16490.46|16352.11|16353.11|22912
2020.11.12 04:30:00|16352.98|16429.75|16325.37|16347.59|20388
2020.11.12 07:00:00|16352.32|16396.01|16333.18|16374.69|19830
2020.11.12 08:00:00|16373.42|16395.77|16341.55|16377.08|19609
2020.11.13 03:30:00|16228.45|16229.29|16002.9|16048.7|22004
2020.11.13 04:30:00|16047.57|16145.6|16038.39|16111.46|19353
2020.11.13 07:00:00|16114.42|16115.7|16006.54|16019.41|19497
2020.11.13 08:00:00|16018.67|16092.01|16007.94|16091.38|19619
2020.11.16 03:30:00|16202.41|16215.94|16091.74|16145.53|23468
2020.11.16 04:30:00|16143.05|16249.91|16140.66|16234.14|21052
2020.11.16 07:00:00|16227.59|16254.26|16193.81|16218.31|20334
2020.11.16 08:00:00|16217.26|16266.24|16192.81|16265.3|20074
2020.11.17 03:30:00|16255.42|16355.57|16250.92|16276.34|23302
2020.11.17 04:30:00|16276.19|16330.67|16238.61|16313.43|19974
2020.11.17 07:00:00|16296.45|16305.67|16251.26|16270.46|19726
2020.11.17 08:00:00|16271.06|16287.5|16195|16287.5|20260
2020.11.18 03:30:00|16298.92|16393.15|16286.18|16374.63|23360
2020.11.18 04:30:00|16376.33|16415.97|16343.25|16392.84|21572
2020.11.18 07:00:00|16397.04|16399.25|16320.5|16335.8|20951
2020.11.18 08:00:00|16335.99|16353.92|16271.88|16339.43|21866
2020.11.19 03:30:00|16304.19|16421.82|16304.19|16387.45|22381
2020.11.19 04:30:00|16387.56|16504.01|16383.47|16462.85|19853
2020.11.19 07:00:00|16453.44|16507.78|16441.05|16483.67|19726
2020.11.19 08:00:00|16484.13|16553.98|16458.49|16515.58|20519
2020.11.20 03:30:00|16493.72|16520.25|16469.89|16470.27|22916
2020.11.20 04:30:00|16470.17|16492.08|16438.35|16449.4|20287
2020.11.20 07:00:00|16461.62|16514.45|16451.22|16504.66|19636
2020.11.20 08:00:00|16504.16|16509.11|16483.3|16494.15|20904
2020.11.23 03:30:00|16584.2|16670.66|16552.53|16670.01|23140
2020.11.23 04:30:00|16670.1|16679.27|16623.25|16665.71|21082
2020.11.23 07:00:00|16662.94|16807.85|16654.51|16781.43|22562
2020.11.23 08:00:00|16780.81|16781.85|16709.15|16730.85|21564
2020.11.24 03:30:00|16706.23|16730.31|16579.71|16611.25|22317
2020.11.24 04:30:00|16610.76|16649.81|16603.98|16643.76|20132
2020.11.24 07:00:00|16622.07|16646.45|16572.29|16581.85|20288
2020.11.24 08:00:00|16581.45|16623.6|16564.54|16604.01|20784
2020.11.25 03:30:00|16689.88|16744.1|16632.11|16637.41|24130
2020.11.25 04:30:00|16638.05|16673.66|16608.83|16612.87|21423
2020.11.25 07:00:00|16601.2|16609.29|16478.55|16497.8|21413
2020.11.25 08:00:00|16497.66|16532.22|16460.41|16468.98|23027
2020.11.26 03:30:00|16489.04|16545.81|16448.22|16449.43|24331
2020.11.26 04:30:00|16449.49|16516.22|16399.2|16474.48|21752
2020.11.26 07:00:00|16469.27|16574.11|16469.27|16569.87|21257
2020.11.26 08:00:00|16570.29|16586.72|16514.37|16581.33|21662
2020.11.27 03:30:00|16609.37|16700.41|16591.24|16664.26|24131
2020.11.27 04:30:00|16664.29|16733.53|16636.75|16642.56|21994
2020.11.27 07:00:00|16661.36|16690.2|16615.13|16678.09|20940
2020.11.27 08:00:00|16678.27|16820.71|16658.11|16817.05|23807
2020.11.30 03:30:00|16987.88|17167.96|16984.94|17078.4|24194
2020.11.30 04:30:00|17079.37|17149.45|17063.32|17073.13|20834
2020.11.30 07:00:00|17044.42|17050.24|16859.08|16898.82|19693
2020.11.30 08:00:00|16898.81|16932.16|16702.74|16724.83|20401
2020.12.01 03:30:00|16736.92|16811.86|16699.24|16811.44|23933
2020.12.01 04:30:00|16811.11|17023.18|16780.61|16974.37|21445
2020.12.01 07:00:00|16948.63|16984.17|16898.8|16984.11|20621
2020.12.01 08:00:00|16983.69|17061.5|16942.15|17015.19|22492
2020.12.02 03:30:00|17036.22|17078.34|16941.63|17028.85|23840
2020.12.02 04:30:00|17028.8|17120.27|16993.81|17045.06|20344
2020.12.02 07:00:00|17016.29|17049.19|16974.55|16989.42|19246
2020.12.02 08:00:00|16989.29|17073.2|16987.52|17027.41|19588
2020.12.03 03:30:00|17008.56|17052.96|16910.02|16923.41|22417
2020.12.03 04:30:00|16922.52|17010.23|16889.69|16991.53|20988
2020.12.03 07:00:00|16969.5|17014.16|16954.03|16961.78|20698
2020.12.03 08:00:00|16961.41|17052.04|16937.9|16993.07|21278
2020.12.04 03:30:00|16974.48|16978.3|16880.3|16935.85|21957
2020.12.04 04:30:00|16936.33|16983.2|16886.09|16947.6|19917
2020.12.04 07:00:00|16945.16|17083.55|16938.57|17051.17|20166
2020.12.04 08:00:00|17050.83|17071.71|16989.09|17043.91|20572
2020.12.07 03:30:00|17057.6|17060.07|16899.97|16962.82|23770
2020.12.07 04:30:00|16962.26|16970.99|16847.58|16892.97|21000
2020.12.07 07:00:00|16911.14|16950.12|16898.68|16914.79|19903
2020.12.07 08:00:00|16915.11|16956.5|16877.84|16896.63|20476
2020.12.08 03:30:00|16962.07|16981.76|16827.71|16882.75|22666
2020.12.08 04:30:00|16883.11|16904.77|16819.73|16835.51|20274
2020.12.08 07:00:00|16849.62|16903.23|16839.13|16901.72|19980
2020.12.08 08:00:00|16901.44|16918.16|16831.04|16844.45|20867
2020.12.09 03:30:00|16925.12|16949.47|16843.54|16913.59|23715
2020.12.09 04:30:00|16913.02|16915.42|16825.47|16851.28|19874
2020.12.09 07:00:00|16849.59|16851.33|16757.79|16779.92|19798
2020.12.09 08:00:00|16779.03|16836.61|16684.13|16689.42|21116
2020.12.10 03:30:00|16708.57|16741.05|16658.63|16729.41|21846
2020.12.10 04:30:00|16728.71|16764.55|16705.63|16739.17|19790
2020.12.10 07:00:00|16738.6|16751.22|16671.45|16672.57|19982
2020.12.10 08:00:00|16672.61|16692.12|16600.67|16664.63|21261
2020.12.11 03:30:00|16727.25|16745.5|16641.14|16641.34|23648
2020.12.11 04:30:00|16641.97|16644.82|16436.72|16471.81|21108
2020.12.11 07:00:00|16484.57|16545.57|16437.32|16438.31|20438
2020.12.11 08:00:00|16438.54|16532.73|16413.46|16520.65|20917
2020.12.14 03:30:00|16584.55|16674.94|16550.91|16660.35|23099
2020.12.14 04:30:00|16660.16|16676.02|16633.67|16666.9|20716
2020.12.14 07:00:00|16664.57|16675.55|16618.21|16643.83|20848
2020.12.14 08:00:00|16644.02|16713.73|16640.64|16710.27|21516
2020.12.15 03:30:00|16641.82|16665.99|16521.29|16608.31|23784
2020.12.15 04:30:00|16608.32|16627.55|16576.02|16603.4|20869
2020.12.15 07:00:00|16582.29|16657.84|16579.1|16657.06|20780
2020.12.15 08:00:00|16657.07|16720.99|16641.52|16689.43|21294
2020.12.16 03:30:00|16758.11|16776.35|16706.96|16750.86|22343
2020.12.16 04:30:00|16749.53|16812.57|16742.96|16777.32|19740
2020.12.16 07:00:00|16776.65|16784.37|16746.2|16779.71|19140
2020.12.16 08:00:00|16779.76|16812.69|16761.38|16777.68|19853
2020.12.17 03:30:00|16801.54|16869.97|16788.84|16848.71|24498
2020.12.17 04:30:00|16849.23|16992.55|16833.85|16948.88|20652
2020.12.17 07:00:00|16932.89|16998.84|16922.97|16979.31|20116
2020.12.17 08:00:00|16979.98|17028.94|16959.74|17006.73|20276
2020.12.18 03:30:00|16954.43|17006.6|16898.38|16933.86|24548
2020.12.18 04:30:00|16933.97|16955.87|16905.49|16937.29|20620
2020.12.18 07:00:00|16936.18|16944.46|16803.92|16863.38|20778
2020.12.18 08:00:00|16863.27|16888.85|16829.22|16848.8|20369
2020.12.21 03:30:00|16832.91|16958.83|16752.28|16957.42|23461
2020.12.21 04:30:00|16957.72|17014.54|16896.06|16953.84|21148
2020.12.21 07:00:00|16947.53|16998.75|16942.53|16990.62|20638
2020.12.21 08:00:00|16990.61|17022.36|16960.65|17018.1|21205
2020.12.22 03:30:00|16994.4|17046.05|16962.04|16985.02|23629
2020.12.22 04:30:00|16985.12|17080.22|16975.15|17063.63|20422
2020.12.22 07:00:00|17042.42|17074.28|16958.41|16978.62|21359
2020.12.22 08:00:00|16975.44|16976.23|16812.18|16830.78|22579
2020.12.23 03:30:00|16895.24|16983.41|16892.76|16965.87|18673
2020.12.23 04:30:00|16965.55|17062.67|16941.45|17007.58|19925
2020.12.23 07:00:00|17011.04|17053.95|16787.65|16789.45|21000
2020.12.23 08:00:00|16789.34|16910.76|16779.02|16910.05|21001
2020.12.24 03:30:00|16851.83|17000.87|16829.89|16954.58|23305
2020.12.24 04:30:00|16954.17|17005.59|16923.11|16949.14|20596
2020.12.24 07:00:00|16933.21|16935.81|16840.15|16846.9|20175
2020.12.24 08:00:00|16846.95|16913.33|16822.28|16904.27|20818
2020.12.28 03:30:00|16974.69|17146.53|16969.61|17142.15|25467
2020.12.28 04:30:00|17141.9|17232.16|17138.4|17174.83|21146
2020.12.28 07:00:00|17158.49|17179.93|17126.88|17156.28|20344
2020.12.28 08:00:00|17156.17|17174.63|17087.01|17151.05|20699
2020.12.29 03:30:00|17219.33|17225.19|17070.62|17134.72|25112
2020.12.29 04:30:00|17134.84|17158.83|17054.37|17086.35|21652
2020.12.29 07:00:00|17085.07|17124.04|17070.37|17106.38|21143
2020.12.29 08:00:00|17106.06|17111.62|17058.53|17089.65|22352
2020.12.30 03:30:00|17111.26|17278.14|17108.97|17262.07|23202
2020.12.30 04:30:00|17261.71|17282.94|17205.4|17257.59|20562
2020.12.30 07:00:00|17262.87|17289.36|17237.88|17277.19|19994
2020.12.30 08:00:00|17277.23|17337.45|17269.52|17337.45|20933
2020.12.31 03:30:00|17425.18|17714.49|17424.08|17619.02|28728
2020.12.31 04:30:00|17620.61|17643.33|17489.33|17532.38|22958
2020.12.31 07:00:00|17526.74|17661.33|17526.13|17642.84|21996
2020.12.31 08:00:00|17642.63|17716.02|17623.76|17691.02|22230
2021.01.04 03:30:00|17623.99|17694.24|17536.75|17674.82|25076
2021.01.04 04:30:00|17674.29|17822.33|17634.43|17820.52|21622
2021.01.04 07:00:00|17831.37|17851.38|17733.19|17774.21|21166
2021.01.04 08:00:00|17774.81|17830.33|17760.04|17789.93|21345
2021.01.05 03:30:00|17671.67|17935.79|17667.64|17878.46|25474
2021.01.05 04:30:00|17877.53|17936.92|17785.38|17896.77|23111
2021.01.05 07:00:00|17881.41|18013.24|17876.82|18004.76|21424
2021.01.05 08:00:00|18006.47|18075.07|17982.41|18072.04|22685
2021.01.06 03:30:00|18144.76|18376.91|18144.76|18288.47|26469
2021.01.06 04:30:00|18288.53|18288.53|18037.77|18095.44|22418
2021.01.06 07:00:00|18101.68|18279.35|18101.68|18218.94|21591
2021.01.06 08:00:00|18218.32|18374.67|18183.17|18364.52|22142
2021.01.07 03:30:00|18412.34|18543.5|18355.89|18417.23|25440
2021.01.07 04:30:00|18418.11|18572.78|18393.47|18561.61|22381
2021.01.07 07:00:00|18586.76|18596.11|18380.63|18445.09|23106
2021.01.07 08:00:00|18444.92|18747.51|18418.53|18742.85|24281
2021.01.08 03:30:00|18869.16|18906.83|18661.22|18692.78|26579
2021.01.08 04:30:00|18692.29|18728.33|18502.97|18506.28|22788
2021.01.08 07:00:00|18513.44|18540.67|18432.4|18458.09|21273
2021.01.08 08:00:00|18458.83|18578.04|18387|18567.59|22305
2021.01.11 03:30:00|18565.9|18698.37|18400.63|18692.01|26423
2021.01.11 04:30:00|18692.06|18735.94|18529.34|18558.76|22948
2021.01.11 07:00:00|18563.03|18627.06|18465.67|18466.16|22341
2021.01.11 08:00:00|18466.04|18473.5|18329.26|18406.09|23209
2021.01.12 03:30:00|18376.14|18561.02|18334.01|18515.54|25732
2021.01.12 04:30:00|18515.97|18647|18483.87|18602.24|22210
2021.01.12 07:00:00|18583.13|18796.66|18570.24|18779.17|22050
2021.01.12 08:00:00|18782.54|18945.21|18691.78|18942.25|23960
2021.01.13 03:30:00|18976.15|19083.94|18817.39|18859.99|26432
2021.01.13 04:30:00|18859.85|18946.37|18822.67|18868.39|22242
2021.01.13 07:00:00|18864.32|18925.78|18674.35|18755.61|22205
2021.01.13 08:00:00|18755.39|18834.75|18725.66|18833.88|22315
2021.01.14 03:30:00|18775.09|18805.58|18539.3|18604.06|24745
2021.01.14 04:30:00|18603.39|18658.69|18524.85|18529.84|22437
2021.01.14 07:00:00|18520|18551.8|18438.66|18531.79|20831
2021.01.14 08:00:00|18531.45|18553.67|18378.01|18414.92|22709
2021.01.15 03:30:00|18531.79|18669.67|18452.53|18634.22|25983
2021.01.15 04:30:00|18633.97|18673.02|18406.77|18407.75|22625
2021.01.15 07:00:00|18368.46|18418.97|18296.38|18417.18|22218
2021.01.15 08:00:00|18417.39|18595.49|18417.39|18483.75|22572
2021.01.18 03:30:00|18512.14|18540.01|18344.76|18416.51|25360
2021.01.18 04:30:00|18416.29|18538.12|18398.13|18538.12|22357
2021.01.18 07:00:00|18506.23|18687.48|18504.01|18589.22|21825
2021.01.18 08:00:00|18590.02|18647.11|18537.15|18580.45|22570
2021.01.19 03:30:00|18630.62|18660.2|18502.5|18560.27|24572
2021.01.19 04:30:00|18560.54|18598.59|18491.11|18555.78|21928
2021.01.19 07:00:00|18541.5|18602.57|18350.62|18366.85|21600
2021.01.19 08:00:00|18367.68|18369.74|18270.97|18338.46|22416
2021.01.20 03:30:00|18343.92|18510.05|18289.6|18441.97|24276
2021.01.20 04:30:00|18442.6|18515.84|18343.23|18347.83|21424
2021.01.20 07:00:00|18351.69|18410.77|18286.19|18378.84|20722
2021.01.20 08:00:00|18382.81|18416.05|18327.46|18386.41|21600
2021.01.21 03:30:00|18470.09|18560.06|18424.83|18469.64|24864
2021.01.21 04:30:00|18468.49|18707.16|18435.78|18703.58|21846
2021.01.21 07:00:00|18740.69|18766.08|18674.64|18766.05|21293
2021.01.21 08:00:00|18766.27|18769.92|18601.12|18656.03|21603
2021.01.22 03:30:00|18628.82|18682.2|18547.92|18577.23|25514
2021.01.22 04:30:00|18577.34|18618.89|18494.44|18553.58|22338
2021.01.22 07:00:00|18545.39|18618.12|18537.11|18550.29|20708
2021.01.22 08:00:00|18550.98|18646.86|18507.51|18629.43|21600
2021.01.25 03:30:00|18608.99|18844.71|18584.46|18825.38|25109
2021.01.25 04:30:00|18825.24|18898.81|18785.4|18890.79|22342
2021.01.25 07:00:00|18927.55|18991.16|18924.94|18949.93|22083
2021.01.25 08:00:00|18949.47|19043.62|18824.56|18994.25|23421
2021.01.26 03:30:00|18830.76|18915.01|18763.05|18802.13|25467
2021.01.26 04:30:00|18802.16|18807.14|18700.03|18741.07|22100
2021.01.26 07:00:00|18718.09|18751.27|18663.92|18693.47|20516
2021.01.26 08:00:00|18692.68|18721.61|18618.02|18622.36|20978
2021.01.27 03:30:00|18654.04|18677.52|18419.41|18552.29|25092
2021.01.27 04:30:00|18552.01|18629.28|18529.2|18588.97|20808
2021.01.27 07:00:00|18613.77|18659.81|18585.57|18641.09|20208
2021.01.27 08:00:00|18640|18655.07|18559.09|18625.71|20753
2021.01.28 03:30:00|18379.02|18423.8|18311.2|18352.16|24385
2021.01.28 04:30:00|18350.1|18353.21|18219.7|18249.5|22412
2021.01.28 07:00:00|18255.76|18363.81|18236.12|18275.37|21325
2021.01.28 08:00:00|18275.76|18305.91|18157.97|18206.91|22671
2021.01.29 03:30:00|18402.03|18439.74|18265.4|18360.62|25987
2021.01.29 04:30:00|18360.63|18425.5|18310.95|18398.31|22344
2021.01.29 07:00:00|18352.01|18365.93|18165.9|18242.29|20900
2021.01.29 08:00:00|18241.87|18243.44|18029.3|18227.8|22467
2021.02.01 03:30:00|18284.4|18389.2|18210.82|18292.03|23887
2021.02.01 04:30:00|18291.98|18311.84|18205.41|18282.99|21675
2021.02.01 07:00:00|18325.34|18438.86|18313.02|18408.01|21024
2021.02.01 08:00:00|18407.75|18454.83|18371.14|18424.46|21706
2021.02.02 03:30:00|18468.98|18528.52|18378.43|18525.95|25366
2021.02.02 04:30:00|18525.49|18607.03|18524.59|18584.24|21464
2021.02.02 07:00:00|18572.44|18642.84|18555.51|18597.74|20805
2021.02.02 08:00:00|18598.18|18678.67|18589.29|18674.85|21075
2021.02.03 03:30:00|18681.76|18721.38|18568.43|18704.09|24712
2021.02.03 04:30:00|18704.16|18798.3|18653.33|18794.75|21447
2021.02.03 07:00:00|18765.24|18789.17|18689.53|18759.24|20282
2021.02.03 08:00:00|18759.63|18801.13|18691.98|18737.26|21372
2021.02.04 03:30:00|18678.26|19056.82|18676.15|19021.19|26447
2021.02.04 04:30:00|19021.51|19038|18831.86|18855|23368
2021.02.04 07:00:00|18818.42|18897.89|18740.52|18853.46|21461
2021.02.04 08:00:00|18853.68|18940.17|18825.32|18893.82|21427
2021.02.05 03:30:00|19026.26|19233.36|18957.2|19191.35|25747
2021.02.05 04:30:00|19191.62|19355.56|19151.23|19264.17|22216
2021.02.05 07:00:00|19270.38|19317.63|19168.15|19277.44|21491
2021.02.05 08:00:00|19276.9|19315.3|19106.99|19155.79|22577
2021.02.08 03:30:00|19310.46|19342.98|19078.24|19120.97|25520
2021.02.08 04:30:00|19122.09|19382.83|19115.03|19301.67|21195
2021.02.08 07:00:00|19302.48|19331.97|19250.56|19309.2|20086
2021.02.08 08:00:00|19309.93|19354.74|19273.53|19328.44|20675
2021.02.09 03:30:00|19350.74|19362.25|19211.27|19334.57|23846
2021.02.09 04:30:00|19335.31|19464.47|19294.25|19456.25|20977
2021.02.09 07:00:00|19442.18|19521.63|19439.42|19492.37|20478
2021.02.09 08:00:00|19492.31|19636.92|19488.49|19633.98|21112
2021.02.10 03:30:00|19830.04|20077.12|19785.82|19940.36|27063
2021.02.10 04:30:00|19940.49|20005.49|19889.49|20002.02|21272
2021.02.10 07:00:00|20021.24|20068.23|19976.31|20041.79|20461
2021.02.10 08:00:00|20042.01|20182.5|19999.2|20117.4|21594
2021.02.18 03:30:00|20519.91|20534.73|20112.06|20156.85|29034
2021.02.18 04:30:00|20156.43|20226.46|19895.83|19901.1|23099
2021.02.18 07:00:00|19883.19|20117.02|19863.46|19963.46|21687
2021.02.18 08:00:00|19963.18|19971.53|19857.76|19952.33|22555
2021.02.19 03:30:00|19879.96|19973.81|19635.01|19745.47|28786
2021.02.19 04:30:00|19746.22|19866.96|19688.8|19861.01|23229
2021.02.19 07:00:00|19879.98|19973.13|19873.08|19956.34|22649
2021.02.19 08:00:00|19955.62|20028.46|19934.65|19984.3|23603
2021.02.22 03:30:00|19829.25|19833.28|19502.82|19659.03|31008
2021.02.22 04:30:00|19659.2|19665.98|19408.12|19446.54|23824
2021.02.22 07:00:00|19430.22|19458.04|19221.55|19264.86|24269
2021.02.22 08:00:00|19263.94|19306.41|19129.18|19141.73|27406
2021.02.23 03:30:00|19091.94|19325.04|19089.56|19243.58|30942
2021.02.23 04:30:00|19241.94|19331.66|19232.5|19254.05|23400
2021.02.23 07:00:00|19298.33|19367.17|19199.81|19199.81|23122
2021.02.23 08:00:00|19201.04|19243.77|19070.3|19169.67|24765
2021.02.24 03:30:00|19197.68|19203.59|18871.69|18889.76|29359
2021.02.24 04:30:00|18888.82|18906.11|18655.25|18656.82|26128
2021.02.24 07:00:00|18664.13|18720.69|18554.74|18585.57|23941
2021.02.24 08:00:00|18586.16|18658.66|18386.98|18596.48|26166
2021.02.25 03:30:00|18777.92|18946.27|18663.53|18911.7|28175
2021.02.25 04:30:00|18911.77|18972.59|18876.88|18922.52|23253
2021.02.25 07:00:00|18930.63|18933.63|18815.01|18826.8|22520
2021.02.25 08:00:00|18827.91|18829.74|18701.58|18790.92|24651
2021.02.26 03:30:00|18490.32|18642.56|18280.84|18604.03|29843
2021.02.26 04:30:00|18603.39|18631.38|18398.74|18406.72|24756
2021.02.26 07:00:00|18359.1|18445.06|18291.97|18350.83|24786
2021.02.26 08:00:00|18351.32|18523.16|18300.4|18326.84|26912
2021.03.01 03:30:00|18477.52|18510.14|18245.1|18428.01|27142
2021.03.01 04:30:00|18427.85|18461.8|18322.19|18345.23|22579
2021.03.01 07:00:00|18357.78|18423.64|18316.81|18406.85|21996
2021.03.01 08:00:00|18406.79|18457.78|18379.9|18455.25|21960
2021.03.02 03:30:00|18507.89|18589.81|18469.78|18499.88|26761
2021.03.02 04:30:00|18499.36|18503.95|18158.11|18176.96|22386
2021.03.02 07:00:00|18152.04|18164.04|17959.41|17998.77|21721
2021.03.02 08:00:00|17999.7|18193.87|17973.18|18126.37|22191
2021.03.03 03:30:00|18103.55|18420.61|18078.37|18328.06|26049
2021.03.03 04:30:00|18328.27|18465.1|18324.6|18455.59|21431
2021.03.03 07:00:00|18469.73|18540.72|18432.29|18503.87|21137
2021.03.03 08:00:00|18503.91|18611.05|18502.69|18605.1|21944
2021.03.04 03:30:00|18376.53|18400.04|18135.78|18154.57|27901
2021.03.04 04:30:00|18154.48|18189.76|17998.44|18106.12|22171
2021.03.04 07:00:00|18084.84|18191.23|17994.82|17995.2|21069
2021.03.04 08:00:00|17994.77|18132.51|17925.96|18019.11|22056
2021.03.05 03:30:00|17811.93|17889.94|17606.11|17783.21|27024
2021.03.05 04:30:00|17783|18038.43|17758.95|17861.28|21540
2021.03.05 07:00:00|17897.13|18071.71|17814.09|18067.03|20404
2021.03.05 08:00:00|18066.92|18095.07|17907.56|17929.12|21214
2021.03.08 03:30:00|18028.01|18113.19|17819.52|17857.25|27225
2021.03.08 04:30:00|17855.91|17856.54|17499.96|17500.75|23011
2021.03.08 07:00:00|17563.2|17600.08|17405.09|17453.26|21629
2021.03.08 08:00:00|17452.99|17484.57|17236.21|17248.21|22627
2021.03.09 03:30:00|17234.41|17274.39|16811.75|17211.47|30906
2021.03.09 04:30:00|17211.5|17348.37|17019.93|17296.97|22785
2021.03.09 07:00:00|17317.52|17325.93|17126.23|17142.92|21566
2021.03.09 08:00:00|17143.01|17201.56|16887.85|16920.7|23094
2021.03.10 03:30:00|17153.79|17281.15|17045.05|17146.28|26529
2021.03.10 04:30:00|17147.55|17271.79|17091.46|17217.74|22500
2021.03.10 07:00:00|17197.95|17205.76|17104.72|17186.5|21703
2021.03.10 08:00:00|17187.58|17258.41|17099.11|17130.92|22161
2021.03.11 03:30:00|17214.36|17570.97|17213.38|17520.66|25024
2021.03.11 04:30:00|17520.05|17676.56|17518.91|17579.26|21657
2021.03.11 07:00:00|17565.94|17606.71|17515.84|17554.65|20729
2021.03.11 08:00:00|17554.86|17600.07|17437.07|17598.29|20818
2021.03.12 03:30:00|17694.99|17719.17|17544.02|17545.15|26353
2021.03.12 04:30:00|17545.04|17673.39|17490.88|17672.33|22332
2021.03.12 07:00:00|17651.61|17708.13|17583.97|17643.84|21686
2021.03.12 08:00:00|17644.59|17695.14|17570.21|17675.48|21908
2021.03.15 03:30:00|17654.88|17657.66|17433.78|17549.47|26994
2021.03.15 04:30:00|17550.7|17566.86|17312.67|17378|22780
2021.03.15 07:00:00|17382.88|17385.03|17194.51|17210.41|21799
2021.03.15 08:00:00|17209.86|17308.77|17156.52|17305.17|21914
2021.03.16 03:30:00|17377.18|17556.97|17377|17450.34|25067
2021.03.16 04:30:00|17450.28|17536.6|17326.97|17447.56|21225
2021.03.16 07:00:00|17437.49|17544.68|17422.3|17507.66|20258
2021.03.16 08:00:00|17507.72|17557.23|17466.08|17548.15|20940
2021.03.17 03:30:00|17404.21|17671.8|17320.94|17618.97|25143
2021.03.17 04:30:00|17619.79|17675.45|17452.09|17504.55|20965
2021.03.17 07:00:00|17483.23|17571.63|17432.04|17542.64|19967
2021.03.17 08:00:00|17542.46|17580.98|17501.91|17532.88|21090
2021.03.18 03:30:00|17588.88|17727.77|17572.77|17608.82|24625
2021.03.18 04:30:00|17609.22|17759.03|17595.41|17642.44|21552
2021.03.18 07:00:00|17655.61|17679.4|17593.49|17609.32|20619
2021.03.18 08:00:00|17609.43|17676.06|17575.43|17674.26|21049
2021.03.19 03:30:00|17429|17488.44|17254.63|17274.64|24136
2021.03.19 04:30:00|17274.8|17357.16|17226.1|17241.14|20759
2021.03.19 07:00:00|17229|17236.51|17100.66|17123.58|20952
2021.03.19 08:00:00|17123.08|17138.83|17032.66|17125.56|21769
2021.03.22 03:30:00|17116.17|17348.07|17079.58|17167.35|24557
2021.03.22 04:30:00|17167.74|17253.03|17087.53|17214.11|21424
2021.03.22 07:00:00|17216.87|17229.12|17169.97|17203.84|20454
2021.03.22 08:00:00|17206.14|17245.95|17163.08|17239.88|20479
2021.03.23 03:30:00|17218.2|17283.61|17152.97|17166.34|23381
2021.03.23 04:30:00|17166.41|17167.13|16982.94|17019.89|21858
2021.03.23 07:00:00|16971.52|17098.14|16958.76|17060.02|21130
2021.03.23 08:00:00|17059.98|17135.4|16969.55|17135.21|22372
2021.03.24 03:30:00|17074.71|17229.57|16939.78|16957.73|23961
2021.03.24 04:30:00|16957.42|17071.14|16898.48|16922.39|22458
2021.03.24 07:00:00|16915.55|16941.9|16849.47|16871.33|20939
2021.03.24 08:00:00|16871.23|16911.16|16825.13|16876.78|21493
2021.03.25 03:30:00|16795.15|16914.75|16697.63|16859.02|23523
2021.03.25 04:30:00|16859.26|16912.2|16796.64|16817.64|21235
2021.03.25 07:00:00|16816.99|16894.31|16811.86|16823.72|20374
2021.03.25 08:00:00|16823.56|16849.34|16785.75|16831.59|20574
2021.03.26 03:30:00|16951.86|17068.39|16929.08|16954.11|22897
2021.03.26 04:30:00|16953.17|17211.66|16926.55|17165.64|21456
2021.03.26 07:00:00|17181.61|17212.46|17154.02|17211.98|20809
2021.03.26 08:00:00|17212.14|17258.94|17173.88|17196.24|21704
2021.03.29 04:30:00|17295.85|17410.98|17104.08|17408.48|26926
2021.03.29 05:30:00|17408.75|17438.8|17334.64|17403.8|23321
2021.03.29 08:00:00|17365.1|17375.49|17239.14|17276.61|21430
2021.03.29 09:00:00|17276.7|17309.76|17244.06|17270.83|21109
2021.03.30 04:30:00|17241.26|17433.1|17215.67|17432.85|25539
2021.03.30 05:30:00|17432.76|17506.17|17400.71|17480.82|22646
2021.03.30 08:00:00|17472.13|17489.92|17371.74|17374.43|21429
2021.03.30 09:00:00|17374.07|17452.44|17368.8|17452.33|22721
2021.03.31 04:30:00|17342.6|17379.51|17167.67|17222.82|25667
2021.03.31 05:30:00|17222.53|17233.02|17132|17220.93|22279
2021.03.31 08:00:00|17192.55|17256.68|17185.04|17248.82|21885
2021.03.31 09:00:00|17248.67|17268.43|17225.46|17247.22|22370
2021.04.01 04:30:00|17302.95|17416.47|17288.56|17382.08|24840
2021.04.01 05:30:00|17382.17|17421.05|17321.43|17351.5|21218
2021.04.01 08:00:00|17357.78|17362.24|17303.46|17334.41|20307
2021.04.01 09:00:00|17334.5|17494.51|17330.96|17471.14|21613
2021.04.06 04:30:00|17752.83|17756.21|17566.89|17631.56|22989
2021.04.06 05:30:00|17634.19|17637.45|17526.71|17536.94|20561
2021.04.06 08:00:00|17530.54|17571.94|17512.54|17538.73|20450
2021.04.06 09:00:00|17538.22|17601.55|17522.82|17585.66|21480
2021.04.07 04:30:00|17528.14|17535.27|17233.27|17278.64|25588
2021.04.07 05:30:00|17278.55|17288.55|17199.13|17255.96|22062
2021.04.07 08:00:00|17230.5|17265.11|17208.41|17264.51|21502
2021.04.07 09:00:00|17264.8|17290.29|17231.53|17288.62|22216
2021.04.08 04:30:00|17153.35|17360.11|17137.08|17264.91|24856
2021.04.08 05:30:00|17264.74|17359.49|17262.66|17326.46|21765
2021.04.08 08:00:00|17320.63|17396.05|17313.9|17381.29|21072
2021.04.08 09:00:00|17381.04|17425.29|17343.39|17365.87|22001
2021.04.09 04:30:00|17244.17|17288.07|17044.76|17075.86|24091
2021.04.09 05:30:00|17075.56|17086.51|17042.2|17077.46|20941
2021.04.09 08:00:00|17067.69|17100.54|17008.45|17034.1|20633
2021.04.09 09:00:00|17034.32|17105.86|17017.47|17054.35|21187
2021.04.12 04:30:00|17033.64|17094.68|16885.79|16892.28|25608
2021.04.12 05:30:00|16892.36|16917.14|16797.5|16854.11|22196
2021.04.12 08:00:00|16845.91|16916.1|16817.97|16826.44|21717
2021.04.12 09:00:00|16826.53|16870.94|16783.84|16849.2|22947
2021.04.13 04:30:00|16938.32|17049.64|16920.53|17041.59|25914
2021.04.13 05:30:00|17042.13|17060.14|16952.2|16964.73|21711
2021.04.13 08:00:00|16928.61|16934.79|16771.01|16779.04|22266
2021.04.13 09:00:00|16779.41|16841.51|16765.03|16815.24|22716
2021.04.14 04:30:00|16893.02|16970.7|16854.3|16933.83|24923
2021.04.14 05:30:00|16934.05|16944.8|16768.9|16814.5|22294
2021.04.14 08:00:00|16813.25|16893.96|16801|16892.7|21088
2021.04.14 09:00:00|16892.43|16927.21|16846.53|16908.72|21068
2021.04.15 04:30:00|16824.37|16852.89|16641.84|16650.58|25260
2021.04.15 05:30:00|16651.3|16652.52|16540.4|16557.72|22279
2021.04.15 08:00:00|16566.61|16685.83|16565.31|16658.29|21496
2021.04.15 09:00:00|16658.43|16719.52|16639.96|16717.55|22239
2021.04.16 04:30:00|16787.83|16798.02|16617.61|16731.71|24841
2021.04.16 05:30:00|16731.69|16755.35|16658.93|16740.02|21992
2021.04.16 08:00:00|16731.21|16871.81|16727.7|16853.61|21768
2021.04.16 09:00:00|16853.37|16857.19|16786.92|16812.41|22352
2021.04.19 04:30:00|16721.31|17088.33|16654.88|17074.56|25007
2021.04.19 05:30:00|17074.46|17148.39|17073.76|17119.11|22562
2021.04.19 08:00:00|17109.74|17136.59|17059.79|17118.76|21323
2021.04.19 09:00:00|17118.42|17189.52|17102.62|17177.33|22966
2021.04.20 04:30:00|17096.5|17262.77|17065.69|17211.71|23563
2021.04.20 05:30:00|17212.07|17287.04|17156.36|17273.02|21318
2021.04.20 08:00:00|17256.58|17329.5|17256.58|17272.44|21598
2021.04.20 09:00:00|17272.72|17274.05|17165.94|17177.4|21700
2021.04.21 04:30:00|17105.97|17220.8|17090.38|17172.42|25340
2021.04.21 05:30:00|17172.15|17294.61|17169.8|17272.74|22035
2021.04.21 08:00:00|17275.45|17291.12|17225.83|17257.1|21153
2021.04.21 09:00:00|17257.21|17313.62|17245.86|17270.82|21635
2021.04.22 04:30:00|17302.1|17305.01|17084.69|17175.39|25242
2021.04.22 05:30:00|17175.64|17211.05|17134.29|17167.62|21911
2021.04.22 08:00:00|17169.57|17182|17126.48|17167.5|21015
2021.04.22 09:00:00|17166.97|17168.22|17113.9|17163.68|21594
2021.04.23 04:30:00|17182.72|17410.19|17168.56|17367.97|25591
2021.04.23 05:30:00|17368.17|17454.22|17365.76|17396.93|23810
2021.04.23 08:00:00|17379.12|17404.98|17297|17345.53|22348
2021.04.23 09:00:00|17345.45|17402.86|17317.3|17399.6|23061
2021.04.26 04:30:00|17535.48|17538.12|17318.71|17474.89|27070
2021.04.26 05:30:00|17475.15|17492.79|17368.13|17374.52|23900
2021.04.26 08:00:00|17355.4|17399.29|17201.83|17232.96|23885
2021.04.26 09:00:00|17231.61|17245.54|17111.99|17140.57|25272
2021.04.27 04:30:00|17147.22|17158.35|17037.72|17081.96|26359
2021.04.27 05:30:00|17081.6|17138.98|17054.89|17098.93|21950
2021.04.27 08:00:00|17100.07|17253.49|17087.96|17229.24|21600
2021.04.27 09:00:00|17229.19|17249.63|17194.83|17249.16|22043
2021.04.28 04:30:00|17101.12|17207.91|17082.21|17202.47|26173
2021.04.28 05:30:00|17203.13|17244.35|17130.62|17182.21|21960
2021.04.28 08:00:00|17180.85|17212.89|17138.97|17173.98|21754
2021.04.28 09:00:00|17174.04|17267.54|17168.83|17264.78|23042
2021.04.29 04:30:00|17315.33|17470.26|17266.91|17363.64|28310
2021.04.29 05:30:00|17363.6|17387.99|17294.79|17336.3|22405
2021.04.29 08:00:00|17327.41|17414.89|17324.88|17403.4|21534
2021.04.29 09:00:00|17404.56|17497.24|17384.37|17480.46|22174
2021.04.30 04:30:00|17479.53|17480.53|17360.19|17364.66|26475
2021.04.30 05:30:00|17364.77|17474.27|17352.64|17425.65|22809
2021.04.30 08:00:00|17418.68|17428.33|17211.53|17300.04|23156
