2021.01.15 05:30:00|11321.63|11328.98|11271.27|11276.78|894
2021.01.15 07:00:00|11254.13|11255.98|11184.03|11228.43|1761
2021.01.15 08:00:00|11227.95|11294.13|11227.95|11282.87|1787
2021.01.15 09:00:00|11280.8|11317.36|11277.14|11316.43|1791
2021.01.18 03:30:00|11264.04|11370.5|11230.64|11364.48|1765
2021.01.18 04:30:00|11363.97|11403.38|11358.19|11401.9|1790
2021.01.18 05:30:00|11400.67|11410.23|11378.64|11386.31|893
2021.01.18 07:00:00|11384.89|11444.06|11359.21|11422.67|1760
2021.01.18 08:00:00|11421.18|11441.91|11403.73|11415.98|1784
2021.01.18 09:00:00|11416.51|11452.37|11409.76|11449.25|1787
2021.01.19 03:30:00|11596.84|11713.27|11592.63|11697.99|1767
2021.01.19 04:30:00|11703.78|11765.93|11687.7|11761.37|1794
2021.01.19 05:30:00|11760.5|11823.38|11759.8|11784.05|894
2021.01.19 07:00:00|11790.9|11816.02|11670.37|11677.9|1766
2021.01.19 08:00:00|11676.71|11693.76|11607.29|11645.01|1792
2021.01.19 09:00:00|11643.78|11737.18|11634.4|11717.68|1794
2021.01.20 03:30:00|11825.92|11918.03|11795.32|11903.54|1765
2021.01.20 04:30:00|11899.96|11910.55|11796.5|11801.46|1795
2021.01.20 05:30:00|11802.81|11817.44|11784.92|11812.56|897
2021.01.20 07:00:00|11809.02|11902.91|11795.79|11888.52|1767
2021.01.20 08:00:00|11888.35|11919.92|11872.21|11911.34|1796
2021.01.20 09:00:00|11911.67|11947.72|11898.56|11932.9|1795
2021.01.21 03:30:00|11951.76|11994.77|11877.06|11905.28|1766
2021.01.21 04:30:00|11903.92|11970.6|11881.17|11928.05|1793
2021.01.21 05:30:00|11925.86|11939.93|11904.52|11935.43|888
2021.01.21 07:00:00|11943.37|11970.11|11921.13|11931.9|1765
2021.01.21 08:00:00|11931.74|11938.59|11820.86|11855.01|1793
2021.01.21 09:00:00|11854.31|11889.87|11842.14|11876.41|1795
2021.01.22 03:30:00|11835.82|11858.79|11687.9|11746.01|1766
2021.01.22 04:30:00|11746.61|11789.13|11686.31|11719.58|1798
2021.01.22 05:30:00|11719.76|11726.15|11671.61|11695.98|893
2021.01.22 07:00:00|11695.3|11729.76|11695.3|11712.01|1766
2021.01.22 08:00:00|11713.03|11717.46|11682.16|11697.85|1792
2021.01.22 09:00:00|11696.88|11699.58|11651.27|11665.76|1792
2021.01.25 03:30:00|11766.52|11869.86|11737.29|11861.05|1765
2021.01.25 04:30:00|11862.81|11924.16|11857.15|11896.29|1790
2021.01.25 05:30:00|11897.65|11936.41|11893.79|11928.89|894
2021.01.25 07:00:00|11927.29|11960.93|11891.99|11914.85|1767
2021.01.25 08:00:00|11914.22|11954.71|11890.11|11937.69|1793
2021.01.25 09:00:00|11935.79|11978.93|11933.47|11976.61|1795
2021.01.26 03:30:00|11815.45|11912.78|11800.78|11826.45|1767
2021.01.26 04:30:00|11827.83|11835.17|11719.45|11744.49|1797
2021.01.26 05:30:00|11742.96|11745.08|11677.26|11689.76|897
2021.01.26 07:00:00|11682.55|11783.63|11655.02|11736.55|1759
2021.01.26 08:00:00|11735.27|11742.72|11690.5|11699.32|1796
2021.01.26 09:00:00|11699.41|11730.2|11688.92|11716.43|1791
2021.01.27 03:30:00|11793.6|11803|11587.75|11673.87|1769
2021.01.27 04:30:00|11672.11|11717.31|11651.66|11700.08|1785
2021.01.27 05:30:00|11700.45|11723.77|11694.27|11711.54|895
2021.01.27 07:00:00|11718.63|11734.03|11701.29|11734.03|1763
2021.01.27 08:00:00|11732.06|11738.53|11684.63|11711.75|1792
2021.01.27 09:00:00|11709.4|11717.22|11661.77|11667.54|1793
2021.01.28 03:30:00|11460.19|11611.49|11422.54|11505.11|1768
2021.01.28 04:30:00|11508.37|11508.37|11387.31|11413.89|1795
2021.01.28 05:30:00|11416.32|11430.11|11397.64|11415.35|891
2021.01.28 07:00:00|11417.27|11459.2|11394.97|11412.39|1760
2021.01.28 08:00:00|11417.7|11417.7|11351.04|11383.61|1791
2021.01.28 09:00:00|11389.1|11398.58|11298.82|11314.01|1797
2021.01.29 03:30:00|11488.51|11508.32|11341.77|11359.04|1768
2021.01.29 04:30:00|11357.87|11439.79|11332.38|11381.61|1796
2021.01.29 05:30:00|11375.74|11389.44|11362.66|11376.66|887
2021.01.29 07:00:00|11312.43|11321.51|11224.96|11288.58|1762
2021.01.29 08:00:00|11286.78|11290.76|11192.04|11267.34|1794
2021.01.29 09:00:00|11267.46|11294.27|11231.96|11239.06|1796
2021.02.01 03:30:00|11267.54|11373.39|11249.61|11336.85|1768
2021.02.01 04:30:00|11339.75|11395.92|11298.07|11395.92|1791
2021.02.01 05:30:00|11397.56|11431.29|11376.21|11423.88|889
2021.02.01 07:00:00|11439.81|11486.44|11421.38|11471.55|1754
2021.02.01 08:00:00|11472.05|11480.5|11445.18|11462.04|1793
2021.02.01 09:00:00|11460.48|11469.28|11423.89|11454.36|1785
2021.02.02 03:30:00|11608.71|11714.9|11598.9|11707.7|1764
2021.02.02 04:30:00|11707.38|11737.23|11687.73|11714.38|1792
2021.02.02 05:30:00|11714.59|11716.36|11680.85|11695.84|889
2021.02.02 07:00:00|11692.2|11699.37|11628.38|11672.19|1753
2021.02.02 08:00:00|11671.04|11676.77|11628.74|11640.8|1784
2021.02.02 09:00:00|11640.02|11644.77|11589.83|11605.8|1793
2021.02.03 03:30:00|11599.19|11620.9|11512.84|11601.65|1767
2021.02.03 04:30:00|11600.35|11622.96|11556.01|11600.67|1788
2021.02.03 05:30:00|11602.25|11606.16|11579.56|11601.03|891
2021.02.03 07:00:00|11610.67|11639.41|11584.61|11606.94|1763
2021.02.03 08:00:00|11605.27|11645.87|11595.03|11603.88|1791
2021.02.03 09:00:00|11603.69|11657.17|11580.22|11651.02|1794
2021.02.04 03:30:00|11560.76|11655.91|11544.01|11631.81|1768
2021.02.04 04:30:00|11632.06|11639.49|11475.7|11505.88|1790
2021.02.04 05:30:00|11504.68|11510.06|11443.31|11453.34|892
2021.02.04 07:00:00|11439.7|11502.18|11402.78|11485.91|1758
2021.02.04 08:00:00|11484.96|11583.04|11470.72|11580.54|1789
2021.02.04 09:00:00|11580.57|11593.81|11544.14|11554.05|1788
2021.02.05 03:30:00|11623.46|11658.43|11578.41|11637.08|1765
2021.02.05 04:30:00|11637.29|11648.37|11583.26|11600.13|1789
2021.02.05 05:30:00|11600.48|11605.88|11531.46|11572.22|893
2021.02.05 07:00:00|11568.66|11609.92|11548.18|11605.4|1757
2021.02.05 08:00:00|11604.98|11617.69|11565.89|11577.65|1792
2021.02.05 09:00:00|11578.72|11580.83|11539.32|11553.61|1796
2021.02.08 03:30:00|11673.28|11681.54|11585.23|11605.18|1760
2021.02.08 04:30:00|11608.01|11685.58|11602.17|11663.91|1784
2021.02.08 05:30:00|11664.84|11668.15|11605.52|11626.3|888
2021.02.08 07:00:00|11631.58|11646|11584.79|11590.87|1759
2021.02.08 08:00:00|11592.26|11602.16|11575.02|11586.62|1787
2021.02.08 09:00:00|11587.12|11602.4|11556.41|11563.88|1790
2021.02.09 03:30:00|11570.42|11570.9|11524.07|11551.44|1743
2021.02.09 04:30:00|11551.04|11566.79|11505.28|11558.62|1750
2021.02.09 05:30:00|11558.26|11609.45|11555.16|11581.94|871
2021.02.09 07:00:00|11590.19|11620.7|11558.04|11571.93|1735
2021.02.09 08:00:00|11571.46|11583.79|11547.66|11553.32|1770
2021.02.09 09:00:00|11553.03|11597.6|11547.46|11594.72|1782
2021.02.10 03:30:00|11718.79|11810.09|11694.54|11769.29|1762
2021.02.10 04:30:00|11769.76|11793.7|11744.42|11790.49|1771
2021.02.10 05:30:00|11789.48|11812.82|11778.5|11795.91|886
2021.02.10 07:00:00|11798.76|11800.67|11757.6|11779.94|1736
2021.02.10 08:00:00|11778.36|11812.4|11765.63|11782.23|1766
2021.02.10 09:00:00|11783.36|11815.82|11776.22|11808.27|1780
2021.02.11 03:30:00|11740.95|11772.05|11698.48|11770.47|1740
2021.02.11 04:30:00|11768.82|11845.39|11767.14|11845.23|1780
2021.02.11 05:30:00|11843.85|11875.17|11831.61|11875.17|896
2021.02.16 03:30:00|12056.73|12081.76|11987.86|12020.99|1767
2021.02.16 04:30:00|12022.2|12072.34|12012.44|12058.78|1792
2021.02.16 05:30:00|12058.47|12074.88|12052.54|12069.66|897
2021.02.16 07:00:00|12072.96|12074.39|11980.01|11997.98|1762
2021.02.16 08:00:00|11997.04|12043.35|11997.04|12039.97|1787
2021.02.16 09:00:00|12043.14|12054.04|12017.84|12027.44|1796
2021.02.17 03:30:00|11951.11|12071.68|11928.48|12064.56|1759
2021.02.17 04:30:00|12064.08|12109.4|12051.26|12092.02|1779
2021.02.17 05:30:00|12092.42|12164.14|12085.88|12159.89|885
2021.02.17 07:00:00|12155.16|12215.83|12155.16|12196.69|1752
2021.02.17 08:00:00|12198.78|12249.03|12191.73|12236.43|1790
2021.02.17 09:00:00|12235.83|12238.93|12200.51|12230.9|1797
2021.02.18 03:30:00|12244.26|12260.6|12123.71|12169.4|1763
2021.02.18 04:30:00|12168.68|12237.06|12110.39|12114.03|1793
2021.02.18 05:30:00|12112.52|12113.88|12055.21|12093.09|895
2021.02.18 07:00:00|12081.37|12131.72|12063.21|12071.25|1764
2021.02.18 08:00:00|12071.69|12099.44|12046.23|12073|1792
2021.02.18 09:00:00|12074.51|12079.66|12019.33|12030.57|1798
2021.02.19 03:30:00|11951.48|11994.49|11877.05|11905.85|1760
2021.02.19 04:30:00|11907.17|11924.34|11841.14|11923.8|1794
2021.02.19 05:30:00|11920.8|11952.46|11909.63|11948.81|891
2021.02.19 07:00:00|11979.35|12031.48|11951.9|12029.9|1765
2021.02.19 08:00:00|12032.47|12059.07|12014.92|12058.68|1793
2021.02.19 09:00:00|12056.6|12135.71|12042.07|12100.88|1795
2021.02.22 03:30:00|12165.05|12166.65|12070.47|12110.72|1767
2021.02.22 04:30:00|12111.49|12111.49|12055.49|12097.23|1797
2021.02.22 05:30:00|12097.79|12100.28|12078.42|12092.55|893
2021.02.22 07:00:00|12090.84|12093.42|11944.46|11975.15|1766
2021.02.22 08:00:00|11977.75|12043.11|11941.61|11980.23|1793
2021.02.22 09:00:00|11978.73|11992.13|11880.84|11886.84|1796
2021.02.23 03:30:00|11815.47|11919.43|11760.85|11901.49|1767
2021.02.23 04:30:00|11900.83|11969.34|11900.83|11927.66|1795
2021.02.23 05:30:00|11926.67|11947.54|11923.24|11942.4|896
2021.02.23 07:00:00|11987.05|12007.68|11954.68|11959.29|1766
2021.02.23 08:00:00|11958.55|11962.9|11881.48|11908.06|1792
2021.02.23 09:00:00|11906.59|11934.79|11892.96|11925.54|1790
2021.02.24 03:30:00|11945.73|11967.77|11776.13|11778.84|1762
2021.02.24 04:30:00|11778.61|11788.4|11543.04|11565.67|1798
2021.02.24 05:30:00|11565.58|11678.43|11548.13|11628.65|897
2021.02.24 07:00:00|11556.16|11575.89|11491.07|11494.32|1767
2021.02.24 08:00:00|11491.79|11543.73|11393.88|11478.15|1795
2021.02.24 09:00:00|11478.25|11515.7|11474.84|11500.85|1796
2021.02.25 03:30:00|11638.27|11751.2|11572.77|11743.62|1768
2021.02.25 04:30:00|11747.47|11801.84|11736.27|11781.61|1796
2021.02.25 05:30:00|11792.09|11822.9|11786.76|11796.14|896
2021.02.25 07:00:00|11833.74|11837.67|11775.22|11808.9|1766
2021.02.25 08:00:00|11811.79|11813.52|11726.42|11748.07|1794
2021.02.25 09:00:00|11752.6|11754.89|11708.26|11724.28|1796
2021.02.26 03:30:00|11338.93|11521.81|11307.12|11507.62|1763
2021.02.26 04:30:00|11507.69|11517.58|11387.07|11388.34|1795
2021.02.26 05:30:00|11388.28|11411.97|11385.05|11394.48|898
2021.02.26 07:00:00|11362.37|11391.17|11271.37|11297.48|1766
2021.02.26 08:00:00|11298.94|11343.92|11274.99|11282.2|1794
2021.02.26 09:00:00|11284.22|11292.84|11236.13|11248.67|1795
2021.03.01 03:30:00|11444.76|11461.54|11367.84|11414.34|1768
2021.03.01 04:30:00|11414.42|11440.04|11337.66|11371.47|1795
2021.03.01 05:30:00|11370.68|11390.16|11362.14|11379.1|893
2021.03.01 07:00:00|11386.78|11411.01|11364.82|11408.84|1755
2021.03.01 08:00:00|11407.98|11429.83|11398.94|11420.47|1787
2021.03.01 09:00:00|11424.22|11450.37|11418.63|11432.48|1786
2021.03.02 03:30:00|11527.53|11623.3|11487.11|11538.79|1763
2021.03.02 04:30:00|11537.18|11539.27|11389.81|11395.6|1794
2021.03.02 05:30:00|11395.25|11438.05|11384.33|11433.93|893
2021.03.02 07:00:00|11410.62|11434.83|11296.74|11315.87|1763
2021.03.02 08:00:00|11314.66|11417.45|11309|11394.28|1782
2021.03.02 09:00:00|11396.02|11396.78|11340.82|11346.15|1788
2021.03.03 03:30:00|11378.76|11535.52|11348.32|11503.21|1761
2021.03.03 04:30:00|11503.5|11551.56|11493.82|11547.74|1789
2021.03.03 05:30:00|11546.39|11554.49|11517.5|11532.21|878
2021.03.03 07:00:00|11548.82|11578.64|11533.03|11576.18|1756
2021.03.03 08:00:00|11576.3|11637.6|11571.99|11622.1|1781
2021.03.03 09:00:00|11622.26|11668.1|11611.6|11641.81|1793
2021.03.04 03:30:00|11463.2|11525.68|11410.32|11410.32|1765
2021.03.04 04:30:00|11409|11413.59|11315.68|11350.38|1794
2021.03.04 05:30:00|11351.5|11353.27|11325.84|11327.13|891
2021.03.04 07:00:00|11340.66|11381.02|11312.61|11325.67|1767
2021.03.04 08:00:00|11325.57|11380.22|11301.55|11342.47|1792
2021.03.04 09:00:00|11343.4|11397.37|11319.78|11331.08|1794
2021.03.05 03:30:00|11066.76|11163.04|11041.21|11111.59|1766
2021.03.05 04:30:00|11110.53|11299.69|11096.92|11205.03|1794
2021.03.05 05:30:00|11204.8|11286.19|11204.8|11284.64|896
2021.03.05 07:00:00|11280.68|11403.3|11230.68|11394.01|1753
2021.03.05 08:00:00|11392.98|11393.39|11307.93|11359.76|1785
2021.03.05 09:00:00|11360.18|11360.18|11302.72|11308.15|1791
2021.03.08 03:30:00|11396.8|11422.32|11202.09|11230.28|1764
2021.03.08 04:30:00|11234.78|11235.45|11107.62|11107.62|1796
2021.03.08 05:30:00|11107.77|11146.97|11094.1|11144.48|896
2021.03.08 07:00:00|11141.21|11163.75|11080.42|11135.37|1761
2021.03.08 08:00:00|11137.07|11181.25|11058.9|11058.95|1795
2021.03.08 09:00:00|11062.98|11092.72|10978.2|11002.05|1793
2021.03.09 03:30:00|11015.33|11094.08|10850.51|11009.71|1764
2021.03.09 04:30:00|11009.61|11126.24|10885.05|11099.22|1787
2021.03.09 05:30:00|11096.67|11114.77|11065.49|11072.64|896
2021.03.09 07:00:00|11103.96|11114.38|11008.55|11024.98|1762
2021.03.09 08:00:00|11025.08|11063.4|10887.89|10894.94|1795
2021.03.09 09:00:00|10896.93|10938.36|10860.17|10935.97|1792
2021.03.10 03:30:00|11153.46|11176.52|11012.36|11087.09|1765
2021.03.10 04:30:00|11088.23|11147.94|11034.53|11109.57|1789
2021.03.10 05:30:00|11110.94|11111.17|11088.69|11100.21|875
2021.03.10 07:00:00|11095.39|11095.84|10994.09|11012.04|1756
2021.03.10 08:00:00|11011.68|11045.69|10983.6|10998.82|1776
2021.03.10 09:00:00|11000.54|11052.56|10988.4|11034.41|1783
2021.03.11 03:30:00|11116.48|11316.13|11103.74|11269.67|1764
2021.03.11 04:30:00|11266.41|11317.82|11266.15|11310.91|1792
2021.03.11 05:30:00|11314.23|11330.53|11298.8|11325.9|892
2021.03.11 07:00:00|11312.05|11337.14|11270.77|11271.42|1758
2021.03.11 08:00:00|11269.42|11293.61|11209.99|11293.61|1791
2021.03.11 09:00:00|11291.92|11341.34|11281|11328.16|1793
2021.03.12 03:30:00|11432.09|11454.71|11344.54|11346.11|1761
2021.03.12 04:30:00|11348.74|11411.47|11334.05|11403.63|1786
2021.03.12 05:30:00|11403.48|11413.92|11395.7|11405.95|884
2021.03.12 07:00:00|11419.56|11433.66|11346.83|11359.2|1753
2021.03.12 08:00:00|11358.09|11384.72|11319.69|11329.55|1788
2021.03.12 09:00:00|11331.84|11331.84|11143.66|11161.3|1794
2021.03.15 03:30:00|11246.68|11333.46|11129.52|11273.92|1763
2021.03.15 04:30:00|11272.86|11282.2|11186.03|11197.75|1780
2021.03.15 05:30:00|11197.16|11221.76|11181.76|11211.71|890
2021.03.15 07:00:00|11233.62|11235.72|11101.23|11101.23|1760
2021.03.15 08:00:00|11102.83|11172.1|11063.28|11129.89|1790
2021.03.15 09:00:00|11130.23|11144.59|11115.36|11128.45|1789
2021.03.16 03:30:00|11239.53|11375.86|11235.72|11312.93|1767
2021.03.16 04:30:00|11313.88|11327.93|11248.61|11304.5|1780
2021.03.16 05:30:00|11304.31|11311.08|11287.17|11304.6|870
2021.03.16 07:00:00|11309.56|11337.49|11288.06|11300.9|1754
2021.03.16 08:00:00|11301.34|11322.19|11271.4|11319.46|1789
2021.03.16 09:00:00|11320.23|11336.82|11305.76|11325.94|1787
2021.03.17 03:30:00|11269.63|11422.53|11232.75|11384.76|1763
2021.03.17 04:30:00|11384.62|11404.66|11315.52|11332.36|1783
2021.03.17 05:30:00|11333.27|11337.71|11301.01|11334.22|878
2021.03.17 07:00:00|11323.38|11339.59|11273.56|11323.09|1744
2021.03.17 08:00:00|11324.55|11346.04|11304.42|11336.83|1778
2021.03.17 09:00:00|11337.24|11346.78|11325.84|11340.47|1789
2021.03.18 03:30:00|11484.15|11552.6|11456.1|11485.41|1761
2021.03.18 04:30:00|11484.39|11565.92|11477.05|11491.34|1789
2021.03.18 05:30:00|11490.1|11509.11|11486.86|11496.28|884
2021.03.18 07:00:00|11509.26|11519.66|11473.18|11510.56|1740
2021.03.18 08:00:00|11507.94|11556.28|11496.16|11543.4|1785
2021.03.18 09:00:00|11544.91|11546.13|11429.96|11450.16|1789
2021.03.19 03:30:00|11302.36|11378.27|11251.23|11297.24|1768
2021.03.19 04:30:00|11298.81|11312.38|11258.11|11278.17|1775
2021.03.19 05:30:00|11279.24|11296.22|11261.65|11263.66|866
2021.03.19 07:00:00|11293.24|11293.69|11180.27|11202.47|1755
2021.03.19 08:00:00|11204.29|11209.07|11160.19|11208.92|1783
2021.03.19 09:00:00|11208.31|11253.84|11197.12|11251.15|1786
2021.03.22 03:30:00|11259.62|11402.39|11251.65|11334.53|1767
2021.03.22 04:30:00|11333.81|11351.92|11271.13|11331.5|1773
2021.03.22 05:30:00|11329.82|11331.94|11311.08|11320|859
2021.03.22 07:00:00|11328.68|11348.34|11297.04|11330.24|1734
2021.03.22 08:00:00|11330.49|11342.71|11308.46|11312.13|1764
2021.03.22 09:00:00|11314.22|11322.42|11292.72|11301.88|1774
2021.03.23 03:30:00|11323.99|11324.44|11179.91|11198.23|1761
2021.03.23 04:30:00|11199.63|11199.9|11081.22|11115.85|1782
2021.03.23 05:30:00|11115.77|11127.95|11096.41|11119.41|878
2021.03.23 07:00:00|11069.65|11121.32|11066.53|11084.34|1756
2021.03.23 08:00:00|11084.12|11088.92|11036.5|11088.39|1783
2021.03.23 09:00:00|11087.61|11119.42|11076.29|11108.45|1783
2021.03.24 03:30:00|11067.15|11102.91|10893.17|10893.87|1767
2021.03.24 04:30:00|10893.69|10930.95|10832.45|10862.06|1793
2021.03.24 05:30:00|10862.98|10896.99|10850.72|10856.36|891
2021.03.24 07:00:00|10846.05|10857.4|10796.4|10812.49|1758
2021.03.24 08:00:00|10813.38|10838.66|10799.5|10822.06|1787
2021.03.24 09:00:00|10823.47|10834.67|10783.92|10820.57|1792
2021.03.25 03:30:00|10643.67|10773.7|10594.34|10724.18|1760
2021.03.25 04:30:00|10725.13|10755.84|10676.28|10719.22|1784
2021.03.25 05:30:00|10719|10745.74|10707.03|10737.87|887
2021.03.25 07:00:00|10741.19|10782.92|10707.09|10728.93|1764
2021.03.25 08:00:00|10729.07|10742.36|10695.7|10734.2|1781
2021.03.25 09:00:00|10734.59|10748|10715.8|10726.28|1790
2021.03.26 03:30:00|10799.19|10864.74|10775.4|10796.06|1768
2021.03.26 04:30:00|10798.41|10915.67|10790.16|10910.84|1788
2021.03.26 05:30:00|10909.91|10913.95|10877.91|10884.43|889
2021.03.26 07:00:00|10908.22|10983.94|10894.96|10981.38|1756
2021.03.26 08:00:00|10980.31|10994.46|10940.06|10941.17|1789
2021.03.26 09:00:00|10941.04|10973.93|10933.35|10948.8|1788
2021.03.29 04:30:00|10927.53|11007.28|10841.1|10981.38|1764
2021.03.29 05:30:00|10982.35|11003.65|10940.58|10961.33|1781
2021.03.29 06:30:00|10962.61|10985.75|10952.76|10975.06|884
2021.03.29 08:00:00|10948.43|10952.28|10838.5|10892.68|1755
2021.03.29 09:00:00|10894.29|10914.51|10854.82|10898.92|1780
2021.03.29 10:00:00|10898.65|10934.48|10892.91|10931.74|1792
2021.03.30 04:30:00|10991.55|11032.61|10942.02|11030.78|1767
2021.03.30 05:30:00|11028.48|11064.18|10995.2|11038.63|1788
2021.03.30 06:30:00|11040.12|11057.66|11035.19|11051.51|884
2021.03.30 08:00:00|11038.7|11060.52|11018.32|11019.43|1757
2021.03.30 09:00:00|11019.55|11042|10999.84|11002.06|1784
2021.03.30 10:00:00|11004.3|11014.76|10985.1|11002.43|1783
2021.03.31 04:30:00|11071.88|11102.69|10985.35|10989.13|1760
2021.03.31 05:30:00|10991.53|10994.43|10931.9|10993.8|1773
2021.03.31 06:30:00|10995.68|11009.06|10962.27|10965.17|874
2021.03.31 08:00:00|10939.86|10988.01|10938.58|10985.43|1740
2021.03.31 09:00:00|10984.97|10990.39|10956.99|10970.26|1780
2021.03.31 10:00:00|10971.2|10973.45|10923.15|10957.04|1788
2021.04.01 04:30:00|11071.49|11127.4|11040.63|11099.97|1765
2021.04.01 05:30:00|11099.17|11113.08|11042.48|11100.12|1769
2021.04.01 06:30:00|11101.75|11113.44|11093.88|11111.55|879
2021.04.01 08:00:00|11106.27|11123.09|11081.09|11094.81|1754
2021.04.01 09:00:00|11094.89|11159.74|11094.67|11147.2|1781
2021.04.01 10:00:00|11148|11201.39|11141.74|11201.39|1788
2021.04.07 04:30:00|11254.59|11255.04|11109.2|11119.97|1766
2021.04.07 05:30:00|11119.49|11133.78|11062.55|11095.6|1773
2021.04.07 06:30:00|11094.97|11109.28|11078.79|11088.6|870
2021.04.07 08:00:00|11071.52|11115.68|11065.41|11081.39|1749
2021.04.07 09:00:00|11081.43|11092.83|11054.24|11061.12|1764
2021.04.07 10:00:00|11061.45|11069.1|11028.46|11043.36|1789
2021.04.08 04:30:00|10985.92|11102.19|10978.32|11065.96|1756
2021.04.08 05:30:00|11067.51|11111.47|11067.09|11098.88|1764
2021.04.08 06:30:00|11100.75|11101.25|11075.13|11080.89|873
2021.04.08 08:00:00|11074.74|11103.73|11057.01|11095.16|1756
2021.04.08 09:00:00|11096.24|11117.54|11086.78|11096.48|1778
2021.04.08 10:00:00|11096.68|11118.43|11094.24|11102.45|1790
2021.04.09 04:30:00|11105.72|11107.9|11008.06|11014.13|1758
2021.04.09 05:30:00|11014.69|11022.38|10980.32|10990.4|1775
2021.04.09 06:30:00|10990.33|10990.33|10964.43|10986.38|869
2021.04.09 08:00:00|10988.73|11001.88|10918.58|10919.25|1741
2021.04.09 09:00:00|10919.49|10962.61|10914.26|10958.53|1790
2021.04.09 10:00:00|10959.78|10971.16|10946.01|10968.38|1777
2021.04.12 04:30:00|10976.01|10996.41|10861.3|10863.55|1761
2021.04.12 05:30:00|10862.44|10863.45|10802.92|10828.91|1783
2021.04.12 06:30:00|10828.7|10862.18|10823.98|10854.51|885
2021.04.12 08:00:00|10840.66|10886.28|10833.19|10840.55|1741
2021.04.12 09:00:00|10839.97|10860.05|10830.52|10849.48|1772
2021.04.12 10:00:00|10851.58|10859.14|10835.46|10852.87|1785
2021.04.13 04:30:00|10945.75|10981.63|10905.32|10979.97|1762
2021.04.13 05:30:00|10979.39|10994.02|10955.23|10963.21|1780
2021.04.13 06:30:00|10963.25|10965.01|10923.19|10932.01|888
2021.04.13 08:00:00|10899.53|10904.14|10828.03|10867.86|1753
2021.04.13 09:00:00|10868.21|10888.33|10852.39|10857.34|1773
2021.04.13 10:00:00|10856.06|10860.83|10821.72|10828.91|1793
2021.04.14 04:30:00|10939.49|11045.2|10927.32|10995.65|1761
2021.04.14 05:30:00|10997.13|11030.71|10950.99|10978.99|1766
2021.04.14 06:30:00|10979.35|10994.04|10971.61|10986.29|860
2021.04.14 08:00:00|10988.61|10998.14|10971.39|10984.51|1735
2021.04.14 09:00:00|10984.55|10992.58|10957.63|10963.03|1754
2021.04.14 10:00:00|10962.08|10987.98|10959.33|10971.48|1786
2021.04.15 04:30:00|10914.64|10964.08|10855.43|10870.25|1759
2021.04.15 05:30:00|10866.12|10866.15|10781.63|10805.92|1784
2021.04.15 06:30:00|10806.5|10825.52|10788.19|10821|873
2021.04.15 08:00:00|10820.42|10851.13|10813.77|10839.28|1733
2021.04.15 09:00:00|10839.78|10869.35|10824.9|10859.29|1779
2021.04.15 10:00:00|10859.96|10883.14|10857.42|10876.62|1792
2021.04.16 04:30:00|10892.3|10948.56|10880.07|10922.19|1755
2021.04.16 05:30:00|10921.48|10964.28|10903.6|10945.89|1765
2021.04.16 06:30:00|10945.72|10951.43|10931.93|10933.65|867
2021.04.16 08:00:00|10938.05|11038.64|10931.99|11031.63|1732
2021.04.16 09:00:00|11029.96|11033.76|10984.34|10989.82|1773
2021.04.16 10:00:00|10990.26|11027.81|10983.82|11021.3|1786
2021.04.19 04:30:00|10948.41|11128.86|10919.33|11114.09|1760
2021.04.19 05:30:00|11114.66|11142.1|11099.95|11116.28|1781
2021.04.19 06:30:00|11116.78|11117.07|11097.11|11100.19|869
2021.04.19 08:00:00|11103.82|11117.33|11076.17|11098.06|1738
2021.04.19 09:00:00|11098.43|11109.14|11071.77|11081.3|1773
2021.04.19 10:00:00|11081.78|11093.65|11054.64|11071.56|1783
2021.04.20 04:30:00|11005.52|11073.03|10983.37|11057.69|1762
2021.04.20 05:30:00|11058.47|11077.81|11025.66|11074.16|1772
2021.04.20 06:30:00|11074.73|11076.21|11059.86|11070.55|877
2021.04.20 08:00:00|11068.26|11113.9|11068.26|11094.5|1739
2021.04.20 09:00:00|11093.76|11103.61|11061.15|11061.5|1759
2021.04.20 10:00:00|11061.25|11077.24|11051.35|11067.65|1778
2021.04.21 04:30:00|10883.92|10954.09|10839.61|10858.07|1757
2021.04.21 05:30:00|10858.78|10921.87|10856.47|10902.37|1777
2021.04.21 06:30:00|10903.97|10904.5|10885.26|10894.6|868
2021.04.21 08:00:00|10888.25|10894.53|10863.92|10872.23|1738
2021.04.21 09:00:00|10871.81|10888.32|10861.2|10881|1772
2021.04.21 10:00:00|10882.08|10891.45|10868.83|10890.27|1787
2021.04.22 04:30:00|10952.21|10965.43|10860.06|10916.81|1762
2021.04.22 05:30:00|10916.02|10933.16|10897.64|10922.91|1762
2021.04.22 06:30:00|10924.82|10931.37|10910.66|10918.68|880
2021.04.22 08:00:00|10918.44|10937.7|10899.93|10928.53|1734
2021.04.22 09:00:00|10930.45|10941.07|10915.45|10931.86|1767
2021.04.22 10:00:00|10933.73|10938.34|10910|10920.04|1776
2021.04.23 04:30:00|10952.78|11059.48|10924.89|11041.73|1763
2021.04.23 05:30:00|11043.65|11073.22|11024.72|11036.1|1771
2021.04.23 06:30:00|11036.24|11037.82|11020.3|11034.45|869
2021.04.23 08:00:00|11033.57|11038.34|11001.52|11013.36|1728
2021.04.23 09:00:00|11013.4|11021.17|10992.5|11012.35|1772
2021.04.23 10:00:00|11013.89|11053.02|11009.02|11049.98|1783
2021.04.26 04:30:00|11072.06|11106.96|11028.06|11064.93|1762
2021.04.26 05:30:00|11065.87|11071.77|11026.54|11033.6|1776
2021.04.26 06:30:00|11032.88|11041.98|11018.35|11035.87|882
2021.04.26 08:00:00|11028.87|11044.73|10979.48|10990.1|1746
2021.04.26 09:00:00|10989.79|11003.29|10975.45|10981.92|1772
2021.04.26 10:00:00|10983|10985.71|10944.71|10959.52|1784
2021.04.27 04:30:00|10934.24|11016.11|10896.63|10967.4|1762
2021.04.27 05:30:00|10967.64|10984.79|10943.62|10981.45|1768
2021.04.27 06:30:00|10982.33|10983.61|10969.47|10975.31|856
2021.04.27 08:00:00|10977.22|11019.64|10959.52|10999.11|1725
2021.04.27 09:00:00|11001.31|11004.56|10959.39|10972.7|1762
2021.04.27 10:00:00|10974.17|10974.17|10948.1|10969.09|1783
2021.04.28 04:30:00|10967.01|11012.99|10947.98|11008.83|1758
2021.04.28 05:30:00|11009.82|11013.69|10951.66|10968.11|1768
2021.04.28 06:30:00|10968.82|10981.56|10958.18|10974.52|862
2021.04.28 08:00:00|10972.27|10987.64|10961|10966.24|1734
2021.04.28 09:00:00|10965.98|10997.45|10962|10993.58|1774
2021.04.28 10:00:00|10993.21|11001.21|10977.43|10988.71|1780
2021.04.29 04:30:00|11069|11108.71|11025.84|11074.59|1744
2021.04.29 05:30:00|11080.68|11088.38|11032.3|11041.27|1697
2021.04.29 06:30:00|11052.12|11059.05|11037.3|11037.3|821
2021.04.29 08:00:00|11030.23|11045.28|11009.14|11034.48|1616
2021.04.29 09:00:00|11041.83|11059.84|11023.69|11043.66|1677
2021.04.29 10:00:00|11051.68|11052.91|11031.34|11035.94|1751
2021.04.30 04:30:00|10962.39|10962.84|10849.8|10860.72|1735
2021.04.30 05:30:00|10857.61|10876.63|10847.96|10861|1678
2021.04.30 06:30:00|10859.83|10864.72|10847.94|10858.82|836
2021.04.30 08:00:00|10861.01|10864.91|10819.11|10846.33|1680
2021.04.30 09:00:00|10846.59|10856.69|10831.88|10840.36|1724
2021.04.30 10:00:00|10840.57|10843.15|10799.8|10814.76|1783
2021.05.03 04:30:00|10778.32|10780.53|10670.59|10694.44|1712
2021.05.03 05:30:00|10696|10710.44|10667.53|10672.67|1634
2021.05.03 06:30:00|10672.48|10680.8|10663.76|10676.25|834
2021.05.03 08:00:00|10669.09|10685.09|10661.04|10675.96|1611
2021.05.03 09:00:00|10674.92|10685.21|10662.45|10671.94|1647
2021.05.03 10:00:00|10673.43|10704.79|10672.14|10696.23|1757
2021.05.04 04:30:00|10701.76|10729.81|10678.87|10717.01|1729
2021.05.04 05:30:00|10716.91|10745.45|10707.91|10722.28|1680
2021.05.04 06:30:00|10723.84|10729.94|10707.32|10712.46|844
2021.05.04 08:00:00|10718.65|10742.59|10713.08|10732.23|1665
2021.05.04 09:00:00|10732.91|10755.93|10730.85|10751.12|1712
2021.05.04 10:00:00|10749.68|10764.18|10736.55|10754.2|1760
2021.05.05 04:30:00|10676.67|10814.04|10671.96|10757.45|1747
2021.05.05 05:30:00|10757.87|10795.55|10756.62|10781.5|1681
2021.05.05 06:30:00|10781.26|10790.78|10768.59|10770.69|828
2021.05.05 08:00:00|10771|10772.12|10709.43|10735.6|1642
2021.05.05 09:00:00|10735.17|10746.65|10697.77|10699.55|1636
2021.05.05 10:00:00|10699.35|10723.63|10695.07|10718.97|1757
2021.05.06 04:30:00|10820.09|10827.62|10754.41|10768.28|1760
2021.05.06 05:30:00|10767.87|10770.28|10669.36|10685.51|1778
2021.05.06 06:30:00|10684.96|10697.46|10679.74|10690.38|875
2021.05.06 08:00:00|10689.41|10731.46|10687.43|10724.38|1724
2021.05.06 09:00:00|10724.39|10737.31|10710.28|10727.21|1771
2021.05.06 10:00:00|10725.6|10751.1|10722.93|10730.72|1777
2021.05.07 04:30:00|10762.94|10818.26|10748.18|10797.75|1762
2021.05.07 05:30:00|10797.45|10803.92|10758.46|10767.39|1777
2021.05.07 06:30:00|10767.04|10768.73|10755.11|10762.14|873
2021.05.07 08:00:00|10744.43|10748.33|10686.56|10700.5|1745
2021.05.07 09:00:00|10700.45|10704.96|10671.32|10683|1781
2021.05.07 10:00:00|10683.65|10690.75|10655.1|10685.85|1786
2021.05.10 04:30:00|10724.08|10766.35|10688.08|10693.74|1764
2021.05.10 05:30:00|10693.26|10697.85|10618.75|10620.66|1784
2021.05.10 06:30:00|10618.73|10632.4|10598.48|10627.62|891
2021.05.10 08:00:00|10616.73|10637.65|10593.85|10614.32|1757
2021.05.10 09:00:00|10613.68|10631.02|10598.58|10622.18|1785
2021.05.10 10:00:00|10621.35|10638.67|10607.87|10631.27|1783
2021.05.11 04:30:00|10424.64|10425.09|10346.12|10379.47|1766
2021.05.11 05:30:00|10379.45|10440.87|10367.8|10379.46|1784
2021.05.11 06:30:00|10381.33|10399.17|10376.09|10387.64|892
2021.05.11 08:00:00|10386.46|10461.9|10376.65|10450.06|1754
2021.05.11 09:00:00|10449.31|10450.86|10403.76|10433.08|1782
2021.05.11 10:00:00|10431.98|10435.09|10391.72|10416.4|1787
2021.05.12 04:30:00|10495.33|10544.67|10454.49|10534.75|1761
2021.05.12 05:30:00|10532.46|10543.43|10475.81|10485.38|1773
2021.05.12 06:30:00|10485.25|10494.32|10438.9|10440.58|884
2021.05.12 08:00:00|10456.1|10518.68|10456.1|10487.2|1736
2021.05.12 09:00:00|10488.81|10529.6|10481.32|10521.84|1766
2021.05.12 10:00:00|10521.28|10546.75|10506.59|10543.82|1779
2021.05.13 04:30:00|10404.06|10452.12|10385.08|10431.94|1756
2021.05.13 05:30:00|10431.27|10461.46|10411.01|10438.18|1744
2021.05.13 06:30:00|10437.99|10443.89|10413.51|10423.74|852
2021.05.13 08:00:00|10417.05|10426.41|10360.21|10371.56|1704
2021.05.13 09:00:00|10371.65|10403.59|10371.05|10386.24|1739
2021.05.13 10:00:00|10385.96|10386.11|10333.48|10338.64|1788
2021.05.14 04:30:00|10350.33|10365.6|10268.47|10297.06|1757
2021.05.14 05:30:00|10296.54|10382.61|10295.07|10374.72|1778
2021.05.14 06:30:00|10376.47|10382.43|10370.21|10370.25|871
2021.05.14 08:00:00|10374.44|10394.05|10350.28|10387.17|1749
2021.05.14 09:00:00|10386.87|10413.53|10370.42|10401.23|1776
2021.05.14 10:00:00|10400.72|10402.11|10380.15|10394.46|1786
2021.05.17 04:30:00|10445.34|10513.82|10429.23|10450.02|1759
2021.05.17 05:30:00|10448.16|10487.21|10437.26|10472.28|1771
2021.05.17 06:30:00|10472.08|10479.42|10465.88|10469.44|878
2021.05.17 08:00:00|10471.81|10501.29|10471.7|10488.75|1738
2021.05.17 09:00:00|10488.56|10503.91|10480.56|10490.71|1778
2021.05.17 10:00:00|10489.72|10503.15|10468.13|10476.41|1783
2021.05.18 04:30:00|10601.87|10647.59|10598.65|10623.88|1762
2021.05.18 05:30:00|10623.15|10627.83|10601.76|10613.55|1772
2021.05.18 06:30:00|10613.66|10625.64|10610.73|10620.16|874
2021.05.18 08:00:00|10619.23|10629.54|10606.06|10613.2|1738
2021.05.18 09:00:00|10613.69|10636.02|10612.4|10621.78|1762
2021.05.18 10:00:00|10622.92|10636.72|10618.29|10634.32|1783
2021.05.20 04:30:00|10560.55|10632.87|10548.75|10564.78|1762
2021.05.20 05:30:00|10565.6|10601.17|10553.97|10594.16|1781
2021.05.20 06:30:00|10595.29|10609.23|10588.51|10602.89|892
2021.05.20 08:00:00|10590.79|10637.14|10579.51|10630.55|1756
2021.05.20 09:00:00|10629.66|10645.33|10616.58|10621.13|1790
2021.05.20 10:00:00|10620.91|10637.97|10616.56|10625.09|1788
2021.05.21 04:30:00|10692.63|10721.14|10626.82|10637.63|1754
2021.05.21 05:30:00|10637.92|10687.51|10632.74|10681.59|1782
2021.05.21 06:30:00|10683.56|10687.72|10666.3|10678.09|874
2021.05.21 08:00:00|10671.67|10699.94|10663.09|10673.3|1746
2021.05.21 09:00:00|10673.56|10690.17|10669.18|10687.17|1762
2021.05.21 10:00:00|10686.39|10696.63|10677.38|10683.02|1790
2021.05.24 04:30:00|10610.94|10659.32|10543.26|10552.95|1759
2021.05.24 05:30:00|10551.91|10609.34|10546.32|10604.98|1759
2021.05.24 06:30:00|10605.38|10619.89|10601.9|10604.08|862
2021.05.24 08:00:00|10597.99|10632.28|10594.43|10605.71|1753
2021.05.24 09:00:00|10606.52|10624.52|10602.67|10605.24|1766
2021.05.24 10:00:00|10606.18|10637.87|10604.17|10637|1779
2021.05.25 04:30:00|10630.85|10691.94|10630.33|10689.94|1759
2021.05.25 05:30:00|10689.89|10740.54|10672.18|10724.28|1781
2021.05.25 06:30:00|10723.6|10737.67|10718.7|10732.4|888
2021.05.25 08:00:00|10731.41|10771.21|10731.41|10767|1757
2021.05.25 09:00:00|10765.2|10783.78|10760.67|10775.74|1788
2021.05.25 10:00:00|10777.17|10785.21|10763.81|10778.99|1794
2021.05.26 04:30:00|10837.46|10847.97|10799.88|10830.78|1763
2021.05.26 05:30:00|10832.48|10863.26|10829.5|10850.4|1795
2021.05.26 06:30:00|10848|10851.48|10833.88|10837.91|887
2021.05.26 08:00:00|10841.82|10866.66|10837.9|10845.65|1752
2021.05.26 09:00:00|10845.15|10870.61|10815|10855.65|1786
2021.05.26 10:00:00|10855.45|10860.35|10824.34|10844.47|1789
2021.05.27 04:30:00|10792.19|10832.37|10773.15|10785.48|1764
2021.05.27 05:30:00|10784.58|10835.39|10764.45|10803.34|1778
2021.05.27 06:30:00|10803.23|10812.97|10796.44|10799.51|878
2021.05.27 08:00:00|10801.31|10820.32|10789.05|10816.77|1733
2021.05.27 09:00:00|10815.31|10825.62|10810.47|10821.23|1775
2021.05.27 10:00:00|10821.51|10837.57|10804.31|10813.18|1788
2021.05.28 04:30:00|10840.1|10903.89|10821.33|10844.55|1757
2021.05.28 05:30:00|10841.77|10851.16|10822.01|10846.34|1778
2021.05.28 06:30:00|10845.6|10857.95|10838.31|10853.51|887
2021.05.28 08:00:00|10854.04|10870.23|10798.14|10801.09|1741
2021.05.28 09:00:00|10798.86|10802.47|10754.82|10785.21|1786
2021.05.28 10:00:00|10782.35|10796.12|10761.79|10771.82|1791
2021.05.31 04:30:00|10804.46|10817.83|10749.71|10802.99|1761
2021.05.31 05:30:00|10805.45|10808.59|10779.32|10785.7|1780
2021.05.31 06:30:00|10785.21|10791.78|10779.23|10789.64|882
2021.05.31 08:00:00|10783.14|10785.82|10753.46|10766.05|1754
2021.05.31 09:00:00|10766.39|10821.54|10764.52|10818.08|1779
2021.05.31 10:00:00|10818.64|10871.56|10816.78|10871.56|1797
2021.06.01 04:30:00|10849.39|10930.47|10841.35|10859.78|1761
2021.06.01 05:30:00|10860.53|10930.83|10847.95|10926.98|1767
2021.06.01 06:30:00|10925.43|10937.8|10917.35|10923.85|875
2021.06.01 08:00:00|10924.89|10932.98|10903.51|10929.91|1733
2021.06.01 09:00:00|10930.59|10979.98|10925.42|10962.59|1781
2021.06.01 10:00:00|10963.78|10977.99|10956.16|10975.37|1796
2021.06.02 04:30:00|11001.75|11025.97|10963.53|10989.94|1761
2021.06.02 05:30:00|10988.81|10994.58|10926.5|10928.27|1779
2021.06.02 06:30:00|10928.78|10934.64|10905.52|10934.64|869
2021.06.02 08:00:00|10936.58|10953.95|10930.76|10940.05|1715
2021.06.02 09:00:00|10939.83|10943.94|10926.41|10933.63|1762
2021.06.02 10:00:00|10932.23|10941.99|10908.22|10925.61|1781
2021.06.03 04:30:00|10929.94|10979.63|10917.04|10941.28|1759
2021.06.03 05:30:00|10941.8|10950.92|10909.37|10910.86|1762
2021.06.03 06:30:00|10911.1|10911.36|10893.02|10905.78|866
2021.06.03 08:00:00|10901.6|10913.38|10873.39|10883.66|1736
2021.06.03 09:00:00|10883.6|10889.69|10805.72|10817.89|1784
2021.06.03 10:00:00|10816.77|10822.46|10795.08|10803.71|1791
2021.06.04 04:30:00|10743.37|10831.77|10730.1|10815.6|1761
2021.06.04 05:30:00|10815.55|10827.76|10788.18|10810.34|1781
2021.06.04 06:30:00|10809.08|10838.07|10807.64|10832.36|872
2021.06.04 08:00:00|10819.34|10836.75|10762.12|10762.44|1735
2021.06.04 09:00:00|10763.52|10793.24|10756.74|10788.36|1771
2021.06.04 10:00:00|10788.58|10799.03|10772.34|10797.17|1792
2021.06.07 04:30:00|10803.99|10804.44|10681.44|10740.08|1762
2021.06.07 05:30:00|10739.33|10757.99|10717.24|10723.7|1772
2021.06.07 06:30:00|10723.5|10727.02|10712.28|10716.98|851
2021.06.07 08:00:00|10731.08|10750.76|10720.16|10722.62|1729
2021.06.07 09:00:00|10723.46|10743.76|10721.54|10737.91|1766
2021.06.07 10:00:00|10739.3|10740.2|10714.11|10736.54|1786
2021.06.08 04:30:00|10755.28|10812.02|10727.07|10727.23|1764
2021.06.08 05:30:00|10727.48|10728.07|10678.6|10702.84|1761
2021.06.08 06:30:00|10702.58|10706.24|10681.62|10686.13|861
2021.06.08 08:00:00|10696.84|10701.69|10661.31|10678.49|1721
2021.06.08 09:00:00|10678.96|10707.25|10675.81|10702.78|1768
2021.06.08 10:00:00|10702.17|10716.75|10691.95|10710.58|1774
2021.06.09 04:30:00|10701.93|10726.03|10681.55|10697.27|1762
2021.06.09 05:30:00|10698.49|10739.36|10689.01|10715.34|1772
2021.06.09 06:30:00|10715.73|10722.53|10701.72|10706.29|862
2021.06.09 08:00:00|10695.91|10702.44|10672.87|10681.31|1700
2021.06.09 09:00:00|10681.47|10686.33|10670.63|10684.85|1748
2021.06.09 10:00:00|10684.44|10699.31|10680.65|10693.63|1762
2021.06.10 04:30:00|10728.41|10784.24|10728.41|10775.06|1759
2021.06.10 05:30:00|10775.58|10789.28|10711.77|10716.36|1770
2021.06.10 06:30:00|10715.36|10733.23|10709.87|10726.17|864
2021.06.10 08:00:00|10726.28|10746.72|10708.49|10716.66|1742
2021.06.10 09:00:00|10715.63|10730.06|10685.51|10690.83|1763
2021.06.10 10:00:00|10690.85|10693.88|10670.59|10688.72|1783
2021.06.11 04:30:00|10752.04|10780.44|10687.06|10714.06|1752
2021.06.11 05:30:00|10714.75|10738.71|10703.45|10721.44|1738
2021.06.11 06:30:00|10720.22|10726.37|10716.83|10717.79|846
2021.06.11 08:00:00|10714.12|10738.51|10713.46|10731.81|1733
2021.06.11 09:00:00|10731.57|10751.23|10716.86|10727.84|1747
2021.06.11 10:00:00|10730.8|10742.68|10721.32|10736.28|1787
2021.06.15 04:30:00|10727.69|10728.57|10558.6|10590.37|1766
2021.06.15 05:30:00|10591.25|10627.91|10586.98|10620.65|1773
2021.06.15 06:30:00|10622.32|10661.49|10619.15|10648.11|877
2021.06.15 08:00:00|10644.14|10663.61|10617.14|10663.12|1730
2021.06.15 09:00:00|10662.47|10665.26|10640.39|10653.8|1765
2021.06.15 10:00:00|10652.27|10669.16|10649.76|10666.86|1782
2021.06.16 04:30:00|10606.46|10638.42|10592.7|10619|1758
2021.06.16 05:30:00|10618.92|10620.64|10570.25|10584.17|1768
2021.06.16 06:30:00|10582.46|10598.6|10574.67|10596.48|855
2021.06.16 08:00:00|10594.21|10604.15|10555.07|10566.12|1721
2021.06.16 09:00:00|10566.23|10578.75|10561.39|10561.39|1753
2021.06.16 10:00:00|10560.76|10562.54|10536.14|10547.75|1787
2021.06.17 04:30:00|10477.12|10561.78|10460.53|10535.6|1760
2021.06.17 05:30:00|10535.15|10578.5|10530.88|10570.61|1752
2021.06.17 06:30:00|10572|10580.98|10559.74|10573.84|858
2021.06.17 08:00:00|10568.89|10576.26|10533.49|10541.08|1731
2021.06.17 09:00:00|10542.62|10552.77|10526.74|10546.44|1769
2021.06.17 10:00:00|10546.09|10564.44|10545.02|10559.45|1791
2021.06.18 04:30:00|10601|10683.72|10601|10618.59|1758
2021.06.18 05:30:00|10618.68|10629.81|10598.53|10603.18|1787
2021.06.18 06:30:00|10603.6|10616.18|10599.56|10607.77|878
2021.06.18 08:00:00|10589.73|10610.12|10574.15|10606.69|1748
2021.06.18 09:00:00|10607|10623.19|10602.78|10619.81|1786
2021.06.18 10:00:00|10620.99|10622.93|10602.05|10619.83|1788
2021.06.21 04:30:00|10529.31|10590.48|10499.65|10582.42|1767
2021.06.21 05:30:00|10584.74|10587.05|10509.26|10519.59|1788
2021.06.21 06:30:00|10520.23|10526.09|10508.47|10522.1|884
2021.06.21 08:00:00|10523.77|10530.84|10472.63|10489.54|1740
2021.06.21 09:00:00|10491.53|10527.77|10489.71|10520.63|1778
2021.06.21 10:00:00|10521.08|10550.04|10504.98|10541.42|1775
2021.06.22 04:30:00|10532.67|10547.72|10467.02|10506.29|1757
2021.06.22 05:30:00|10505.05|10525.64|10498.49|10516.84|1770
2021.06.22 06:30:00|10515.45|10518.79|10498.29|10505.55|874
2021.06.22 08:00:00|10499.38|10507.72|10470.84|10476|1742
2021.06.22 09:00:00|10477.51|10504.04|10468.29|10498.85|1765
2021.06.22 10:00:00|10498.82|10501.58|10461.87|10471.07|1778
2021.06.23 04:30:00|10519.98|10551.8|10512.44|10526.37|1761
2021.06.23 05:30:00|10525.99|10588.21|10524|10586.09|1774
2021.06.23 06:30:00|10584.03|10624.56|10580.4|10606.8|878
2021.06.23 08:00:00|10616.24|10627.28|10597.68|10621.47|1724
2021.06.23 09:00:00|10620.2|10670.46|10608.83|10660.24|1780
2021.06.23 10:00:00|10660.03|10682.09|10644.32|10655.59|1785
2021.06.24 04:30:00|10678.04|10719.98|10664.64|10693.74|1761
2021.06.24 05:30:00|10693.16|10697.59|10638.6|10641.92|1758
2021.06.24 06:30:00|10641.38|10672.6|10638.13|10667.73|861
2021.06.24 08:00:00|10671.05|10689.99|10658.3|10682.77|1731
2021.06.24 09:00:00|10682.52|10684.48|10664.92|10673.71|1765
2021.06.24 10:00:00|10671.85|10677.49|10647.56|10658.06|1734
2021.06.25 04:30:00|10721.81|10780.3|10716.14|10779.08|1764
2021.06.25 05:30:00|10779.2|10832.18|10775.27|10831.36|1783
2021.06.25 06:30:00|10830.87|10845.16|10821.79|10835.22|886
2021.06.25 08:00:00|10826.11|10861.74|10824.37|10850.71|1754
2021.06.25 09:00:00|10850.53|10874.89|10850.53|10870.54|1786
2021.06.25 10:00:00|10871.53|10879.66|10859.53|10875.4|1793
2021.06.28 08:00:00|10899.12|10899.12|10819.58|10833.31|899
2021.06.28 09:00:00|10834.64|10848.89|10812.74|10844.9|1791
2021.06.28 10:00:00|10845.8|10851.6|10829.52|10847.67|1792
2021.06.29 04:30:00|10844.98|10863.47|10800.13|10819.43|1763
2021.06.29 05:30:00|10818.31|10818.31|10750.07|10757.09|1782
2021.06.29 06:30:00|10760.35|10765.74|10735.8|10742.06|884
2021.06.29 08:00:00|10738.52|10757.81|10724.3|10747.54|1737
2021.06.29 09:00:00|10749.41|10749.41|10709.83|10711.67|1779
2021.06.29 10:00:00|10714.61|10752.74|10710.55|10742.15|1786
2021.06.30 04:30:00|10782.04|10788.58|10700.08|10736.03|1759
2021.06.30 05:30:00|10736.33|10739.78|10693.85|10708.71|1754
2021.06.30 06:30:00|10707.62|10713.22|10702.24|10703.69|870
2021.06.30 08:00:00|10712.63|10715.19|10660.74|10666.17|1740
2021.06.30 09:00:00|10664.34|10688.34|10656.54|10672.59|1771
2021.06.30 10:00:00|10672|10686.65|10649.5|10656.75|1782
2021.07.02 04:30:00|10584.02|10584.47|10454.08|10458.82|1760
2021.07.02 05:30:00|10458.1|10459.1|10416.62|10434.5|1789
2021.07.02 06:30:00|10434.22|10440.17|10424.42|10429.53|890
2021.07.02 08:00:00|10428.77|10444.52|10396.45|10404.75|1757
2021.07.02 09:00:00|10405.09|10414.99|10390.98|10403.06|1781
2021.07.02 10:00:00|10403.14|10408.89|10378.95|10403.04|1795
2021.07.05 04:30:00|10303.31|10383.53|10301.95|10332.76|1760
2021.07.05 05:30:00|10331.85|10341.97|10290.97|10294.94|1781
2021.07.05 06:30:00|10294.04|10296.56|10272.54|10286.84|894
2021.07.05 08:00:00|10286.76|10290.97|10238.95|10245.01|1760
2021.07.05 09:00:00|10244.6|10281.19|10240.19|10269.99|1786
2021.07.05 10:00:00|10268.48|10271.2|10241.29|10255.97|1785
2021.07.06 04:30:00|10226.47|10285.77|10177.91|10233.41|1761
2021.07.06 05:30:00|10232.85|10246.22|10191.77|10220.82|1777
2021.07.06 06:30:00|10219.51|10230.75|10213.89|10222.2|874
2021.07.06 08:00:00|10227.78|10250.22|10193.92|10203.09|1743
2021.07.06 09:00:00|10204.44|10277.61|10198.86|10268.18|1779
2021.07.06 10:00:00|10268.22|10278.12|10246.96|10259.54|1786
2021.07.07 04:30:00|10118.55|10131.78|10078.03|10104.63|1766
2021.07.07 05:30:00|10105.27|10148.93|10088.74|10122.12|1770
2021.07.07 06:30:00|10119.72|10122.73|10104.57|10115.41|854
2021.07.07 08:00:00|10107.54|10115.92|10071.14|10109.37|1745
2021.07.07 09:00:00|10109.91|10111.51|10091.24|10100.5|1773
2021.07.07 10:00:00|10099.74|10143.23|10099.74|10138.12|1784
2021.07.08 04:30:00|10081.12|10081.57|9934.83|9939.73|1764
2021.07.08 05:30:00|9937.879999999999|9939.17|9885.59|9904.07|1793
2021.07.08 06:30:00|9903.280000000001|9909.83|9888.620000000001|9896.84|892
2021.07.08 08:00:00|9896.1|9899.77|9830.01|9847.940000000001|1762
2021.07.08 09:00:00|9848.1|9871.07|9816.25|9816.84|1788
2021.07.08 10:00:00|9817.450000000001|9826.08|9793.26|9799.700000000001|1796
2021.07.09 04:30:00|9759.360000000001|9831.02|9671.35|9792.9|1767
2021.07.09 05:30:00|9793.809999999999|9867.6|9790.82|9816.290000000001|1787
2021.07.09 06:30:00|9817.49|9850.950000000001|9814.17|9844.799999999999|889
2021.07.09 08:00:00|9853.66|9904.16|9853.66|9894.950000000001|1752
2021.07.09 09:00:00|9893.780000000001|9906.780000000001|9869.610000000001|9873.040000000001|1786
2021.07.09 10:00:00|9873.219999999999|9891.76|9864.889999999999|9877.629999999999|1794
2021.07.12 04:30:00|10005.76|10006.21|9905.879999999999|9963.49|1765
2021.07.12 05:30:00|9961.4|9970.690000000001|9906.709999999999|9926.68|1783
2021.07.12 06:30:00|9926.549999999999|9960.030000000001|9926.549999999999|9951.82|884
2021.07.12 08:00:00|9934.91|9950.92|9901.49|9921.43|1751
2021.07.12 09:00:00|9921.34|9949.629999999999|9915.23|9940.719999999999|1782
2021.07.12 10:00:00|9939.17|9949.08|9908.379999999999|9925.219999999999|1793
2021.07.13 04:30:00|9974.219999999999|10138.69|9953|10124.18|1764
2021.07.13 05:30:00|10122.76|10151.05|10096.37|10143.62|1789
2021.07.13 06:30:00|10142.94|10152.21|10130.34|10150.46|890
2021.07.13 08:00:00|10138.28|10138.73|10085.49|10119.28|1747
2021.07.13 09:00:00|10118.72|10129.62|10083.57|10095.08|1776
2021.07.13 10:00:00|10095.3|10106.29|10087.22|10106.29|1788
2021.07.14 04:30:00|10067.99|10085.3|10024.64|10033.8|1763
2021.07.14 05:30:00|10034.34|10069.28|10016.14|10061.2|1779
2021.07.14 06:30:00|10061.68|10069.1|10049.82|10057.65|875
2021.07.14 08:00:00|10047.92|10082.14|10031.07|10076.04|1752
2021.07.14 09:00:00|10074.33|10074.8|10034.68|10042.79|1760
2021.07.14 10:00:00|10043.81|10058.96|10037.91|10046.18|1783
2021.07.15 04:30:00|10038.42|10167.44|10036.66|10167.25|1760
2021.07.15 05:30:00|10167.91|10214.96|10158.87|10200.05|1775
2021.07.15 06:30:00|10199.65|10215.29|10188.39|10195.07|862
2021.07.15 08:00:00|10191.6|10214.28|10174.43|10187.04|1723
2021.07.15 09:00:00|10185.97|10197.09|10170.24|10171.64|1762
2021.07.15 10:00:00|10173.42|10174.36|10136.96|10158.94|1770
2021.07.16 04:30:00|10148.45|10185.51|10109.79|10142.51|1762
2021.07.16 05:30:00|10141.61|10178.24|10111.25|10172.55|1772
2021.07.16 06:30:00|10171.37|10199.93|10171.37|10183.11|875
2021.07.16 08:00:00|10195.57|10213.74|10178.29|10183.27|1735
2021.07.16 09:00:00|10184.09|10184.09|10137.36|10151.41|1763
2021.07.16 10:00:00|10149.72|10169.2|10137.38|10168.99|1776
2021.07.19 04:30:00|10005.86|10026.1|9904.93|9908.719999999999|1763
2021.07.19 05:30:00|9908.360000000001|9968.799999999999|9902.209999999999|9945.66|1775
2021.07.19 06:30:00|9946.57|9975.17|9945.6|9973.57|870
2021.07.19 08:00:00|9964.870000000001|9986.33|9929.33|9935.540000000001|1734
2021.07.19 09:00:00|9935.51|9970.07|9929.030000000001|9965.08|1756
2021.07.19 10:00:00|9964.77|9968.26|9935.780000000001|9941.66|1777
2021.07.20 04:30:00|9918.120000000001|9967.719999999999|9846.34|9908.59|1762
2021.07.20 05:30:00|9908.610000000001|9914.73|9826.27|9827.27|1780
2021.07.20 06:30:00|9826.620000000001|9827.959999999999|9789.440000000001|9799.799999999999|886
2021.07.20 08:00:00|9796.110000000001|9829.360000000001|9787.780000000001|9809.540000000001|1742
2021.07.20 09:00:00|9809.950000000001|9845.950000000001|9803.16|9842.93|1766
2021.07.20 10:00:00|9844.08|9872.83|9838.209999999999|9842.4|1780
2021.07.21 04:30:00|9903.51|9926.23|9804.370000000001|9804.370000000001|1758
2021.07.21 05:30:00|9805.370000000001|9816.85|9745.58|9815.51|1777
2021.07.21 06:30:00|9815.620000000001|9823.790000000001|9795.309999999999|9805.02|853
2021.07.21 08:00:00|9793.799999999999|9799.450000000001|9768.370000000001|9775.9|1741
2021.07.21 09:00:00|9775.42|9804.25|9769.209999999999|9803.709999999999|1775
2021.07.21 10:00:00|9804.52|9821.459999999999|9794.25|9816.450000000001|1780
2021.07.22 04:30:00|9909.91|9984.950000000001|9903.549999999999|9971.120000000001|1760
2021.07.22 05:30:00|9970.9|10003.34|9951.629999999999|9994.700000000001|1779
2021.07.22 06:30:00|9993.559999999999|9993.559999999999|9975.01|9981.540000000001|860
2021.07.22 08:00:00|9968.51|9984.08|9942.9|9977.09|1725
2021.07.22 09:00:00|9976.98|9981.110000000001|9953.629999999999|9968|1748
2021.07.22 10:00:00|9967.219999999999|9992.360000000001|9962.969999999999|9983.4|1784
2021.07.23 04:30:00|9991.92|9995.780000000001|9889.27|9889.540000000001|1758
2021.07.23 05:30:00|9890|9924.59|9887.68|9898.030000000001|1743
2021.07.23 06:30:00|9897.299999999999|9900.389999999999|9879.58|9893.57|839
2021.07.23 08:00:00|9879.540000000001|9880.610000000001|9860.32|9869.809999999999|1703
2021.07.23 09:00:00|9870.08|9888.459999999999|9854.209999999999|9858.41|1752
2021.07.23 10:00:00|9857.719999999999|9858.049999999999|9799.08|9812.530000000001|1785
2021.07.26 04:30:00|9565.16|9621.530000000001|9517.51|9562.209999999999|1764
2021.07.26 05:30:00|9562.25|9562.25|9461.389999999999|9494.879999999999|1795
2021.07.26 06:30:00|9495.200000000001|9507.43|9448.370000000001|9468.01|895
2021.07.26 08:00:00|9449.4|9449.85|9378.299999999999|9435.48|1756
2021.07.26 09:00:00|9434.610000000001|9473.08|9397.51|9415.77|1792
2021.07.26 10:00:00|9415.76|9438.27|9332.639999999999|9341.379999999999|1793
2021.07.27 04:30:00|9297.540000000001|9365.09|9126.33|9126.33|1767
2021.07.27 05:30:00|9125.68|9277.26|9123.67|9201.959999999999|1797
2021.07.27 06:30:00|9202.91|9203.5|9164.33|9190.889999999999|899
2021.07.27 08:00:00|9180.190000000001|9189.02|9013.25|9103.719999999999|1764
2021.07.27 09:00:00|9103.98|9103.98|8898.75|8899.450000000001|1790
2021.07.27 10:00:00|8899.98|8938.620000000001|8710|8841.08|1797
2021.07.28 04:30:00|9045.99|9084.92|8846.059999999999|8941.059999999999|1767
2021.07.28 05:30:00|8940.620000000001|9014.799999999999|8930.790000000001|8941.370000000001|1790
2021.07.28 06:30:00|8939.190000000001|8953.879999999999|8899.719999999999|8901.98|895
2021.07.28 08:00:00|8883.440000000001|9012.1|8827.48|9009.65|1762
2021.07.28 09:00:00|9009.68|9061.58|8978.27|9021.41|1792
2021.07.28 10:00:00|9014.27|9047.85|8987.370000000001|9039.26|1792
2021.07.29 04:30:00|9328.17|9342.33|9248.09|9276.969999999999|1768
2021.07.29 05:30:00|9275.15|9391.58|9261.77|9346.700000000001|1793
2021.07.29 06:30:00|9350.530000000001|9376.620000000001|9344.629999999999|9354.26|888
2021.07.29 08:00:00|9352.200000000001|9429.84|9351.16|9364.77|1761
2021.07.29 09:00:00|9368.799999999999|9373.25|9326.120000000001|9347.98|1785
2021.07.29 10:00:00|9352.6|9399.34|9349.93|9396.450000000001|1793
2021.07.30 04:30:00|9218.370000000001|9279.42|9187.5|9275.700000000001|1762
2021.07.30 05:30:00|9275.57|9290.74|9158.48|9168.370000000001|1785
2021.07.30 06:30:00|9167.950000000001|9167.950000000001|9114.1|9130.4|895
2021.07.30 08:00:00|9112.98|9133.440000000001|9080.51|9112.75|1754
2021.07.30 09:00:00|9111.83|9167.959999999999|9111.83|9146.65|1784
2021.07.30 10:00:00|9147.709999999999|9215.35|9147.16|9213.02|1793
2021.08.02 04:30:00|9223.57|9239.950000000001|9101.940000000001|9204|1763
2021.08.02 05:30:00|9205.49|9316.16|9205.49|9313.27|1785
2021.08.02 06:30:00|9312.959999999999|9330.01|9286.99|9291.219999999999|883
2021.08.02 08:00:00|9296.85|9350.52|9281.469999999999|9317.049999999999|1737
2021.08.02 09:00:00|9317.15|9324.540000000001|9294.309999999999|9309.209999999999|1761
2021.08.02 10:00:00|9309.57|9331.110000000001|9290.16|9307.16|1789
2021.08.03 04:30:00|9302.4|9319.440000000001|9158.639999999999|9158.959999999999|1765
2021.08.03 05:30:00|9161.15|9257.610000000001|9137|9244.459999999999|1790
2021.08.03 06:30:00|9243.73|9252.07|9213.18|9219.610000000001|871
2021.08.03 08:00:00|9251.77|9325.290000000001|9245.200000000001|9294.309999999999|1757
2021.08.03 09:00:00|9297.040000000001|9319.959999999999|9266.98|9298.76|1773
2021.08.03 10:00:00|9300.66|9305.860000000001|9258.98|9277.18|1783
2021.08.04 04:30:00|9294.440000000001|9465.639999999999|9221.25|9422.92|1765
2021.08.04 05:30:00|9422.68|9477.41|9421.389999999999|9472.219999999999|1791
2021.08.04 06:30:00|9472.469999999999|9497.889999999999|9470.889999999999|9488.51|893
2021.08.04 08:00:00|9471.02|9481.889999999999|9412.809999999999|9421.23|1753
2021.08.04 09:00:00|9420.450000000001|9443.65|9408.68|9424.780000000001|1782
2021.08.04 10:00:00|9424.719999999999|9424.719999999999|9370.76|9407.219999999999|1790
2021.08.05 04:30:00|9355|9454.879999999999|9344.530000000001|9429.35|1759
2021.08.05 05:30:00|9427.52|9436.299999999999|9380.17|9408.67|1773
2021.08.05 06:30:00|9407.940000000001|9410.51|9354.799999999999|9362.959999999999|870
2021.08.05 08:00:00|9378.440000000001|9391.040000000001|9317.799999999999|9326.700000000001|1740
2021.08.05 09:00:00|9325.85|9326.889999999999|9256.18|9264.52|1779
2021.08.05 10:00:00|9265.74|9303.34|9264.530000000001|9291.77|1789
2021.08.06 04:30:00|9239.99|9265.15|9180.889999999999|9236.58|1767
2021.08.06 05:30:00|9236.459999999999|9261.16|9209.889999999999|9256.59|1775
2021.08.06 06:30:00|9257.200000000001|9283.879999999999|9252.040000000001|9271.74|890
2021.08.06 08:00:00|9278.5|9297.200000000001|9239.92|9266.85|1747
2021.08.06 09:00:00|9266.459999999999|9291.9|9254.93|9288.280000000001|1765
2021.08.06 10:00:00|9288.799999999999|9288.93|9258.48|9266.85|1792
2021.08.09 04:30:00|9153.83|9341.450000000001|9131.58|9313.049999999999|1764
2021.08.09 05:30:00|9312.16|9394.43|9312.16|9353.799999999999|1788
2021.08.09 06:30:00|9355.33|9366.24|9343.24|9352.23|886
2021.08.09 08:00:00|9350.1|9359.629999999999|9324.690000000001|9343.280000000001|1743
2021.08.09 09:00:00|9343.059999999999|9344.469999999999|9303.98|9304.690000000001|1776
2021.08.09 10:00:00|9304.959999999999|9312.379999999999|9285.27|9303.059999999999|1784
2021.08.10 04:30:00|9364.389999999999|9380.059999999999|9286.719999999999|9358.33|1767
2021.08.10 05:30:00|9357.809999999999|9394.58|9333.01|9362.879999999999|1787
2021.08.10 06:30:00|9363.129999999999|9383.459999999999|9363.129999999999|9374.690000000001|883
2021.08.10 08:00:00|9379.4|9445.370000000001|9379.24|9429.27|1754
2021.08.10 09:00:00|9430.52|9488.469999999999|9421|9483.540000000001|1789
2021.08.10 10:00:00|9482.969999999999|9489.639999999999|9462.23|9487.32|1789
2021.08.11 04:30:00|9452.83|9606.549999999999|9437.68|9581.209999999999|1765
2021.08.11 05:30:00|9580.42|9589.209999999999|9540.700000000001|9555.85|1788
2021.08.11 06:30:00|9557.209999999999|9564.23|9529.33|9542.139999999999|895
2021.08.11 08:00:00|9531.799999999999|9549.639999999999|9522.49|9532.639999999999|1753
2021.08.11 09:00:00|9532.799999999999|9535.82|9502.940000000001|9528.309999999999|1768
2021.08.11 10:00:00|9527.77|9546.85|9519.08|9521.24|1788
2021.08.12 04:30:00|9504.040000000001|9529.65|9468.99|9520.09|1763
2021.08.12 05:30:00|9520.139999999999|9547.360000000001|9500.049999999999|9503.51|1780
2021.08.12 06:30:00|9503.9|9518.65|9500.120000000001|9505.450000000001|864
2021.08.12 08:00:00|9505.68|9506.129999999999|9455.309999999999|9461.48|1743
2021.08.12 09:00:00|9461.200000000001|9474.610000000001|9430.700000000001|9433.02|1781
2021.08.12 10:00:00|9434.09|9435.709999999999|9400.67|9429.49|1785
2021.08.13 04:30:00|9376.83|9439.959999999999|9343.940000000001|9419.940000000001|1763
2021.08.13 05:30:00|9420.73|9421.719999999999|9316.639999999999|9331.07|1779
2021.08.13 06:30:00|9331.57|9363.299999999999|9326.629999999999|9355.549999999999|865
2021.08.13 08:00:00|9357.75|9363.18|9297.620000000001|9299.42|1741
2021.08.13 09:00:00|9299.15|9341.969999999999|9298.389999999999|9333.57|1761
2021.08.13 10:00:00|9332.5|9366.110000000001|9331.040000000001|9364.65|1779
2021.08.16 04:30:00|9375.25|9378.040000000001|9252.58|9263.290000000001|1767
2021.08.16 05:30:00|9262.1|9321.09|9252.02|9274.99|1773
2021.08.16 06:30:00|9276.049999999999|9279.379999999999|9248.84|9268.33|874
2021.08.16 08:00:00|9273.66|9287.85|9238.709999999999|9250.41|1746
2021.08.16 09:00:00|9250.389999999999|9252.549999999999|9214.309999999999|9239.51|1778
2021.08.16 10:00:00|9238.120000000001|9265.459999999999|9230.780000000001|9252.32|1787
2021.08.17 04:30:00|9209.41|9268.040000000001|9172.639999999999|9225.309999999999|1767
2021.08.17 05:30:00|9225.84|9255.07|9173.76|9174.780000000001|1768
2021.08.17 06:30:00|9173.879999999999|9176.01|9161.24|9169|873
2021.08.17 08:00:00|9168.629999999999|9171.610000000001|9043.82|9046.290000000001|1758
2021.08.17 09:00:00|9045.700000000001|9045.700000000001|8992.309999999999|9033.889999999999|1792
2021.08.17 10:00:00|9033.33|9047.4|9013.280000000001|9031.77|1791
2021.08.18 04:30:00|9072.33|9140.17|9033.91|9134.629999999999|1759
2021.08.18 05:30:00|9134.98|9157.450000000001|9114.84|9155.33|1769
2021.08.18 06:30:00|9154.870000000001|9163.4|9139.870000000001|9153.32|876
2021.08.18 08:00:00|9171.059999999999|9201.66|9145.25|9153.780000000001|1747
2021.08.18 09:00:00|9155|9167.610000000001|9132.59|9135.129999999999|1776
2021.08.18 10:00:00|9133.440000000001|9149.620000000001|9113.379999999999|9124.700000000001|1787
2021.08.19 04:30:00|9132.200000000001|9158.889999999999|8985.24|9002.719999999999|1762
2021.08.19 05:30:00|9001.709999999999|9022.219999999999|8941.959999999999|8966.290000000001|1789
2021.08.19 06:30:00|8965.209999999999|8980.91|8948.450000000001|8973.790000000001|884
2021.08.19 08:00:00|8957.610000000001|9020.620000000001|8954.690000000001|8974.74|1748
2021.08.19 09:00:00|8975.469999999999|8983.459999999999|8909.73|8911.889999999999|1784
2021.08.19 10:00:00|8911.360000000001|8911.360000000001|8859.34|8899.24|1794
2021.08.20 04:30:00|8850.120000000001|8892.299999999999|8751.469999999999|8807.610000000001|1768
2021.08.20 05:30:00|8806.35|8812.91|8688.620000000001|8693.59|1794
2021.08.20 06:30:00|8692.84|8696.809999999999|8633.639999999999|8695.17|895
2021.08.20 08:00:00|8687.120000000001|8720.620000000001|8638.49|8710.33|1761
2021.08.20 09:00:00|8711.030000000001|8786.379999999999|8695.26|8739.059999999999|1791
2021.08.20 10:00:00|8740.98|8750.639999999999|8705.059999999999|8724.34|1794
2021.08.23 04:30:00|8832.139999999999|8981.370000000001|8812.370000000001|8958.18|1763
2021.08.23 05:30:00|8956.879999999999|8974.67|8871.379999999999|8889.219999999999|1792
2021.08.23 06:30:00|8889.25|8898.76|8866.73|8875.16|886
2021.08.23 08:00:00|8868.799999999999|8885.01|8839.719999999999|8841.93|1744
2021.08.23 09:00:00|8840.85|8848.610000000001|8800.540000000001|8813.67|1787
2021.08.23 10:00:00|8813.809999999999|8820.16|8773.879999999999|8794.66|1788
2021.08.24 04:30:00|8917.57|9015.450000000001|8907.040000000001|8953.940000000001|1761
2021.08.24 05:30:00|8954.780000000001|8994.540000000001|8949.25|8985.25|1787
2021.08.24 06:30:00|8986.209999999999|8993.33|8972.51|8978.290000000001|883
2021.08.24 08:00:00|8977.23|9035.860000000001|8971.379999999999|9016.99|1753
2021.08.24 09:00:00|9016.379999999999|9040.02|8974.52|9035.889999999999|1787
2021.08.24 10:00:00|9035.67|9068.639999999999|9022.610000000001|9064.66|1792
2021.08.25 04:30:00|9164.91|9210.440000000001|9032.219999999999|9034.35|1763
2021.08.25 05:30:00|9033.33|9083.1|9013.809999999999|9046.469999999999|1789
2021.08.25 06:30:00|9046.709999999999|9054.309999999999|9022.530000000001|9033.6|881
2021.08.25 08:00:00|9036.23|9081.4|9036.23|9050.290000000001|1739
2021.08.25 09:00:00|9050.77|9061.530000000001|9006.309999999999|9014.639999999999|1775
2021.08.25 10:00:00|9016.040000000001|9050.84|9009.91|9047.870000000001|1786
2021.08.26 04:30:00|9031.559999999999|9072.51|8976.1|8977.129999999999|1760
2021.08.26 05:30:00|8978.290000000001|8984.700000000001|8909.690000000001|8938.219999999999|1781
2021.08.26 06:30:00|8938.809999999999|8941.74|8895.26|8902.48|887
2021.08.26 08:00:00|8892.98|8930.030000000001|8877.450000000001|8877.940000000001|1748
2021.08.26 09:00:00|8878.540000000001|8897.780000000001|8864.030000000001|8864.84|1778
2021.08.26 10:00:00|8867.4|8916.57|8863.559999999999|8915.35|1781
2021.08.27 04:30:00|8931.82|9054.9|8917.139999999999|9051.299999999999|1759
2021.08.27 05:30:00|9051.76|9056.17|8984.950000000001|8994.49|1781
2021.08.27 06:30:00|8993.809999999999|9021.700000000001|8982.940000000001|9012.25|880
2021.08.27 08:00:00|9007.18|9013.23|8955.209999999999|8956.91|1742
2021.08.27 09:00:00|8957.860000000001|8965.540000000001|8900.66|8908.48|1769
2021.08.27 10:00:00|8908.549999999999|8941.889999999999|8900.26|8940.209999999999|1791
2021.08.30 04:30:00|8971.299999999999|8989.52|8880.379999999999|8967.93|1762
2021.08.30 05:30:00|8974.17|8992.049999999999|8920.99|8937.99|1782
2021.08.30 06:30:00|8945.25|8959.360000000001|8938.870000000001|8948.629999999999|873
2021.08.30 08:00:00|8952.83|8987.209999999999|8941.27|8942.91|1735
2021.08.30 09:00:00|8949.190000000001|8949.190000000001|8921.76|8946.15|1750
2021.08.30 10:00:00|8952.059999999999|8980.440000000001|8942.559999999999|8977.77|1787
2021.08.31 04:30:00|8966.280000000001|8991.280000000001|8833.620000000001|8872.530000000001|1760
2021.08.31 05:30:00|8874.16|8880.34|8838.15|8851.16|1771
2021.08.31 06:30:00|8851.77|8866.309999999999|8845.040000000001|8863.51|877
2021.08.31 08:00:00|8901.76|9011.969999999999|8899.43|9011.969999999999|1752
2021.08.31 09:00:00|9011|9121.280000000001|9008.280000000001|9101.83|1787
2021.08.31 10:00:00|9099.52|9127.040000000001|9088.67|9124.75|1794
2021.09.01 04:30:00|9152.67|9240.469999999999|9122|9216.969999999999|1765
2021.09.01 05:30:00|9220.26|9321.85|9190.99|9307.41|1789
2021.09.01 06:30:00|9306.76|9322.73|9295.620000000001|9298.559999999999|894
2021.09.01 08:00:00|9314.75|9329.049999999999|9259.18|9285.469999999999|1747
2021.09.01 09:00:00|9285.59|9292.41|9258.309999999999|9259.52|1771
2021.09.01 10:00:00|9258.83|9273.42|9243.110000000001|9253.76|1786
2021.09.02 04:30:00|9368.82|9420.58|9355.809999999999|9376.440000000001|1763
2021.09.02 05:30:00|9375.780000000001|9381.049999999999|9279.139999999999|9308.34|1793
2021.09.02 06:30:00|9307.17|9328.889999999999|9305.33|9309.530000000001|879
2021.09.02 08:00:00|9304.450000000001|9321.59|9274.629999999999|9294.18|1729
2021.09.02 09:00:00|9293.709999999999|9331.530000000001|9278.52|9331.530000000001|1767
2021.09.02 10:00:00|9332.309999999999|9334.76|9307.32|9318.67|1782
2021.09.03 04:30:00|9292.26|9311.09|9210.41|9280.85|1766
2021.09.03 05:30:00|9280.33|9310.790000000001|9263.139999999999|9272.15|1783
2021.09.03 06:30:00|9271.85|9292.25|9265.700000000001|9284.92|882
2021.09.03 08:00:00|9281.700000000001|9285.639999999999|9253.17|9271.74|1728
2021.09.03 09:00:00|9271.99|9281.120000000001|9239.02|9255.83|1778
2021.09.03 10:00:00|9256.1|9278.139999999999|9243.66|9273.52|1792
2021.09.06 04:30:00|9262.049999999999|9364.07|9250.09|9332.620000000001|1763
2021.09.06 05:30:00|9334.139999999999|9338.98|9293.540000000001|9320.299999999999|1772
2021.09.06 06:30:00|9318.02|9324.200000000001|9312.139999999999|9319.450000000001|862
2021.09.06 08:00:00|9329.58|9358.35|9314.68|9335.129999999999|1721
2021.09.06 09:00:00|9334.129999999999|9356.389999999999|9331.6|9332.84|1768
2021.09.06 10:00:00|9332.92|9359.91|9330.58|9355.4|1788
2021.09.07 04:30:00|9377.91|9463.309999999999|9357.27|9441.799999999999|1762
2021.09.07 05:30:00|9442.67|9488.389999999999|9423.469999999999|9438.32|1776
2021.09.07 06:30:00|9438.370000000001|9447.9|9428.57|9438.690000000001|879
2021.09.07 08:00:00|9443.25|9478.17|9441.4|9475.66|1736
2021.09.07 09:00:00|9475.629999999999|9491.049999999999|9449.120000000001|9450.440000000001|1791
2021.09.07 10:00:00|9451.950000000001|9471.299999999999|9449.780000000001|9465.85|1782
2021.09.08 04:30:00|9479.540000000001|9537.879999999999|9450.33|9493.48|1765
2021.09.08 05:30:00|9494.379999999999|9496.1|9438.969999999999|9440.450000000001|1769
2021.09.08 06:30:00|9440.66|9441.530000000001|9390.360000000001|9409.26|875
2021.09.08 08:00:00|9415.99|9449.709999999999|9407.110000000001|9440.5|1748
2021.09.08 09:00:00|9439.51|9444.92|9422.219999999999|9439.59|1765
2021.09.08 10:00:00|9439|9439|9395.209999999999|9413.440000000001|1786
2021.09.09 04:30:00|9298.48|9330.450000000001|9260.83|9294.790000000001|1758
2021.09.09 05:30:00|9294.059999999999|9297.75|9237.91|9240.59|1777
2021.09.09 06:30:00|9241.23|9266.84|9236.92|9249.33|879
2021.09.09 08:00:00|9231.18|9232.209999999999|9192.879999999999|9203.370000000001|1753
2021.09.09 09:00:00|9201.940000000001|9231.24|9185.16|9187.34|1771
2021.09.09 10:00:00|9185.129999999999|9204.799999999999|9135.57|9158.73|1788
2021.09.10 04:30:00|9247.93|9370.16|9247.26|9360.969999999999|1762
2021.09.10 05:30:00|9363.5|9381.1|9318.73|9356.41|1777
2021.09.10 06:30:00|9355.68|9360.950000000001|9347.17|9356.469999999999|867
2021.09.10 08:00:00|9362.200000000001|9370.73|9339.59|9339.59|1720
2021.09.10 09:00:00|9341.23|9348.030000000001|9317.459999999999|9321.870000000001|1764
2021.09.10 10:00:00|9322.469999999999|9368.98|9321.76|9364.98|1774
2021.09.13 04:30:00|9205.690000000001|9243.82|9187.17|9203.18|1760
2021.09.13 05:30:00|9204.5|9230.870000000001|9176.690000000001|9208.860000000001|1785
2021.09.13 06:30:00|9208.73|9209.469999999999|9175.16|9184.889999999999|877
2021.09.13 08:00:00|9168.91|9174|9127.190000000001|9150.469999999999|1742
2021.09.13 09:00:00|9151.59|9187.889999999999|9151.59|9169|1775
2021.09.13 10:00:00|9167.950000000001|9217.48|9166.969999999999|9211.27|1785
2021.09.14 04:30:00|9262.83|9263.280000000001|9134.35|9199.24|1755
2021.09.14 05:30:00|9201.889999999999|9233.639999999999|9170.9|9190.360000000001|1777
2021.09.14 06:30:00|9190.549999999999|9197.540000000001|9181.93|9195.08|881
2021.09.14 08:00:00|9194.860000000001|9195.459999999999|9124.610000000001|9124.610000000001|1742
2021.09.14 09:00:00|9123.34|9123.34|9015.75|9041.65|1782
2021.09.14 10:00:00|9040.51|9069.65|9036.92|9068.530000000001|1790
2021.09.15 04:30:00|9004.639999999999|9068.77|8946.809999999999|9040.309999999999|1763
2021.09.15 05:30:00|9040.92|9065.889999999999|9009.15|9023.65|1766
2021.09.15 06:30:00|9024.83|9034.049999999999|8999.58|9010.030000000001|884
2021.09.15 08:00:00|9010.25|9014.110000000001|8937.129999999999|8943.17|1753
2021.09.15 09:00:00|8943.690000000001|8949.709999999999|8896.280000000001|8921.83|1783
2021.09.15 10:00:00|8924.17|8936.540000000001|8901.85|8912.51|1794
2021.09.16 04:30:00|8884.450000000001|8923.700000000001|8772.99|8815.040000000001|1761
2021.09.16 05:30:00|8814.190000000001|8867.41|8781.049999999999|8793.700000000001|1775
2021.09.16 06:30:00|8793.389999999999|8795.370000000001|8725.9|8734.49|885
2021.09.16 08:00:00|8742.09|8785.43|8723.73|8724.559999999999|1736
2021.09.16 09:00:00|8724.4|8763.110000000001|8719.74|8730.559999999999|1701
2021.09.16 10:00:00|8730.9|8790.959999999999|8726.860000000001|8789.030000000001|1781
2021.09.17 04:30:00|8771.98|8896.74|8713.299999999999|8848.74|1758
2021.09.17 05:30:00|8849.65|8897.73|8818.73|8866.35|1748
2021.09.17 06:30:00|8866.690000000001|8886.709999999999|8860.719999999999|8871.280000000001|872
2021.09.17 08:00:00|8876.75|8903.709999999999|8846.780000000001|8854.02|1722
2021.09.17 09:00:00|8854.200000000001|8898.940000000001|8844.01|8893.27|1750
