2020.09.18 16:30:00|50.86|51.11|50.73|50.78|1887
2020.09.18 17:30:00|50.79|50.89|50.64|50.87|798
2020.09.18 18:30:00|50.88|51|50.79|50.94|556
2020.09.18 19:30:00|50.95|50.96|50.37|50.37|715
2020.09.18 20:30:00|50.36|50.36|50.17|50.33|714
2020.09.18 21:30:00|50.32|50.5|50.24|50.48|471
2020.09.18 22:30:00|50.47|50.59|50.39|50.39|390
2020.09.21 16:30:00|49.83|49.98|48.8|48.96|3212
2020.09.21 17:30:00|48.95|48.99|48.67|48.74|924
2020.09.21 18:30:00|48.75|48.87|48.63|48.77|683
2020.09.21 19:30:00|48.76|48.82|48.56|48.79|499
2020.09.21 20:30:00|48.78|48.84|48.69|48.75|530
2020.09.21 21:30:00|48.74|48.9|48.61|48.86|421
2020.09.21 22:30:00|48.87|49.06|48.74|49.06|389
2020.09.22 16:30:00|49.1|49.99|49.07|49.88|1310
2020.09.22 17:30:00|49.89|49.89|49.28|49.34|779
2020.09.22 18:30:00|49.35|49.52|49.17|49.45|415
2020.09.22 19:30:00|49.46|49.47|49.25|49.45|255
2020.09.22 20:30:00|49.44|49.59|49.44|49.53|257
2020.09.22 21:30:00|49.54|49.63|49.46|49.6|312
2020.09.22 22:30:00|49.59|49.63|49.51|49.62|261
2020.09.23 16:30:00|49.62|49.87|49.28|49.29|1750
2020.09.23 17:30:00|49.28|49.33|49.1|49.25|802
2020.09.23 18:30:00|49.26|49.34|48.97|49.1|559
2020.09.23 19:30:00|49.09|49.26|49.07|49.18|333
2020.09.23 20:30:00|49.19|49.26|48.74|48.77|831
2020.09.23 21:30:00|48.78|48.81|48.51|48.63|1156
2020.09.23 22:30:00|48.62|48.64|48.13|48.16|594
2020.09.24 16:30:00|48.02|48.14|47.45|47.99|2202
2020.09.24 17:30:00|48|48.04|47.77|47.88|1246
2020.09.24 18:30:00|47.89|48.59|47.86|48.56|765
2020.09.24 19:30:00|48.55|48.95|48.53|48.87|738
2020.09.24 20:30:00|48.88|48.98|48.78|48.93|597
2020.09.24 21:30:00|48.94|48.98|48.43|48.43|855
2020.09.24 22:30:00|48.42|48.7|48.4|48.58|542
2020.09.25 16:30:00|48.1|48.41|47.85|48.1|2469
2020.09.25 17:30:00|48.09|48.38|48.01|48.17|1564
2020.09.25 18:30:00|48.18|48.19|47.95|48.06|502
2020.09.25 19:30:00|48.07|48.19|47.98|48.12|357
2020.09.25 20:30:00|48.13|48.37|48.13|48.33|377
2020.09.25 21:30:00|48.34|48.53|48.25|48.53|449
2020.09.25 22:30:00|48.53|48.63|48.34|48.59|416
2020.09.28 16:30:00|49.23|49.55|49.03|49.43|1854
2020.09.28 17:30:00|49.44|49.58|49.2|49.25|916
2020.09.28 18:30:00|49.24|49.44|49.23|49.38|436
2020.09.28 19:30:00|49.39|49.56|49.34|49.41|258
2020.09.28 20:30:00|49.42|49.52|49.37|49.37|371
2020.09.28 21:30:00|49.38|49.46|49.19|49.25|432
2020.09.28 22:30:00|49.26|49.26|49.02|49.14|361
2020.09.29 16:30:00|49.13|49.38|49.09|49.36|1038
2020.09.29 17:30:00|49.37|49.43|48.96|48.99|1008
2020.09.29 18:30:00|49|49.17|48.89|48.97|630
2020.09.29 19:30:00|48.96|49|48.81|48.97|283
2020.09.29 20:30:00|48.98|49.14|48.96|49.09|304
2020.09.29 21:30:00|49.08|49.15|49.03|49.08|277
2020.09.29 22:30:00|49.08|49.13|48.79|48.8|198
2020.09.30 16:30:00|49.14|49.48|49.04|49.25|1566
2020.09.30 17:30:00|49.26|49.49|49.18|49.42|796
2020.09.30 18:30:00|49.41|49.45|49.11|49.28|254
2020.09.30 19:30:00|49.29|49.33|49.18|49.19|325
2020.09.30 20:30:00|49.18|49.41|48.98|49.14|657
2020.09.30 21:30:00|49.13|49.14|48.77|48.98|1770
2020.09.30 22:30:00|48.97|49.34|48.94|49.3|626
2020.10.01 16:30:00|49.32|49.53|48.87|49.04|2008
2020.10.01 17:30:00|49.03|49.21|48.94|49.02|882
2020.10.01 18:30:00|49.03|49.07|48.83|48.94|529
2020.10.01 19:30:00|48.93|48.95|48.74|48.77|316
2020.10.01 20:30:00|48.78|48.81|48.46|48.67|1147
2020.10.01 21:30:00|48.67|48.77|48.65|48.72|430
2020.10.01 22:30:00|48.71|49.1|48.7|49.06|279
2020.10.02 16:30:00|48.64|48.97|48.55|48.77|2244
2020.10.02 17:30:00|48.76|49.09|48.66|48.95|865
2020.10.02 18:30:00|48.96|49.34|48.72|49.15|1210
2020.10.02 19:30:00|49.16|49.44|49.14|49.38|618
2020.10.02 20:30:00|49.39|49.4|49.17|49.33|568
2020.10.02 21:30:00|49.34|49.43|49.21|49.37|905
2020.10.02 22:30:00|49.36|49.45|49.23|49.24|300
2020.10.05 16:30:00|49.4|49.42|49.08|49.19|1208
2020.10.05 17:30:00|49.2|49.27|49.04|49.23|419
2020.10.05 18:30:00|49.23|49.24|49|49.06|223
2020.10.05 19:30:00|49.05|49.17|49.05|49.14|175
2020.10.05 20:30:00|49.14|49.2|49.06|49.15|171
2020.10.05 21:30:00|49.16|49.32|49.12|49.28|245
2020.10.05 22:30:00|49.29|49.3|49.15|49.25|211
2020.10.06 16:30:00|49.24|49.49|49.18|49.43|817
2020.10.06 17:30:00|49.44|49.52|49.32|49.51|697
2020.10.06 18:30:00|49.5|49.52|49.38|49.41|387
2020.10.06 19:30:00|49.41|49.59|49.39|49.47|360
2020.10.06 20:30:00|49.48|49.55|49.36|49.53|397
2020.10.06 21:30:00|49.54|49.6|48.73|48.78|4290
2020.10.06 22:30:00|48.77|48.97|48.7|48.8|972
2020.10.07 16:30:00|49.06|49.15|48.89|49.07|1396
2020.10.07 17:30:00|49.08|49.29|49.05|49.25|477
2020.10.07 18:30:00|49.26|49.37|49.23|49.25|376
2020.10.07 19:30:00|49.26|49.34|49.23|49.34|315
2020.10.07 20:30:00|49.35|49.62|49.34|49.61|892
2020.10.07 21:30:00|49.6|49.63|49.51|49.54|386
2020.10.07 22:30:00|49.55|49.56|49.43|49.44|293
2020.10.08 16:30:00|49.53|50.06|49.41|50.06|958
2020.10.08 17:30:00|50.07|50.25|49.94|50.02|684
2020.10.08 18:30:00|50.01|50.08|49.89|50.06|339
2020.10.08 19:30:00|50.05|50.14|50.04|50.1|177
2020.10.08 20:30:00|50.11|50.22|50.09|50.2|132
2020.10.08 21:30:00|50.21|50.32|50.16|50.32|183
2020.10.08 22:30:00|50.33|50.41|50.28|50.34|192
2020.10.09 16:30:00|50.7|50.78|50.48|50.55|836
2020.10.09 17:30:00|50.56|50.75|50.54|50.75|182
2020.10.09 18:30:00|50.74|51.11|50.72|51|531
2020.10.09 19:30:00|51.01|51.04|50.78|50.9|211
2020.10.09 20:30:00|50.89|50.94|50.82|50.87|195
2020.10.09 21:30:00|50.86|50.89|50.74|50.83|285
2020.10.09 22:30:00|50.82|50.82|50.67|50.69|195
2020.10.12 16:30:00|50.8|51.15|50.74|51.14|854
2020.10.12 17:30:00|51.15|51.3|51|51.27|269
2020.10.12 18:30:00|51.26|51.4|51.18|51.34|267
2020.10.12 19:30:00|51.33|51.35|51.1|51.21|250
2020.10.12 20:30:00|51.22|51.23|51.03|51.13|325
2020.10.12 21:30:00|51.14|51.19|51.03|51.08|276
2020.10.12 22:30:00|51.09|51.09|50.86|50.96|275
2020.10.13 16:30:00|50.6|50.69|50.24|50.31|1324
2020.10.13 17:30:00|50.31|50.31|50.03|50.18|592
2020.10.13 18:30:00|50.19|50.36|50.07|50.27|316
2020.10.13 19:30:00|50.26|50.28|49.95|50.02|427
2020.10.13 20:30:00|50.02|50.05|49.83|49.84|423
2020.10.13 21:30:00|49.83|50.11|49.78|50.1|489
2020.10.13 22:30:00|50.11|50.17|50.06|50.06|139
2020.10.14 16:30:00|50.03|50.36|49.93|50.17|1094
2020.10.14 17:30:00|50.18|50.22|49.83|49.85|412
2020.10.14 18:30:00|49.86|49.87|49.53|49.72|465
2020.10.14 19:30:00|49.72|49.83|49.62|49.64|336
2020.10.14 20:30:00|49.65|49.87|49.61|49.82|246
2020.10.14 21:30:00|49.82|50|49.72|49.93|298
2020.10.14 22:30:00|49.93|50.03|49.93|50|164
2020.10.15 16:30:00|49.32|49.93|49.18|49.71|1255
2020.10.15 17:30:00|49.72|49.87|49.51|49.8|511
2020.10.15 18:30:00|49.81|49.85|49.65|49.76|433
2020.10.15 19:30:00|49.76|49.95|49.73|49.86|371
2020.10.15 20:30:00|49.87|50|49.87|49.91|199
2020.10.15 21:30:00|49.91|49.93|49.78|49.81|241
2020.10.15 22:30:00|49.82|49.92|49.81|49.86|204
2020.10.16 16:30:00|49.97|50.22|49.75|50.19|922
2020.10.16 17:30:00|50.2|50.22|50|50.02|342
2020.10.16 18:30:00|50.03|50.12|49.94|50.12|172
2020.10.16 19:30:00|50.12|50.18|50.05|50.15|152
2020.10.16 20:30:00|50.16|50.18|50.05|50.11|116
2020.10.16 21:30:00|50.12|50.15|49.97|50.01|177
2020.10.16 22:30:00|50|50.02|49.87|49.9|181
2020.10.19 16:30:00|50.12|50.35|50|50.08|1371
2020.10.19 17:30:00|50.09|50.13|49.76|49.83|736
2020.10.19 18:30:00|49.84|49.99|49.77|49.88|471
2020.10.19 19:30:00|49.88|49.96|49.85|49.85|233
2020.10.19 20:30:00|49.86|49.86|49.67|49.8|320
2020.10.19 21:30:00|49.79|49.79|49.36|49.5|828
2020.10.19 22:30:00|49.49|49.56|49.34|49.49|270
2020.10.20 16:30:00|49.76|50.29|49.67|50.11|1381
2020.10.20 17:30:00|50.12|50.5|49.87|49.92|733
2020.10.20 18:30:00|49.92|50.18|49.9|50.12|387
2020.10.20 19:30:00|50.12|50.42|50.1|50.42|520
2020.10.20 20:30:00|50.4|50.45|50.19|50.26|537
2020.10.20 21:30:00|50.27|50.29|49.87|50.15|792
2020.10.20 22:30:00|50.15|50.23|49.95|50.1|628
2020.10.21 16:30:00|50.06|50.31|49.87|50.1|879
2020.10.21 17:30:00|50.09|50.13|49.64|49.74|505
2020.10.21 18:30:00|49.72|50.08|49.64|49.83|695
2020.10.21 19:30:00|49.84|49.94|49.72|49.91|533
2020.10.21 20:30:00|49.92|50.04|49.82|50|439
2020.10.21 21:30:00|49.99|50.05|49.91|50.04|319
2020.10.21 22:30:00|50.03|50.08|49.84|49.85|254
2020.10.22 16:30:00|50.87|51.01|50.47|50.75|2847
2020.10.22 17:30:00|50.76|50.99|50.49|50.61|1340
2020.10.22 18:30:00|50.61|50.66|50.38|50.38|514
2020.10.22 19:30:00|50.37|50.54|50.25|50.49|635
2020.10.22 20:30:00|50.49|50.67|50.33|50.56|485
2020.10.22 21:30:00|50.55|50.59|50.38|50.48|361
2020.10.22 22:30:00|50.47|50.66|50.44|50.55|298
2020.10.23 16:30:00|50.8|51.06|50.63|50.63|1064
2020.10.23 17:30:00|50.62|50.86|50.62|50.79|572
2020.10.23 18:30:00|50.79|50.84|50.49|50.52|956
2020.10.23 19:30:00|50.51|50.53|50.4|50.5|372
2020.10.23 20:30:00|50.51|50.54|50.35|50.44|275
2020.10.23 21:30:00|50.43|50.45|50.34|50.37|245
2020.10.23 22:30:00|50.38|50.41|50.34|50.4|141
2020.10.26 15:30:00|50.18|50.2|49.69|49.69|976
2020.10.26 16:30:00|49.69|49.69|49.26|49.44|917
2020.10.26 17:30:00|49.44|49.49|49.29|49.32|778
2020.10.26 18:30:00|49.32|49.39|49.16|49.2|696
2020.10.26 19:30:00|49.18|49.62|49.08|49.61|472
2020.10.26 20:30:00|49.62|49.65|49.4|49.57|638
2020.10.26 21:30:00|49.58|49.69|49.29|49.69|460
2020.10.27 15:30:00|49.72|49.84|49.43|49.64|1308
2020.10.27 16:30:00|49.63|49.85|49.53|49.7|626
2020.10.27 17:30:00|49.7|50.16|49.68|49.98|553
2020.10.27 18:30:00|49.98|50.1|49.85|50.07|395
2020.10.27 19:30:00|50.08|50.15|49.84|49.89|295
2020.10.27 20:30:00|49.89|49.92|49.73|49.9|418
2020.10.27 21:30:00|49.9|49.9|49.68|49.79|265
2020.10.28 15:30:00|48.75|49.02|48.1|48.18|2626
2020.10.28 16:30:00|48.17|48.29|47.9|48.06|1348
2020.10.28 17:30:00|48.05|48.55|47.96|48.26|730
2020.10.28 18:30:00|48.27|48.27|47.8|47.99|678
2020.10.28 19:30:00|47.99|48.07|47.75|48.07|759
2020.10.28 20:30:00|48.06|48.29|47.95|48.12|1133
2020.10.28 21:30:00|48.13|48.22|47.66|47.81|698
2020.10.29 15:30:00|47.55|47.99|47.18|47.96|3277
2020.10.29 16:30:00|47.96|48.1|47.8|47.84|1277
2020.10.29 17:30:00|47.81|47.83|47.47|47.64|1034
2020.10.29 18:30:00|47.64|47.77|47.53|47.75|405
2020.10.29 19:30:00|47.76|48.34|47.76|48.34|549
2020.10.29 20:30:00|48.28|48.35|48.02|48.14|674
2020.10.29 21:30:00|48.14|48.19|47.89|47.9|517
2020.10.30 15:30:00|47.63|47.87|47.44|47.52|2523
2020.10.30 16:30:00|47.51|47.6|47.24|47.51|2142
2020.10.30 17:30:00|47.5|48|47.33|47.92|1177
2020.10.30 18:30:00|47.91|47.95|47.52|47.65|845
2020.10.30 19:30:00|47.65|47.84|47.46|47.49|979
2020.10.30 20:30:00|47.49|47.55|47.26|47.44|1413
2020.10.30 21:30:00|47.43|47.94|47.36|47.94|728
2020.11.02 16:30:00|48.72|48.82|48.11|48.79|2448
2020.11.02 17:30:00|48.8|48.8|48.52|48.77|951
2020.11.02 18:30:00|48.76|48.76|48.54|48.68|647
2020.11.02 19:30:00|48.68|48.69|48.22|48.27|565
2020.11.02 20:30:00|48.25|48.42|48.17|48.42|622
2020.11.02 21:30:00|48.41|48.61|48.33|48.53|727
2020.11.02 22:30:00|48.54|48.61|48.21|48.51|531
2020.11.03 16:30:00|49.21|49.63|49.19|49.41|1876
2020.11.03 17:30:00|49.42|49.8|49.34|49.72|698
2020.11.03 18:30:00|49.73|49.83|49.4|49.49|454
2020.11.03 19:30:00|49.5|49.52|49.21|49.24|437
2020.11.03 20:30:00|49.25|49.32|48.87|48.93|644
2020.11.03 21:30:00|48.94|49.24|48.93|49.2|822
2020.11.03 22:30:00|49.21|49.59|49.18|49.22|1120
2020.11.04 16:30:00|49.43|50.08|49.1|49.87|4949
2020.11.04 17:30:00|49.88|49.98|49.69|49.84|1753
2020.11.04 18:30:00|49.83|49.99|49.75|49.85|1184
2020.11.04 19:30:00|49.86|49.9|49.58|49.6|911
2020.11.04 20:30:00|49.61|49.69|49.38|49.42|1069
2020.11.04 21:30:00|49.43|49.45|49.1|49.12|837
2020.11.04 22:30:00|49.13|49.22|48.96|49.05|658
2020.11.05 16:30:00|49.73|50.08|49.66|49.93|1255
2020.11.05 17:30:00|49.94|50.02|49.54|49.55|839
2020.11.05 18:30:00|49.56|49.62|49.22|49.26|460
2020.11.05 19:30:00|49.26|49.66|49.25|49.56|398
2020.11.05 20:30:00|49.57|49.7|49.55|49.61|600
2020.11.05 21:30:00|49.62|49.76|49.5|49.54|563
2020.11.05 22:30:00|49.54|49.55|49.29|49.32|467
2020.11.06 16:30:00|49.43|49.77|49.34|49.71|1457
2020.11.06 17:30:00|49.7|49.87|49.54|49.66|928
2020.11.06 18:30:00|49.66|49.68|49.31|49.33|452
2020.11.06 19:30:00|49.34|49.39|49.23|49.3|211
2020.11.06 20:30:00|49.29|49.42|49.27|49.42|198
2020.11.06 21:30:00|49.43|49.43|49.13|49.31|352
2020.11.06 22:30:00|49.3|49.56|49.29|49.32|398
2020.11.09 16:30:00|52.34|53.14|52.32|52.86|5793
2020.11.09 17:30:00|52.85|52.88|51.95|52.13|3822
2020.11.09 18:30:00|52.14|52.57|51.94|52.52|1827
2020.11.09 19:30:00|52.52|52.88|52.48|52.86|1006
2020.11.09 20:30:00|52.87|52.99|52.74|52.92|810
2020.11.09 21:30:00|52.91|53.02|52.83|52.9|903
2020.11.09 22:30:00|52.91|53.09|52.38|52.44|741
2020.11.10 16:30:00|52.45|53.11|52.34|53.04|2387
2020.11.10 17:30:00|53.04|53.33|52.91|53.28|1048
2020.11.10 18:30:00|53.26|53.34|52.72|53.33|849
2020.11.10 19:30:00|53.34|53.59|53.22|53.49|448
2020.11.10 20:30:00|53.49|53.95|53.44|53.91|541
2020.11.10 21:30:00|53.9|54.03|53.81|54.01|902
2020.11.10 22:30:00|54|54.15|53.83|53.99|608
2020.11.11 16:30:00|53.78|53.83|53.21|53.64|1225
2020.11.11 17:30:00|53.65|54.17|53.6|54.05|664
2020.11.11 18:30:00|54.06|54.17|53.88|53.9|362
2020.11.11 19:30:00|53.9|53.96|53.75|53.79|259
2020.11.11 20:30:00|53.77|53.8|53.52|53.53|370
2020.11.11 21:30:00|53.54|53.57|53.3|53.47|500
2020.11.11 22:30:00|53.46|53.56|53.44|53.45|265
2020.11.12 16:30:00|53.01|53.08|52.72|52.77|978
2020.11.12 17:30:00|52.76|53.05|52.72|52.93|308
2020.11.12 18:30:00|52.92|53.01|52.77|52.78|256
2020.11.12 19:30:00|52.78|52.84|52.5|52.64|753
2020.11.12 20:30:00|52.63|52.89|52.6|52.63|434
2020.11.12 21:30:00|52.62|52.78|52.52|52.62|539
2020.11.12 22:30:00|52.61|52.9|52.48|52.9|409
2020.11.13 16:30:00|53.16|53.29|52.78|52.84|965
2020.11.13 17:30:00|52.85|53.12|52.82|52.87|531
2020.11.13 18:30:00|52.88|52.98|52.85|52.9|325
2020.11.13 19:30:00|52.89|52.91|52.79|52.85|292
2020.11.13 20:30:00|52.86|53.05|52.86|53.03|222
2020.11.13 21:30:00|53.04|53.18|53.03|53.18|314
2020.11.13 22:30:00|53.17|53.37|53.17|53.33|323
2020.11.16 16:30:00|54.3|54.49|53.69|53.9|1601
2020.11.16 17:30:00|53.9|54|53.72|53.77|443
2020.11.16 18:30:00|53.76|53.82|53.45|53.46|250
2020.11.16 19:30:00|53.48|53.5|53.25|53.26|346
2020.11.16 20:30:00|53.25|53.33|53.16|53.27|274
2020.11.16 21:30:00|53.27|53.39|53.2|53.39|330
2020.11.16 22:30:00|53.4|53.78|53.4|53.78|265
2020.11.17 16:30:00|53.38|53.42|52.9|53.06|1050
2020.11.17 17:30:00|53.05|53.29|52.99|53.29|370
2020.11.17 18:30:00|53.3|53.38|53.15|53.33|278
2020.11.17 19:30:00|53.32|53.39|53.22|53.36|179
2020.11.17 20:30:00|53.37|53.46|53.36|53.42|179
2020.11.17 21:30:00|53.43|53.53|53.3|53.32|226
2020.11.17 22:30:00|53.32|53.62|53.32|53.59|321
2020.11.18 16:30:00|53.58|53.88|53.39|53.83|658
2020.11.18 17:30:00|53.84|53.9|53.48|53.49|310
2020.11.18 18:30:00|53.5|53.55|53.17|53.21|273
2020.11.18 19:30:00|53.21|53.21|52.93|53.06|236
2020.11.18 20:30:00|53.06|53.21|52.88|52.88|366
2020.11.18 21:30:00|52.89|52.96|52.71|52.78|454
2020.11.18 22:30:00|52.79|52.84|52.45|52.47|803
2020.11.19 16:30:00|51.99|52.61|51.84|52.35|1603
2020.11.19 17:30:00|52.36|52.56|52.28|52.42|380
2020.11.19 18:30:00|52.43|52.43|52.23|52.42|319
2020.11.19 19:30:00|52.42|52.69|52.37|52.62|517
2020.11.19 20:30:00|52.63|52.67|52.46|52.65|305
2020.11.19 21:30:00|52.63|52.99|52.63|52.83|434
2020.11.19 22:30:00|52.84|53.1|52.84|53.03|351
2020.11.20 16:30:00|53.02|53.09|52.65|52.88|941
2020.11.20 17:30:00|52.89|53.01|52.76|52.97|333
2020.11.20 18:30:00|52.98|53.12|52.87|52.89|255
2020.11.20 19:30:00|52.9|52.93|52.82|52.85|160
2020.11.20 20:30:00|52.84|52.84|52.7|52.77|201
2020.11.20 21:30:00|52.76|52.84|52.5|52.59|468
2020.11.20 22:30:00|52.57|52.72|52.47|52.57|325
2020.11.23 16:30:00|52.73|53.05|52.46|52.46|1735
2020.11.23 17:30:00|52.45|52.61|52.28|52.33|693
2020.11.23 18:30:00|52.33|52.33|52.08|52.25|601
2020.11.23 19:30:00|52.26|52.38|52.24|52.26|163
2020.11.23 20:30:00|52.27|52.42|52.15|52.41|250
2020.11.23 21:30:00|52.42|52.68|52.36|52.56|387
2020.11.23 22:30:00|52.57|52.59|52.43|52.56|181
2020.11.24 16:30:00|53.1|53.46|52.95|53.22|1251
2020.11.24 17:30:00|53.23|53.23|52.99|53.16|511
2020.11.24 18:30:00|53.16|53.28|53.06|53.17|469
2020.11.24 19:30:00|53.18|53.23|53.01|53.03|239
2020.11.24 20:30:00|53.04|53.15|52.91|53.02|334
2020.11.24 21:30:00|53|53.1|52.94|53.04|211
2020.11.24 22:30:00|53.03|53.14|52.94|53.09|172
2020.11.25 16:30:00|52.81|52.93|52.66|52.75|1056
2020.11.25 17:30:00|52.75|52.92|52.73|52.86|290
2020.11.25 18:30:00|52.87|52.99|52.87|52.91|206
2020.11.25 19:30:00|52.92|53.14|52.92|53.04|226
2020.11.25 20:30:00|53.03|53.15|52.95|52.99|372
2020.11.25 21:30:00|53|53.03|52.78|52.88|261
2020.11.25 22:30:00|52.89|52.93|52.8|52.81|195
2020.11.27 16:30:00|52.88|52.92|52.61|52.85|996
2020.11.27 17:30:00|52.86|52.87|52.61|52.72|335
2020.11.27 18:30:00|52.73|52.8|52.5|52.5|307
2020.11.27 19:30:00|52.51|52.75|52.49|52.59|182
2020.11.30 16:30:00|51.75|51.78|51.13|51.28|1704
2020.11.30 17:30:00|51.28|51.45|51.15|51.22|496
2020.11.30 18:30:00|51.2|51.29|51.13|51.29|303
2020.11.30 19:30:00|51.28|51.37|51.17|51.18|176
2020.11.30 20:30:00|51.19|51.22|50.98|51.03|201
2020.11.30 21:30:00|51.04|51.17|50.96|51.06|341
2020.11.30 22:30:00|51.05|51.53|51.05|51.5|494
2020.12.01 16:30:00|51.94|52.21|51.66|52.1|1648
2020.12.01 17:30:00|52.11|52.17|51.99|52.02|549
2020.12.01 18:30:00|52.01|52.11|51.81|51.85|330
2020.12.01 19:30:00|51.85|52.03|51.82|51.91|211
2020.12.01 20:30:00|51.9|51.97|51.86|51.97|195
2020.12.01 21:30:00|51.96|52|51.8|51.87|331
2020.12.01 22:30:00|51.86|51.94|51.76|51.91|202
2020.12.02 16:30:00|51.75|51.95|51.62|51.85|1255
2020.12.02 17:30:00|51.84|51.95|51.78|51.82|298
2020.12.02 18:30:00|51.83|51.85|51.51|51.61|318
2020.12.02 19:30:00|51.59|51.73|51.53|51.71|331
2020.12.02 20:30:00|51.7|51.86|51.67|51.86|494
2020.12.02 21:30:00|51.85|51.89|51.75|51.85|345
2020.12.02 22:30:00|51.86|52|51.83|51.99|182
2020.12.03 16:30:00|51.85|52.27|51.81|52.18|913
2020.12.03 17:30:00|52.19|52.62|52.18|52.55|494
2020.12.03 18:30:00|52.56|52.62|52.35|52.38|238
2020.12.03 19:30:00|52.38|52.44|52.3|52.34|205
2020.12.03 20:30:00|52.33|52.55|52.3|52.54|265
2020.12.03 21:30:00|52.54|52.81|52.53|52.81|191
2020.12.03 22:30:00|52.8|52.8|52.38|52.67|422
2020.12.04 16:30:00|52.75|52.96|52.7|52.8|826
2020.12.04 17:30:00|52.8|53.12|52.73|52.99|362
2020.12.04 18:30:00|52.98|53.14|52.94|53.12|177
2020.12.04 19:30:00|53.13|53.34|53.12|53.22|183
2020.12.04 20:30:00|53.23|53.36|53.19|53.32|170
2020.12.04 21:30:00|53.33|53.49|53.32|53.46|215
2020.12.04 22:30:00|53.46|53.74|53.4|53.74|268
2020.12.07 16:30:00|53.41|53.45|52.72|52.73|1540
2020.12.07 17:30:00|52.73|52.87|52.62|52.63|364
2020.12.07 18:30:00|52.64|52.81|52.63|52.78|312
2020.12.07 19:30:00|52.79|52.79|52.61|52.68|190
2020.12.07 20:30:00|52.69|52.74|52.58|52.66|210
2020.12.07 21:30:00|52.65|52.72|52.62|52.69|159
2020.12.07 22:30:00|52.7|52.87|52.63|52.87|254
2020.12.08 16:30:00|52.8|53.03|52.67|52.82|1340
2020.12.08 17:30:00|52.83|53.25|52.75|53.18|469
2020.12.08 18:30:00|53.18|53.34|53.08|53.27|430
2020.12.08 19:30:00|53.26|53.29|53.12|53.15|310
2020.12.08 20:30:00|53.15|53.27|53.1|53.26|225
2020.12.08 21:30:00|53.27|53.35|53.22|53.22|220
2020.12.08 22:30:00|53.21|53.21|53.06|53.06|222
2020.12.09 16:30:00|53.31|53.47|52.88|53.08|1475
2020.12.09 17:30:00|53.09|53.09|52.91|53.05|511
2020.12.09 18:30:00|53.06|53.34|53.03|53.23|350
2020.12.09 19:30:00|53.22|53.3|53.12|53.3|552
2020.12.09 20:30:00|53.3|53.36|53.12|53.29|766
2020.12.09 21:30:00|53.28|53.29|53.05|53.14|537
2020.12.09 22:30:00|53.13|53.38|53.13|53.21|373
2020.12.10 16:30:00|53.28|53.38|53.08|53.08|854
2020.12.10 17:30:00|53.09|53.19|53.01|53.11|314
2020.12.10 18:30:00|53.11|53.2|52.97|52.97|161
2020.12.10 19:30:00|52.96|53.1|52.92|53.09|197
2020.12.10 20:30:00|53.1|53.11|52.86|52.9|260
2020.12.10 21:30:00|52.9|53.11|52.87|53.04|360
2020.12.10 22:30:00|53.05|53.16|52.94|52.94|190
2020.12.11 16:30:00|52.79|53.26|52.77|53.01|808
2020.12.11 17:30:00|53.02|53.33|53.01|53.17|318
2020.12.11 18:30:00|53.18|53.22|53.08|53.16|208
2020.12.11 19:30:00|53.15|53.31|53.1|53.31|143
2020.12.11 20:30:00|53.32|53.37|53.27|53.3|169
2020.12.11 21:30:00|53.31|53.41|53.28|53.33|191
2020.12.11 22:30:00|53.33|53.37|53.2|53.21|238
2020.12.14 16:30:00|53.59|53.71|53.4|53.6|1182
2020.12.14 17:30:00|53.61|53.67|53.23|53.31|551
2020.12.14 18:30:00|53.29|53.35|53.18|53.28|429
2020.12.14 19:30:00|53.27|53.4|53.22|53.28|289
2020.12.14 20:30:00|53.29|53.35|53.14|53.15|266
2020.12.14 21:30:00|53.14|53.3|53.1|53.21|223
2020.12.14 22:30:00|53.22|53.28|53.09|53.15|299
2020.12.15 16:30:00|53.66|53.95|53.49|53.49|997
2020.12.15 17:30:00|53.48|53.82|53.47|53.79|366
2020.12.15 18:30:00|53.78|53.95|53.66|53.77|238
2020.12.15 19:30:00|53.78|54.09|53.76|53.98|233
2020.12.15 20:30:00|53.98|54.05|53.79|53.85|325
2020.12.15 21:30:00|53.85|53.93|53.73|53.75|223
2020.12.15 22:30:00|53.76|53.78|53.67|53.7|178
2020.12.16 16:30:00|53.65|53.66|53.28|53.42|852
2020.12.16 17:30:00|53.41|53.48|52.99|53.03|415
2020.12.16 18:30:00|53.04|53.21|52.93|52.94|288
2020.12.16 19:30:00|52.93|53.05|52.81|52.98|217
2020.12.16 20:30:00|52.97|53.01|52.83|52.88|880
2020.12.16 21:30:00|52.89|53.07|52.88|52.97|316
2020.12.16 22:30:00|52.96|53.02|52.9|52.93|186
2020.12.17 16:30:00|53.15|53.58|53.07|53.24|763
2020.12.17 17:30:00|53.23|53.4|53.22|53.22|221
2020.12.17 18:30:00|53.23|53.31|53.17|53.2|196
2020.12.17 19:30:00|53.19|53.32|53.15|53.25|105
2020.12.17 20:30:00|53.24|53.34|53.11|53.28|205
2020.12.17 21:30:00|53.28|53.28|53.08|53.09|188
2020.12.17 22:30:00|53.1|53.19|53.03|53.14|191
2020.12.18 16:30:00|53.1|53.2|52.61|52.69|1120
2020.12.18 17:30:00|52.7|52.81|52.56|52.81|482
2020.12.18 18:30:00|52.82|53.07|52.8|52.83|271
2020.12.18 19:30:00|52.84|52.94|52.8|52.94|180
2020.12.18 20:30:00|52.94|52.94|52.67|52.67|263
2020.12.18 21:30:00|52.66|52.68|52.5|52.61|413
2020.12.18 22:30:00|52.62|53.58|52.56|53.57|1083
2020.12.21 16:30:00|52.53|52.56|51.86|52.01|2567
2020.12.21 17:30:00|52.01|52.43|51.94|52.39|1361
2020.12.21 18:30:00|52.4|52.68|52.31|52.66|434
2020.12.21 19:30:00|52.67|52.72|52.55|52.66|430
2020.12.21 20:30:00|52.65|52.84|52.63|52.8|343
2020.12.21 21:30:00|52.79|52.87|52.63|52.7|400
2020.12.21 22:30:00|52.69|52.74|52.51|52.69|380
2020.12.22 16:30:00|52.45|52.67|52.27|52.58|1487
2020.12.22 17:30:00|52.57|52.92|52.51|52.86|356
2020.12.22 18:30:00|52.88|53.01|52.78|52.96|399
2020.12.22 19:30:00|52.95|53.05|52.8|52.87|266
2020.12.22 20:30:00|52.86|52.92|52.85|52.88|132
2020.12.22 21:30:00|52.89|52.9|52.62|52.67|189
2020.12.22 22:30:00|52.66|52.71|52.6|52.63|293
2020.12.23 16:30:00|52.93|53.26|52.91|52.98|1109
2020.12.23 17:30:00|52.97|53.01|52.82|52.94|364
2020.12.23 18:30:00|52.93|53.12|52.92|53.02|238
2020.12.23 19:30:00|53.01|53.1|52.97|53.03|191
2020.12.23 20:30:00|53.04|53.1|53.02|53.04|141
2020.12.23 21:30:00|53.04|53.11|53.02|53.08|159
2020.12.23 22:30:00|53.09|53.16|52.95|52.95|287
2020.12.24 16:30:00|53.03|53.17|52.93|53.06|726
2020.12.24 17:30:00|53.06|53.27|53.01|53.23|322
2020.12.24 18:30:00|53.21|53.27|53.06|53.27|225
2020.12.24 19:30:00|53.26|53.42|53.26|53.32|304
2020.12.28 16:30:00|53.7|54.31|53.6|54.14|1124
2020.12.28 17:30:00|54.14|54.18|53.89|53.9|338
2020.12.28 18:30:00|53.91|53.96|53.8|53.83|214
2020.12.28 19:30:00|53.84|53.87|53.7|53.7|179
2020.12.28 20:30:00|53.71|53.92|53.71|53.9|155
2020.12.28 21:30:00|53.91|53.91|53.81|53.84|153
2020.12.28 22:30:00|53.85|54.07|53.81|54.03|257
2020.12.29 16:30:00|54.32|54.32|53.97|54.01|1368
2020.12.29 17:30:00|54.02|54.21|53.91|54.17|454
2020.12.29 18:30:00|54.18|54.34|54.15|54.25|267
2020.12.29 19:30:00|54.25|54.25|53.99|54.06|358
2020.12.29 20:30:00|54.05|54.09|53.9|53.95|216
2020.12.29 21:30:00|53.95|54.04|53.9|54.03|204
2020.12.29 22:30:00|54.02|54.1|53.98|54.01|163
2020.12.30 16:30:00|54.12|54.4|54.08|54.24|1186
2020.12.30 17:30:00|54.23|54.51|54.21|54.4|282
2020.12.30 18:30:00|54.39|54.5|54.39|54.45|334
2020.12.30 19:30:00|54.43|54.43|54.32|54.32|212
2020.12.30 20:30:00|54.32|54.36|54.22|54.28|188
2020.12.30 21:30:00|54.27|54.4|54.27|54.36|215
2020.12.30 22:30:00|54.37|54.42|54.29|54.3|201
2020.12.31 16:30:00|54.28|54.55|54.19|54.47|908
2020.12.31 17:30:00|54.47|54.49|54.17|54.21|339
2020.12.31 18:30:00|54.22|54.34|54.14|54.23|302
2020.12.31 19:30:00|54.23|54.31|54.15|54.27|311
2020.12.31 20:30:00|54.28|54.31|54.26|54.31|81
2021.01.04 16:30:00|54.22|54.36|52.76|52.86|2971
2021.01.04 17:30:00|52.85|52.9|52.2|52.38|1977
2021.01.04 18:30:00|52.37|52.42|51.93|52.12|1770
2021.01.04 19:30:00|52.11|52.37|51.9|52.33|933
2021.01.04 20:30:00|52.32|52.51|52.28|52.39|755
2021.01.04 21:30:00|52.38|52.52|52.29|52.39|914
2021.01.04 22:30:00|52.38|52.73|52.38|52.62|456
2021.01.05 16:30:00|52.34|52.49|52.07|52.08|1958
2021.01.05 17:30:00|52.09|52.28|51.91|52.25|706
2021.01.05 18:30:00|52.24|52.3|52.03|52.04|592
2021.01.05 19:30:00|52.05|52.15|51.94|52|338
2021.01.05 20:30:00|51.99|52.19|51.96|52.14|317
2021.01.05 21:30:00|52.15|52.23|51.98|52.04|368
2021.01.05 22:30:00|52.03|52.14|51.96|52.05|358
2021.01.06 16:30:00|51.33|51.68|50.06|50.15|4340
2021.01.06 17:30:00|50.16|50.76|50.16|50.73|2054
2021.01.06 18:30:00|50.74|50.82|50.52|50.72|775
2021.01.06 19:30:00|50.73|50.78|50.55|50.56|287
2021.01.06 20:30:00|50.55|50.56|50.23|50.35|595
2021.01.06 21:30:00|50.34|50.46|50.18|50.32|1338
2021.01.06 22:30:00|50.32|50.42|50.11|50.4|772
2021.01.07 16:30:00|49.65|49.93|49.4|49.77|2572
2021.01.07 17:30:00|49.76|50.13|49.76|49.84|741
2021.01.07 18:30:00|49.85|49.89|49.56|49.58|303
2021.01.07 19:30:00|49.59|49.73|49.42|49.55|398
2021.01.07 20:30:00|49.56|49.82|49.51|49.75|289
2021.01.07 21:30:00|49.76|49.88|49.76|49.76|279
2021.01.07 22:30:00|49.77|50.02|49.73|49.83|368
2021.01.08 16:30:00|49.9|50.11|49.72|49.89|1211
2021.01.08 17:30:00|49.88|50.27|49.87|50.17|558
2021.01.08 18:30:00|50.17|50.48|50.15|50.42|235
2021.01.08 19:30:00|50.42|50.42|50.27|50.3|305
2021.01.08 20:30:00|50.28|50.8|50.25|50.5|675
2021.01.08 21:30:00|50.49|50.86|50.43|50.84|427
2021.01.08 22:30:00|50.85|51|50.77|50.96|391
2021.01.11 16:30:00|50.54|50.73|50.07|50.25|1449
2021.01.11 17:30:00|50.26|50.28|50.04|50.17|382
2021.01.11 18:30:00|50.17|50.23|50.06|50.06|217
2021.01.11 19:30:00|50.07|50.2|49.99|50|157
2021.01.11 20:30:00|49.99|49.99|49.85|49.91|280
2021.01.11 21:30:00|49.91|50.1|49.83|50.05|324
2021.01.11 22:30:00|50.06|50.14|49.99|50.07|230
2021.01.12 16:30:00|50|50.24|49.76|50.09|963
2021.01.12 17:30:00|50.09|50.11|49.84|49.87|292
2021.01.12 18:30:00|49.85|49.9|49.69|49.71|399
2021.01.12 19:30:00|49.7|49.92|49.64|49.91|334
2021.01.12 20:30:00|49.9|50.02|49.85|49.88|302
2021.01.12 21:30:00|49.89|49.98|49.83|49.93|335
2021.01.12 22:30:00|49.94|50.08|49.89|50|159
2021.01.13 16:30:00|49.91|50.16|49.86|49.99|1073
2021.01.13 17:30:00|50|50.2|49.9|49.93|336
2021.01.13 18:30:00|49.91|50.08|49.89|49.99|325
2021.01.13 19:30:00|49.98|50.23|49.94|50.19|259
2021.01.13 20:30:00|50.2|50.21|50.05|50.18|215
2021.01.13 21:30:00|50.17|50.18|50.09|50.15|169
2021.01.13 22:30:00|50.16|50.19|50.03|50.03|150
2021.01.14 16:30:00|49.9|49.93|49.51|49.61|895
2021.01.14 17:30:00|49.59|49.68|49.52|49.65|283
2021.01.14 18:30:00|49.64|49.64|49.13|49.26|519
2021.01.14 19:30:00|49.27|49.44|49.24|49.29|274
2021.01.14 20:30:00|49.28|49.35|49.17|49.19|189
2021.01.14 21:30:00|49.17|49.28|49.1|49.15|271
2021.01.14 22:30:00|49.14|49.31|49.1|49.11|279
2021.01.15 16:30:00|48.99|49.01|48.43|48.43|1441
2021.01.15 17:30:00|48.41|48.78|48.41|48.76|600
2021.01.15 18:30:00|48.77|48.79|48.63|48.71|377
2021.01.15 19:30:00|48.72|48.76|48.54|48.57|218
2021.01.15 20:30:00|48.58|48.58|48.44|48.55|178
2021.01.15 21:30:00|48.55|48.78|48.53|48.71|228
2021.01.15 22:30:00|48.7|48.71|48.47|48.58|271
2021.01.19 16:30:00|48.67|48.67|48.22|48.33|990
2021.01.19 17:30:00|48.34|48.39|48.12|48.15|278
2021.01.19 18:30:00|48.16|48.27|48.15|48.21|221
2021.01.19 19:30:00|48.22|48.34|48.18|48.19|182
2021.01.19 20:30:00|48.2|48.24|48.13|48.23|207
2021.01.19 21:30:00|48.24|48.32|48.19|48.29|207
2021.01.19 22:30:00|48.3|48.41|48.3|48.39|156
2021.01.20 16:30:00|48.26|48.48|48.19|48.2|1035
2021.01.20 17:30:00|48.21|48.45|48.21|48.27|419
2021.01.20 18:30:00|48.28|48.41|48.28|48.35|230
2021.01.20 19:30:00|48.34|48.45|48.32|48.4|151
2021.01.20 20:30:00|48.41|48.45|48.34|48.39|127
2021.01.20 21:30:00|48.38|48.54|48.38|48.53|147
2021.01.20 22:30:00|48.54|48.69|48.52|48.53|181
2021.01.21 16:30:00|48.55|48.64|48.34|48.49|537
2021.01.21 18:30:00|48.93|48.95|48.8|48.82|127
2021.01.21 19:30:00|48.83|48.86|48.72|48.81|244
2021.01.21 20:30:00|48.82|48.97|48.8|48.89|158
2021.01.21 21:30:00|48.88|48.92|48.78|48.78|119
2021.01.21 22:30:00|48.76|48.92|48.76|48.83|147
2021.01.22 16:30:00|48.7|48.77|48.4|48.46|1036
2021.01.22 17:30:00|48.47|48.64|48.41|48.44|248
2021.01.22 18:30:00|48.45|48.59|48.44|48.55|187
2021.01.22 19:30:00|48.54|48.67|48.48|48.63|153
2021.01.22 20:30:00|48.62|48.72|48.51|48.51|141
2021.01.22 21:30:00|48.5|48.56|48.49|48.56|190
2021.01.22 22:30:00|48.55|48.55|48.37|48.37|95
2021.01.25 16:30:00|48.29|48.45|48.12|48.37|1464
2021.01.25 17:30:00|48.37|48.55|48.28|48.29|2341
2021.01.25 18:30:00|48.3|48.5|48.21|48.43|642
2021.01.25 19:30:00|48.44|48.66|48.41|48.61|319
2021.01.25 20:30:00|48.61|48.7|48.58|48.64|311
2021.01.25 21:30:00|48.65|48.71|48.53|48.64|270
2021.01.25 22:30:00|48.63|48.68|48.53|48.66|216
2021.01.26 16:30:00|48.56|49.02|48.49|48.86|1101
2021.01.26 17:30:00|48.87|49.04|48.85|49.01|432
2021.01.26 18:30:00|49|49.08|48.91|49.03|317
2021.01.26 19:30:00|49.04|49.05|48.97|49.03|162
2021.01.26 20:30:00|49.02|49.09|48.97|49.05|123
2021.01.26 21:30:00|49.04|49.26|49.03|49.26|193
2021.01.26 22:30:00|49.27|49.27|49.13|49.16|147
2021.01.27 16:30:00|48.9|49.2|48.34|48.46|3371
2021.01.27 17:30:00|48.47|48.65|48.3|48.59|1035
2021.01.27 18:30:00|48.58|48.6|48.35|48.52|705
2021.01.27 19:30:00|48.53|48.72|48.44|48.6|471
2021.01.27 20:30:00|48.59|48.59|48.41|48.43|994
2021.01.27 21:30:00|48.42|48.5|48.26|48.29|1105
2021.01.27 22:30:00|48.28|48.39|48.11|48.37|536
2021.01.28 16:30:00|48.5|49.13|48.49|48.96|2525
2021.01.28 17:30:00|48.97|49.23|48.83|49.15|910
2021.01.28 18:30:00|49.14|49.31|49.08|49.26|601
2021.01.28 19:30:00|49.26|49.35|49.15|49.32|324
2021.01.28 20:30:00|49.33|49.37|49.08|49.14|276
2021.01.28 21:30:00|49.15|49.35|49.11|49.22|495
2021.01.28 22:30:00|49.21|49.22|49.01|49.01|484
2021.01.29 16:30:00|48.59|48.74|48.45|48.63|2191
2021.01.29 17:30:00|48.64|48.72|48.4|48.45|674
2021.01.29 18:30:00|48.46|48.47|48.14|48.21|537
2021.01.29 19:30:00|48.2|48.29|48.02|48.19|865
2021.01.29 20:30:00|48.17|48.33|48.11|48.21|755
2021.01.29 21:30:00|48.21|48.45|48.13|48.23|890
2021.01.29 22:30:00|48.24|48.3|47.99|48.01|608
2021.02.01 16:30:00|48.25|48.34|48.07|48.15|1881
2021.02.01 17:30:00|48.15|48.45|48.13|48.39|549
2021.02.01 18:30:00|48.4|48.56|48.39|48.47|402
2021.02.01 19:30:00|48.48|48.5|48.38|48.42|231
2021.02.01 20:30:00|48.43|48.52|48.38|48.51|263
2021.02.01 21:30:00|48.5|48.53|48.29|48.29|244
2021.02.01 22:30:00|48.3|48.48|48.28|48.36|240
2021.02.02 16:30:00|48.54|49.22|48.51|49.11|1446
2021.02.02 17:30:00|49.1|49.16|48.96|49.05|381
2021.02.02 18:30:00|49.05|49.21|49.05|49.12|248
2021.02.02 19:30:00|49.13|49.13|48.97|49.04|139
2021.02.02 20:30:00|49.02|49.08|48.96|49|181
2021.02.02 21:30:00|49|49.05|48.91|48.92|158
2021.02.02 22:30:00|48.91|48.98|48.83|48.83|137
2021.02.03 16:30:00|48.66|48.89|48.55|48.7|1641
2021.02.03 17:30:00|48.71|48.84|48.68|48.73|271
2021.02.03 18:30:00|48.74|48.86|48.68|48.8|166
2021.02.03 19:30:00|48.8|48.82|48.74|48.77|104
2021.02.03 20:30:00|48.76|48.87|48.76|48.87|88
2021.02.03 21:30:00|48.88|48.96|48.82|48.86|156
2021.02.03 22:30:00|48.86|48.9|48.63|48.64|222
2021.02.04 16:30:00|48.7|48.87|48.53|48.69|905
2021.02.04 17:30:00|48.69|48.94|48.55|48.79|259
2021.02.04 18:30:00|48.78|48.92|48.64|48.75|289
2021.02.04 19:30:00|48.76|48.83|48.73|48.74|127
2021.02.04 20:30:00|48.75|48.85|48.74|48.81|121
2021.02.04 21:30:00|48.82|48.87|48.61|48.87|141
2021.02.04 22:30:00|48.88|48.93|48.8|48.89|133
2021.02.05 16:30:00|49.15|49.61|49.15|49.57|849
2021.02.05 17:30:00|49.57|49.64|49.42|49.55|258
2021.02.05 18:30:00|49.56|49.65|49.51|49.55|168
2021.02.05 19:30:00|49.56|49.62|49.5|49.55|118
2021.02.05 20:30:00|49.54|49.57|49.45|49.48|142
2021.02.05 21:30:00|49.47|49.55|49.38|49.41|170
2021.02.05 22:30:00|49.4|49.54|49.39|49.52|116
2021.02.08 16:30:00|49.76|50.04|49.65|49.66|1046
2021.02.08 17:30:00|49.67|49.83|49.53|49.59|327
2021.02.08 18:30:00|49.58|49.59|49.37|49.43|195
2021.02.08 19:30:00|49.44|49.46|49.37|49.42|95
2021.02.08 20:30:00|49.43|49.61|49.39|49.54|146
2021.02.08 21:30:00|49.55|49.7|49.55|49.65|129
2021.02.08 22:30:00|49.64|49.8|49.62|49.77|155
2021.02.09 16:30:00|49.67|49.9|49.51|49.61|911
2021.02.09 17:30:00|49.62|49.77|49.61|49.7|344
2021.02.09 18:30:00|49.69|49.73|49.65|49.66|236
2021.02.09 19:30:00|49.67|49.68|49.59|49.59|121
2021.02.09 20:30:00|49.59|49.65|49.56|49.63|72
2021.02.09 21:30:00|49.64|49.76|49.64|49.7|109
2021.02.09 22:30:00|49.69|49.73|49.56|49.56|141
2021.02.10 16:30:00|50.02|50.45|49.59|49.81|3622
2021.02.10 17:30:00|49.8|49.86|49.45|49.81|1100
2021.02.10 18:30:00|49.82|49.91|49.58|49.72|520
2021.02.10 19:30:00|49.7|49.7|49.49|49.59|221
2021.02.10 20:30:00|49.6|49.68|49.51|49.67|223
2021.02.10 21:30:00|49.67|49.72|49.54|49.55|345
2021.02.10 22:30:00|49.54|49.54|49.41|49.47|192
2021.02.11 16:30:00|49.87|50.28|49.78|50.22|2379
2021.02.11 17:30:00|50.21|50.22|49.99|50.21|494
2021.02.11 18:30:00|50.19|50.43|50.12|50.39|407
2021.02.11 19:30:00|50.4|50.46|50.29|50.35|507
2021.02.11 20:30:00|50.34|50.44|50.25|50.37|335
2021.02.11 21:30:00|50.34|50.43|50.28|50.28|233
2021.02.11 22:30:00|50.29|50.32|50.17|50.19|176
2021.02.12 16:30:00|50.41|50.72|50.3|50.49|1110
2021.02.12 17:30:00|50.5|50.61|50.43|50.52|354
2021.02.12 18:30:00|50.53|50.55|50.33|50.5|299
2021.02.12 19:30:00|50.5|50.5|50.29|50.42|172
2021.02.12 20:30:00|50.43|50.46|50.34|50.37|173
2021.02.12 21:30:00|50.37|50.59|50.35|50.59|236
2021.02.12 22:30:00|50.58|50.67|50.53|50.57|241
2021.02.16 16:30:00|50.41|50.59|50.24|50.51|996
2021.02.16 17:30:00|50.51|50.51|50.27|50.39|376
2021.02.16 18:30:00|50.39|50.52|50.34|50.48|227
2021.02.16 19:30:00|50.47|50.49|50.3|50.35|128
2021.02.16 20:30:00|50.34|50.37|50.21|50.22|98
2021.02.16 21:30:00|50.22|50.22|50.14|50.17|139
2021.02.16 22:30:00|50.17|50.18|50.04|50.15|253
2021.02.17 16:30:00|49.94|50.32|49.76|50.23|1156
2021.02.17 17:30:00|50.22|50.36|50.21|50.26|306
2021.02.17 18:30:00|50.23|50.29|50.19|50.22|208
2021.02.17 19:30:00|50.23|50.25|50.14|50.18|87
2021.02.17 20:30:00|50.19|50.22|50.13|50.17|140
2021.02.17 21:30:00|50.18|50.21|50.15|50.16|141
2021.02.17 22:30:00|50.16|50.16|49.98|50.01|138
2021.02.18 16:30:00|50.04|50.34|49.92|50.34|1138
2021.02.18 17:30:00|50.34|50.44|50.28|50.35|319
2021.02.18 18:30:00|50.34|50.34|50.13|50.2|239
2021.02.18 19:30:00|50.19|50.56|50.18|50.56|181
2021.02.18 20:30:00|50.56|50.72|50.55|50.57|166
2021.02.18 21:30:00|50.56|50.67|50.53|50.67|150
2021.02.18 22:30:00|50.67|50.69|50.57|50.65|127
2021.02.19 16:30:00|50.54|50.7|50.33|50.62|1037
2021.02.19 17:30:00|50.63|50.65|50.42|50.56|337
2021.02.19 18:30:00|50.56|50.57|50.38|50.48|256
2021.02.19 19:30:00|50.46|50.48|50.27|50.27|221
2021.02.19 20:30:00|50.27|50.28|50.08|50.09|196
2021.02.19 21:30:00|50.08|50.1|49.96|50.02|292
2021.02.19 22:30:00|50.03|50.09|49.84|50|210
2021.02.22 16:30:00|49.65|50.09|49.58|49.97|1007
2021.02.22 17:30:00|49.97|50.31|49.94|50.27|455
2021.02.22 18:30:00|50.26|50.44|50.18|50.38|262
2021.02.22 19:30:00|50.39|50.55|50.34|50.54|258
2021.02.22 20:30:00|50.55|50.67|50.51|50.65|166
2021.02.22 21:30:00|50.66|50.71|50.57|50.7|181
2021.02.22 22:30:00|50.71|50.75|50.49|50.49|258
2021.02.23 16:30:00|50.96|51.38|50.36|50.46|3355
2021.02.23 17:30:00|50.47|50.76|50.31|50.71|981
2021.02.23 18:30:00|50.72|50.76|50.56|50.65|572
2021.02.23 19:30:00|50.64|50.86|50.6|50.78|483
2021.02.23 20:30:00|50.77|50.82|50.56|50.58|305
2021.02.23 21:30:00|50.58|50.66|50.47|50.53|482
2021.02.23 22:30:00|50.54|50.61|50.41|50.41|284
2021.02.24 16:30:00|50.17|50.49|50.01|50.44|1283
2021.02.24 17:30:00|50.45|50.65|50.44|50.56|417
2021.02.24 18:30:00|50.55|50.61|50.41|50.42|285
2021.02.24 19:30:00|50.43|50.66|50.41|50.66|257
2021.02.24 20:30:00|50.65|50.77|50.61|50.68|259
2021.02.24 21:30:00|50.69|50.7|50.49|50.6|269
2021.02.24 22:30:00|50.59|50.67|50.58|50.58|129
2021.02.25 16:30:00|50.29|50.62|50.19|50.25|1323
2021.02.25 17:30:00|50.25|50.4|50.17|50.32|616
2021.02.25 18:30:00|50.3|50.38|50.18|50.24|745
2021.02.25 19:30:00|50.23|50.27|49.89|50.04|972
2021.02.25 20:30:00|50.02|50.11|49.86|50.05|443
2021.02.25 21:30:00|50.04|50.06|49.93|49.96|602
2021.02.25 22:30:00|49.95|50.15|49.87|50.07|486
2021.02.26 16:30:00|49.98|49.98|49.24|49.28|1647
2021.02.26 17:30:00|49.28|49.53|49.06|49.09|1155
2021.02.26 18:30:00|49.08|49.49|49.05|49.47|587
2021.02.26 19:30:00|49.48|49.5|49.33|49.41|493
2021.02.26 20:30:00|49.42|49.42|49.1|49.13|569
2021.02.26 21:30:00|49.12|49.24|49.07|49.07|469
2021.02.26 22:30:00|49.06|49.21|48.88|48.91|308
2021.03.01 16:30:00|49.44|50.04|49.42|50|1726
2021.03.01 17:30:00|49.98|50.17|49.91|49.99|515
2021.03.01 18:30:00|49.99|50.1|49.96|50.02|275
2021.03.01 19:30:00|50.01|50.04|49.83|49.91|270
2021.03.01 20:30:00|49.92|50.31|49.92|50.2|365
2021.03.01 21:30:00|50.19|50.21|50.01|50.09|268
2021.03.01 22:30:00|50.09|50.09|49.74|49.79|190
2021.03.02 16:30:00|49.71|49.87|49.58|49.75|991
2021.03.02 17:30:00|49.75|49.99|49.74|49.99|500
2021.03.02 18:30:00|49.99|50.19|49.92|50.14|374
2021.03.02 19:30:00|50.13|50.29|50.13|50.24|320
2021.03.02 20:30:00|50.25|50.35|50.21|50.33|294
2021.03.02 21:30:00|50.33|50.43|50.08|50.12|338
2021.03.02 22:30:00|50.13|50.23|49.93|49.97|267
2021.03.03 16:30:00|49.82|50.14|49.78|50.09|1072
2021.03.03 17:30:00|50.07|50.12|49.83|50.04|618
2021.03.03 18:30:00|50.03|50.08|49.95|49.97|353
2021.03.03 19:30:00|49.96|50.34|49.89|50.27|271
2021.03.03 20:30:00|50.28|50.43|50.19|50.41|502
2021.03.03 21:30:00|50.4|50.41|50.16|50.19|537
2021.03.03 22:30:00|50.19|50.19|49.84|49.85|219
2021.03.04 16:30:00|50.19|50.85|49.96|50.74|1941
2021.03.04 17:30:00|50.73|50.96|50.67|50.7|739
2021.03.04 18:30:00|50.71|50.89|50.34|50.4|897
2021.03.04 19:30:00|50.38|50.42|49.83|49.91|1207
2021.03.04 20:30:00|49.91|49.94|49.5|49.89|1403
2021.03.04 21:30:00|49.88|49.93|49.56|49.72|985
2021.03.04 22:30:00|49.73|49.87|49.61|49.78|611
2021.03.05 16:30:00|49.87|50.44|49.78|50.28|1849
2021.03.05 17:30:00|50.29|50.39|49.99|50.05|1116
2021.03.05 18:30:00|50.06|50.48|50.05|50.41|1264
2021.03.05 19:30:00|50.42|50.43|50.2|50.29|663
2021.03.05 20:30:00|50.29|50.54|50.23|50.49|664
2021.03.05 21:30:00|50.5|50.68|50.49|50.61|711
2021.03.05 22:30:00|50.6|50.82|50.59|50.66|329
2021.03.08 16:30:00|51.24|51.62|51.05|51.61|2040
2021.03.08 17:30:00|51.62|51.82|51.47|51.82|629
2021.03.08 18:30:00|51.81|52.19|51.81|52.17|459
2021.03.08 19:30:00|52.18|52.35|52.1|52.32|364
2021.03.08 20:30:00|52.33|52.36|52.08|52.21|458
2021.03.08 21:30:00|52.2|52.23|51.7|51.88|506
2021.03.08 22:30:00|51.88|51.88|51.44|51.49|319
2021.03.09 16:30:00|51.64|51.75|51.12|51.27|1302
2021.03.09 17:30:00|51.28|51.52|51.1|51.1|511
2021.03.09 18:30:00|51.1|51.16|50.92|51.16|494
2021.03.09 19:30:00|51.15|51.18|51.02|51.12|335
2021.03.09 20:30:00|51.13|51.14|50.96|51.06|268
2021.03.09 21:30:00|51.07|51.08|50.89|50.99|278
2021.03.09 22:30:00|50.98|50.98|50.72|50.74|236
2021.03.10 16:30:00|50.91|51.14|50.59|50.88|1170
2021.03.10 17:30:00|50.87|51.09|50.73|50.92|576
2021.03.10 18:30:00|50.93|50.95|50.72|50.92|239
2021.03.10 19:30:00|50.93|51.07|50.89|50.95|288
2021.03.10 20:30:00|50.95|51.51|50.92|51.42|349
2021.03.10 21:30:00|51.43|51.47|51.25|51.4|267
2021.03.10 22:30:00|51.38|51.4|51.2|51.27|142
2021.03.11 16:30:00|51.02|51.04|50.69|51.04|1100
2021.03.11 17:30:00|51.03|51.21|50.97|51.14|499
2021.03.11 18:30:00|51.14|51.19|51.03|51.12|270
2021.03.11 19:30:00|51.12|51.16|51.03|51.03|184
2021.03.11 20:30:00|51.04|51.05|50.93|50.93|207
2021.03.11 21:30:00|50.93|50.98|50.73|50.8|173
2021.03.11 22:30:00|50.79|50.83|50.7|50.78|171
2021.03.12 16:30:00|50.5|50.55|50.31|50.33|845
2021.03.12 17:30:00|50.33|50.45|50.07|50.16|334
2021.03.12 18:30:00|50.15|50.27|50.12|50.22|149
2021.03.12 19:30:00|50.23|50.38|50.22|50.38|119
2021.03.12 20:30:00|50.37|50.48|50.36|50.36|131
2021.03.12 21:30:00|50.36|50.36|50.17|50.21|150
2021.03.12 22:30:00|50.22|50.25|50.14|50.23|181
2021.03.15 15:30:00|50.41|50.8|50.34|50.63|974
2021.03.15 16:30:00|50.64|50.82|50.5|50.74|366
2021.03.15 17:30:00|50.75|50.86|50.65|50.83|195
2021.03.15 18:30:00|50.84|50.85|50.63|50.64|138
2021.03.15 19:30:00|50.64|51|50.64|50.92|190
2021.03.15 20:30:00|50.93|50.93|50.78|50.8|153
2021.03.15 21:30:00|50.78|50.97|50.7|50.91|134
2021.03.16 15:30:00|51.05|51.35|51|51.18|760
2021.03.16 16:30:00|51.17|51.24|51.11|51.16|215
2021.03.16 17:30:00|51.17|51.19|50.92|51|192
2021.03.16 18:30:00|50.99|51.18|50.98|51.18|180
2021.03.16 19:30:00|51.17|51.33|51.15|51.33|157
2021.03.16 20:30:00|51.32|51.39|51.18|51.18|216
2021.03.16 21:30:00|51.17|51.21|51.04|51.09|179
2021.03.17 15:30:00|51.07|51.41|51.03|51.2|810
2021.03.17 16:30:00|51.19|51.32|51.03|51.14|407
2021.03.17 17:30:00|51.15|51.31|51.11|51.25|206
2021.03.17 18:30:00|51.25|51.33|51.14|51.26|250
2021.03.17 19:30:00|51.27|51.49|51.13|51.18|1189
2021.03.17 20:30:00|51.17|51.29|51.15|51.21|438
2021.03.17 21:30:00|51.2|51.25|51.09|51.12|179
2021.03.18 15:30:00|50.87|51.07|50.59|50.59|1007
2021.03.18 16:30:00|50.58|50.7|50.56|50.59|293
2021.03.18 17:30:00|50.6|50.9|50.47|50.78|305
2021.03.18 18:30:00|50.76|50.79|50.62|50.65|178
2021.03.18 19:30:00|50.64|50.69|50.53|50.57|167
2021.03.18 20:30:00|50.57|50.58|50.37|50.58|400
2021.03.18 21:30:00|50.59|50.59|50.39|50.44|280
2021.03.19 15:30:00|50.33|50.58|50.27|50.58|1078
2021.03.19 16:30:00|50.57|50.57|50.29|50.38|381
2021.03.19 17:30:00|50.39|50.59|50.32|50.36|274
2021.03.19 18:30:00|50.36|50.36|50.2|50.26|173
2021.03.19 19:30:00|50.26|50.29|50.05|50.13|148
2021.03.19 20:30:00|50.13|50.4|50.11|50.4|244
2021.03.19 21:30:00|50.38|50.91|50.18|50.71|2099
2021.03.22 15:30:00|50.29|50.85|50.24|50.82|1424
2021.03.22 16:30:00|50.83|50.95|50.73|50.8|399
2021.03.22 17:30:00|50.81|50.88|50.72|50.81|305
2021.03.22 18:30:00|50.82|50.82|50.71|50.76|221
2021.03.22 19:30:00|50.77|50.77|50.61|50.66|214
2021.03.22 20:30:00|50.66|50.79|50.66|50.73|214
2021.03.22 21:30:00|50.72|50.88|50.64|50.87|171
2021.03.23 15:30:00|50.77|51.21|50.7|51.18|1511
2021.03.23 16:30:00|51.19|51.27|51.03|51.18|517
2021.03.23 17:30:00|51.19|51.46|51.17|51.44|275
2021.03.23 18:30:00|51.45|51.45|51.25|51.38|229
2021.03.23 19:30:00|51.37|51.52|51.35|51.47|182
2021.03.23 20:30:00|51.48|51.48|51.16|51.19|316
2021.03.23 21:30:00|51.18|51.3|51.11|51.26|306
2021.03.24 15:30:00|51.09|51.57|51.04|51.32|1470
2021.03.24 16:30:00|51.33|51.69|51.31|51.6|583
2021.03.24 17:30:00|51.61|51.76|51.58|51.63|339
2021.03.24 18:30:00|51.62|51.66|51.51|51.6|329
2021.03.24 19:30:00|51.61|51.66|51.5|51.61|327
2021.03.24 20:30:00|51.61|51.7|51.48|51.48|443
2021.03.24 21:30:00|51.49|51.53|51.39|51.39|341
2021.03.25 15:30:00|51.45|51.46|51.04|51.43|1140
2021.03.25 16:30:00|51.43|51.67|51.37|51.5|654
2021.03.25 17:30:00|51.51|51.54|51.31|51.37|464
2021.03.25 18:30:00|51.38|51.68|51.37|51.66|317
2021.03.25 19:30:00|51.67|51.79|51.61|51.63|312
2021.03.25 20:30:00|51.64|51.83|51.61|51.8|291
2021.03.25 21:30:00|51.81|51.93|51.8|51.91|262
2021.03.26 15:30:00|51.79|51.96|51.63|51.93|1063
2021.03.26 16:30:00|51.92|52.03|51.75|52.03|461
2021.03.26 17:30:00|52.03|52.22|51.96|52.15|306
2021.03.26 18:30:00|52.16|52.56|52.15|52.52|207
2021.03.26 19:30:00|52.52|52.71|52.38|52.7|337
2021.03.26 20:30:00|52.69|52.78|52.55|52.6|379
2021.03.26 21:30:00|52.6|52.98|52.58|52.95|288
2021.03.29 16:30:00|52.79|53.16|52.79|53.04|1319
2021.03.29 17:30:00|53.02|53.37|53|53.37|417
2021.03.29 18:30:00|53.36|53.56|53.27|53.56|259
2021.03.29 19:30:00|53.53|53.64|53.44|53.49|276
2021.03.29 20:30:00|53.48|53.67|53.48|53.66|204
2021.03.29 21:30:00|53.67|53.78|53.6|53.78|242
2021.03.29 22:30:00|53.77|53.81|53.68|53.73|145
2021.03.30 16:30:00|53.59|53.67|53|53.33|1358
2021.03.30 17:30:00|53.32|53.33|52.8|52.92|507
2021.03.30 18:30:00|52.91|53.03|52.83|52.9|295
2021.03.30 19:30:00|52.89|53.11|52.88|53.03|181
2021.03.30 20:30:00|53.03|53.14|52.99|53.04|194
2021.03.30 21:30:00|53.05|53.15|52.97|53.08|198
2021.03.30 22:30:00|53.09|53.1|52.9|53|167
2021.03.31 16:30:00|52.96|52.98|52.56|52.69|1147
2021.03.31 17:30:00|52.7|52.82|52.59|52.61|391
2021.03.31 18:30:00|52.6|52.78|52.6|52.66|205
2021.03.31 19:30:00|52.67|52.7|52.53|52.56|136
2021.03.31 20:30:00|52.55|52.65|52.49|52.5|173
2021.03.31 21:30:00|52.51|52.61|52.38|52.58|223
2021.03.31 22:30:00|52.59|52.73|52.48|52.59|366
2021.04.01 16:30:00|52.89|53.02|52.37|52.5|1231
2021.04.01 17:30:00|52.5|52.76|52.33|52.67|429
2021.04.01 18:30:00|52.67|52.81|52.65|52.77|247
2021.04.01 19:30:00|52.77|52.85|52.69|52.69|167
2021.04.01 20:30:00|52.7|52.73|52.53|52.54|130
2021.04.01 21:30:00|52.53|52.6|52.51|52.57|145
2021.04.01 22:30:00|52.57|52.58|52.38|52.38|203
2021.04.05 16:30:00|52.36|53.08|52.35|52.9|1307
2021.04.05 17:30:00|52.91|53.09|52.82|52.84|455
2021.04.05 18:30:00|52.85|53.05|52.83|52.97|294
2021.04.05 19:30:00|52.96|53.07|52.87|52.9|215
2021.04.05 20:30:00|52.91|52.91|52.74|52.79|235
2021.04.05 21:30:00|52.78|52.84|52.66|52.77|232
2021.04.05 22:30:00|52.77|52.84|52.66|52.68|179
2021.04.06 16:30:00|52.84|53.37|52.78|53.23|820
2021.04.06 17:30:00|53.23|53.36|53.14|53.34|333
2021.04.06 18:30:00|53.33|53.52|53.22|53.44|275
2021.04.06 19:30:00|53.45|53.45|53.34|53.45|162
2021.04.06 20:30:00|53.44|53.47|53.28|53.3|135
2021.04.06 21:30:00|53.29|53.33|53.04|53.07|166
2021.04.06 22:30:00|53.07|53.1|53|53.07|108
2021.04.07 16:30:00|53.18|53.37|53.04|53.1|726
2021.04.07 17:30:00|53.1|53.23|53.03|53.11|224
2021.04.07 18:30:00|53.1|53.23|53.04|53.04|163
2021.04.07 19:30:00|53.05|53.14|53.04|53.08|133
2021.04.07 20:30:00|53.07|53.1|53|53.01|200
2021.04.07 21:30:00|53|53.13|53|53.13|139
2021.04.07 22:30:00|53.12|53.2|53.11|53.16|92
2021.04.08 16:30:00|52.99|53.25|52.85|53.25|592
2021.04.08 17:30:00|53.24|53.24|53.03|53.09|225
2021.04.08 18:30:00|53.1|53.11|53|53.05|119
2021.04.08 19:30:00|53.05|53.12|53.03|53.11|121
2021.04.08 20:30:00|53.1|53.12|53|53.02|95
2021.04.08 21:30:00|53.01|53.03|52.92|52.92|91
2021.04.08 22:30:00|52.93|53.04|52.91|53.01|94
2021.04.09 16:30:00|53.01|53.16|52.75|52.77|594
2021.04.09 17:30:00|52.76|52.82|52.69|52.75|207
2021.04.09 18:30:00|52.74|52.81|52.7|52.71|102
2021.04.09 19:30:00|52.72|52.81|52.7|52.76|92
2021.04.09 20:30:00|52.77|52.88|52.77|52.87|121
2021.04.09 21:30:00|52.88|52.99|52.79|52.99|149
2021.04.09 22:30:00|53|53.06|52.97|53.05|150
2021.04.12 16:30:00|53.09|53.42|52.97|53.18|787
2021.04.12 17:30:00|53.18|53.25|53.11|53.16|285
2021.04.12 18:30:00|53.16|53.23|53.13|53.15|158
2021.04.12 19:30:00|53.14|53.19|53.03|53.05|141
2021.04.12 20:30:00|53.06|53.11|53.02|53.08|111
2021.04.12 21:30:00|53.06|53.12|53|53.11|120
2021.04.12 22:30:00|53.12|53.27|53.12|53.24|160
2021.04.13 16:30:00|52.77|53.16|52.68|52.87|925
2021.04.13 17:30:00|52.88|53.07|52.79|53.07|246
2021.04.13 18:30:00|53.06|53.12|52.95|52.97|237
2021.04.13 19:30:00|52.98|53.07|52.93|52.94|118
2021.04.13 20:30:00|52.95|53.06|52.93|53.05|88
2021.04.13 21:30:00|53.04|53.09|53.01|53.05|81
2021.04.13 22:30:00|53.06|53.08|52.88|52.96|122
2021.04.14 16:30:00|52.94|52.94|52.52|52.85|1076
2021.04.14 17:30:00|52.84|52.98|52.73|52.98|266
2021.04.14 18:30:00|52.98|53.04|52.89|52.91|160
2021.04.14 19:30:00|52.9|53|52.88|53|130
2021.04.14 20:30:00|53.01|53.06|52.88|53.02|202
2021.04.14 21:30:00|53.02|53.06|52.93|53|193
2021.04.14 22:30:00|52.99|53|52.9|52.96|160
2021.04.15 16:30:00|53.09|53.51|53.06|53.43|1597
2021.04.15 17:30:00|53.44|53.51|53.31|53.51|380
2021.04.15 18:30:00|53.5|53.53|53.28|53.32|245
2021.04.15 19:30:00|53.33|53.44|53.29|53.36|176
2021.04.15 20:30:00|53.35|53.35|53.21|53.24|169
2021.04.15 21:30:00|53.23|53.31|53.12|53.25|254
2021.04.15 22:30:00|53.26|53.31|53.16|53.21|149
2021.04.16 16:30:00|53.49|53.55|53.25|53.36|1075
2021.04.16 17:30:00|53.36|53.53|53.33|53.35|216
2021.04.16 18:30:00|53.36|53.51|53.34|53.45|191
2021.04.16 19:30:00|53.44|53.47|53.36|53.46|140
2021.04.16 20:30:00|53.45|53.48|53.4|53.43|148
2021.04.16 21:30:00|53.44|53.57|53.43|53.56|199
2021.04.16 22:30:00|53.57|53.61|53.41|53.53|189
2021.04.19 16:30:00|53.98|54.23|53.2|53.99|3572
2021.04.19 17:30:00|54|54.17|53.98|54.07|777
2021.04.19 18:30:00|54.08|54.11|53.72|53.74|568
2021.04.19 19:30:00|53.75|53.91|53.74|53.88|590
2021.04.19 20:30:00|53.89|53.94|53.53|53.67|315
2021.04.19 21:30:00|53.68|53.72|53.53|53.63|460
2021.04.19 22:30:00|53.63|53.88|53.54|53.88|361
2021.04.20 16:30:00|53.88|54.22|53.78|54.12|1845
2021.04.20 17:30:00|54.13|54.44|54.11|54.43|504
2021.04.20 18:30:00|54.42|54.46|54.18|54.27|314
2021.04.20 19:30:00|54.28|54.3|54.08|54.08|180
2021.04.20 20:30:00|54.07|54.18|54.02|54.02|162
2021.04.20 21:30:00|54.01|54.06|53.91|54|140
2021.04.20 22:30:00|53.99|54.05|53.98|54.05|97
2021.04.21 16:30:00|54.28|54.61|54.2|54.58|1152
2021.04.21 17:30:00|54.59|54.59|54.26|54.45|345
2021.04.21 18:30:00|54.44|54.55|54.39|54.4|198
2021.04.21 19:30:00|54.41|54.56|54.34|54.55|162
2021.04.21 20:30:00|54.56|54.56|54.41|54.44|109
2021.04.21 21:30:00|54.45|54.48|54.36|54.48|91
2021.04.21 22:30:00|54.48|54.58|54.45|54.47|123
2021.04.22 16:30:00|54.33|54.74|54.23|54.56|1150
2021.04.22 17:30:00|54.56|54.68|54.49|54.66|223
2021.04.22 18:30:00|54.65|54.74|54.57|54.63|147
2021.04.22 19:30:00|54.64|54.67|54.35|54.38|514
2021.04.22 20:30:00|54.38|54.41|54.22|54.28|464
2021.04.22 21:30:00|54.29|54.4|54.19|54.26|210
2021.04.22 22:30:00|54.27|54.38|54.24|54.32|188
2021.04.23 16:30:00|54.24|54.41|54.05|54.11|938
2021.04.23 17:30:00|54.12|54.45|54.12|54.36|320
2021.04.23 18:30:00|54.37|54.41|54.28|54.32|150
2021.04.23 19:30:00|54.31|54.4|54.31|54.31|91
2021.04.23 20:30:00|54.31|54.34|54.26|54.3|121
2021.04.23 21:30:00|54.29|54.42|54.27|54.4|152
2021.04.23 22:30:00|54.41|54.46|54.32|54.34|148
2021.04.26 16:30:00|54.21|54.29|53.87|53.95|884
2021.04.26 17:30:00|53.96|53.96|53.56|53.64|256
2021.04.26 18:30:00|53.63|53.77|53.53|53.55|170
2021.04.26 19:30:00|53.56|53.68|53.55|53.62|142
2021.04.26 20:30:00|53.61|53.66|53.54|53.61|112
2021.04.26 21:30:00|53.62|53.66|53.46|53.47|128
2021.04.26 22:30:00|53.47|53.55|53.45|53.54|154
2021.04.27 16:30:00|53.4|53.53|53.2|53.42|927
2021.04.27 17:30:00|53.43|53.5|53.33|53.33|221
2021.04.27 18:30:00|53.34|53.46|53.34|53.46|130
2021.04.27 19:30:00|53.47|53.57|53.45|53.54|79
2021.04.27 20:30:00|53.55|53.56|53.46|53.46|88
2021.04.27 21:30:00|53.46|53.53|53.41|53.42|105
2021.04.27 22:30:00|53.41|53.51|53.41|53.45|82
2021.04.28 16:30:00|53.81|53.92|53.42|53.49|756
2021.04.28 17:30:00|53.5|53.58|53.46|53.53|197
2021.04.28 18:30:00|53.52|53.56|53.47|53.49|113
2021.04.28 19:30:00|53.49|53.49|53.38|53.4|63
2021.04.28 20:30:00|53.41|53.48|53.31|53.48|611
2021.04.28 21:30:00|53.49|53.56|53.42|53.47|307
2021.04.28 22:30:00|53.48|53.49|53.39|53.46|161
2021.04.29 16:30:00|53.38|53.93|53.36|53.87|1114
2021.04.29 17:30:00|53.88|53.99|53.77|53.85|304
2021.04.29 18:30:00|53.85|53.87|53.79|53.87|177
2021.04.29 19:30:00|53.88|54.09|53.81|54.06|197
2021.04.29 20:30:00|54.07|54.11|54|54.07|183
2021.04.29 21:30:00|54.08|54.23|54.06|54.19|150
2021.04.29 22:30:00|54.19|54.21|54.05|54.13|159
2021.04.30 16:30:00|54.1|54.11|53.57|53.69|1018
2021.04.30 17:30:00|53.7|53.84|53.66|53.69|324
2021.04.30 18:30:00|53.69|53.85|53.64|53.84|177
2021.04.30 19:30:00|53.83|53.85|53.7|53.78|99
2021.04.30 20:30:00|53.77|53.85|53.73|53.84|134
2021.04.30 21:30:00|53.83|53.86|53.73|53.85|146
2021.04.30 22:30:00|53.86|53.88|53.75|53.85|251
2021.05.03 16:30:00|54.07|54.53|54.04|54.5|908
2021.05.03 17:30:00|54.5|54.57|54.4|54.49|276
2021.05.03 18:30:00|54.5|54.65|54.46|54.54|255
2021.05.03 19:30:00|54.55|54.67|54.55|54.63|166
2021.05.03 20:30:00|54.63|54.64|54.54|54.55|149
2021.05.03 21:30:00|54.56|54.59|54.4|54.43|161
2021.05.03 22:30:00|54.42|54.42|54.29|54.37|119
2021.05.04 16:30:00|54.46|54.5|54.16|54.16|1222
2021.05.04 17:30:00|54.17|54.35|54.07|54.13|628
2021.05.04 18:30:00|54.12|54.17|53.98|54.07|292
2021.05.04 19:30:00|54.06|54.07|53.86|53.94|307
2021.05.04 20:30:00|53.95|53.98|53.82|53.91|224
2021.05.04 21:30:00|53.9|53.99|53.86|53.87|205
2021.05.04 22:30:00|53.86|54.02|53.84|54.01|169
2021.05.05 16:30:00|54.08|54.08|53.69|53.8|865
2021.05.05 17:30:00|53.81|53.84|53.59|53.62|183
2021.05.05 18:30:00|53.67|53.81|53.66|53.75|139
2021.05.05 19:30:00|53.76|53.81|53.74|53.79|117
2021.05.05 20:30:00|53.8|53.88|53.8|53.86|99
2021.05.05 21:30:00|53.87|53.96|53.85|53.88|125
2021.05.05 22:30:00|53.89|53.9|53.82|53.87|113
2021.05.06 16:30:00|54.14|54.31|53.96|54.26|1335
2021.05.06 17:30:00|54.27|54.32|54.16|54.32|463
2021.05.06 18:30:00|54.33|54.48|54.27|54.33|346
2021.05.06 19:30:00|54.34|54.34|54.21|54.23|147
2021.05.06 20:30:00|54.22|54.35|54.22|54.35|136
2021.05.06 21:30:00|54.35|54.38|54.21|54.24|134
2021.05.06 22:30:00|54.25|54.43|54.24|54.41|132
2021.05.07 16:30:00|54.15|54.64|54.04|54.41|1315
2021.05.07 17:30:00|54.42|54.5|54.27|54.4|263
2021.05.07 18:30:00|54.41|54.5|54.21|54.22|181
2021.05.07 19:30:00|54.21|54.24|54.18|54.22|141
2021.05.07 20:30:00|54.23|54.4|54.2|54.39|109
2021.05.07 21:30:00|54.38|54.45|54.32|54.44|114
2021.05.07 22:30:00|54.45|54.47|54.36|54.38|137
2021.05.10 16:30:00|54.87|55.37|54.86|55.09|1162
2021.05.10 17:30:00|55.09|55.22|55.07|55.17|306
2021.05.10 18:30:00|55.15|55.23|55.09|55.14|177
2021.05.10 19:30:00|55.13|55.13|55.01|55.06|161
2021.05.10 20:30:00|55.07|55.1|54.84|54.88|299
2021.05.10 21:30:00|54.87|54.92|54.8|54.91|329
2021.05.10 22:30:00|54.9|54.97|54.77|54.78|200
2021.05.11 16:30:00|54.94|54.98|54.28|54.53|2556
2021.05.11 17:30:00|54.51|54.52|54.1|54.32|644
2021.05.11 18:30:00|54.31|54.39|54.15|54.16|357
2021.05.11 19:30:00|54.15|54.18|53.93|53.99|305
2021.05.11 20:30:00|54|54.12|53.98|54.11|254
2021.05.11 21:30:00|54.1|54.19|54.05|54.08|303
2021.05.11 22:30:00|54.08|54.2|53.92|54.2|264
2021.05.12 16:30:00|54.11|54.43|53.75|54.22|1696
2021.05.12 17:30:00|54.2|54.22|53.97|54.14|614
2021.05.12 18:30:00|54.15|54.24|54.05|54.18|400
2021.05.12 19:30:00|54.17|54.24|54|54.04|524
2021.05.12 20:30:00|54.03|54.04|53.86|53.88|276
2021.05.12 21:30:00|53.87|54.15|53.85|53.88|447
2021.05.12 22:30:00|53.88|54.02|53.86|53.91|376
2021.05.13 16:30:00|53.79|54.48|53.73|54.48|1360
2021.05.13 17:30:00|54.48|54.57|54.31|54.36|419
2021.05.13 18:30:00|54.37|54.5|54.32|54.48|326
2021.05.13 19:30:00|54.48|54.6|54.41|54.46|279
2021.05.13 20:30:00|54.46|54.65|54.32|54.64|290
2021.05.13 21:30:00|54.64|54.65|54.41|54.57|279
2021.05.13 22:30:00|54.56|54.62|54.39|54.39|222
2021.05.14 16:30:00|54.7|54.97|54.63|54.69|1185
2021.05.14 17:30:00|54.7|54.85|54.64|54.82|334
2021.05.14 18:30:00|54.83|54.86|54.61|54.66|251
2021.05.14 19:30:00|54.66|54.72|54.6|54.67|132
2021.05.14 20:30:00|54.68|54.74|54.62|54.64|162
2021.05.14 21:30:00|54.65|54.77|54.65|54.68|110
2021.05.14 22:30:00|54.68|54.72|54.57|54.58|179
2021.05.17 16:30:00|54.69|54.89|54.57|54.57|1269
2021.05.17 17:30:00|54.58|54.59|54.38|54.47|418
2021.05.17 18:30:00|54.48|54.71|54.46|54.67|231
2021.05.17 19:30:00|54.66|54.73|54.63|54.68|151
2021.05.17 20:30:00|54.68|54.73|54.59|54.69|213
2021.05.17 21:30:00|54.7|54.74|54.55|54.58|231
2021.05.17 22:30:00|54.57|54.59|54.46|54.52|188
2021.05.18 16:30:00|54.33|54.43|53.99|54.01|1342
2021.05.18 17:30:00|54.02|54.24|53.98|54.15|254
2021.05.18 18:30:00|54.16|54.29|54.16|54.25|165
2021.05.18 19:30:00|54.24|54.3|54.21|54.29|126
2021.05.18 20:30:00|54.3|54.33|54.21|54.26|107
2021.05.18 21:30:00|54.27|54.32|54.24|54.29|192
2021.05.18 22:30:00|54.3|54.4|54.19|54.21|193
2021.05.19 16:30:00|53.79|53.94|53.58|53.68|1813
2021.05.19 17:30:00|53.68|53.76|53.49|53.71|557
2021.05.19 18:30:00|53.69|53.85|53.63|53.74|302
2021.05.19 19:30:00|53.75|53.87|53.75|53.8|221
2021.05.19 20:30:00|53.79|53.84|53.59|53.77|765
2021.05.19 21:30:00|53.78|53.83|53.62|53.82|528
2021.05.19 22:30:00|53.8|54.05|53.74|54.04|327
2021.05.20 16:30:00|54.13|54.33|54.09|54.29|1124
2021.05.20 17:30:00|54.3|54.48|54.28|54.45|301
2021.05.20 18:30:00|54.44|54.65|54.44|54.62|250
2021.05.20 19:30:00|54.63|54.67|54.57|54.65|211
2021.05.20 20:30:00|54.64|54.67|54.57|54.6|164
2021.05.20 21:30:00|54.61|54.67|54.5|54.66|213
2021.05.20 22:30:00|54.65|54.65|54.45|54.53|229
2021.05.21 16:30:00|54.78|54.99|54.1|54.49|2410
2021.05.21 17:30:00|54.49|54.61|54.4|54.46|298
2021.05.21 18:30:00|54.46|54.49|54.31|54.36|230
2021.05.21 19:30:00|54.37|54.42|54.32|54.4|147
2021.05.21 20:30:00|54.41|54.45|54.34|54.36|132
2021.05.21 21:30:00|54.37|54.52|54.29|54.47|228
2021.05.21 22:30:00|54.47|54.53|54.37|54.5|255
2021.05.24 16:30:00|54.68|54.8|54.36|54.65|1004
2021.05.24 17:30:00|54.66|54.71|54.56|54.63|247
2021.05.24 18:30:00|54.62|54.63|54.51|54.58|133
2021.05.24 19:30:00|54.59|54.72|54.59|54.7|141
2021.05.24 20:30:00|54.71|54.75|54.64|54.72|96
2021.05.24 21:30:00|54.72|54.75|54.62|54.66|109
2021.05.24 22:30:00|54.64|54.67|54.6|54.67|120
2021.05.25 16:30:00|54.6|54.61|54.22|54.39|1155
2021.05.25 17:30:00|54.38|54.46|54.33|54.42|255
2021.05.25 18:30:00|54.41|54.59|54.38|54.57|156
2021.05.25 19:30:00|54.55|54.67|54.48|54.49|168
2021.05.25 20:30:00|54.5|54.5|54.41|54.44|146
2021.05.25 21:30:00|54.45|54.62|54.45|54.59|148
2021.05.25 22:30:00|54.6|54.66|54.55|54.66|150
2021.05.26 16:30:00|54.78|54.85|54.47|54.59|858
2021.05.26 17:30:00|54.6|54.92|54.6|54.85|290
2021.05.26 18:30:00|54.84|54.87|54.8|54.82|174
2021.05.26 19:30:00|54.83|54.88|54.75|54.78|129
2021.05.26 20:30:00|54.77|54.82|54.7|54.73|108
2021.05.26 21:30:00|54.73|54.75|54.68|54.73|106
2021.05.26 22:30:00|54.72|54.92|54.71|54.9|89
2021.05.27 16:30:00|54.94|55.32|54.94|55.09|767
2021.05.27 17:30:00|55.08|55.11|54.91|54.95|228
2021.05.27 18:30:00|54.93|55.04|54.91|54.92|95
2021.05.27 19:30:00|54.93|54.97|54.9|54.92|88
2021.05.27 20:30:00|54.92|54.97|54.68|54.72|129
2021.05.27 21:30:00|54.73|54.83|54.65|54.83|186
2021.05.27 22:30:00|54.84|55.44|54.71|55.2|706
2021.05.28 16:30:00|55.44|55.58|55.25|55.35|1242
2021.05.28 17:30:00|55.36|55.36|55.16|55.21|305
2021.05.28 18:30:00|55.19|55.3|55.08|55.3|228
2021.05.28 19:30:00|55.28|55.32|55.12|55.18|182
2021.05.28 20:30:00|55.17|55.29|55.16|55.25|173
2021.05.28 21:30:00|55.24|55.26|55.18|55.19|176
2021.05.28 22:30:00|55.18|55.26|55.14|55.17|159
2021.06.01 16:30:00|55.5|55.53|55.17|55.31|1116
2021.06.01 17:30:00|55.3|55.35|55.19|55.24|357
2021.06.01 18:30:00|55.25|55.25|55.08|55.09|151
2021.06.01 19:30:00|55.08|55.11|55|55.01|147
2021.06.01 20:30:00|55.02|55.14|55|55.13|163
2021.06.01 21:30:00|55.14|55.14|55.03|55.04|202
2021.06.01 22:30:00|55.04|55.16|54.97|55.15|194
2021.06.02 16:30:00|55.26|55.41|55.19|55.25|979
2021.06.02 17:30:00|55.24|55.37|55.14|55.37|202
2021.06.02 18:30:00|55.37|55.43|55.33|55.39|133
2021.06.02 19:30:00|55.39|55.39|55.28|55.33|133
2021.06.02 20:30:00|55.32|55.38|55.28|55.3|143
2021.06.02 21:30:00|55.28|55.3|55.2|55.2|128
2021.06.02 22:30:00|55.2|55.38|55.18|55.37|115
2021.06.03 16:30:00|55.01|55.33|54.98|55.16|1220
2021.06.03 17:30:00|55.17|55.41|55.07|55.4|466
2021.06.03 18:30:00|55.4|55.46|55.3|55.3|202
2021.06.03 19:30:00|55.31|55.4|55.3|55.36|178
2021.06.03 20:30:00|55.36|55.42|55.35|55.4|100
2021.06.03 21:30:00|55.41|55.47|55.37|55.45|106
2021.06.03 22:30:00|55.46|55.61|55.46|55.51|83
2021.06.04 16:30:00|55.7|56.36|55.65|56.19|1485
2021.06.04 17:30:00|56.19|56.34|56.18|56.21|247
2021.06.04 18:30:00|56.22|56.29|56.14|56.15|190
2021.06.04 19:30:00|56.16|56.18|56|56|112
2021.06.04 20:30:00|56.01|56.16|56.01|56.16|116
2021.06.04 21:30:00|56.16|56.19|56.08|56.11|78
2021.06.04 22:30:00|56.1|56.17|56.09|56.13|72
2021.06.07 16:30:00|56.04|56.19|55.9|55.92|624
2021.06.07 17:30:00|55.91|55.95|55.83|55.85|200
2021.06.07 18:30:00|55.85|55.87|55.69|55.72|112
2021.06.07 19:30:00|55.74|55.81|55.72|55.79|98
2021.06.07 20:30:00|55.8|55.81|55.72|55.74|57
2021.06.07 21:30:00|55.75|55.83|55.75|55.79|60
2021.06.07 22:30:00|55.8|55.92|55.77|55.92|101
2021.06.08 16:30:00|56.04|56.1|55.51|55.51|564
2021.06.08 17:30:00|55.52|55.59|55.43|55.48|227
2021.06.08 18:30:00|55.49|55.62|55.49|55.54|153
2021.06.08 19:30:00|55.55|55.56|55.48|55.51|94
2021.06.08 20:30:00|55.52|55.58|55.52|55.57|65
2021.06.08 21:30:00|55.56|55.68|55.56|55.62|102
2021.06.08 22:30:00|55.62|55.62|55.51|55.53|96
2021.06.09 16:30:00|55.62|55.79|55.61|55.67|804
2021.06.09 17:30:00|55.66|55.72|55.62|55.63|175
2021.06.09 18:30:00|55.61|55.62|55.46|55.46|90
2021.06.09 19:30:00|55.45|55.55|55.42|55.54|67
2021.06.09 20:30:00|55.53|55.59|55.5|55.56|67
2021.06.09 21:30:00|55.57|55.59|55.49|55.56|91
2021.06.09 22:30:00|55.55|55.57|55.35|55.36|133
2021.06.10 16:30:00|55.74|55.99|55.65|55.88|1032
2021.06.10 17:30:00|55.89|55.95|55.75|55.93|288
2021.06.10 18:30:00|55.94|55.98|55.88|55.88|118
2021.06.10 19:30:00|55.89|55.92|55.83|55.84|69
2021.06.10 20:30:00|55.83|55.84|55.74|55.74|43
2021.06.10 21:30:00|55.74|55.76|55.67|55.75|73
2021.06.10 22:30:00|55.76|55.86|55.75|55.78|108
2021.06.11 16:30:00|55.83|55.83|55.53|55.74|940
2021.06.11 17:30:00|55.74|55.84|55.66|55.78|166
2021.06.11 18:30:00|55.77|55.84|55.69|55.77|85
2021.06.11 19:30:00|55.76|55.76|55.68|55.72|64
2021.06.11 20:30:00|55.72|55.82|55.71|55.8|61
2021.06.11 21:30:00|55.81|55.86|55.81|55.85|68
2021.06.11 22:30:00|55.86|56.08|55.85|56.05|100
2021.06.14 16:30:00|55.39|55.41|55.08|55.12|697
2021.06.14 17:30:00|55.13|55.21|55.12|55.16|149
2021.06.14 18:30:00|55.17|55.28|55.15|55.17|83
2021.06.14 19:30:00|55.18|55.19|55.1|55.1|51
2021.06.14 20:30:00|55.09|55.13|55.09|55.13|32
2021.06.14 21:30:00|55.14|55.27|55.14|55.26|52
2021.06.14 22:30:00|55.27|55.42|55.25|55.42|69
2021.06.15 16:30:00|55.64|55.64|55.23|55.37|577
2021.06.15 17:30:00|55.38|55.39|55.2|55.29|113
2021.06.15 18:30:00|55.29|55.29|55.08|55.1|84
2021.06.15 19:30:00|55.09|55.17|55.07|55.17|99
2021.06.15 20:30:00|55.18|55.29|55.15|55.29|88
2021.06.15 21:30:00|55.29|55.39|55.28|55.33|100
2021.06.15 22:30:00|55.32|55.38|55.26|55.28|115
2021.06.16 16:30:00|55.25|55.27|54.9|54.97|443
2021.06.16 17:30:00|54.96|55.08|54.95|54.95|105
2021.06.16 18:30:00|54.94|55.03|54.87|55.03|84
2021.06.16 19:30:00|55.03|55.07|54.95|55.02|68
2021.06.16 20:30:00|55.03|55.03|54.53|54.62|2535
2021.06.16 21:30:00|54.62|54.81|54.53|54.72|516
2021.06.16 22:30:00|54.73|54.73|54.53|54.54|148
2021.06.17 16:30:00|54.69|54.92|54.52|54.79|1011
2021.06.17 17:30:00|54.8|54.97|54.8|54.94|217
2021.06.17 18:30:00|54.95|55.02|54.72|54.75|236
2021.06.17 19:30:00|54.75|54.88|54.7|54.82|245
2021.06.17 20:30:00|54.83|54.86|54.7|54.78|126
2021.06.17 21:30:00|54.78|54.87|54.74|54.86|135
2021.06.17 22:30:00|54.87|54.94|54.8|54.82|160
2021.06.18 16:30:00|54.15|54.38|54|54.14|1845
2021.06.18 17:30:00|54.12|54.19|53.91|54.06|319
2021.06.18 18:30:00|54.07|54.29|54.07|54.22|222
2021.06.18 19:30:00|54.23|54.28|54.12|54.19|135
2021.06.18 20:30:00|54.2|54.24|54.14|54.22|128
2021.06.18 21:30:00|54.22|54.29|54.06|54.06|199
2021.06.18 22:30:00|54.06|54.09|53.63|53.65|210
2021.06.21 16:30:00|54.11|54.3|53.96|54.18|1253
2021.06.21 17:30:00|54.19|54.19|53.96|54.06|170
2021.06.21 18:30:00|54.05|54.09|53.91|53.92|104
2021.06.21 19:30:00|53.93|54.07|53.88|54.07|123
2021.06.21 20:30:00|54.07|54.16|54.06|54.11|107
2021.06.21 21:30:00|54.12|54.21|54.09|54.21|99
2021.06.21 22:30:00|54.2|54.26|54.19|54.23|137
2021.06.22 16:30:00|54.21|54.6|54.13|54.6|864
2021.06.22 17:30:00|54.59|54.72|54.59|54.64|255
2021.06.22 18:30:00|54.62|54.7|54.56|54.57|114
2021.06.22 19:30:00|54.57|54.59|54.52|54.57|52
2021.06.22 20:30:00|54.56|54.6|54.52|54.58|72
2021.06.22 21:30:00|54.59|54.72|54.57|54.7|113
2021.06.22 22:30:00|54.71|54.71|54.43|54.44|138
2021.06.23 16:30:00|54.35|54.42|54.12|54.24|872
2021.06.23 17:30:00|54.24|54.32|54.19|54.22|175
2021.06.23 18:30:00|54.23|54.27|54.19|54.21|71
2021.06.23 19:30:00|54.2|54.22|54.09|54.17|97
2021.06.23 20:30:00|54.18|54.19|54.1|54.16|78
2021.06.23 21:30:00|54.15|54.18|54.11|54.16|56
2021.06.23 22:30:00|54.17|54.19|53.99|54|109
2021.06.24 16:30:00|54.1|54.2|53.88|54.01|675
2021.06.24 17:30:00|54|54.1|53.93|53.98|109
2021.06.24 18:30:00|53.99|54.01|53.95|54|47
2021.06.24 19:30:00|54.01|54.24|54.01|54.21|74
2021.06.24 20:30:00|54.21|54.29|54.2|54.25|91
2021.06.24 21:30:00|54.26|54.26|54.16|54.2|72
2021.06.24 22:30:00|54.18|54.27|54.18|54.26|103
2021.06.25 16:30:00|54.18|54.24|53.89|53.97|768
2021.06.25 17:30:00|53.96|54.07|53.94|54.04|98
2021.06.25 18:30:00|54.03|54.08|54.02|54.05|40
2021.06.25 19:30:00|54.06|54.1|54.05|54.1|33
2021.06.25 20:30:00|54.11|54.21|54.09|54.21|65
2021.06.25 21:30:00|54.2|54.25|54.16|54.2|75
2021.06.25 22:30:00|54.2|54.34|54.17|54.18|225
2021.06.28 16:30:00|54.04|54.2|53.97|54.14|511
2021.06.28 17:30:00|54.14|54.14|53.93|53.93|132
2021.06.28 18:30:00|53.94|54.08|53.92|54|87
2021.06.28 19:30:00|53.99|53.99|53.89|53.97|77
2021.06.28 20:30:00|53.98|54.12|53.97|54.11|71
2021.06.28 21:30:00|54.12|54.17|54.02|54.14|139
2021.06.28 22:30:00|54.13|54.17|54.09|54.14|85
2021.06.29 16:30:00|54.11|54.22|53.98|54.1|600
2021.06.29 17:30:00|54.08|54.1|53.95|53.97|123
2021.06.29 18:30:00|53.97|53.99|53.9|53.93|83
2021.06.29 19:30:00|53.91|53.92|53.69|53.69|72
2021.06.29 20:30:00|53.68|53.74|53.6|53.74|93
2021.06.29 21:30:00|53.73|53.76|53.66|53.74|101
2021.06.29 22:30:00|53.73|53.76|53.68|53.74|102
2021.06.30 16:30:00|53.77|53.88|53.65|53.66|368
2021.06.30 17:30:00|53.67|53.79|53.63|53.73|115
2021.06.30 18:30:00|53.72|53.76|53.64|53.64|108
2021.06.30 19:30:00|53.65|53.71|53.65|53.68|63
2021.06.30 20:30:00|53.69|53.84|53.69|53.78|67
2021.06.30 21:30:00|53.79|53.9|53.77|53.86|73
2021.06.30 22:30:00|53.85|54.05|53.83|53.99|187
2021.07.01 16:30:00|54.29|54.35|53.94|53.96|473
2021.07.01 17:30:00|53.97|54.07|53.96|54.05|166
2021.07.01 18:30:00|54.04|54.05|54|54.04|43
2021.07.01 19:30:00|54.04|54.04|53.95|54.02|67
2021.07.01 20:30:00|54.02|54.03|53.91|53.95|103
2021.07.01 21:30:00|53.94|53.96|53.84|53.87|86
2021.07.01 22:30:00|53.84|53.85|53.73|53.84|105
2021.07.02 16:30:00|54.03|54.33|54.01|54.21|467
2021.07.02 17:30:00|54.22|54.29|54.13|54.16|120
2021.07.02 18:30:00|54.15|54.16|54.05|54.06|101
2021.07.02 19:30:00|54.06|54.14|54.01|54.12|92
2021.07.02 20:30:00|54.11|54.17|54.1|54.12|71
2021.07.02 21:30:00|54.1|54.15|54.04|54.05|75
2021.07.02 22:30:00|54.06|54.11|53.96|54.06|106
2021.07.06 16:30:00|53.92|53.92|53.53|53.56|548
2021.07.06 17:30:00|53.55|53.6|53.43|53.57|293
2021.07.06 18:30:00|53.56|53.62|53.52|53.62|122
2021.07.06 19:30:00|53.63|53.79|53.6|53.73|164
2021.07.06 20:30:00|53.74|53.79|53.72|53.75|80
2021.07.06 21:30:00|53.76|53.9|53.73|53.87|49
2021.07.06 22:30:00|53.88|53.92|53.75|53.75|144
2021.07.07 16:30:00|53.74|54.17|53.73|54.15|904
2021.07.07 17:30:00|54.14|54.25|54.12|54.17|212
2021.07.07 18:30:00|54.18|54.22|54.05|54.06|110
2021.07.07 19:30:00|54.07|54.12|54.03|54.07|112
2021.07.07 20:30:00|54.08|54.18|54.04|54.11|276
2021.07.07 21:30:00|54.11|54.2|54.1|54.2|73
2021.07.07 22:30:00|54.2|54.24|54.15|54.2|74
2021.07.08 16:30:00|53.88|54.04|53.61|53.78|1416
2021.07.08 17:30:00|53.79|53.91|53.7|53.87|372
2021.07.08 18:30:00|53.87|53.91|53.8|53.88|194
2021.07.08 19:30:00|53.88|53.98|53.84|53.87|105
2021.07.08 20:30:00|53.86|53.86|53.78|53.82|114
2021.07.08 21:30:00|53.82|53.92|53.82|53.9|119
2021.07.08 22:30:00|53.91|54.01|53.84|54.01|174
2021.07.09 16:30:00|54.15|54.39|54.05|54.25|1193
2021.07.09 17:30:00|54.25|54.28|54.11|54.25|227
2021.07.09 18:30:00|54.26|54.37|54.17|54.18|99
2021.07.09 19:30:00|54.19|54.21|54.13|54.15|80
2021.07.09 20:30:00|54.16|54.27|54.16|54.25|62
2021.07.09 21:30:00|54.25|54.39|54.24|54.39|68
2021.07.09 22:30:00|54.38|54.38|54.3|54.33|101
2021.07.12 16:30:00|54.25|54.47|54.15|54.36|852
2021.07.12 17:30:00|54.36|54.41|54.27|54.28|161
2021.07.12 18:30:00|54.27|54.31|54.19|54.31|98
2021.07.12 19:30:00|54.31|54.34|54.28|54.34|55
2021.07.12 20:30:00|54.34|54.34|54.29|54.32|65
2021.07.12 21:30:00|54.3|54.32|54.22|54.26|86
2021.07.12 22:30:00|54.26|54.37|54.25|54.35|124
2021.07.13 16:30:00|54.69|55.1|54.66|55|1441
2021.07.13 17:30:00|54.99|55.1|54.96|55.04|324
2021.07.13 18:30:00|55.04|55.12|55|55.03|154
2021.07.13 19:30:00|55.02|55.17|55.01|55.06|168
2021.07.13 20:30:00|55.06|55.1|55|55.02|237
2021.07.13 21:30:00|55.02|55.02|54.79|54.84|195
2021.07.13 22:30:00|54.85|54.92|54.82|54.91|169
2021.07.14 16:30:00|54.86|55.34|54.86|55.34|722
2021.07.14 17:30:00|55.34|55.66|55.32|55.59|292
2021.07.14 18:30:00|55.58|55.8|55.51|55.8|182
2021.07.14 19:30:00|55.79|55.83|55.59|55.62|172
2021.07.14 20:30:00|55.63|55.91|55.62|55.91|140
2021.07.14 21:30:00|55.92|56.22|55.91|56.07|263
2021.07.14 22:30:00|56.08|56.2|56.03|56.17|225
2021.07.15 16:30:00|56.21|56.21|55.8|55.99|1239
2021.07.15 17:30:00|55.99|56.15|55.85|55.97|274
2021.07.15 18:30:00|55.96|56.18|55.93|56.18|163
2021.07.15 19:30:00|56.19|56.22|56.12|56.17|163
2021.07.15 20:30:00|56.18|56.29|56.14|56.28|139
2021.07.15 21:30:00|56.28|56.3|56.23|56.26|94
2021.07.15 22:30:00|56.25|56.34|56.13|56.31|120
2021.07.16 16:30:00|56.35|56.52|56.29|56.44|745
2021.07.16 17:30:00|56.43|56.55|56.36|56.36|225
2021.07.16 18:30:00|56.36|56.51|56.31|56.46|128
2021.07.16 19:30:00|56.46|56.48|56.36|56.39|92
2021.07.16 20:30:00|56.39|56.47|56.37|56.37|105
2021.07.16 21:30:00|56.38|56.43|56.3|56.32|142
