2021.03.29 18:00:00|73.66|73.73999999999999|73.62|73.7|222
2021.03.30 10:00:00|74.19|74.41|74.02|74.20999999999999|315
2021.03.30 11:00:00|74.2|74.64|74.2|74.5|308
2021.03.30 12:00:00|74.5|74.56|74.23|74.25|233
2021.03.30 13:00:00|74.23999999999999|74.41|74.23999999999999|74.34999999999999|171
2021.03.30 14:00:00|74.29000000000001|74.48999999999999|74.26000000000001|74.45|173
2021.03.30 15:00:00|74.47|74.68000000000001|74.38|74.63|230
2021.03.30 16:00:00|74.61|74.77|74.37|74.72|378
2021.03.30 17:00:00|74.73|75.45999999999999|74.69|75.45999999999999|636
2021.03.30 18:00:00|75.44|75.75|75.38|75.72|367
2021.03.31 10:00:00|75.83|76.13|75.61|75.87|654
2021.03.31 11:00:00|75.86|76.09|75.8|76.06|347
2021.03.31 12:00:00|76.08|76.08|75.73999999999999|75.92|450
2021.03.31 13:00:00|75.93000000000001|76.2|75.92|76.18000000000001|315
2021.03.31 14:00:00|76.17|76.17|75.77|75.86|321
2021.03.31 15:00:00|75.84|75.98|75.55|75.93000000000001|516
2021.03.31 16:00:00|75.93000000000001|76|75.72|75.83|654
2021.03.31 17:00:00|75.84|75.89|75.62|75.79000000000001|610
2021.03.31 18:00:00|75.79000000000001|76.01000000000001|75.70999999999999|75.79000000000001|366
2021.04.01 10:00:00|74.83|75.56|74.83|75.23|413
2021.04.01 11:00:00|75.23|75.23999999999999|74.56|74.61|384
2021.04.01 12:00:00|74.59999999999999|74.62|74.22|74.37|407
2021.04.01 13:00:00|74.38|74.47|74.23|74.29000000000001|290
2021.04.01 14:00:00|74.31|74.48|74.23999999999999|74.45999999999999|242
2021.04.01 15:00:00|74.47|74.7|74.38|74.62|237
2021.04.01 16:00:00|74.61|74.98999999999999|74.53|74.97|453
2021.04.01 17:00:00|74.98999999999999|75.48|74.84|75.23999999999999|548
2021.04.01 18:00:00|75.23999999999999|75.26000000000001|75.12|75.23999999999999|263
2021.04.06 10:00:00|76.20999999999999|76.76000000000001|75.91|75.93000000000001|732
2021.04.06 11:00:00|75.95|76.37|75.86|76.16|456
2021.04.06 12:00:00|76.14|76.40000000000001|75.95|76.31|338
2021.04.06 13:00:00|76.31|76.5|76.31|76.43000000000001|355
2021.04.06 14:00:00|76.44|76.56999999999999|76.34999999999999|76.43000000000001|301
2021.04.06 15:00:00|76.43000000000001|76.43000000000001|75.97|76.06999999999999|445
2021.04.06 16:00:00|76.06999999999999|76.17|75.93000000000001|75.98999999999999|480
2021.04.06 17:00:00|75.98999999999999|76.09999999999999|75.76000000000001|75.77|719
2021.04.06 18:00:00|75.76000000000001|75.76000000000001|75.31999999999999|75.43000000000001|409
2021.04.07 10:00:00|75.70999999999999|76.55|75.7|76.27|545
2021.04.07 11:00:00|76.25|76.38|76.09|76.37|324
2021.04.07 12:00:00|76.34999999999999|76.47|75.92|75.94|348
2021.04.07 13:00:00|75.95|76.16|75.73999999999999|75.78|235
2021.04.07 14:00:00|75.75|75.89|75.64|75.64|195
2021.04.07 15:00:00|75.65000000000001|75.73999999999999|75.31999999999999|75.34|231
2021.04.07 16:00:00|75.39|75.56999999999999|75.31|75.45|290
2021.04.07 17:00:00|75.44|75.70999999999999|75.39|75.58|316
2021.04.07 18:00:00|75.56999999999999|75.64|75.53|75.59999999999999|140
2021.04.08 10:00:00|76.38|76.5|75.48999999999999|75.64|403
2021.04.08 11:00:00|75.65000000000001|75.76000000000001|74.93000000000001|75.23|482
2021.04.08 12:00:00|75.20999999999999|75.42|75.12|75.20999999999999|314
2021.04.08 13:00:00|75.20999999999999|75.23999999999999|73.97|73.97|458
2021.04.08 14:00:00|74.09999999999999|74.37|73.98999999999999|74.01000000000001|389
2021.04.08 15:00:00|74|74.09999999999999|73.66|73.77|457
2021.04.08 16:00:00|73.76000000000001|73.97|73.22|73.56999999999999|618
2021.04.08 17:00:00|73.58|74.09999999999999|73.40000000000001|74.06|642
2021.04.08 18:00:00|74.05|74.54000000000001|73.98999999999999|74.38|486
2021.04.09 10:00:00|74.51000000000001|74.91|74.27|74.56999999999999|643
2021.04.09 11:00:00|74.56|74.69|74.36|74.64|410
2021.04.09 12:00:00|74.65000000000001|74.95999999999999|74.58|74.95|296
2021.04.09 13:00:00|74.95999999999999|75.41|74.87|75.02|326
2021.04.09 14:00:00|75.03|75.19|74.84999999999999|74.89|206
2021.04.09 15:00:00|74.90000000000001|74.98|74.56999999999999|74.65000000000001|265
2021.04.09 16:00:00|74.64|74.79000000000001|74.34|74.47|334
2021.04.09 17:00:00|74.48|74.7|74.40000000000001|74.56999999999999|284
2021.04.09 18:00:00|74.56|74.86|74.53|74.84|200
2021.04.12 10:00:00|75.20999999999999|75.7|75.04000000000001|75.56999999999999|565
2021.04.12 11:00:00|75.59|76.01000000000001|75.59|75.98|397
2021.04.12 12:00:00|75.97|76.27|75.66|76.26000000000001|367
2021.04.12 13:00:00|76.25|76.34999999999999|76.11|76.26000000000001|274
2021.04.12 14:00:00|76.25|76.29000000000001|76.11|76.26000000000001|280
2021.04.12 15:00:00|76.25|76.66|76.19|76.64|292
2021.04.12 16:00:00|76.64|76.84|76.43000000000001|76.58|505
2021.04.12 17:00:00|76.59|76.84|76.26000000000001|76.42|516
2021.04.12 18:00:00|76.41|76.41|76.05|76.08|320
2021.04.13 10:00:00|76.48999999999999|76.51000000000001|76.11|76.27|483
2021.04.13 11:00:00|76.25|76.56|76.19|76.45999999999999|318
2021.04.13 12:00:00|76.45|76.89|76.41|76.87|269
2021.04.13 13:00:00|76.86|76.86|76.33|76.45999999999999|387
2021.04.13 14:00:00|76.38|76.44|76.06999999999999|76.26000000000001|321
2021.04.13 15:00:00|76.25|76.45999999999999|76.19|76.34|261
2021.04.13 16:00:00|76.34999999999999|76.38|75.88|75.95999999999999|438
2021.04.13 17:00:00|75.98|76.09|75.81999999999999|75.97|486
2021.04.13 18:00:00|76|76.02|75.77|75.86|199
2021.04.14 10:00:00|75.42|75.62|75.01000000000001|75.09|503
2021.04.14 11:00:00|75.08|75.41|75.04000000000001|75.31999999999999|312
2021.04.14 12:00:00|75.3|75.47|75.15000000000001|75.34|307
2021.04.14 13:00:00|75.33|75.41|75.15000000000001|75.29000000000001|223
2021.04.14 14:00:00|75.31999999999999|75.39|75.14|75.16|163
2021.04.14 15:00:00|75.15000000000001|75.22|74.87|74.94|215
2021.04.14 16:00:00|74.93000000000001|75.72|74.93000000000001|75.59999999999999|455
2021.04.14 17:00:00|75.58|75.8|75.43000000000001|75.70999999999999|386
2021.04.14 18:00:00|75.7|75.75|75.42|75.51000000000001|236
2021.04.15 10:00:00|75.65000000000001|75.79000000000001|75.37|75.45999999999999|333
2021.04.15 11:00:00|75.48|75.76000000000001|75.38|75.40000000000001|302
2021.04.15 12:00:00|75.39|75.55|75.23|75.36|276
2021.04.15 13:00:00|75.34999999999999|75.52|75.20999999999999|75.52|299
2021.04.15 14:00:00|75.51000000000001|75.59|75.20999999999999|75.48|353
2021.04.15 15:00:00|75.48|75.64|75.38|75.41|296
2021.04.15 16:00:00|75.42|75.48999999999999|75.03|75.14|338
2021.04.15 17:00:00|75.13|75.53|75.02|75.43000000000001|334
2021.04.15 18:00:00|75.45|75.48999999999999|75.23|75.27|193
2021.04.16 10:00:00|76.84999999999999|77.43000000000001|76.67|77.09|680
2021.04.16 11:00:00|77.15000000000001|77.40000000000001|76.98999999999999|77.04000000000001|362
2021.04.16 12:00:00|77.05|77.78|77.03|77.43000000000001|559
2021.04.16 13:00:00|77.43000000000001|77.78|77.40000000000001|77.58|390
2021.04.16 14:00:00|77.56|77.75|77.27|77.51000000000001|382
2021.04.16 15:00:00|77.5|77.54000000000001|77.09999999999999|77.11|339
2021.04.16 16:00:00|77.12|77.25|76.81|77.23999999999999|449
2021.04.16 17:00:00|77.25|77.87|77.15000000000001|77.41|717
2021.04.16 18:00:00|77.40000000000001|77.52|77.2|77.25|282
2021.04.19 10:00:00|77.7|77.88|76.86|76.87|461
2021.04.19 11:00:00|76.84|76.94|76.37|76.38|305
2021.04.19 12:00:00|76.33|76.45|76.13|76.34|306
2021.04.19 13:00:00|76.33|76.45|76.12|76.15000000000001|225
2021.04.19 14:00:00|76.16|76.59999999999999|76.15000000000001|76.54000000000001|235
2021.04.19 15:00:00|76.53|76.73|76.48999999999999|76.5|281
2021.04.19 16:00:00|76.48|76.56|76.16|76.16|392
2021.04.19 17:00:00|76.15000000000001|76.18000000000001|75.7|75.78|664
2021.04.19 18:00:00|75.79000000000001|76|75.62|75.92|339
2021.04.20 10:00:00|76.61|77.13|76.34|76.34|602
2021.04.20 11:00:00|76.34999999999999|76.63|76.05|76.2|339
2021.04.20 12:00:00|76.18000000000001|76.2|75.11|75.14|544
2021.04.20 13:00:00|75.13|75.38|75.06|75.28|299
2021.04.20 14:00:00|75.28|75.3|74.47|74.77|338
2021.04.20 15:00:00|74.78|74.95|74.56|74.66|319
2021.04.20 16:00:00|74.65000000000001|74.89|74.53|74.59|421
2021.04.20 17:00:00|74.58|74.65000000000001|73.48999999999999|73.88|949
2021.04.20 18:00:00|73.87|73.97|73.5|73.55|446
2021.04.21 10:00:00|73.73999999999999|74.33|73.67|74.03|517
2021.04.21 11:00:00|74|74.09999999999999|73.61|73.77|311
2021.04.21 12:00:00|73.78|73.81|73.36|73.47|302
2021.04.21 13:00:00|73.48|73.88|73.25|73.88|276
2021.04.21 14:00:00|73.89|73.92|73.16|73.2|241
2021.04.21 15:00:00|73.19|73.25|72.01000000000001|72.3|496
2021.04.21 16:00:00|72.41|72.98999999999999|72.25|72.93000000000001|646
2021.04.21 17:00:00|72.95|73.39|72.81|73.34999999999999|515
2021.04.21 18:00:00|73.36|73.58|73.29000000000001|73.53|270
2021.04.22 10:00:00|74.22|74.51000000000001|73.33|73.41|392
2021.04.22 11:00:00|73.40000000000001|73.78|73.40000000000001|73.59999999999999|291
2021.04.22 12:00:00|73.59|73.81|73.45999999999999|73.8|246
2021.04.22 13:00:00|73.81999999999999|73.84|73.38|73.42|203
2021.04.22 14:00:00|73.38|73.56999999999999|73.34|73.51000000000001|326
2021.04.22 15:00:00|73.51000000000001|73.72|73.37|73.42|322
2021.04.22 16:00:00|73.41|73.55|72.93000000000001|73.3|595
2021.04.22 17:00:00|73.31|73.65000000000001|73.06999999999999|73.45|417
2021.04.22 18:00:00|73.43000000000001|73.70999999999999|73.42|73.59|222
2021.04.23 10:00:00|74.56|75.06|73.81|73.81|751
2021.04.23 11:00:00|73.75|74.5|73.7|74.44|374
2021.04.23 12:00:00|74.45999999999999|74.69|74.26000000000001|74.62|353
2021.04.23 13:00:00|74.63|74.92|74.48|74.63|409
2021.04.23 14:00:00|74.62|74.69|73.91|73.95|305
2021.04.23 15:00:00|73.93000000000001|73.94|72.95999999999999|73.01000000000001|496
2021.04.23 16:00:00|73|73.48|72.56|73.41|503
2021.04.23 17:00:00|73.42|73.92|73.34|73.55|450
2021.04.23 18:00:00|73.55|73.76000000000001|73.54000000000001|73.56999999999999|226
2021.04.26 10:00:00|74.08|74.23|72.92|73.48|569
2021.04.26 11:00:00|73.51000000000001|74.06999999999999|73.29000000000001|73.31|442
2021.04.26 12:00:00|73.27|73.5|73.20999999999999|73.5|314
2021.04.26 13:00:00|73.48999999999999|73.56|73.06999999999999|73.23|322
2021.04.26 14:00:00|73.23999999999999|73.72|73.23999999999999|73.61|275
2021.04.26 15:00:00|73.58|73.73999999999999|73.51000000000001|73.52|252
2021.04.26 16:00:00|73.51000000000001|73.91|73.43000000000001|73.79000000000001|400
2021.04.26 17:00:00|73.78|74.13|73.59|74.13|449
2021.04.26 18:00:00|74.12|74.63|74.08|74.58|497
2021.04.27 10:00:00|74.55|74.70999999999999|73.93000000000001|74|492
2021.04.27 11:00:00|73.98999999999999|74.41|73.98999999999999|74.40000000000001|429
2021.04.27 12:00:00|74.37|74.41|73.89|73.89|661
2021.04.27 13:00:00|73.86|74.33|73.78|74.2|237
2021.04.27 14:00:00|74.22|74.36|74.18000000000001|74.27|168
2021.04.27 15:00:00|74.28|74.47|74.19|74.3|187
2021.04.27 16:00:00|74.28|74.65000000000001|74.16|74.56999999999999|471
2021.04.27 17:00:00|74.54000000000001|74.73999999999999|74.42|74.65000000000001|436
2021.04.27 18:00:00|74.64|74.76000000000001|74.5|74.51000000000001|215
2021.04.28 10:00:00|74.95|75.23|74.63|74.67|358
2021.04.28 11:00:00|74.68000000000001|75.05|74.58|75.01000000000001|262
2021.04.28 12:00:00|75.01000000000001|75.3|74.95999999999999|75.17|303
2021.04.28 13:00:00|75.18000000000001|75.23|75.05|75.16|226
2021.04.28 14:00:00|75.15000000000001|75.29000000000001|75.08|75.12|252
2021.04.28 15:00:00|75.12|75.22|75.05|75.16|235
2021.04.28 16:00:00|75.18000000000001|75.23|74.93000000000001|75.19|446
2021.04.28 17:00:00|75.20999999999999|75.45|75.05|75.39|406
2021.04.28 18:00:00|75.38|75.38|75.13|75.19|266
2021.04.29 10:00:00|74.90000000000001|75.03|73.34999999999999|73.93000000000001|964
2021.04.29 11:00:00|73.95|74.31|73.87|73.95999999999999|344
2021.04.29 12:00:00|73.97|74|73.69|73.81|350
2021.04.29 13:00:00|73.8|73.98|73.63|73.7|348
2021.04.29 14:00:00|73.67|73.90000000000001|73.66|73.83|426
2021.04.29 15:00:00|73.81999999999999|74.04000000000001|73.77|74.01000000000001|269
2021.04.29 16:00:00|74|74.12|73.48|73.48|599
2021.04.29 17:00:00|73.44|73.58|72.77|73.09999999999999|915
2021.04.29 18:00:00|73.09|73.73|73.06|73.65000000000001|576
2021.04.30 10:00:00|73.36|74.58|73.36|74.31999999999999|479
2021.04.30 11:00:00|74.34|74.36|73.88|73.92|309
2021.04.30 12:00:00|73.91|74.09|73.66|73.83|345
2021.04.30 13:00:00|73.81999999999999|73.94|73.70999999999999|73.81999999999999|252
2021.04.30 14:00:00|73.84|73.97|73.73999999999999|73.94|185
2021.04.30 15:00:00|73.92|74.06999999999999|73.79000000000001|74.04000000000001|223
2021.04.30 16:00:00|74.02|74.06999999999999|73.81|74.05|327
2021.04.30 17:00:00|74.06999999999999|74.53|73.86|73.92|401
2021.04.30 18:00:00|73.90000000000001|74.3|73.86|74.06|362
2021.05.03 10:00:00|74.15000000000001|74.86|73.91|74.54000000000001|364
2021.05.03 11:00:00|74.55|74.70999999999999|74.09999999999999|74.09999999999999|312
2021.05.03 12:00:00|74.11|74.26000000000001|73.91|74.13|393
2021.05.03 13:00:00|74.11|74.79000000000001|74.09999999999999|74.54000000000001|267
2021.05.03 14:00:00|74.55|74.97|74.51000000000001|74.84999999999999|260
2021.05.03 15:00:00|74.86|74.92|74.73|74.8|224
2021.05.03 16:00:00|74.79000000000001|74.97|74.58|74.59|209
2021.05.03 17:00:00|74.56999999999999|74.59999999999999|74.22|74.25|275
2021.05.03 18:00:00|74.26000000000001|74.37|74.19|74.31|204
2021.05.04 10:00:00|74.41|74.87|74.31|74.59999999999999|428
2021.05.04 11:00:00|74.56999999999999|74.58|74.3|74.41|189
2021.05.04 12:00:00|74.39|74.41|74.27|74.31999999999999|153
2021.05.04 13:00:00|74.31999999999999|74.69|74.29000000000001|74.61|152
2021.05.04 14:00:00|74.61|74.91|73.94|74.09999999999999|541
2021.05.04 15:00:00|74.09|74.16|73.47|73.56|463
2021.05.04 16:00:00|73.55|73.73999999999999|72.75|72.94|836
2021.05.04 17:00:00|72.93000000000001|73.09|72.44|72.56999999999999|847
2021.05.04 18:00:00|72.55|72.7|72.22|72.23999999999999|380
2021.05.05 10:00:00|70.33|71.20999999999999|70.01000000000001|70.98999999999999|1541
2021.05.05 11:00:00|71.01000000000001|71.19|70.70999999999999|70.98999999999999|645
2021.05.05 12:00:00|71|71.16|70.68000000000001|70.79000000000001|579
2021.05.05 13:00:00|70.8|71.05|70.61|70.90000000000001|482
2021.05.05 14:00:00|70.88|71.17|70.83|71.06999999999999|518
2021.05.05 15:00:00|71.06|71.51000000000001|70.97|71.48|716
2021.05.05 16:00:00|71.47|71.79000000000001|71.26000000000001|71.69|893
2021.05.05 17:00:00|71.68000000000001|71.86|71.23|71.8|918
2021.05.05 18:00:00|71.81999999999999|72.25|71.75|72.12|522
2021.05.06 10:00:00|72.72|72.84|71.94|72.44|712
2021.05.06 11:00:00|72.43000000000001|72.59|71.95|72|439
2021.05.06 12:00:00|71.98|72.2|71.27|71.45|571
2021.05.06 13:00:00|71.44|71.81|71.31|71.67|449
2021.05.06 14:00:00|71.68000000000001|72.09|71.67|71.97|348
2021.05.06 15:00:00|71.95999999999999|72.29000000000001|71.90000000000001|72.14|298
2021.05.06 16:00:00|72.15000000000001|72.65000000000001|72.05|72.09|487
2021.05.06 17:00:00|72.08|72.42|71.92|72.20999999999999|503
2021.05.06 18:00:00|72.2|72.5|72|72.5|293
2021.05.07 10:00:00|73.17|73.44|72.70999999999999|72.79000000000001|674
2021.05.07 11:00:00|72.77|73.03|72.64|73.03|382
2021.05.07 12:00:00|73.06|73.26000000000001|72.87|73.25|294
2021.05.07 13:00:00|73.26000000000001|73.38|73.14|73.31999999999999|275
2021.05.07 14:00:00|73.3|73.38|73.05|73.05|270
2021.05.07 15:00:00|73.06|73.09|72.22|72.5|396
2021.05.07 16:00:00|72.48999999999999|72.56|72.02|72.43000000000001|407
2021.05.07 17:00:00|72.44|72.91|72.11|72.91|476
2021.05.07 18:00:00|72.91|73.33|72.84|73.20999999999999|463
2021.05.10 10:00:00|73.56|73.69|73.3|73.36|444
2021.05.10 11:00:00|73.34999999999999|73.61|73.29000000000001|73.58|281
2021.05.10 12:00:00|73.58|73.73|73.39|73.39|295
2021.05.10 13:00:00|73.40000000000001|73.56|73.27|73.52|215
2021.05.10 14:00:00|73.48999999999999|73.78|73.48|73.62|298
2021.05.10 15:00:00|73.61|73.72|73.41|73.56999999999999|345
2021.05.10 16:00:00|73.56999999999999|73.77|73.37|73.41|484
2021.05.10 17:00:00|73.42|73.77|73.33|73.65000000000001|559
2021.05.10 18:00:00|73.64|73.83|73.62|73.8|258
2021.05.11 10:00:00|72.83|72.84|71.47|71.89|635
2021.05.11 11:00:00|71.87|71.89|71.43000000000001|71.73|357
2021.05.11 12:00:00|71.75|72.13|71.7|71.7|327
2021.05.11 13:00:00|71.70999999999999|71.91|71.65000000000001|71.78|273
2021.05.11 14:00:00|71.77|71.86|71.48999999999999|71.59|323
2021.05.11 15:00:00|71.62|71.95999999999999|71.56999999999999|71.93000000000001|375
2021.05.11 16:00:00|71.92|72.69|71.76000000000001|72.64|467
2021.05.11 17:00:00|72.65000000000001|72.70999999999999|71.62|71.76000000000001|647
2021.05.11 18:00:00|71.75|72.11|71.62|72.01000000000001|320
2021.05.12 10:00:00|72.04000000000001|72.68000000000001|71.53|72.55|598
2021.05.12 11:00:00|72.55|72.63|72.11|72.16|405
2021.05.12 12:00:00|72.17|72.2|71.79000000000001|72.05|290
2021.05.12 13:00:00|72.04000000000001|72.28|71.98|72.05|235
2021.05.12 14:00:00|72.06|72.39|72.06|72.36|169
2021.05.12 15:00:00|72.34|72.7|71.79000000000001|72.51000000000001|563
2021.05.12 16:00:00|72.52|73.14|72.45|72.84|567
2021.05.12 17:00:00|72.83|73.09999999999999|72.73999999999999|72.81999999999999|411
2021.05.12 18:00:00|72.84|73.09999999999999|72.81999999999999|72.91|244
2021.05.13 10:00:00|71.81999999999999|72.03|70.45|70.56999999999999|1055
2021.05.13 11:00:00|70.58|70.64|69.94|70.28|774
2021.05.13 12:00:00|70.34|70.70999999999999|70.34|70.48999999999999|480
2021.05.13 13:00:00|70.48999999999999|70.94|70.33|70.83|411
2021.05.13 14:00:00|70.84999999999999|71.48999999999999|70.79000000000001|71.37|367
2021.05.13 15:00:00|71.34999999999999|71.92|71.31999999999999|71.77|308
2021.05.13 16:00:00|71.79000000000001|72.47|71.68000000000001|72.40000000000001|463
2021.05.13 17:00:00|72.41|72.63|72.29000000000001|72.45999999999999|434
2021.05.13 18:00:00|72.47|72.5|72.15000000000001|72.17|314
2021.05.14 10:00:00|72.56999999999999|72.59999999999999|71.92|71.93000000000001|442
2021.05.14 11:00:00|71.91|72.33|71.72|72.28|345
2021.05.14 12:00:00|72.26000000000001|72.84|72.26000000000001|72.76000000000001|232
2021.05.14 13:00:00|72.77|73.18000000000001|72.7|73.09999999999999|185
2021.05.14 14:00:00|73.06999999999999|73.3|73.04000000000001|73.06999999999999|211
2021.05.14 15:00:00|73.09|73.47|73.08|73.41|244
2021.05.14 16:00:00|73.41|73.98|73.39|73.87|482
2021.05.14 17:00:00|73.88|73.89|73.42|73.65000000000001|457
2021.05.14 18:00:00|73.64|73.81|73.53|73.76000000000001|201
2021.05.17 10:00:00|74.05|74.62|73.86|74.44|402
2021.05.17 11:00:00|74.45|74.55|74.19|74.26000000000001|283
2021.05.17 12:00:00|74.28|74.28|73.68000000000001|73.73|284
2021.05.17 13:00:00|73.72|73.73999999999999|73.47|73.5|239
2021.05.17 14:00:00|73.5|73.84999999999999|73.48|73.69|219
2021.05.17 15:00:00|73.70999999999999|73.87|73.56999999999999|73.81|177
2021.05.17 16:00:00|73.81|74.2|73.81|73.91|289
2021.05.17 17:00:00|73.88|74.42|73.84999999999999|74.26000000000001|328
2021.05.17 18:00:00|74.23999999999999|74.3|74.04000000000001|74.26000000000001|200
2021.05.18 10:00:00|74.84|75.41|74.34999999999999|75.01000000000001|451
2021.05.18 11:00:00|74.98|75.16|74.89|74.97|291
2021.05.18 12:00:00|74.98|75.41|74.95999999999999|75.33|297
2021.05.18 13:00:00|75.31999999999999|75.48|75.25|75.26000000000001|236
2021.05.18 14:00:00|75.26000000000001|75.5|75.15000000000001|75.17|313
2021.05.18 15:00:00|75.19|75.23|74.7|74.8|339
2021.05.18 16:00:00|74.79000000000001|74.79000000000001|74.19|74.31999999999999|393
2021.05.18 17:00:00|74.33|74.52|74.02|74.43000000000001|456
2021.05.18 18:00:00|74.41|74.88|74.34|74.79000000000001|232
2021.05.19 10:00:00|73.69|73.91|73.09999999999999|73.59999999999999|417
2021.05.19 11:00:00|73.56|73.76000000000001|73.06999999999999|73.2|279
2021.05.19 12:00:00|73.19|73.52|73.13|73.17|261
2021.05.19 13:00:00|73.19|73.3|73.08|73.22|202
2021.05.19 14:00:00|73.19|73.28|72.63|72.64|277
2021.05.19 15:00:00|72.65000000000001|72.89|72.20999999999999|72.26000000000001|307
2021.05.19 16:00:00|72.23999999999999|72.5|71.91|72.17|638
2021.05.19 17:00:00|72.16|72.31999999999999|71.8|72.22|811
2021.05.19 18:00:00|72.20999999999999|72.73999999999999|72.20999999999999|72.51000000000001|347
2021.05.20 10:00:00|73.15000000000001|73.59|72.97|73.54000000000001|412
2021.05.20 11:00:00|73.53|73.62|73.11|73.28|379
2021.05.20 12:00:00|73.25|73.45|72.98999999999999|73.16|323
2021.05.20 13:00:00|73.15000000000001|73.62|72.98|73.51000000000001|248
2021.05.20 14:00:00|73.52|74.2|73.48999999999999|74.2|259
2021.05.20 15:00:00|74.19|74.66|73.92|74.34999999999999|455
2021.05.20 16:00:00|74.36|74.98999999999999|74.28|74.88|463
2021.05.20 17:00:00|74.89|74.93000000000001|74.63|74.81999999999999|653
2021.05.20 18:00:00|74.83|74.89|74.61|74.86|441
2021.05.21 10:00:00|75.55|75.97|75.28|75.42|627
2021.05.21 11:00:00|75.42|75.77|75.40000000000001|75.63|366
2021.05.21 12:00:00|75.62|75.73|75.34|75.43000000000001|538
2021.05.21 13:00:00|75.43000000000001|75.59999999999999|75.33|75.45|222
2021.05.21 14:00:00|75.45|75.76000000000001|75.34999999999999|75.72|264
2021.05.21 15:00:00|75.70999999999999|75.78|75.45|75.59|285
2021.05.21 16:00:00|75.58|75.88|75.48|75.81|363
2021.05.21 17:00:00|75.81999999999999|75.84|75.54000000000001|75.72|406
2021.05.21 18:00:00|75.73|75.73|75.43000000000001|75.54000000000001|230
2021.05.25 10:00:00|76.11|76.55|75.97|76.19|467
2021.05.25 11:00:00|76.18000000000001|76.70999999999999|76.18000000000001|76.45999999999999|278
2021.05.25 12:00:00|76.45|76.61|76.20999999999999|76.59|233
2021.05.25 13:00:00|76.59999999999999|76.75|76.5|76.69|189
2021.05.25 14:00:00|76.7|76.76000000000001|76.19|76.19|267
2021.05.25 15:00:00|76.19|76.51000000000001|76.17|76.36|271
2021.05.25 16:00:00|76.34|76.89|76.33|76.56|410
2021.05.25 17:00:00|76.55|76.94|76.52|76.86|503
2021.05.25 18:00:00|76.84|76.84|76.51000000000001|76.54000000000001|307
2021.05.26 10:00:00|76.81|77.53|76.73999999999999|77.52|413
2021.05.26 11:00:00|77.52|77.56|76.89|77.33|356
2021.05.26 12:00:00|77.34|77.37|76.40000000000001|76.45999999999999|423
2021.05.26 13:00:00|76.48|76.66|76.39|76.42|223
2021.05.26 14:00:00|76.40000000000001|76.51000000000001|76.14|76.33|221
2021.05.26 15:00:00|76.34|76.73999999999999|76.34|76.63|279
2021.05.26 16:00:00|76.64|76.89|76.55|76.78|523
2021.05.26 17:00:00|76.77|77.36|76.75|77.31999999999999|462
2021.05.26 18:00:00|77.31999999999999|77.42|77.26000000000001|77.31999999999999|252
2021.05.27 10:00:00|76.95|77.34|76.59|76.75|368
2021.05.27 11:00:00|76.76000000000001|76.84|76.06999999999999|76.09999999999999|410
2021.05.27 12:00:00|76.09|76.63|76.03|76.58|424
2021.05.27 13:00:00|76.56999999999999|76.81|76.56999999999999|76.63|377
2021.05.27 14:00:00|76.64|76.93000000000001|76.64|76.78|255
2021.05.27 15:00:00|76.79000000000001|77.29000000000001|76.70999999999999|77.29000000000001|353
2021.05.27 16:00:00|77.33|78.29000000000001|77.31999999999999|78.13|682
2021.05.27 17:00:00|78.14|78.33|77.81999999999999|77.84999999999999|610
2021.05.27 18:00:00|77.86|77.88|77.58|77.58|321
2021.05.28 10:00:00|77.81|77.83|76.92|77.03|411
2021.05.28 11:00:00|77.02|77.08|76.81999999999999|77|321
2021.05.28 12:00:00|76.98999999999999|77.23999999999999|76.87|77.09999999999999|299
2021.05.28 13:00:00|77.09999999999999|77.16|76.84999999999999|76.93000000000001|253
2021.05.28 14:00:00|76.89|77.04000000000001|76.63|76.68000000000001|261
2021.05.28 15:00:00|76.69|77.02|76.65000000000001|76.94|328
2021.05.28 16:00:00|76.95|77|76.43000000000001|76.45|483
2021.05.28 17:00:00|76.44|76.95|76.08|76.91|682
2021.05.28 18:00:00|76.92|76.95|76.59999999999999|76.63|250
2021.05.31 10:00:00|76.48999999999999|76.59|76.09|76.51000000000001|161
2021.05.31 11:00:00|76.48|76.58|76.31|76.33|121
2021.05.31 12:00:00|76.33|76.51000000000001|76.16|76.19|164
2021.05.31 13:00:00|76.25|76.68000000000001|76.25|76.62|141
2021.05.31 14:00:00|76.65000000000001|76.76000000000001|76.54000000000001|76.56999999999999|98
2021.05.31 15:00:00|76.54000000000001|76.55|76.45|76.5|119
2021.05.31 16:00:00|76.5|76.76000000000001|76.48|76.55|136
2021.05.31 17:00:00|76.54000000000001|76.64|76.3|76.3|182
2021.05.31 18:00:00|76.28|76.31999999999999|75.95999999999999|75.98999999999999|176
2021.06.01 10:00:00|77.08|78.29000000000001|77.08|78.05|575
2021.06.01 11:00:00|78.06|78.23999999999999|77.66|77.86|367
2021.06.01 12:00:00|77.87|78.22|77.87|78.18000000000001|381
2021.06.01 13:00:00|78.19|78.31999999999999|78.09|78.22|369
2021.06.01 14:00:00|78.2|78.29000000000001|78.04000000000001|78.18000000000001|263
2021.06.01 15:00:00|78.16|78.29000000000001|77.94|78.05|249
2021.06.01 16:00:00|78.04000000000001|78.15000000000001|77.90000000000001|78.03|331
2021.06.01 17:00:00|78.03|78.19|77.95|78.06999999999999|417
2021.06.01 18:00:00|78.08|78.09999999999999|77.93000000000001|78.03|216
2021.06.02 10:00:00|78.13|78.41|77.79000000000001|77.88|469
2021.06.02 11:00:00|77.84999999999999|78.11|77.81999999999999|77.98|256
2021.06.02 12:00:00|77.97|78.14|77.83|78.09|296
2021.06.02 13:00:00|78.09999999999999|78.42|77.98999999999999|78.42|360
2021.06.02 14:00:00|78.37|78.40000000000001|78.16|78.27|208
2021.06.02 15:00:00|78.25|78.48|78.09999999999999|78.48|276
2021.06.02 16:00:00|78.48999999999999|78.67|78.23|78.34999999999999|444
2021.06.02 17:00:00|78.34|78.73999999999999|78.3|78.67|309
2021.06.02 18:00:00|78.68000000000001|78.7|78.53|78.56|174
2021.06.03 10:00:00|78.7|79.01000000000001|78.45|78.86|322
2021.06.03 11:00:00|78.84999999999999|79.44|78.84|79.37|278
2021.06.03 12:00:00|79.38|79.54000000000001|79.09|79.41|272
2021.06.03 13:00:00|79.40000000000001|79.42|78.91|79.12|236
2021.06.03 14:00:00|79.09|79.09999999999999|78.65000000000001|78.68000000000001|284
2021.06.03 15:00:00|78.66|79.33|78.58|79.22|319
2021.06.03 16:00:00|79.23|79.70999999999999|79.19|79.65000000000001|540
2021.06.03 17:00:00|79.59|80.12|79.59|80.09999999999999|555
2021.06.03 18:00:00|80.09|80.13|79.84|79.95999999999999|321
2021.06.04 10:00:00|79.92|80.2|79.72|80.11|348
2021.06.04 11:00:00|80.12|80.13|79.40000000000001|79.44|322
2021.06.04 12:00:00|79.45|79.64|79.31|79.40000000000001|261
2021.06.04 13:00:00|79.39|79.73999999999999|79.37|79.53|189
2021.06.04 14:00:00|79.54000000000001|79.8|79.54000000000001|79.73|169
2021.06.04 15:00:00|79.73999999999999|79.75|79.31|79.34999999999999|255
2021.06.04 16:00:00|79.33|79.42|78.88|78.95999999999999|274
2021.06.04 17:00:00|78.97|79.51000000000001|78.91|79.47|283
2021.06.04 18:00:00|79.48|79.58|79.45|79.51000000000001|178
2021.06.07 10:00:00|79.41|80.23999999999999|79.25|79.95999999999999|301
2021.06.07 11:00:00|79.98999999999999|79.98999999999999|79.81|79.93000000000001|173
2021.06.07 12:00:00|79.94|79.97|79.64|79.64|164
2021.06.07 13:00:00|79.65000000000001|80.13|79.62|80.11|171
2021.06.07 14:00:00|80.09999999999999|80.31999999999999|79.92|80.27|190
2021.06.07 15:00:00|80.26000000000001|80.26000000000001|79.87|80.01000000000001|197
2021.06.07 16:00:00|80|80.20999999999999|79.67|80.18000000000001|269
2021.06.07 17:00:00|80.16|80.26000000000001|80.05|80.18000000000001|350
2021.06.07 18:00:00|80.19|80.27|80.03|80.13|209
2021.06.08 10:00:00|79.94|79.95999999999999|78.93000000000001|79.3|443
2021.06.08 11:00:00|79.31|79.39|79.02|79.23|238
2021.06.08 12:00:00|79.22|79.36|78.76000000000001|78.76000000000001|328
2021.06.08 13:00:00|78.76000000000001|78.86|78.16|78.8|413
2021.06.08 14:00:00|78.77|79.06999999999999|78.77|79.02|220
2021.06.08 15:00:00|79.03|79.06999999999999|78.76000000000001|78.95999999999999|235
2021.06.08 16:00:00|78.97|79|78.58|78.67|377
2021.06.08 17:00:00|78.68000000000001|79.03|78.58|79.03|433
2021.06.08 18:00:00|79.05|79.13|78.8|78.95|256
2021.06.09 10:00:00|78.88|79.29000000000001|78.66|78.75|261
2021.06.09 11:00:00|78.69|79|78.58|78.89|367
2021.06.09 12:00:00|78.88|78.88|78.3|78.33|343
2021.06.09 13:00:00|78.3|78.42|78.25|78.40000000000001|258
2021.06.09 14:00:00|78.37|78.39|77.88|78.22|225
2021.06.09 15:00:00|78.23|78.3|78.05|78.12|184
2021.06.09 16:00:00|78.14|78.28|77.47|77.56|412
2021.06.09 17:00:00|77.55|77.97|77.45999999999999|77.95|478
2021.06.09 18:00:00|77.98|78.5|77.98|78.45|374
2021.06.10 10:00:00|78.39|78.40000000000001|77.78|77.87|416
2021.06.10 11:00:00|77.87|77.95|77.45999999999999|77.89|386
2021.06.10 12:00:00|77.87|78.56|77.87|78.55|289
2021.06.10 13:00:00|78.54000000000001|78.93000000000001|78.53|78.64|300
2021.06.10 14:00:00|78.65000000000001|78.95999999999999|78.37|78.53|302
2021.06.10 15:00:00|78.52|79.06999999999999|78.5|79.06999999999999|303
2021.06.10 16:00:00|79.04000000000001|79.13|78.8|79.01000000000001|346
2021.06.10 17:00:00|79.02|79.09|77.95999999999999|78.15000000000001|467
2021.06.10 18:00:00|78.14|78.27|78.11|78.27|237
2021.06.11 10:00:00|78.31|78.73|78.28|78.56999999999999|280
2021.06.11 11:00:00|78.56999999999999|78.63|78.29000000000001|78.48|317
2021.06.11 12:00:00|78.5|78.79000000000001|78.5|78.55|317
2021.06.11 13:00:00|78.59|79.31|78.58|79.2|293
2021.06.11 14:00:00|79.22|79.36|78.83|78.94|196
2021.06.11 15:00:00|78.95|79.14|78.92|79.09999999999999|195
2021.06.11 16:00:00|79.16|79.40000000000001|79.09|79.2|249
2021.06.11 17:00:00|79.20999999999999|79.43000000000001|78.98999999999999|79.37|291
2021.06.11 18:00:00|79.34999999999999|79.64|79.25|79.54000000000001|186
2021.06.14 10:00:00|79.92|80.05|79.58|79.62|268
2021.06.14 11:00:00|79.61|79.61|79.17|79.47|284
2021.06.14 12:00:00|79.47|79.70999999999999|79.18000000000001|79.31999999999999|259
2021.06.14 13:00:00|79.31999999999999|79.56999999999999|79.15000000000001|79.41|241
2021.06.14 14:00:00|79.38|79.43000000000001|79.08|79.12|151
2021.06.14 15:00:00|79.11|79.33|79.08|79.26000000000001|192
2021.06.14 16:00:00|79.25|79.38|79.04000000000001|79.12|290
2021.06.14 17:00:00|79.14|79.34999999999999|78.95999999999999|79.02|416
2021.06.14 18:00:00|79.03|79.09999999999999|78.86|78.94|238
2021.06.15 10:00:00|78.90000000000001|79.56999999999999|78.89|79.47|312
2021.06.15 11:00:00|79.45999999999999|79.52|79.29000000000001|79.41|216
2021.06.15 12:00:00|79.38|79.56999999999999|79.29000000000001|79.33|204
2021.06.15 13:00:00|79.34|79.39|79.19|79.33|178
2021.06.15 14:00:00|79.31999999999999|79.34|79.06|79.13|242
2021.06.15 15:00:00|79.14|79.17|78.77|78.98|286
2021.06.15 16:00:00|79|79.11|78.73999999999999|79.04000000000001|354
2021.06.15 17:00:00|79.05|79.13|78.81|79|365
2021.06.15 18:00:00|78.98999999999999|79.12|78.98999999999999|79.08|192
2021.06.16 10:00:00|79.59|79.70999999999999|78.12|78.2|462
2021.06.16 11:00:00|78.18000000000001|78.18000000000001|77.63|77.84|466
2021.06.16 12:00:00|77.83|77.93000000000001|77.45999999999999|77.66|379
2021.06.16 13:00:00|77.67|78.13|77.67|77.76000000000001|314
2021.06.16 14:00:00|77.77|77.81999999999999|77.51000000000001|77.7|296
2021.06.16 15:00:00|77.7|77.70999999999999|77.38|77.56999999999999|428
2021.06.16 16:00:00|77.58|78.39|77.58|78.3|827
2021.06.16 17:00:00|78.3|78.73|78.23999999999999|78.66|554
2021.06.16 18:00:00|78.64|78.79000000000001|78.54000000000001|78.70999999999999|238
2021.06.17 10:00:00|78.8|79.8|78.77|79.45|453
2021.06.17 11:00:00|79.44|79.79000000000001|79.22|79.43000000000001|369
2021.06.17 12:00:00|79.45|79.8|79.44|79.48|278
2021.06.17 13:00:00|79.48999999999999|79.73999999999999|79.44|79.68000000000001|262
2021.06.17 14:00:00|79.65000000000001|79.89|79.63|79.81999999999999|285
2021.06.17 15:00:00|79.83|80.03|79.8|79.87|297
2021.06.17 16:00:00|79.88|80.3|79.78|79.98|613
2021.06.17 17:00:00|79.98999999999999|80.05|79.67|79.72|596
2021.06.17 18:00:00|79.70999999999999|79.73999999999999|79.29000000000001|79.48999999999999|266
2021.06.18 10:00:00|79.06|79.64|79.01000000000001|79.19|426
2021.06.18 11:00:00|79.18000000000001|79.25|78.86|78.89|338
2021.06.18 12:00:00|78.88|78.95|78.28|78.53|646
2021.06.18 13:00:00|78.56|78.56|77.87|78.2|382
2021.06.18 14:00:00|78.17|78.17|77.66|77.70999999999999|406
2021.06.18 15:00:00|77.66|77.67|77.04000000000001|77.22|509
2021.06.18 16:00:00|77.23|77.33|76.72|77.09|601
2021.06.18 17:00:00|77.06|77.12|76.68000000000001|76.88|658
2021.06.18 18:00:00|76.83|77.09999999999999|76.77|76.90000000000001|387
2021.06.21 10:00:00|76.09999999999999|76.76000000000001|75.26000000000001|76.55|923
2021.06.21 11:00:00|76.54000000000001|77.03|76.29000000000001|77.02|660
2021.06.21 12:00:00|77.01000000000001|77.52|76.81999999999999|77.41|441
2021.06.21 13:00:00|77.43000000000001|77.81999999999999|77.26000000000001|77.79000000000001|320
2021.06.21 14:00:00|77.73999999999999|78.03|77.47|77.89|373
2021.06.21 15:00:00|77.86|78.20999999999999|77.79000000000001|78.2|425
2021.06.21 16:00:00|78.19|78.81999999999999|78.16|78.5|493
2021.06.21 17:00:00|78.51000000000001|79.34999999999999|78.45999999999999|79.05|718
2021.06.21 18:00:00|79.03|79.17|78.81|79.01000000000001|384
2021.06.22 10:00:00|79.17|79.3|78.38|78.47|617
2021.06.22 11:00:00|78.48|78.77|78.45|78.62|405
2021.06.22 12:00:00|78.63|78.7|78.31999999999999|78.38|384
2021.06.22 13:00:00|78.37|78.73999999999999|78.33|78.70999999999999|371
2021.06.22 14:00:00|78.7|79.22|78.67|78.95999999999999|292
2021.06.22 15:00:00|78.97|79.09|78.88|78.94|334
2021.06.22 16:00:00|78.93000000000001|79.2|78.81999999999999|78.92|580
2021.06.22 17:00:00|78.93000000000001|79.26000000000001|78.90000000000001|79.09999999999999|464
2021.06.22 18:00:00|79.11|79.33|79.09|79.28|194
2021.06.23 10:00:00|79.36|79.78|79.05|79.16|402
2021.06.23 11:00:00|79.17|79.38|79.12|79.17|271
2021.06.23 12:00:00|79.18000000000001|79.18000000000001|78.87|79.09|267
2021.06.23 13:00:00|79.09999999999999|79.18000000000001|78.73999999999999|78.91|321
2021.06.23 14:00:00|78.83|78.98999999999999|78.69|78.91|275
2021.06.23 15:00:00|78.88|79.16|78.83|79.02|247
2021.06.23 16:00:00|79.01000000000001|79.14|78.68000000000001|78.88|383
2021.06.23 17:00:00|78.89|78.92|78.41|78.55|413
2021.06.23 18:00:00|78.56|78.59|78.19|78.37|288
2021.06.24 10:00:00|78.62|79.28|78.34|78.48|430
2021.06.24 11:00:00|78.42|79.19|78.41|79.19|302
2021.06.24 12:00:00|79.22|79.45|78.98|78.98999999999999|325
2021.06.24 13:00:00|78.95|79.11|78.7|78.73999999999999|272
2021.06.24 14:00:00|78.70999999999999|78.84|78.56999999999999|78.83|199
2021.06.24 15:00:00|78.86|79.2|78.84|79.2|255
2021.06.24 16:00:00|79.19|79.29000000000001|78.87|78.88|409
2021.06.24 17:00:00|78.87|79.02|78.63|78.67|347
2021.06.24 18:00:00|78.68000000000001|78.95999999999999|78.68000000000001|78.93000000000001|229
2021.06.25 10:00:00|78.36|78.56|77.38|77.66|431
2021.06.25 11:00:00|77.65000000000001|77.95999999999999|77.62|77.90000000000001|263
2021.06.25 12:00:00|77.91|77.95999999999999|77.5|77.7|281
2021.06.25 13:00:00|77.69|77.78|77.31999999999999|77.31999999999999|248
2021.06.25 14:00:00|77.33|77.48999999999999|77.23|77.37|247
2021.06.25 15:00:00|77.37|77.56|77.20999999999999|77.29000000000001|219
2021.06.25 16:00:00|77.31|77.38|77.16|77.19|196
2021.06.25 17:00:00|77.18000000000001|77.59999999999999|77.12|77.53|321
2021.06.25 18:00:00|77.54000000000001|77.86|77.54000000000001|77.73|200
2021.06.28 10:00:00|77.14|77.75|76.97|77.01000000000001|369
2021.06.28 11:00:00|77|77.09999999999999|76.16|76.38|392
2021.06.28 12:00:00|76.39|76.44|76.16|76.43000000000001|288
2021.06.28 13:00:00|76.45|76.47|76.13|76.27|319
2021.06.28 14:00:00|76.23999999999999|76.69|76.20999999999999|76.61|254
2021.06.28 15:00:00|76.64|76.81999999999999|76.55|76.79000000000001|131
2021.06.28 16:00:00|76.8|76.89|76.43000000000001|76.56|301
2021.06.28 17:00:00|76.53|76.62|75.75|75.90000000000001|482
2021.06.28 18:00:00|75.89|75.98|75.65000000000001|75.8|254
2021.06.29 10:00:00|75.81|76.59|75.81|76.05|497
2021.06.29 11:00:00|76.04000000000001|76.53|76.02|76.17|303
2021.06.29 12:00:00|76.17|76.5|76.14|76.41|347
2021.06.29 13:00:00|76.44|76.47|76.17|76.28|270
2021.06.29 14:00:00|76.29000000000001|76.45|76.08|76.2|250
2021.06.29 15:00:00|76.18000000000001|76.36|76.15000000000001|76.31999999999999|297
2021.06.29 16:00:00|76.33|76.81999999999999|76.33|76.43000000000001|388
2021.06.29 17:00:00|76.44|76.54000000000001|76.13|76.13|344
2021.06.29 18:00:00|76.15000000000001|76.26000000000001|76.12|76.18000000000001|187
2021.06.30 10:00:00|76.03|76.22|75.41|75.59999999999999|450
2021.06.30 11:00:00|75.63|75.65000000000001|74.53|74.76000000000001|539
2021.06.30 12:00:00|74.75|74.78|74.34999999999999|74.63|391
2021.06.30 13:00:00|74.65000000000001|75.14|74.65000000000001|74.91|299
2021.06.30 14:00:00|74.91|75.43000000000001|74.91|75.31999999999999|191
2021.06.30 15:00:00|75.33|75.38|75.2|75.2|188
2021.06.30 16:00:00|75.20999999999999|75.56|75.04000000000001|75.47|339
2021.06.30 17:00:00|75.5|75.76000000000001|75.26000000000001|75.27|487
2021.06.30 18:00:00|75.25|75.31|75.01000000000001|75.27|352
2021.07.01 10:00:00|75.41|76.2|75.28|76|637
2021.07.01 11:00:00|76.02|76.44|75.90000000000001|76.15000000000001|427
2021.07.01 12:00:00|76.16|76.23999999999999|75.91|76.06999999999999|345
2021.07.01 13:00:00|76.06|76.31|75.51000000000001|75.56|436
2021.07.01 14:00:00|75.58|76.01000000000001|75.43000000000001|75.90000000000001|340
2021.07.01 15:00:00|75.91|75.98999999999999|75.64|75.73999999999999|342
2021.07.01 16:00:00|75.75|75.95999999999999|75.36|75.59|411
2021.07.01 17:00:00|75.58|75.98|75.48999999999999|75.73|530
2021.07.01 18:00:00|75.72|75.90000000000001|75.54000000000001|75.84999999999999|299
2021.07.02 10:00:00|76.26000000000001|76.70999999999999|76.18000000000001|76.48|406
2021.07.02 11:00:00|76.48999999999999|76.56|75.92|75.98|252
2021.07.02 12:00:00|75.97|76.48|75.90000000000001|76.31999999999999|235
2021.07.02 13:00:00|76.33|76.59999999999999|76.33|76.51000000000001|221
2021.07.02 14:00:00|76.52|76.72|76.42|76.58|187
2021.07.02 15:00:00|76.56|76.76000000000001|76.34|76.45|292
2021.07.02 16:00:00|76.47|76.55|76.09|76.14|289
2021.07.02 17:00:00|76.15000000000001|76.34999999999999|76.02|76.20999999999999|338
2021.07.02 18:00:00|76.2|76.23999999999999|76.06|76.23999999999999|215
2021.07.05 10:00:00|75.51000000000001|75.56|74.84999999999999|75.19|496
2021.07.05 11:00:00|75.2|75.90000000000001|75.13|75.7|268
2021.07.05 12:00:00|75.70999999999999|75.89|75.45|75.79000000000001|181
2021.07.05 13:00:00|75.81|75.92|75.7|75.90000000000001|178
2021.07.05 14:00:00|75.91|76.11|75.87|75.95|167
2021.07.05 15:00:00|75.95999999999999|76.25|75.93000000000001|76.09999999999999|166
2021.07.05 16:00:00|76.09|76.16|75.97|76.03|214
2021.07.05 17:00:00|76.05|76.14|75.81999999999999|75.81999999999999|214
2021.07.05 18:00:00|75.81|75.91|75.75|75.81999999999999|161
2021.07.06 10:00:00|75.72|75.73|74.26000000000001|74.36|660
2021.07.06 11:00:00|74.34999999999999|74.86|74.3|74.84|514
2021.07.06 12:00:00|74.81999999999999|74.83|74.31999999999999|74.59|405
2021.07.06 13:00:00|74.56999999999999|74.58|74.11|74.28|327
2021.07.06 14:00:00|74.28|74.3|73.91|74.09|322
2021.07.06 15:00:00|74.09999999999999|74.23|74.03|74.06|278
2021.07.06 16:00:00|74.06999999999999|74.12|73.76000000000001|74.06|433
2021.07.06 17:00:00|74.05|74.05|72.68000000000001|72.70999999999999|779
2021.07.06 18:00:00|72.69|73.01000000000001|72.56|72.75|612
2021.07.07 10:00:00|73.15000000000001|73.5|72.06999999999999|72.26000000000001|681
2021.07.07 11:00:00|72.22|72.56|71.73|71.86|591
2021.07.07 12:00:00|71.84999999999999|71.97|71.40000000000001|71.41|627
2021.07.07 13:00:00|71.40000000000001|71.53|70.94|71.31|660
2021.07.07 14:00:00|71.29000000000001|71.68000000000001|71.2|71.53|532
2021.07.07 15:00:00|71.55|71.97|71.54000000000001|71.8|473
2021.07.07 16:00:00|71.81|72.36|71.78|72.03|705
2021.07.07 17:00:00|72.04000000000001|72.15000000000001|71.76000000000001|71.90000000000001|641
2021.07.07 18:00:00|71.90000000000001|72.22|71.84999999999999|72.22|354
2021.07.08 10:00:00|71.52|71.7|70.5|70.81999999999999|712
2021.07.08 11:00:00|70.83|70.84999999999999|70.34|70.69|758
2021.07.08 12:00:00|70.67|70.89|70.5|70.51000000000001|630
2021.07.08 13:00:00|70.5|70.56|69.84999999999999|70.08|627
2021.07.08 14:00:00|70.05|70.26000000000001|69.98|70.08|508
2021.07.08 15:00:00|70.06|70.41|69.72|70.06|753
2021.07.08 16:00:00|70.06999999999999|70.42|69.68000000000001|69.89|1106
2021.07.08 17:00:00|69.91|70.31|69.65000000000001|70.05|1051
2021.07.08 18:00:00|70.06|70.67|70.04000000000001|70.59999999999999|635
2021.07.09 10:00:00|71.5|71.88|70.86|71.25|709
2021.07.09 11:00:00|71.28|71.84999999999999|71.28|71.63|400
2021.07.09 12:00:00|71.64|72.03|71.38|71.56|458
2021.07.09 13:00:00|71.54000000000001|71.84|71.52|71.52|288
2021.07.09 14:00:00|71.58|72.11|71.56|71.95999999999999|260
2021.07.09 15:00:00|71.95|72.52|71.63|72.23|346
2021.07.09 16:00:00|72.20999999999999|72.83|71.98|72.34999999999999|787
2021.07.09 17:00:00|72.36|72.95999999999999|72.29000000000001|72.73|720
2021.07.09 18:00:00|72.72|72.95999999999999|72.55|72.73999999999999|441
2021.07.12 10:00:00|72.41|72.52|71.16|71.53|632
2021.07.12 11:00:00|71.55|72.31999999999999|71.51000000000001|72.22|412
2021.07.12 12:00:00|72.25|72.25|71.40000000000001|71.42|369
2021.07.12 13:00:00|71.42|71.58|71.34|71.54000000000001|292
2021.07.12 14:00:00|71.56|72.13|71.48|72.09999999999999|297
2021.07.12 15:00:00|72.09999999999999|72.48|72|72.47|280
2021.07.12 16:00:00|72.48|73.51000000000001|72.36|73.39|852
2021.07.12 17:00:00|73.40000000000001|74.01000000000001|72.98999999999999|73.23|835
2021.07.12 18:00:00|73.23999999999999|73.41|73.16|73.34999999999999|242
2021.07.13 10:00:00|73.56|73.64|73.04000000000001|73.12|488
2021.07.13 11:00:00|73.13|73.34999999999999|72.98999999999999|73.04000000000001|314
2021.07.13 12:00:00|73.06999999999999|73.15000000000001|72.84|72.87|311
2021.07.13 13:00:00|72.88|73.44|72.88|73.19|230
2021.07.13 14:00:00|73.15000000000001|73.44|72.95999999999999|73.23|302
2021.07.13 15:00:00|73.23999999999999|73.48999999999999|72.95|73.20999999999999|275
2021.07.13 16:00:00|73.19|73.36|73|73.23999999999999|338
2021.07.13 17:00:00|73.25|73.31|72.56999999999999|72.72|539
2021.07.13 18:00:00|72.73|72.98|72.72|72.90000000000001|227
2021.07.14 10:00:00|72.84|73.97|72.70999999999999|73.76000000000001|510
2021.07.14 11:00:00|73.78|73.88|73.5|73.73|324
2021.07.14 12:00:00|73.73999999999999|74.01000000000001|73.73999999999999|73.89|278
2021.07.14 13:00:00|73.87|74.05|73.75|73.76000000000001|272
2021.07.14 14:00:00|72.98|73.86|72.65000000000001|73.59999999999999|174
2021.07.14 15:00:00|73.61|73.91|73.55|73.77|195
2021.07.14 16:00:00|73.76000000000001|73.89|73.48|73.52|324
2021.07.14 17:00:00|73.54000000000001|73.73999999999999|73.38|73.41|450
2021.07.14 18:00:00|73.39|73.52|73.29000000000001|73.47|185
2021.07.15 10:00:00|74.41|74.73|72.81999999999999|72.81999999999999|713
2021.07.15 11:00:00|72.79000000000001|73.48|72.72|73.23999999999999|420
2021.07.15 12:00:00|73.25|73.43000000000001|72.93000000000001|73.39|304
2021.07.15 13:00:00|73.38|73.56999999999999|72.93000000000001|73.29000000000001|363
2021.07.15 14:00:00|73.3|73.45|72.98999999999999|73.23|280
2021.07.15 15:00:00|73.22|73.26000000000001|73.02|73.09|238
2021.07.15 16:00:00|73.08|73.23999999999999|72.8|73.09999999999999|522
2021.07.15 17:00:00|73.09|73.22|72.70999999999999|73.03|567
2021.07.15 18:00:00|73.02|73.16|72.81999999999999|73.01000000000001|275
2021.07.16 10:00:00|73.45|73.63|73|73.15000000000001|377
2021.07.16 11:00:00|73.17|73.47|73.12|73.44|213
2021.07.16 12:00:00|73.44|73.45999999999999|73.08|73.26000000000001|317
2021.07.16 13:00:00|73.23999999999999|73.23999999999999|72.44|72.72|270
2021.07.16 14:00:00|72.61|72.77|72.33|72.34|198
2021.07.16 15:00:00|72.3|72.41|72.19|72.29000000000001|230
2021.07.16 16:00:00|72.3|72.73|71.91|72.02|322
2021.07.16 17:00:00|72.01000000000001|72.04000000000001|71.44|71.68000000000001|544
2021.07.16 18:00:00|71.67|71.77|71.51000000000001|71.63|255
2021.07.19 10:00:00|70.84999999999999|71.08|70.27|70.5|483
2021.07.19 11:00:00|70.47|70.70999999999999|70|70.06|379
2021.07.19 12:00:00|70.05|70.37|69.91|70.20999999999999|362
2021.07.19 13:00:00|70.23|70.26000000000001|69.87|69.95999999999999|236
2021.07.19 14:00:00|69.97|70.03|69.48999999999999|69.8|322
2021.07.19 15:00:00|69.78|69.81999999999999|69.37|69.40000000000001|320
2021.07.19 16:00:00|69.37|69.77|68.98999999999999|69.06999999999999|634
2021.07.19 17:00:00|69.06|69.84|68.62|69.37|1006
2021.07.19 18:00:00|69.38|69.63|69.23|69.37|424
2021.07.20 10:00:00|69.87|70.5|69.72|69.91|564
2021.07.20 11:00:00|69.89|70.2|69.84999999999999|69.90000000000001|275
2021.07.20 12:00:00|69.89|69.97|69.23999999999999|69.28|344
2021.07.20 13:00:00|69.27|69.66|69.13|69.23999999999999|380
2021.07.20 14:00:00|69.17|69.81|69.11|69.76000000000001|268
2021.07.20 15:00:00|69.77|69.94|69.43000000000001|69.47|312
2021.07.20 16:00:00|69.45999999999999|70.03|69.05|70.03|668
2021.07.20 17:00:00|70.02|70.48999999999999|69.75|70.47|817
2021.07.20 18:00:00|70.45999999999999|70.47|70|70.04000000000001|327
2021.07.21 10:00:00|68.3|69.63|67.22|68.8|1629
2021.07.21 11:00:00|68.83|69.77|68.40000000000001|69.56999999999999|918
2021.07.21 12:00:00|69.58|69.98999999999999|69.28|69.56999999999999|554
2021.07.21 13:00:00|69.59|69.68000000000001|69.31999999999999|69.59999999999999|533
2021.07.21 14:00:00|70.09999999999999|70.11|69.28|69.31|468
2021.07.21 15:00:00|69.31999999999999|70.53|69.3|70.44|529
2021.07.21 16:00:00|70.45|71.64|70.42|71.01000000000001|1010
2021.07.21 17:00:00|70.98999999999999|71.40000000000001|70.68000000000001|70.68000000000001|700
2021.07.21 18:00:00|70.69|70.88|70.41|70.5|424
2021.07.22 10:00:00|71.81|72.53|71.67|72.45|916
2021.07.22 11:00:00|72.45999999999999|72.51000000000001|71.95999999999999|72.08|552
2021.07.22 12:00:00|72.06999999999999|72.19|71.69|71.90000000000001|385
2021.07.22 13:00:00|71.88|72.08|71.72|71.90000000000001|326
2021.07.22 14:00:00|71.89|71.95|71.41|71.66|520
2021.07.22 15:00:00|71.68000000000001|72.38|71.68000000000001|71.92|479
2021.07.22 16:00:00|71.91|72.18000000000001|71.48|71.65000000000001|558
2021.07.22 17:00:00|71.68000000000001|72.05|71.41|71.47|585
2021.07.22 18:00:00|71.48|71.53|71.33|71.37|321
2021.07.23 10:00:00|72.40000000000001|73.62|72.34999999999999|73.33|806
2021.07.23 11:00:00|73.34|73.79000000000001|73.31|73.48|442
2021.07.23 12:00:00|73.48999999999999|74.23|73.45|74.2|438
2021.07.23 13:00:00|74.19|74.70999999999999|74.17|74.51000000000001|514
2021.07.23 14:00:00|74.48999999999999|74.88|74.17|74.77|540
2021.07.23 15:00:00|74.76000000000001|75.09|74.73|75.05|533
2021.07.23 16:00:00|75.06|75.76000000000001|75.01000000000001|75.51000000000001|1137
2021.07.23 17:00:00|75.53|75.66|75.25|75.27|992
2021.07.23 18:00:00|75.28|75.34999999999999|75.13|75.31999999999999|386
2021.07.26 10:00:00|74.43000000000001|74.56|73.67|74.22|698
2021.07.26 11:00:00|74.2|74.22|73.53|73.83|466
2021.07.26 12:00:00|73.81999999999999|74.73|73.81|74.62|385
2021.07.26 13:00:00|74.63|74.84999999999999|74.62|74.81|421
2021.07.26 14:00:00|74.81999999999999|75.01000000000001|74.79000000000001|74.84999999999999|257
2021.07.26 15:00:00|74.83|75.06999999999999|74.69|74.73|262
2021.07.26 16:00:00|74.7|75.41|74.58|75.38|426
2021.07.26 17:00:00|75.38|75.48|74.98|75.06999999999999|428
2021.07.26 18:00:00|75.08|75.37|75.08|75.34|220
2021.07.27 10:00:00|74.54000000000001|74.68000000000001|73.68000000000001|74.26000000000001|778
2021.07.27 11:00:00|74.23|74.64|74.13|74.34999999999999|559
2021.07.27 12:00:00|74.34999999999999|74.34999999999999|73.88|74.11|254
2021.07.27 13:00:00|74.12|74.36|74.09|74.36|233
2021.07.27 14:00:00|74.37|74.61|74.19|74.27|232
2021.07.27 15:00:00|74.23|74.37|73.98|74.2|213
2021.07.27 16:00:00|74.19|74.25|73.8|73.93000000000001|473
2021.07.27 17:00:00|73.94|74.17|73.77|74.15000000000001|403
2021.07.27 18:00:00|74.14|74.34|74.12|74.2|324
2021.07.28 10:00:00|74.2|74.43000000000001|73.78|74.43000000000001|324
2021.07.28 11:00:00|74.42|74.61|74.34999999999999|74.43000000000001|283
2021.07.28 12:00:00|74.40000000000001|74.53|74.25|74.45999999999999|228
2021.07.28 13:00:00|74.45|74.55|74.14|74.27|244
2021.07.28 14:00:00|74.25|74.48999999999999|74.11|74.15000000000001|194
2021.07.28 15:00:00|74.15000000000001|74.20999999999999|74.03|74.15000000000001|186
2021.07.28 16:00:00|74.16|74.27|73.78|74.15000000000001|458
2021.07.28 17:00:00|74.16|74.16|73.8|73.8|430
2021.07.28 18:00:00|73.79000000000001|73.98999999999999|73.69|73.97|260
2021.07.29 10:00:00|74.33|75.02|73.69|74.81999999999999|653
2021.07.29 11:00:00|74.86|74.93000000000001|74.66|74.69|339
2021.07.29 12:00:00|74.68000000000001|75.25|74.66|75.25|352
2021.07.29 13:00:00|75.23999999999999|75.44|75.05|75.41|380
2021.07.29 14:00:00|75.38|75.42|75.23|75.31999999999999|257
2021.07.29 15:00:00|75.31|75.36|75.18000000000001|75.31|318
2021.07.29 16:00:00|75.29000000000001|75.64|75.23999999999999|75.56999999999999|553
2021.07.29 17:00:00|75.58|76.05|75.43000000000001|75.93000000000001|756
2021.07.29 18:00:00|75.93000000000001|76.13|75.89|76.06|382
2021.07.30 10:00:00|75.15000000000001|75.51000000000001|74.31999999999999|74.68000000000001|473
2021.07.30 11:00:00|74.67|75.23|74.56|74.84|392
2021.07.30 12:00:00|74.83|74.83|74.43000000000001|74.48999999999999|388
2021.07.30 13:00:00|74.51000000000001|74.78|74.39|74.73999999999999|313
2021.07.30 14:00:00|74.73|74.98999999999999|74.65000000000001|74.98999999999999|294
2021.07.30 15:00:00|75|75.33|74.94|75.22|261
2021.07.30 16:00:00|75.18000000000001|75.28|74.90000000000001|75.23999999999999|408
2021.07.30 17:00:00|75.23|75.53|75.06999999999999|75.09|500
2021.07.30 18:00:00|75.08|75.23999999999999|75.06999999999999|75.16|306
2021.08.02 10:00:00|76.39|77.36|76|76.68000000000001|716
2021.08.02 11:00:00|76.66|77.14|76.59|77.14|363
2021.08.02 12:00:00|77.12|77.28|76.89|76.90000000000001|298
2021.08.02 13:00:00|76.88|76.88|76.47|76.58|382
2021.08.02 14:00:00|76.62|76.84|76.54000000000001|76.63|327
2021.08.02 15:00:00|76.62|76.7|76.31999999999999|76.44|292
2021.08.02 16:00:00|76.43000000000001|77.16|76.43000000000001|77.04000000000001|556
2021.08.02 17:00:00|77.02|77.17|76.54000000000001|76.61|499
2021.08.02 18:00:00|76.59999999999999|76.66|76.3|76.34|275
2021.08.03 10:00:00|76.23999999999999|76.56999999999999|75.93000000000001|76.22|707
2021.08.03 11:00:00|76.25|76.3|75.77|75.89|340
2021.08.03 12:00:00|75.93000000000001|75.98999999999999|75.66|75.79000000000001|274
2021.08.03 13:00:00|75.78|76.06|75.75|76.03|254
2021.08.03 14:00:00|76.02|76.08|75.84999999999999|76|275
2021.08.03 15:00:00|76.01000000000001|76.11|75.70999999999999|75.81|338
2021.08.03 16:00:00|75.8|75.90000000000001|75.09|75.16|637
2021.08.03 17:00:00|75.16|75.78|75.05|75.62|702
2021.08.03 18:00:00|75.63|75.73|75.51000000000001|75.53|358
2021.08.04 10:00:00|76.2|76.67|75.91|76.29000000000001|559
2021.08.04 11:00:00|76.3|76.39|76.11|76.13|351
2021.08.04 12:00:00|76.13|76.39|75.93000000000001|76.17|348
2021.08.04 13:00:00|76.17|76.36|76.15000000000001|76.23999999999999|243
2021.08.04 14:00:00|76.20999999999999|76.23999999999999|75.83|75.84999999999999|248
2021.08.04 15:00:00|75.84|75.98|75.56|75.70999999999999|310
2021.08.04 16:00:00|75.7|75.97|75.61|75.81999999999999|468
2021.08.04 17:00:00|75.83|76.27|75.83|76.06|496
2021.08.04 18:00:00|76.06999999999999|76.12|75.90000000000001|75.92|238
2021.08.05 10:00:00|75.77|75.78|74.94|75.02|504
2021.08.05 11:00:00|75.02|75.18000000000001|74.76000000000001|74.93000000000001|362
2021.08.05 12:00:00|74.92|75.23|74.67|74.69|423
2021.08.05 13:00:00|74.7|74.86|74.48|74.73|304
2021.08.05 14:00:00|74.72|74.8|74.45|74.61|323
2021.08.05 15:00:00|74.62|74.81|74.56999999999999|74.77|292
2021.08.05 16:00:00|74.76000000000001|75.19|74.73999999999999|74.98999999999999|619
2021.08.05 17:00:00|74.97|75.34|74.95999999999999|75.27|421
2021.08.05 18:00:00|75.28|75.41|75.23999999999999|75.36|214
2021.08.06 10:00:00|75.22|75.44|74.91|75.42|403
2021.08.06 11:00:00|75.41|75.63|75.31|75.43000000000001|276
2021.08.06 12:00:00|75.41|75.77|75.40000000000001|75.69|231
2021.08.06 13:00:00|75.7|75.93000000000001|75.69|75.84999999999999|198
2021.08.06 14:00:00|75.81|75.95999999999999|75.77|75.79000000000001|157
2021.08.06 15:00:00|75.79000000000001|76.58|75.65000000000001|76.56999999999999|278
2021.08.06 16:00:00|76.58|76.92|76.11|76.18000000000001|346
2021.08.06 17:00:00|76.17|76.40000000000001|76.01000000000001|76.03|377
2021.08.06 18:00:00|76.02|76.06999999999999|75.91|75.94|207
2021.08.09 10:00:00|74.78|75.41|74.78|75|498
2021.08.09 11:00:00|75.01000000000001|75.01000000000001|74.59999999999999|74.73999999999999|346
2021.08.09 12:00:00|74.73|74.73|74.5|74.59|245
2021.08.09 13:00:00|74.56999999999999|74.77|74.52|74.7|272
2021.08.09 14:00:00|74.7|74.77|74.58|74.66|236
2021.08.09 15:00:00|74.66|74.70999999999999|74.44|74.7|326
2021.08.09 16:00:00|74.70999999999999|74.83|74.20999999999999|74.45|461
2021.08.09 17:00:00|74.47|74.61|74.28|74.51000000000001|394
2021.08.09 18:00:00|74.51000000000001|74.73|74.45999999999999|74.70999999999999|154
2021.08.10 10:00:00|74.16|74.65000000000001|74.15000000000001|74.41|355
2021.08.10 11:00:00|74.40000000000001|74.56999999999999|74.12|74.18000000000001|284
2021.08.10 12:00:00|74.19|74.19|73.88|73.98999999999999|299
2021.08.10 13:00:00|73.98999999999999|74.34999999999999|73.98999999999999|74.11|223
2021.08.10 14:00:00|74.12|74.38|74.06999999999999|74.20999999999999|196
2021.08.10 15:00:00|74.18000000000001|74.31|74.09|74.23999999999999|210
2021.08.10 16:00:00|74.25|74.29000000000001|73.97|74.06|357
2021.08.10 17:00:00|74.06999999999999|74.45999999999999|74.05|74.41|359
2021.08.10 18:00:00|74.40000000000001|74.45|74.23999999999999|74.31999999999999|183
2021.08.11 10:00:00|74.41|74.63|74.12|74.13|353
2021.08.11 11:00:00|74.16|74.22|73.90000000000001|74|226
2021.08.11 12:00:00|74.01000000000001|74.18000000000001|73.98999999999999|74.15000000000001|244
2021.08.11 13:00:00|74.16|74.28|73.90000000000001|73.92|188
2021.08.11 14:00:00|73.92|73.98|73.8|73.87|204
2021.08.11 15:00:00|73.87|74.41|73.78|74.41|255
2021.08.11 16:00:00|74.39|75.06999999999999|74.39|74.59999999999999|433
2021.08.11 17:00:00|74.63|74.7|74.5|74.7|418
2021.08.11 18:00:00|74.70999999999999|74.84|74.54000000000001|74.75|223
2021.08.12 10:00:00|74.94|74.98|74.61|74.7|279
2021.08.12 11:00:00|74.68000000000001|74.97|74.67|74.89|230
2021.08.12 12:00:00|74.87|75.3|74.84|75.29000000000001|250
2021.08.12 13:00:00|75.31|75.37|75.15000000000001|75.29000000000001|223
2021.08.12 14:00:00|75.28|75.55|75.23999999999999|75.34999999999999|210
2021.08.12 15:00:00|75.34999999999999|75.65000000000001|75.25|75.56999999999999|262
2021.08.12 16:00:00|75.56999999999999|75.87|75.51000000000001|75.59999999999999|414
2021.08.12 17:00:00|75.61|75.67|75.42|75.61|417
2021.08.12 18:00:00|75.59999999999999|75.70999999999999|75.56999999999999|75.65000000000001|226
2021.08.13 10:00:00|75.78|75.93000000000001|75.40000000000001|75.64|366
2021.08.13 11:00:00|75.66|75.73|75.5|75.70999999999999|173
2021.08.13 12:00:00|75.73999999999999|76.09|75.70999999999999|76.09|265
2021.08.13 13:00:00|76.06999999999999|76.08|75.77|75.84999999999999|193
2021.08.13 14:00:00|75.94|75.94|75.67|75.69|186
2021.08.13 15:00:00|75.66|75.69|75.45999999999999|75.56999999999999|167
2021.08.13 16:00:00|75.59|75.59|75.31|75.59|225
2021.08.13 17:00:00|75.61|75.61|75.36|75.48|298
2021.08.13 18:00:00|75.47|75.52|75.40000000000001|75.45|176
2021.08.16 10:00:00|74.70999999999999|74.95999999999999|74.17|74.81|386
2021.08.16 11:00:00|74.8|74.89|74.64|74.65000000000001|240
2021.08.16 12:00:00|74.66|74.66|74.31999999999999|74.33|266
2021.08.16 13:00:00|74.34|74.79000000000001|74.31999999999999|74.75|247
2021.08.16 14:00:00|74.73999999999999|74.75|74.38|74.45|164
2021.08.16 15:00:00|74.43000000000001|74.48|74.31|74.31999999999999|185
2021.08.16 16:00:00|74.33|74.45999999999999|73.95999999999999|74|358
2021.08.16 17:00:00|73.98999999999999|74.27|73.88|73.98999999999999|477
2021.08.16 18:00:00|74|74.14|73.88|74.13|211
2021.08.17 10:00:00|73.59|73.59999999999999|73.13|73.36|395
2021.08.17 11:00:00|73.37|73.45999999999999|73.09|73.18000000000001|301
2021.08.17 12:00:00|73.15000000000001|73.43000000000001|73.08|73.23999999999999|302
2021.08.17 13:00:00|73.23999999999999|73.28|73.08|73.13|228
2021.08.17 14:00:00|73.14|73.29000000000001|73.02|73.27|182
2021.08.17 15:00:00|73.28|73.40000000000001|73.2|73.3|238
2021.08.17 16:00:00|73.29000000000001|73.41|73.01000000000001|73.04000000000001|467
2021.08.17 17:00:00|73.05|73.2|72.89|72.92|425
2021.08.17 18:00:00|72.91|72.94|72.66|72.68000000000001|256
2021.08.18 10:00:00|72.58|72.59|71.51000000000001|71.73999999999999|517
2021.08.18 11:00:00|71.75|72.06999999999999|71.66|71.77|258
2021.08.18 12:00:00|71.76000000000001|71.91|71.67|71.72|232
2021.08.18 13:00:00|71.70999999999999|71.83|71.62|71.75|255
2021.08.18 14:00:00|71.76000000000001|71.92|71.69|71.90000000000001|173
2021.08.18 15:00:00|71.88|71.91|71.66|71.72|220
2021.08.18 16:00:00|71.7|71.84999999999999|71.54000000000001|71.78|349
2021.08.18 17:00:00|71.79000000000001|71.84|71.54000000000001|71.56999999999999|454
2021.08.18 18:00:00|71.56999999999999|71.83|71.56999999999999|71.81|265
2021.08.19 10:00:00|69.51000000000001|70.36|69.43000000000001|69.94|1140
2021.08.19 11:00:00|69.95|70.22|69.61|69.78|660
2021.08.19 12:00:00|69.73999999999999|70.06999999999999|69.52|69.89|504
2021.08.19 13:00:00|69.90000000000001|70.09|69.81999999999999|69.83|340
2021.08.19 14:00:00|69.84|69.90000000000001|69.52|69.61|254
2021.08.19 15:00:00|69.59999999999999|69.72|69.47|69.54000000000001|291
2021.08.19 16:00:00|69.56|70.09|69.56|69.75|719
2021.08.19 17:00:00|69.73999999999999|70.05|69.34|69.56|766
2021.08.19 18:00:00|69.55|69.56999999999999|69.34|69.38|336
2021.08.20 10:00:00|69.05|69.33|68.56|68.73|645
2021.08.20 11:00:00|68.75|69.37|68.72|69.29000000000001|415
2021.08.20 12:00:00|69.28|69.39|69.05|69.18000000000001|368
2021.08.20 13:00:00|69.19|69.38|68.94|69.01000000000001|290
2021.08.20 14:00:00|68.98|69.01000000000001|68.7|68.83|229
2021.08.20 15:00:00|68.81999999999999|69.14|68.81999999999999|69.09999999999999|239
2021.08.20 16:00:00|69.11|69.56999999999999|69.03|69.43000000000001|491
2021.08.20 17:00:00|69.44|69.62|69.27|69.5|444
2021.08.20 18:00:00|69.48999999999999|69.73999999999999|69.43000000000001|69.65000000000001|253
2021.08.23 10:00:00|71.40000000000001|71.41|70.38|70.53|652
2021.08.23 11:00:00|70.52|70.66|70.09999999999999|70.16|343
2021.08.23 12:00:00|70.15000000000001|70.33|70.05|70.11|285
2021.08.23 13:00:00|70.09|70.41|70.09|70.38|213
2021.08.23 14:00:00|70.31999999999999|70.34999999999999|70.09|70.26000000000001|171
2021.08.23 15:00:00|70.23999999999999|70.47|70.20999999999999|70.26000000000001|176
2021.08.23 16:00:00|70.25|70.27|69.8|70|389
2021.08.23 17:00:00|69.98999999999999|70.06|69.8|70|303
2021.08.23 18:00:00|69.98999999999999|70.05|69.81|69.91|244
2021.08.24 10:00:00|70.14|70.45999999999999|69.92|70.36|563
2021.08.24 11:00:00|70.37|70.55|70.26000000000001|70.48999999999999|428
2021.08.24 12:00:00|70.48999999999999|70.87|70.48|70.73|478
2021.08.24 13:00:00|70.72|70.95999999999999|70.70999999999999|70.87|351
2021.08.24 14:00:00|70.83|71.17|70.83|71.12|268
2021.08.24 15:00:00|71.13|71.18000000000001|70.54000000000001|70.54000000000001|305
2021.08.24 16:00:00|70.56999999999999|70.98999999999999|70.5|70.84999999999999|402
2021.08.24 17:00:00|70.86|71.06|70.56|70.93000000000001|499
2021.08.24 18:00:00|70.94|71.02|70.81999999999999|70.84|226
2021.08.25 10:00:00|70.66|70.81999999999999|70.45|70.75|269
2021.08.25 11:00:00|70.73|70.75|70.34999999999999|70.40000000000001|231
2021.08.25 12:00:00|70.40000000000001|70.61|70.27|70.59|270
2021.08.25 13:00:00|70.58|70.76000000000001|70.53|70.73999999999999|228
2021.08.25 14:00:00|70.72|71.05|70.69|71.05|203
2021.08.25 15:00:00|71.06|71.34|70.94|71.26000000000001|202
2021.08.25 16:00:00|71.26000000000001|71.38|71.11|71.31|329
2021.08.25 17:00:00|71.31|71.40000000000001|71.13|71.16|376
2021.08.25 18:00:00|71.14|71.15000000000001|70.84999999999999|70.90000000000001|186
2021.08.26 10:00:00|70.65000000000001|70.75|70.18000000000001|70.64|615
2021.08.26 11:00:00|70.63|70.84|70.42|70.43000000000001|281
2021.08.26 12:00:00|70.45|70.45|69.95999999999999|70.08|340
2021.08.26 13:00:00|70.06999999999999|70.20999999999999|69.97|70.14|250
2021.08.26 14:00:00|70.15000000000001|70.44|70.09|70.40000000000001|220
2021.08.26 15:00:00|70.38|70.61|70.38|70.56999999999999|194
2021.08.26 16:00:00|70.58|70.84999999999999|70.56999999999999|70.8|290
2021.08.26 17:00:00|70.77|70.89|70.45|70.55|403
2021.08.26 18:00:00|70.54000000000001|70.64|70.5|70.59999999999999|177
2021.08.27 10:00:00|70.56|70.91|70.31999999999999|70.8|347
2021.08.27 11:00:00|70.81|70.95|70.68000000000001|70.72|231
2021.08.27 12:00:00|70.7|70.83|70.48|70.69|249
2021.08.27 13:00:00|70.68000000000001|70.84|70.59999999999999|70.72|247
2021.08.27 14:00:00|70.76000000000001|70.81999999999999|70.64|70.73999999999999|291
2021.08.27 15:00:00|70.73999999999999|70.84|70.69|70.72|271
2021.08.27 16:00:00|70.73|71.25|70.72|71.05|335
2021.08.27 17:00:00|71.06|71.3|70.92|71.11|355
2021.08.27 18:00:00|71.12|71.23999999999999|71.09999999999999|71.2|165
2021.08.30 10:00:00|71.38|71.77|71.33|71.67|210
2021.08.30 11:00:00|71.68000000000001|71.75|71.53|71.66|187
2021.08.30 12:00:00|71.65000000000001|71.72|71.48|71.69|260
2021.08.30 13:00:00|71.70999999999999|71.75|71.65000000000001|71.69|153
2021.08.30 14:00:00|71.65000000000001|71.8|71.64|71.75|138
2021.08.30 15:00:00|71.75|71.75|71.59|71.68000000000001|128
2021.08.30 16:00:00|71.66|71.90000000000001|71.58|71.89|400
2021.08.30 17:00:00|71.89|71.98999999999999|71.8|71.91|343
2021.08.30 18:00:00|71.92|71.93000000000001|71.58|71.62|177
2021.08.31 10:00:00|72|72.44|71.94|72.17|381
2021.08.31 11:00:00|72.16|72.18000000000001|71.90000000000001|72.13|257
2021.08.31 12:00:00|72.12|72.44|72.06|72.13|289
2021.08.31 13:00:00|72.12|72.22|71.25|71.34|402
2021.08.31 14:00:00|71.27|71.45|71.18000000000001|71.18000000000001|284
2021.08.31 15:00:00|71.17|71.34|70.87|71.03|281
2021.08.31 16:00:00|71.01000000000001|71.22|70.65000000000001|70.73|435
2021.08.31 17:00:00|70.70999999999999|70.89|70.58|70.87|503
2021.08.31 18:00:00|70.86|71.20999999999999|70.79000000000001|71.09|309
2021.09.01 10:00:00|72.06999999999999|72.19|71.72|71.95999999999999|516
2021.09.01 11:00:00|71.95|72.08|71.59999999999999|71.65000000000001|391
2021.09.01 12:00:00|71.64|71.67|71.04000000000001|71.14|321
2021.09.01 13:00:00|71.13|71.27|70.84999999999999|71.27|273
2021.09.01 14:00:00|71.26000000000001|71.44|71.08|71.36|271
2021.09.01 15:00:00|71.37|71.56|71.09999999999999|71.12|418
2021.09.01 16:00:00|71.11|71.14|70.73999999999999|70.89|714
2021.09.01 17:00:00|70.92|71.08|70.72|71.01000000000001|506
2021.09.01 18:00:00|71|71.05|70.84|71.01000000000001|232
2021.09.02 10:00:00|70.84|71.40000000000001|70.77|71.39|361
2021.09.02 11:00:00|71.40000000000001|71.45|71.06999999999999|71.19|240
2021.09.02 12:00:00|71.2|71.20999999999999|70.84|70.84999999999999|314
2021.09.02 13:00:00|70.86|71.01000000000001|70.44|70.79000000000001|465
2021.09.02 14:00:00|70.77|70.90000000000001|70.72|70.8|141
2021.09.02 15:00:00|70.79000000000001|71.03|70.75|70.8|247
2021.09.02 16:00:00|70.8|70.81|70.48|70.51000000000001|383
2021.09.02 17:00:00|70.52|70.54000000000001|70.3|70.38|482
2021.09.02 18:00:00|70.39|70.48999999999999|70.34999999999999|70.48|182
2021.09.03 10:00:00|70.75|70.95|70.40000000000001|70.58|292
2021.09.03 11:00:00|70.56999999999999|70.59999999999999|70.45|70.5|217
2021.09.03 12:00:00|70.48999999999999|70.48999999999999|70.29000000000001|70.34999999999999|258
2021.09.03 13:00:00|70.34|70.77|70.29000000000001|70.64|210
2021.09.03 14:00:00|70.62|70.76000000000001|70.59999999999999|70.69|159
2021.09.03 15:00:00|70.7|70.8|70.39|70.5|268
2021.09.03 16:00:00|70.5|70.63|69.84999999999999|69.89|597
2021.09.03 17:00:00|69.88|70.18000000000001|69.78|70.14|556
