2021.02.09 18:00:00|53.2|53.28|53.18|53.22|142
2021.02.10 10:00:00|53.28|53.34|52.88|53.34|736
2021.02.10 11:00:00|53.36|53.38|52.98|53.06|342
2021.02.10 12:00:00|53.06|53.1|52.88|52.88|339
2021.02.10 13:00:00|52.9|53.28|52.88|53.04|413
2021.02.10 14:00:00|53.04|53.06|52.92|53|292
2021.02.10 15:00:00|52.98|53.16|52.9|53|469
2021.02.10 16:00:00|52.98|53.1|52.9|52.92|524
2021.02.10 17:00:00|52.94|53.12|52.78|53.04|1097
2021.02.10 18:00:00|53.02|53.18|52.98|53.06|359
2021.02.11 10:00:00|55.04|55.5|54.14|54.72|2167
2021.02.11 11:00:00|54.68|54.94|54.5|54.84|582
2021.02.11 12:00:00|54.84|54.96|54.72|54.78|643
2021.02.11 13:00:00|54.76|54.82|54.72|54.78|299
2021.02.11 14:00:00|54.78|54.8|54.2|54.3|395
2021.02.11 15:00:00|54.3|54.56|54.12|54.38|496
2021.02.11 16:00:00|54.4|54.7|54.34|54.42|549
2021.02.11 17:00:00|54.44|54.44|54.24|54.28|463
2021.02.11 18:00:00|54.26|54.42|54.24|54.42|156
2021.02.12 10:00:00|54.28|54.52|53.82|54.12|897
2021.02.12 11:00:00|54.1|54.34|54|54.24|563
2021.02.12 12:00:00|54.24|54.24|53.58|53.82|537
2021.02.12 13:00:00|53.8|53.9|53.68|53.86|485
2021.02.12 14:00:00|53.86|53.88|53.72|53.8|568
2021.02.12 15:00:00|53.82|53.9|53.52|53.52|443
2021.02.12 16:00:00|53.54|53.8|53.54|53.7|576
2021.02.12 17:00:00|53.68|53.88|53.64|53.86|311
2021.02.12 18:00:00|53.88|53.94|53.74|53.94|82
2021.02.15 10:00:00|53.62|54.44|53.44|54.44|814
2021.02.15 11:00:00|54.46|54.68|54.3|54.4|513
2021.02.15 12:00:00|54.4|54.76|54.36|54.66|264
2021.02.15 13:00:00|54.68|55.14|54.66|55.04|401
2021.02.15 14:00:00|55.04|55.2|54.94|55.12|388
2021.02.15 15:00:00|55.14|55.38|55.08|55.14|408
2021.02.15 16:00:00|55.12|55.3|55.08|55.24|480
2021.02.15 17:00:00|55.22|55.44|55.08|55.42|209
2021.02.15 18:00:00|55.4|55.44|55.28|55.28|124
2021.02.16 10:00:00|55.1|55.4|54.92|55.28|882
2021.02.16 11:00:00|55.26|55.28|54.98|55.16|392
2021.02.16 12:00:00|55.16|55.18|55|55.12|229
2021.02.16 13:00:00|55.1|55.1|54.88|54.94|269
2021.02.16 14:00:00|54.94|54.98|54.86|54.94|180
2021.02.16 15:00:00|54.92|54.94|54.7|54.88|330
2021.02.16 16:00:00|54.86|54.9|54.66|54.76|408
2021.02.16 17:00:00|54.78|54.86|54.68|54.72|215
2021.02.16 18:00:00|54.72|54.78|54.68|54.72|82
2021.02.17 10:00:00|54.6|55.24|54.54|55|1050
2021.02.17 11:00:00|54.98|55.12|54.82|54.98|571
2021.02.17 12:00:00|54.96|55.18|54.94|55.12|408
2021.02.17 13:00:00|55.14|55.66|55.1|55.66|434
2021.02.17 14:00:00|55.64|55.92|55.46|55.54|397
2021.02.17 15:00:00|55.54|55.62|55.28|55.4|293
2021.02.17 16:00:00|55.38|55.44|55|55.22|607
2021.02.17 17:00:00|55.22|55.52|55.22|55.42|606
2021.02.17 18:00:00|55.42|55.76|55.38|55.74|229
2021.02.18 10:00:00|55.88|55.9|55.54|55.82|1123
2021.02.18 11:00:00|55.8|55.9|55.34|55.44|476
2021.02.18 12:00:00|55.44|55.52|55.34|55.46|306
2021.02.18 13:00:00|55.44|55.62|55.32|55.62|415
2021.02.18 14:00:00|55.6|55.68|55.52|55.64|277
2021.02.18 15:00:00|55.62|55.72|55.4|55.44|342
2021.02.18 16:00:00|55.44|55.8|55.42|55.54|703
2021.02.18 17:00:00|55.52|55.64|55.42|55.48|449
2021.02.18 18:00:00|55.48|55.54|55.38|55.4|141
2021.02.19 10:00:00|55.52|56.44|55.5|56.44|1076
2021.02.19 11:00:00|56.44|58.04|56.34|57.14|1851
2021.02.19 12:00:00|57.12|57.9|57|57.9|1413
2021.02.19 13:00:00|57.9|58.36|57.02|57.06|941
2021.02.19 14:00:00|57.02|57.76|56.84|57.5|798
2021.02.19 15:00:00|57.48|57.86|57.22|57.8|566
2021.02.19 16:00:00|57.8|57.84|57.06|57.2|762
2021.02.19 17:00:00|57.22|57.22|56.78|56.88|714
2021.02.19 18:00:00|56.88|57.04|56.82|56.86|283
2021.02.22 10:00:00|56.2|56.98|56.16|56.78|1403
2021.02.22 11:00:00|56.76|57.04|56.76|56.88|653
2021.02.22 12:00:00|56.88|57.12|56.84|57.04|425
2021.02.22 13:00:00|57.04|57.36|57.02|57.34|501
2021.02.22 14:00:00|57.36|57.4|57.02|57.18|420
2021.02.22 15:00:00|57.16|57.34|57.08|57.14|386
2021.02.22 16:00:00|57.16|57.36|57.1|57.2|531
2021.02.22 17:00:00|57.18|57.5|57.14|57.28|721
2021.02.22 18:00:00|57.26|57.34|57.16|57.3|390
2021.02.23 10:00:00|57.2|57.56|56.88|56.98|1189
2021.02.23 11:00:00|56.96|57.44|56.96|57.38|864
2021.02.23 12:00:00|57.4|57.48|57.2|57.36|1317
2021.02.23 13:00:00|57.34|57.54|57.22|57.44|728
2021.02.23 14:00:00|57.42|57.58|57.38|57.52|527
2021.02.23 15:00:00|57.54|57.6|57.4|57.54|469
2021.02.23 16:00:00|57.52|57.7|57.46|57.66|1116
2021.02.23 17:00:00|57.64|57.68|57.32|57.34|827
2021.02.23 18:00:00|57.36|57.38|57.18|57.32|216
2021.02.24 10:00:00|57.56|57.84|57.22|57.4|1100
2021.02.24 11:00:00|57.42|57.78|57.38|57.62|365
2021.02.24 12:00:00|57.62|57.86|57.34|57.46|573
2021.02.24 13:00:00|57.46|57.84|57.38|57.7|601
2021.02.24 14:00:00|57.7|57.72|57.48|57.52|379
2021.02.24 15:00:00|57.52|57.54|57.28|57.32|590
2021.02.24 16:00:00|57.34|57.42|57.14|57.3|904
2021.02.24 17:00:00|57.28|57.82|57.28|57.58|974
2021.02.24 18:00:00|57.58|57.74|57.58|57.66|114
2021.02.25 10:00:00|57.68|57.88|57.5|57.66|924
2021.02.25 11:00:00|57.64|57.88|57.58|57.88|281
2021.02.25 12:00:00|57.9|58.06|57.78|57.86|465
2021.02.25 13:00:00|57.88|57.88|57.72|57.8|227
2021.02.25 14:00:00|57.78|57.9|57.68|57.84|385
2021.02.25 15:00:00|57.86|58.16|57.76|58.06|396
2021.02.25 16:00:00|58.06|58.34|57.94|58.18|342
2021.02.25 17:00:00|58.12|58.4|58.12|58.3|459
2021.02.25 18:00:00|58.28|58.54|58.22|58.3|322
2021.02.26 10:00:00|57.68|58.04|57.28|57.9|1262
2021.02.26 11:00:00|57.92|57.94|57.24|57.26|524
2021.02.26 12:00:00|57.28|57.4|57|57.08|566
2021.02.26 13:00:00|57.06|57.08|56.8|56.8|669
2021.02.26 14:00:00|56.78|57.12|56.72|56.92|732
2021.02.26 15:00:00|56.9|57.1|56.68|56.98|697
2021.02.26 16:00:00|56.96|57.22|56.68|56.68|761
2021.02.26 17:00:00|56.68|56.72|56.34|56.4|945
2021.02.26 18:00:00|56.4|56.68|56.2|56.24|599
2021.03.01 10:00:00|57.04|57.74|57.04|57.7|1203
2021.03.01 11:00:00|57.72|57.78|57.44|57.5|740
2021.03.01 12:00:00|57.48|57.64|57.28|57.52|631
2021.03.01 13:00:00|57.54|57.54|57.14|57.2|533
2021.03.01 14:00:00|57.22|57.28|57.04|57.16|583
2021.03.01 15:00:00|57.16|57.18|56.96|56.98|479
2021.03.01 16:00:00|56.96|57.14|56.96|57.04|438
2021.03.01 17:00:00|57.02|57.14|56.84|57.06|441
2021.03.01 18:00:00|57.08|57.32|57|57.3|214
2021.03.02 10:00:00|57.18|57.7|56.7|56.76|1080
2021.03.02 11:00:00|56.74|56.92|56.48|56.76|834
2021.03.02 12:00:00|56.74|56.8|56.42|56.54|587
2021.03.02 13:00:00|56.52|56.68|56.38|56.42|500
2021.03.02 14:00:00|56.44|56.62|56.42|56.5|213
2021.03.02 15:00:00|56.48|56.5|56.04|56.04|452
2021.03.02 16:00:00|56.02|56.24|55.86|55.98|533
2021.03.02 17:00:00|55.98|56.2|55.8|55.84|727
2021.03.02 18:00:00|55.86|56|55.84|55.88|308
2021.03.03 10:00:00|56.3|56.58|56.04|56.04|943
2021.03.03 11:00:00|56.02|56.08|55.84|55.9|551
2021.03.03 12:00:00|55.88|55.98|55.6|55.66|561
2021.03.03 13:00:00|55.64|55.74|55.52|55.54|387
2021.03.03 14:00:00|55.54|55.56|55.36|55.42|390
2021.03.03 15:00:00|55.4|55.46|55.04|55.16|647
2021.03.03 16:00:00|55.18|55.24|54.7|54.74|861
2021.03.03 17:00:00|54.72|55.22|54.72|54.84|932
2021.03.03 18:00:00|54.84|55.04|54.84|55.02|199
2021.03.04 10:00:00|55.08|55.76|54.94|55.72|819
2021.03.04 11:00:00|55.72|55.9|55.62|55.7|638
2021.03.04 12:00:00|55.7|56|55.7|55.88|596
2021.03.04 13:00:00|55.86|55.92|55.68|55.7|276
2021.03.04 14:00:00|55.7|55.8|55.64|55.78|283
2021.03.04 15:00:00|55.76|55.8|55.72|55.78|171
2021.03.04 16:00:00|55.8|56.06|55.74|56|379
2021.03.04 17:00:00|55.98|56.3|55.96|56.22|613
2021.03.04 18:00:00|56.2|56.26|56.04|56.1|273
2021.03.05 10:00:00|55.66|55.78|55.46|55.54|1121
2021.03.05 11:00:00|55.54|55.54|55.14|55.52|923
2021.03.05 12:00:00|55.54|55.76|55.48|55.66|780
2021.03.05 13:00:00|55.64|55.96|55.64|55.82|447
2021.03.05 14:00:00|55.84|56.04|55.72|56.04|575
2021.03.05 15:00:00|56.02|56.26|55.96|56.18|1623
2021.03.05 16:00:00|56.18|56.26|55.82|56.24|1524
2021.03.05 17:00:00|56.24|56.54|56.18|56.5|1843
2021.03.05 18:00:00|56.5|56.66|56.4|56.56|747
2021.03.08 10:00:00|56.56|56.76|56.42|56.7|1165
2021.03.08 11:00:00|56.68|56.74|56.48|56.54|755
2021.03.08 12:00:00|56.54|56.9|56.54|56.86|721
2021.03.08 13:00:00|56.84|56.98|56.72|56.88|770
2021.03.08 14:00:00|56.88|56.9|56.56|56.62|532
2021.03.08 15:00:00|56.62|56.9|56.54|56.64|530
2021.03.08 16:00:00|56.62|57.04|56.62|56.98|1302
2021.03.08 17:00:00|56.96|57.24|56.9|56.98|1067
2021.03.08 18:00:00|57|57.22|56.92|57.2|215
2021.03.09 10:00:00|57.12|57.3|56.96|57.1|700
2021.03.09 11:00:00|57.1|57.14|56.94|57.14|563
2021.03.09 12:00:00|57.14|57.24|57|57.24|455
2021.03.09 13:00:00|57.22|57.5|57.16|57.36|546
2021.03.09 14:00:00|57.36|57.38|57.12|57.24|485
2021.03.09 15:00:00|57.22|57.24|57.04|57.08|399
2021.03.09 16:00:00|57.1|57.32|57.06|57.18|764
2021.03.09 17:00:00|57.2|57.2|56.78|56.84|583
2021.03.09 18:00:00|56.82|56.86|56.68|56.72|276
2021.03.10 10:00:00|56.64|57.06|56.64|57|503
2021.03.10 11:00:00|57|57.1|56.6|56.82|542
2021.03.10 12:00:00|56.8|57.28|56.74|57.26|459
2021.03.10 13:00:00|57.26|57.5|57.22|57.48|580
2021.03.10 14:00:00|57.48|57.58|57.36|57.42|535
2021.03.10 15:00:00|57.44|57.46|57.2|57.44|614
2021.03.10 16:00:00|57.42|57.52|57.14|57.3|1038
2021.03.10 17:00:00|57.3|57.94|57.3|57.8|1006
2021.03.10 18:00:00|57.8|57.8|57.64|57.7|446
2021.03.11 10:00:00|57.56|57.72|57.2|57.2|1008
2021.03.11 11:00:00|57.2|57.42|57.18|57.28|761
2021.03.11 12:00:00|57.28|57.46|57.26|57.32|560
2021.03.11 13:00:00|57.32|57.48|57.26|57.42|625
2021.03.11 14:00:00|57.42|57.52|57.38|57.42|485
2021.03.11 15:00:00|57.42|57.5|57.32|57.38|579
2021.03.11 16:00:00|57.34|57.5|57.12|57.18|764
2021.03.11 17:00:00|57.16|57.32|57.06|57.24|504
2021.03.11 18:00:00|57.22|57.24|57.06|57.12|194
2021.03.12 10:00:00|57.22|57.46|57.04|57.24|645
2021.03.12 11:00:00|57.24|57.54|57.22|57.46|582
2021.03.12 12:00:00|57.46|57.5|57.34|57.42|553
2021.03.12 13:00:00|57.4|57.48|57.3|57.46|430
2021.03.12 14:00:00|57.44|57.56|57.38|57.52|394
2021.03.12 15:00:00|57.52|57.78|57.52|57.68|299
2021.03.12 16:00:00|57.7|57.86|57.6|57.8|434
2021.03.12 17:00:00|57.78|57.96|57.78|57.9|436
2021.03.12 18:00:00|57.88|57.98|57.88|57.98|133
2021.03.15 10:00:00|60.88|61|60|60.76|2510
2021.03.15 11:00:00|60.74|60.86|60.02|60.18|1152
2021.03.15 12:00:00|60.2|60.44|59.92|60.44|843
2021.03.15 13:00:00|60.44|60.66|60.28|60.36|609
2021.03.15 14:00:00|60.38|60.4|60.16|60.26|320
2021.03.15 15:00:00|60.26|60.34|60|60.02|451
2021.03.15 16:00:00|60.02|60.08|59.66|59.74|557
2021.03.15 17:00:00|59.74|59.9|59.4|59.44|502
2021.03.15 18:00:00|59.44|59.8|59.4|59.7|438
2021.03.16 10:00:00|59.78|59.86|59.36|59.54|924
2021.03.16 11:00:00|59.56|59.66|59.38|59.4|566
2021.03.16 12:00:00|59.42|59.58|59.16|59.2|548
2021.03.16 13:00:00|59.2|59.48|59.18|59.46|392
2021.03.16 14:00:00|59.46|59.82|59.44|59.8|356
2021.03.16 15:00:00|59.8|59.94|59.76|59.84|477
2021.03.16 16:00:00|59.86|59.88|59.7|59.86|334
2021.03.16 17:00:00|59.84|60.04|59.68|59.7|452
2021.03.16 18:00:00|59.68|59.72|59.58|59.7|188
2021.03.17 10:00:00|59.62|60.02|59.56|59.74|734
2021.03.17 11:00:00|59.72|59.88|59.58|59.62|403
2021.03.17 12:00:00|59.6|59.66|59.38|59.4|371
2021.03.17 13:00:00|59.4|59.46|59.22|59.28|307
2021.03.17 14:00:00|59.26|59.56|59.26|59.52|365
2021.03.17 15:00:00|59.5|59.78|59.5|59.7|331
2021.03.17 16:00:00|59.68|59.84|59.52|59.76|392
2021.03.17 17:00:00|59.76|59.88|59.7|59.78|306
2021.03.17 18:00:00|59.76|59.8|59.66|59.76|180
2021.03.18 10:00:00|59.5|59.6|59.04|59.18|928
2021.03.18 11:00:00|59.18|59.3|59|59.02|490
2021.03.18 12:00:00|59|59.08|58.84|58.92|375
2021.03.18 13:00:00|58.9|58.94|58.8|58.84|403
2021.03.18 14:00:00|58.82|58.84|58.54|58.66|553
2021.03.18 15:00:00|58.68|58.86|58.48|58.76|618
2021.03.18 16:00:00|58.76|58.92|58.62|58.9|548
2021.03.18 17:00:00|58.92|59.02|58.78|58.96|326
2021.03.18 18:00:00|58.98|59.04|58.9|58.92|157
2021.03.19 10:00:00|58.46|58.82|58.4|58.62|1206
2021.03.19 11:00:00|58.6|59.04|58.56|59|692
2021.03.19 12:00:00|59.02|59.1|58.76|59.06|1290
2021.03.19 13:00:00|59.06|59.34|59.04|59.24|524
2021.03.19 14:00:00|59.24|59.3|59.1|59.24|318
2021.03.19 15:00:00|59.24|59.28|58.98|59.06|1253
2021.03.19 16:00:00|59.06|59.08|58.7|58.84|648
2021.03.19 17:00:00|58.84|59.04|58.6|59.02|491
2021.03.19 18:00:00|59|59.04|58.78|58.84|98
2021.03.22 10:00:00|58.54|58.58|58.08|58.22|1130
2021.03.22 11:00:00|58.22|58.34|58.1|58.16|507
2021.03.22 12:00:00|58.18|58.36|58.12|58.26|450
2021.03.22 13:00:00|58.26|58.54|58.26|58.54|277
2021.03.22 14:00:00|58.56|58.66|58.48|58.64|229
2021.03.22 15:00:00|58.64|58.98|58.64|58.9|531
2021.03.22 16:00:00|58.9|59.3|58.9|59.14|705
2021.03.22 17:00:00|59.12|59.16|58.94|58.98|284
2021.03.22 18:00:00|59|59.06|58.94|59.04|247
2021.03.23 10:00:00|58.88|58.9|58.64|58.84|997
2021.03.23 11:00:00|58.86|59.08|58.78|59.06|642
2021.03.23 12:00:00|59.04|59.26|58.96|59.06|521
2021.03.23 13:00:00|59.04|59.1|58.92|58.98|427
2021.03.23 14:00:00|58.96|59.48|58.96|59.36|446
2021.03.23 15:00:00|59.38|59.42|59.04|59.08|366
2021.03.23 16:00:00|59.1|59.26|59.02|59.22|564
2021.03.23 17:00:00|59.24|59.42|59.18|59.36|531
2021.03.23 18:00:00|59.34|59.38|59.2|59.24|205
2021.03.24 10:00:00|58.7|58.96|58.64|58.64|917
2021.03.24 11:00:00|58.64|58.74|58.46|58.56|581
2021.03.24 12:00:00|58.58|58.62|58.32|58.46|490
2021.03.24 13:00:00|58.46|58.62|58.42|58.42|337
2021.03.24 14:00:00|58.4|58.42|58.1|58.16|385
2021.03.24 15:00:00|58.14|58.48|58.08|58.3|455
2021.03.24 16:00:00|58.32|58.44|58.22|58.22|416
2021.03.24 17:00:00|58.2|58.44|58.16|58.4|303
2021.03.24 18:00:00|58.38|58.48|58.28|58.3|187
2021.03.25 10:00:00|57.98|58.32|57.76|58.14|747
2021.03.25 11:00:00|58.14|58.4|58.04|58.22|682
2021.03.25 12:00:00|58.24|58.42|58.22|58.34|264
2021.03.25 13:00:00|58.32|58.4|58.12|58.2|538
2021.03.25 14:00:00|58.18|58.28|58.14|58.26|612
2021.03.25 15:00:00|58.28|58.48|58.22|58.36|589
2021.03.25 16:00:00|58.34|58.44|58.26|58.4|418
2021.03.25 17:00:00|58.4|58.4|58.1|58.26|526
2021.03.25 18:00:00|58.24|58.4|58.22|58.32|193
2021.03.26 10:00:00|57.76|58.5|57.74|58.44|806
2021.03.26 11:00:00|58.44|58.58|58.34|58.34|393
2021.03.26 12:00:00|58.32|58.44|58.2|58.44|565
2021.03.26 13:00:00|58.42|58.44|58.28|58.38|344
2021.03.26 14:00:00|58.36|58.56|58.32|58.5|240
2021.03.26 15:00:00|58.48|58.5|58.32|58.42|389
2021.03.26 16:00:00|58.44|58.44|58.28|58.38|273
2021.03.26 17:00:00|58.36|58.56|58.36|58.4|309
2021.03.26 18:00:00|58.4|58.44|58.34|58.36|85
2021.03.29 10:00:00|58.58|58.74|58.22|58.3|435
2021.03.29 11:00:00|58.32|58.48|58.2|58.4|470
2021.03.29 12:00:00|58.4|58.42|58.24|58.38|304
2021.03.29 13:00:00|58.36|58.4|58.22|58.3|231
2021.03.29 14:00:00|58.28|58.34|58.2|58.34|152
2021.03.29 15:00:00|58.32|58.34|58.12|58.26|271
2021.03.29 16:00:00|58.24|58.5|58.24|58.48|295
2021.03.29 17:00:00|58.46|58.74|58.44|58.72|415
2021.03.29 18:00:00|58.7|58.86|58.68|58.86|104
2021.03.30 10:00:00|58.8|59.18|58.66|59.04|804
2021.03.30 11:00:00|59.06|59.12|58.74|58.82|399
2021.03.30 12:00:00|58.84|58.96|58.76|58.8|168
2021.03.30 13:00:00|58.82|58.94|58.68|58.68|112
2021.03.30 14:00:00|58.66|58.8|58.54|58.8|327
2021.03.30 15:00:00|58.8|58.8|58.62|58.68|171
2021.03.30 16:00:00|58.7|58.92|58.68|58.76|311
2021.03.30 17:00:00|58.76|58.84|58.62|58.8|477
2021.03.30 18:00:00|58.82|58.88|58.7|58.8|163
2021.03.31 10:00:00|58.5|58.9|58.5|58.68|514
2021.03.31 11:00:00|58.68|58.94|58.68|58.82|342
2021.03.31 12:00:00|58.82|58.84|58.64|58.66|333
2021.03.31 13:00:00|58.64|58.84|58.6|58.62|191
2021.03.31 14:00:00|58.64|58.64|58.52|58.56|169
2021.03.31 15:00:00|58.54|58.64|58.5|58.56|143
2021.03.31 16:00:00|58.58|58.6|58.36|58.38|188
2021.03.31 17:00:00|58.4|58.48|58.36|58.4|151
2021.03.31 18:00:00|58.38|58.42|58.3|58.3|159
2021.04.01 10:00:00|58.15|58.3|57.82|58.2|1577
2021.04.01 11:00:00|58.19|58.42|58.08|58.38|978
2021.04.01 12:00:00|58.38|58.43|58.24|58.32|946
2021.04.01 13:00:00|58.31|58.34|57.95|58.03|541
2021.04.01 14:00:00|58.03|58.14|57.96|58.02|523
2021.04.01 15:00:00|58.03|58.2|58.02|58.17|499
2021.04.01 16:00:00|58.17|58.18|57.85|57.88|814
2021.04.01 17:00:00|57.88|58.07|57.87|58.07|739
2021.04.01 18:00:00|58.06|58.18|58.02|58.08|579
2021.04.06 10:00:00|58.21|58.73|58.21|58.54|2039
2021.04.06 11:00:00|58.54|58.76|58.52|58.56|976
2021.04.06 12:00:00|58.56|58.62|58.42|58.57|835
2021.04.06 13:00:00|58.57|58.64|58.45|58.49|639
2021.04.06 14:00:00|58.48|58.63|58.46|58.56|546
2021.04.06 15:00:00|58.56|58.58|58.45|58.51|452
2021.04.06 16:00:00|58.52|58.55|58.4|58.45|591
2021.04.06 17:00:00|58.44|58.6|58.43|58.56|630
2021.04.06 18:00:00|58.57|58.62|58.52|58.59|436
2021.04.07 10:00:00|58.68|59.22|58.61|59.1|1111
2021.04.07 11:00:00|59.11|59.12|58.81|58.9|636
2021.04.07 12:00:00|58.89|58.97|58.82|58.93|592
2021.04.07 13:00:00|58.94|59.35|58.81|59.31|1045
2021.04.07 14:00:00|59.3|59.39|59.11|59.11|580
2021.04.07 15:00:00|59.1|59.28|59.07|59.15|665
2021.04.07 16:00:00|59.16|59.52|59.14|59.4|1046
2021.04.07 17:00:00|59.4|59.55|59.33|59.47|986
2021.04.07 18:00:00|59.48|59.5|59.38|59.45|572
2021.04.08 10:00:00|59.47|59.54|59.14|59.17|1209
2021.04.08 11:00:00|59.17|59.48|59.13|59.4|763
2021.04.08 12:00:00|59.4|59.48|59.2|59.32|517
2021.04.08 13:00:00|59.33|59.46|59.22|59.4|611
2021.04.08 14:00:00|59.39|59.49|59.34|59.49|605
2021.04.08 15:00:00|59.49|59.86|59.46|59.82|617
2021.04.08 16:00:00|59.81|59.87|59.69|59.85|868
2021.04.08 17:00:00|59.84|60.01|59.81|59.83|717
2021.04.08 18:00:00|59.82|59.89|59.75|59.86|410
2021.04.09 10:00:00|59.79|59.99|59.42|59.79|1068
2021.04.09 11:00:00|59.8|60.09|59.76|59.9|625
2021.04.09 12:00:00|59.89|59.95|59.65|59.94|809
2021.04.09 13:00:00|59.93|59.94|59.61|59.61|455
2021.04.09 14:00:00|59.61|59.73|59.5|59.58|278
2021.04.09 15:00:00|59.59|59.67|59.51|59.53|446
2021.04.09 16:00:00|59.54|59.58|59.38|59.45|552
2021.04.09 17:00:00|59.46|59.58|59.44|59.49|462
2021.04.09 18:00:00|59.48|59.49|59.41|59.47|255
2021.04.12 10:00:00|59.57|59.68|59.37|59.5|1307
2021.04.12 11:00:00|59.49|59.55|59.39|59.46|563
2021.04.12 12:00:00|59.46|59.56|59.4|59.44|635
2021.04.12 13:00:00|59.45|59.49|59.38|59.38|487
2021.04.12 14:00:00|59.38|59.39|59.29|59.3|344
2021.04.12 15:00:00|59.3|59.42|59.26|59.29|331
2021.04.12 16:00:00|59.29|59.49|59.28|59.44|621
2021.04.12 17:00:00|59.43|59.61|59.37|59.53|559
2021.04.12 18:00:00|59.53|59.61|59.47|59.53|220
2021.04.13 10:00:00|59.31|59.83|59.31|59.43|1324
2021.04.13 11:00:00|59.43|59.48|59.1|59.14|943
2021.04.13 12:00:00|59.14|59.21|59.03|59.2|495
2021.04.13 13:00:00|59.2|59.26|59.05|59.06|547
2021.04.13 14:00:00|59.05|59.22|58.94|59.14|1013
2021.04.13 15:00:00|59.15|59.37|59.15|59.35|421
2021.04.13 16:00:00|59.34|59.43|59.26|59.39|668
2021.04.13 17:00:00|59.4|59.54|59.36|59.38|646
2021.04.13 18:00:00|59.39|59.39|59.25|59.27|322
2021.04.14 10:00:00|59.29|59.45|59.1|59.13|979
2021.04.14 11:00:00|59.14|59.23|59.09|59.16|710
2021.04.14 12:00:00|59.15|59.19|59.06|59.18|601
2021.04.14 13:00:00|59.19|59.46|59.11|59.46|823
2021.04.14 14:00:00|59.45|59.47|59.25|59.4|640
2021.04.14 15:00:00|59.39|59.4|59.11|59.21|587
2021.04.14 16:00:00|59.22|59.31|58.86|58.9|677
2021.04.14 17:00:00|58.89|58.96|58.69|58.71|666
2021.04.14 18:00:00|58.7|58.86|58.7|58.77|352
2021.04.15 10:00:00|58.67|59.19|58.59|59.1|1127
2021.04.15 11:00:00|59.1|59.13|58.82|58.88|917
2021.04.15 12:00:00|58.87|59.06|58.73|58.73|856
2021.04.15 13:00:00|58.74|59|58.72|58.99|602
2021.04.15 14:00:00|58.98|59.19|58.93|58.94|796
2021.04.15 15:00:00|58.94|59.11|58.93|59.07|552
2021.04.15 16:00:00|59.07|59.29|58.96|59.15|869
2021.04.15 17:00:00|59.16|59.28|59.09|59.21|578
2021.04.15 18:00:00|59.2|59.24|59.06|59.12|332
2021.04.16 10:00:00|58.94|59.09|58.82|58.89|1033
2021.04.16 11:00:00|58.9|59.16|58.88|59.02|936
2021.04.16 12:00:00|59|59.46|58.97|59.33|1573
2021.04.16 13:00:00|59.33|59.33|59.1|59.18|694
2021.04.16 14:00:00|59.18|59.56|59.18|59.52|833
2021.04.16 15:00:00|59.52|59.68|59.45|59.67|669
2021.04.16 16:00:00|59.65|59.69|59.54|59.61|915
2021.04.16 17:00:00|59.62|59.7|59.36|59.48|851
2021.04.16 18:00:00|59.49|59.58|59.49|59.55|478
2021.04.19 10:00:00|59.5|60.01|59.43|59.84|1259
2021.04.19 11:00:00|59.84|60.14|59.83|60.07|741
2021.04.19 12:00:00|60.08|60.16|59.94|60.04|799
2021.04.19 13:00:00|60.03|60.16|59.95|59.97|652
2021.04.19 14:00:00|59.97|60.07|59.9|59.99|804
2021.04.19 15:00:00|59.98|60.2|59.95|60.12|646
2021.04.19 16:00:00|60.13|60.19|60|60|805
2021.04.19 17:00:00|59.99|60.17|59.95|60.13|887
2021.04.19 18:00:00|60.14|60.29|60.12|60.29|628
2021.04.20 10:00:00|59.72|59.94|58.83|59.14|2118
2021.04.20 11:00:00|59.13|59.13|58.49|58.8|2369
2021.04.20 12:00:00|58.79|58.91|58.62|58.77|2334
2021.04.20 13:00:00|58.77|58.78|58.45|58.6|1686
2021.04.20 14:00:00|58.61|58.64|58.46|58.56|793
2021.04.20 15:00:00|58.57|58.77|58.5|58.68|710
2021.04.20 16:00:00|58.68|58.98|58.62|58.91|1127
2021.04.20 17:00:00|58.91|59|58.74|58.89|1203
2021.04.20 18:00:00|58.88|59.01|58.84|58.97|540
2021.04.21 10:00:00|59.05|59.57|58.8|59.56|1705
2021.04.21 11:00:00|59.56|59.63|58.88|58.96|1049
2021.04.21 12:00:00|58.96|58.99|58.59|58.59|1042
2021.04.21 13:00:00|58.58|58.63|58.26|58.34|1100
2021.04.21 14:00:00|58.34|58.49|58.25|58.35|767
2021.04.21 15:00:00|58.34|58.44|58.18|58.41|703
2021.04.21 16:00:00|58.41|58.84|58.34|58.83|1175
2021.04.21 17:00:00|58.82|58.92|58.7|58.73|830
2021.04.21 18:00:00|58.72|58.79|58.63|58.75|357
2021.04.22 10:00:00|59.14|59.19|58.93|59.18|1817
2021.04.22 11:00:00|59.18|59.33|58.96|58.97|1304
2021.04.22 12:00:00|58.98|59.57|58.97|59.55|1224
2021.04.22 13:00:00|59.58|59.89|59.52|59.87|789
2021.04.22 14:00:00|59.87|59.91|59.66|59.69|898
2021.04.22 15:00:00|59.7|59.82|59.59|59.59|785
2021.04.22 16:00:00|59.58|59.74|59.54|59.68|1244
2021.04.22 17:00:00|59.69|59.7|59.51|59.55|1057
2021.04.22 18:00:00|59.56|59.65|59.52|59.57|285
2021.04.23 10:00:00|59.27|59.32|58.96|59.31|1753
2021.04.23 11:00:00|59.3|59.41|59.17|59.18|1004
2021.04.23 12:00:00|59.17|59.37|59.12|59.27|776
2021.04.23 13:00:00|59.26|59.27|58.99|59.14|748
2021.04.23 14:00:00|59.15|59.31|59.11|59.21|720
2021.04.23 15:00:00|59.2|59.2|58.94|58.94|747
2021.04.23 16:00:00|58.94|59|58.58|58.68|1039
2021.04.23 17:00:00|58.68|58.74|58.61|58.69|829
2021.04.23 18:00:00|58.68|58.77|58.64|58.71|382
2021.04.26 10:00:00|58.63|58.85|58.5|58.76|1505
2021.04.26 11:00:00|58.75|58.75|58.48|58.7|1146
2021.04.26 12:00:00|58.7|58.71|58.48|58.56|738
2021.04.26 13:00:00|58.55|58.56|58.17|58.26|871
2021.04.26 14:00:00|58.27|58.62|58.13|58.59|986
2021.04.26 15:00:00|58.6|58.82|58.48|58.75|688
2021.04.26 16:00:00|58.74|58.8|58.45|58.51|1043
2021.04.26 17:00:00|58.5|58.54|58.33|58.33|669
2021.04.26 18:00:00|58.33|58.34|58.14|58.17|336
2021.04.27 10:00:00|57.88|58.18|57.86|58.07|1330
2021.04.27 11:00:00|58.06|58.15|57.96|58.08|915
2021.04.27 12:00:00|58.07|58.14|57.93|57.94|826
2021.04.27 13:00:00|57.93|58.03|57.86|57.89|779
2021.04.27 14:00:00|57.89|57.96|57.78|57.82|640
2021.04.27 15:00:00|57.82|58.08|57.78|57.95|617
2021.04.27 16:00:00|57.96|58.05|57.88|57.93|616
2021.04.27 17:00:00|57.93|57.99|57.82|57.86|690
2021.04.27 18:00:00|57.85|57.88|57.74|57.75|311
2021.04.28 10:00:00|57.76|58.21|57.72|58.07|1346
2021.04.28 11:00:00|58.07|58.25|57.95|58.23|800
2021.04.28 12:00:00|58.22|58.48|58.15|58.42|688
2021.04.28 13:00:00|58.43|58.61|58.39|58.54|645
2021.04.28 14:00:00|58.54|58.55|58.41|58.46|488
2021.04.28 15:00:00|58.45|58.54|58.37|58.46|404
2021.04.28 16:00:00|58.45|58.5|58.34|58.48|570
2021.04.28 17:00:00|58.47|58.49|58.22|58.22|477
2021.04.28 18:00:00|58.21|58.29|58.01|58.03|353
2021.04.29 10:00:00|58.42|58.76|58.4|58.58|1203
2021.04.29 11:00:00|58.57|58.65|58.38|58.47|848
2021.04.29 12:00:00|58.46|58.68|58.43|58.66|602
2021.04.29 13:00:00|58.66|58.66|58.5|58.53|482
2021.04.29 14:00:00|58.54|58.56|58.37|58.46|409
2021.04.29 15:00:00|58.46|58.64|58.44|58.63|516
2021.04.29 16:00:00|58.64|59|58.59|58.91|904
2021.04.29 17:00:00|58.91|59.05|58.82|58.93|1253
2021.04.29 18:00:00|58.92|58.98|58.87|58.94|497
2021.04.30 10:00:00|59.1|59.11|58.85|59|870
2021.04.30 11:00:00|59|59.11|58.75|58.77|530
2021.04.30 12:00:00|58.77|58.87|58.7|58.76|656
2021.04.30 13:00:00|58.76|58.76|58.62|58.68|419
2021.04.30 14:00:00|58.67|58.77|58.56|58.77|371
2021.04.30 15:00:00|58.78|58.83|58.72|58.73|344
2021.04.30 16:00:00|58.72|58.82|58.68|58.68|356
2021.04.30 17:00:00|58.68|58.74|58.61|58.69|504
2021.04.30 18:00:00|58.7|58.7|58.43|58.47|499
2021.05.03 10:00:00|58.85|59.29|58.81|59.28|1287
2021.05.03 11:00:00|59.28|59.44|58.92|58.93|752
2021.05.03 12:00:00|58.92|58.93|58.59|58.71|924
2021.05.03 13:00:00|58.72|58.91|58.67|58.88|683
2021.05.03 14:00:00|58.89|59.24|58.88|59.2|721
2021.05.03 15:00:00|59.21|59.26|59.11|59.16|395
2021.05.03 16:00:00|59.17|59.28|59.11|59.25|533
2021.05.03 17:00:00|59.24|59.37|59.19|59.3|933
2021.05.03 18:00:00|59.31|59.31|59.22|59.3|346
2021.05.04 10:00:00|59.32|59.48|59.04|59.04|1096
2021.05.04 11:00:00|59.05|59.06|58.8|58.91|845
2021.05.04 12:00:00|58.89|59.05|58.75|59.04|634
2021.05.04 13:00:00|59.03|59.28|58.95|59.27|578
2021.05.04 14:00:00|59.27|59.39|58.9|58.94|1713
2021.05.04 15:00:00|58.93|59.06|58.66|58.82|1348
2021.05.04 16:00:00|58.81|58.82|58.6|58.76|1048
2021.05.04 17:00:00|58.75|58.86|58.62|58.82|1198
2021.05.04 18:00:00|58.83|58.91|58.65|58.71|759
2021.05.05 10:00:00|58.99|59.03|58.61|58.69|1273
2021.05.05 11:00:00|58.7|59.05|58.7|58.91|814
2021.05.05 12:00:00|58.9|58.94|58.69|58.72|625
2021.05.05 13:00:00|58.73|58.82|58.67|58.76|462
2021.05.05 14:00:00|58.76|58.87|58.73|58.84|267
2021.05.05 15:00:00|58.83|58.86|58.73|58.82|305
2021.05.05 16:00:00|58.82|58.98|58.79|58.84|596
2021.05.05 17:00:00|58.84|58.98|58.84|58.9|537
2021.05.05 18:00:00|58.89|59.01|58.89|58.99|189
2021.05.06 10:00:00|59.08|59.46|59.03|59.29|1169
2021.05.06 11:00:00|59.3|59.31|59.08|59.15|733
2021.05.06 12:00:00|59.16|59.28|58.94|59.09|770
2021.05.06 13:00:00|59.08|59.1|58.94|58.99|545
2021.05.06 14:00:00|58.98|59.04|58.94|58.98|395
2021.05.06 15:00:00|58.98|59|58.64|58.65|497
2021.05.06 16:00:00|58.66|58.8|58.55|58.6|949
2021.05.06 17:00:00|58.59|58.68|58.43|58.51|953
2021.05.06 18:00:00|58.5|58.63|58.42|58.62|542
2021.05.07 10:00:00|59.12|59.15|58.6|58.63|1570
2021.05.07 11:00:00|58.62|58.84|58.61|58.79|730
2021.05.07 12:00:00|58.8|58.9|58.55|58.8|856
2021.05.07 13:00:00|58.81|59.05|58.71|59.02|862
2021.05.07 14:00:00|59.01|59.08|58.94|58.99|431
2021.05.07 15:00:00|59|59.11|58.81|58.96|1262
2021.05.07 16:00:00|58.96|59.04|58.82|58.99|958
2021.05.07 17:00:00|59|59.09|58.88|58.99|1219
2021.05.07 18:00:00|59|59.06|58.9|59.04|393
2021.05.10 10:00:00|57.12|57.34|56.86|56.89|1332
2021.05.10 11:00:00|56.88|57.04|56.78|56.78|693
2021.05.10 12:00:00|56.78|56.82|56.55|56.64|679
2021.05.10 13:00:00|56.63|56.67|56.4|56.46|678
2021.05.10 14:00:00|56.47|56.74|56.46|56.61|565
2021.05.10 15:00:00|56.62|56.82|56.58|56.61|702
2021.05.10 16:00:00|56.62|56.78|56.58|56.72|874
2021.05.10 17:00:00|56.71|57.07|56.67|57.07|818
2021.05.10 18:00:00|57.08|57.28|56.96|57.26|369
2021.05.11 10:00:00|57.04|57.11|56.3|56.37|1726
2021.05.11 11:00:00|56.37|56.46|56.14|56.21|1046
2021.05.11 12:00:00|56.22|56.3|56.02|56.18|799
2021.05.11 13:00:00|56.18|56.19|55.92|56.03|643
2021.05.11 14:00:00|56.02|56.2|55.95|56.05|626
2021.05.11 15:00:00|56.07|56.19|55.9|56.11|739
2021.05.11 16:00:00|56.11|56.33|56.03|56.14|1371
2021.05.11 17:00:00|56.14|56.26|55.9|55.97|1188
2021.05.11 18:00:00|55.98|55.98|55.6|55.65|647
2021.05.12 10:00:00|56.03|56.22|55.77|56.09|1110
2021.05.12 11:00:00|56.06|56.37|55.93|56.28|1274
2021.05.12 12:00:00|56.29|56.34|56.17|56.29|519
2021.05.12 13:00:00|56.28|56.51|56.1|56.12|647
2021.05.12 14:00:00|56.13|56.32|56.12|56.28|330
2021.05.12 15:00:00|56.28|56.57|56.07|56.5|1795
2021.05.12 16:00:00|56.5|56.67|56.38|56.6|1019
2021.05.12 17:00:00|56.59|56.87|56.42|56.79|1197
2021.05.12 18:00:00|56.79|56.84|56.63|56.63|462
2021.05.13 10:00:00|56.43|56.46|56.07|56.27|1577
2021.05.13 11:00:00|56.27|56.56|56.22|56.56|1070
2021.05.13 12:00:00|56.56|56.83|56.52|56.75|1017
2021.05.13 13:00:00|56.75|56.85|56.63|56.81|763
2021.05.13 14:00:00|56.81|56.87|56.77|56.83|590
2021.05.13 15:00:00|56.83|57.13|56.82|57.07|620
2021.05.13 16:00:00|57.08|57.2|57.02|57.09|1129
2021.05.13 17:00:00|57.09|57.41|57.08|57.38|852
2021.05.13 18:00:00|57.38|57.62|57.35|57.52|382
2021.05.14 10:00:00|57.1|57.23|56.39|56.42|1824
2021.05.14 11:00:00|56.42|56.57|56.35|56.53|963
2021.05.14 12:00:00|56.52|56.7|56.44|56.49|707
2021.05.14 13:00:00|56.5|56.62|56.43|56.5|491
2021.05.14 14:00:00|56.51|56.7|56.47|56.69|526
2021.05.14 15:00:00|56.7|57.17|56.69|57.13|800
2021.05.14 16:00:00|57.14|57.58|57.14|57.48|794
2021.05.14 17:00:00|57.49|57.53|57.31|57.34|897
2021.05.14 18:00:00|57.35|57.36|57.19|57.29|499
2021.05.17 10:00:00|57.63|58.06|57.58|57.99|1395
2021.05.17 11:00:00|57.99|58.07|57.93|57.94|584
2021.05.17 12:00:00|57.95|58.2|57.88|58.15|742
2021.05.17 13:00:00|58.14|58.24|57.98|58.21|647
2021.05.17 14:00:00|58.21|58.31|58.12|58.2|552
2021.05.17 15:00:00|58.19|58.58|58.16|58.34|626
2021.05.17 16:00:00|58.35|58.56|58.29|58.53|772
2021.05.17 17:00:00|58.51|58.6|58.2|58.42|856
2021.05.17 18:00:00|58.41|58.41|58.24|58.28|295
2021.05.18 10:00:00|58|58.66|57.99|58.08|1769
2021.05.18 11:00:00|58.09|58.1|57.69|57.77|770
2021.05.18 12:00:00|57.77|57.9|57.66|57.73|524
2021.05.18 13:00:00|57.72|57.97|57.72|57.8|651
2021.05.18 14:00:00|57.79|57.95|57.79|57.84|962
2021.05.18 15:00:00|57.84|58|57.83|57.9|384
2021.05.18 16:00:00|57.91|57.93|57.75|57.75|729
2021.05.18 17:00:00|57.74|58.07|57.64|57.99|741
2021.05.18 18:00:00|57.98|58.16|57.96|58.16|304
2021.05.19 10:00:00|57.8|58.02|57.58|57.68|1408
2021.05.19 11:00:00|57.68|57.91|57.56|57.81|960
2021.05.19 12:00:00|57.82|58.19|57.82|57.98|923
2021.05.19 13:00:00|57.98|58.05|57.88|58.05|543
2021.05.19 14:00:00|58.04|58.04|57.77|57.84|640
2021.05.19 15:00:00|57.84|58.09|57.83|57.91|761
2021.05.19 16:00:00|57.91|58.05|57.82|57.91|1366
2021.05.19 17:00:00|57.91|57.99|57.7|57.94|1684
2021.05.19 18:00:00|57.94|58.11|57.94|58.04|523
2021.05.20 10:00:00|58.71|59.03|58.54|58.64|1536
2021.05.20 11:00:00|58.63|59.05|58.61|58.96|936
2021.05.20 12:00:00|58.95|59.21|58.9|59.13|974
2021.05.20 13:00:00|59.13|59.44|59.12|59.35|657
2021.05.20 14:00:00|59.35|59.56|59.32|59.54|469
2021.05.20 15:00:00|59.54|59.61|59.39|59.5|577
2021.05.20 16:00:00|59.51|59.54|59.32|59.53|824
2021.05.20 17:00:00|59.53|59.67|59.36|59.41|709
2021.05.20 18:00:00|59.41|59.7|59.41|59.66|511
2021.05.21 10:00:00|60.06|60.28|59.91|60.13|1338
2021.05.21 11:00:00|60.12|60.3|60.07|60.27|722
2021.05.21 12:00:00|60.26|60.84|60.26|60.46|1346
2021.05.21 13:00:00|60.47|60.47|60.12|60.18|842
2021.05.21 14:00:00|60.17|60.37|60.16|60.22|543
2021.05.21 15:00:00|60.2|60.32|59.98|60.2|498
2021.05.21 16:00:00|60.19|60.44|60.08|60.4|940
2021.05.21 17:00:00|60.39|60.48|60.3|60.39|836
2021.05.21 18:00:00|60.38|60.46|60.36|60.46|288
2021.05.24 10:00:00|60.69|60.69|60.44|60.49|880
2021.05.24 11:00:00|60.48|60.55|60.35|60.54|676
2021.05.24 12:00:00|60.56|60.67|60.47|60.62|458
2021.05.24 13:00:00|60.63|60.72|60.58|60.61|289
2021.05.24 14:00:00|60.62|60.72|60.62|60.7|226
2021.05.24 15:00:00|60.7|60.7|60.55|60.6|244
2021.05.24 16:00:00|60.59|60.62|60.45|60.55|410
2021.05.24 17:00:00|60.56|60.64|60.55|60.58|371
2021.05.24 18:00:00|60.59|60.6|60.33|60.44|276
2021.05.25 10:00:00|60.38|60.71|60.29|60.46|1074
2021.05.25 11:00:00|60.46|60.76|60.41|60.73|751
2021.05.25 12:00:00|60.74|60.74|60.45|60.46|520
2021.05.25 13:00:00|60.47|60.52|60.34|60.5|452
2021.05.25 14:00:00|60.49|60.57|60.31|60.32|374
2021.05.25 15:00:00|60.32|60.37|60.22|60.23|399
2021.05.25 16:00:00|60.22|60.35|60.12|60.28|755
2021.05.25 17:00:00|60.28|60.33|60.17|60.22|451
2021.05.25 18:00:00|60.21|60.33|60.19|60.26|347
2021.05.26 10:00:00|59.16|59.91|59.14|59.84|1982
2021.05.26 11:00:00|59.84|59.85|59.45|59.51|787
2021.05.26 12:00:00|59.51|59.59|59.46|59.48|588
2021.05.26 13:00:00|59.47|59.54|59.24|59.3|547
2021.05.26 14:00:00|59.31|59.44|59.22|59.27|380
2021.05.26 15:00:00|59.28|59.34|59.19|59.21|436
2021.05.26 16:00:00|59.22|59.38|58.98|59.18|661
2021.05.26 17:00:00|59.18|59.2|58.95|59.02|705
2021.05.26 18:00:00|59.03|59.16|59.03|59.03|325
2021.05.27 10:00:00|58.79|59.01|58.35|58.41|1572
2021.05.27 11:00:00|58.42|58.53|58.3|58.38|730
2021.05.27 12:00:00|58.38|58.65|58.34|58.51|435
2021.05.27 13:00:00|58.51|58.61|58.36|58.37|578
2021.05.27 14:00:00|58.37|58.45|58.13|58.28|627
2021.05.27 15:00:00|58.28|58.34|58.02|58.14|660
2021.05.27 16:00:00|58.13|58.36|57.99|58.31|873
2021.05.27 17:00:00|58.32|58.35|58.07|58.07|426
2021.05.27 18:00:00|58.08|58.1|57.87|57.87|380
2021.05.28 10:00:00|58.1|58.29|58.01|58.04|1162
2021.05.28 11:00:00|58.05|58.44|58.04|58.37|538
2021.05.28 12:00:00|58.37|58.61|58.34|58.57|636
2021.05.28 13:00:00|58.57|58.58|58.41|58.57|336
2021.05.28 14:00:00|58.56|58.6|58.44|58.46|316
2021.05.28 15:00:00|58.46|58.69|58.43|58.67|507
2021.05.28 16:00:00|58.66|58.67|58.31|58.51|829
2021.05.28 17:00:00|58.5|58.5|58.3|58.33|492
2021.05.28 18:00:00|58.32|58.33|58.2|58.23|336
2021.05.31 10:00:00|58.36|59.26|58.36|59.12|1508
2021.05.31 11:00:00|59.14|59.16|58.84|58.99|613
2021.05.31 12:00:00|58.98|59.04|58.8|58.83|750
2021.05.31 13:00:00|58.83|58.88|58.58|58.64|360
2021.05.31 14:00:00|58.64|58.71|58.39|58.43|296
2021.05.31 15:00:00|58.43|58.48|58.34|58.4|341
2021.05.31 16:00:00|58.4|58.45|58.3|58.31|264
2021.05.31 17:00:00|58.31|58.38|58.2|58.24|318
2021.05.31 18:00:00|58.24|58.26|58.11|58.12|332
2021.06.01 10:00:00|58.06|58.28|57.83|58.02|1260
2021.06.01 11:00:00|58.03|58.38|57.98|58.34|786
2021.06.01 12:00:00|58.33|58.48|58.18|58.25|742
2021.06.01 13:00:00|58.27|58.32|58.05|58.2|434
2021.06.01 14:00:00|58.21|58.38|58.16|58.36|428
2021.06.01 15:00:00|58.35|58.37|58.23|58.26|345
2021.06.01 16:00:00|58.26|58.28|58.08|58.14|484
2021.06.01 17:00:00|58.13|58.18|58.01|58.04|772
2021.06.01 18:00:00|58.03|58.14|57.99|58.06|415
2021.06.02 10:00:00|58.14|58.55|58.13|58.38|1065
2021.06.02 11:00:00|58.38|58.47|58.23|58.23|606
2021.06.02 12:00:00|58.24|58.27|58.09|58.12|359
2021.06.02 13:00:00|58.12|58.29|58.03|58.28|424
2021.06.02 14:00:00|58.29|58.32|58.1|58.11|393
2021.06.02 15:00:00|58.12|58.26|58.08|58.11|338
2021.06.02 16:00:00|58.12|58.19|58.02|58.13|584
2021.06.02 17:00:00|58.13|58.2|58.1|58.14|421
2021.06.02 18:00:00|58.14|58.21|58.04|58.06|353
2021.06.03 10:00:00|58.21|58.34|57.99|58.02|592
2021.06.03 11:00:00|58.03|58.08|57.93|58.08|394
2021.06.03 12:00:00|58.07|58.16|58.04|58.04|214
2021.06.03 13:00:00|58.04|58.05|57.82|57.84|389
2021.06.03 14:00:00|57.83|57.94|57.8|57.9|263
2021.06.03 15:00:00|57.89|57.96|57.83|57.94|325
2021.06.03 16:00:00|57.95|58.42|57.93|58.42|616
2021.06.03 17:00:00|58.41|58.48|58.26|58.34|630
2021.06.03 18:00:00|58.33|58.48|58.3|58.43|390
2021.06.04 10:00:00|58.64|58.67|58.41|58.49|581
2021.06.04 11:00:00|58.49|58.51|58.37|58.44|322
2021.06.04 12:00:00|58.45|58.63|58.4|58.56|515
2021.06.04 13:00:00|58.57|58.58|58.46|58.52|422
2021.06.04 14:00:00|58.53|58.61|58.49|58.57|242
2021.06.04 15:00:00|58.56|58.63|58.54|58.59|347
2021.06.04 16:00:00|58.59|58.68|58.42|58.42|366
2021.06.04 17:00:00|58.43|58.66|58.43|58.64|339
2021.06.04 18:00:00|58.64|58.73|58.61|58.71|191
2021.06.07 10:00:00|58.69|58.76|58.4|58.66|1010
2021.06.07 11:00:00|58.66|58.87|58.62|58.86|455
2021.06.07 12:00:00|58.86|58.89|58.75|58.83|354
2021.06.07 13:00:00|58.82|58.95|58.65|58.65|390
2021.06.07 14:00:00|58.64|58.84|58.64|58.84|350
2021.06.07 15:00:00|58.83|58.93|58.83|58.86|213
2021.06.07 16:00:00|58.87|58.92|58.74|58.78|552
2021.06.07 17:00:00|58.79|58.83|58.7|58.79|465
2021.06.07 18:00:00|58.79|58.83|58.72|58.74|213
2021.06.08 10:00:00|58.84|59.14|58.83|59.03|691
2021.06.08 11:00:00|59.03|59.08|58.89|58.95|518
2021.06.08 12:00:00|58.96|59.14|58.92|58.95|610
2021.06.08 13:00:00|58.95|59.09|58.84|59.05|651
2021.06.08 14:00:00|59.06|59.1|58.99|59.06|365
2021.06.08 15:00:00|59.06|59.17|59.01|59.16|339
2021.06.08 16:00:00|59.17|59.38|59.13|59.29|574
2021.06.08 17:00:00|59.3|59.36|59.19|59.2|628
2021.06.08 18:00:00|59.21|59.34|59.16|59.19|436
2021.06.09 10:00:00|58.26|58.45|58.08|58.08|1246
2021.06.09 11:00:00|58.07|58.32|58.05|58.29|829
2021.06.09 12:00:00|58.28|58.4|58.1|58.22|693
2021.06.09 13:00:00|58.22|58.4|58.2|58.37|509
2021.06.09 14:00:00|58.38|58.74|58.35|58.74|646
2021.06.09 15:00:00|58.74|58.86|58.53|58.6|560
2021.06.09 16:00:00|58.59|58.9|58.59|58.83|814
2021.06.09 17:00:00|58.83|58.84|58.57|58.65|650
2021.06.09 18:00:00|58.66|58.78|58.65|58.73|291
2021.06.10 10:00:00|58.77|59.22|58.76|59.11|924
2021.06.10 11:00:00|59.11|59.14|58.81|58.92|579
2021.06.10 12:00:00|58.92|58.92|58.81|58.87|357
2021.06.10 13:00:00|58.87|58.91|58.76|58.76|305
2021.06.10 14:00:00|58.75|58.9|58.67|58.83|470
2021.06.10 15:00:00|58.82|58.86|58.6|58.63|681
2021.06.10 16:00:00|58.63|58.86|58.62|58.69|576
2021.06.10 17:00:00|58.69|58.85|58.66|58.83|440
2021.06.10 18:00:00|58.82|58.93|58.81|58.9|258
2021.06.11 10:00:00|58.82|59.05|58.79|59.01|673
2021.06.11 11:00:00|59|59.09|58.98|58.99|401
2021.06.11 12:00:00|58.98|59.08|58.89|59.02|485
2021.06.11 13:00:00|59.03|59.25|58.95|59.24|473
2021.06.11 14:00:00|59.25|59.25|59.1|59.13|277
2021.06.11 15:00:00|59.14|59.21|59.09|59.15|307
2021.06.11 16:00:00|59.15|59.28|59.13|59.28|507
2021.06.11 17:00:00|59.27|59.4|59.18|59.23|555
2021.06.11 18:00:00|59.23|59.33|59.18|59.3|312
2021.06.14 10:00:00|59.22|59.52|59.18|59.48|804
2021.06.14 11:00:00|59.49|59.57|59.32|59.35|512
2021.06.14 12:00:00|59.35|59.45|59.3|59.38|484
2021.06.14 13:00:00|59.38|59.42|59.34|59.38|251
2021.06.14 14:00:00|59.37|59.47|59.35|59.44|284
2021.06.14 15:00:00|59.43|59.54|59.43|59.51|235
2021.06.14 16:00:00|59.5|59.52|59.36|59.42|379
2021.06.14 17:00:00|59.43|59.52|59.38|59.5|349
2021.06.14 18:00:00|59.5|59.54|59.43|59.48|215
2021.06.15 10:00:00|59.33|59.51|59.19|59.25|904
2021.06.15 11:00:00|59.24|59.25|58.92|59.2|809
2021.06.15 12:00:00|59.19|59.26|59.05|59.1|406
2021.06.15 13:00:00|59.11|59.14|58.69|58.86|587
2021.06.15 14:00:00|58.88|59.03|58.64|59.03|731
2021.06.15 15:00:00|59.03|59.03|58.82|58.82|629
2021.06.15 16:00:00|58.83|59.11|58.83|59.07|448
2021.06.15 17:00:00|59.06|59.21|59.03|59.08|402
2021.06.15 18:00:00|59.07|59.15|59.06|59.09|192
2021.06.16 10:00:00|58.85|59.3|58.82|59.14|930
2021.06.16 11:00:00|59.14|59.25|59|59.25|714
2021.06.16 12:00:00|59.25|59.53|59.25|59.51|435
2021.06.16 13:00:00|59.52|59.67|59.48|59.56|389
2021.06.16 14:00:00|59.54|59.64|59.52|59.6|336
2021.06.16 15:00:00|59.61|59.65|59.44|59.59|435
2021.06.16 16:00:00|59.58|59.6|59.45|59.5|441
2021.06.16 17:00:00|59.49|59.52|59.32|59.37|479
2021.06.16 18:00:00|59.37|59.37|59.13|59.19|308
2021.06.17 10:00:00|58.9|58.9|58.45|58.55|652
2021.06.17 11:00:00|58.56|58.63|58.48|58.53|317
2021.06.17 12:00:00|58.54|58.58|58.48|58.55|170
2021.06.17 13:00:00|58.56|58.59|58.46|58.48|228
2021.06.17 14:00:00|58.47|58.65|58.47|58.55|420
2021.06.17 15:00:00|58.55|58.64|58.55|58.62|225
2021.06.17 16:00:00|58.63|58.83|58.61|58.69|442
2021.06.17 17:00:00|58.69|59.05|58.68|59.02|585
2021.06.17 18:00:00|59.03|59.04|58.94|59.02|257
2021.06.18 10:00:00|58.99|59.17|58.79|58.91|922
2021.06.18 11:00:00|58.91|59.27|58.87|58.89|881
2021.06.18 12:00:00|58.9|59.03|58.66|58.76|939
2021.06.18 13:00:00|58.75|58.93|58.58|58.77|704
2021.06.18 14:00:00|58.77|58.85|58.71|58.81|635
2021.06.18 15:00:00|58.8|58.83|58.63|58.78|992
2021.06.18 16:00:00|58.79|58.79|58.51|58.67|1027
2021.06.18 17:00:00|58.66|58.69|58.39|58.41|761
2021.06.18 18:00:00|58.41|58.54|58.36|58.37|555
2021.06.21 10:00:00|58.25|58.35|57.75|57.75|1690
2021.06.21 11:00:00|57.74|57.82|57.61|57.81|888
2021.06.21 12:00:00|57.82|57.99|57.79|57.97|697
2021.06.21 13:00:00|57.97|57.97|57.53|57.6|638
2021.06.21 14:00:00|57.6|57.64|57.42|57.5|505
2021.06.21 15:00:00|57.5|57.59|57.4|57.56|472
2021.06.21 16:00:00|57.55|57.61|57.26|57.27|800
2021.06.21 17:00:00|57.27|57.37|57.24|57.25|547
2021.06.21 18:00:00|57.26|57.27|57.15|57.15|323
2021.06.22 10:00:00|57.2|57.39|56.58|56.7|1060
2021.06.22 11:00:00|56.7|56.81|56.47|56.54|1033
2021.06.22 12:00:00|56.54|56.84|56.51|56.75|784
2021.06.22 13:00:00|56.75|56.89|56.66|56.82|608
2021.06.22 14:00:00|56.81|56.95|56.81|56.92|408
2021.06.22 15:00:00|56.92|56.93|56.83|56.84|292
2021.06.22 16:00:00|56.83|56.9|56.81|56.87|502
2021.06.22 17:00:00|56.86|56.98|56.83|56.88|445
2021.06.22 18:00:00|56.88|56.91|56.85|56.86|252
2021.06.23 10:00:00|56.96|57.02|56.71|56.89|890
2021.06.23 11:00:00|56.89|56.94|56.82|56.87|468
2021.06.23 12:00:00|56.87|56.89|56.78|56.87|404
2021.06.23 13:00:00|56.87|56.92|56.84|56.86|177
2021.06.23 14:00:00|56.87|56.87|56.75|56.84|367
2021.06.23 15:00:00|56.85|56.95|56.83|56.92|261
2021.06.23 16:00:00|56.92|56.99|56.78|56.91|572
2021.06.23 17:00:00|56.91|56.96|56.83|56.84|552
2021.06.23 18:00:00|56.85|56.89|56.81|56.86|404
2021.06.24 10:00:00|56.99|57.15|56.84|56.94|772
2021.06.24 11:00:00|56.94|57.05|56.84|56.96|566
2021.06.24 12:00:00|56.95|57.04|56.88|57|505
2021.06.24 13:00:00|57.01|57.04|56.94|56.98|242
2021.06.24 14:00:00|56.95|57.02|56.95|57|231
2021.06.24 15:00:00|57|57.01|56.9|56.92|240
2021.06.24 16:00:00|56.91|56.98|56.79|56.93|494
2021.06.24 17:00:00|56.92|57.04|56.9|56.94|500
2021.06.24 18:00:00|56.94|56.95|56.83|56.86|185
2021.06.25 10:00:00|56.99|57.79|56.99|57.78|1338
2021.06.25 11:00:00|57.78|57.88|57.58|57.59|806
2021.06.25 12:00:00|57.58|57.69|57.38|57.51|708
2021.06.25 13:00:00|57.52|57.74|57.43|57.69|441
2021.06.25 14:00:00|57.69|57.88|57.62|57.87|390
2021.06.25 15:00:00|57.86|58.29|57.83|58.29|514
2021.06.25 16:00:00|58.3|58.31|57.86|57.9|641
2021.06.25 17:00:00|57.9|57.95|57.67|57.77|633
2021.06.25 18:00:00|57.76|57.95|57.75|57.9|428
2021.06.28 10:00:00|58.69|59.44|58.69|59.2|2066
2021.06.28 11:00:00|59.2|59.25|58.95|59.13|1049
2021.06.28 12:00:00|59.13|59.4|59|59.11|803
2021.06.28 13:00:00|59.1|59.11|58.89|59.09|591
2021.06.28 14:00:00|59.1|59.22|59.06|59.17|678
2021.06.28 15:00:00|59.16|59.28|59.05|59.16|590
2021.06.28 16:00:00|59.16|59.19|58.91|59.06|779
2021.06.28 17:00:00|59.06|59.11|58.89|59.08|626
2021.06.28 18:00:00|59.09|59.13|58.85|58.89|485
2021.06.29 10:00:00|58.94|59.04|58.7|59.01|1155
2021.06.29 11:00:00|59.02|59.22|58.97|59.04|548
2021.06.29 12:00:00|59.02|59.07|58.91|59.06|626
2021.06.29 13:00:00|59.07|59.31|59|59.28|466
2021.06.29 14:00:00|59.28|59.38|59.24|59.3|365
2021.06.29 15:00:00|59.31|59.58|59.31|59.53|475
2021.06.29 16:00:00|59.52|59.6|59.35|59.35|534
2021.06.29 17:00:00|59.36|59.48|59.36|59.48|501
2021.06.29 18:00:00|59.47|59.47|59.37|59.42|330
2021.06.30 10:00:00|59.13|59.71|59.13|59.63|1188
2021.06.30 11:00:00|59.62|59.66|58.97|59|1379
2021.06.30 12:00:00|58.99|59.21|58.85|59.21|1283
2021.06.30 13:00:00|59.21|59.41|59.21|59.32|724
2021.06.30 14:00:00|59.31|59.55|59.31|59.49|559
2021.06.30 15:00:00|59.5|59.55|59.25|59.45|655
2021.06.30 16:00:00|59.44|59.84|59.35|59.7|890
2021.06.30 17:00:00|59.7|59.77|59.42|59.42|837
2021.06.30 18:00:00|59.43|59.44|59.13|59.32|620
2021.07.01 10:00:00|59.33|60.13|59.33|59.71|1464
2021.07.01 11:00:00|59.72|59.77|59.26|59.44|979
2021.07.01 12:00:00|59.45|59.68|59.39|59.53|944
2021.07.01 13:00:00|59.53|59.67|59.32|59.39|1015
2021.07.01 14:00:00|59.38|59.78|59.33|59.76|1023
2021.07.01 15:00:00|59.76|59.85|59.69|59.82|815
2021.07.01 16:00:00|59.83|60.09|59.82|60.06|960
2021.07.01 17:00:00|60.07|60.21|59.93|60.11|1075
2021.07.01 18:00:00|60.11|60.24|60.09|60.21|825
2021.07.02 10:00:00|60.26|60.33|59.88|60.12|1198
2021.07.02 11:00:00|60.13|60.17|59.74|59.81|893
2021.07.02 12:00:00|59.8|59.9|59.68|59.73|694
2021.07.02 13:00:00|59.74|59.91|59.73|59.91|635
2021.07.02 14:00:00|59.91|60.03|59.87|60.03|353
2021.07.02 15:00:00|60.02|60.07|59.95|60|718
2021.07.02 16:00:00|59.99|60.04|59.9|60|677
2021.07.02 17:00:00|59.99|60.1|59.83|60.1|659
2021.07.02 18:00:00|60.1|60.13|59.9|60|328
2021.07.05 10:00:00|60.02|60.12|59.7|59.84|1390
2021.07.05 11:00:00|59.83|60.21|59.83|60.06|738
2021.07.05 12:00:00|60.07|60.08|59.89|59.94|540
2021.07.05 13:00:00|59.95|59.96|59.83|59.92|459
2021.07.05 14:00:00|59.91|60.09|59.91|60.02|598
2021.07.05 15:00:00|60.03|60.09|59.97|60|531
2021.07.05 16:00:00|60.02|60.08|59.94|59.94|463
2021.07.05 17:00:00|59.94|60.06|59.86|60.04|465
2021.07.05 18:00:00|60.05|60.05|59.87|59.88|235
2021.07.06 10:00:00|59.95|60.1|59.76|59.94|1175
2021.07.06 11:00:00|59.93|60.15|59.83|60.14|851
2021.07.06 12:00:00|60.13|60.18|59.9|60.08|744
2021.07.06 13:00:00|60.07|60.22|60.03|60.18|625
2021.07.06 14:00:00|60.19|60.33|60.13|60.26|325
2021.07.06 15:00:00|60.26|60.28|60.18|60.26|397
2021.07.06 16:00:00|60.27|60.27|59.99|60.04|558
2021.07.06 17:00:00|60.04|60.16|59.97|60.01|1081
2021.07.06 18:00:00|60|60.16|59.95|60.11|612
2021.07.07 10:00:00|60.23|60.31|60.04|60.08|1286
2021.07.07 11:00:00|60.09|60.23|59.92|59.97|953
2021.07.07 12:00:00|59.98|60.12|59.96|59.99|658
2021.07.07 13:00:00|60|60.06|59.95|60.05|489
2021.07.07 14:00:00|60.04|60.12|59.99|60.06|442
2021.07.07 15:00:00|60.07|60.15|60.02|60.09|402
2021.07.07 16:00:00|60.09|60.23|60.01|60.17|537
2021.07.07 17:00:00|60.18|60.35|60.17|60.28|634
2021.07.07 18:00:00|60.28|60.38|60.28|60.33|376
2021.07.08 10:00:00|60.11|60.12|59.46|59.66|2399
2021.07.08 11:00:00|59.66|59.76|59.35|59.38|1647
2021.07.08 12:00:00|59.37|59.61|59.32|59.52|1311
2021.07.08 13:00:00|59.51|59.54|59.28|59.37|1400
2021.07.08 14:00:00|59.36|59.45|59.09|59.11|1201
2021.07.08 15:00:00|59.1|59.37|59.01|59.34|1183
2021.07.08 16:00:00|59.33|59.41|59.09|59.4|1586
2021.07.08 17:00:00|59.4|59.4|58.9|59|1813
2021.07.08 18:00:00|59.01|59.22|58.96|59.12|784
2021.07.09 10:00:00|59.3|59.62|59.14|59.43|1832
2021.07.09 11:00:00|59.44|59.5|59.34|59.44|1063
2021.07.09 12:00:00|59.45|59.58|59.39|59.47|1286
2021.07.09 13:00:00|59.47|59.72|59.4|59.63|940
2021.07.09 14:00:00|59.63|59.74|59.55|59.69|681
2021.07.09 15:00:00|59.69|59.71|59.41|59.44|556
2021.07.09 16:00:00|59.45|59.52|59.36|59.38|938
2021.07.09 17:00:00|59.4|59.5|59.3|59.4|825
2021.07.09 18:00:00|59.41|59.42|59.24|59.26|461
2021.07.12 10:00:00|59.18|59.39|59.16|59.23|1161
2021.07.12 11:00:00|59.23|59.44|59.2|59.38|672
2021.07.12 12:00:00|59.37|59.44|59.27|59.3|469
2021.07.12 13:00:00|59.29|59.41|59.25|59.36|415
2021.07.12 14:00:00|59.37|59.49|59.36|59.47|300
2021.07.12 15:00:00|59.46|59.46|59.33|59.43|311
2021.07.12 16:00:00|59.42|59.49|59.37|59.44|432
2021.07.12 17:00:00|59.45|59.58|59.35|59.5|826
2021.07.12 18:00:00|59.51|59.56|59.45|59.54|316
2021.07.13 10:00:00|59.52|59.53|59|59.08|928
2021.07.13 11:00:00|59.09|59.26|59.07|59.09|694
2021.07.13 12:00:00|59.08|59.29|59.06|59.29|444
2021.07.13 13:00:00|59.3|59.36|59.17|59.35|358
2021.07.13 14:00:00|59.34|59.44|59.32|59.39|311
2021.07.13 15:00:00|59.38|59.48|59.2|59.39|625
2021.07.13 16:00:00|59.39|59.54|59.36|59.46|508
2021.07.13 17:00:00|59.45|59.56|59.39|59.49|354
2021.07.13 18:00:00|59.5|59.55|59.44|59.45|218
2021.07.14 10:00:00|59.38|59.61|59.17|59.49|982
2021.07.14 11:00:00|59.48|59.51|59.34|59.4|632
2021.07.14 12:00:00|59.4|59.43|59.31|59.33|455
2021.07.14 13:00:00|59.31|59.33|59.18|59.18|332
2021.07.14 14:00:00|59.19|59.36|59.18|59.31|361
2021.07.14 15:00:00|59.32|59.32|59.16|59.19|364
2021.07.14 16:00:00|59.18|59.31|59.12|59.23|537
2021.07.14 17:00:00|59.22|59.47|59.17|59.43|508
2021.07.14 18:00:00|59.42|59.57|59.36|59.56|289
2021.07.15 10:00:00|59.39|59.51|58.99|59.28|1236
2021.07.15 11:00:00|59.27|59.48|59.22|59.42|689
2021.07.15 12:00:00|59.43|59.48|59.28|59.42|634
2021.07.15 13:00:00|59.43|59.61|59.17|59.21|1254
2021.07.15 14:00:00|59.22|59.22|58.99|59.02|894
2021.07.15 15:00:00|59.03|59.09|58.91|58.99|569
2021.07.15 16:00:00|58.98|59.04|58.83|58.9|655
2021.07.15 17:00:00|58.9|58.96|58.65|58.7|793
2021.07.15 18:00:00|58.69|58.69|58.55|58.62|413
2021.07.16 10:00:00|58.87|59.05|58.64|59.05|1131
2021.07.16 11:00:00|59.05|59.09|58.81|58.99|695
2021.07.16 12:00:00|58.98|59.12|58.93|59.09|869
2021.07.16 13:00:00|59.09|59.17|58.9|58.97|724
2021.07.16 14:00:00|58.98|58.99|58.83|58.89|364
2021.07.16 15:00:00|58.88|58.97|58.88|58.95|253
2021.07.16 16:00:00|58.96|59.02|58.69|58.89|693
2021.07.16 17:00:00|58.89|59.05|58.75|58.94|1199
2021.07.16 18:00:00|58.94|59.09|58.93|58.98|468
2021.07.19 10:00:00|58.95|58.99|58.73|58.9|1591
2021.07.19 11:00:00|58.91|59.25|58.53|58.61|1560
2021.07.19 12:00:00|58.6|58.65|58.44|58.58|1327
2021.07.19 13:00:00|58.6|58.61|58.33|58.48|1190
2021.07.19 14:00:00|58.48|58.51|58.27|58.46|1075
2021.07.19 15:00:00|58.45|58.51|58.25|58.4|1242
2021.07.19 16:00:00|58.39|58.58|58.26|58.29|1657
2021.07.19 17:00:00|58.28|58.35|57.93|58.06|1958
2021.07.19 18:00:00|58.07|58.21|58.04|58.13|1410
2021.07.20 10:00:00|58.5|59.59|58.46|59.43|1900
2021.07.20 11:00:00|59.44|59.51|59.24|59.28|1449
2021.07.20 12:00:00|59.27|59.43|59.14|59.28|1328
2021.07.20 13:00:00|59.26|59.42|59.22|59.28|1222
2021.07.20 14:00:00|59.27|59.33|59.06|59.1|1617
2021.07.20 15:00:00|59.11|59.11|58.55|58.6|1134
2021.07.20 16:00:00|58.59|58.84|58.44|58.78|1815
2021.07.20 17:00:00|58.79|58.88|58.54|58.72|1436
2021.07.20 18:00:00|58.73|58.73|58.41|58.41|630
2021.07.21 10:00:00|58.72|58.8|58.46|58.75|1914
2021.07.21 11:00:00|58.77|59.06|58.65|58.73|1339
2021.07.21 12:00:00|58.73|59.2|58.7|59.19|922
2021.07.21 13:00:00|59.18|59.24|59.03|59.12|626
2021.07.21 14:00:00|59.11|59.11|58.79|58.85|666
2021.07.21 15:00:00|58.87|59.08|58.85|59|608
2021.07.21 16:00:00|58.99|59.14|58.99|59.05|831
2021.07.21 17:00:00|59.07|59.12|58.79|58.98|889
2021.07.21 18:00:00|58.97|58.98|58.89|58.9|311
2021.07.22 10:00:00|58.76|58.79|57.69|57.98|1637
2021.07.22 11:00:00|57.98|58.55|57.9|58.29|1211
2021.07.22 12:00:00|58.29|58.29|57.99|58.01|870
2021.07.22 13:00:00|58.01|58.08|57.93|57.98|643
2021.07.22 14:00:00|57.99|58.04|57.84|57.91|631
2021.07.22 15:00:00|57.9|57.91|57.68|57.75|587
2021.07.22 16:00:00|57.75|57.76|57.54|57.73|870
2021.07.22 17:00:00|57.72|57.73|57.44|57.47|923
2021.07.22 18:00:00|57.47|57.5|57.38|57.43|449
2021.07.23 10:00:00|57.73|58.34|57.71|57.97|1271
2021.07.23 11:00:00|57.98|58.02|57.73|57.77|841
2021.07.23 12:00:00|57.76|57.88|57.72|57.73|840
2021.07.23 13:00:00|57.74|57.97|57.72|57.92|511
2021.07.23 14:00:00|57.92|57.98|57.77|57.82|516
2021.07.23 15:00:00|57.82|57.84|57.68|57.68|467
2021.07.23 16:00:00|57.67|57.77|57.63|57.69|664
2021.07.23 17:00:00|57.69|58.01|57.69|57.98|713
