2020.11.03 13:00:00|8.460000000000001|8.48|8.380000000000001|8.41|143
2020.11.03 14:00:00|8.41|8.43|8.380000000000001|8.390000000000001|91
2020.11.03 15:00:00|8.380000000000001|8.470000000000001|8.359999999999999|8.449999999999999|127
2020.11.03 16:00:00|8.449999999999999|8.460000000000001|8.390000000000001|8.44|196
2020.11.03 17:00:00|8.44|8.5|8.41|8.49|206
2020.11.03 18:00:00|8.48|8.49|8.460000000000001|8.48|97
2020.11.04 10:00:00|8.26|8.470000000000001|8.19|8.470000000000001|319
2020.11.04 11:00:00|8.460000000000001|8.59|8.449999999999999|8.550000000000001|312
2020.11.04 12:00:00|8.550000000000001|8.57|8.44|8.539999999999999|204
2020.11.04 13:00:00|8.550000000000001|8.58|8.51|8.529999999999999|173
2020.11.04 14:00:00|8.52|8.65|8.52|8.640000000000001|186
2020.11.04 15:00:00|8.619999999999999|8.67|8.609999999999999|8.619999999999999|202
2020.11.04 16:00:00|8.630000000000001|8.65|8.44|8.51|269
2020.11.04 17:00:00|8.52|8.59|8.5|8.57|232
2020.11.04 18:00:00|8.56|8.58|8.539999999999999|8.539999999999999|113
2020.11.05 10:00:00|8.539999999999999|8.58|8.380000000000001|8.380000000000001|287
2020.11.05 11:00:00|8.390000000000001|8.4|8.279999999999999|8.4|164
2020.11.05 12:00:00|8.369999999999999|8.42|8.33|8.42|146
2020.11.05 13:00:00|8.4|8.49|8.4|8.43|119
2020.11.05 14:00:00|8.42|8.43|8.35|8.380000000000001|125
2020.11.05 15:00:00|8.359999999999999|8.43|8.35|8.4|96
2020.11.05 16:00:00|8.390000000000001|8.48|8.369999999999999|8.470000000000001|149
2020.11.05 17:00:00|8.48|8.56|8.470000000000001|8.52|160
2020.11.05 18:00:00|8.51|8.529999999999999|8.49|8.52|88
2020.11.06 10:00:00|8.49|8.609999999999999|8.470000000000001|8.52|196
2020.11.06 11:00:00|8.51|8.52|8.43|8.460000000000001|176
2020.11.06 12:00:00|8.449999999999999|8.57|8.43|8.539999999999999|147
2020.11.06 13:00:00|8.529999999999999|8.56|8.51|8.539999999999999|126
2020.11.06 14:00:00|8.539999999999999|8.550000000000001|8.470000000000001|8.52|120
2020.11.06 15:00:00|8.529999999999999|8.640000000000001|8.52|8.58|145
2020.11.06 16:00:00|8.57|8.640000000000001|8.539999999999999|8.57|203
2020.11.06 17:00:00|8.56|8.57|8.51|8.52|123
2020.11.06 18:00:00|8.51|8.550000000000001|8.49|8.51|85
2020.11.09 10:00:00|8.5|8.73|8.5|8.6|179
2020.11.09 11:00:00|8.6|8.67|8.59|8.65|83
2020.11.09 12:00:00|8.65|8.720000000000001|8.65|8.710000000000001|68
2020.11.09 13:00:00|8.699999999999999|9.06|8.67|9.01|309
2020.11.09 14:00:00|8.779999999999999|9.220000000000001|8.77|8.98|843
2020.11.09 15:00:00|8.970000000000001|9.06|8.92|8.960000000000001|474
2020.11.09 16:00:00|8.970000000000001|9.119999999999999|8.91|8.93|548
2020.11.09 17:00:00|8.92|9.039999999999999|8.779999999999999|8.84|499
2020.11.09 18:00:00|8.83|8.890000000000001|8.800000000000001|8.880000000000001|240
2020.11.10 10:00:00|9.050000000000001|9.19|8.99|9.130000000000001|372
2020.11.10 11:00:00|9.140000000000001|9.23|9.109999999999999|9.210000000000001|257
2020.11.10 12:00:00|9.210000000000001|9.24|9.06|9.09|227
2020.11.10 13:00:00|9.09|9.1|8.960000000000001|9.08|177
2020.11.10 14:00:00|9.07|9.07|8.949999999999999|8.98|195
2020.11.10 15:00:00|8.99|9.050000000000001|8.970000000000001|9.029999999999999|166
2020.11.10 16:00:00|9.02|9.08|8.94|9.08|265
2020.11.10 17:00:00|9.07|9.109999999999999|8.99|9.039999999999999|309
2020.11.10 18:00:00|9.02|9.07|9.01|9.06|153
2020.11.11 10:00:00|9.02|9.06|8.960000000000001|9.039999999999999|268
2020.11.11 11:00:00|9.039999999999999|9.06|8.970000000000001|9.050000000000001|152
2020.11.11 12:00:00|9.050000000000001|9.06|8.970000000000001|8.970000000000001|96
2020.11.11 13:00:00|8.970000000000001|9.01|8.94|8.970000000000001|113
2020.11.11 14:00:00|8.949999999999999|9.01|8.94|8.98|95
2020.11.11 15:00:00|8.99|9|8.92|8.960000000000001|117
2020.11.11 16:00:00|8.960000000000001|8.98|8.869999999999999|8.890000000000001|171
2020.11.11 17:00:00|8.9|8.92|8.859999999999999|8.880000000000001|206
2020.11.11 18:00:00|8.890000000000001|8.92|8.869999999999999|8.9|115
2020.11.12 10:00:00|8.81|8.99|8.800000000000001|8.890000000000001|198
2020.11.12 11:00:00|8.9|8.949999999999999|8.869999999999999|8.92|119
2020.11.12 12:00:00|8.9|8.93|8.869999999999999|8.890000000000001|97
2020.11.12 13:00:00|8.890000000000001|8.9|8.83|8.85|90
2020.11.12 14:00:00|8.83|8.85|8.76|8.77|122
2020.11.12 15:00:00|8.779999999999999|8.800000000000001|8.75|8.779999999999999|123
2020.11.12 16:00:00|8.779999999999999|8.82|8.73|8.800000000000001|135
2020.11.12 17:00:00|8.800000000000001|8.880000000000001|8.800000000000001|8.859999999999999|118
2020.11.12 18:00:00|8.85|8.91|8.84|8.890000000000001|67
2020.11.13 10:00:00|8.76|8.91|8.76|8.890000000000001|123
2020.11.13 11:00:00|8.890000000000001|8.98|8.880000000000001|8.970000000000001|104
2020.11.13 12:00:00|8.970000000000001|9|8.93|8.970000000000001|101
2020.11.13 13:00:00|8.949999999999999|8.960000000000001|8.9|8.92|107
2020.11.13 14:00:00|8.91|8.960000000000001|8.880000000000001|8.92|75
2020.11.13 15:00:00|8.9|8.970000000000001|8.890000000000001|8.970000000000001|64
2020.11.13 16:00:00|8.949999999999999|9.02|8.93|9.01|108
2020.11.13 17:00:00|9.02|9.029999999999999|8.970000000000001|9|124
2020.11.13 18:00:00|9|9.02|8.99|9.01|64
2020.11.16 10:00:00|9.07|9.19|9|9.02|236
2020.11.16 11:00:00|9.02|9.1|9.02|9.09|128
2020.11.16 12:00:00|9.08|9.09|8.99|9.01|82
2020.11.16 13:00:00|9.01|9.18|8.98|9.15|171
2020.11.16 14:00:00|9.109999999999999|9.18|9.029999999999999|9.130000000000001|237
2020.11.16 15:00:00|9.140000000000001|9.19|9.109999999999999|9.18|122
2020.11.16 16:00:00|9.18|9.199999999999999|9.07|9.119999999999999|154
2020.11.16 17:00:00|9.109999999999999|9.119999999999999|9.029999999999999|9.109999999999999|154
2020.11.16 18:00:00|9.1|9.109999999999999|9.06|9.1|89
2020.11.17 10:00:00|9.039999999999999|9.16|9.039999999999999|9.119999999999999|172
2020.11.17 11:00:00|9.1|9.17|9.1|9.130000000000001|109
2020.11.17 12:00:00|9.130000000000001|9.17|9.109999999999999|9.16|104
2020.11.17 13:00:00|9.16|9.17|9.07|9.140000000000001|90
2020.11.17 14:00:00|9.140000000000001|9.17|9.109999999999999|9.16|82
2020.11.17 15:00:00|9.16|9.17|9.1|9.130000000000001|87
2020.11.17 16:00:00|9.109999999999999|9.130000000000001|9.02|9.050000000000001|99
2020.11.17 17:00:00|9.039999999999999|9.119999999999999|9.039999999999999|9.09|128
2020.11.17 18:00:00|9.1|9.109999999999999|9.08|9.09|86
2020.11.18 10:00:00|9.08|9.140000000000001|9.039999999999999|9.130000000000001|129
2020.11.18 11:00:00|9.119999999999999|9.16|9.09|9.15|92
2020.11.18 12:00:00|9.15|9.19|9.109999999999999|9.130000000000001|104
2020.11.18 13:00:00|9.119999999999999|9.18|9.109999999999999|9.16|82
2020.11.18 14:00:00|9.140000000000001|9.17|9.130000000000001|9.15|71
2020.11.18 15:00:00|9.15|9.199999999999999|9.119999999999999|9.18|75
2020.11.18 16:00:00|9.16|9.19|9.130000000000001|9.140000000000001|156
2020.11.18 17:00:00|9.15|9.17|9.1|9.119999999999999|134
2020.11.18 18:00:00|9.109999999999999|9.15|9.08|9.08|80
2020.11.19 10:00:00|8.960000000000001|9.02|8.93|8.949999999999999|179
2020.11.19 11:00:00|8.949999999999999|8.98|8.93|8.949999999999999|96
2020.11.19 12:00:00|8.949999999999999|8.960000000000001|8.9|8.94|96
2020.11.19 13:00:00|8.94|8.960000000000001|8.92|8.949999999999999|58
2020.11.19 14:00:00|8.949999999999999|8.960000000000001|8.91|8.92|62
2020.11.19 15:00:00|8.9|8.94|8.869999999999999|8.9|86
2020.11.19 16:00:00|8.890000000000001|8.99|8.890000000000001|8.98|105
2020.11.19 17:00:00|8.960000000000001|9|8.949999999999999|8.98|101
2020.11.19 18:00:00|8.98|9|8.949999999999999|8.970000000000001|41
2020.11.20 10:00:00|8.93|8.99|8.92|8.949999999999999|119
2020.11.20 11:00:00|8.93|8.99|8.93|8.960000000000001|52
2020.11.20 12:00:00|8.94|8.99|8.94|8.98|91
2020.11.20 13:00:00|8.970000000000001|8.99|8.949999999999999|8.99|64
2020.11.20 14:00:00|8.970000000000001|8.99|8.94|8.949999999999999|49
2020.11.20 15:00:00|8.949999999999999|8.970000000000001|8.93|8.949999999999999|51
2020.11.20 16:00:00|8.93|9.01|8.93|9|95
2020.11.20 17:00:00|8.99|9|8.949999999999999|8.960000000000001|93
2020.11.20 18:00:00|8.970000000000001|8.98|8.94|8.949999999999999|39
2020.11.23 10:00:00|9.02|9.210000000000001|9|9.18|169
2020.11.23 11:00:00|9.17|9.23|9.17|9.19|94
2020.11.23 12:00:00|9.18|9.23|9.16|9.23|101
2020.11.23 13:00:00|9.210000000000001|9.24|9.18|9.220000000000001|82
2020.11.23 14:00:00|9.210000000000001|9.220000000000001|9.17|9.199999999999999|104
2020.11.23 15:00:00|9.18|9.220000000000001|9.17|9.220000000000001|102
2020.11.23 16:00:00|9.220000000000001|9.24|9.18|9.24|121
2020.11.23 17:00:00|9.23|9.31|9.23|9.289999999999999|143
2020.11.23 18:00:00|9.289999999999999|9.300000000000001|9.24|9.27|77
2020.11.24 10:00:00|9.34|9.390000000000001|9.31|9.390000000000001|182
2020.11.24 11:00:00|9.369999999999999|9.43|9.35|9.390000000000001|145
2020.11.24 12:00:00|9.390000000000001|9.44|9.380000000000001|9.44|91
2020.11.24 13:00:00|9.43|9.44|9.279999999999999|9.32|124
2020.11.24 14:00:00|9.32|9.359999999999999|9.289999999999999|9.359999999999999|98
2020.11.24 15:00:00|9.359999999999999|9.42|9.359999999999999|9.390000000000001|84
2020.11.24 16:00:00|9.4|9.44|9.369999999999999|9.44|104
2020.11.24 17:00:00|9.43|9.529999999999999|9.43|9.529999999999999|160
2020.11.24 18:00:00|9.52|9.58|9.51|9.58|73
2020.11.25 10:00:00|9.65|9.699999999999999|9.470000000000001|9.539999999999999|206
2020.11.25 11:00:00|9.52|9.56|9.41|9.43|168
2020.11.25 12:00:00|9.43|9.449999999999999|9.380000000000001|9.390000000000001|103
2020.11.25 13:00:00|9.369999999999999|9.42|9.369999999999999|9.4|69
2020.11.25 14:00:00|9.41|9.460000000000001|9.4|9.44|80
2020.11.25 15:00:00|9.44|9.470000000000001|9.43|9.470000000000001|102
2020.11.25 16:00:00|9.460000000000001|9.52|9.4|9.42|108
2020.11.25 17:00:00|9.41|9.470000000000001|9.4|9.449999999999999|127
2020.11.25 18:00:00|9.460000000000001|9.5|9.449999999999999|9.49|54
2020.11.26 10:00:00|9.5|9.5|9.390000000000001|9.43|116
2020.11.26 11:00:00|9.41|9.449999999999999|9.4|9.41|70
2020.11.26 12:00:00|9.41|9.42|9.33|9.34|76
2020.11.26 13:00:00|9.35|9.390000000000001|9.34|9.369999999999999|71
2020.11.26 14:00:00|9.390000000000001|9.390000000000001|9.35|9.380000000000001|38
2020.11.26 15:00:00|9.380000000000001|9.41|9.359999999999999|9.390000000000001|71
2020.11.26 16:00:00|9.380000000000001|9.390000000000001|9.359999999999999|9.390000000000001|65
2020.11.26 17:00:00|9.380000000000001|9.42|9.380000000000001|9.390000000000001|80
2020.11.26 18:00:00|9.390000000000001|9.41|9.369999999999999|9.4|26
2020.11.27 10:00:00|9.380000000000001|9.52|9.359999999999999|9.5|185
2020.11.27 11:00:00|9.5|9.52|9.460000000000001|9.5|112
2020.11.27 12:00:00|9.5|9.52|9.470000000000001|9.470000000000001|72
2020.11.27 13:00:00|9.449999999999999|9.48|9.449999999999999|9.460000000000001|65
2020.11.27 14:00:00|9.470000000000001|9.5|9.460000000000001|9.48|51
2020.11.27 15:00:00|9.48|9.51|9.460000000000001|9.49|87
2020.11.27 16:00:00|9.49|9.539999999999999|9.470000000000001|9.51|75
2020.11.27 17:00:00|9.5|9.529999999999999|9.460000000000001|9.460000000000001|125
2020.11.27 18:00:00|9.470000000000001|9.470000000000001|9.43|9.460000000000001|43
2020.11.30 10:00:00|9.359999999999999|9.43|9.300000000000001|9.41|158
2020.11.30 11:00:00|9.42|9.449999999999999|9.380000000000001|9.4|82
2020.11.30 12:00:00|9.4|9.42|9.380000000000001|9.4|55
2020.11.30 13:00:00|9.380000000000001|9.42|9.359999999999999|9.42|55
2020.11.30 14:00:00|9.43|9.529999999999999|9.43|9.5|71
2020.11.30 15:00:00|9.49|9.529999999999999|9.49|9.52|66
2020.11.30 16:00:00|9.5|9.52|9.470000000000001|9.5|112
2020.11.30 17:00:00|9.51|9.51|9.41|9.44|139
2020.11.30 18:00:00|9.43|9.470000000000001|9.41|9.41|47
2020.12.01 10:00:00|9.32|9.5|9.279999999999999|9.460000000000001|195
2020.12.01 11:00:00|9.460000000000001|9.48|9.41|9.43|98
2020.12.01 12:00:00|9.43|9.5|9.43|9.49|94
2020.12.01 13:00:00|9.49|9.51|9.470000000000001|9.5|73
2020.12.01 14:00:00|9.48|9.5|9.42|9.43|87
2020.12.01 15:00:00|9.42|9.44|9.359999999999999|9.42|99
2020.12.01 16:00:00|9.42|9.470000000000001|9.4|9.449999999999999|166
2020.12.01 17:00:00|9.44|9.49|9.42|9.460000000000001|127
2020.12.01 18:00:00|9.449999999999999|9.51|9.44|9.51|57
2020.12.02 10:00:00|9.449999999999999|9.460000000000001|9.34|9.380000000000001|154
2020.12.02 11:00:00|9.390000000000001|9.470000000000001|9.35|9.44|111
2020.12.02 12:00:00|9.43|9.44|9.369999999999999|9.4|92
2020.12.02 13:00:00|9.390000000000001|9.43|9.34|9.41|93
2020.12.02 14:00:00|9.41|9.44|9.380000000000001|9.41|96
2020.12.02 15:00:00|9.42|9.42|9.369999999999999|9.41|83
2020.12.02 16:00:00|9.42|9.460000000000001|9.4|9.460000000000001|121
2020.12.02 17:00:00|9.449999999999999|9.51|9.44|9.51|110
2020.12.02 18:00:00|9.52|9.550000000000001|9.5|9.52|56
2020.12.03 10:00:00|9.460000000000001|9.5|9.44|9.5|130
2020.12.03 11:00:00|9.49|9.52|9.44|9.44|96
2020.12.03 12:00:00|9.449999999999999|9.49|9.44|9.48|66
2020.12.03 13:00:00|9.48|9.52|9.470000000000001|9.49|71
2020.12.03 14:00:00|9.49|9.5|9.460000000000001|9.460000000000001|70
2020.12.03 15:00:00|9.449999999999999|9.67|9.449999999999999|9.65|215
2020.12.03 16:00:00|9.640000000000001|9.69|9.630000000000001|9.68|147
2020.12.03 17:00:00|9.68|9.75|9.68|9.75|129
2020.12.03 18:00:00|9.74|9.75|9.699999999999999|9.73|73
2020.12.04 10:00:00|9.720000000000001|9.73|9.630000000000001|9.67|114
2020.12.04 11:00:00|9.66|9.76|9.66|9.74|100
2020.12.04 12:00:00|9.75|9.75|9.67|9.720000000000001|92
2020.12.04 13:00:00|9.720000000000001|9.75|9.699999999999999|9.720000000000001|66
2020.12.04 14:00:00|9.720000000000001|9.800000000000001|9.720000000000001|9.779999999999999|102
2020.12.04 15:00:00|9.779999999999999|9.789999999999999|9.76|9.779999999999999|86
2020.12.04 16:00:00|9.779999999999999|9.81|9.75|9.76|113
2020.12.04 17:00:00|9.76|9.76|9.65|9.66|146
2020.12.04 18:00:00|9.65|9.699999999999999|9.630000000000001|9.699999999999999|93
2020.12.07 10:00:00|9.640000000000001|9.66|9.529999999999999|9.550000000000001|142
2020.12.07 11:00:00|9.529999999999999|9.630000000000001|9.529999999999999|9.6|101
2020.12.07 12:00:00|9.58|9.619999999999999|9.550000000000001|9.619999999999999|78
2020.12.07 13:00:00|9.609999999999999|9.640000000000001|9.59|9.619999999999999|76
2020.12.07 14:00:00|9.619999999999999|9.640000000000001|9.57|9.59|57
2020.12.07 15:00:00|9.6|9.640000000000001|9.58|9.619999999999999|68
2020.12.07 16:00:00|9.619999999999999|9.640000000000001|9.49|9.52|125
2020.12.07 17:00:00|9.5|9.57|9.48|9.57|80
2020.12.07 18:00:00|9.56|9.57|9.539999999999999|9.550000000000001|38
2020.12.08 10:00:00|9.5|9.550000000000001|9.48|9.539999999999999|97
2020.12.08 11:00:00|9.529999999999999|9.58|9.470000000000001|9.49|84
2020.12.08 12:00:00|9.49|9.49|9.44|9.470000000000001|73
2020.12.08 13:00:00|9.449999999999999|9.470000000000001|9.41|9.42|48
2020.12.08 14:00:00|9.43|9.449999999999999|9.41|9.43|60
2020.12.08 15:00:00|9.43|9.5|9.42|9.470000000000001|78
2020.12.08 16:00:00|9.470000000000001|9.48|9.43|9.449999999999999|104
2020.12.08 17:00:00|9.449999999999999|9.460000000000001|9.390000000000001|9.41|100
2020.12.08 18:00:00|9.41|9.460000000000001|9.4|9.460000000000001|62
2020.12.09 10:00:00|9.470000000000001|9.6|9.460000000000001|9.56|150
2020.12.09 11:00:00|9.56|9.58|9.49|9.539999999999999|84
2020.12.09 12:00:00|9.539999999999999|9.6|9.5|9.52|130
2020.12.09 13:00:00|9.52|9.52|9.44|9.470000000000001|103
2020.12.09 14:00:00|9.470000000000001|9.48|9.369999999999999|9.41|64
2020.12.09 15:00:00|9.390000000000001|9.41|9.359999999999999|9.369999999999999|73
2020.12.09 16:00:00|9.369999999999999|9.390000000000001|9.32|9.380000000000001|110
2020.12.09 17:00:00|9.380000000000001|9.42|9.32|9.33|116
2020.12.09 18:00:00|9.32|9.34|9.279999999999999|9.31|79
2020.12.10 10:00:00|9.300000000000001|9.359999999999999|9.289999999999999|9.34|137
2020.12.10 11:00:00|9.32|9.359999999999999|9.289999999999999|9.289999999999999|107
2020.12.10 12:00:00|9.27|9.289999999999999|9.23|9.24|81
2020.12.10 13:00:00|9.24|9.25|9.19|9.199999999999999|80
2020.12.10 14:00:00|9.18|9.199999999999999|9.119999999999999|9.140000000000001|108
2020.12.10 15:00:00|9.119999999999999|9.220000000000001|9.07|9.09|110
2020.12.10 16:00:00|9.1|9.119999999999999|9.039999999999999|9.08|151
2020.12.10 17:00:00|9.09|9.109999999999999|9.050000000000001|9.07|105
2020.12.10 18:00:00|9.08|9.130000000000001|9.07|9.109999999999999|73
2020.12.11 10:00:00|9.1|9.15|8.890000000000001|8.9|222
2020.12.11 11:00:00|8.880000000000001|8.960000000000001|8.880000000000001|8.91|106
2020.12.11 12:00:00|8.9|8.93|8.82|8.83|79
2020.12.11 13:00:00|8.83|8.84|8.76|8.77|129
2020.12.11 14:00:00|8.779999999999999|8.84|8.77|8.83|110
2020.12.11 15:00:00|8.83|8.859999999999999|8.82|8.859999999999999|61
2020.12.11 16:00:00|8.85|8.890000000000001|8.84|8.859999999999999|83
2020.12.11 17:00:00|8.859999999999999|8.880000000000001|8.77|8.789999999999999|121
2020.12.11 18:00:00|8.779999999999999|8.800000000000001|8.74|8.76|66
2020.12.14 10:00:00|8.859999999999999|8.92|8.84|8.880000000000001|116
2020.12.14 11:00:00|8.890000000000001|8.91|8.83|8.859999999999999|78
2020.12.14 12:00:00|8.85|8.94|8.82|8.94|69
2020.12.14 13:00:00|8.92|8.98|8.92|8.94|81
2020.12.14 14:00:00|8.94|8.94|8.880000000000001|8.91|73
2020.12.14 15:00:00|8.9|8.92|8.859999999999999|8.880000000000001|54
2020.12.14 16:00:00|8.859999999999999|8.880000000000001|8.779999999999999|8.800000000000001|105
2020.12.14 17:00:00|8.81|8.93|8.77|8.82|129
2020.12.14 18:00:00|8.82|8.83|8.77|8.789999999999999|74
2020.12.15 10:00:00|8.74|8.82|8.720000000000001|8.81|154
2020.12.15 11:00:00|8.81|8.82|8.77|8.81|94
2020.12.15 12:00:00|8.789999999999999|8.84|8.779999999999999|8.84|77
2020.12.15 13:00:00|8.82|8.84|8.779999999999999|8.83|62
2020.12.15 14:00:00|8.82|8.84|8.800000000000001|8.800000000000001|60
2020.12.15 15:00:00|8.800000000000001|8.859999999999999|8.800000000000001|8.84|89
2020.12.15 16:00:00|8.84|8.890000000000001|8.82|8.84|116
2020.12.15 17:00:00|8.84|8.880000000000001|8.800000000000001|8.869999999999999|122
2020.12.15 18:00:00|8.880000000000001|8.92|8.84|8.91|86
2020.12.16 10:00:00|8.93|9.07|8.92|9.06|188
2020.12.16 11:00:00|9.039999999999999|9.1|9.039999999999999|9.07|134
2020.12.16 12:00:00|9.08|9.08|9.029999999999999|9.08|65
2020.12.16 13:00:00|9.06|9.119999999999999|9.050000000000001|9.119999999999999|75
2020.12.16 14:00:00|9.1|9.130000000000001|8.970000000000001|9.06|96
2020.12.16 15:00:00|9.06|9.09|9|9.029999999999999|95
2020.12.16 16:00:00|9.039999999999999|9.09|8.98|9.02|109
2020.12.16 17:00:00|9.029999999999999|9.029999999999999|8.93|8.960000000000001|113
2020.12.16 18:00:00|8.949999999999999|8.98|8.94|8.98|46
2020.12.17 10:00:00|9.050000000000001|9.09|9|9.06|115
2020.12.17 11:00:00|9.06|9.09|9.02|9.029999999999999|118
2020.12.17 12:00:00|9.02|9.029999999999999|8.970000000000001|8.98|67
2020.12.17 13:00:00|8.98|9.029999999999999|8.98|9.01|65
2020.12.17 14:00:00|9|9.029999999999999|8.98|9.02|57
2020.12.17 15:00:00|9.01|9.039999999999999|9|9.029999999999999|71
2020.12.17 16:00:00|9.029999999999999|9.08|9.029999999999999|9.07|143
2020.12.17 17:00:00|9.08|9.09|9.039999999999999|9.06|132
2020.12.17 18:00:00|9.06|9.1|9.050000000000001|9.08|79
2020.12.18 10:00:00|9.029999999999999|9.050000000000001|8.960000000000001|9.01|116
2020.12.18 11:00:00|9.01|9.06|8.99|9.02|152
2020.12.18 12:00:00|9|9.09|9|9.08|131
2020.12.18 13:00:00|9.07|9.07|9.01|9.029999999999999|90
2020.12.18 14:00:00|9.029999999999999|9.06|9|9.039999999999999|72
2020.12.18 15:00:00|9.02|9.06|9.02|9.050000000000001|52
2020.12.18 16:00:00|9.039999999999999|9.08|9|9.01|111
2020.12.18 17:00:00|9.01|9.02|8.970000000000001|8.99|123
2020.12.18 18:00:00|8.98|9|8.960000000000001|8.98|64
2020.12.21 10:00:00|8.81|8.82|8.630000000000001|8.710000000000001|219
2020.12.21 11:00:00|8.699999999999999|8.710000000000001|8.630000000000001|8.66|113
2020.12.21 12:00:00|8.65|8.65|8.449999999999999|8.5|202
2020.12.21 13:00:00|8.49|8.699999999999999|8.49|8.67|142
2020.12.21 14:00:00|8.68|8.720000000000001|8.630000000000001|8.630000000000001|123
2020.12.21 15:00:00|8.640000000000001|8.640000000000001|8.550000000000001|8.56|123
2020.12.21 16:00:00|8.57|8.68|8.56|8.66|153
2020.12.21 17:00:00|8.65|8.67|8.539999999999999|8.58|168
2020.12.21 18:00:00|8.59|8.66|8.59|8.630000000000001|74
2020.12.22 10:00:00|8.6|8.800000000000001|8.6|8.75|156
2020.12.22 11:00:00|8.74|8.77|8.68|8.68|85
2020.12.22 12:00:00|8.69|8.73|8.67|8.699999999999999|44
2020.12.22 13:00:00|8.699999999999999|8.75|8.69|8.73|81
2020.12.22 14:00:00|8.73|8.789999999999999|8.73|8.779999999999999|56
2020.12.22 15:00:00|8.779999999999999|8.800000000000001|8.76|8.77|58
2020.12.22 16:00:00|8.75|8.77|8.710000000000001|8.73|68
2020.12.22 17:00:00|8.73|8.779999999999999|8.720000000000001|8.75|88
2020.12.22 18:00:00|8.76|8.77|8.74|8.75|49
2020.12.23 10:00:00|8.74|8.82|8.74|8.77|119
2020.12.23 11:00:00|8.75|8.77|8.710000000000001|8.720000000000001|86
2020.12.23 12:00:00|8.699999999999999|8.76|8.699999999999999|8.75|62
2020.12.23 13:00:00|8.73|8.74|8.68|8.710000000000001|46
2020.12.23 14:00:00|8.699999999999999|8.710000000000001|8.68|8.710000000000001|33
2020.12.23 15:00:00|8.699999999999999|8.73|8.68|8.73|63
2020.12.23 16:00:00|8.73|8.9|8.720000000000001|8.9|110
2020.12.23 17:00:00|8.9|8.93|8.85|8.9|137
2020.12.23 18:00:00|8.9|8.949999999999999|8.9|8.94|60
2020.12.28 10:00:00|9.09|9.220000000000001|9.039999999999999|9.140000000000001|167
2020.12.28 11:00:00|9.140000000000001|9.140000000000001|9.1|9.109999999999999|67
2020.12.28 12:00:00|9.09|9.1|9.039999999999999|9.09|75
2020.12.28 13:00:00|9.09|9.119999999999999|9.06|9.119999999999999|58
2020.12.28 14:00:00|9.109999999999999|9.16|9.039999999999999|9.15|54
2020.12.28 15:00:00|9.130000000000001|9.17|9.130000000000001|9.140000000000001|46
2020.12.28 16:00:00|9.130000000000001|9.16|9.109999999999999|9.16|100
2020.12.28 17:00:00|9.140000000000001|9.18|9.119999999999999|9.17|83
2020.12.28 18:00:00|9.16|9.199999999999999|9.16|9.199999999999999|34
2020.12.29 10:00:00|9.19|9.210000000000001|9.029999999999999|9.039999999999999|135
2020.12.29 11:00:00|9.050000000000001|9.07|9.02|9.039999999999999|73
2020.12.29 12:00:00|9.039999999999999|9.050000000000001|8.98|9.039999999999999|59
2020.12.29 13:00:00|9.039999999999999|9.050000000000001|9.01|9.050000000000001|49
2020.12.29 14:00:00|9.050000000000001|9.09|9.050000000000001|9.06|58
2020.12.29 15:00:00|9.06|9.08|9.02|9.050000000000001|65
2020.12.29 16:00:00|9.039999999999999|9.08|9.02|9.029999999999999|73
2020.12.29 17:00:00|9.029999999999999|9.039999999999999|8.960000000000001|8.970000000000001|93
2020.12.29 18:00:00|8.960000000000001|8.970000000000001|8.92|8.92|57
2020.12.30 10:00:00|8.94|9.050000000000001|8.94|8.960000000000001|113
2020.12.30 11:00:00|8.94|8.970000000000001|8.93|8.94|69
2020.12.30 12:00:00|8.94|9.029999999999999|8.94|9.01|43
2020.12.30 13:00:00|9.02|9.02|8.99|9|33
2020.12.30 14:00:00|8.98|9|8.94|8.949999999999999|49
2021.01.04 10:00:00|8.960000000000001|8.970000000000001|8.699999999999999|8.77|77
2021.01.04 11:00:00|8.77|8.890000000000001|8.699999999999999|8.699999999999999|103
2021.01.04 12:00:00|8.699999999999999|8.83|8.699999999999999|8.83|60
2021.01.04 13:00:00|8.82|8.85|8.789999999999999|8.81|87
2021.01.04 14:00:00|8.789999999999999|8.880000000000001|8.789999999999999|8.859999999999999|24
2021.01.04 15:00:00|8.84|8.880000000000001|8.800000000000001|8.800000000000001|46
2021.01.04 16:00:00|8.800000000000001|8.9|8.800000000000001|8.85|65
2021.01.04 17:00:00|8.859999999999999|8.859999999999999|8.699999999999999|8.720000000000001|103
2021.01.04 18:00:00|8.710000000000001|8.800000000000001|8.710000000000001|8.779999999999999|76
2021.01.05 10:00:00|8.75|8.9|8.75|8.82|51
2021.01.05 11:00:00|8.800000000000001|8.890000000000001|8.789999999999999|8.869999999999999|47
2021.01.05 12:00:00|8.859999999999999|8.880000000000001|8.789999999999999|8.82|33
2021.01.05 13:00:00|8.81|8.82|8.779999999999999|8.800000000000001|22
2021.01.05 14:00:00|8.779999999999999|8.789999999999999|8.74|8.779999999999999|14
2021.01.05 15:00:00|8.76|8.800000000000001|8.74|8.75|44
2021.01.05 16:00:00|8.75|8.93|8.74|8.890000000000001|148
2021.01.05 17:00:00|8.890000000000001|8.9|8.699999999999999|8.800000000000001|111
2021.01.05 18:00:00|8.800000000000001|8.82|8.779999999999999|8.81|43
2021.01.06 10:00:00|8.98|9.08|8.699999999999999|8.99|239
2021.01.06 11:00:00|8.99|9.16|8.98|9.140000000000001|120
2021.01.06 12:00:00|9.140000000000001|9.18|9.109999999999999|9.16|112
2021.01.06 13:00:00|9.16|9.23|9.15|9.199999999999999|84
2021.01.06 14:00:00|9.199999999999999|9.289999999999999|9.119999999999999|9.199999999999999|103
2021.01.06 15:00:00|9.210000000000001|9.26|9.19|9.25|93
2021.01.06 16:00:00|9.24|9.27|9.15|9.26|156
2021.01.06 17:00:00|9.26|9.369999999999999|9.25|9.32|209
2021.01.06 18:00:00|9.31|9.359999999999999|9.31|9.35|95
2021.01.07 10:00:00|9.4|9.42|9.140000000000001|9.15|162
2021.01.07 11:00:00|9.140000000000001|9.210000000000001|9.130000000000001|9.199999999999999|119
2021.01.07 12:00:00|9.199999999999999|9.27|9.17|9.18|84
2021.01.07 13:00:00|9.16|9.220000000000001|9.16|9.210000000000001|107
2021.01.07 14:00:00|9.220000000000001|9.279999999999999|9.199999999999999|9.279999999999999|76
2021.01.07 15:00:00|9.279999999999999|9.33|9.279999999999999|9.31|96
2021.01.07 16:00:00|9.32|9.460000000000001|9.31|9.460000000000001|159
2021.01.07 17:00:00|9.460000000000001|9.52|9.42|9.51|157
2021.01.07 18:00:00|9.52|9.550000000000001|9.51|9.550000000000001|92
2021.01.08 10:00:00|9.550000000000001|9.609999999999999|9.5|9.57|146
2021.01.08 11:00:00|9.58|9.58|9.470000000000001|9.52|116
2021.01.08 12:00:00|9.52|9.550000000000001|9.470000000000001|9.51|113
2021.01.08 13:00:00|9.51|9.56|9.49|9.550000000000001|80
2021.01.08 14:00:00|9.529999999999999|9.58|9.52|9.550000000000001|75
2021.01.08 15:00:00|9.539999999999999|9.619999999999999|9.529999999999999|9.6|90
2021.01.08 16:00:00|9.58|9.630000000000001|9.51|9.529999999999999|142
2021.01.08 17:00:00|9.539999999999999|9.57|9.51|9.529999999999999|106
2021.01.08 18:00:00|9.51|9.529999999999999|9.48|9.49|98
2021.01.11 10:00:00|9.41|9.49|9.390000000000001|9.49|146
2021.01.11 11:00:00|9.49|9.51|9.44|9.44|108
2021.01.11 12:00:00|9.44|9.470000000000001|9.41|9.44|93
2021.01.11 13:00:00|9.42|9.460000000000001|9.42|9.460000000000001|75
2021.01.11 14:00:00|9.44|9.48|9.44|9.449999999999999|47
2021.01.11 15:00:00|9.44|9.470000000000001|9.369999999999999|9.41|98
2021.01.11 16:00:00|9.41|9.529999999999999|9.369999999999999|9.51|182
2021.01.11 17:00:00|9.51|9.539999999999999|9.49|9.51|105
2021.01.11 18:00:00|9.52|9.52|9.449999999999999|9.48|62
2021.01.12 10:00:00|9.550000000000001|9.65|9.529999999999999|9.58|125
2021.01.12 11:00:00|9.58|9.609999999999999|9.550000000000001|9.57|82
2021.01.12 12:00:00|9.57|9.59|9.52|9.56|62
2021.01.12 13:00:00|9.56|9.640000000000001|9.550000000000001|9.630000000000001|88
2021.01.12 14:00:00|9.619999999999999|9.66|9.619999999999999|9.630000000000001|80
2021.01.12 15:00:00|9.619999999999999|9.710000000000001|9.619999999999999|9.699999999999999|66
2021.01.12 16:00:00|9.68|9.73|9.66|9.699999999999999|149
2021.01.12 17:00:00|9.69|9.720000000000001|9.67|9.710000000000001|134
2021.01.12 18:00:00|9.699999999999999|9.710000000000001|9.630000000000001|9.640000000000001|93
2021.01.13 10:00:00|9.57|9.65|9.539999999999999|9.550000000000001|194
2021.01.13 11:00:00|9.550000000000001|9.58|9.51|9.52|128
2021.01.13 12:00:00|9.52|9.539999999999999|9.470000000000001|9.52|131
2021.01.13 13:00:00|9.51|9.550000000000001|9.5|9.51|144
2021.01.13 14:00:00|9.529999999999999|9.529999999999999|9.460000000000001|9.5|144
2021.01.13 15:00:00|9.529999999999999|9.539999999999999|9.49|9.529999999999999|120
2021.01.13 16:00:00|9.529999999999999|9.56|9.5|9.51|123
2021.01.13 17:00:00|9.5|9.6|9.49|9.57|195
2021.01.13 18:00:00|9.57|9.59|9.529999999999999|9.57|75
2021.01.14 10:00:00|9.68|9.91|9.68|9.779999999999999|194
2021.01.14 11:00:00|9.77|9.859999999999999|9.77|9.85|110
2021.01.14 12:00:00|9.85|9.859999999999999|9.76|9.779999999999999|97
2021.01.14 13:00:00|9.76|9.83|9.76|9.789999999999999|97
2021.01.14 14:00:00|9.789999999999999|9.81|9.77|9.81|61
2021.01.14 15:00:00|9.800000000000001|9.85|9.779999999999999|9.85|80
2021.01.14 16:00:00|9.83|9.970000000000001|9.83|9.960000000000001|133
2021.01.14 17:00:00|9.970000000000001|9.98|9.93|9.949999999999999|165
2021.01.14 18:00:00|9.93|9.970000000000001|9.92|9.949999999999999|81
2021.01.15 10:00:00|9.93|10.02|9.91|10|220
2021.01.15 11:00:00|10|10.06|9.99|10.05|141
2021.01.15 12:00:00|10.05|10.06|9.98|10|141
2021.01.15 13:00:00|10.01|10.02|9.949999999999999|9.960000000000001|169
2021.01.15 14:00:00|9.949999999999999|9.960000000000001|9.85|9.85|154
2021.01.15 15:00:00|9.85|9.869999999999999|9.76|9.789999999999999|130
2021.01.15 16:00:00|9.77|9.789999999999999|9.68|9.710000000000001|194
2021.01.15 17:00:00|9.710000000000001|9.720000000000001|9.539999999999999|9.630000000000001|310
2021.01.15 18:00:00|9.630000000000001|9.640000000000001|9.59|9.619999999999999|115
2021.01.18 10:00:00|9.51|9.619999999999999|9.49|9.59|148
2021.01.18 11:00:00|9.57|9.630000000000001|9.550000000000001|9.57|107
2021.01.18 12:00:00|9.57|9.6|9.56|9.59|34
2021.01.18 13:00:00|9.59|9.66|9.58|9.65|92
2021.01.18 14:00:00|9.65|9.66|9.6|9.619999999999999|44
2021.01.18 15:00:00|9.619999999999999|9.69|9.6|9.67|53
2021.01.18 16:00:00|9.66|9.67|9.619999999999999|9.640000000000001|71
2021.01.18 17:00:00|9.640000000000001|9.67|9.619999999999999|9.66|72
2021.01.18 18:00:00|9.66|9.67|9.630000000000001|9.67|32
2021.01.19 10:00:00|9.720000000000001|9.76|9.630000000000001|9.640000000000001|123
2021.01.19 11:00:00|9.630000000000001|9.65|9.550000000000001|9.58|74
2021.01.19 12:00:00|9.56|9.58|9.49|9.51|109
2021.01.19 13:00:00|9.5|9.57|9.5|9.529999999999999|79
2021.01.19 14:00:00|9.51|9.52|9.42|9.48|121
2021.01.19 15:00:00|9.48|9.48|9.4|9.42|97
2021.01.19 16:00:00|9.42|9.44|9.33|9.359999999999999|161
2021.01.19 17:00:00|9.369999999999999|9.380000000000001|9.31|9.33|160
2021.01.19 18:00:00|9.33|9.34|9.27|9.279999999999999|89
2021.01.20 10:00:00|9.26|9.279999999999999|9.140000000000001|9.17|178
2021.01.20 11:00:00|9.17|9.279999999999999|9.17|9.26|105
2021.01.20 12:00:00|9.26|9.279999999999999|9.220000000000001|9.220000000000001|87
2021.01.20 13:00:00|9.210000000000001|9.220000000000001|9.130000000000001|9.15|98
2021.01.20 14:00:00|9.140000000000001|9.210000000000001|9.130000000000001|9.199999999999999|90
2021.01.20 15:00:00|9.199999999999999|9.25|9.199999999999999|9.25|52
2021.01.20 16:00:00|9.25|9.27|9.17|9.210000000000001|114
2021.01.20 17:00:00|9.210000000000001|9.23|9.15|9.16|146
2021.01.20 18:00:00|9.17|9.17|9.130000000000001|9.15|68
2021.01.21 10:00:00|9.24|9.289999999999999|9.18|9.199999999999999|113
2021.01.21 11:00:00|9.199999999999999|9.23|9.15|9.16|61
2021.01.21 12:00:00|9.17|9.210000000000001|9.15|9.210000000000001|54
2021.01.21 13:00:00|9.199999999999999|9.220000000000001|9.18|9.220000000000001|33
2021.01.21 14:00:00|9.220000000000001|9.23|9.18|9.19|58
2021.01.21 15:00:00|9.19|9.220000000000001|9.140000000000001|9.220000000000001|107
2021.01.21 16:00:00|9.23|9.25|9.140000000000001|9.140000000000001|115
2021.01.22 10:00:00|9|9.02|8.92|8.99|207
2021.01.22 11:00:00|9|9.01|8.9|8.91|129
2021.01.22 12:00:00|8.92|9|8.91|8.960000000000001|118
2021.01.22 13:00:00|8.960000000000001|8.99|8.91|8.98|97
2021.01.22 14:00:00|8.960000000000001|8.98|8.91|8.93|80
2021.01.22 15:00:00|8.92|8.93|8.880000000000001|8.890000000000001|87
2021.01.22 16:00:00|8.890000000000001|8.98|8.880000000000001|8.949999999999999|112
2021.01.22 17:00:00|8.949999999999999|8.970000000000001|8.869999999999999|8.880000000000001|104
2021.01.22 18:00:00|8.880000000000001|8.9|8.869999999999999|8.880000000000001|63
2021.01.25 10:00:00|8.93|8.98|8.84|8.869999999999999|211
2021.01.25 11:00:00|8.859999999999999|8.91|8.85|8.869999999999999|133
2021.01.25 12:00:00|8.85|8.890000000000001|8.81|8.85|71
2021.01.25 13:00:00|8.84|8.869999999999999|8.76|8.779999999999999|82
2021.01.25 14:00:00|8.779999999999999|8.789999999999999|8.68|8.699999999999999|172
2021.01.25 15:00:00|8.69|8.710000000000001|8.619999999999999|8.68|193
2021.01.25 16:00:00|8.68|8.710000000000001|8.619999999999999|8.65|165
2021.01.25 17:00:00|8.65|8.710000000000001|8.58|8.58|202
2021.01.25 18:00:00|8.58|8.6|8.539999999999999|8.57|207
2021.01.26 10:00:00|8.67|8.75|8.59|8.6|191
2021.01.26 11:00:00|8.6|8.720000000000001|8.58|8.710000000000001|142
2021.01.26 12:00:00|8.710000000000001|8.74|8.65|8.69|112
2021.01.26 13:00:00|8.69|8.81|8.66|8.77|143
2021.01.26 14:00:00|8.77|8.81|8.76|8.779999999999999|112
2021.01.26 15:00:00|8.76|8.789999999999999|8.74|8.77|105
2021.01.26 16:00:00|8.779999999999999|8.789999999999999|8.73|8.74|125
2021.01.26 17:00:00|8.720000000000001|8.800000000000001|8.720000000000001|8.76|172
2021.01.26 18:00:00|8.76|8.77|8.720000000000001|8.75|73
2021.01.27 10:00:00|8.699999999999999|8.720000000000001|8.59|8.6|238
2021.01.27 11:00:00|8.609999999999999|8.66|8.6|8.630000000000001|262
2021.01.27 12:00:00|8.6|8.66|8.58|8.58|309
2021.01.27 13:00:00|8.59|8.6|8.52|8.539999999999999|111
2021.01.27 14:00:00|8.539999999999999|8.56|8.49|8.5|124
2021.01.27 15:00:00|8.5|8.56|8.48|8.52|118
2021.01.27 16:00:00|8.52|8.539999999999999|8.35|8.42|257
2021.01.27 17:00:00|8.41|8.529999999999999|8.41|8.52|229
2021.01.27 18:00:00|8.52|8.56|8.52|8.539999999999999|116
2021.01.28 10:00:00|8.470000000000001|8.550000000000001|8.380000000000001|8.41|207
2021.01.28 11:00:00|8.4|8.44|8.34|8.41|179
2021.01.28 12:00:00|8.42|8.5|8.4|8.449999999999999|133
2021.01.28 13:00:00|8.449999999999999|8.51|8.44|8.49|116
2021.01.28 14:00:00|8.49|8.529999999999999|8.470000000000001|8.5|95
2021.01.28 15:00:00|8.49|8.57|8.470000000000001|8.57|145
2021.01.28 16:00:00|8.57|8.640000000000001|8.529999999999999|8.57|215
2021.01.28 17:00:00|8.58|8.630000000000001|8.550000000000001|8.609999999999999|177
2021.01.28 18:00:00|8.6|8.66|8.6|8.619999999999999|93
2021.01.29 10:00:00|8.470000000000001|8.51|8.369999999999999|8.460000000000001|163
2021.01.29 11:00:00|8.460000000000001|8.5|8.4|8.49|101
2021.01.29 12:00:00|8.470000000000001|8.49|8.380000000000001|8.43|101
2021.01.29 13:00:00|8.42|8.470000000000001|8.390000000000001|8.449999999999999|87
2021.01.29 14:00:00|8.449999999999999|8.460000000000001|8.41|8.44|97
2021.01.29 15:00:00|8.42|8.48|8.35|8.44|221
2021.01.29 16:00:00|8.449999999999999|8.48|8.380000000000001|8.43|160
2021.01.29 17:00:00|8.42|8.49|8.41|8.449999999999999|149
2021.01.29 18:00:00|8.43|8.44|8.380000000000001|8.380000000000001|84
2021.02.01 10:00:00|8.44|8.51|8.390000000000001|8.5|169
2021.02.01 11:00:00|8.51|8.539999999999999|8.449999999999999|8.470000000000001|95
2021.02.01 12:00:00|8.449999999999999|8.529999999999999|8.449999999999999|8.48|91
2021.02.01 13:00:00|8.49|8.56|8.48|8.52|72
2021.02.01 14:00:00|8.5|8.550000000000001|8.49|8.529999999999999|54
2021.02.01 15:00:00|8.529999999999999|8.539999999999999|8.470000000000001|8.470000000000001|53
2021.02.01 16:00:00|8.470000000000001|8.49|8.43|8.449999999999999|81
2021.02.01 17:00:00|8.44|8.5|8.43|8.449999999999999|104
2021.02.01 18:00:00|8.460000000000001|8.5|8.449999999999999|8.49|60
2021.02.02 10:00:00|8.609999999999999|8.65|8.52|8.550000000000001|190
2021.02.02 11:00:00|8.550000000000001|8.640000000000001|8.550000000000001|8.619999999999999|133
2021.02.02 12:00:00|8.619999999999999|8.65|8.550000000000001|8.56|103
2021.02.02 13:00:00|8.550000000000001|8.58|8.52|8.52|83
2021.02.02 14:00:00|8.52|8.58|8.52|8.550000000000001|90
2021.02.02 15:00:00|8.56|8.56|8.49|8.529999999999999|109
2021.02.02 16:00:00|8.51|8.65|8.5|8.609999999999999|191
2021.02.02 17:00:00|8.609999999999999|8.640000000000001|8.59|8.630000000000001|113
2021.02.02 18:00:00|8.630000000000001|8.65|8.6|8.609999999999999|70
2021.02.03 10:00:00|8.77|8.83|8.619999999999999|8.640000000000001|223
2021.02.03 11:00:00|8.640000000000001|8.68|8.59|8.619999999999999|154
2021.02.03 12:00:00|8.6|8.65|8.6|8.619999999999999|119
2021.02.03 13:00:00|8.609999999999999|8.640000000000001|8.58|8.6|63
2021.02.03 14:00:00|8.529999999999999|8.630000000000001|8.529999999999999|8.630000000000001|104
2021.02.03 15:00:00|8.630000000000001|8.699999999999999|8.609999999999999|8.68|94
2021.02.03 16:00:00|8.67|8.68|8.609999999999999|8.66|133
2021.02.03 17:00:00|8.65|8.76|8.65|8.73|151
2021.02.03 18:00:00|8.74|8.74|8.68|8.69|59
2021.02.04 10:00:00|9|9.039999999999999|8.390000000000001|8.609999999999999|676
2021.02.04 11:00:00|8.619999999999999|8.69|8.56|8.57|139
2021.02.04 12:00:00|8.57|8.630000000000001|8.539999999999999|8.630000000000001|124
2021.02.04 13:00:00|8.630000000000001|8.65|8.529999999999999|8.539999999999999|92
2021.02.04 14:00:00|8.65|8.699999999999999|8.52|8.52|115
2021.02.04 15:00:00|8.529999999999999|8.619999999999999|8.51|8.609999999999999|129
2021.02.04 16:00:00|8.619999999999999|8.76|8.6|8.75|184
2021.02.04 17:00:00|8.74|8.77|8.69|8.69|166
2021.02.04 18:00:00|8.69|8.720000000000001|8.67|8.699999999999999|107
2021.02.05 10:00:00|8.640000000000001|8.66|8.5|8.58|236
2021.02.05 11:00:00|8.59|8.68|8.56|8.67|131
2021.02.05 12:00:00|8.66|8.710000000000001|8.619999999999999|8.699999999999999|103
2021.02.05 13:00:00|8.68|8.720000000000001|8.65|8.68|71
2021.02.05 14:00:00|8.66|8.699999999999999|8.630000000000001|8.640000000000001|78
2021.02.05 15:00:00|8.630000000000001|8.65|8.57|8.640000000000001|138
2021.02.05 16:00:00|8.640000000000001|8.67|8.58|8.58|157
2021.02.05 17:00:00|8.58|8.640000000000001|8.56|8.58|194
2021.02.05 18:00:00|8.58|8.59|8.539999999999999|8.56|88
2021.02.08 10:00:00|8.630000000000001|8.77|8.619999999999999|8.720000000000001|209
2021.02.08 11:00:00|8.73|8.779999999999999|8.699999999999999|8.77|104
2021.02.08 12:00:00|8.76|8.77|8.67|8.68|72
2021.02.08 13:00:00|8.68|8.720000000000001|8.68|8.699999999999999|69
2021.02.08 14:00:00|8.69|8.710000000000001|8.640000000000001|8.66|77
2021.02.08 15:00:00|8.66|8.69|8.619999999999999|8.640000000000001|89
2021.02.08 16:00:00|8.619999999999999|8.779999999999999|8.619999999999999|8.77|105
2021.02.08 17:00:00|8.75|8.789999999999999|8.699999999999999|8.789999999999999|119
2021.02.08 18:00:00|8.779999999999999|8.789999999999999|8.73|8.74|59
2021.02.09 10:00:00|8.720000000000001|8.73|8.630000000000001|8.67|124
2021.02.09 11:00:00|8.66|8.67|8.619999999999999|8.65|86
2021.02.09 12:00:00|8.630000000000001|8.65|8.6|8.619999999999999|62
2021.02.09 13:00:00|8.609999999999999|8.65|8.59|8.640000000000001|60
2021.02.09 14:00:00|8.640000000000001|8.66|8.609999999999999|8.619999999999999|68
2021.02.09 15:00:00|8.619999999999999|8.65|8.609999999999999|8.640000000000001|62
2021.02.09 16:00:00|8.640000000000001|8.66|8.59|8.619999999999999|110
2021.02.09 17:00:00|8.6|8.619999999999999|8.58|8.609999999999999|76
2021.02.09 18:00:00|8.609999999999999|8.619999999999999|8.58|8.6|36
2021.02.10 10:00:00|8.630000000000001|8.69|8.58|8.640000000000001|141
2021.02.10 11:00:00|8.640000000000001|8.73|8.619999999999999|8.73|94
2021.02.10 12:00:00|8.720000000000001|8.73|8.67|8.73|87
2021.02.10 13:00:00|8.73|8.76|8.68|8.720000000000001|100
2021.02.10 14:00:00|8.720000000000001|8.75|8.699999999999999|8.75|76
2021.02.10 15:00:00|8.75|8.800000000000001|8.710000000000001|8.75|120
2021.02.10 16:00:00|8.75|8.81|8.75|8.789999999999999|123
2021.02.10 17:00:00|8.800000000000001|8.81|8.67|8.77|217
2021.02.10 18:00:00|8.76|8.77|8.73|8.74|103
2021.02.11 10:00:00|8.789999999999999|8.800000000000001|8.699999999999999|8.779999999999999|168
2021.02.11 11:00:00|8.77|8.800000000000001|8.75|8.77|89
2021.02.11 12:00:00|8.779999999999999|8.84|8.76|8.82|112
2021.02.11 13:00:00|8.82|8.84|8.800000000000001|8.84|64
2021.02.11 14:00:00|8.83|8.84|8.800000000000001|8.82|31
2021.02.11 15:00:00|8.82|8.859999999999999|8.82|8.85|95
2021.02.11 16:00:00|8.85|8.859999999999999|8.789999999999999|8.800000000000001|123
2021.02.11 17:00:00|8.779999999999999|8.82|8.779999999999999|8.800000000000001|92
2021.02.11 18:00:00|8.800000000000001|8.81|8.779999999999999|8.789999999999999|68
2021.02.12 10:00:00|8.779999999999999|8.83|8.76|8.81|195
2021.02.12 11:00:00|8.81|8.85|8.789999999999999|8.82|132
2021.02.12 12:00:00|8.82|8.85|8.789999999999999|8.84|106
2021.02.12 13:00:00|8.84|8.890000000000001|8.83|8.859999999999999|76
2021.02.12 14:00:00|8.859999999999999|8.890000000000001|8.85|8.869999999999999|53
2021.02.12 15:00:00|8.85|8.92|8.85|8.869999999999999|81
2021.02.12 16:00:00|8.85|8.93|8.85|8.93|108
2021.02.12 17:00:00|8.93|8.949999999999999|8.91|8.93|149
2021.02.12 18:00:00|8.94|8.94|8.91|8.93|54
2021.02.15 10:00:00|8.99|9.109999999999999|8.99|9.050000000000001|173
2021.02.15 11:00:00|9.06|9.109999999999999|9.029999999999999|9.109999999999999|111
2021.02.15 12:00:00|9.1|9.119999999999999|9.09|9.109999999999999|52
2021.02.15 13:00:00|9.109999999999999|9.17|9.109999999999999|9.16|65
2021.02.15 14:00:00|9.15|9.17|9.140000000000001|9.16|50
2021.02.15 15:00:00|9.140000000000001|9.17|9.109999999999999|9.130000000000001|66
2021.02.15 16:00:00|9.130000000000001|9.17|9.109999999999999|9.15|81
2021.02.15 17:00:00|9.16|9.18|9.130000000000001|9.17|48
2021.02.15 18:00:00|9.17|9.19|9.15|9.16|56
2021.02.16 10:00:00|9.17|9.210000000000001|9.1|9.140000000000001|117
2021.02.16 11:00:00|9.119999999999999|9.15|9.1|9.140000000000001|86
2021.02.16 12:00:00|9.140000000000001|9.210000000000001|9.140000000000001|9.199999999999999|72
2021.02.16 13:00:00|9.18|9.23|9.15|9.23|79
2021.02.16 14:00:00|9.210000000000001|9.220000000000001|9.18|9.199999999999999|54
2021.02.16 15:00:00|9.19|9.24|9.19|9.220000000000001|53
2021.02.16 16:00:00|9.220000000000001|9.220000000000001|9.130000000000001|9.18|121
2021.02.16 17:00:00|9.17|9.32|9.17|9.31|148
2021.02.16 18:00:00|9.289999999999999|9.33|9.289999999999999|9.31|66
2021.02.17 10:00:00|9.33|9.550000000000001|9.31|9.529999999999999|386
2021.02.17 11:00:00|9.539999999999999|9.550000000000001|9.460000000000001|9.460000000000001|200
2021.02.17 12:00:00|9.470000000000001|9.52|9.470000000000001|9.51|101
2021.02.17 13:00:00|9.51|9.58|9.48|9.58|157
2021.02.17 14:00:00|9.57|9.65|9.56|9.630000000000001|111
2021.02.17 15:00:00|9.609999999999999|9.66|9.56|9.57|158
2021.02.17 16:00:00|9.56|9.58|9.34|9.4|234
2021.02.17 17:00:00|9.41|9.41|9.279999999999999|9.300000000000001|181
2021.02.17 18:00:00|9.300000000000001|9.34|9.289999999999999|9.32|133
2021.02.18 10:00:00|9.23|9.4|9.210000000000001|9.390000000000001|142
2021.02.18 11:00:00|9.4|9.4|9.289999999999999|9.31|96
2021.02.18 12:00:00|9.300000000000001|9.33|9.23|9.23|87
2021.02.18 13:00:00|9.24|9.300000000000001|9.199999999999999|9.300000000000001|66
2021.02.18 14:00:00|9.279999999999999|9.34|9.27|9.279999999999999|70
2021.02.18 15:00:00|9.279999999999999|9.31|9.26|9.279999999999999|78
2021.02.18 16:00:00|9.26|9.35|9.26|9.32|119
2021.02.18 17:00:00|9.300000000000001|9.33|9.17|9.19|134
2021.02.18 18:00:00|9.19|9.23|9.18|9.19|79
2021.02.19 10:00:00|9.24|9.33|9.24|9.300000000000001|165
2021.02.19 11:00:00|9.31|9.35|9.27|9.32|93
2021.02.19 12:00:00|9.33|9.35|9.300000000000001|9.34|118
2021.02.19 13:00:00|9.34|9.380000000000001|9.31|9.33|70
2021.02.19 14:00:00|9.33|9.369999999999999|9.32|9.369999999999999|56
2021.02.19 15:00:00|9.369999999999999|9.42|9.369999999999999|9.41|74
2021.02.19 16:00:00|9.4|9.470000000000001|9.390000000000001|9.470000000000001|183
2021.02.19 17:00:00|9.449999999999999|9.51|9.449999999999999|9.51|162
2021.02.19 18:00:00|9.51|9.529999999999999|9.49|9.52|80
2021.02.22 10:00:00|9.6|9.699999999999999|9.49|9.529999999999999|240
2021.02.22 11:00:00|9.51|9.65|9.51|9.630000000000001|144
2021.02.22 12:00:00|9.640000000000001|9.66|9.609999999999999|9.65|93
2021.02.22 13:00:00|9.65|9.699999999999999|9.630000000000001|9.68|102
2021.02.22 14:00:00|9.68|9.710000000000001|9.640000000000001|9.66|107
2021.02.22 15:00:00|9.66|9.69|9.619999999999999|9.67|96
2021.02.22 16:00:00|9.67|9.68|9.630000000000001|9.68|139
2021.02.22 17:00:00|9.68|9.77|9.66|9.76|157
2021.02.22 18:00:00|9.75|9.789999999999999|9.74|9.789999999999999|120
2021.02.23 10:00:00|9.859999999999999|9.98|9.84|9.93|267
2021.02.23 11:00:00|9.93|9.99|9.869999999999999|9.880000000000001|184
2021.02.23 12:00:00|9.890000000000001|9.93|9.710000000000001|9.76|194
2021.02.23 13:00:00|9.75|9.859999999999999|9.720000000000001|9.85|133
2021.02.23 14:00:00|9.859999999999999|9.880000000000001|9.82|9.85|83
2021.02.23 15:00:00|9.84|9.9|9.800000000000001|9.890000000000001|122
2021.02.23 16:00:00|9.890000000000001|9.93|9.68|9.76|158
2021.02.23 17:00:00|9.77|9.94|9.76|9.9|260
2021.02.23 18:00:00|9.9|9.93|9.880000000000001|9.890000000000001|122
2021.02.24 10:00:00|9.859999999999999|10|9.85|9.94|240
2021.02.24 11:00:00|9.94|9.94|9.81|9.92|195
2021.02.24 12:00:00|9.91|9.94|9.880000000000001|9.92|75
2021.02.24 13:00:00|9.92|9.94|9.859999999999999|9.9|62
2021.02.24 14:00:00|9.9|9.960000000000001|9.9|9.960000000000001|106
2021.02.24 15:00:00|9.949999999999999|9.960000000000001|9.869999999999999|9.91|105
2021.02.24 16:00:00|9.9|10|9.9|10|171
2021.02.24 17:00:00|10.01|10.11|10.01|10.1|194
2021.02.24 18:00:00|10.09|10.19|10.09|10.18|99
2021.02.25 10:00:00|10.29|10.53|10.28|10.51|352
2021.02.25 11:00:00|10.52|10.61|10.47|10.61|309
2021.02.25 12:00:00|10.6|10.64|10.55|10.63|171
2021.02.25 13:00:00|10.63|10.65|10.57|10.59|164
2021.02.25 14:00:00|10.59|10.66|10.57|10.66|132
2021.02.25 15:00:00|10.65|10.74|10.62|10.72|192
2021.02.25 16:00:00|10.73|10.74|10.63|10.72|253
2021.02.25 17:00:00|10.72|10.76|10.6|10.61|379
2021.02.25 18:00:00|10.62|10.67|10.59|10.6|162
2021.02.26 10:00:00|10.66|10.67|10.33|10.42|368
2021.02.26 11:00:00|10.41|10.49|10.38|10.44|174
2021.02.26 12:00:00|10.43|10.48|10.39|10.39|141
2021.02.26 13:00:00|10.38|10.38|10.26|10.28|259
2021.02.26 14:00:00|10.28|10.3|10.25|10.26|168
2021.02.26 15:00:00|10.25|10.28|10.21|10.28|178
2021.02.26 16:00:00|10.29|10.37|10.26|10.27|234
2021.02.26 17:00:00|10.26|10.28|10.19|10.2|319
2021.02.26 18:00:00|10.21|10.27|10.14|10.15|307
2021.03.01 10:00:00|10.37|10.46|10.34|10.41|217
2021.03.01 11:00:00|10.41|10.47|10.41|10.45|157
2021.03.01 12:00:00|10.44|10.54|10.44|10.53|91
2021.03.01 13:00:00|10.52|10.53|10.48|10.5|121
2021.03.01 14:00:00|10.48|10.53|10.48|10.52|89
2021.03.01 15:00:00|10.51|10.52|10.43|10.44|74
2021.03.01 16:00:00|10.45|10.45|10.38|10.39|117
2021.03.01 17:00:00|10.4|10.46|10.39|10.45|126
2021.03.01 18:00:00|10.44|10.45|10.39|10.4|70
2021.03.02 10:00:00|10.37|10.49|10.33|10.43|186
2021.03.02 11:00:00|10.42|10.47|10.38|10.46|126
2021.03.02 12:00:00|10.46|10.48|10.41|10.42|92
2021.03.02 13:00:00|10.4|10.46|10.4|10.43|76
2021.03.02 14:00:00|10.44|10.47|10.43|10.46|94
2021.03.02 15:00:00|10.45|10.5|10.43|10.48|68
2021.03.02 16:00:00|10.48|10.52|10.45|10.51|135
2021.03.02 17:00:00|10.49|10.54|10.46|10.47|169
2021.03.02 18:00:00|10.45|10.47|10.42|10.43|92
2021.03.03 10:00:00|10.52|10.61|10.46|10.6|170
2021.03.03 11:00:00|10.61|10.67|10.59|10.62|129
2021.03.03 12:00:00|10.61|10.65|10.6|10.65|115
2021.03.03 13:00:00|10.64|10.64|10.6|10.62|82
2021.03.03 14:00:00|10.62|10.64|10.59|10.63|94
2021.03.03 15:00:00|10.63|10.64|10.47|10.55|168
2021.03.03 16:00:00|10.54|10.62|10.5|10.58|159
2021.03.03 17:00:00|10.57|10.62|10.5|10.6|218
2021.03.03 18:00:00|10.6|10.69|10.59|10.68|95
2021.03.04 10:00:00|10.58|10.59|10.45|10.48|237
2021.03.04 11:00:00|10.48|10.49|10.35|10.39|166
2021.03.04 12:00:00|10.39|10.4|10.29|10.34|150
2021.03.04 13:00:00|10.35|10.38|10.32|10.38|155
2021.03.04 14:00:00|10.38|10.43|10.34|10.4|132
2021.03.04 15:00:00|10.4|10.41|10.35|10.37|98
2021.03.04 16:00:00|10.37|10.4|10.3|10.33|211
2021.03.04 17:00:00|10.32|10.32|10.23|10.24|239
2021.03.04 18:00:00|10.25|10.31|10.23|10.31|125
2021.03.05 10:00:00|10.32|10.5|10.32|10.5|311
2021.03.05 11:00:00|10.49|10.64|10.46|10.62|197
2021.03.05 12:00:00|10.63|10.64|10.56|10.6|148
2021.03.05 13:00:00|10.59|10.63|10.56|10.6|131
2021.03.05 14:00:00|10.59|10.61|10.55|10.6|98
2021.03.05 15:00:00|10.59|10.7|10.52|10.65|187
2021.03.05 16:00:00|10.66|10.76|10.65|10.74|285
2021.03.05 17:00:00|10.73|10.78|10.6|10.64|335
2021.03.05 18:00:00|10.64|10.65|10.53|10.55|162
2021.03.08 10:00:00|10.68|10.92|10.65|10.89|210
2021.03.08 11:00:00|10.88|10.93|10.81|10.9|171
2021.03.08 12:00:00|10.91|11.05|10.91|11.04|162
2021.03.08 13:00:00|11.05|11.06|11|11.04|143
2021.03.08 14:00:00|11.05|11.11|11.04|11.07|103
2021.03.08 15:00:00|11.07|11.14|11.07|11.13|122
2021.03.08 16:00:00|11.13|11.23|11.02|11.18|315
2021.03.08 17:00:00|11.19|11.23|11.1|11.11|400
2021.03.08 18:00:00|11.12|11.13|11.05|11.05|178
2021.03.09 10:00:00|11.02|11.04|10.83|10.88|276
2021.03.09 11:00:00|10.87|10.89|10.76|10.77|224
2021.03.09 12:00:00|10.76|10.81|10.69|10.7|155
2021.03.09 13:00:00|10.69|10.73|10.6|10.62|155
2021.03.09 14:00:00|10.62|10.63|10.56|10.56|138
2021.03.09 15:00:00|10.56|10.68|10.56|10.66|155
2021.03.09 16:00:00|10.65|10.67|10.53|10.57|252
2021.03.09 17:00:00|10.55|10.68|10.52|10.67|257
2021.03.09 18:00:00|10.67|10.72|10.66|10.69|103
2021.03.10 10:00:00|10.66|10.8|10.62|10.76|253
2021.03.10 11:00:00|10.77|10.82|10.74|10.81|148
2021.03.10 12:00:00|10.8|10.84|10.78|10.79|103
2021.03.10 13:00:00|10.78|10.82|10.74|10.77|93
2021.03.10 14:00:00|10.8|10.8|10.67|10.67|129
2021.03.10 15:00:00|10.68|10.71|10.63|10.67|143
2021.03.10 16:00:00|10.67|10.74|10.59|10.64|208
2021.03.10 17:00:00|10.65|10.66|10.57|10.65|198
2021.03.10 18:00:00|10.65|10.68|10.65|10.66|82
2021.03.11 10:00:00|10.62|10.63|10.44|10.52|201
2021.03.11 11:00:00|10.52|10.55|10.45|10.5|126
2021.03.11 12:00:00|10.51|10.56|10.48|10.53|128
2021.03.11 13:00:00|10.52|10.53|10.46|10.47|93
2021.03.11 14:00:00|10.47|10.48|10.35|10.36|128
2021.03.11 15:00:00|10.37|10.47|10.31|10.44|225
2021.03.11 16:00:00|10.44|10.46|10.33|10.45|232
2021.03.11 17:00:00|10.45|10.52|10.43|10.48|159
2021.03.11 18:00:00|10.48|10.5|10.46|10.47|71
2021.03.12 10:00:00|10.46|10.57|10.46|10.52|197
2021.03.12 11:00:00|10.52|10.56|10.48|10.56|138
2021.03.12 12:00:00|10.54|10.62|10.52|10.61|108
2021.03.12 13:00:00|10.62|10.63|10.57|10.62|108
2021.03.12 14:00:00|10.62|10.65|10.59|10.63|97
2021.03.12 15:00:00|10.63|10.66|10.61|10.63|123
2021.03.12 16:00:00|10.62|10.72|10.59|10.71|166
2021.03.12 17:00:00|10.7|10.72|10.61|10.64|145
2021.03.12 18:00:00|10.63|10.65|10.61|10.63|72
2021.03.15 10:00:00|10.58|10.66|10.53|10.58|141
2021.03.15 11:00:00|10.58|10.6|10.5|10.52|102
2021.03.15 12:00:00|10.5|10.54|10.49|10.52|96
2021.03.15 13:00:00|10.51|10.54|10.5|10.54|65
2021.03.15 14:00:00|10.53|10.54|10.48|10.5|80
2021.03.15 15:00:00|10.5|10.53|10.43|10.45|104
2021.03.15 16:00:00|10.45|10.54|10.44|10.47|131
2021.03.15 17:00:00|10.46|10.47|10.32|10.39|185
2021.03.15 18:00:00|10.37|10.44|10.37|10.43|73
2021.03.16 10:00:00|10.45|10.61|10.42|10.56|189
2021.03.16 11:00:00|10.56|10.56|10.41|10.48|108
2021.03.16 12:00:00|10.48|10.49|10.42|10.45|114
2021.03.16 13:00:00|10.46|10.49|10.41|10.43|65
2021.03.16 14:00:00|10.42|10.45|10.41|10.43|80
2021.03.16 15:00:00|10.43|10.48|10.38|10.39|117
2021.03.16 16:00:00|10.39|10.42|10.32|10.34|148
2021.03.16 17:00:00|10.33|10.39|10.3|10.39|119
2021.03.16 18:00:00|10.4|10.41|10.37|10.4|75
2021.03.17 10:00:00|10.35|10.48|10.35|10.47|146
2021.03.17 11:00:00|10.45|10.52|10.42|10.51|110
2021.03.17 12:00:00|10.49|10.6|10.49|10.59|124
2021.03.17 13:00:00|10.58|10.59|10.5|10.53|96
2021.03.17 14:00:00|10.52|10.56|10.5|10.54|94
2021.03.17 15:00:00|10.52|10.59|10.48|10.58|138
2021.03.17 16:00:00|10.59|10.59|10.42|10.46|216
2021.03.17 17:00:00|10.46|10.54|10.46|10.51|151
2021.03.17 18:00:00|10.51|10.52|10.46|10.49|68
2021.03.18 10:00:00|10.71|10.93|10.71|10.93|378
2021.03.18 11:00:00|10.93|11.04|10.82|10.85|257
2021.03.18 12:00:00|10.83|10.88|10.81|10.84|164
2021.03.18 13:00:00|10.83|10.85|10.79|10.84|132
2021.03.18 14:00:00|10.83|10.92|10.81|10.88|144
2021.03.18 15:00:00|10.87|10.92|10.82|10.92|186
2021.03.18 16:00:00|10.92|11.03|10.9|10.98|213
2021.03.18 17:00:00|10.99|11.04|10.95|11.04|158
2021.03.18 18:00:00|11.03|11.03|10.97|10.99|102
2021.03.19 10:00:00|10.88|11.01|10.86|10.9|291
2021.03.19 11:00:00|10.91|10.92|10.84|10.89|186
2021.03.19 12:00:00|10.9|10.9|10.81|10.83|262
2021.03.19 13:00:00|10.84|10.85|10.77|10.81|161
2021.03.19 14:00:00|10.81|10.85|10.72|10.73|139
2021.03.19 15:00:00|10.72|10.74|10.46|10.53|388
2021.03.19 16:00:00|10.54|10.58|10.48|10.57|231
2021.03.19 17:00:00|10.58|10.63|10.54|10.56|176
2021.03.19 18:00:00|10.57|10.64|10.57|10.61|102
2021.03.22 10:00:00|10.5|10.69|10.45|10.66|202
2021.03.22 11:00:00|10.66|10.67|10.59|10.62|101
2021.03.22 12:00:00|10.6|10.65|10.59|10.61|77
2021.03.22 13:00:00|10.61|10.62|10.5|10.52|96
2021.03.22 14:00:00|10.51|10.56|10.5|10.55|58
2021.03.22 15:00:00|10.55|10.56|10.46|10.48|141
2021.03.22 16:00:00|10.47|10.5|10.44|10.47|120
2021.03.22 17:00:00|10.47|10.49|10.44|10.48|131
2021.03.22 18:00:00|10.46|10.49|10.45|10.49|79
2021.03.23 10:00:00|10.48|10.61|10.47|10.51|186
2021.03.23 11:00:00|10.49|10.52|10.45|10.46|143
2021.03.23 12:00:00|10.44|10.47|10.41|10.46|118
2021.03.23 13:00:00|10.45|10.48|10.44|10.46|96
2021.03.23 14:00:00|10.46|10.48|10.41|10.44|89
2021.03.23 15:00:00|10.44|10.48|10.42|10.47|177
2021.03.23 16:00:00|10.48|10.49|10.39|10.43|153
2021.03.23 17:00:00|10.44|10.47|10.4|10.46|134
2021.03.23 18:00:00|10.47|10.48|10.45|10.47|64
2021.03.24 10:00:00|10.3|10.4|10.23|10.37|231
2021.03.24 11:00:00|10.35|10.46|10.35|10.43|149
2021.03.24 12:00:00|10.42|10.51|10.42|10.48|118
2021.03.24 13:00:00|10.48|10.53|10.43|10.45|100
2021.03.24 14:00:00|10.43|10.49|10.43|10.48|85
2021.03.24 15:00:00|10.46|10.58|10.46|10.52|137
2021.03.24 16:00:00|10.52|10.61|10.52|10.6|166
2021.03.24 17:00:00|10.6|10.62|10.54|10.57|154
2021.03.24 18:00:00|10.57|10.61|10.55|10.6|58
2021.03.25 10:00:00|10.5|10.55|10.47|10.52|173
2021.03.25 11:00:00|10.5|10.51|10.44|10.47|105
2021.03.25 12:00:00|10.47|10.48|10.43|10.43|86
2021.03.25 13:00:00|10.43|10.44|10.32|10.34|151
2021.03.25 14:00:00|10.32|10.36|10.31|10.32|135
2021.03.25 15:00:00|10.32|10.39|10.29|10.3|221
2021.03.25 16:00:00|10.3|10.32|10.2|10.25|251
2021.03.25 17:00:00|10.25|10.4|10.22|10.38|204
2021.03.25 18:00:00|10.36|10.41|10.36|10.39|83
2021.03.26 10:00:00|10.55|10.59|10.46|10.49|176
2021.03.26 11:00:00|10.5|10.51|10.44|10.47|89
2021.03.26 12:00:00|10.48|10.49|10.43|10.47|95
2021.03.26 13:00:00|10.47|10.5|10.45|10.49|97
2021.03.26 14:00:00|10.48|10.53|10.45|10.48|108
2021.03.26 15:00:00|10.47|10.56|10.47|10.56|122
2021.03.26 16:00:00|10.55|10.61|10.53|10.55|133
2021.03.26 17:00:00|10.55|10.56|10.49|10.5|92
2021.03.26 18:00:00|10.49|10.51|10.48|10.5|52
2021.03.29 10:00:00|10.31|10.32|9.800000000000001|9.960000000000001|447
2021.03.29 11:00:00|9.98|9.99|9.869999999999999|9.94|238
2021.03.29 12:00:00|9.94|10.06|9.94|10.03|176
2021.03.29 13:00:00|10.03|10.15|10.02|10.13|154
2021.03.29 14:00:00|10.03|10.15|10.03|10.14|120
2021.03.29 15:00:00|10.14|10.17|10.1|10.15|122
2021.03.29 16:00:00|10.15|10.16|10.1|10.15|164
2021.03.29 17:00:00|10.14|10.19|10.08|10.1|298
2021.03.29 18:00:00|10.1|10.12|10.08|10.11|93
2021.03.30 10:00:00|10.21|10.37|10.21|10.35|236
2021.03.30 11:00:00|10.34|10.37|10.27|10.28|136
2021.03.30 12:00:00|10.28|10.31|10.21|10.23|96
2021.03.30 13:00:00|10.21|10.26|10.21|10.25|84
2021.03.30 14:00:00|10.25|10.28|10.23|10.28|52
2021.03.30 15:00:00|10.27|10.29|10.24|10.27|81
2021.03.30 16:00:00|10.26|10.3|10.23|10.27|179
2021.03.30 17:00:00|10.27|10.32|10.23|10.24|155
2021.03.30 18:00:00|10.25|10.29|10.23|10.27|100
2021.03.31 10:00:00|10.28|10.36|10.24|10.25|141
2021.03.31 11:00:00|10.23|10.27|10.22|10.24|79
2021.03.31 12:00:00|10.22|10.24|10.19|10.2|75
2021.03.31 13:00:00|10.2|10.28|10.19|10.27|67
2021.03.31 14:00:00|10.26|10.29|10.25|10.26|41
2021.03.31 15:00:00|10.26|10.3|10.25|10.3|62
2021.03.31 16:00:00|10.29|10.31|10.24|10.26|99
2021.03.31 17:00:00|10.26|10.26|10.18|10.19|114
2021.03.31 18:00:00|10.18|10.21|10.18|10.19|60
2021.04.01 10:00:00|10.14|10.3|10.11|10.25|159
2021.04.01 11:00:00|10.25|10.3|10.23|10.27|139
2021.04.01 12:00:00|10.26|10.26|10.22|10.23|67
2021.04.01 13:00:00|10.22|10.25|10.2|10.25|65
2021.04.01 14:00:00|10.25|10.26|10.23|10.25|56
2021.04.01 15:00:00|10.23|10.25|10.2|10.25|89
2021.04.01 16:00:00|10.25|10.25|10.19|10.24|121
2021.04.01 17:00:00|10.24|10.28|10.23|10.25|133
2021.04.01 18:00:00|10.26|10.26|10.2|10.25|88
2021.04.06 10:00:00|10.35|10.39|10.27|10.31|227
2021.04.06 11:00:00|10.32|10.36|10.28|10.35|100
2021.04.06 12:00:00|10.34|10.48|10.32|10.46|121
2021.04.06 13:00:00|10.47|10.47|10.4|10.41|111
2021.04.06 14:00:00|10.38|10.42|10.38|10.39|80
2021.04.06 15:00:00|10.38|10.42|10.37|10.39|93
2021.04.06 16:00:00|10.39|10.41|10.36|10.37|149
2021.04.06 17:00:00|10.38|10.38|10.31|10.32|180
2021.04.06 18:00:00|10.32|10.32|10.29|10.3|90
2021.04.07 10:00:00|10.33|10.45|10.32|10.43|118
2021.04.07 11:00:00|10.43|10.45|10.35|10.37|127
2021.04.07 12:00:00|10.37|10.41|10.36|10.4|79
2021.04.07 13:00:00|10.39|10.41|10.36|10.38|69
2021.04.07 14:00:00|10.36|10.41|10.35|10.38|81
2021.04.07 15:00:00|10.37|10.39|10.31|10.32|101
2021.04.07 16:00:00|10.32|10.39|10.31|10.37|89
2021.04.07 17:00:00|10.35|10.46|10.35|10.45|95
2021.04.07 18:00:00|10.45|10.45|10.41|10.44|54
2021.04.08 10:00:00|10.49|10.58|10.38|10.4|167
2021.04.08 11:00:00|10.39|10.42|10.34|10.35|109
2021.04.08 12:00:00|10.36|10.39|10.34|10.36|68
2021.04.08 13:00:00|10.36|10.38|10.29|10.3|72
2021.04.08 14:00:00|10.3|10.33|10.26|10.31|118
2021.04.08 15:00:00|10.3|10.32|10.27|10.28|81
2021.04.08 16:00:00|10.26|10.32|10.21|10.24|132
2021.04.08 17:00:00|10.24|10.29|10.21|10.28|130
2021.04.08 18:00:00|10.28|10.32|10.28|10.31|94
2021.04.09 10:00:00|10.34|10.39|10.28|10.31|153
2021.04.09 11:00:00|10.31|10.31|10.23|10.25|123
2021.04.09 12:00:00|10.23|10.28|10.23|10.28|96
2021.04.09 13:00:00|10.27|10.34|10.27|10.32|79
2021.04.09 14:00:00|10.31|10.37|10.31|10.37|70
2021.04.09 15:00:00|10.35|10.37|10.32|10.33|73
2021.04.09 16:00:00|10.32|10.35|10.29|10.31|104
2021.04.09 17:00:00|10.3|10.32|10.27|10.31|106
2021.04.09 18:00:00|10.31|10.34|10.31|10.32|62
2021.04.12 10:00:00|10.3|10.31|10.15|10.25|167
2021.04.12 11:00:00|10.24|10.25|10.21|10.23|82
2021.04.12 12:00:00|10.22|10.28|10.19|10.28|101
2021.04.12 13:00:00|10.28|10.35|10.28|10.34|88
2021.04.12 14:00:00|10.32|10.35|10.3|10.31|64
2021.04.12 15:00:00|10.3|10.32|10.28|10.32|84
2021.04.12 16:00:00|10.33|10.38|10.31|10.35|103
2021.04.12 17:00:00|10.34|10.37|10.31|10.35|82
2021.04.12 18:00:00|10.35|10.36|10.32|10.35|53
2021.04.13 10:00:00|10.34|10.4|10.28|10.31|149
2021.04.13 11:00:00|10.31|10.43|10.31|10.41|123
2021.04.13 12:00:00|10.42|10.43|10.38|10.43|70
2021.04.13 13:00:00|10.42|10.44|10.36|10.36|71
2021.04.13 14:00:00|10.33|10.36|10.29|10.34|99
2021.04.13 15:00:00|10.34|10.36|10.29|10.32|97
2021.04.13 16:00:00|10.33|10.33|10.2|10.22|156
2021.04.13 17:00:00|10.23|10.27|10.2|10.26|145
2021.04.13 18:00:00|10.26|10.28|10.25|10.27|73
2021.04.14 10:00:00|10.19|10.25|10.17|10.19|155
2021.04.14 11:00:00|10.19|10.27|10.17|10.26|95
2021.04.14 12:00:00|10.24|10.26|10.2|10.22|72
2021.04.14 13:00:00|10.22|10.3|10.21|10.27|99
2021.04.14 14:00:00|10.27|10.35|10.26|10.34|101
2021.04.14 15:00:00|10.35|10.37|10.28|10.29|96
2021.04.14 16:00:00|10.28|10.37|10.27|10.36|164
2021.04.14 17:00:00|10.35|10.44|10.35|10.42|129
2021.04.14 18:00:00|10.42|10.42|10.37|10.4|70
2021.04.15 10:00:00|10.36|10.39|10.25|10.27|160
2021.04.15 11:00:00|10.28|10.34|10.26|10.3|101
2021.04.15 12:00:00|10.29|10.31|10.26|10.3|92
2021.04.15 13:00:00|10.3|10.3|10.25|10.27|80
2021.04.15 14:00:00|10.27|10.29|10.21|10.24|73
2021.04.15 15:00:00|10.22|10.28|10.22|10.25|85
2021.04.15 16:00:00|10.24|10.29|10.2|10.23|121
2021.04.15 17:00:00|10.24|10.24|10.18|10.21|133
2021.04.15 18:00:00|10.21|10.22|10.18|10.19|75
2021.04.16 10:00:00|10.24|10.4|10.24|10.38|146
2021.04.16 11:00:00|10.38|10.39|10.31|10.38|83
2021.04.16 12:00:00|10.38|10.43|10.35|10.41|119
2021.04.16 13:00:00|10.42|10.44|10.35|10.36|88
2021.04.16 14:00:00|10.36|10.4|10.34|10.37|66
2021.04.16 15:00:00|10.37|10.41|10.34|10.4|64
2021.04.16 16:00:00|10.4|10.42|10.35|10.37|96
2021.04.16 17:00:00|10.37|10.43|10.35|10.42|118
2021.04.16 18:00:00|10.42|10.43|10.4|10.4|43
2021.04.19 10:00:00|10.39|10.42|10.37|10.38|133
2021.04.19 11:00:00|10.37|10.38|10.31|10.34|112
2021.04.19 12:00:00|10.33|10.34|10.28|10.29|81
2021.04.19 13:00:00|10.29|10.35|10.29|10.34|73
2021.04.19 14:00:00|10.34|10.41|10.34|10.39|117
2021.04.19 15:00:00|10.38|10.43|10.3|10.41|149
2021.04.19 16:00:00|10.41|10.49|10.4|10.47|131
2021.04.19 17:00:00|10.46|10.47|10.36|10.37|149
2021.04.19 18:00:00|10.38|10.39|10.36|10.38|77
2021.04.20 10:00:00|10.42|10.43|10.28|10.28|134
2021.04.20 11:00:00|10.26|10.3|10.24|10.26|116
2021.04.20 12:00:00|10.25|10.26|10.17|10.19|141
2021.04.20 13:00:00|10.2|10.22|10.17|10.21|105
2021.04.20 14:00:00|10.19|10.22|10.16|10.17|88
2021.04.20 15:00:00|10.17|10.2|10.14|10.2|102
2021.04.20 16:00:00|10.2|10.22|10.07|10.08|158
2021.04.20 17:00:00|10.09|10.09|9.94|9.960000000000001|218
2021.04.20 18:00:00|9.949999999999999|9.970000000000001|9.92|9.94|143
2021.04.21 10:00:00|10.02|10.13|10.01|10.07|194
2021.04.21 11:00:00|10.07|10.07|9.970000000000001|10.01|96
2021.04.21 12:00:00|10.01|10.01|9.91|9.92|125
2021.04.21 13:00:00|9.91|9.949999999999999|9.869999999999999|9.94|98
2021.04.21 14:00:00|9.92|9.94|9.84|9.869999999999999|101
2021.04.21 15:00:00|9.859999999999999|9.859999999999999|9.73|9.77|120
2021.04.21 16:00:00|9.75|9.83|9.69|9.81|219
2021.04.21 17:00:00|9.82|9.880000000000001|9.800000000000001|9.85|170
2021.04.21 18:00:00|9.85|9.890000000000001|9.82|9.83|64
2021.04.22 10:00:00|9.84|9.859999999999999|9.68|9.699999999999999|188
2021.04.22 11:00:00|9.68|9.76|9.68|9.73|110
2021.04.22 12:00:00|9.720000000000001|9.800000000000001|9.710000000000001|9.779999999999999|109
2021.04.22 13:00:00|9.76|9.779999999999999|9.73|9.75|87
2021.04.22 14:00:00|9.73|9.789999999999999|9.73|9.779999999999999|66
2021.04.22 15:00:00|9.779999999999999|9.82|9.76|9.789999999999999|90
2021.04.22 16:00:00|9.77|9.81|9.73|9.800000000000001|122
2021.04.22 17:00:00|9.789999999999999|9.789999999999999|9.73|9.77|122
2021.04.22 18:00:00|9.779999999999999|9.789999999999999|9.76|9.779999999999999|67
2021.04.23 10:00:00|9.699999999999999|9.779999999999999|9.68|9.73|152
2021.04.23 11:00:00|9.73|9.800000000000001|9.720000000000001|9.789999999999999|89
2021.04.23 12:00:00|9.77|9.779999999999999|9.73|9.77|79
2021.04.23 13:00:00|9.77|9.789999999999999|9.76|9.779999999999999|79
2021.04.23 14:00:00|9.76|9.800000000000001|9.73|9.75|77
2021.04.23 15:00:00|9.75|9.77|9.69|9.699999999999999|88
2021.04.23 16:00:00|9.710000000000001|9.75|9.68|9.75|110
2021.04.23 17:00:00|9.75|9.83|9.75|9.779999999999999|139
2021.04.23 18:00:00|9.789999999999999|9.82|9.779999999999999|9.800000000000001|52
2021.04.26 10:00:00|9.82|9.859999999999999|9.720000000000001|9.859999999999999|173
2021.04.26 11:00:00|9.869999999999999|9.91|9.83|9.869999999999999|113
2021.04.26 12:00:00|9.859999999999999|9.960000000000001|9.85|9.91|98
2021.04.26 13:00:00|9.91|9.949999999999999|9.880000000000001|9.93|80
2021.04.26 14:00:00|9.93|10.03|9.93|10.01|115
2021.04.26 15:00:00|10|10.04|9.970000000000001|9.98|120
2021.04.26 16:00:00|9.98|10.07|9.960000000000001|10.04|134
2021.04.26 17:00:00|10.04|10.05|10.01|10.03|121
2021.04.26 18:00:00|10.03|10.05|10.01|10.03|58
2021.04.27 10:00:00|10.01|10.02|9.93|9.949999999999999|177
2021.04.27 11:00:00|9.94|9.99|9.93|9.960000000000001|124
2021.04.27 12:00:00|9.960000000000001|10|9.93|9.949999999999999|128
2021.04.27 13:00:00|9.949999999999999|10.03|9.94|10.02|91
2021.04.27 14:00:00|10.02|10.07|10.01|10.03|84
2021.04.27 15:00:00|10.03|10.08|10.03|10.06|84
2021.04.27 16:00:00|10.06|10.11|10.02|10.08|142
2021.04.27 17:00:00|10.08|10.12|10.04|10.12|140
2021.04.27 18:00:00|10.11|10.15|10.11|10.15|95
2021.04.28 10:00:00|10.54|10.86|10.54|10.71|616
2021.04.28 11:00:00|10.72|10.94|10.7|10.91|374
2021.04.28 12:00:00|10.9|11.1|10.86|11.08|331
2021.04.28 13:00:00|11.09|11.13|11.03|11.09|284
2021.04.28 14:00:00|11.1|11.15|10.92|11.1|332
2021.04.28 15:00:00|11.1|11.24|11.09|11.21|369
2021.04.28 16:00:00|11.2|11.26|11.12|11.14|426
2021.04.28 17:00:00|11.15|11.29|11.13|11.28|309
2021.04.28 18:00:00|11.28|11.35|11.23|11.26|212
2021.04.29 10:00:00|11.39|11.59|11.3|11.56|422
2021.04.29 11:00:00|11.57|11.63|11.51|11.54|253
2021.04.29 12:00:00|11.53|11.66|11.49|11.63|246
2021.04.29 13:00:00|11.62|11.65|11.46|11.46|223
2021.04.29 14:00:00|11.47|11.48|11.3|11.43|268
2021.04.29 15:00:00|11.43|11.43|11.29|11.39|225
2021.04.29 16:00:00|11.38|11.52|11.38|11.5|299
2021.04.29 17:00:00|11.5|11.58|11.46|11.54|336
2021.04.29 18:00:00|11.53|11.58|11.52|11.55|113
2021.04.30 10:00:00|11.54|11.71|11.5|11.55|280
2021.04.30 11:00:00|11.54|11.62|11.5|11.58|170
2021.04.30 12:00:00|11.58|11.66|11.57|11.63|172
2021.04.30 13:00:00|11.63|11.67|11.61|11.63|135
2021.04.30 14:00:00|11.63|11.71|11.63|11.71|109
2021.04.30 15:00:00|11.7|11.75|11.63|11.67|146
2021.04.30 16:00:00|11.66|11.71|11.61|11.7|198
2021.04.30 17:00:00|11.69|11.7|11.59|11.61|167
2021.04.30 18:00:00|11.6|11.65|11.58|11.62|105
2021.05.03 10:00:00|11.62|11.64|11.49|11.49|177
2021.05.03 11:00:00|11.47|11.49|11.36|11.4|173
2021.05.03 12:00:00|11.39|11.42|11.35|11.38|117
2021.05.03 13:00:00|11.38|11.45|11.36|11.42|100
2021.05.03 14:00:00|11.42|11.48|11.38|11.42|97
2021.05.03 15:00:00|11.41|11.42|11.36|11.37|92
2021.05.03 16:00:00|11.36|11.46|11.35|11.37|160
2021.05.03 17:00:00|11.36|11.39|11.31|11.38|166
2021.05.03 18:00:00|11.37|11.39|11.36|11.36|80
2021.05.04 10:00:00|11.42|11.47|11.28|11.35|246
2021.05.04 11:00:00|11.34|11.35|11.26|11.32|169
2021.05.04 12:00:00|11.31|11.33|11.27|11.28|117
2021.05.04 13:00:00|11.28|11.32|11.26|11.3|96
2021.05.04 14:00:00|11.3|11.35|11.19|11.22|248
2021.05.04 15:00:00|11.21|11.23|11.05|11.06|215
2021.05.04 16:00:00|11.05|11.22|11.01|11.03|297
2021.05.04 17:00:00|11.02|11.06|10.92|10.97|332
2021.05.04 18:00:00|10.97|11.01|10.96|10.97|154
2021.05.05 10:00:00|11.26|11.39|11.24|11.33|333
2021.05.05 11:00:00|11.33|11.35|11.22|11.25|153
2021.05.05 12:00:00|11.24|11.27|11.2|11.23|107
2021.05.05 13:00:00|11.23|11.24|11.19|11.21|88
2021.05.05 14:00:00|11.22|11.24|11.19|11.22|88
2021.05.05 15:00:00|11.23|11.28|11.21|11.28|101
2021.05.05 16:00:00|11.25|11.29|11.18|11.27|173
2021.05.05 17:00:00|11.26|11.33|11.22|11.32|178
2021.05.05 18:00:00|11.32|11.35|11.3|11.32|95
2021.05.06 10:00:00|11.27|11.46|11.27|11.4|266
2021.05.06 11:00:00|11.4|11.42|11.33|11.35|157
2021.05.06 12:00:00|11.35|11.38|11.27|11.31|194
2021.05.06 13:00:00|11.32|11.35|11.3|11.32|107
2021.05.06 14:00:00|11.33|11.36|11.27|11.3|118
2021.05.06 15:00:00|11.3|11.34|11.28|11.32|101
2021.05.06 16:00:00|11.32|11.38|11.28|11.28|160
2021.05.06 17:00:00|11.27|11.29|11.23|11.27|217
2021.05.06 18:00:00|11.28|11.32|11.24|11.32|101
2021.05.07 10:00:00|11.52|11.55|11.43|11.49|202
2021.05.07 11:00:00|11.49|11.51|11.44|11.5|112
2021.05.07 12:00:00|11.49|11.57|11.45|11.57|111
2021.05.07 13:00:00|11.57|11.59|11.54|11.56|89
2021.05.07 14:00:00|11.55|11.57|11.48|11.5|81
2021.05.07 15:00:00|11.49|11.51|11.3|11.37|242
2021.05.07 16:00:00|11.36|11.53|11.31|11.49|336
2021.05.07 17:00:00|11.5|11.52|11.41|11.49|194
2021.05.07 18:00:00|11.48|11.48|11.43|11.45|80
2021.05.10 10:00:00|11.59|11.63|11.56|11.58|221
2021.05.10 11:00:00|11.58|11.61|11.45|11.52|214
2021.05.10 12:00:00|11.51|11.53|11.43|11.44|153
2021.05.10 13:00:00|11.43|11.47|11.41|11.44|112
2021.05.10 14:00:00|11.44|11.46|11.42|11.43|108
2021.05.10 15:00:00|11.42|11.43|11.37|11.39|118
2021.05.10 16:00:00|11.38|11.47|11.35|11.42|262
2021.05.10 17:00:00|11.41|11.5|11.39|11.5|231
2021.05.10 18:00:00|11.49|11.55|11.49|11.54|116
2021.05.11 10:00:00|11.33|11.4|11.23|11.29|289
2021.05.11 11:00:00|11.28|11.3|11.21|11.26|185
2021.05.11 12:00:00|11.26|11.32|11.25|11.28|169
2021.05.11 13:00:00|11.28|11.28|11.2|11.23|117
2021.05.11 14:00:00|11.21|11.24|11.19|11.22|98
2021.05.11 15:00:00|11.22|11.24|11.18|11.21|111
2021.05.11 16:00:00|11.19|11.33|11.13|11.31|255
2021.05.11 17:00:00|11.31|11.34|11.18|11.23|234
2021.05.11 18:00:00|11.22|11.27|11.2|11.25|105
2021.05.12 10:00:00|11.33|11.43|11.25|11.41|205
2021.05.12 11:00:00|11.41|11.42|11.36|11.38|122
2021.05.12 12:00:00|11.38|11.4|11.31|11.36|138
2021.05.12 13:00:00|11.35|11.39|11.3|11.33|101
2021.05.12 14:00:00|11.33|11.37|11.33|11.36|79
2021.05.12 15:00:00|11.36|11.5|11.3|11.5|252
2021.05.12 16:00:00|11.5|11.57|11.47|11.54|244
2021.05.12 17:00:00|11.53|11.65|11.53|11.65|253
2021.05.12 18:00:00|11.65|11.68|11.59|11.6|103
2021.05.13 10:00:00|11.39|11.4|11.24|11.29|304
2021.05.13 11:00:00|11.29|11.3|11.22|11.27|186
2021.05.13 12:00:00|11.28|11.33|11.26|11.31|147
2021.05.13 13:00:00|11.3|11.38|11.3|11.37|102
2021.05.13 14:00:00|11.37|11.44|11.36|11.43|102
2021.05.13 15:00:00|11.42|11.45|11.4|11.42|108
2021.05.13 16:00:00|11.43|11.58|11.41|11.57|206
2021.05.13 17:00:00|11.58|11.61|11.52|11.56|178
2021.05.13 18:00:00|11.56|11.58|11.54|11.55|96
2021.05.14 10:00:00|11.74|11.75|11.6|11.66|197
2021.05.14 11:00:00|11.65|11.7|11.63|11.64|136
2021.05.14 12:00:00|11.63|11.7|11.63|11.66|119
2021.05.14 13:00:00|11.65|11.72|11.63|11.7|102
2021.05.14 14:00:00|11.7|11.76|11.7|11.72|90
2021.05.14 15:00:00|11.73|11.78|11.72|11.77|100
2021.05.14 16:00:00|11.77|11.85|11.74|11.84|214
2021.05.14 17:00:00|11.84|11.86|11.78|11.79|167
2021.05.14 18:00:00|11.78|11.79|11.75|11.76|65
2021.05.17 10:00:00|11.74|11.82|11.68|11.71|149
2021.05.17 11:00:00|11.71|11.74|11.65|11.73|102
2021.05.17 12:00:00|11.72|11.74|11.68|11.7|87
2021.05.17 13:00:00|11.7|11.71|11.65|11.65|109
2021.05.17 14:00:00|11.65|11.66|11.57|11.59|101
2021.05.17 15:00:00|11.58|11.63|11.56|11.62|130
2021.05.17 16:00:00|11.61|11.72|11.6|11.63|163
2021.05.17 17:00:00|11.62|11.69|11.61|11.68|184
2021.05.17 18:00:00|11.68|11.68|11.64|11.68|76
2021.05.18 10:00:00|11.84|11.87|11.77|11.79|171
2021.05.18 11:00:00|11.78|11.83|11.75|11.82|125
2021.05.18 12:00:00|11.81|11.82|11.74|11.75|112
2021.05.18 13:00:00|11.75|11.77|11.73|11.75|81
2021.05.18 14:00:00|11.74|11.75|11.66|11.67|107
2021.05.18 15:00:00|11.67|11.73|11.66|11.72|155
2021.05.18 16:00:00|11.72|11.77|11.69|11.74|177
2021.05.18 17:00:00|11.73|11.77|11.7|11.75|179
2021.05.18 18:00:00|11.75|11.76|11.71|11.76|88
2021.05.19 10:00:00|11.7|11.79|11.68|11.74|320
2021.05.19 11:00:00|11.74|11.76|11.67|11.69|223
2021.05.19 12:00:00|11.69|11.85|11.69|11.81|201
2021.05.19 13:00:00|11.81|11.82|11.77|11.78|79
2021.05.19 14:00:00|11.77|11.78|11.69|11.69|105
2021.05.19 15:00:00|11.68|11.71|11.54|11.54|168
2021.05.19 16:00:00|11.52|11.61|11.49|11.51|212
2021.05.19 17:00:00|11.5|11.57|11.42|11.57|214
2021.05.19 18:00:00|11.57|11.62|11.56|11.58|108
2021.05.20 10:00:00|11.7|11.73|11.65|11.68|147
2021.05.20 11:00:00|11.67|11.69|11.6|11.62|163
2021.05.20 12:00:00|11.61|11.68|11.6|11.67|107
2021.05.20 13:00:00|11.66|11.72|11.66|11.71|84
2021.05.20 14:00:00|11.71|11.72|11.67|11.72|97
2021.05.20 15:00:00|11.73|11.76|11.7|11.73|94
2021.05.20 16:00:00|11.73|11.74|11.61|11.67|159
2021.05.20 17:00:00|11.67|11.7|11.62|11.67|122
2021.05.20 18:00:00|11.67|11.7|11.67|11.68|104
2021.05.21 10:00:00|11.77|11.87|11.75|11.77|174
2021.05.21 11:00:00|11.76|11.83|11.75|11.8|126
2021.05.21 12:00:00|11.82|11.87|11.78|11.85|150
2021.05.21 13:00:00|11.84|11.9|11.83|11.84|142
2021.05.21 14:00:00|11.84|11.94|11.83|11.94|100
2021.05.21 15:00:00|11.93|11.98|11.92|11.95|95
2021.05.21 16:00:00|11.95|11.99|11.92|11.97|167
2021.05.21 17:00:00|11.97|12.03|11.95|12.03|179
2021.05.21 18:00:00|12.03|12.04|12.01|12.02|91
2021.05.25 10:00:00|12.03|12.27|12.03|12.26|269
2021.05.25 11:00:00|12.26|12.31|12.21|12.31|165
2021.05.25 12:00:00|12.29|12.37|12.28|12.36|138
2021.05.25 13:00:00|12.36|12.41|12.31|12.4|129
2021.05.25 14:00:00|12.39|12.43|12.38|12.4|119
2021.05.25 15:00:00|12.4|12.43|12.38|12.39|133
2021.05.25 16:00:00|12.38|12.49|12.36|12.38|220
2021.05.25 17:00:00|12.39|12.4|12.34|12.37|217
2021.05.25 18:00:00|12.36|12.37|12.27|12.28|121
2021.05.26 10:00:00|12.2|12.25|12.07|12.12|236
2021.05.26 11:00:00|12.13|12.18|12.07|12.18|168
2021.05.26 12:00:00|12.18|12.21|12.07|12.08|193
2021.05.26 13:00:00|12.07|12.08|12|12|137
2021.05.26 14:00:00|12.03|12.04|11.93|11.94|121
2021.05.26 15:00:00|11.94|12.06|11.94|12.03|110
2021.05.26 16:00:00|12.03|12.06|11.96|12.01|152
2021.05.26 17:00:00|12.01|12.09|12.01|12.08|136
2021.05.26 18:00:00|12.08|12.11|12.08|12.11|68
2021.05.27 10:00:00|11.95|12.1|11.95|12.09|234
2021.05.27 11:00:00|12.1|12.16|12.08|12.11|141
2021.05.27 12:00:00|12.1|12.13|12.08|12.11|109
2021.05.27 13:00:00|12.1|12.11|12.05|12.1|101
2021.05.27 14:00:00|12.09|12.15|12.08|12.15|112
2021.05.27 15:00:00|12.16|12.22|12.15|12.22|143
2021.05.27 16:00:00|12.21|12.31|12.19|12.3|220
2021.05.27 17:00:00|12.3|12.3|12.21|12.24|179
2021.05.27 18:00:00|12.24|12.24|12.17|12.18|88
2021.05.28 10:00:00|12.35|12.36|12.23|12.31|170
2021.05.28 11:00:00|12.31|12.32|12.17|12.19|167
2021.05.28 12:00:00|12.18|12.21|12.15|12.18|173
2021.05.28 13:00:00|12.18|12.2|12.15|12.18|88
2021.05.28 14:00:00|12.18|12.2|12.16|12.19|94
2021.05.28 15:00:00|12.19|12.25|12.18|12.24|118
2021.05.28 16:00:00|12.24|12.26|12.17|12.21|198
2021.05.28 17:00:00|12.22|12.29|12.21|12.29|136
2021.05.28 18:00:00|12.28|12.32|12.28|12.31|71
2021.05.31 10:00:00|12.23|12.24|12.01|12.1|154
2021.05.31 11:00:00|12.09|12.13|12.09|12.1|75
2021.05.31 12:00:00|12.1|12.14|12.1|12.12|75
2021.05.31 13:00:00|12.12|12.19|12.12|12.19|46
2021.05.31 14:00:00|12.17|12.19|12.13|12.14|45
2021.05.31 15:00:00|12.15|12.16|12.13|12.15|34
2021.05.31 16:00:00|12.15|12.18|12.14|12.16|68
2021.05.31 17:00:00|12.16|12.21|12.16|12.19|50
2021.05.31 18:00:00|12.18|12.19|12.14|12.15|57
2021.06.01 10:00:00|12.23|12.43|12.22|12.42|168
2021.06.01 11:00:00|12.42|12.43|12.32|12.33|132
2021.06.01 12:00:00|12.34|12.34|12.29|12.33|103
2021.06.01 13:00:00|12.33|12.35|12.32|12.35|85
2021.06.01 14:00:00|12.34|12.38|12.32|12.37|87
2021.06.01 15:00:00|12.37|12.4|12.35|12.37|99
2021.06.01 16:00:00|12.36|12.43|12.35|12.41|124
2021.06.01 17:00:00|12.4|12.44|12.38|12.42|161
2021.06.01 18:00:00|12.43|12.43|12.39|12.41|90
2021.06.02 10:00:00|12.39|12.42|12.32|12.36|143
2021.06.02 11:00:00|12.35|12.42|12.35|12.4|88
2021.06.02 12:00:00|12.4|12.43|12.38|12.42|84
2021.06.02 13:00:00|12.41|12.42|12.39|12.4|59
2021.06.02 14:00:00|12.38|12.4|12.37|12.39|64
2021.06.02 15:00:00|12.37|12.43|12.37|12.42|84
2021.06.02 16:00:00|12.42|12.45|12.36|12.38|118
2021.06.02 17:00:00|12.39|12.41|12.37|12.4|105
2021.06.02 18:00:00|12.38|12.43|12.38|12.43|57
2021.06.03 10:00:00|12.38|12.47|12.38|12.43|106
2021.06.03 11:00:00|12.44|12.48|12.43|12.47|59
2021.06.03 12:00:00|12.47|12.51|12.44|12.48|64
2021.06.03 13:00:00|12.49|12.49|12.42|12.44|94
2021.06.03 14:00:00|12.42|12.45|12.4|12.42|102
2021.06.03 15:00:00|12.4|12.47|12.39|12.44|89
2021.06.03 16:00:00|12.44|12.52|12.43|12.51|126
2021.06.03 17:00:00|12.51|12.54|12.49|12.52|143
2021.06.03 18:00:00|12.51|12.52|12.49|12.52|96
2021.06.04 10:00:00|12.51|12.52|12.38|12.44|137
2021.06.04 11:00:00|12.44|12.49|12.42|12.44|86
2021.06.04 12:00:00|12.44|12.48|12.44|12.44|84
2021.06.04 13:00:00|12.43|12.44|12.4|12.43|71
2021.06.04 14:00:00|12.44|12.45|12.39|12.4|68
2021.06.04 15:00:00|12.4|12.42|12.34|12.39|139
2021.06.04 16:00:00|12.38|12.39|12.29|12.32|117
2021.06.04 17:00:00|12.3|12.35|12.3|12.34|155
2021.06.04 18:00:00|12.34|12.37|12.32|12.33|53
2021.06.07 10:00:00|12.38|12.42|12.3|12.33|185
2021.06.07 11:00:00|12.33|12.33|12.28|12.31|109
2021.06.07 12:00:00|12.3|12.32|12.25|12.31|99
2021.06.07 13:00:00|12.29|12.33|12.29|12.33|83
2021.06.07 14:00:00|12.33|12.33|12.26|12.29|56
2021.06.07 15:00:00|12.27|12.3|12.26|12.28|53
2021.06.07 16:00:00|12.27|12.33|12.26|12.3|134
2021.06.07 17:00:00|12.29|12.34|12.26|12.29|130
2021.06.07 18:00:00|12.28|12.35|12.27|12.33|68
2021.06.08 10:00:00|12.29|12.37|12.29|12.36|129
2021.06.08 11:00:00|12.34|12.38|12.33|12.38|92
2021.06.08 12:00:00|12.37|12.42|12.36|12.37|82
2021.06.08 13:00:00|12.37|12.38|12.27|12.32|151
2021.06.08 14:00:00|12.34|12.35|12.28|12.32|63
2021.06.08 15:00:00|12.32|12.33|12.18|12.21|156
2021.06.08 16:00:00|12.21|12.22|12.11|12.15|184
2021.06.08 17:00:00|12.16|12.27|12.15|12.26|152
2021.06.08 18:00:00|12.27|12.27|12.23|12.26|77
2021.06.09 10:00:00|12.19|12.22|12.07|12.07|158
2021.06.09 11:00:00|12.06|12.08|12.01|12.02|133
2021.06.09 12:00:00|12|12.03|11.99|12.01|109
2021.06.09 13:00:00|12.01|12.02|11.96|12|94
2021.06.09 14:00:00|12|12.01|11.95|12|89
2021.06.09 15:00:00|11.99|12.06|11.98|11.98|108
2021.06.09 16:00:00|11.99|12.04|11.91|11.93|151
2021.06.09 17:00:00|11.92|11.98|11.9|11.97|172
2021.06.09 18:00:00|11.97|12.01|11.97|11.99|65
2021.06.10 10:00:00|11.97|11.99|11.89|11.95|177
2021.06.10 11:00:00|11.95|11.98|11.92|11.98|89
2021.06.10 12:00:00|11.97|12.03|11.94|12.02|72
2021.06.10 13:00:00|12.01|12.05|12|12.03|95
2021.06.10 14:00:00|12.03|12.06|11.95|11.98|139
2021.06.10 15:00:00|11.97|12.12|11.97|12.06|202
2021.06.10 16:00:00|12.05|12.07|11.92|11.93|190
2021.06.10 17:00:00|11.94|11.95|11.85|11.88|153
2021.06.10 18:00:00|11.87|11.9|11.87|11.88|71
2021.06.11 10:00:00|11.71|11.72|11.4|11.51|425
2021.06.11 11:00:00|11.51|11.53|11.45|11.46|145
2021.06.11 12:00:00|11.46|11.48|11.37|11.37|103
2021.06.11 13:00:00|11.38|11.56|11.36|11.53|130
2021.06.11 14:00:00|11.54|11.59|11.52|11.57|124
2021.06.11 15:00:00|11.58|11.65|11.55|11.64|148
2021.06.11 16:00:00|11.64|11.74|11.64|11.68|200
2021.06.11 17:00:00|11.68|11.71|11.61|11.68|144
2021.06.11 18:00:00|11.67|11.7|11.65|11.67|66
2021.06.14 10:00:00|11.63|11.74|11.63|11.7|174
2021.06.14 11:00:00|11.7|11.7|11.64|11.68|125
2021.06.14 12:00:00|11.68|11.7|11.64|11.66|73
2021.06.14 13:00:00|11.65|11.68|11.64|11.67|61
2021.06.14 14:00:00|11.67|11.68|11.61|11.63|70
2021.06.14 15:00:00|11.63|11.67|11.61|11.67|86
2021.06.14 16:00:00|11.67|11.67|11.62|11.65|108
2021.06.14 17:00:00|11.65|11.69|11.64|11.66|113
2021.06.14 18:00:00|11.65|11.66|11.54|11.55|115
2021.06.15 10:00:00|11.55|11.63|11.53|11.53|176
2021.06.15 11:00:00|11.53|11.55|11.51|11.53|124
2021.06.15 12:00:00|11.53|11.53|11.47|11.48|107
2021.06.15 13:00:00|11.47|11.52|11.45|11.52|90
2021.06.15 14:00:00|11.5|11.52|11.48|11.51|85
2021.06.15 15:00:00|11.51|11.55|11.49|11.54|113
2021.06.15 16:00:00|11.53|11.55|11.47|11.52|148
2021.06.15 17:00:00|11.53|11.54|11.5|11.53|111
2021.06.15 18:00:00|11.52|11.57|11.51|11.55|61
2021.06.16 10:00:00|11.66|11.69|11.48|11.49|201
2021.06.16 11:00:00|11.49|11.49|11.44|11.49|94
2021.06.16 12:00:00|11.49|11.5|11.44|11.45|81
2021.06.16 13:00:00|11.45|11.51|11.43|11.43|90
2021.06.16 14:00:00|11.43|11.44|11.37|11.39|83
2021.06.16 15:00:00|11.38|11.39|11.28|11.29|150
2021.06.16 16:00:00|11.28|11.37|11.27|11.3|158
2021.06.16 17:00:00|11.31|11.31|11.23|11.26|148
2021.06.16 18:00:00|11.26|11.31|11.26|11.29|103
2021.06.17 10:00:00|11.49|11.6|11.44|11.58|300
2021.06.17 11:00:00|11.59|11.69|11.59|11.69|146
2021.06.17 12:00:00|11.67|11.71|11.59|11.63|165
2021.06.17 13:00:00|11.63|11.67|11.62|11.64|93
2021.06.17 14:00:00|11.64|11.67|11.62|11.65|91
2021.06.17 15:00:00|11.65|11.67|11.6|11.63|118
2021.06.17 16:00:00|11.64|11.65|11.54|11.56|161
2021.06.17 17:00:00|11.57|11.58|11.37|11.37|251
2021.06.17 18:00:00|11.38|11.38|11.31|11.31|116
2021.06.18 10:00:00|11.22|11.29|11.16|11.2|257
2021.06.18 11:00:00|11.2|11.24|11.15|11.23|142
2021.06.18 12:00:00|11.21|11.24|11.14|11.18|296
2021.06.18 13:00:00|11.17|11.21|11.11|11.13|198
2021.06.18 14:00:00|11.1|11.14|11.09|11.1|124
2021.06.18 15:00:00|11.08|11.09|11.02|11.04|176
2021.06.18 16:00:00|11.04|11.07|10.93|10.96|268
2021.06.18 17:00:00|10.98|11|10.91|10.95|244
2021.06.18 18:00:00|10.95|10.99|10.9|10.9|140
2021.06.21 10:00:00|10.75|10.86|10.69|10.81|287
2021.06.21 11:00:00|10.81|10.86|10.78|10.83|166
2021.06.21 12:00:00|10.82|10.89|10.8|10.85|174
2021.06.21 13:00:00|10.86|10.89|10.82|10.86|144
2021.06.21 14:00:00|10.84|10.88|10.77|10.82|155
2021.06.21 15:00:00|10.81|10.94|10.79|10.93|173
2021.06.21 16:00:00|10.92|11.03|10.91|10.96|254
2021.06.21 17:00:00|10.97|11.06|10.97|11.03|146
2021.06.21 18:00:00|11.03|11.04|10.94|10.99|80
2021.06.22 10:00:00|11.03|11.06|10.97|10.99|227
2021.06.22 11:00:00|10.99|10.99|10.92|10.94|160
2021.06.22 12:00:00|10.94|10.96|10.89|10.9|172
2021.06.22 13:00:00|10.89|10.93|10.87|10.89|132
2021.06.22 14:00:00|10.9|10.93|10.81|10.87|282
2021.06.22 15:00:00|10.88|10.92|10.85|10.87|190
2021.06.22 16:00:00|10.87|10.9|10.83|10.87|236
2021.06.22 17:00:00|10.88|10.9|10.84|10.88|189
2021.06.22 18:00:00|10.88|10.92|10.86|10.91|122
2021.06.23 10:00:00|10.97|10.98|10.87|10.91|176
2021.06.23 11:00:00|10.91|10.93|10.85|10.88|140
2021.06.23 12:00:00|10.87|10.88|10.81|10.83|101
2021.06.23 13:00:00|10.81|10.84|10.79|10.81|99
2021.06.23 14:00:00|10.81|10.81|10.75|10.8|82
2021.06.23 15:00:00|10.79|10.85|10.78|10.83|60
2021.06.23 16:00:00|10.83|10.89|10.82|10.87|140
2021.06.23 17:00:00|10.87|10.91|10.86|10.89|123
2021.06.23 18:00:00|10.88|10.89|10.84|10.86|73
2021.06.24 10:00:00|10.91|10.95|10.83|10.87|175
2021.06.24 11:00:00|10.85|10.94|10.85|10.94|141
2021.06.24 12:00:00|10.94|11.01|10.94|10.98|131
2021.06.24 13:00:00|10.97|10.98|10.9|10.92|100
2021.06.24 14:00:00|10.92|10.93|10.82|10.91|83
2021.06.24 15:00:00|10.9|10.94|10.87|10.94|100
2021.06.24 16:00:00|10.94|10.94|10.87|10.88|147
2021.06.24 17:00:00|10.86|10.95|10.86|10.95|103
2021.06.24 18:00:00|10.95|10.99|10.94|10.98|63
2021.06.25 10:00:00|11.19|11.22|10.98|11.01|192
2021.06.25 11:00:00|11|11.06|10.99|11.05|112
2021.06.25 12:00:00|11.05|11.06|10.99|11.04|104
2021.06.25 13:00:00|11.02|11.05|11.01|11.05|58
2021.06.25 14:00:00|11.05|11.14|11.04|11.11|101
2021.06.25 15:00:00|11.09|11.1|11|11.01|68
2021.06.25 16:00:00|11|11.08|10.97|11.06|137
2021.06.25 17:00:00|11.05|11.11|11.04|11.08|139
2021.06.25 18:00:00|11.08|11.1|11.08|11.1|57
2021.06.28 10:00:00|11.02|11.09|10.98|11|138
2021.06.28 11:00:00|10.98|11|10.94|10.99|115
2021.06.28 12:00:00|10.98|11.03|10.97|11.03|70
2021.06.28 13:00:00|11.03|11.09|11.03|11.08|97
2021.06.28 14:00:00|11.05|11.11|11.05|11.11|89
2021.06.28 15:00:00|11.11|11.11|11.06|11.07|61
2021.06.28 16:00:00|11.07|11.08|10.96|10.98|120
2021.06.28 17:00:00|10.97|10.98|10.89|10.92|136
2021.06.28 18:00:00|10.91|10.94|10.88|10.89|75
2021.06.29 10:00:00|10.89|11.06|10.89|11.03|138
2021.06.29 11:00:00|11.02|11.13|11.02|11.03|107
2021.06.29 12:00:00|11.02|11.05|10.99|11.02|104
2021.06.29 13:00:00|11.02|11.05|11|11.04|72
2021.06.29 14:00:00|11.03|11.08|11.03|11.06|67
2021.06.29 15:00:00|11.06|11.13|11.06|11.12|106
2021.06.29 16:00:00|11.12|11.16|11.07|11.09|143
2021.06.29 17:00:00|11.1|11.11|11.02|11.03|132
2021.06.29 18:00:00|11.03|11.06|11.01|11.06|34
2021.06.30 10:00:00|10.99|11.03|10.8|10.81|198
2021.06.30 11:00:00|10.82|10.82|10.72|10.77|231
2021.06.30 12:00:00|10.77|10.86|10.74|10.84|168
2021.06.30 13:00:00|10.85|10.92|10.85|10.89|122
2021.06.30 14:00:00|10.89|10.96|10.89|10.93|111
2021.06.30 15:00:00|10.91|10.96|10.89|10.9|88
2021.06.30 16:00:00|10.9|11|10.86|10.99|170
2021.06.30 17:00:00|10.99|11.03|10.94|10.99|158
2021.06.30 18:00:00|10.99|10.99|10.93|10.98|106
2021.07.01 10:00:00|11.04|11.12|11.04|11.09|187
2021.07.01 11:00:00|11.09|11.12|11.05|11.07|133
2021.07.01 12:00:00|11.07|11.09|11.03|11.07|106
2021.07.01 13:00:00|11.06|11.09|11.01|11.07|159
2021.07.01 14:00:00|11.05|11.14|11.05|11.13|110
2021.07.01 15:00:00|11.13|11.13|11.05|11.08|76
2021.07.01 16:00:00|11.07|11.1|11.01|11.02|149
2021.07.01 17:00:00|11.02|11.1|11.02|11.04|150
2021.07.01 18:00:00|11.04|11.08|11.03|11.08|85
2021.07.02 10:00:00|11.09|11.1|11.02|11.04|115
2021.07.02 11:00:00|11.02|11.06|10.97|10.99|63
2021.07.02 12:00:00|10.98|11.05|10.96|11.03|81
2021.07.02 13:00:00|11.03|11.06|10.99|11.01|73
2021.07.02 14:00:00|11.01|11.03|10.99|11|75
2021.07.02 15:00:00|10.99|11.07|10.97|11.04|122
2021.07.02 16:00:00|11.02|11.04|10.94|10.95|124
2021.07.02 17:00:00|10.94|10.95|10.89|10.9|102
2021.07.02 18:00:00|10.89|10.92|10.89|10.9|67
2021.07.05 10:00:00|10.87|10.97|10.87|10.96|106
2021.07.05 11:00:00|10.96|10.98|10.94|10.96|80
2021.07.05 12:00:00|10.96|10.97|10.92|10.96|64
2021.07.05 13:00:00|10.96|11.01|10.95|11.01|72
2021.07.05 14:00:00|11.01|11.03|11|11.02|70
2021.07.05 15:00:00|11.02|11.05|11.01|11.02|61
2021.07.05 16:00:00|11.03|11.04|11|11.03|68
2021.07.05 17:00:00|11.03|11.06|11.02|11.05|73
2021.07.05 18:00:00|11.03|11.04|11.01|11.02|56
2021.07.06 10:00:00|11.04|11.05|10.93|10.94|121
2021.07.06 11:00:00|10.94|10.97|10.92|10.94|74
2021.07.06 12:00:00|10.93|10.95|10.88|10.92|95
2021.07.06 13:00:00|10.91|10.93|10.87|10.89|65
2021.07.06 14:00:00|10.89|10.9|10.85|10.88|67
2021.07.06 15:00:00|10.88|10.89|10.85|10.86|70
2021.07.06 16:00:00|10.87|10.87|10.75|10.76|153
2021.07.06 17:00:00|10.75|10.76|10.61|10.61|310
2021.07.06 18:00:00|10.6|10.62|10.57|10.59|113
2021.07.07 10:00:00|10.66|10.72|10.58|10.59|171
2021.07.07 11:00:00|10.59|10.6|10.51|10.58|201
2021.07.07 12:00:00|10.57|10.59|10.53|10.56|114
2021.07.07 13:00:00|10.55|10.56|10.5|10.56|140
2021.07.07 14:00:00|10.54|10.57|10.51|10.56|62
2021.07.07 15:00:00|10.54|10.56|10.45|10.45|147
2021.07.07 16:00:00|10.46|10.56|10.46|10.46|222
2021.07.07 17:00:00|10.46|10.47|10.36|10.39|214
2021.07.07 18:00:00|10.39|10.48|10.39|10.47|111
2021.07.08 10:00:00|10.27|10.36|10.23|10.31|319
2021.07.08 11:00:00|10.3|10.32|10.19|10.24|213
2021.07.08 12:00:00|10.24|10.28|10.21|10.22|141
2021.07.08 13:00:00|10.21|10.24|10.16|10.24|142
2021.07.08 14:00:00|10.23|10.26|10.19|10.22|126
2021.07.08 15:00:00|10.2|10.23|10.16|10.17|155
2021.07.08 16:00:00|10.17|10.22|10.08|10.12|255
2021.07.08 17:00:00|10.13|10.16|10.08|10.12|263
2021.07.08 18:00:00|10.13|10.18|10.13|10.15|128
2021.07.09 10:00:00|10.28|10.33|10.24|10.27|216
2021.07.09 11:00:00|10.27|10.4|10.27|10.38|143
2021.07.09 12:00:00|10.38|10.43|10.38|10.4|156
2021.07.09 13:00:00|10.4|10.43|10.35|10.37|104
2021.07.09 14:00:00|10.37|10.45|10.36|10.42|142
2021.07.09 15:00:00|10.41|10.43|10.37|10.38|155
2021.07.09 16:00:00|10.37|10.43|10.31|10.43|216
2021.07.09 17:00:00|10.44|10.48|10.42|10.46|196
2021.07.09 18:00:00|10.48|10.48|10.45|10.48|79
2021.07.12 10:00:00|10.51|10.52|10.35|10.37|186
2021.07.12 11:00:00|10.36|10.45|10.36|10.44|111
2021.07.12 12:00:00|10.42|10.44|10.36|10.36|87
2021.07.12 13:00:00|10.37|10.38|10.34|10.36|82
2021.07.12 14:00:00|10.36|10.43|10.36|10.42|46
2021.07.12 15:00:00|10.4|10.46|10.39|10.46|83
2021.07.12 16:00:00|10.47|10.58|10.41|10.57|144
2021.07.12 17:00:00|10.58|10.63|10.54|10.56|184
2021.07.12 18:00:00|10.55|10.58|10.55|10.58|52
2021.07.13 10:00:00|10.54|10.61|10.49|10.49|185
2021.07.13 11:00:00|10.49|10.52|10.45|10.49|101
2021.07.13 12:00:00|10.49|10.49|10.41|10.43|75
2021.07.13 13:00:00|10.42|10.46|10.39|10.4|97
2021.07.13 14:00:00|10.38|10.42|10.36|10.38|105
2021.07.13 15:00:00|10.37|10.51|10.36|10.47|168
2021.07.13 16:00:00|10.46|10.48|10.4|10.4|152
2021.07.13 17:00:00|10.38|10.39|10.3|10.32|158
2021.07.13 18:00:00|10.31|10.35|10.31|10.34|76
2021.07.14 10:00:00|10.37|10.52|10.34|10.51|210
2021.07.14 11:00:00|10.5|10.52|10.45|10.47|106
2021.07.14 12:00:00|10.47|10.5|10.44|10.46|79
2021.07.14 13:00:00|10.44|10.52|10.44|10.47|90
2021.07.14 14:00:00|10.46|10.49|10.44|10.45|64
2021.07.14 15:00:00|10.45|10.51|10.44|10.48|80
2021.07.14 16:00:00|10.46|10.55|10.45|10.47|145
2021.07.14 17:00:00|10.48|10.5|10.4|10.41|129
2021.07.14 18:00:00|10.42|10.42|10.37|10.39|71
2021.07.15 10:00:00|10.31|10.35|10.23|10.28|164
2021.07.15 11:00:00|10.28|10.36|10.26|10.33|68
2021.07.15 12:00:00|10.32|10.33|10.27|10.31|77
2021.07.15 13:00:00|10.31|10.37|10.3|10.35|96
2021.07.15 14:00:00|10.33|10.4|10.3|10.38|85
2021.07.15 15:00:00|10.38|10.38|10.31|10.32|70
2021.07.15 16:00:00|10.3|10.35|10.28|10.34|163
2021.07.15 17:00:00|10.34|10.42|10.32|10.42|169
2021.07.15 18:00:00|10.41|10.43|10.36|10.39|70
2021.07.16 10:00:00|10.39|10.46|10.29|10.31|196
2021.07.16 11:00:00|10.3|10.38|10.29|10.38|86
2021.07.16 12:00:00|10.37|10.37|10.31|10.34|75
2021.07.16 13:00:00|10.35|10.35|10.25|10.27|85
2021.07.16 14:00:00|10.27|10.32|10.27|10.29|77
2021.07.16 15:00:00|10.29|10.31|10.23|10.27|108
2021.07.16 16:00:00|10.28|10.3|10.18|10.2|131
2021.07.16 17:00:00|10.19|10.19|10.11|10.17|158
