2020.01.30 17:30:00|135.45|136.63|134.99|136.5|5259
2020.01.30 18:30:00|136.51|136.63|136.05|136.23|4317
2020.01.30 19:30:00|136.24|136.38|135.69|136.14|3954
2020.01.30 20:30:00|136.15|136.43|135.81|136.18|3054
2020.01.30 21:30:00|136.19|136.92|135.9|136.77|6628
2020.01.30 22:30:00|136.78|137.54|136.64|137.53|3219
2020.01.31 16:30:00|137.77|138.15|136.81|137.38|6744
2020.01.31 17:30:00|137.38|138.17|137.25|137.75|7558
2020.01.31 18:30:00|137.74|138.42|137.54|138.01|7046
2020.01.31 19:30:00|138.01|138.01|137.25|137.27|7017
2020.01.31 20:30:00|137.28|137.84|136.97|137.57|5611
2020.01.31 21:30:00|137.57|138.13|137.53|137.77|6150
2020.01.31 22:30:00|137.77|138.14|137.51|138.11|4671
2020.02.03 16:30:00|139.92|141.5|139.64|140.88|6802
2020.02.03 17:30:00|140.9|141.55|140.55|140.98|3877
2020.02.03 18:30:00|140.99|141.38|140.38|141.23|2999
2020.02.03 19:30:00|141.21|141.51|140.4|140.56|2467
2020.02.03 20:30:00|140.57|140.96|140.27|140.33|2675
2020.02.03 21:30:00|140.33|140.94|140.12|140.94|2153
2020.02.03 22:30:00|140.95|141.13|140.71|140.88|1798
2020.02.04 16:30:00|144.91|144.91|143.01|144.11|6668
2020.02.04 17:30:00|144.13|144.16|143.37|143.8|4240
2020.02.04 18:30:00|143.8|144.19|143.63|144.12|2950
2020.02.04 19:30:00|144.13|144.75|144.12|144.46|2639
2020.02.04 20:30:00|144.45|145.18|144.38|144.64|2647
2020.02.04 21:30:00|144.64|145.24|144.56|145.1|3210
2020.02.04 22:30:00|145.11|145.13|144.33|144.57|2043
2020.02.05 16:30:00|146.74|147.03|141.27|141.8|8854
2020.02.05 17:30:00|141.8|142.24|140.58|141.23|5580
2020.02.05 18:30:00|141.23|141.35|140.48|141.09|3934
2020.02.05 19:30:00|141.08|141.14|138.33|139.23|4560
2020.02.05 20:30:00|139.22|140.65|139.15|140.37|4037
2020.02.05 21:30:00|140.36|141.73|140.19|141.62|4368
2020.02.05 22:30:00|141.62|141.64|140.72|141|2515
2020.02.06 16:30:00|141.68|142.67|140.98|142.17|5202
2020.02.06 17:30:00|142.18|142.53|141.9|142.3|4380
2020.02.06 18:30:00|142.31|143.05|142.24|143.04|2902
2020.02.06 19:30:00|143.05|143.7|142.91|143.01|2370
2020.02.06 20:30:00|143.02|143.08|142.27|142.45|2431
2020.02.06 21:30:00|142.42|142.48|141.81|141.96|1997
2020.02.06 22:30:00|141.97|142.55|141.9|142.49|1215
2020.02.07 16:30:00|141.46|141.5|139.87|140.31|4904
2020.02.07 17:30:00|140.33|141.03|140.13|140.94|3979
2020.02.07 18:30:00|140.93|141.03|140.56|140.77|2582
2020.02.07 19:30:00|140.78|140.98|140.42|140.97|1833
2020.02.07 20:30:00|140.98|141.12|140.44|140.6|3500
2020.02.07 21:30:00|140.59|141.01|140.58|140.88|2561
2020.02.07 22:30:00|140.89|141.05|140.61|140.87|1690
2020.02.10 16:30:00|140.39|141.43|140.21|141.28|3994
2020.02.10 17:30:00|141.29|141.5|140.92|141.17|2774
2020.02.10 18:30:00|141.18|141.66|141.11|141.63|2077
2020.02.10 19:30:00|141.62|141.8|141.41|141.73|1465
2020.02.10 20:30:00|141.74|142|141.65|141.83|1603
2020.02.10 21:30:00|141.84|142.24|141.52|141.98|1503
2020.02.10 22:30:00|141.99|142.24|141.85|142.24|1113
2020.02.11 16:30:00|142.36|142.37|141.1|141.76|4689
2020.02.11 17:30:00|141.76|142.05|141.29|141.4|3283
2020.02.11 18:30:00|141.41|141.41|140.91|141.13|3114
2020.02.11 19:30:00|141.15|141.23|140.52|140.8|2247
2020.02.11 20:30:00|140.81|140.84|140.21|140.49|2847
2020.02.11 21:30:00|140.5|140.88|140.42|140.66|3313
2020.02.11 22:30:00|140.66|141.03|140.62|140.77|1711
2020.02.12 16:30:00|140.82|141.91|140.6|141.65|4490
2020.02.12 17:30:00|141.64|141.97|141.38|141.62|2707
2020.02.12 18:30:00|141.63|141.8|141.19|141.77|1619
2020.02.12 19:30:00|141.76|141.82|141.44|141.63|1339
2020.02.12 20:30:00|141.63|141.97|141.58|141.87|1462
2020.02.12 21:30:00|141.87|141.9|141.5|141.66|1628
2020.02.12 22:30:00|141.66|141.73|141.55|141.6|889
2020.02.13 16:30:00|141.09|141.42|140.66|141.06|5109
2020.02.13 17:30:00|141.06|141.65|140.95|141.48|4752
2020.02.13 18:30:00|141.49|141.58|141.18|141.25|2598
2020.02.13 19:30:00|141.26|141.44|141.14|141.32|2402
2020.02.13 20:30:00|141.3|141.65|141.22|141.22|2712
2020.02.13 21:30:00|141.23|141.53|140.98|141.09|2908
2020.02.13 22:30:00|141.08|141.11|140.63|140.63|1724
2020.02.14 16:30:00|140.82|140.9|140.17|140.24|3433
2020.02.14 17:30:00|140.24|140.54|140.01|140.34|2420
2020.02.14 18:30:00|140.35|140.35|139.33|139.42|2063
2020.02.14 19:30:00|139.41|139.68|138.92|139.14|2449
2020.02.14 20:30:00|139.14|139.38|138.89|139.33|2378
2020.02.14 21:30:00|139.32|139.49|139.07|139.24|2721
2020.02.14 22:30:00|139.23|139.52|139.21|139.41|1401
2020.02.18 16:30:00|139.09|139.4|138.52|138.61|5398
2020.02.18 17:30:00|138.63|138.72|138.01|138.08|4194
2020.02.18 18:30:00|138.08|138.26|137.86|138.12|2903
2020.02.18 19:30:00|138.13|138.49|138.11|138.37|1578
2020.02.18 20:30:00|138.36|138.49|138.1|138.47|1640
2020.02.18 21:30:00|138.47|138.94|138.41|138.88|2540
2020.02.18 22:30:00|138.88|138.9|138.66|138.8|1085
2020.02.19 16:30:00|139.08|140.7|138.98|140.07|4374
2020.02.19 17:30:00|140.05|140.67|140.01|140.62|2690
2020.02.19 18:30:00|140.61|141.52|140.55|141.48|2193
2020.02.19 19:30:00|141.49|141.52|140.87|141.03|1459
2020.02.19 20:30:00|141.04|141.31|140.88|141.18|1594
2020.02.19 21:30:00|141.18|141.62|141.16|141.4|1875
2020.02.19 22:30:00|141.4|141.4|140.99|141.08|1134
2020.02.20 16:30:00|140.96|141|139.71|140.62|4012
2020.02.20 17:30:00|140.63|140.67|139.4|139.4|3972
2020.02.20 18:30:00|139.39|139.48|138.61|139.14|7847
2020.02.20 19:30:00|139.15|139.52|138.75|139.43|5245
2020.02.20 20:30:00|139.42|139.85|139.26|139.76|3971
2020.02.20 21:30:00|139.74|140.05|139.71|139.94|3044
2020.02.20 22:30:00|139.95|140.24|139.9|140.19|1694
2020.02.21 16:30:00|139.41|139.59|138.7|138.98|6416
2020.02.21 17:30:00|138.99|139.16|138.66|139.08|4198
2020.02.21 18:30:00|139.08|139.41|138.94|138.99|2967
2020.02.21 19:30:00|139|139.19|138.81|138.89|2159
2020.02.21 20:30:00|138.89|138.9|138.36|138.5|4043
2020.02.21 21:30:00|138.49|138.82|138.4|138.64|2660
2020.02.21 22:30:00|138.64|138.92|138.34|138.68|1869
2020.02.24 16:30:00|132.98|134.17|132.21|132.73|8386
2020.02.24 17:30:00|132.72|132.81|131.52|131.84|7944
2020.02.24 18:30:00|131.83|131.89|130.97|131.27|6155
2020.02.24 19:30:00|131.27|132.56|131.2|132.53|7068
2020.02.24 20:30:00|132.53|133.53|132.37|133.37|6345
2020.02.24 21:30:00|133.38|133.93|133.3|133.56|5861
2020.02.24 22:30:00|133.56|133.59|132.76|132.86|3801
2020.02.25 16:30:00|133.52|133.68|130.83|130.92|9532
2020.02.25 17:30:00|130.92|131.25|129.86|130.35|11969
2020.02.25 18:30:00|130.35|130.69|130.01|130.05|7935
2020.02.25 19:30:00|130.05|130.46|129.12|129.22|7875
2020.02.25 20:30:00|129.21|129.41|127.97|127.97|10649
2020.02.25 21:30:00|127.99|128.91|127.82|128.24|12459
2020.02.25 22:30:00|128.24|128.56|127.73|128.23|7338
2020.02.26 16:30:00|126.26|128.09|125.83|126.31|13334
2020.02.26 17:30:00|126.31|127.25|126.3|126.76|9585
2020.02.26 18:30:00|126.75|126.89|123.89|124.85|10938
2020.02.26 19:30:00|124.86|125.28|123.05|123.58|10352
2020.02.26 20:30:00|123.59|123.69|121.89|122.52|14026
2020.02.26 21:30:00|122.52|124.2|122.3|123.68|14155
2020.02.26 22:30:00|123.68|123.78|123.17|123.32|5731
2020.02.27 16:30:00|119.98|120.5|118.48|118.56|14041
2020.02.27 17:30:00|118.56|121.14|117.76|120.27|12266
2020.02.27 18:30:00|120.28|122.18|120.03|121.87|11123
2020.02.27 19:30:00|121.87|122.66|121.55|121.57|11204
2020.02.27 20:30:00|121.55|121.81|119.54|120.28|13823
2020.02.27 21:30:00|120.29|120.36|119.1|119.1|10533
2020.02.27 22:30:00|119.08|119.11|117.79|117.9|7758
2020.02.28 16:30:00|114.42|116.18|112.95|113.55|15956
2020.02.28 17:30:00|113.55|115.39|113.51|115.22|12621
2020.02.28 18:30:00|115.23|116.9|114.42|115.81|12284
2020.02.28 19:30:00|115.83|117.09|114.97|116.55|12143
2020.02.28 20:30:00|116.55|116.63|114.19|115.57|12178
2020.02.28 21:30:00|115.58|118.02|114.75|114.75|15483
2020.02.28 22:30:00|114.76|117.01|114.4|117.01|8785
2020.03.02 16:30:00|118.78|118.79|116.13|116.31|11142
2020.03.02 17:30:00|116.32|117.69|115.77|117.47|11356
2020.03.02 18:30:00|117.5|118.08|117.31|117.84|10054
2020.03.02 19:30:00|117.85|118.19|116.99|117.22|7882
2020.03.02 20:30:00|117.22|118.12|116.91|117.39|7613
2020.03.02 21:30:00|117.4|117.78|116.35|117.65|9460
2020.03.02 22:30:00|117.64|119.42|117.48|119.38|5449
2020.03.03 16:30:00|120.11|121.33|117.97|119.29|10764
2020.03.03 17:30:00|119.28|120.33|116.91|117.22|12068
2020.03.03 18:30:00|117.22|118.91|117.03|118.02|9715
2020.03.03 19:30:00|118.03|118.55|116.17|116.62|9406
2020.03.03 20:30:00|116.62|116.92|114.91|116.34|12829
2020.03.03 21:30:00|116.34|117.7|115.33|117.66|13764
2020.03.03 22:30:00|117.66|117.67|115.79|116.02|8442
2020.03.04 16:30:00|118.72|118.87|115.78|117|9305
2020.03.04 17:30:00|117|117.07|115.56|116.43|8850
2020.03.04 18:30:00|116.45|116.6|115.23|116.04|7799
2020.03.04 19:30:00|116.04|117.5|115.92|117.36|5254
2020.03.04 20:30:00|117.36|117.99|117.28|117.83|4991
2020.03.04 21:30:00|117.85|118.4|116.98|118.34|5965
2020.03.04 22:30:00|118.34|118.92|117.98|118.81|5056
2020.03.05 16:30:00|116.36|116.46|112.86|114.29|10461
2020.03.05 17:30:00|114.3|115.32|113.79|115.07|8538
2020.03.05 18:30:00|115.08|115.23|113.32|113.48|7296
2020.03.05 19:30:00|113.5|113.64|111.86|112.25|10189
2020.03.05 20:30:00|112.24|114.01|112.14|113.34|9219
2020.03.05 21:30:00|113.32|114.08|112.77|113.05|9337
2020.03.05 22:30:00|113.05|114.04|112.87|113.82|8363
2020.03.06 16:30:00|110.36|113.68|110.08|113.53|13172
2020.03.06 17:30:00|113.53|114.77|112.68|112.99|13208
2020.03.06 18:30:00|113.02|113.43|112.4|112.49|10612
2020.03.06 19:30:00|112.51|114.12|112.39|113.77|9429
2020.03.06 20:30:00|113.76|113.91|112.66|113.23|8956
2020.03.06 21:30:00|113.23|113.3|111.8|112.61|11793
2020.03.06 22:30:00|112.61|115.56|112.45|115.46|11110
2020.03.09 15:30:00|108.56|110.09|107.56|109.32|12681
2020.03.09 16:30:00|109.29|109.82|106.76|106.98|13993
2020.03.09 17:30:00|106.98|108.31|106.16|106.8|12453
2020.03.09 18:30:00|106.81|107.6|106.46|107.02|11715
2020.03.09 19:30:00|107.04|107.05|105.03|105.08|12806
2020.03.09 20:30:00|105.07|106.8|104.78|106.3|12414
2020.03.09 21:30:00|106.3|106.45|104.16|104.19|8070
2020.03.10 15:30:00|107.66|109.41|106.36|107.03|13778
2020.03.10 16:30:00|107.04|107.13|103.64|103.78|12208
2020.03.10 17:30:00|103.77|106.21|102.18|105.22|13001
2020.03.10 18:30:00|105.21|106.45|104.38|105.91|12293
2020.03.10 19:30:00|105.88|106.61|104.67|106.37|11581
2020.03.10 20:30:00|106.38|110.33|106.21|109.39|13250
2020.03.10 21:30:00|109.43|111.25|108.98|111.16|7571
2020.03.11 15:30:00|107.61|108.63|105.57|105.76|11474
2020.03.11 16:30:00|105.75|106.2|104.24|104.54|12039
2020.03.11 17:30:00|104.54|106.94|104.26|105.61|12447
2020.03.11 18:30:00|105.62|105.76|103.97|105.27|12575
2020.03.11 19:30:00|105.27|105.55|102.77|103.16|11370
2020.03.11 20:30:00|103.14|103.9|102.59|103.15|15280
2020.03.11 21:30:00|103.13|106.32|102.99|105.35|10033
2020.03.12 15:30:00|97.19|97.79000000000001|93.02|96.81|10866
2020.03.12 16:30:00|96.81|97.86|93.76000000000001|94.42|13104
2020.03.12 17:30:00|94.41|94.86|91.45999999999999|93.41|12535
2020.03.12 18:30:00|93.41|99.70999999999999|91.39|94.81|13586
2020.03.12 19:30:00|94.81|95.44|92.76000000000001|93.22|13849
2020.03.12 20:30:00|93.23|94.37|92.26000000000001|92.26000000000001|11812
2020.03.12 21:30:00|92.26000000000001|93.03|91.42|91.51000000000001|7817
2020.03.13 15:30:00|100.47|100.67|94.81999999999999|98.95999999999999|10995
2020.03.13 16:30:00|98.97|100.08|95.26000000000001|95.26000000000001|10359
2020.03.13 17:30:00|95.20999999999999|95.45|92.01000000000001|94.51000000000001|9585
2020.03.13 18:30:00|94.48999999999999|98.59999999999999|94.48|98.54000000000001|9903
2020.03.13 19:30:00|98.54000000000001|99.17|95.83|96.09|8703
2020.03.13 20:30:00|96.09|98.69|94.76000000000001|98.66|11398
2020.03.13 21:30:00|98.66|102.31|95.06|102.29|7110
2020.03.16 15:30:00|90.76000000000001|93.95|89.76000000000001|93.34999999999999|8191
2020.03.16 16:30:00|93.31999999999999|97.97|93.31999999999999|96.68000000000001|8892
2020.03.16 17:30:00|96.72|97.06|94.36|95.52|8051
2020.03.16 18:30:00|95.52|96.11|93.83|94.84|6922
2020.03.16 19:30:00|94.84|94.90000000000001|92.26000000000001|93.56999999999999|5887
2020.03.16 20:30:00|93.58|95.90000000000001|92.81999999999999|94.8|8889
2020.03.16 21:30:00|94.8|95.64|93.81999999999999|95.06|5849
2020.03.17 15:30:00|95.29000000000001|97.06|90.91|93.2|9793
2020.03.17 16:30:00|93.2|95.31|91.76000000000001|94.76000000000001|8632
2020.03.17 17:30:00|94.72|96.48999999999999|93.26000000000001|93.41|7910
2020.03.17 18:30:00|93.41|94.44|92.06|92.43000000000001|6297
2020.03.17 19:30:00|92.45999999999999|95.31|92.27|94.55|6719
2020.03.17 20:30:00|94.56999999999999|95.68000000000001|91.86|92.09|8055
2020.03.17 21:30:00|92.11|93.23999999999999|91.76000000000001|93.23|5663
2020.03.18 15:30:00|87.61|88.52|85.90000000000001|88.15000000000001|12578
2020.03.18 16:30:00|88.15000000000001|88.38|85.31|86.23999999999999|10321
2020.03.18 17:30:00|86.20999999999999|86.51000000000001|83.83|84.08|11527
2020.03.18 18:30:00|84.09|84.38|80.52|80.52|8814
2020.03.18 19:30:00|80.52|81.58|78.83|80.72|11866
2020.03.18 20:30:00|80.72|87.18000000000001|80.56999999999999|85.38|12847
2020.03.18 21:30:00|85.37|89.06999999999999|85.11|88.56|7579
2020.03.19 15:30:00|86.84|94.56999999999999|84.87|94.5|11505
2020.03.19 16:30:00|94.52|94.73999999999999|92.01000000000001|94.68000000000001|10604
2020.03.19 17:30:00|94.68000000000001|94.75|93.40000000000001|94.28|10323
2020.03.19 18:30:00|94.29000000000001|95.72|92.62|94.73|9519
2020.03.19 19:30:00|94.72|97.12|94.03|95.92|8865
2020.03.19 20:30:00|95.94|96.52|93.76000000000001|94.44|10410
2020.03.19 21:30:00|94.45|96.73999999999999|94.26000000000001|94.64|7717
2020.03.20 15:30:00|96.02|96.72|90.98|91.79000000000001|10239
2020.03.20 16:30:00|91.8|94.28|90.26000000000001|91.20999999999999|10283
2020.03.20 17:30:00|91.13|91.63|87.95999999999999|88.52|10292
2020.03.20 18:30:00|88.53|89.54000000000001|87.37|88.22|10494
2020.03.20 19:30:00|88.23|89.45|87.51000000000001|87.89|8910
2020.03.20 20:30:00|87.94|88.40000000000001|86.12|87.84|12267
2020.03.20 21:30:00|87.86|88.67|85.7|85.81999999999999|9464
2020.03.23 15:30:00|83.37|85.58|81|83.68000000000001|12951
2020.03.23 16:30:00|83.67|84.04000000000001|82.02|82.06999999999999|11863
2020.03.23 17:30:00|82.11|83.93000000000001|80.84|82.43000000000001|13227
2020.03.23 18:30:00|82.45999999999999|86.34|81.86|84.14|12438
2020.03.23 19:30:00|84.17|85.31999999999999|83.14|85.11|14253
2020.03.23 20:30:00|85.11|85.29000000000001|83.76000000000001|83.91|13254
2020.03.23 21:30:00|83.90000000000001|87|83.53|85.51000000000001|8812
2020.03.24 15:30:00|91.95|98.39|91.61|97.92|12562
2020.03.24 16:30:00|97.84|97.95|94.45999999999999|96.52|10079
2020.03.24 17:30:00|96.53|98.87|96.02|97.59|9327
2020.03.24 18:30:00|97.59|97.97|95.81|96.28|7628
2020.03.24 19:30:00|96.3|97.06999999999999|95.03|96.23|8458
2020.03.24 20:30:00|96.23|97.09|95.48999999999999|96.86|8659
2020.03.24 21:30:00|96.84999999999999|98.04000000000001|96.45999999999999|97.93000000000001|6389
2020.03.25 15:30:00|100.12|102.26|95.27|96.73999999999999|13236
2020.03.25 16:30:00|96.73999999999999|101.37|96.68000000000001|100.88|11845
2020.03.25 17:30:00|100.89|103.01|99.69|102.61|11552
2020.03.25 18:30:00|102.63|105.67|102.26|103.93|11373
2020.03.25 19:30:00|103.95|104.68|102.43|103.6|11220
2020.03.25 20:30:00|103.57|103.8|102.09|103.04|11941
2020.03.25 21:30:00|103.04|103.53|100.05|100.39|8722
2020.03.26 15:30:00|102.43|104.44|100.76|103.81|12165
2020.03.26 16:30:00|103.82|105.76|103.09|105.64|11557
2020.03.26 17:30:00|105.61|107.4|105.31|107.15|12061
2020.03.26 18:30:00|107.16|107.49|103.57|104.39|9986
2020.03.26 19:30:00|104.36|104.82|103.03|104.22|10493
2020.03.26 20:30:00|104.23|105.19|102.76|103.73|9872
2020.03.26 21:30:00|103.74|105.47|102.83|105.06|8299
2020.03.27 15:30:00|99.97|99.97|95.3|98.47|13948
2020.03.27 16:30:00|98.47|100.2|97.88|98.91|8935
2020.03.27 17:30:00|98.87|99.86|98.72|98.77|9051
2020.03.27 18:30:00|98.76000000000001|99.52|98.34|98.72|8137
2020.03.27 19:30:00|98.73|99.84999999999999|98.38|98.59|9098
2020.03.27 20:30:00|98.59999999999999|98.81999999999999|97.83|98.45|10294
2020.03.27 21:30:00|98.45|98.54000000000001|95.64|96|9233
2020.03.30 16:30:00|95.83|96.59|91.86|95.27|10694
2020.03.30 17:30:00|95.31999999999999|97.47|95.01000000000001|97.42|9127
2020.03.30 18:30:00|97.43000000000001|97.72|96.52|97.33|9447
2020.03.30 19:30:00|97.31999999999999|97.62|96.7|96.97|6806
2020.03.30 20:30:00|97|97.23999999999999|95.54000000000001|96.84|7369
2020.03.30 21:30:00|96.84|98.83|96.56999999999999|97.84999999999999|9582
2020.03.30 22:30:00|97.86|100.2|97.52|99.58|7995
2020.03.31 16:30:00|100.02|102.29|99.37|101.52|9971
2020.03.31 17:30:00|101.55|102.89|101.29|101.66|8264
2020.03.31 18:30:00|101.66|101.99|98.77|99.06|7446
2020.03.31 19:30:00|99.08|99.41|97.12|97.89|9062
2020.03.31 20:30:00|97.90000000000001|98.68000000000001|97.33|97.53|7439
2020.03.31 21:30:00|97.52|97.95|96.06|96.25|8680
2020.03.31 22:30:00|96.25|97.16|95.92|96.18000000000001|7674
2020.04.01 16:30:00|92.70999999999999|95.79000000000001|92.36|94.73|9765
2020.04.01 17:30:00|94.73999999999999|97.15000000000001|94.53|95.73999999999999|7140
2020.04.01 18:30:00|95.75|96.38|94.09|94.45|6041
2020.04.01 19:30:00|94.45|95.13|93.83|95.06|6219
2020.04.01 20:30:00|95.05|95.92|94.68000000000001|95.04000000000001|6045
2020.04.01 21:30:00|95.04000000000001|95.27|93.84|93.86|5847
2020.04.01 22:30:00|93.84999999999999|95.01000000000001|93.51000000000001|94.70999999999999|5930
2020.04.02 16:30:00|95.36|96.05|94.47|95.45999999999999|9100
2020.04.02 17:30:00|95.45999999999999|96.97|94.93000000000001|95.19|11087
2020.04.02 18:30:00|95.19|96.75|94.98|95.98|8131
2020.04.02 19:30:00|95.98999999999999|96.70999999999999|95.06999999999999|95.12|7726
2020.04.02 20:30:00|95.13|95.95|94.37|94.73999999999999|8449
2020.04.02 21:30:00|94.73999999999999|96|94.38|95.44|9804
2020.04.02 22:30:00|95.45|96.92|95.17|96.72|7203
2020.04.03 16:30:00|96.06999999999999|96.23999999999999|93.42|93.56999999999999|9742
2020.04.03 17:30:00|93.56999999999999|94.28|93.26000000000001|93.59|8411
2020.04.03 18:30:00|93.56999999999999|94.06|93.14|93.81999999999999|6501
2020.04.03 19:30:00|93.81999999999999|94.38|93.31999999999999|93.40000000000001|6149
2020.04.03 20:30:00|93.40000000000001|94.19|92.73|94.19|6791
2020.04.03 21:30:00|94.19|94.40000000000001|92.88|93.06|9115
2020.04.03 22:30:00|93.06|93.92|92.47|93.55|6622
2020.04.06 16:30:00|97.29000000000001|97.94|94.31999999999999|96.2|10439
2020.04.06 17:30:00|96.2|97.08|95.28|97.06|7212
2020.04.06 18:30:00|97.06|98.69|96.70999999999999|98.59999999999999|6016
2020.04.06 19:30:00|98.59999999999999|98.77|98.15000000000001|98.52|5361
2020.04.06 20:30:00|98.51000000000001|99.06999999999999|97.76000000000001|97.94|4482
2020.04.06 21:30:00|97.94|98.20999999999999|97.34|97.75|4463
2020.04.06 22:30:00|97.76000000000001|99.90000000000001|97.58|99.01000000000001|6754
2020.04.07 16:30:00|104.28|105.63|101.83|102.18|14401
2020.04.07 17:30:00|102.18|103.02|100.2|102.69|12824
2020.04.07 18:30:00|102.69|104.78|102.66|104.3|9217
2020.04.07 19:30:00|104.31|104.53|102.67|103.15|9227
2020.04.07 20:30:00|103.16|103.2|101.28|102.05|9483
2020.04.07 21:30:00|102.05|102.28|100.01|100.32|12317
2020.04.07 22:30:00|100.32|102.41|100.22|100.97|9976
2020.04.08 16:30:00|99.66|101.28|98.38|98.90000000000001|12004
2020.04.08 17:30:00|98.89|101.17|98.73999999999999|101.01|9286
2020.04.08 18:30:00|101.01|102.1|100.91|101.49|7517
2020.04.08 19:30:00|101.5|101.93|100.58|100.6|7829
2020.04.08 20:30:00|100.61|100.86|99.18000000000001|100.01|7252
2020.04.08 21:30:00|100.01|100.8|99.55|100.22|8065
2020.04.08 22:30:00|100.23|101.52|99.89|100.69|8070
2020.04.09 16:30:00|106.51|106.68|104.12|105.02|17130
2020.04.09 17:30:00|105.03|105.6|104.32|104.99|12809
2020.04.09 18:30:00|104.98|106.1|104.61|105.19|8499
2020.04.09 19:30:00|105.17|106.56|105.01|106.55|7095
2020.04.09 20:30:00|106.56|106.63|104.93|105.29|8599
2020.04.09 21:30:00|105.28|105.72|103.28|103.7|10168
2020.04.09 22:30:00|103.7|104.58|103.43|104.14|6945
2020.04.13 16:30:00|103.89|103.89|99.47|99.54000000000001|12313
2020.04.13 17:30:00|99.52|101.17|99.37|101.12|9108
2020.04.13 18:30:00|101.13|102.48|100.61|101.43|7358
2020.04.13 19:30:00|101.43|101.64|100.51|100.97|6239
2020.04.13 20:30:00|100.97|102.21|100.87|101.78|6124
2020.04.13 21:30:00|101.79|102.28|101.36|102.23|6742
2020.04.13 22:30:00|102.24|103.52|102.13|103.25|6098
2020.04.14 16:30:00|105.38|107.37|104.46|106.02|11430
2020.04.14 17:30:00|106.01|106.13|103.66|104.25|8834
2020.04.14 18:30:00|104.26|105.73|104.22|105.67|7161
2020.04.14 19:30:00|105.67|106.05|105.38|105.79|5112
2020.04.14 20:30:00|105.79|106.83|105.73|106.29|4917
2020.04.14 21:30:00|106.31|106.52|105.33|106|5205
2020.04.14 22:30:00|106.02|106.24|105.66|105.76|3639
2020.04.15 16:30:00|103.79|103.91|102.46|102.58|8569
2020.04.15 17:30:00|102.57|103.84|102.46|103.27|7457
2020.04.15 18:30:00|103.27|103.73|102.98|103.61|5991
2020.04.15 19:30:00|103.58|104.45|103.46|103.94|5271
2020.04.15 20:30:00|103.94|104.17|103.58|104.17|5135
2020.04.15 21:30:00|104.18|104.64|103.14|103.35|6501
2020.04.15 22:30:00|103.34|103.43|102.58|103.13|5335
2020.04.16 16:30:00|102.9|103.43|100.78|102.05|10739
2020.04.16 17:30:00|102.03|102.82|101.27|101.86|7986
2020.04.16 18:30:00|101.86|102.24|100.92|100.96|7377
2020.04.16 19:30:00|100.96|101.39|100.64|101.2|6896
2020.04.16 20:30:00|101.2|101.6|100.78|101.49|5464
2020.04.16 21:30:00|101.49|101.91|101.04|101.55|6788
2020.04.16 22:30:00|101.56|101.95|101.28|101.7|3820
2020.04.17 16:30:00|104.7|106.06|104.42|104.79|9730
2020.04.17 17:30:00|104.76|104.89|104.09|104.84|7009
2020.04.17 18:30:00|104.83|105.03|104.26|104.38|5663
2020.04.17 19:30:00|104.39|105.03|104.3|104.78|3971
2020.04.17 20:30:00|104.79|105.17|104.47|104.72|4311
2020.04.17 21:30:00|104.7|105.39|104.53|105.3|3908
2020.04.17 22:30:00|105.3|106.49|105.3|106.4|3754
2020.04.20 16:30:00|103|103.49|101.91|102.39|8454
2020.04.20 17:30:00|102.39|103.81|101.98|103.61|6772
2020.04.20 18:30:00|103.61|104.61|103.33|104.22|5680
2020.04.20 19:30:00|104.23|104.4|102.93|103.37|4615
2020.04.20 20:30:00|103.38|103.56|102.21|102.26|4882
2020.04.20 21:30:00|102.24|102.86|101.81|102.01|6756
2020.04.20 22:30:00|101.99|102.31|101.82|101.96|3914
2020.04.21 16:30:00|99.75|101.26|99.51000000000001|100.41|9077
2020.04.21 17:30:00|100.42|100.51|98.89|99.23|8754
2020.04.21 18:30:00|99.22|99.77|99|99.45|7563
2020.04.21 19:30:00|99.45|100.59|99.14|100.51|6495
2020.04.21 20:30:00|100.52|100.54|99.72|100.17|6127
2020.04.21 21:30:00|100.18|100.4|99.41|100.17|6601
2020.04.21 22:30:00|100.18|100.88|100.03|100.3|5550
2020.04.22 16:30:00|101.7|102.36|101.05|101.34|9338
2020.04.22 17:30:00|101.35|102.27|101.3|101.66|7449
2020.04.22 18:30:00|101.66|102.26|101.62|101.74|5638
2020.04.22 19:30:00|101.73|101.8|101.06|101.24|3733
2020.04.22 20:30:00|101.25|101.37|100.78|101.1|3685
2020.04.22 21:30:00|101.1|101.53|101.08|101.13|3770
2020.04.22 22:30:00|101.13|101.38|100.64|100.71|3529
2020.04.23 16:30:00|100.21|100.75|99.22|100.47|8344
2020.04.23 17:30:00|100.48|101.77|100.27|101.34|6194
2020.04.23 18:30:00|101.36|102.21|100.81|102.18|5424
2020.04.23 19:30:00|102.2|102.28|100.61|101.66|9094
2020.04.23 20:30:00|101.65|102.05|100.53|101.22|7628
2020.04.23 21:30:00|101.22|101.67|100.58|100.97|6162
2020.04.23 22:30:00|100.96|101.16|100.53|100.65|5234
2020.04.24 16:30:00|101.48|101.49|100.01|100.33|7226
2020.04.24 17:30:00|100.33|100.81|99.72|99.89|6422
2020.04.24 18:30:00|99.90000000000001|100.11|99.28|99.39|5723
2020.04.24 19:30:00|99.42|99.95999999999999|99.27|99.94|5588
2020.04.24 20:30:00|99.94|100.8|99.70999999999999|100.76|4325
2020.04.24 21:30:00|100.77|100.97|100.33|100.87|4775
2020.04.24 22:30:00|100.88|101.43|100.76|100.92|3456
2020.04.27 16:30:00|101.8|103.58|101.66|103.54|7282
2020.04.27 17:30:00|103.54|105.02|103.54|104.81|6109
2020.04.27 18:30:00|104.81|105|104.48|104.75|4163
2020.04.27 19:30:00|104.74|105.6|104.67|105.49|4210
2020.04.27 20:30:00|105.49|105.8|105.17|105.41|4066
2020.04.27 21:30:00|105.42|106|105.33|105.81|4225
2020.04.27 22:30:00|105.82|106.27|105.73|105.75|2647
2020.04.28 16:30:00|108.6|109.81|106.76|107.82|9845
2020.04.28 17:30:00|107.83|108.23|105.88|107.18|6438
2020.04.28 18:30:00|107.19|107.91|106.76|106.94|5302
2020.04.28 19:30:00|106.93|107.34|106.6|107.14|3708
2020.04.28 20:30:00|107.15|107.47|106.72|107.4|3606
2020.04.28 21:30:00|107.39|107.47|106.3|106.68|5259
2020.04.28 22:30:00|106.67|106.81|105.74|105.98|4011
2020.04.29 16:30:00|109.04|110.59|108.31|110.1|8791
2020.04.29 17:30:00|110.12|111.32|110.08|110.93|6284
2020.04.29 18:30:00|110.94|111.42|110.15|110.16|5446
2020.04.29 19:30:00|110.17|111.63|110.17|111.46|4745
2020.04.29 20:30:00|111.47|111.54|110.17|111.22|5696
2020.04.29 21:30:00|111.23|111.75|111.07|111.62|5445
2020.04.29 22:30:00|111.63|112.44|111.43|112.06|3004
2020.04.30 16:30:00|109.36|110.06|107.26|109.73|9193
2020.04.30 17:30:00|109.73|109.74|108.17|108.8|6871
2020.04.30 18:30:00|108.8|109.06|107.34|107.45|5518
2020.04.30 19:30:00|107.46|107.97|106.78|107.47|4865
2020.04.30 20:30:00|107.47|107.62|106.61|107.1|4778
2020.04.30 21:30:00|107.09|107.89|107.07|107.72|4117
2020.04.30 22:30:00|107.72|108.14|107.29|107.86|3527
2020.05.01 16:30:00|105.83|106.61|104.97|105.64|7093
2020.05.01 17:30:00|105.65|106.12|104.64|104.71|4478
2020.05.01 18:30:00|104.72|104.93|104.24|104.41|4307
2020.05.01 19:30:00|104.41|105.04|104.19|104.92|4236
2020.05.01 20:30:00|104.92|104.99|104.41|104.9|3715
2020.05.01 21:30:00|104.89|105.29|104.58|105.13|3657
2020.05.01 22:30:00|105.12|105.26|104.48|105.25|3675
2020.05.04 16:30:00|101.31|102.9|100.31|101.48|9357
2020.05.04 17:30:00|101.48|101.87|100.98|101.4|6344
2020.05.04 18:30:00|101.41|102.09|101.16|101.94|4033
2020.05.04 19:30:00|101.94|102.05|101.24|101.25|3551
2020.05.04 20:30:00|101.26|102.02|101.24|101.91|3345
2020.05.04 21:30:00|101.91|103.26|101.71|103.23|4638
2020.05.04 22:30:00|103.24|103.57|102.77|102.97|3379
2020.05.05 16:30:00|101.3|104.9|101.16|104.1|8678
2020.05.05 17:30:00|104.08|104.57|103.09|103.8|5043
2020.05.05 18:30:00|103.8|104.02|102.38|102.42|4050
2020.05.05 19:30:00|102.44|102.94|101.46|101.83|4324
2020.05.05 20:30:00|101.85|102.01|101.26|101.55|3369
2020.05.05 21:30:00|101.56|101.74|101.08|101.4|4963
2020.05.05 22:30:00|101.4|101.47|100.66|100.84|5117
2020.05.06 16:30:00|100.07|104.03|98.70999999999999|103.82|13307
2020.05.06 17:30:00|103.84|105.02|102.48|103.18|8572
2020.05.06 18:30:00|103.19|103.28|100.77|101.19|6767
2020.05.06 19:30:00|101.18|101.69|100.45|101.04|5358
2020.05.06 20:30:00|101.05|101.59|100.69|100.84|4268
2020.05.06 21:30:00|100.84|101.93|100.76|101.53|5061
2020.05.06 22:30:00|101.51|101.51|100.31|100.64|4461
2020.05.07 16:30:00|101.96|103.83|101.82|103.68|8214
2020.05.07 17:30:00|103.68|104.2|103.43|104.01|5955
2020.05.07 18:30:00|104.02|104.57|103.72|104.38|4593
2020.05.07 19:30:00|104.38|104.72|103.95|103.99|3795
2020.05.07 20:30:00|103.99|104.61|103.91|104.16|3776
2020.05.07 21:30:00|104.15|104.39|103.68|104.37|4778
2020.05.07 22:30:00|104.36|105.34|104.24|105.33|4839
2020.05.08 16:30:00|108.42|108.5|106.38|107.93|9231
2020.05.08 17:30:00|107.92|107.98|106.64|107.46|6194
2020.05.08 18:30:00|107.46|108.05|107.41|107.78|4550
2020.05.08 19:30:00|107.79|108|107.68|107.82|3746
2020.05.08 20:30:00|107.79|107.88|107.24|107.62|3252
2020.05.08 21:30:00|107.63|108.4|107.4|108.4|3206
2020.05.08 22:30:00|108.41|108.93|108.34|108.87|2471
2020.05.11 16:30:00|107.84|108.2|106.18|106.41|7478
2020.05.11 17:30:00|106.4|107.1|106.31|106.95|5534
2020.05.11 18:30:00|106.96|107.4|106.66|107.32|3021
2020.05.11 19:30:00|107.33|108.41|107.33|107.83|3586
2020.05.11 20:30:00|107.84|108.19|107.38|107.82|2645
2020.05.11 21:30:00|107.79|108.56|107.72|108.05|3084
2020.05.11 22:30:00|108.04|108.18|107.52|107.52|2482
2020.05.12 16:30:00|108.85|109.16|107.34|107.77|6666
2020.05.12 17:30:00|107.75|108.14|107.44|108|4310
2020.05.12 18:30:00|108|108.2|107.7|108.12|2986
2020.05.12 19:30:00|108.13|108.19|106.73|106.84|3675
2020.05.12 20:30:00|106.85|107.16|106.18|106.38|3835
2020.05.12 21:30:00|106.38|106.45|105.6|105.62|5098
2020.05.12 22:30:00|105.6|105.7|104.25|104.33|4804
2020.05.13 16:30:00|103.86|103.86|102.79|103.31|7138
2020.05.13 17:30:00|103.32|103.68|102.08|102.42|5815
2020.05.13 18:30:00|102.42|102.57|101.36|102.35|7360
2020.05.13 19:30:00|102.35|103.71|102.33|103.57|5826
2020.05.13 20:30:00|103.54|103.59|102.41|102.56|5178
2020.05.13 21:30:00|102.56|102.8|101.96|102.22|5552
2020.05.13 22:30:00|102.21|103.04|102.09|102.64|4278
2020.05.14 16:30:00|101.55|101.67|99.40000000000001|100.36|8693
2020.05.14 17:30:00|100.36|103.58|100.36|102.39|7907
2020.05.14 18:30:00|102.4|103.58|101.72|103.38|6874
2020.05.14 19:30:00|103.39|104.72|103.31|104.66|5290
2020.05.14 20:30:00|104.66|104.83|103.71|104.56|4933
2020.05.14 21:30:00|104.56|105.06|103.93|104.94|6293
2020.05.14 22:30:00|104.94|105.66|104.51|105.65|4660
2020.05.15 16:30:00|104.78|106.25|104.02|106.14|7562
2020.05.15 17:30:00|106.12|106.42|105.53|106.26|6261
2020.05.15 18:30:00|106.27|106.52|105.82|106.36|5387
2020.05.15 19:30:00|106.34|107.1|105.7|106.9|4441
2020.05.15 20:30:00|106.88|109.13|106.69|108.84|5977
2020.05.15 21:30:00|108.85|109.03|108.05|108.32|6460
2020.05.15 22:30:00|108.33|108.95|107.56|108.85|5103
2020.05.18 16:30:00|114.74|119.53|114.74|116.71|13673
2020.05.18 17:30:00|116.71|117.3|115.98|116.82|6421
2020.05.18 18:30:00|116.81|117.3|115.92|116.36|5813
2020.05.18 19:30:00|116.37|116.72|115.51|116.06|4359
2020.05.18 20:30:00|116.07|116.35|115.71|115.96|4199
2020.05.18 21:30:00|115.97|116.7|115.97|116.58|4606
2020.05.18 22:30:00|116.57|116.96|116.21|116.61|3434
2020.05.19 16:30:00|115.28|115.43|113.18|114.11|8103
2020.05.19 17:30:00|114.1|114.93|113.2|114.69|6052
2020.05.19 18:30:00|114.69|116.23|114.64|115.33|5060
2020.05.19 19:30:00|115.34|115.48|114.76|114.76|3315
2020.05.19 20:30:00|114.76|115.39|114.7|114.86|3020
2020.05.19 21:30:00|114.87|115.54|114.39|114.79|5446
2020.05.19 22:30:00|114.77|114.78|113.96|114.12|4306
2020.05.20 16:30:00|116.1|117.27|115.8|116.49|6346
2020.05.20 17:30:00|116.52|116.91|115.98|116.78|4432
2020.05.20 18:30:00|116.78|117.39|116.17|116.73|3657
2020.05.20 19:30:00|116.73|116.95|116.29|116.63|3770
2020.05.20 20:30:00|116.64|117.01|116.51|116.74|3953
2020.05.20 21:30:00|116.73|119.43|116.66|119.13|7633
2020.05.20 22:30:00|119.12|120.58|118.85|119.65|5243
2020.05.21 16:30:00|119.37|120.04|118.07|118.58|7686
2020.05.21 17:30:00|118.58|118.6|116.35|116.82|6395
2020.05.21 18:30:00|116.82|117.6|116.56|117.07|4233
2020.05.21 19:30:00|117.07|117.36|116.68|117.05|4751
2020.05.21 20:30:00|117.05|117.24|116.69|116.92|3371
2020.05.21 21:30:00|116.93|118.19|116.46|117.94|5318
2020.05.21 22:30:00|117.92|118.2|117.4|117.54|2930
2020.05.22 16:30:00|117.4|117.61|116.64|117.38|5304
2020.05.22 17:30:00|117.39|117.64|116.59|116.88|4414
2020.05.22 18:30:00|116.89|117.33|116.76|117.01|2747
2020.05.22 19:30:00|117.02|117.91|116.99|117.78|2267
2020.05.22 20:30:00|117.77|118.32|117.68|117.95|2395
2020.05.22 21:30:00|117.95|118.02|117.22|117.42|2576
2020.05.22 22:30:00|117.43|117.83|117.31|117.77|2389
2020.05.26 16:30:00|121.4|121.89|120.19|121.69|7714
2020.05.26 17:30:00|121.68|122.18|121.41|121.78|5152
2020.05.26 18:30:00|121.79|121.8|120.72|121.21|4258
2020.05.26 19:30:00|121.22|121.76|121.16|121.7|3154
2020.05.26 20:30:00|121.7|122.26|121.32|122.12|2507
2020.05.26 21:30:00|122.12|122.13|121.41|121.71|3476
2020.05.26 22:30:00|121.72|121.95|120.61|120.68|4098
2020.05.27 16:30:00|123.17|123.47|121.29|121.77|8435
2020.05.27 17:30:00|121.77|121.8|119.47|121.48|8113
2020.05.27 18:30:00|121.48|121.67|120.41|121.29|6934
2020.05.27 19:30:00|121.29|121.5|120.57|121.21|5269
2020.05.27 20:30:00|121.2|121.56|120.77|121.18|4415
2020.05.27 21:30:00|121.19|121.51|120.52|120.63|3672
2020.05.27 22:30:00|120.62|121.3|120.32|121.25|3747
2020.05.28 16:30:00|121.12|121.2|118.21|118.8|8375
2020.05.28 17:30:00|118.81|119.2|118.22|119.09|5767
2020.05.28 18:30:00|119.1|119.15|118.11|118.29|4504
2020.05.28 19:30:00|118.29|118.52|118.01|118.35|3720
2020.05.28 20:30:00|118.37|118.57|117.86|118.05|3581
2020.05.28 21:30:00|118.06|118.12|116.64|116.65|5954
2020.05.28 22:30:00|116.64|116.75|115.76|116.52|5295
2020.05.29 16:30:00|115.81|116.83|115.36|116|6646
2020.05.29 17:30:00|116.02|116.15|114.41|114.63|5826
2020.05.29 18:30:00|114.63|114.79|114.15|114.41|4050
2020.05.29 19:30:00|114.4|115.21|113.88|115.03|4662
2020.05.29 20:30:00|115.03|116.29|114.76|116.24|5090
2020.05.29 21:30:00|116.25|117.48|115.07|116.69|8300
2020.05.29 22:30:00|116.68|117.2|115.98|117.2|4054
2020.06.01 16:30:00|116.73|118.33|116.67|118.21|6816
2020.06.01 17:30:00|118.22|119.39|118.18|118.43|5266
2020.06.01 18:30:00|118.42|118.71|118.08|118.41|2923
2020.06.01 19:30:00|118.42|118.79|118.32|118.7|2492
2020.06.01 20:30:00|118.71|119.2|118.64|118.8|2253
2020.06.01 21:30:00|118.8|119|118.59|118.72|2616
2020.06.01 22:30:00|118.73|118.91|118.28|118.5|2302
2020.06.02 16:30:00|118.89|119.59|117.59|119.51|5884
2020.06.02 17:30:00|119.5|119.58|117.8|118.1|4315
2020.06.02 18:30:00|118.11|118.46|117.81|118.21|3415
2020.06.02 19:30:00|118.17|118.38|117.94|118.12|1929
2020.06.02 20:30:00|118.13|118.43|117.9|118.3|2173
2020.06.02 21:30:00|118.3|118.59|117.82|118.06|2901
2020.06.02 22:30:00|118.07|118.49|117.72|118.49|2676
2020.06.03 16:30:00|119.38|120.7|119.08|120.65|5901
2020.06.03 17:30:00|120.64|121.42|120.25|121.41|4179
2020.06.03 18:30:00|121.4|121.73|121.08|121.54|4356
2020.06.03 19:30:00|121.55|121.83|121.48|121.62|2949
2020.06.03 20:30:00|121.63|121.78|121.37|121.74|3168
2020.06.03 21:30:00|121.74|122.17|121.54|121.96|3255
2020.06.03 22:30:00|121.95|122.14|121.72|121.92|2324
2020.06.04 16:30:00|121.78|123.21|121.61|123.15|6013
2020.06.04 17:30:00|123.14|124.21|123.06|123.69|5741
2020.06.04 18:30:00|123.68|124.24|122.9|123.1|4768
2020.06.04 19:30:00|123.1|123.16|122.38|122.53|3800
2020.06.04 20:30:00|122.54|123.48|122.54|123.34|3612
2020.06.04 21:30:00|123.34|123.39|122.4|122.8|4658
2020.06.04 22:30:00|122.81|123.49|122.76|123.42|3134
2020.06.05 16:30:00|126.43|127.55|125.31|125.82|8982
2020.06.05 17:30:00|125.84|126.95|125.19|126.91|5585
2020.06.05 18:30:00|126.91|127.08|125.67|125.9|5135
2020.06.05 19:30:00|125.91|126.41|125.83|126.39|4136
2020.06.05 20:30:00|126.4|126.43|124.77|124.81|4481
2020.06.05 21:30:00|124.8|125.09|124.04|124.72|6051
2020.06.05 22:30:00|124.71|124.72|124.08|124.57|4141
2020.06.08 16:30:00|125.19|125.52|124.37|124.49|7312
2020.06.08 17:30:00|124.5|124.81|123.71|124.4|4724
2020.06.08 18:30:00|124.4|124.88|124.08|124.73|4363
2020.06.08 19:30:00|124.74|124.98|124.49|124.98|3001
2020.06.08 20:30:00|124.99|125.99|124.92|125.97|3261
2020.06.08 21:30:00|125.98|126.24|125.79|126.11|2689
2020.06.08 22:30:00|126.12|127.09|126.12|127.09|2656
2020.06.09 16:30:00|124.69|125.33|123.36|123.98|7557
2020.06.09 17:30:00|123.98|124.59|123.51|124.18|6109
2020.06.09 18:30:00|124.17|124.18|123.26|124.02|4108
2020.06.09 19:30:00|124.03|124.24|123.51|124.2|3508
2020.06.09 20:30:00|124.2|124.25|123.45|123.57|3855
2020.06.09 21:30:00|123.57|124.36|123.48|124.28|4798
2020.06.09 22:30:00|124.26|124.28|123.46|123.65|4018
2020.06.10 16:30:00|123.51|123.61|120.69|120.99|7506
2020.06.10 17:30:00|120.99|122.29|120.81|122.14|5797
2020.06.10 18:30:00|122.16|123.22|121.82|122.8|5293
2020.06.10 19:30:00|122.78|122.86|122.37|122.55|3968
2020.06.10 20:30:00|122.56|123.82|122.29|123.5|4735
2020.06.10 21:30:00|123.5|123.52|121.72|122.79|7968
2020.06.10 22:30:00|122.76|122.93|121.9|121.95|4832
2020.06.11 16:30:00|117.14|117.68|115.92|115.92|9707
2020.06.11 17:30:00|115.91|116.88|115.16|115.43|7308
2020.06.11 18:30:00|115.44|115.64|114.04|114.09|8102
2020.06.11 19:30:00|114.09|115.01|113.49|114.13|8731
2020.06.11 20:30:00|114.14|114.28|113.32|114.1|7637
2020.06.11 21:30:00|114.11|114.18|112.01|112.31|10200
2020.06.11 22:30:00|112.31|113.08|112.12|112.4|7123
2020.06.12 16:30:00|114.92|116.73|114.52|115.13|10405
2020.06.12 17:30:00|115.17|115.24|112.73|113.45|12053
2020.06.12 18:30:00|113.43|115.33|113.15|114.61|11650
2020.06.12 19:30:00|114.61|114.71|113.66|113.74|10499
2020.06.12 20:30:00|113.76|113.92|112.64|113.79|13172
2020.06.12 21:30:00|113.8|115.22|113.51|114.39|12836
2020.06.12 22:30:00|114.42|115.6|114.21|115.26|7554
2020.06.15 16:30:00|111.86|113.96|111.47|113.27|9607
2020.06.15 17:30:00|113.26|115.3|113.22|114.29|8811
2020.06.15 18:30:00|114.32|116.07|114.16|115.78|7837
2020.06.15 19:30:00|115.78|117.18|115.58|116.67|6648
2020.06.15 20:30:00|116.65|117.83|115.83|117.39|8377
2020.06.15 21:30:00|117.41|117.59|116.26|116.29|7969
2020.06.15 22:30:00|116.28|116.87|115.71|116.84|6070
2020.06.16 16:30:00|120.7|120.7|118.96|119.94|8776
2020.06.16 17:30:00|119.95|120.02|115.77|117.76|9681
2020.06.16 18:30:00|117.77|118.59|117.08|117.82|8482
2020.06.16 19:30:00|117.81|118.59|117.79|118.34|6446
2020.06.16 20:30:00|118.33|118.71|117.66|118.48|6624
2020.06.16 21:30:00|118.48|118.78|117.02|117.9|7899
2020.06.16 22:30:00|117.9|118.31|117.43|118.17|5775
2020.06.17 16:30:00|118.55|118.99|117.09|117.33|7817
2020.06.17 17:30:00|117.33|118.23|116.97|117.18|6728
2020.06.17 18:30:00|117.17|117.83|117.07|117.28|4945
2020.06.17 19:30:00|117.27|118.04|117.24|118.02|4115
2020.06.17 20:30:00|118.02|118.28|117.56|117.75|3407
2020.06.17 21:30:00|117.75|118.23|117.17|117.3|5516
2020.06.17 22:30:00|117.32|117.57|116.89|117.39|4620
2020.06.18 16:30:00|116.11|117.84|115.67|117.65|7246
2020.06.18 17:30:00|117.66|117.98|117.2|117.38|5979
2020.06.18 18:30:00|117.38|117.62|116.61|117.22|3745
2020.06.18 19:30:00|117.23|117.4|116.72|117.39|3539
2020.06.18 20:30:00|117.39|117.59|117.05|117.56|3704
2020.06.18 21:30:00|117.56|117.77|117.23|117.66|5457
2020.06.18 22:30:00|117.66|118.23|117.56|118.13|3397
2020.06.19 16:30:00|119.49|119.73|118.73|118.83|6093
2020.06.19 17:30:00|118.84|119.09|118.45|118.69|5457
2020.06.19 18:30:00|118.69|118.79|115.92|116.33|6394
2020.06.19 19:30:00|116.32|117.06|115.69|115.75|7088
2020.06.19 20:30:00|115.75|116.04|114.76|115.02|8326
2020.06.19 21:30:00|115.02|116.08|114.81|115.79|7119
2020.06.19 22:30:00|115.8|115.98|114.11|114.27|5951
2020.06.22 16:30:00|113.29|114.99|112.88|114.07|6852
2020.06.22 17:30:00|114.1|114.47|113.24|114.22|5159
2020.06.22 18:30:00|114.23|115.28|114.01|114.91|4067
2020.06.22 19:30:00|114.92|115.8|114.69|115.63|3433
2020.06.22 20:30:00|115.64|115.69|114.82|115.19|3858
2020.06.22 21:30:00|115.21|115.95|115.15|115.52|4148
2020.06.22 22:30:00|115.53|115.83|115.36|115.66|3864
2020.06.23 16:30:00|116.65|116.81|115.82|116.59|7444
2020.06.23 17:30:00|116.6|116.72|115.72|116.37|5981
2020.06.23 18:30:00|116.36|116.52|115.94|116.49|4172
2020.06.23 19:30:00|116.5|116.99|116.33|116.75|3964
2020.06.23 20:30:00|116.77|117.19|116.41|116.65|3999
2020.06.23 21:30:00|116.66|116.75|116.16|116.33|5326
2020.06.23 22:30:00|116.31|116.45|116.06|116.33|3954
2020.06.24 16:30:00|115.44|115.57|113.63|114.32|7696
2020.06.24 17:30:00|114.33|114.43|111.81|112.21|9150
2020.06.24 18:30:00|112.2|112.34|110.66|111.44|8892
2020.06.24 19:30:00|111.44|112.04|110.87|110.88|6621
2020.06.24 20:30:00|110.88|110.91|109.83|110.79|8898
2020.06.24 21:30:00|110.77|111.97|110.65|111.42|9058
2020.06.24 22:30:00|111.42|112.25|111.37|111.77|5618
2020.06.25 16:30:00|108.72|111.23|108.51|110.76|9854
2020.06.25 17:30:00|110.77|111.09|109.22|109.85|7416
2020.06.25 18:30:00|109.83|110.12|109.22|109.72|6048
2020.06.25 19:30:00|109.73|110.2|109.4|109.61|5030
2020.06.25 20:30:00|109.6|110.08|109.43|109.82|4268
2020.06.25 21:30:00|109.82|111.08|109.37|111.04|6284
2020.06.25 22:30:00|111.03|111.26|110.81|111.11|4579
2020.06.26 16:30:00|110.77|110.91|109.01|109.47|6539
2020.06.26 17:30:00|109.47|109.69|108.45|108.74|8126
2020.06.26 18:30:00|108.75|109.14|107.86|108.55|6528
2020.06.26 19:30:00|108.54|108.98|108.11|108.46|6069
2020.06.26 20:30:00|108.47|108.9|108.21|108.35|4753
2020.06.26 21:30:00|108.36|108.56|107.78|108.22|6299
2020.06.26 22:30:00|108.23|108.91|107.82|108.76|4625
2020.06.29 16:30:00|108.77|109.49|107.87|109.34|4879
2020.06.29 17:30:00|109.32|110.63|109.29|110.39|5865
2020.06.29 18:30:00|110.38|110.8|110|110.48|4922
2020.06.29 19:30:00|110.49|110.95|110.3|110.87|3409
2020.06.29 20:30:00|110.84|111.22|110.78|110.82|2483
2020.06.29 21:30:00|110.82|111.04|110.22|110.7|4194
2020.06.29 22:30:00|110.7|111.27|110.46|111.23|2909
2020.06.30 16:30:00|111.2|111.5|110.36|110.73|6438
2020.06.30 17:30:00|110.74|111.8|110.56|111.13|4395
2020.06.30 18:30:00|111.11|111.59|110.85|111.27|3598
2020.06.30 19:30:00|111.27|111.34|110.09|110.55|4762
2020.06.30 20:30:00|110.55|110.66|110.11|110.45|3728
2020.06.30 21:30:00|110.44|110.53|109.69|110.43|3881
2020.06.30 22:30:00|110.44|111.58|110.4|111.4|4607
2020.07.01 16:30:00|112.6|115.35|112.6|114.04|8344
2020.07.01 17:30:00|114.05|114.32|112.04|112.24|6117
2020.07.01 18:30:00|112.25|113.41|112.16|113.05|3832
2020.07.01 19:30:00|113.04|113.09|112.48|112.88|4370
2020.07.01 20:30:00|112.88|113.35|112.66|113.14|4096
2020.07.01 21:30:00|113.16|113.26|112.75|113.04|3749
2020.07.01 22:30:00|113.05|113.21|112.65|112.78|2823
2020.07.02 16:30:00|114.33|114.79|112.93|112.94|6667
2020.07.02 17:30:00|112.93|113.11|111.87|112.69|7054
2020.07.02 18:30:00|112.7|113.35|112.66|113.11|4721
2020.07.02 19:30:00|113.1|113.3|112.86|112.94|4016
2020.07.02 20:30:00|112.95|113.15|112.58|112.95|3471
2020.07.02 21:30:00|112.95|113.26|112.34|112.42|4130
2020.07.02 22:30:00|112.42|112.46|111.81|111.93|3751
2020.07.06 16:30:00|113.59|114.28|112.83|113.26|7082
2020.07.06 17:30:00|113.25|113.73|112.73|112.91|4796
2020.07.06 18:30:00|112.92|113.54|112.76|113.08|3982
2020.07.06 19:30:00|113.07|113.07|112.65|112.98|2881
2020.07.06 20:30:00|112.97|113.56|112.92|113.3|4036
2020.07.06 21:30:00|113.31|113.74|113.2|113.71|4806
2020.07.06 22:30:00|113.7|114.24|113.52|114.23|3171
2020.07.07 16:30:00|113.18|113.52|112.36|113.1|5424
2020.07.07 17:30:00|113.1|113.38|112.74|113.02|3079
2020.07.07 18:30:00|113.03|113.3|112.86|113.2|2129
2020.07.07 19:30:00|113.2|113.83|113.04|113.81|2865
2020.07.07 20:30:00|113.81|114.82|113.71|114.06|3725
2020.07.07 21:30:00|114.06|114.14|113.79|114.01|4350
2020.07.07 22:30:00|113.98|114.07|113.18|113.32|3542
2020.07.08 16:30:00|113.06|114.22|112.56|113.84|5349
2020.07.08 17:30:00|113.84|114.09|112.72|113.31|4703
2020.07.08 18:30:00|113.32|114.14|113.15|114.09|3670
2020.07.08 19:30:00|114.1|114.4|113.56|113.86|2914
2020.07.08 20:30:00|113.86|114.79|113.83|114.64|3653
2020.07.08 21:30:00|114.65|116.88|114.45|116.59|5792
2020.07.08 22:30:00|116.58|116.74|115.88|116.39|3736
2020.07.09 16:30:00|116.53|117.59|116.26|116.8|7269
2020.07.09 17:30:00|116.81|116.93|115.14|115.94|7450
2020.07.09 18:30:00|115.95|116.72|115.71|116.28|5612
2020.07.09 19:30:00|116.28|116.4|115.87|116|4377
2020.07.09 20:30:00|116|116.37|115.76|116.11|3582
2020.07.09 21:30:00|116.11|116.73|116|116.12|4128
2020.07.09 22:30:00|116.13|116.7|115.9|116.59|4140
2020.07.10 16:30:00|116.3|118.1|115.96|116.91|6689
2020.07.10 17:30:00|116.91|118.81|116.81|118.68|5305
2020.07.10 18:30:00|118.69|119.18|118.35|118.38|4749
2020.07.10 19:30:00|118.4|118.81|118.03|118.33|3193
2020.07.10 20:30:00|118.32|118.89|118.16|118.67|2976
2020.07.10 21:30:00|118.64|118.92|118.44|118.74|3130
2020.07.10 22:30:00|118.72|119.18|118.72|119.05|2001
2020.07.13 16:30:00|119.79|119.79|117.54|119.55|6696
2020.07.13 17:30:00|119.56|119.73|118.84|119.48|4815
2020.07.13 18:30:00|119.49|119.61|118.62|118.88|3777
2020.07.13 19:30:00|118.89|119.77|118.87|119.46|3943
2020.07.13 20:30:00|119.47|119.84|118.7|118.72|5374
2020.07.13 21:30:00|118.71|119.01|116.79|116.79|7843
2020.07.13 22:30:00|116.81|116.99|115.64|115.93|5645
2020.07.14 16:30:00|114.87|116.34|114.3|116.27|8483
2020.07.14 17:30:00|116.29|117.49|116.17|117.29|7564
2020.07.14 18:30:00|117.28|118.84|117.14|118.4|5563
2020.07.14 19:30:00|118.42|118.5|117.31|117.54|3713
2020.07.14 20:30:00|117.55|118.13|117.48|117.72|4972
2020.07.14 21:30:00|117.73|118.13|117.49|118|6147
2020.07.14 22:30:00|118.01|118.59|117.93|118.44|3163
2020.07.15 16:30:00|121.26|121.67|120.31|120.87|7729
2020.07.15 17:30:00|120.89|121.58|120.14|120.66|5588
2020.07.15 18:30:00|120.65|121.16|119.55|119.95|6309
2020.07.15 19:30:00|119.95|120.47|119.46|120.01|3982
2020.07.15 20:30:00|119.99|121.02|119.94|121.01|3463
2020.07.15 21:30:00|121|121.22|120.26|120.59|4606
2020.07.15 22:30:00|120.6|121.2|120.5|120.66|3260
2020.07.16 16:30:00|117.84|119.09|117.8|118.52|5917
2020.07.16 17:30:00|118.52|118.84|118.08|118.74|4661
2020.07.16 18:30:00|118.73|119.23|118.59|118.97|3378
2020.07.16 19:30:00|118.96|119.35|118.89|119.21|2654
2020.07.16 20:30:00|119.22|119.74|119.09|119.67|2838
2020.07.16 21:30:00|119.65|119.66|118.65|119.01|4142
2020.07.16 22:30:00|119|119.47|118.93|119.18|3105
2020.07.17 16:30:00|118.54|119.3|117.14|117.18|5681
2020.07.17 17:30:00|117.19|117.96|116.82|117.74|3964
2020.07.17 18:30:00|117.75|118.16|117.7|118.07|2848
2020.07.17 19:30:00|118.06|118.12|117.39|117.42|2383
2020.07.17 20:30:00|117.42|117.91|117.29|117.89|2025
2020.07.17 21:30:00|117.88|118.4|117.88|118.08|2382
2020.07.17 22:30:00|118.09|118.51|118.01|118.4|2513
2020.07.20 16:30:00|117.69|118.08|116.56|117.62|6501
2020.07.20 17:30:00|117.63|118.24|117.51|117.94|4208
2020.07.20 18:30:00|117.95|118.18|116.86|116.93|2838
2020.07.20 19:30:00|116.94|117.62|116.9|117.53|1836
2020.07.20 20:30:00|117.52|117.83|117.42|117.47|2053
2020.07.20 21:30:00|117.46|117.61|117.13|117.43|2017
2020.07.20 22:30:00|117.44|117.93|117.42|117.52|2031
2020.07.21 16:30:00|117.6|120.14|117.41|118.77|6318
2020.07.21 17:30:00|118.78|119.77|118.69|119.74|4447
2020.07.21 18:30:00|119.74|119.81|119.26|119.46|3786
2020.07.21 19:30:00|119.46|119.66|119.29|119.35|2778
2020.07.21 20:30:00|119.35|119.35|118.74|118.88|2356
2020.07.21 21:30:00|118.89|119.5|118.67|118.72|3817
2020.07.21 22:30:00|118.73|118.8|117.96|118.39|3622
2020.07.22 16:30:00|117.96|118.56|117.68|117.98|4564
2020.07.22 17:30:00|117.98|118.43|117.95|118.33|2984
2020.07.22 18:30:00|118.33|118.35|117.73|118.1|1842
2020.07.22 19:30:00|118.09|118.13|117.86|118.01|1547
2020.07.22 20:30:00|118.02|118.11|117.71|118.03|2148
2020.07.22 21:30:00|118.02|118.65|117.92|118.49|2199
2020.07.22 22:30:00|118.49|119.05|118.42|118.76|2226
2020.07.23 16:30:00|118.52|119.08|117.82|117.91|5043
2020.07.23 17:30:00|117.92|118.52|117.87|118.23|3556
2020.07.23 18:30:00|118.23|118.8|118.16|118.68|3797
2020.07.23 19:30:00|118.69|118.97|117.81|117.81|4001
2020.07.23 20:30:00|117.8|118.08|116.76|117.44|5932
2020.07.23 21:30:00|117.44|117.61|116.94|117.33|5322
2020.07.23 22:30:00|117.32|117.96|117.03|117.87|3755
2020.07.24 16:30:00|115.82|117.64|115.62|117.34|6343
2020.07.24 17:30:00|117.35|117.96|117.02|117.39|4590
2020.07.24 18:30:00|117.39|117.51|116.41|116.89|3696
2020.07.24 19:30:00|116.88|116.98|116.35|116.81|3497
2020.07.24 20:30:00|116.79|117.1|116.6|117.03|2852
2020.07.24 21:30:00|117.02|117.51|116.91|116.97|3130
2020.07.24 22:30:00|116.96|117.41|116.78|117.32|3017
2020.07.27 16:30:00|116.85|117.18|115.77|116.74|4439
2020.07.27 17:30:00|116.74|116.74|115.64|115.96|3304
2020.07.27 18:30:00|115.97|116.62|115.9|116.56|2302
2020.07.27 19:30:00|116.55|116.59|116.16|116.47|1645
2020.07.27 20:30:00|116.46|116.47|115.44|115.79|2227
2020.07.27 21:30:00|115.8|115.92|115.44|115.79|1885
2020.07.27 22:30:00|115.78|116.14|115.74|116.08|1642
2020.07.28 16:30:00|115.24|115.89|114.43|115.59|4914
2020.07.28 17:30:00|115.59|116.45|115.28|116.21|3628
2020.07.28 18:30:00|116.22|116.6|116.01|116.22|2577
2020.07.28 19:30:00|116.21|116.29|115.8|116|1878
2020.07.28 20:30:00|116.01|116.49|115.97|116.35|1767
2020.07.28 21:30:00|116.36|116.48|116.13|116.16|3050
2020.07.28 22:30:00|116.15|116.28|115.66|115.89|2591
2020.07.29 16:30:00|115.66|116.46|115.16|115.42|4400
2020.07.29 17:30:00|115.44|115.48|114.87|115.2|2355
2020.07.29 18:30:00|115.18|115.32|114.93|115.18|1912
2020.07.29 19:30:00|115.19|115.26|115.02|115.22|1479
2020.07.29 20:30:00|115.23|115.59|115.06|115.45|2121
2020.07.29 21:30:00|115.44|115.71|115.18|115.61|3611
2020.07.29 22:30:00|115.6|115.82|115.27|115.32|2407
2020.07.30 16:30:00|114.39|114.71|113.13|113.85|5865
2020.07.30 17:30:00|113.84|114.99|113.8|114.58|4116
2020.07.30 18:30:00|114.59|115.29|114.48|115.08|3887
2020.07.30 19:30:00|115.09|115.82|115.08|115.35|2824
2020.07.30 20:30:00|115.36|115.55|114.97|115.47|2864
2020.07.30 21:30:00|115.48|116.04|115.46|115.73|3848
2020.07.30 22:30:00|115.73|115.81|115.28|115.42|3053
2020.07.31 16:30:00|114.79|115.16|113.94|113.94|5888
2020.07.31 17:30:00|113.94|114.89|113.87|114.89|5140
2020.07.31 18:30:00|114.9|115.04|114.26|114.71|5164
2020.07.31 19:30:00|114.71|115.25|114.27|115.23|4073
2020.07.31 20:30:00|115.22|115.67|114.97|115.61|3538
2020.07.31 21:30:00|115.61|116.41|115.5|116.04|4212
2020.07.31 22:30:00|116.03|116.8|115.91|116.73|3133
2020.08.03 16:30:00|115.89|116.56|115.08|116.37|5263
2020.08.03 17:30:00|116.37|116.86|115.95|116.11|3253
2020.08.03 18:30:00|116.12|116.59|116.04|116.34|2841
2020.08.03 19:30:00|116.33|116.75|115.82|115.89|2633
2020.08.03 20:30:00|115.9|116.41|115.81|116.16|2434
2020.08.03 21:30:00|116.17|116.28|115.81|115.96|2319
2020.08.03 22:30:00|115.95|116.25|115.79|116.1|3004
2020.08.04 16:30:00|115.57|117.05|115.51|116.55|4682
2020.08.04 17:30:00|116.55|117.65|116.36|117.63|3110
2020.08.04 18:30:00|117.62|118.1|117.31|117.58|3082
2020.08.04 19:30:00|117.59|117.74|117.18|117.39|2290
2020.08.04 20:30:00|117.4|117.83|117.3|117.42|2025
2020.08.04 21:30:00|117.4|117.49|117|117.17|2905
2020.08.04 22:30:00|117.18|117.27|116.86|117.18|1912
2020.08.05 16:30:00|123.57|129.66|123.17|128.55|17379
2020.08.05 17:30:00|128.55|129.53|127.81|129.01|8037
2020.08.05 18:30:00|129.02|130.05|128.07|128.26|6375
2020.08.05 19:30:00|128.24|128.47|126.4|126.87|4270
2020.08.05 20:30:00|126.87|128.1|126.46|127.9|4422
2020.08.05 21:30:00|127.91|127.91|126.97|127.37|3366
2020.08.05 22:30:00|127.37|127.73|126.91|127.4|2989
2020.08.06 16:30:00|126.65|127.92|125.36|127.05|6949
2020.08.06 17:30:00|127.05|128.36|126.3|127.53|5347
2020.08.06 18:30:00|127.52|129.42|127.08|129.28|5648
2020.08.06 19:30:00|129.29|130.45|129.11|130.04|5144
2020.08.06 20:30:00|130.05|131.14|129.48|130.69|4079
2020.08.06 21:30:00|130.69|131.38|130.37|130.96|4226
2020.08.06 22:30:00|130.97|131.18|130.57|130.58|2577
2020.08.07 16:30:00|129.77|130.75|128.42|130.74|6392
2020.08.07 17:30:00|130.73|131.68|130.44|130.49|4337
2020.08.07 18:30:00|130.48|131.06|129.33|130.04|3168
2020.08.07 19:30:00|130.01|130.58|129.59|130.14|2963
2020.08.07 20:30:00|130.13|130.42|128.81|128.95|3949
2020.08.07 21:30:00|128.95|129.24|128.56|129.13|3737
2020.08.07 22:30:00|129.12|130.2|129.06|129.69|3149
2020.08.10 16:30:00|129.53|131.05|129.48|129.92|5023
2020.08.10 17:30:00|129.94|130.43|128.64|129.24|3962
2020.08.10 18:30:00|129.22|129.59|128.83|128.99|2503
2020.08.10 19:30:00|128.99|129.27|128.69|128.93|2065
2020.08.10 20:30:00|128.91|129.17|128.71|128.93|1641
2020.08.10 21:30:00|128.92|128.98|128.24|128.77|2180
2020.08.10 22:30:00|128.77|128.82|128.37|128.55|2861
2020.08.11 16:30:00|130.4|132.34|129.97|130.97|6574
2020.08.11 17:30:00|130.95|132.01|130.88|131.53|3325
2020.08.11 18:30:00|131.53|131.98|130.88|131.21|2432
2020.08.11 19:30:00|131.21|131.42|130.78|131.3|2253
2020.08.11 20:30:00|131.3|131.84|131.01|131.47|2690
2020.08.11 21:30:00|131.46|131.73|130.28|130.63|5579
2020.08.11 22:30:00|130.62|130.85|129.76|130.27|4642
2020.08.12 16:30:00|130.27|132.75|130.26|131.8|5296
2020.08.12 17:30:00|131.8|132.34|131.49|131.99|4201
2020.08.12 18:30:00|131.98|132.18|131.07|131.07|2475
2020.08.12 19:30:00|131.09|131.13|130.25|130.32|2306
2020.08.12 20:30:00|130.33|131.6|130.33|131.42|2085
2020.08.12 21:30:00|131.43|131.94|131.31|131.76|2191
2020.08.12 22:30:00|131.75|131.81|131.45|131.5|2578
2020.08.13 16:30:00|130.84|132.09|130.43|131.26|4607
2020.08.13 17:30:00|131.22|131.63|130.91|131.16|2368
2020.08.13 18:30:00|131.16|131.43|130.88|131.23|1780
2020.08.13 19:30:00|131.26|131.44|130.85|130.9|1609
2020.08.13 20:30:00|130.88|131.01|130.29|130.56|2775
2020.08.13 21:30:00|130.56|131.21|130.2|130.98|4343
2020.08.13 22:30:00|131|131.22|130.57|130.72|2270
2020.08.14 16:30:00|129.68|130.77|129.52|130.73|3947
2020.08.14 17:30:00|130.75|130.82|129.86|130.39|2592
2020.08.14 18:30:00|130.4|130.62|130.24|130.28|1923
2020.08.14 19:30:00|130.29|130.34|129.93|130.08|1293
2020.08.14 20:30:00|130.06|130.56|130.05|130.12|1876
2020.08.14 21:30:00|130.13|130.25|129.94|130.09|2397
2020.08.14 22:30:00|130.09|130.3|129.81|130.3|2242
2020.08.17 16:30:00|129.61|129.79|128.3|128.68|4242
2020.08.17 17:30:00|128.69|129.54|128.69|128.88|2455
2020.08.17 18:30:00|128.9|129.48|128.65|129.42|1530
2020.08.17 19:30:00|129.43|129.88|129.34|129.65|1234
2020.08.17 20:30:00|129.66|129.66|129.23|129.26|1192
2020.08.17 21:30:00|129.27|129.42|129.15|129.3|1316
2020.08.17 22:30:00|129.31|129.46|129.08|129.13|1504
2020.08.18 16:30:00|128.89|129.32|128.1|128.42|3627
2020.08.18 17:30:00|128.41|129.18|128.2|129.09|2664
2020.08.18 18:30:00|129.1|129.26|128.89|128.96|1279
2020.08.18 19:30:00|128.97|129.15|128.89|128.9|1006
2020.08.18 20:30:00|128.88|128.95|128.57|128.69|1248
2020.08.18 21:30:00|128.67|128.81|128.48|128.66|1268
2020.08.18 22:30:00|128.65|128.77|128.38|128.64|1621
2020.08.19 16:30:00|128.77|129.95|128.7|129.29|4071
2020.08.19 17:30:00|129.28|129.42|128.56|128.75|2025
2020.08.19 18:30:00|128.76|128.95|128.21|128.35|1628
2020.08.19 19:30:00|128.33|128.43|128.1|128.25|1228
2020.08.19 20:30:00|128.25|128.45|127.85|127.9|3031
2020.08.19 21:30:00|127.9|128.34|127.7|127.76|3819
2020.08.19 22:30:00|127.78|127.86|127.19|127.53|2629
2020.08.20 16:30:00|126.57|128.19|126.28|127.61|3675
2020.08.20 17:30:00|127.63|128.07|127.41|127.66|2094
2020.08.20 18:30:00|127.65|127.95|127.52|127.56|1398
2020.08.20 19:30:00|127.56|127.63|127.24|127.56|1036
2020.08.20 20:30:00|127.56|128.16|127.48|128.09|1339
2020.08.20 21:30:00|128.1|128.11|127.58|127.75|2128
2020.08.20 22:30:00|127.74|128.02|127.63|127.83|2138
2020.08.21 16:30:00|127.5|127.93|127.17|127.44|3527
2020.08.21 17:30:00|127.44|127.51|126.98|127.28|2488
2020.08.21 18:30:00|127.29|127.79|127.01|127.42|2098
2020.08.21 19:30:00|127.44|127.74|127.28|127.73|1589
2020.08.21 20:30:00|127.74|127.88|127.52|127.66|1346
2020.08.21 21:30:00|127.66|127.85|127.38|127.47|1756
2020.08.21 22:30:00|127.47|127.5|127.13|127.2|1666
2020.08.24 16:30:00|128.14|129.61|127.67|129.31|4861
2020.08.24 17:30:00|129.32|130.6|129.31|130.42|3882
2020.08.24 18:30:00|130.43|130.47|129.76|129.82|2157
2020.08.24 19:30:00|129.79|129.98|129.64|129.94|1752
2020.08.24 20:30:00|129.94|130.23|129.78|129.85|1668
2020.08.24 21:30:00|129.85|130.13|129.58|130.08|1846
2020.08.24 22:30:00|130.08|130.45|129.83|130.44|2015
2020.08.25 16:30:00|130.36|130.82|129.47|129.7|4711
2020.08.25 17:30:00|129.7|129.71|129.1|129.35|2798
2020.08.25 18:30:00|129.34|129.53|129.06|129.33|2051
2020.08.25 19:30:00|129.32|129.55|129.26|129.4|1669
2020.08.25 20:30:00|129.39|129.87|129.38|129.71|1536
2020.08.25 21:30:00|129.71|130.02|129.61|129.77|1542
2020.08.25 22:30:00|129.78|129.81|129.53|129.55|1841
2020.08.26 16:30:00|129.39|130.72|129.27|130.53|4132
2020.08.26 17:30:00|130.55|130.6|129.78|130.03|1988
2020.08.26 18:30:00|130.04|130.52|129.76|130.43|1777
2020.08.26 19:30:00|130.42|132|130.42|131.79|3126
2020.08.26 20:30:00|131.8|132.35|131.56|131.97|3041
2020.08.26 21:30:00|131.98|132.21|131.39|131.91|3095
2020.08.26 22:30:00|131.92|132.05|131.7|131.94|2181
2020.08.27 16:30:00|132.64|136.09|132.58|134.58|8657
2020.08.27 17:30:00|134.59|135.01|134.12|134.55|4185
2020.08.27 18:30:00|134.57|135.08|133.73|133.78|3076
2020.08.27 19:30:00|133.78|134.13|133.14|134.1|4519
2020.08.27 20:30:00|134.11|134.64|133.76|134.61|2938
2020.08.27 21:30:00|134.62|134.98|134.45|134.67|2998
2020.08.27 22:30:00|134.67|134.67|133.46|133.49|2701
2020.08.28 16:30:00|134.09|134.48|133.33|134.39|5015
2020.08.28 17:30:00|134.4|135.32|133.84|135.31|4160
2020.08.28 18:30:00|135.3|136.46|135.17|136.26|3177
2020.08.28 19:30:00|136.26|136.29|135.73|135.85|2481
2020.08.28 20:30:00|135.84|136.04|135.54|135.61|1856
2020.08.28 21:30:00|135.63|136.53|135.47|136.4|2041
2020.08.28 22:30:00|136.4|136.53|135.16|135.28|2465
2020.08.31 16:30:00|134.36|134.42|132.87|133.35|5299
2020.08.31 17:30:00|133.33|133.68|132.45|132.48|3212
2020.08.31 18:30:00|132.49|132.62|132.06|132.17|2799
2020.08.31 19:30:00|132.15|132.26|131.65|131.72|1973
2020.08.31 20:30:00|131.73|131.98|131.36|131.41|2519
2020.08.31 21:30:00|131.41|131.63|131.01|131.14|2963
2020.08.31 22:30:00|131.14|132.42|131.1|131.65|3277
2020.09.01 16:30:00|131.33|132.62|130.65|132.59|4608
2020.09.01 17:30:00|132.6|132.61|131.78|131.91|3339
2020.09.01 18:30:00|131.91|132.55|131.87|132.07|2455
2020.09.01 19:30:00|132.08|132.55|132.02|132.37|1503
2020.09.01 20:30:00|132.38|132.58|132.12|132.52|1167
2020.09.01 21:30:00|132.52|132.93|132.37|132.8|1480
2020.09.01 22:30:00|132.79|133.34|132.71|133.29|1478
2020.09.02 16:30:00|133.38|134.31|133.11|134.31|4931
2020.09.02 17:30:00|134.31|134.64|133.39|133.46|3410
2020.09.02 18:30:00|133.47|133.83|133.32|133.62|2595
2020.09.02 19:30:00|133.61|133.72|133.02|133.68|1686
2020.09.02 20:30:00|133.68|134.41|133.66|134.35|2107
2020.09.02 21:30:00|134.34|135.47|134.3|135.28|2292
2020.09.02 22:30:00|135.27|135.58|135.02|135.11|2340
2020.09.03 16:30:00|135.33|136.96|134.7|135.04|7163
2020.09.03 17:30:00|135.1|135.51|131.88|132.31|8505
2020.09.03 18:30:00|132.35|133.98|132.16|133.49|7024
2020.09.03 19:30:00|133.49|133.6|132.42|133.31|7008
2020.09.03 20:30:00|133.31|133.34|132.43|132.94|5868
2020.09.03 21:30:00|132.93|133.36|131.98|132.05|7455
2020.09.03 22:30:00|132.03|133.27|131.77|132.92|5619
2020.09.04 16:30:00|133.57|134.59|130.64|130.67|8509
2020.09.04 17:30:00|130.68|131.22|129.18|129.72|10392
2020.09.04 18:30:00|129.71|131.16|129.65|131.16|7760
2020.09.04 19:30:00|131.14|131.55|130.3|130.53|5700
2020.09.04 20:30:00|130.53|131.48|130.32|131.47|5104
2020.09.04 21:30:00|131.45|132.69|131.27|132.42|5742
2020.09.04 22:30:00|132.42|132.45|131.5|131.76|5692
2020.09.08 16:30:00|131.69|135.1|130.6|134.98|12155
2020.09.08 17:30:00|134.95|136.86|134.52|135.85|9453
2020.09.08 18:30:00|135.84|135.87|134.55|135.39|6935
2020.09.08 19:30:00|135.4|136.15|135.05|135.72|5277
2020.09.08 20:30:00|135.72|135.98|134.5|134.52|4800
2020.09.08 21:30:00|134.54|134.64|133.28|134.49|7603
2020.09.08 22:30:00|134.5|134.7|133.78|133.89|4930
2020.09.09 16:30:00|134.05|134.13|132.01|133.2|7651
2020.09.09 17:30:00|133.19|134.36|133.17|134|4685
2020.09.09 18:30:00|134.01|134.68|133.9|134.68|2700
2020.09.09 19:30:00|134.68|135.18|134.57|134.99|2420
2020.09.09 20:30:00|135|135.3|134.36|134.47|2897
2020.09.09 21:30:00|134.48|134.87|134.13|134.2|3909
2020.09.09 22:30:00|134.2|134.34|133|133.13|4082
2020.09.10 16:30:00|133.85|136.48|133.73|135.13|5867
2020.09.10 17:30:00|135.14|135.79|134.28|135.48|5759
2020.09.10 18:30:00|135.48|135.77|134.96|135.13|4657
2020.09.10 19:30:00|135.11|135.69|134.55|135.2|4532
2020.09.10 20:30:00|135.22|135.61|133.42|133.47|4835
2020.09.10 21:30:00|133.48|134.4|132.49|132.95|8827
2020.09.10 22:30:00|132.95|133.39|132.63|132.8|5593
2020.09.11 16:30:00|133.26|133.34|131.56|132.78|7803
2020.09.11 17:30:00|132.79|133.21|132.23|132.44|5762
2020.09.11 18:30:00|132.44|132.86|132.08|132.55|4425
2020.09.11 19:30:00|132.55|132.55|130.88|131.1|5847
2020.09.11 20:30:00|131.1|131.58|130.84|131.21|5470
2020.09.11 21:30:00|131.21|131.99|131.04|131.88|6208
2020.09.11 22:30:00|131.88|132.09|131.38|131.51|4364
2020.09.14 16:30:00|132.58|132.64|131.33|131.46|4804
2020.09.14 17:30:00|131.46|132.51|131.14|131.88|4063
2020.09.14 18:30:00|131.92|132.55|131.61|131.85|2771
2020.09.14 19:30:00|131.86|131.98|131.08|131.44|2357
2020.09.14 20:30:00|131.44|131.72|131.1|131.43|2681
2020.09.14 21:30:00|131.44|131.64|130.66|130.93|5106
2020.09.14 22:30:00|130.94|131.56|130.81|130.95|3262
2020.09.15 16:30:00|131.49|132.42|131.11|132.06|4074
2020.09.15 17:30:00|132.07|132.09|131.27|131.79|2707
2020.09.15 18:30:00|131.78|132.1|131.41|132.05|1974
2020.09.15 19:30:00|132.05|132.23|131.87|131.9|1348
2020.09.15 20:30:00|131.89|132.07|131.48|131.67|1619
2020.09.15 21:30:00|131.64|131.68|130.9|131.19|2805
2020.09.15 22:30:00|131.2|131.24|130.91|131.06|2688
2020.09.16 16:30:00|131.95|132.44|131.27|132.12|3618
2020.09.16 17:30:00|132.11|133.31|131.74|133.08|3521
2020.09.16 18:30:00|133.09|133.21|132.63|132.83|2378
2020.09.16 19:30:00|132.83|132.89|132.54|132.7|2350
2020.09.16 20:30:00|132.68|133.14|132.26|133.14|3072
2020.09.16 21:30:00|133.13|133.51|132.05|132.21|7307
2020.09.16 22:30:00|132.18|132.85|131.79|131.99|5056
2020.09.17 16:30:00|130.74|131.63|130.16|131.03|5371
2020.09.17 17:30:00|131.04|131.56|130.66|130.95|4132
2020.09.17 18:30:00|130.93|130.99|129.32|129.73|4542
2020.09.17 19:30:00|129.76|129.95|129.3|129.37|4810
2020.09.17 20:30:00|129.35|129.55|128.99|128.99|3028
2020.09.17 21:30:00|128.99|129.46|128.5|129|4231
2020.09.17 22:30:00|129|130.13|128.97|130.11|3339
2020.09.18 16:30:00|129.37|130.65|129.37|129.78|4784
2020.09.18 17:30:00|129.78|129.9|129.13|129.77|5571
2020.09.18 18:30:00|129.81|130.28|129.37|129.83|4849
2020.09.18 19:30:00|129.85|129.85|128.57|128.57|5013
2020.09.18 20:30:00|128.58|129.06|128.01|129.05|4869
2020.09.18 21:30:00|129.04|129.42|128.74|129.31|4092
2020.09.18 22:30:00|129.3|129.4|128.4|128.49|3971
2020.09.21 16:30:00|125.79|126.73|123.99|124.03|8861
2020.09.21 17:30:00|124|124.56|123.48|124.07|6383
2020.09.21 18:30:00|124.08|125.01|123.95|124.82|4946
2020.09.21 19:30:00|124.8|125.12|124.25|124.96|4595
2020.09.21 20:30:00|124.95|125.14|124.04|124.15|4948
2020.09.21 21:30:00|124.14|124.81|123.6|124.63|4684
2020.09.21 22:30:00|124.63|125.25|124.42|125.25|3691
2020.09.22 16:30:00|125.2|126.18|124.6|126.17|6059
2020.09.22 17:30:00|126.18|126.5|125.05|126.33|4526
2020.09.22 18:30:00|126.33|126.58|125.94|126.42|2961
2020.09.22 19:30:00|126.41|126.63|125.91|126.27|2369
2020.09.22 20:30:00|126.27|127.02|126.24|126.71|2449
2020.09.22 21:30:00|126.71|127.19|126.58|127.1|3083
2020.09.22 22:30:00|127.11|127.33|126.89|127.02|2433
2020.09.23 16:30:00|126.85|127.16|125.62|125.78|5118
2020.09.23 17:30:00|125.8|126.03|124.65|124.8|5026
2020.09.23 18:30:00|124.79|125.27|124.31|124.63|4117
2020.09.23 19:30:00|124.62|125.37|124.51|125.06|3770
2020.09.23 20:30:00|125.09|125.14|123.91|123.95|4933
2020.09.23 21:30:00|123.96|124.04|122.91|123.28|7906
2020.09.23 22:30:00|123.28|123.49|122.8|123.16|4251
2020.09.24 16:30:00|121.92|123.07|120.53|122.92|7522
2020.09.24 17:30:00|122.93|122.95|121.75|122.06|6299
2020.09.24 18:30:00|122.05|122.77|121.94|122.64|4242
2020.09.24 19:30:00|122.63|123.52|122.06|123.29|3645
2020.09.24 20:30:00|123.29|123.48|122.56|122.71|4650
2020.09.24 21:30:00|122.71|122.98|121.68|121.86|6757
2020.09.24 22:30:00|121.87|122.73|121.66|122.25|4144
2020.09.25 16:30:00|121.26|121.97|120.73|121.54|8177
2020.09.25 17:30:00|121.55|122.45|121.39|122.29|5526
2020.09.25 18:30:00|122.31|122.65|121.76|121.98|3107
2020.09.25 19:30:00|121.99|122.96|121.9|122.75|2988
2020.09.25 20:30:00|122.76|123.06|122.56|122.71|2595
2020.09.25 21:30:00|122.73|123.83|122.62|123.74|3716
2020.09.25 22:30:00|123.74|123.93|123.5|123.75|3177
2020.09.28 16:30:00|125.51|126.34|125.1|125.78|4969
2020.09.28 17:30:00|125.79|126.19|125.2|125.94|3885
2020.09.28 18:30:00|125.94|126.43|125.76|125.93|3071
2020.09.28 19:30:00|125.94|126.61|125.76|126.37|2120
2020.09.28 20:30:00|126.38|126.52|125.94|126.12|2204
2020.09.28 21:30:00|126.13|126.36|125.95|126.16|2776
2020.09.28 22:30:00|126.15|126.15|125.54|125.7|2924
2020.09.29 16:30:00|125.57|125.99|124.05|124.77|5391
2020.09.29 17:30:00|124.8|124.87|123.88|124.2|4097
2020.09.29 18:30:00|124.2|124.23|123.39|123.73|3355
2020.09.29 19:30:00|123.72|124.09|123.45|123.86|2683
2020.09.29 20:30:00|123.85|124.9|123.81|124.88|2918
2020.09.29 21:30:00|124.88|125.1|124.65|124.7|3459
2020.09.29 22:30:00|124.7|125.23|124.56|124.99|2495
2020.09.30 16:30:00|123.37|125.28|123.37|124.39|7544
2020.09.30 17:30:00|124.39|124.81|123.9|124.07|5119
2020.09.30 18:30:00|124.07|124.73|123.76|124.7|3007
2020.09.30 19:30:00|124.71|124.8|124.3|124.37|2805
2020.09.30 20:30:00|124.36|124.9|124.11|124.48|5075
2020.09.30 21:30:00|124.47|124.47|123.13|123.69|11910
2020.09.30 22:30:00|123.68|124.57|123.5|123.94|6482
2020.10.01 16:30:00|124.54|125.19|123.6|124.15|7985
2020.10.01 17:30:00|124.16|124.4|123.64|123.96|6226
2020.10.01 18:30:00|123.98|124.02|123.05|123.44|5242
2020.10.01 19:30:00|123.45|123.83|123.29|123.45|3489
2020.10.01 20:30:00|123.47|123.48|122.16|123.26|7954
2020.10.01 21:30:00|123.27|123.48|122.66|122.78|5166
2020.10.01 22:30:00|122.77|123.17|122.71|123.06|3634
2020.10.02 16:30:00|122.26|122.78|121.77|122.29|5676
2020.10.02 17:30:00|122.3|122.43|121.55|122.28|4651
2020.10.02 18:30:00|122.3|123.35|121.86|123|6338
2020.10.02 19:30:00|123.01|123.39|122.86|123.06|4713
2020.10.02 20:30:00|123.06|123.16|122.42|122.85|4256
2020.10.02 21:30:00|122.86|122.92|121.98|122.51|5326
2020.10.02 22:30:00|122.53|122.69|122.25|122.25|3146
2020.10.05 16:30:00|122.77|123.33|122.08|122.74|4830
2020.10.05 17:30:00|122.74|123.26|122.65|122.71|3625
2020.10.05 18:30:00|122.72|123.23|122.67|123.02|3114
2020.10.05 19:30:00|123.02|123.2|122.69|122.86|2809
2020.10.05 20:30:00|122.87|122.97|122.55|122.61|2771
2020.10.05 21:30:00|122.62|123.08|122.59|123.05|3274
2020.10.05 22:30:00|123.06|123.16|122.93|123.07|1889
2020.10.06 16:30:00|123.08|123.46|122.15|123.45|5085
2020.10.06 17:30:00|123.46|123.92|122.64|122.8|4883
2020.10.06 18:30:00|122.78|122.88|122.31|122.43|3962
2020.10.06 19:30:00|122.43|123.33|122.35|123.03|2721
2020.10.06 20:30:00|123.04|123.38|122.92|123.18|3496
2020.10.06 21:30:00|123.19|123.34|120.85|121.49|10621
2020.10.06 22:30:00|121.48|121.8|120.35|120.66|5807
2020.10.07 16:30:00|121.66|122.2|120.65|121.85|5465
2020.10.07 17:30:00|121.86|122.3|121.76|122.14|4056
2020.10.07 18:30:00|122.15|122.83|121.77|122.72|4367
2020.10.07 19:30:00|122.71|123.04|122.52|122.68|4557
2020.10.07 20:30:00|122.69|123.01|122.65|122.94|3542
2020.10.07 21:30:00|122.95|122.96|122.67|122.74|3297
2020.10.07 22:30:00|122.74|122.86|122.47|122.57|3221
2020.10.08 16:30:00|123.13|123.35|122.29|122.73|4585
2020.10.08 17:30:00|122.75|123.1|122.4|122.44|4418
2020.10.08 18:30:00|122.43|122.88|122.16|122.74|3122
2020.10.08 19:30:00|122.74|122.91|122.69|122.8|2092
2020.10.08 20:30:00|122.79|123.09|122.75|122.9|2127
2020.10.08 21:30:00|122.9|122.93|122.65|122.76|2363
2020.10.08 22:30:00|122.77|122.93|122.69|122.83|2035
2020.10.09 16:30:00|123.5|124.79|123.22|123.33|3771
2020.10.09 17:30:00|123.32|123.73|123.08|123.71|3468
2020.10.09 18:30:00|123.7|124.52|123.5|124.22|4494
2020.10.09 19:30:00|124.22|125.29|124.15|124.99|2783
2020.10.09 20:30:00|124.98|125.27|124.7|124.72|2230
2020.10.09 21:30:00|124.73|125.11|124.7|125|2077
2020.10.09 22:30:00|124.99|125|124.18|124.7|2029
2020.10.12 16:30:00|124.56|125.54|123.5|125.14|4583
2020.10.12 17:30:00|125.14|125.15|124.45|124.86|4166
2020.10.12 18:30:00|124.86|125.6|124.81|125.56|4281
2020.10.12 19:30:00|125.55|125.68|125.12|125.47|3782
2020.10.12 20:30:00|125.48|125.56|125.27|125.37|3696
2020.10.12 21:30:00|125.38|125.48|124.77|125.01|4745
2020.10.12 22:30:00|125.02|125.06|124.65|124.71|3812
2020.10.13 16:30:00|129.58|130.59|127.65|129.35|10679
2020.10.13 17:30:00|129.36|131.11|129.15|130.99|7967
2020.10.13 18:30:00|130.99|130.99|129.41|130.04|5243
2020.10.13 19:30:00|130.04|130.14|129.34|129.43|5268
2020.10.13 20:30:00|129.43|129.53|128.78|128.79|4930
2020.10.13 21:30:00|128.8|129.29|128.37|129.17|5222
2020.10.13 22:30:00|129.15|129.21|128.69|128.72|1645
2020.10.14 16:30:00|129.03|129.03|127.17|127.55|7405
2020.10.14 17:30:00|127.55|127.61|126.61|126.75|5120
2020.10.14 18:30:00|126.72|127.02|125.72|126.13|6655
2020.10.14 19:30:00|126.1|126.21|125.2|125.26|6462
2020.10.14 20:30:00|125.26|125.74|125.03|125.38|4961
2020.10.14 21:30:00|125.38|126.63|125.16|126.6|5389
2020.10.14 22:30:00|126.59|126.94|126.29|126.33|2169
2020.10.15 16:30:00|124.77|125.7|124.15|125.51|4585
2020.10.15 17:30:00|125.52|126.65|124.77|126.24|4322
2020.10.15 18:30:00|126.25|126.87|126.09|126.19|2922
2020.10.15 19:30:00|126.18|126.64|126.05|126.27|2528
2020.10.15 20:30:00|126.25|126.71|126.06|126.66|2315
2020.10.15 21:30:00|126.65|127.01|126.31|126.94|2521
2020.10.15 22:30:00|126.93|127.14|126.79|127.08|1589
2020.10.16 16:30:00|127.69|127.79|126.15|127.03|4024
2020.10.16 17:30:00|127.04|127.26|126.15|126.23|3185
2020.10.16 18:30:00|126.22|126.76|126.07|126.65|2181
2020.10.16 19:30:00|126.65|127.16|126.59|127|2378
2020.10.16 20:30:00|127.01|127.52|126.88|127.21|1908
2020.10.16 21:30:00|127.22|127.38|126.69|126.79|2345
2020.10.16 22:30:00|126.78|126.82|126.54|126.56|1357
2020.10.19 16:30:00|126.72|126.94|125.44|125.84|3562
2020.10.19 17:30:00|125.84|126.5|125.32|125.53|4212
2020.10.19 18:30:00|125.54|125.74|125.13|125.15|3707
2020.10.19 19:30:00|125.15|125.33|125|125.15|2545
2020.10.19 20:30:00|125.16|125.2|124.65|124.94|3402
2020.10.19 21:30:00|124.94|124.94|123.45|123.97|6012
2020.10.19 22:30:00|123.97|124.09|123.67|123.97|2518
2020.10.20 16:30:00|124.33|125.24|124.02|124.08|3131
2020.10.20 17:30:00|124.09|124.33|123.37|124.29|3917
2020.10.20 18:30:00|124.31|124.59|123.96|123.97|2851
2020.10.20 19:30:00|123.96|125.07|123.89|124.97|3213
2020.10.20 20:30:00|124.99|125.42|124.66|125.24|3454
2020.10.20 21:30:00|125.26|125.47|124.39|124.77|4571
2020.10.20 22:30:00|124.76|125.19|124.62|124.67|3061
2020.10.21 16:30:00|124.13|126.27|123.55|126.09|3472
2020.10.21 17:30:00|126.07|126.26|124.88|125.2|3152
2020.10.21 18:30:00|125.2|126.46|125.2|125.91|4241
2020.10.21 19:30:00|125.91|125.98|125.32|125.74|3332
2020.10.21 20:30:00|125.75|126.31|125.55|126.29|3038
2020.10.21 21:30:00|126.3|127.29|126.19|126.81|3159
2020.10.21 22:30:00|126.82|126.99|126.32|126.39|2779
2020.10.22 16:30:00|126.27|127.22|125.79|125.86|2616
2020.10.22 17:30:00|125.86|127.47|125.69|127.04|2936
2020.10.22 18:30:00|127.04|127.5|126.88|127.33|2435
2020.10.22 19:30:00|127.33|127.85|127.06|127.45|2247
2020.10.22 20:30:00|127.47|127.8|127.13|127.27|2371
2020.10.22 21:30:00|127.29|127.41|126.91|127.36|2356
2020.10.22 22:30:00|127.36|127.51|127.07|127.25|2024
2020.10.23 16:30:00|127.84|128.01|126.9|127.2|2235
2020.10.23 17:30:00|127.19|127.41|126.49|126.81|2878
2020.10.23 18:30:00|126.79|126.79|126.1|126.36|2684
2020.10.23 19:30:00|126.33|126.89|126.19|126.88|2156
2020.10.23 20:30:00|126.87|127.05|126.61|127.01|1431
2020.10.23 21:30:00|127|127.96|126.87|127.65|1876
2020.10.23 22:30:00|127.66|128.24|127.62|128.1|1305
2020.10.26 15:30:00|126.62|126.75|125.5|125.56|3345
2020.10.26 16:30:00|125.54|125.6|123.99|124.45|5200
2020.10.26 17:30:00|124.46|124.46|123.86|124.03|5172
2020.10.26 18:30:00|124.03|124.03|122.9|122.92|4562
2020.10.26 19:30:00|122.93|123.68|122.7|123.54|5477
2020.10.26 20:30:00|123.55|123.56|122.93|123.31|6110
2020.10.26 21:30:00|123.32|123.93|123.09|123.77|4506
2020.10.27 15:30:00|123.72|123.84|123.11|123.41|4325
2020.10.27 16:30:00|123.41|123.92|123.33|123.39|4742
2020.10.27 17:30:00|123.4|124.35|123.19|123.86|3461
2020.10.27 18:30:00|123.88|123.96|123.39|123.83|2874
2020.10.27 19:30:00|123.83|124.04|123.18|123.28|2603
2020.10.27 20:30:00|123.3|123.32|122.78|123.1|3724
2020.10.27 21:30:00|123.09|123.15|122.78|123.04|1930
2020.10.28 15:30:00|120.59|121.25|119.5|119.62|5345
2020.10.28 16:30:00|119.63|119.83|118.41|118.61|5706
2020.10.28 17:30:00|118.61|119.99|118.23|119.8|6000
2020.10.28 18:30:00|119.81|120.03|118.75|119.14|5154
2020.10.28 19:30:00|119.13|119.33|118.51|119.17|4751
2020.10.28 20:30:00|119.16|119.66|118.68|119.29|6155
2020.10.28 21:30:00|119.3|119.64|118.11|118.14|4516
2020.10.29 15:30:00|117.76|120.01|116.98|119.98|6377
2020.10.29 16:30:00|119.99|120.62|119.65|119.79|4524
2020.10.29 17:30:00|119.79|120.05|119.32|119.89|5077
2020.10.29 18:30:00|119.89|120.44|119.71|120.4|4298
2020.10.29 19:30:00|120.4|121.41|120.38|121.22|4430
2020.10.29 20:30:00|121.23|121.98|120.8|121.98|6032
2020.10.29 21:30:00|121.99|122.37|121.28|121.28|4598
2020.10.30 15:30:00|120.17|121.45|119.73|119.95|5180
2020.10.30 16:30:00|119.93|120.04|118.85|119.35|7007
2020.10.30 17:30:00|119.34|120.56|118.82|120.45|5250
2020.10.30 18:30:00|120.45|120.47|119.6|119.95|4952
2020.10.30 19:30:00|119.94|120.74|119.22|119.98|7876
2020.10.30 20:30:00|119.98|120.26|119.36|119.73|7607
2020.10.30 21:30:00|119.73|120.99|119.31|120.99|5165
2020.11.02 16:30:00|121.66|122.65|120.74|122.15|4443
2020.11.02 17:30:00|122.16|122.17|120.55|120.87|5735
2020.11.02 18:30:00|120.88|121.47|120.5|120.87|5035
2020.11.02 19:30:00|120.87|120.92|119.81|120.06|5220
2020.11.02 20:30:00|120.06|120.73|119.81|120.72|5436
2020.11.02 21:30:00|120.73|120.99|120.35|120.43|6265
2020.11.02 22:30:00|120.44|120.61|119.56|119.87|4793
2020.11.03 16:30:00|121.16|123.53|121.15|123.14|4872
2020.11.03 17:30:00|123.15|123.95|123.02|123.7|5389
2020.11.03 18:30:00|123.71|124.31|123.63|124.31|4004
2020.11.03 19:30:00|124.31|124.65|123.84|124.02|3748
2020.11.03 20:30:00|124.03|124.15|123.15|123.35|5413
2020.11.03 21:30:00|123.34|123.98|123.34|123.93|4931
2020.11.03 22:30:00|123.93|124.82|123.78|123.78|4117
2020.11.04 16:30:00|124.12|125.33|123.32|124.82|6874
2020.11.04 17:30:00|124.82|125.43|124.42|125.19|6031
2020.11.04 18:30:00|125.17|126.33|125.16|126.12|4580
2020.11.04 19:30:00|126.13|126.34|125.52|126.16|5502
2020.11.04 20:30:00|126.17|126.6|125.62|125.7|6593
2020.11.04 21:30:00|125.72|125.78|124.71|124.72|6963
2020.11.04 22:30:00|124.73|125.28|124.62|124.78|5977
2020.11.05 16:30:00|125.85|128.34|125.49|127.49|5224
2020.11.05 17:30:00|127.47|127.81|126.86|126.92|5051
2020.11.05 18:30:00|126.93|127.18|126.03|126.14|4557
2020.11.05 19:30:00|126.14|127.18|126.08|126.95|3201
2020.11.05 20:30:00|126.96|127.47|126.93|127.14|3563
2020.11.05 21:30:00|127.14|127.46|126.81|127.04|5273
2020.11.05 22:30:00|127.04|127.07|126.46|126.7|4302
2020.11.06 16:30:00|125.52|125.71|124.35|125.21|5357
2020.11.06 17:30:00|125.21|126.23|125.16|126.2|4573
2020.11.06 18:30:00|126.19|127.06|126.18|126.27|3760
2020.11.06 19:30:00|126.27|127.25|126.24|127.2|3185
2020.11.06 20:30:00|127.19|127.55|126.87|126.9|2911
2020.11.06 21:30:00|126.91|126.93|126.31|126.87|4911
