2020.06.09 10:00:00|8.93|9.1|8.18|8.369999999999999|1129
2020.06.09 11:00:00|8.380000000000001|8.52|7.98|8.26|1049
2020.06.09 12:00:00|8.26|8.65|8.18|8.539999999999999|827
2020.06.09 13:00:00|8.529999999999999|8.6|8.300000000000001|8.4|639
2020.06.09 14:00:00|8.390000000000001|8.630000000000001|8.35|8.6|447
2020.06.09 15:00:00|8.609999999999999|8.619999999999999|8.460000000000001|8.470000000000001|422
2020.06.09 16:00:00|8.48|8.539999999999999|8.380000000000001|8.460000000000001|595
2020.06.09 17:00:00|8.470000000000001|8.640000000000001|8.359999999999999|8.609999999999999|575
2020.06.09 18:00:00|8.6|8.630000000000001|8.5|8.529999999999999|288
2020.06.10 10:00:00|8.35|8.73|8.32|8.49|940
2020.06.10 11:00:00|8.48|8.52|8.300000000000001|8.33|716
2020.06.10 12:00:00|8.32|8.369999999999999|8.17|8.19|723
2020.06.10 13:00:00|8.19|8.23|8.06|8.19|633
2020.06.10 14:00:00|8.18|8.300000000000001|8.119999999999999|8.27|468
2020.06.10 15:00:00|8.279999999999999|8.34|8.25|8.300000000000001|465
2020.06.10 16:00:00|8.31|8.359999999999999|8.19|8.25|634
2020.06.10 17:00:00|8.25|8.279999999999999|8.07|8.15|828
2020.06.10 18:00:00|8.140000000000001|8.199999999999999|8.1|8.16|444
2020.06.11 10:00:00|7.48|7.88|7.48|7.77|1126
2020.06.11 11:00:00|7.76|7.77|7.63|7.67|545
2020.06.11 12:00:00|7.67|7.81|7.64|7.79|475
2020.06.11 13:00:00|7.8|7.85|7.72|7.73|447
2020.06.11 14:00:00|7.72|7.76|7.53|7.59|366
2020.06.11 15:00:00|7.58|7.61|7.43|7.46|514
2020.06.11 16:00:00|7.45|7.73|7.43|7.68|602
2020.06.11 17:00:00|7.67|7.71|7.52|7.53|693
2020.06.11 18:00:00|7.52|7.6|7.5|7.5|454
2020.06.12 10:00:00|7.4|7.96|7.33|7.85|1685
2020.06.12 11:00:00|7.86|8.25|7.81|8.140000000000001|679
2020.06.12 12:00:00|8.140000000000001|8.199999999999999|8.029999999999999|8.17|470
2020.06.12 13:00:00|8.17|8.25|7.99|8.09|451
2020.06.12 14:00:00|8.050000000000001|8.220000000000001|8|8.119999999999999|395
2020.06.12 15:00:00|8.130000000000001|8.19|8|8.19|595
2020.06.12 16:00:00|8.19|8.289999999999999|8.08|8.23|429
2020.06.12 17:00:00|8.23|8.33|8.02|8.029999999999999|591
2020.06.12 18:00:00|8.029999999999999|8.119999999999999|7.97|8.07|545
2020.06.15 10:00:00|7.68|7.93|7.64|7.8|1633
2020.06.15 11:00:00|7.8|7.83|7.7|7.8|767
2020.06.15 12:00:00|7.79|7.79|7.65|7.7|645
2020.06.15 13:00:00|7.71|7.85|7.68|7.69|611
2020.06.15 14:00:00|7.66|7.72|7.57|7.6|400
2020.06.15 15:00:00|7.6|7.63|7.56|7.62|355
2020.06.15 16:00:00|7.63|7.72|7.56|7.65|643
2020.06.15 17:00:00|7.64|7.68|7.49|7.6|763
2020.06.15 18:00:00|7.61|7.76|7.6|7.61|587
2020.06.16 10:00:00|8.07|8.279999999999999|8.050000000000001|8.07|928
2020.06.16 11:00:00|8.07|8.23|8.039999999999999|8.18|599
2020.06.16 12:00:00|8.210000000000001|8.289999999999999|8.140000000000001|8.19|377
2020.06.16 13:00:00|8.19|8.31|8.16|8.289999999999999|383
2020.06.16 14:00:00|8.289999999999999|8.380000000000001|8.210000000000001|8.34|314
2020.06.16 15:00:00|8.35|8.48|8.34|8.460000000000001|493
2020.06.16 16:00:00|8.449999999999999|8.470000000000001|8.17|8.279999999999999|642
2020.06.16 17:00:00|8.27|8.32|7.95|7.95|800
2020.06.16 18:00:00|7.98|8.08|7.95|8.039999999999999|657
2020.06.17 10:00:00|7.99|8.34|7.99|8.279999999999999|938
2020.06.17 11:00:00|8.279999999999999|8.300000000000001|8.08|8.119999999999999|640
2020.06.17 12:00:00|8.109999999999999|8.109999999999999|7.89|7.91|555
2020.06.17 13:00:00|7.92|8.029999999999999|7.89|7.98|529
2020.06.17 14:00:00|7.97|8.119999999999999|7.93|8.039999999999999|311
2020.06.17 15:00:00|8.039999999999999|8.1|8|8.02|271
2020.06.17 16:00:00|8.029999999999999|8.050000000000001|7.86|7.92|512
2020.06.17 17:00:00|7.92|8|7.82|7.9|798
2020.06.17 18:00:00|7.91|7.95|7.85|7.89|408
2020.06.18 10:00:00|7.71|7.87|7.69|7.85|737
2020.06.18 11:00:00|7.85|8.109999999999999|7.83|8.050000000000001|599
2020.06.18 12:00:00|8.050000000000001|8.09|7.9|7.94|511
2020.06.18 13:00:00|7.92|7.97|7.86|7.88|433
2020.06.18 14:00:00|7.88|7.95|7.84|7.85|369
2020.06.18 15:00:00|7.85|7.97|7.81|7.94|320
2020.06.18 16:00:00|7.93|8.01|7.87|7.96|459
2020.06.18 17:00:00|7.97|8.130000000000001|7.96|8.039999999999999|717
2020.06.18 18:00:00|8.050000000000001|8.07|7.99|8|276
2020.06.19 10:00:00|8.130000000000001|8.140000000000001|7.88|8.02|651
2020.06.19 11:00:00|8.01|8.07|7.95|8.029999999999999|304
2020.06.19 12:00:00|8.02|8.08|7.99|8.06|383
2020.06.19 13:00:00|8.050000000000001|8.07|7.96|8.02|258
2020.06.19 14:00:00|8.01|8.1|7.99|8.09|211
2020.06.19 15:00:00|8.1|8.19|8.1|8.15|356
2020.06.19 16:00:00|8.140000000000001|8.15|8|8.029999999999999|411
2020.06.19 17:00:00|8.039999999999999|8.07|7.97|8.02|460
2020.06.19 18:00:00|8.029999999999999|8.029999999999999|7.94|7.95|333
2020.06.22 10:00:00|7.72|7.98|7.6|7.86|1014
2020.06.22 11:00:00|7.86|7.91|7.7|7.84|584
2020.06.22 12:00:00|7.84|7.9|7.77|7.82|344
2020.06.22 13:00:00|7.83|7.89|7.78|7.86|362
2020.06.22 14:00:00|7.83|7.91|7.78|7.89|230
2020.06.22 15:00:00|7.88|7.96|7.84|7.9|220
2020.06.22 16:00:00|7.91|7.98|7.84|7.84|420
2020.06.22 17:00:00|7.91|7.97|7.86|7.91|398
2020.06.22 18:00:00|7.91|7.98|7.86|7.95|289
2020.06.23 10:00:00|8.01|8.18|7.86|8.140000000000001|837
2020.06.23 11:00:00|8.15|8.17|8|8.02|476
2020.06.23 12:00:00|8.01|8.08|7.98|8.06|238
2020.06.23 13:00:00|8.050000000000001|8.1|8.029999999999999|8.07|246
2020.06.23 14:00:00|8.039999999999999|8.1|7.99|8.06|248
2020.06.23 15:00:00|8.07|8.08|7.99|8.01|234
2020.06.23 16:00:00|8.02|8.039999999999999|7.92|7.96|323
2020.06.23 17:00:00|7.97|7.99|7.82|7.86|458
2020.06.23 18:00:00|7.86|7.87|7.81|7.85|199
2020.06.24 10:00:00|7.72|8|7.72|7.75|578
2020.06.24 11:00:00|7.75|7.75|7.63|7.7|624
2020.06.24 12:00:00|7.69|7.7|7.52|7.58|633
2020.06.24 13:00:00|7.59|7.62|7.52|7.55|426
2020.06.24 14:00:00|7.56|7.63|7.48|7.5|376
2020.06.24 15:00:00|7.51|7.55|7.49|7.51|453
2020.06.24 16:00:00|7.52|7.55|7.36|7.37|668
2020.06.24 17:00:00|7.38|7.39|7.28|7.37|1128
2020.06.24 18:00:00|7.37|7.42|7.26|7.3|893
2020.06.25 10:00:00|6.88|7.1|6.63|6.87|2259
2020.06.25 11:00:00|6.87|7.04|6.84|6.98|1768
2020.06.25 12:00:00|6.97|6.99|6.91|6.94|912
2020.06.25 13:00:00|6.95|6.96|6.78|6.8|979
2020.06.25 14:00:00|6.8|6.89|6.78|6.82|369
2020.06.25 15:00:00|6.82|6.92|6.78|6.87|335
2020.06.25 16:00:00|6.88|6.89|6.79|6.79|416
2020.06.25 17:00:00|6.79|6.9|6.74|6.8|609
2020.06.25 18:00:00|6.79|6.82|6.73|6.78|273
2020.06.26 10:00:00|6.9|7.03|6.73|6.8|953
2020.06.26 11:00:00|6.81|6.86|6.71|6.83|621
2020.06.26 12:00:00|6.83|6.91|6.78|6.84|484
2020.06.26 13:00:00|6.85|6.85|6.76|6.83|374
2020.06.26 14:00:00|6.83|6.84|6.71|6.73|322
2020.06.26 15:00:00|6.73|6.76|6.68|6.71|368
2020.06.26 16:00:00|6.72|6.72|6.6|6.64|573
2020.06.26 17:00:00|6.63|6.65|6.46|6.47|638
2020.06.26 18:00:00|6.47|6.51|6.43|6.44|466
2020.06.29 10:00:00|6.56|6.86|6.51|6.77|1085
2020.06.29 11:00:00|6.76|6.79|6.62|6.79|792
2020.06.29 12:00:00|6.79|6.82|6.74|6.77|379
2020.06.29 13:00:00|6.76|6.77|6.68|6.72|572
2020.06.29 14:00:00|6.71|6.79|6.64|6.78|447
2020.06.29 15:00:00|6.78|6.86|6.77|6.81|454
2020.06.29 16:00:00|6.81|6.82|6.7|6.7|709
2020.06.29 17:00:00|6.74|6.94|6.74|6.9|766
2020.06.29 18:00:00|6.91|6.92|6.84|6.88|396
2020.06.30 10:00:00|6.94|6.99|6.72|6.82|621
2020.06.30 11:00:00|6.83|6.87|6.72|6.77|404
2020.06.30 12:00:00|6.76|6.85|6.69|6.82|345
2020.06.30 13:00:00|6.81|6.96|6.79|6.91|299
2020.06.30 14:00:00|6.91|7.05|6.87|6.9|381
2020.06.30 15:00:00|6.88|6.96|6.84|6.88|344
2020.06.30 16:00:00|6.88|6.89|6.73|6.76|528
2020.06.30 17:00:00|6.77|6.83|6.73|6.8|451
2020.06.30 18:00:00|6.79|6.83|6.75|6.83|288
2020.07.01 10:00:00|6.72|6.8|6.6|6.74|421
2020.07.01 11:00:00|6.74|6.78|6.68|6.68|241
2020.07.01 12:00:00|6.68|6.71|6.52|6.55|392
2020.07.01 13:00:00|6.54|6.55|6.42|6.44|441
2020.07.01 14:00:00|6.44|6.56|6.4|6.5|345
2020.07.01 15:00:00|6.49|6.7|6.49|6.7|359
2020.07.01 16:00:00|6.69|6.79|6.64|6.74|576
2020.07.01 17:00:00|6.74|6.82|6.69|6.74|551
2020.07.01 18:00:00|6.75|6.75|6.59|6.68|234
2020.07.02 10:00:00|6.92|7.11|6.79|7.08|772
2020.07.02 11:00:00|7.06|7.09|6.97|7.01|474
2020.07.02 12:00:00|7.02|7.02|6.93|6.97|323
2020.07.02 13:00:00|6.98|7|6.93|6.99|240
2020.07.02 14:00:00|6.99|7|6.88|6.94|257
2020.07.02 15:00:00|6.95|7.06|6.85|7.01|583
2020.07.02 16:00:00|7.03|7.04|6.91|6.93|578
2020.07.02 17:00:00|6.92|6.94|6.81|6.81|649
2020.07.02 18:00:00|6.81|6.85|6.77|6.85|331
2020.07.03 10:00:00|6.88|7.02|6.78|6.91|482
2020.07.03 11:00:00|6.91|6.95|6.84|6.91|388
2020.07.03 12:00:00|6.91|6.93|6.75|6.76|370
2020.07.03 13:00:00|6.76|6.88|6.74|6.85|273
2020.07.03 14:00:00|6.82|6.92|6.82|6.92|158
2020.07.03 15:00:00|6.93|6.95|6.87|6.95|153
2020.07.03 16:00:00|6.94|7.01|6.92|6.95|231
2020.07.03 17:00:00|6.96|7.01|6.93|6.97|218
2020.07.03 18:00:00|6.97|6.97|6.88|6.93|172
2020.07.06 10:00:00|7.15|7.21|7.09|7.15|599
2020.07.06 11:00:00|7.14|7.17|7.07|7.12|342
2020.07.06 12:00:00|7.12|7.19|7.09|7.19|234
2020.07.06 13:00:00|7.2|7.2|7.13|7.14|244
2020.07.06 14:00:00|7.12|7.22|7.12|7.21|260
2020.07.06 15:00:00|7.2|7.27|7.17|7.22|254
2020.07.06 16:00:00|7.22|7.25|7.14|7.2|320
2020.07.06 17:00:00|7.18|7.24|7.08|7.2|381
2020.07.06 18:00:00|7.19|7.2|7.13|7.16|166
2020.07.07 10:00:00|7.18|7.18|6.96|6.98|450
2020.07.07 11:00:00|6.99|7.04|6.88|6.92|359
2020.07.07 12:00:00|6.9|7.01|6.88|6.97|410
2020.07.07 13:00:00|6.97|7|6.92|6.94|301
2020.07.07 14:00:00|6.93|7|6.93|6.96|225
2020.07.07 15:00:00|6.96|7|6.95|7|224
2020.07.07 16:00:00|6.98|7.03|6.91|6.98|397
2020.07.07 17:00:00|6.97|6.99|6.92|6.98|315
2020.07.07 18:00:00|6.97|6.99|6.93|6.99|139
2020.07.08 10:00:00|6.9|6.93|6.78|6.79|478
2020.07.08 11:00:00|6.79|6.8|6.66|6.72|468
2020.07.08 12:00:00|6.72|6.75|6.63|6.66|415
2020.07.08 13:00:00|6.66|6.73|6.65|6.7|268
2020.07.08 14:00:00|6.7|6.71|6.63|6.71|256
2020.07.08 15:00:00|6.7|6.72|6.56|6.62|377
2020.07.08 16:00:00|6.62|6.63|6.44|6.58|555
2020.07.08 17:00:00|6.56|6.63|6.54|6.58|453
2020.07.08 18:00:00|6.58|6.6|6.54|6.54|215
2020.07.09 10:00:00|6.66|6.68|6.5|6.58|442
2020.07.09 11:00:00|6.57|6.57|6.46|6.52|267
2020.07.09 12:00:00|6.51|6.58|6.48|6.56|197
2020.07.09 13:00:00|6.56|6.57|6.5|6.52|207
2020.07.09 14:00:00|6.52|6.6|6.5|6.56|226
2020.07.09 15:00:00|6.57|6.64|6.55|6.62|169
2020.07.09 16:00:00|6.61|6.62|6.53|6.55|252
2020.07.09 17:00:00|6.56|6.56|6.46|6.46|271
2020.07.09 18:00:00|6.47|6.49|6.38|6.38|230
2020.07.10 10:00:00|6.48|6.53|6.33|6.43|451
2020.07.10 11:00:00|6.43|6.53|6.42|6.45|374
2020.07.10 12:00:00|6.46|6.54|6.44|6.52|292
2020.07.10 13:00:00|6.53|6.6|6.52|6.58|154
2020.07.10 14:00:00|6.57|6.63|6.52|6.53|160
2020.07.10 15:00:00|6.54|6.59|6.46|6.56|232
2020.07.10 16:00:00|6.56|6.64|6.54|6.57|306
2020.07.10 17:00:00|6.56|6.62|6.54|6.62|306
2020.07.10 18:00:00|6.61|6.67|6.57|6.63|204
2020.07.13 10:00:00|6.83|6.89|6.69|6.71|413
2020.07.13 11:00:00|6.71|6.73|6.64|6.7|303
2020.07.13 12:00:00|6.7|6.74|6.66|6.66|286
2020.07.13 13:00:00|6.67|6.67|6.6|6.66|301
2020.07.13 14:00:00|6.66|6.74|6.62|6.7|223
2020.07.13 15:00:00|6.71|6.75|6.69|6.7|250
2020.07.13 16:00:00|6.71|6.73|6.61|6.62|327
2020.07.13 17:00:00|6.62|6.67|6.58|6.63|304
2020.07.13 18:00:00|6.63|6.69|6.63|6.67|150
2020.07.14 10:00:00|6.46|6.54|6.41|6.45|305
2020.07.14 11:00:00|6.43|6.51|6.43|6.47|307
2020.07.14 12:00:00|6.48|6.58|6.45|6.54|230
2020.07.14 13:00:00|6.52|6.55|6.43|6.47|297
2020.07.14 14:00:00|6.47|6.49|6.4|6.44|311
2020.07.14 15:00:00|6.44|6.5|6.42|6.44|221
2020.07.14 16:00:00|6.43|6.54|6.43|6.52|325
2020.07.14 17:00:00|6.52|6.55|6.45|6.48|365
2020.07.14 18:00:00|6.48|6.5|6.44|6.47|179
2020.07.15 10:00:00|6.58|6.72|6.54|6.7|420
2020.07.15 11:00:00|6.71|6.75|6.57|6.63|354
2020.07.15 12:00:00|6.62|6.64|6.55|6.58|242
2020.07.15 13:00:00|6.57|6.82|6.55|6.77|512
2020.07.15 14:00:00|6.77|6.95|6.72|6.87|573
2020.07.15 15:00:00|6.87|6.92|6.85|6.89|482
2020.07.15 16:00:00|6.89|6.96|6.86|6.88|666
2020.07.15 17:00:00|6.87|6.92|6.79|6.91|732
2020.07.15 18:00:00|6.91|6.94|6.86|6.87|315
2020.07.16 10:00:00|6.89|6.96|6.85|6.93|591
2020.07.16 11:00:00|6.94|6.97|6.88|6.96|221
2020.07.16 12:00:00|6.96|6.97|6.87|6.89|295
2020.07.16 13:00:00|6.9|6.95|6.83|6.87|230
2020.07.16 14:00:00|6.87|6.89|6.79|6.82|108
2020.07.16 15:00:00|6.81|6.85|6.76|6.83|172
2020.07.16 16:00:00|6.84|6.88|6.78|6.87|261
2020.07.16 17:00:00|6.87|6.9|6.81|6.83|350
2020.07.16 18:00:00|6.83|6.86|6.78|6.81|267
2020.07.17 10:00:00|6.71|6.71|6.51|6.54|314
2020.07.17 11:00:00|6.54|6.6|6.49|6.59|236
2020.07.17 12:00:00|6.58|6.71|6.55|6.71|255
2020.07.17 13:00:00|6.71|6.76|6.67|6.72|123
2020.07.17 14:00:00|6.72|6.73|6.62|6.65|125
2020.07.17 15:00:00|6.65|6.68|6.61|6.63|103
2020.07.17 16:00:00|6.62|6.65|6.53|6.61|261
2020.07.17 17:00:00|6.62|6.62|6.52|6.55|155
2020.07.17 18:00:00|6.56|6.61|6.55|6.59|166
2020.07.20 10:00:00|6.58|6.58|6.36|6.41|597
2020.07.20 11:00:00|6.42|6.53|6.39|6.52|322
2020.07.20 12:00:00|6.52|6.56|6.46|6.48|209
2020.07.20 13:00:00|6.48|6.49|6.43|6.47|119
2020.07.20 14:00:00|6.46|6.48|6.43|6.48|157
2020.07.20 15:00:00|6.48|6.51|6.43|6.49|112
2020.07.20 16:00:00|6.49|6.51|6.37|6.4|313
2020.07.20 17:00:00|6.39|6.41|6.31|6.33|292
2020.07.20 18:00:00|6.33|6.41|6.33|6.36|305
2020.07.21 10:00:00|6.39|6.61|6.39|6.56|579
2020.07.21 11:00:00|6.55|6.57|6.47|6.49|297
2020.07.21 12:00:00|6.5|6.51|6.42|6.43|159
2020.07.21 13:00:00|6.42|6.45|6.35|6.36|202
2020.07.21 14:00:00|6.35|6.42|6.31|6.35|224
2020.07.21 15:00:00|6.34|6.35|6.24|6.25|171
2020.07.21 16:00:00|6.26|6.28|6.22|6.24|330
2020.07.21 17:00:00|6.24|6.26|6.13|6.17|346
2020.07.21 18:00:00|6.18|6.2|6.16|6.18|170
2020.07.22 10:00:00|6.3|6.37|6.1|6.1|729
2020.07.22 11:00:00|6.11|6.15|6.05|6.1|370
2020.07.22 12:00:00|6.11|6.13|6.05|6.12|265
2020.07.22 13:00:00|6.13|6.13|6.03|6.09|313
2020.07.22 14:00:00|6.07|6.1|6.01|6.07|143
2020.07.22 15:00:00|6.06|6.09|6.01|6.06|185
2020.07.22 16:00:00|6.05|6.1|6.01|6.05|259
2020.07.22 17:00:00|6.06|6.16|6.04|6.14|257
2020.07.22 18:00:00|6.13|6.17|6.13|6.13|176
2020.07.23 10:00:00|6.2|6.21|6.07|6.2|438
2020.07.23 11:00:00|6.18|6.24|6.12|6.14|313
2020.07.23 12:00:00|6.14|6.25|6.14|6.2|206
2020.07.23 13:00:00|6.21|6.21|6.11|6.15|202
2020.07.23 14:00:00|6.12|6.16|6.08|6.13|177
2020.07.23 15:00:00|6.12|6.14|6.06|6.11|218
2020.07.23 16:00:00|6.12|6.15|6.08|6.14|268
2020.07.23 17:00:00|6.1|6.15|6.07|6.13|324
2020.07.23 18:00:00|6.14|6.19|6.1|6.13|202
2020.07.24 10:00:00|6.03|6.06|5.9|5.93|321
2020.07.24 11:00:00|5.94|5.99|5.91|5.97|208
2020.07.24 12:00:00|5.97|5.98|5.91|5.95|209
2020.07.24 13:00:00|5.93|6.03|5.93|5.95|219
2020.07.24 14:00:00|5.95|6|5.93|5.96|188
2020.07.24 15:00:00|5.95|5.97|5.91|5.94|178
2020.07.24 16:00:00|5.94|5.95|5.87|5.89|207
2020.07.24 17:00:00|5.89|5.92|5.85|5.9|188
2020.07.24 18:00:00|5.89|5.9|5.81|5.81|150
2020.07.27 10:00:00|5.33|5.38|4.98|5.17|761
2020.07.27 11:00:00|5.17|5.26|5.13|5.23|462
2020.07.27 12:00:00|5.2|5.25|5.16|5.23|285
2020.07.27 13:00:00|5.19|5.24|5.19|5.21|115
2020.07.27 14:00:00|5.2|5.22|5.13|5.21|123
2020.07.27 15:00:00|5.2|5.28|5.14|5.26|274
2020.07.27 16:00:00|5.25|5.35|5.22|5.33|310
2020.07.27 17:00:00|5.33|5.43|5.3|5.41|483
2020.07.27 18:00:00|5.4|5.46|5.37|5.39|205
2020.07.28 10:00:00|5.43|5.43|5.23|5.28|404
2020.07.28 11:00:00|5.28|5.31|5.25|5.27|254
2020.07.28 12:00:00|5.26|5.29|5.22|5.28|221
2020.07.28 13:00:00|5.27|5.31|5.24|5.29|201
2020.07.28 14:00:00|5.29|5.35|5.26|5.32|200
2020.07.28 15:00:00|5.31|5.33|5.26|5.26|142
2020.07.28 16:00:00|5.26|5.29|5.23|5.26|242
2020.07.28 17:00:00|5.25|5.35|5.25|5.34|390
2020.07.28 18:00:00|5.35|5.45|5.33|5.44|238
2020.07.29 10:00:00|5.51|5.53|5.28|5.32|410
2020.07.29 11:00:00|5.33|5.4|5.3|5.33|254
2020.07.29 12:00:00|5.33|5.37|5.32|5.34|191
2020.07.29 13:00:00|5.35|5.39|5.33|5.37|169
2020.07.29 14:00:00|5.36|5.41|5.32|5.39|171
2020.07.29 15:00:00|5.38|5.39|5.33|5.37|193
2020.07.29 16:00:00|5.38|5.45|5.37|5.42|234
2020.07.29 17:00:00|5.43|5.43|5.37|5.37|204
2020.07.29 18:00:00|5.37|5.39|5.29|5.36|136
2020.07.30 10:00:00|5.34|5.34|5.19|5.23|479
2020.07.30 11:00:00|5.23|5.26|5.13|5.13|466
2020.07.30 12:00:00|5.14|5.25|5.13|5.2|546
2020.07.30 13:00:00|5.2|5.22|5.13|5.15|419
2020.07.30 14:00:00|5.15|5.25|5.13|5.21|169
2020.07.30 15:00:00|5.22|5.23|5.13|5.13|183
2020.07.30 16:00:00|5.15|5.18|5.09|5.1|244
2020.07.30 17:00:00|5.1|5.17|5.08|5.15|288
2020.07.30 18:00:00|5.16|5.19|5.14|5.17|159
2020.07.31 10:00:00|5.15|5.16|4.98|5.07|448
2020.07.31 11:00:00|5.08|5.11|5.06|5.09|281
2020.07.31 12:00:00|5.08|5.1|5.02|5.02|310
2020.07.31 13:00:00|5.02|5.1|5.02|5.09|232
2020.07.31 14:00:00|5.05|5.1|5|5.06|224
2020.07.31 15:00:00|5.06|5.07|5.02|5.06|178
2020.07.31 16:00:00|5.06|5.1|5|5.04|244
2020.07.31 17:00:00|5.04|5.05|4.95|4.97|238
2020.07.31 18:00:00|4.96|4.97|4.88|4.88|282
2020.08.03 10:00:00|4.93|5|4.83|4.89|658
2020.08.03 11:00:00|4.89|5.01|4.88|4.88|422
2020.08.03 12:00:00|4.88|4.94|4.87|4.92|217
2020.08.03 13:00:00|4.93|4.95|4.89|4.92|201
2020.08.03 14:00:00|4.9|4.98|4.9|4.97|234
2020.08.03 15:00:00|4.98|5.01|4.96|5|150
2020.08.03 16:00:00|4.99|5|4.92|4.98|267
2020.08.03 17:00:00|4.95|5.01|4.94|4.97|453
2020.08.03 18:00:00|4.97|5.07|4.96|4.97|281
2020.08.04 10:00:00|5.3|5.52|5.24|5.44|684
2020.08.04 11:00:00|5.42|5.66|5.39|5.6|384
2020.08.04 12:00:00|5.59|5.65|5.49|5.52|312
2020.08.04 13:00:00|5.53|5.58|5.44|5.48|248
2020.08.04 14:00:00|5.48|5.54|5.43|5.48|215
2020.08.04 15:00:00|5.51|5.57|5.48|5.51|253
2020.08.04 16:00:00|5.49|5.52|5.44|5.46|249
2020.08.04 17:00:00|5.46|5.53|5.45|5.53|309
2020.08.04 18:00:00|5.49|5.55|5.38|5.38|201
2020.08.05 10:00:00|5.55|5.95|5.54|5.92|696
2020.08.05 11:00:00|5.92|6|5.84|5.98|398
2020.08.05 12:00:00|5.96|6.01|5.87|5.9|266
2020.08.05 13:00:00|5.89|5.93|5.79|5.85|215
2020.08.05 14:00:00|5.85|5.86|5.79|5.86|146
2020.08.05 15:00:00|5.87|5.89|5.78|5.81|212
2020.08.05 16:00:00|5.8|5.81|5.75|5.79|285
2020.08.05 17:00:00|5.79|5.82|5.77|5.81|252
2020.08.05 18:00:00|5.79|5.85|5.78|5.78|169
2020.08.06 10:00:00|5.72|5.87|5.72|5.78|632
2020.08.06 11:00:00|5.78|5.82|5.72|5.73|447
2020.08.06 12:00:00|5.73|5.75|5.68|5.69|230
2020.08.06 13:00:00|5.69|5.71|5.61|5.63|320
2020.08.06 14:00:00|5.61|5.66|5.58|5.65|213
2020.08.06 15:00:00|5.65|5.77|5.64|5.77|249
2020.08.06 16:00:00|5.75|5.78|5.72|5.77|229
2020.08.06 17:00:00|5.76|5.87|5.76|5.87|235
2020.08.06 18:00:00|5.88|5.91|5.85|5.9|152
2020.08.07 10:00:00|5.73|5.76|5.55|5.6|527
2020.08.07 11:00:00|5.57|5.61|5.53|5.58|267
2020.08.07 12:00:00|5.59|5.61|5.55|5.58|173
2020.08.07 13:00:00|5.59|5.65|5.55|5.65|197
2020.08.07 14:00:00|5.65|5.67|5.63|5.65|158
2020.08.07 15:00:00|5.64|5.69|5.59|5.67|212
2020.08.07 16:00:00|5.66|5.73|5.63|5.71|209
2020.08.07 17:00:00|5.69|5.75|5.68|5.72|239
2020.08.07 18:00:00|5.71|5.75|5.71|5.73|119
2020.08.10 10:00:00|5.75|5.94|5.73|5.89|692
2020.08.10 11:00:00|5.89|5.89|5.8|5.85|370
2020.08.10 12:00:00|5.86|5.94|5.83|5.93|254
2020.08.10 13:00:00|5.94|5.94|5.86|5.9|226
2020.08.10 14:00:00|5.9|5.92|5.82|5.86|218
2020.08.10 15:00:00|5.86|5.9|5.83|5.87|189
2020.08.10 16:00:00|5.88|5.96|5.87|5.96|279
2020.08.10 17:00:00|5.96|6.01|5.95|5.98|320
2020.08.10 18:00:00|5.97|6.04|5.95|6|200
2020.08.11 10:00:00|6.15|6.31|6.15|6.25|584
2020.08.11 11:00:00|6.24|6.39|6.23|6.38|333
2020.08.11 12:00:00|6.37|6.43|6.36|6.4|328
2020.08.11 13:00:00|6.4|6.43|6.35|6.4|303
2020.08.11 14:00:00|6.4|6.46|6.38|6.4|282
2020.08.11 15:00:00|6.39|6.41|6.32|6.37|265
2020.08.11 16:00:00|6.38|6.46|6.35|6.4|373
2020.08.11 17:00:00|6.4|6.45|6.36|6.42|370
2020.08.11 18:00:00|6.43|6.46|6.4|6.41|187
2020.08.12 10:00:00|6.41|6.49|6.24|6.37|831
2020.08.12 11:00:00|6.37|6.42|6.27|6.41|314
2020.08.12 12:00:00|6.42|6.42|6.37|6.41|193
2020.08.12 13:00:00|6.41|6.47|6.41|6.47|181
2020.08.12 14:00:00|6.47|6.47|6.39|6.44|260
2020.08.12 15:00:00|6.45|6.51|6.42|6.47|271
2020.08.12 16:00:00|6.48|6.53|6.41|6.43|264
2020.08.12 17:00:00|6.42|6.45|6.36|6.38|389
2020.08.12 18:00:00|6.37|6.38|6.25|6.3|178
2020.08.13 10:00:00|6.12|6.33|6.08|6.26|597
2020.08.13 11:00:00|6.26|6.28|6.17|6.2|289
2020.08.13 12:00:00|6.2|6.25|6.18|6.23|166
2020.08.13 13:00:00|6.22|6.26|6.2|6.22|175
2020.08.13 14:00:00|6.22|6.23|6.18|6.23|153
2020.08.13 15:00:00|6.23|6.26|6.22|6.24|235
2020.08.13 16:00:00|6.23|6.26|6.17|6.26|286
2020.08.13 17:00:00|6.25|6.28|6.09|6.12|325
2020.08.13 18:00:00|6.12|6.12|6.05|6.08|180
2020.08.14 10:00:00|5.75|5.81|5.59|5.73|546
2020.08.14 11:00:00|5.72|5.72|5.57|5.67|349
2020.08.14 12:00:00|5.65|5.7|5.63|5.66|170
2020.08.14 13:00:00|5.67|5.7|5.6|5.68|163
2020.08.14 14:00:00|5.68|5.7|5.65|5.68|129
2020.08.14 15:00:00|5.68|5.7|5.58|5.6|207
2020.08.14 16:00:00|5.61|5.64|5.58|5.61|301
2020.08.14 17:00:00|5.61|5.69|5.59|5.65|337
2020.08.14 18:00:00|5.65|5.69|5.59|5.6|211
2020.08.17 10:00:00|5.59|5.7|5.43|5.57|623
2020.08.17 11:00:00|5.59|5.69|5.53|5.64|433
2020.08.17 12:00:00|5.65|5.69|5.63|5.66|571
2020.08.17 13:00:00|5.65|5.74|5.62|5.74|371
2020.08.17 14:00:00|5.74|5.74|5.59|5.62|414
2020.08.17 15:00:00|5.62|5.64|5.53|5.55|385
2020.08.17 16:00:00|5.55|5.57|5.44|5.47|346
2020.08.17 17:00:00|5.47|5.47|5.38|5.41|267
2020.08.17 18:00:00|5.41|5.43|5.37|5.39|157
2020.08.18 10:00:00|5.35|5.53|5.27|5.52|522
2020.08.18 11:00:00|5.53|5.66|5.53|5.61|291
2020.08.18 12:00:00|5.61|5.62|5.51|5.61|211
2020.08.18 13:00:00|5.62|5.67|5.61|5.63|154
2020.08.18 14:00:00|5.63|5.7|5.6|5.65|156
2020.08.18 15:00:00|5.63|5.7|5.63|5.68|180
2020.08.18 16:00:00|5.67|5.69|5.6|5.61|199
2020.08.18 17:00:00|5.6|5.63|5.58|5.59|322
2020.08.18 18:00:00|5.59|5.6|5.52|5.53|226
2020.08.19 10:00:00|5.61|5.7|5.48|5.65|524
2020.08.19 11:00:00|5.66|5.66|5.58|5.58|210
2020.08.19 12:00:00|5.58|5.64|5.55|5.58|179
2020.08.19 13:00:00|5.59|5.59|5.53|5.58|185
2020.08.19 14:00:00|5.58|5.6|5.54|5.59|105
2020.08.19 15:00:00|5.59|5.62|5.56|5.59|165
2020.08.19 16:00:00|5.6|5.71|5.56|5.66|216
2020.08.19 17:00:00|5.65|5.72|5.65|5.71|262
2020.08.19 18:00:00|5.7|5.71|5.67|5.67|163
2020.08.20 10:00:00|5.51|5.65|5.48|5.59|354
2020.08.20 11:00:00|5.58|5.6|5.56|5.6|163
2020.08.20 12:00:00|5.59|5.63|5.56|5.58|157
2020.08.20 13:00:00|5.58|5.63|5.57|5.61|144
2020.08.20 14:00:00|5.61|5.62|5.55|5.56|157
2020.08.20 15:00:00|5.55|5.57|5.53|5.55|117
2020.08.20 16:00:00|5.55|5.55|5.5|5.53|143
2020.08.20 17:00:00|5.54|5.56|5.51|5.53|187
2020.08.20 18:00:00|5.52|5.53|5.48|5.48|95
2020.08.21 10:00:00|5.64|5.7|5.57|5.65|505
2020.08.21 11:00:00|5.66|5.66|5.58|5.62|273
2020.08.21 12:00:00|5.63|5.66|5.61|5.65|121
2020.08.21 13:00:00|5.63|5.66|5.6|5.62|108
2020.08.21 14:00:00|5.62|5.69|5.62|5.65|160
2020.08.21 15:00:00|5.64|5.65|5.58|5.61|201
2020.08.21 16:00:00|5.61|5.74|5.61|5.74|312
2020.08.21 17:00:00|5.74|5.75|5.66|5.73|269
