2021.05.24 03:30:00|4024.35|4026.7|4019.15|4024|1742
2021.05.24 04:30:00|4024.05|4028|4019|4019.95|2118
2021.05.24 05:30:00|4019.85|4025.3|4017.7|4024.65|1223
2021.05.24 06:30:00|4024.7|4027.05|4023.9|4023.9|534
2021.05.24 07:30:00|4023.95|4025.6|4022.1|4024.9|480
2021.05.24 08:30:00|4024.85|4027.75|4020.7|4025.55|997
2021.05.24 09:30:00|4025.6|4033.35|4023.05|4033.1|3362
2021.05.24 10:30:00|4033.05|4037.4|4026.65|4030.15|2758
2021.05.24 11:30:00|4030.1|4033.35|4025.55|4029.55|2100
2021.05.24 12:30:00|4029.95|4031.6|4026.6|4031|1219
2021.05.24 13:30:00|4030.9|4031|4024.65|4024.85|794
2021.05.24 14:30:00|4024.9|4025.65|4021.75|4023.6|926
2021.05.24 15:30:00|4023.55|4027.15|4023.1|4025.1|1282
2021.05.24 16:30:00|4025.45|4037|4023.7|4035.75|3335
2021.05.24 17:30:00|4035.85|4043.75|4035.7|4042.85|1874
2021.05.24 18:30:00|4042.95|4045.75|4039.85|4040.65|1186
2021.05.24 19:30:00|4040.75|4043.05|4039.7|4042.65|1766
2021.05.24 20:30:00|4042.75|4047.95|4042|4046.9|911
2021.05.24 21:30:00|4046.95|4050.3|4045.2|4045.95|1275
2021.05.24 22:30:00|4045.85|4046.25|4040.75|4041.7|1065
2021.05.25 03:30:00|4039.35|4049.1|4037.15|4046.45|1203
2021.05.25 04:30:00|4046.3|4049.4|4045|4047.65|1106
2021.05.25 05:30:00|4047.75|4049.9|4045.8|4048.8|511
2021.05.25 06:30:00|4048.75|4050|4046.2|4046.9|241
2021.05.25 07:30:00|4046.85|4052.05|4046.4|4050.85|308
2021.05.25 08:30:00|4050.8|4058.25|4050.6|4054.2|993
2021.05.25 09:30:00|4053.8|4055.7|4044.5|4044.7|4012
2021.05.25 10:30:00|4044.65|4049.65|4041.15|4048.25|3446
2021.05.25 11:30:00|4048.3|4051.3|4045.9|4048|2286
2021.05.25 12:30:00|4047.95|4052.3|4045.7|4048.2|1468
2021.05.25 13:30:00|4048|4052.9|4047.05|4051.35|1351
2021.05.25 14:30:00|4051.4|4052.35|4046.35|4046.75|1387
2021.05.25 15:30:00|4046.7|4048.75|4043.65|4046.75|1364
2021.05.25 16:30:00|4046.7|4052.7|4036.35|4043.25|5574
2021.05.25 17:30:00|4043.3|4044.3|4034.5|4036.65|4427
2021.05.25 18:30:00|4036.7|4041.65|4030.45|4041.55|2367
2021.05.25 19:30:00|4041.6|4042.9|4035.5|4040.55|1286
2021.05.25 20:30:00|4040.5|4040.65|4034.65|4034.85|1905
2021.05.25 21:30:00|4034.8|4037.55|4030.75|4034.5|1768
2021.05.25 22:30:00|4034.45|4037.7|4030.85|4036.7|1837
2021.05.26 03:30:00|4046.95|4050.65|4046.3|4048.45|1448
2021.05.26 04:30:00|4048.7|4052.6|4047.8|4048.55|1446
2021.05.26 05:30:00|4048.6|4051.25|4048.3|4050.6|469
2021.05.26 06:30:00|4050.65|4051.5|4048.8|4050.45|224
2021.05.26 07:30:00|4050.5|4050.5|4048.45|4049.65|279
2021.05.26 08:30:00|4049.7|4050.25|4043.65|4044.75|915
2021.05.26 09:30:00|4044.7|4050.4|4036.05|4038.8|4459
2021.05.26 10:30:00|4039.05|4041.9|4034.65|4037.25|4834
2021.05.26 11:30:00|4037.15|4039.5|4030.9|4038.35|3601
2021.05.26 12:30:00|4038.3|4040.45|4026.7|4030.75|2747
2021.05.26 13:30:00|4030.8|4032.55|4025.45|4027.5|2625
2021.05.26 14:30:00|4027.45|4032.8|4019.45|4031.3|3108
2021.05.26 15:30:00|4031.25|4031.7|4025.9|4027|2890
2021.05.26 16:30:00|4026.95|4030.95|4017.55|4026.7|6259
2021.05.26 17:30:00|4026.6|4030.8|4022.6|4027.45|3359
2021.05.26 18:30:00|4027.5|4032.5|4023.9|4031.7|1400
2021.05.26 19:30:00|4031.75|4033.15|4029|4032.4|1258
2021.05.26 20:30:00|4032.25|4032.3|4025.85|4030.85|1407
2021.05.26 21:30:00|4030.9|4033.55|4029.6|4033.05|1112
2021.05.26 22:30:00|4033.1|4033.8|4027.9|4031.6|1135
2021.05.27 03:30:00|4030.2|4031.65|4024.5|4027.65|1422
2021.05.27 04:30:00|4027.6|4028.8|4022.5|4027.6|1140
2021.05.27 05:30:00|4027.1|4030.55|4025.95|4028.65|633
2021.05.27 06:30:00|4028.7|4032.75|4026.9|4028.6|506
2021.05.27 07:30:00|4028.55|4030.65|4025.85|4027.55|387
2021.05.27 08:30:00|4027.6|4030.85|4025.8|4028|1005
2021.05.27 09:30:00|4027.9|4028.25|4015.35|4024.5|7049
2021.05.27 10:30:00|4024.55|4030.6|4014.95|4029.7|6001
2021.05.27 11:30:00|4029.8|4029.8|4022.65|4024.5|3234
2021.05.27 12:30:00|4023.5|4028.9|4023.5|4026.05|2343
2021.05.27 13:30:00|4026.1|4033.6|4025.8|4031.1|2228
2021.05.27 14:30:00|4031|4046.1|4029.85|4034.75|3102
2021.05.27 15:30:00|4033.8|4048.5|4032.75|4047.35|4543
2021.05.27 16:30:00|4047.45|4052.95|4043.95|4047.5|6085
2021.05.27 17:30:00|4047.55|4051.9|4034.3|4034.3|5404
2021.05.27 18:30:00|4034.35|4041.55|4031.55|4039.8|2263
2021.05.27 19:30:00|4040.35|4041.3|4037.85|4037.95|984
2021.05.27 20:30:00|4037.9|4038.55|4033.55|4035.65|1719
2021.05.27 21:30:00|4035.6|4037.25|4032.9|4036|1611
2021.05.27 22:30:00|4036.2|4042.4|4035.45|4037.5|1229
2021.05.28 03:30:00|4050.5|4051.75|4047.9|4050.95|914
2021.05.28 04:30:00|4050.4|4052|4047.15|4047.2|819
2021.05.28 05:30:00|4047.3|4049.9|4046.95|4049|341
2021.05.28 06:30:00|4048.5|4050.05|4048.3|4048.3|271
2021.05.28 07:30:00|4048.35|4050.7|4047.9|4049.15|263
2021.05.28 08:30:00|4049.1|4049.1|4044.25|4044.95|1288
2021.05.28 09:30:00|4044.9|4050.7|4043.75|4048.55|4808
2021.05.28 10:30:00|4048.45|4054.25|4046|4052.1|3102
2021.05.28 11:30:00|4052.15|4056.95|4051.35|4056.6|2171
2021.05.28 12:30:00|4056.95|4059.8|4049.5|4055.55|1728
2021.05.28 13:30:00|4055.6|4060.95|4055.6|4059.25|1896
2021.05.28 14:30:00|4059.05|4061.55|4057.1|4061.25|1268
2021.05.28 15:30:00|4061.3|4068.65|4059.05|4066.2|1600
2021.05.28 16:30:00|4066.15|4072.15|4062.1|4063.85|5037
2021.05.28 17:30:00|4063.9|4067.55|4062.9|4064.9|2480
2021.05.28 18:30:00|4065.55|4068.1|4064.05|4066.65|1359
2021.05.28 19:30:00|4066.3|4067.7|4062.7|4064.1|803
2021.05.28 20:30:00|4064.05|4066|4063.8|4065.55|865
2021.05.28 21:30:00|4065.25|4065.9|4062.05|4062.05|923
2021.05.28 22:30:00|4062|4065.55|4058|4058|956
2021.05.31 03:30:00|4066.95|4067.15|4062.8|4063.25|1330
2021.05.31 04:30:00|4063.1|4063.25|4058.5|4059.65|1693
2021.05.31 05:30:00|4059.6|4059.75|4056.7|4057.5|744
2021.05.31 06:30:00|4057.45|4058.05|4055.9|4056.45|774
2021.05.31 07:30:00|4056.15|4056.55|4052.55|4054.7|355
2021.05.31 08:30:00|4054.6|4060.55|4052.7|4058.4|883
2021.05.31 09:30:00|4058.35|4067.45|4057.5|4063.75|1497
2021.05.31 10:30:00|4063.8|4066.6|4061.3|4064.55|2424
2021.05.31 11:30:00|4064.5|4064.95|4060.45|4061.75|1260
2021.05.31 12:30:00|4061.65|4061.65|4048.7|4057.4|1766
2021.05.31 13:30:00|4057.35|4060.6|4054.2|4058.6|874
2021.05.31 14:30:00|4058.45|4059.15|4054.35|4056.8|966
2021.05.31 15:30:00|4056.75|4058.5|4052.95|4054.15|621
2021.05.31 16:30:00|4054.2|4055.45|4048.9|4051.75|802
2021.05.31 17:30:00|4051.7|4051.75|4031.6|4032.35|1306
2021.05.31 18:30:00|4032.4|4039.15|4031.35|4034.9|1537
2021.05.31 19:30:00|4034.85|4036.65|4034.45|4035.5|458
2021.05.31 20:30:00|4035.45|4036.8|4034.6|4035.8|220
2021.05.31 21:30:00|4035.75|4037.65|4034.75|4036.45|331
2021.05.31 22:30:00|4036.4|4037.95|4034.5|4035.6|186
2021.06.01 03:30:00|4044.25|4045|4039.05|4039.5|1074
2021.06.01 04:30:00|4039.3|4040.65|4035|4037.35|2097
2021.06.01 05:30:00|4037.5|4041.45|4035.5|4040.65|871
2021.06.01 06:30:00|4040.6|4041.8|4038.95|4039.05|420
2021.06.01 07:30:00|4039|4046|4039|4043.85|758
2021.06.01 08:30:00|4044|4047.9|4042.9|4044.4|1076
2021.06.01 09:30:00|4044.5|4060.6|4042.05|4058.15|5008
2021.06.01 10:30:00|4058.25|4074.95|4056.7|4070.95|5396
2021.06.01 11:30:00|4071|4082.3|4069.8|4081.35|3145
2021.06.01 12:30:00|4081.4|4084.9|4080.15|4084.15|1794
2021.06.01 13:30:00|4084.2|4093.9|4081.4|4091.15|1776
2021.06.01 14:30:00|4091.2|4097.8|4089.65|4094.5|1645
2021.06.01 15:30:00|4094.55|4095.5|4087.55|4089.25|1301
2021.06.01 16:30:00|4089.15|4090.4|4070.45|4079.85|5436
2021.06.01 17:30:00|4080.05|4082.25|4067.2|4068.3|5549
2021.06.01 18:30:00|4068.4|4072.5|4065.7|4069.55|2413
2021.06.01 19:30:00|4069.45|4070.6|4064.9|4065.6|1955
2021.06.01 20:30:00|4065.25|4073.35|4065.15|4073.35|1290
2021.06.01 21:30:00|4073.3|4076.2|4071.35|4072.5|1386
2021.06.01 22:30:00|4072.4|4073.25|4066.75|4069.5|1243
2021.06.02 03:30:00|4072.15|4075|4069.95|4071.75|1230
2021.06.02 04:30:00|4071.7|4075.75|4071.65|4074.7|1448
2021.06.02 05:30:00|4074.65|4075.15|4070.65|4072.65|740
2021.06.02 06:30:00|4072.8|4073.8|4070.85|4070.85|515
2021.06.02 07:30:00|4071|4073.7|4070.75|4071.7|370
2021.06.02 08:30:00|4071.65|4073.9|4066.7|4067.4|907
2021.06.02 09:30:00|4067.25|4081.55|4061.9|4062.05|5597
2021.06.02 10:30:00|4062|4071.65|4059.3|4069.1|5571
2021.06.02 11:30:00|4069.05|4073.35|4064.85|4071.9|3675
2021.06.02 12:30:00|4072.15|4075.05|4070|4073.1|2899
2021.06.02 13:30:00|4073.05|4077.6|4069.7|4072|2172
2021.06.02 14:30:00|4072.05|4074.75|4068.2|4073.55|2292
2021.06.02 15:30:00|4073.6|4080.4|4069.6|4079.9|2025
2021.06.02 16:30:00|4079.85|4080.05|4071.7|4079|4597
2021.06.02 17:30:00|4079.05|4084.6|4076.6|4081.65|3445
2021.06.02 18:30:00|4081.95|4086.7|4078.9|4079.85|1689
2021.06.02 19:30:00|4079.9|4081|4074.9|4076.05|1636
2021.06.02 20:30:00|4075.95|4078.8|4074.7|4078.6|1923
2021.06.02 21:30:00|4078.65|4080.8|4077.8|4079.75|2007
2021.06.02 22:30:00|4079.8|4081.85|4078.1|4080.8|1235
2021.06.03 03:30:00|4088.7|4090.95|4086.7|4088.4|600
2021.06.03 04:30:00|4088.5|4092|4085.4|4086.5|1162
2021.06.03 05:30:00|4086.45|4086.65|4082.7|4082.85|657
2021.06.03 06:30:00|4082.9|4087.65|4082.9|4086.6|303
2021.06.03 07:30:00|4086.65|4087.7|4085.9|4086.75|304
2021.06.03 08:30:00|4086.25|4087.65|4081.95|4082.95|740
2021.06.03 09:30:00|4082.85|4083.8|4075.2|4077.4|4010
2021.06.03 10:30:00|4077.35|4079.9|4072.85|4077.85|2280
2021.06.03 11:30:00|4077.75|4082.6|4075.1|4077.5|2621
2021.06.03 12:30:00|4077.45|4079.95|4064.75|4069.2|2341
2021.06.03 13:30:00|4069.5|4069.6|4053.3|4055.7|4407
2021.06.03 14:30:00|4055.65|4059.15|4047.4|4056.4|5050
2021.06.03 15:30:00|4056.45|4069.05|4056.3|4067.9|3727
2021.06.03 16:30:00|4067.8|4075.3|4059.15|4068.1|9999
2021.06.03 17:30:00|4068.05|4084.55|4067.75|4083.6|5936
2021.06.03 18:30:00|4083.9|4084.1|4073.9|4076.95|3699
2021.06.03 19:30:00|4076.9|4080.7|4073.05|4079.8|3007
2021.06.03 20:30:00|4079.75|4081|4075.15|4075.7|2194
2021.06.03 21:30:00|4075.65|4077.55|4074.05|4076.8|1843
2021.06.03 22:30:00|4076.85|4079.2|4075.4|4077.7|1247
2021.06.04 03:30:00|4064.95|4070.05|4062.95|4068.6|1004
2021.06.04 04:30:00|4068.4|4072.55|4065.95|4071.75|1142
2021.06.04 05:30:00|4071.8|4075.85|4071.1|4075.65|718
2021.06.04 06:30:00|4075.6|4078.75|4075.05|4078|495
2021.06.04 07:30:00|4077.95|4080.05|4073|4077.65|577
2021.06.04 08:30:00|4077.7|4078.35|4072.45|4073.95|1362
2021.06.04 09:30:00|4073.9|4080.85|4073.85|4080.1|4830
2021.06.04 10:30:00|4080.15|4080.85|4071.25|4072.5|2980
2021.06.04 11:30:00|4072.55|4073.65|4067.8|4070|2606
2021.06.04 12:30:00|4069.8|4073.8|4066.1|4071.65|2699
2021.06.04 13:30:00|4071.6|4076.8|4066.1|4074.9|2698
2021.06.04 14:30:00|4074.8|4076.5|4069.55|4071.85|1959
2021.06.04 15:30:00|4071.8|4081.35|4070.4|4080.15|5010
2021.06.04 16:30:00|4080.2|4084.6|4072.4|4084.6|4512
2021.06.04 17:30:00|4084.5|4088.05|4082.4|4086.7|2973
2021.06.04 18:30:00|4086.1|4088.2|4085.2|4088.05|1315
2021.06.04 19:30:00|4088.1|4090.8|4088.05|4088.9|964
2021.06.04 20:30:00|4088.95|4092.2|4088.95|4092.15|1020
2021.06.04 21:30:00|4092.2|4094.15|4091.75|4093.7|856
2021.06.04 22:30:00|4093.65|4093.7|4090.5|4091.6|768
2021.06.07 03:30:00|4084.75|4086.4|4081.15|4085.2|1012
2021.06.07 04:30:00|4085.5|4085.5|4079.2|4081.35|1094
2021.06.07 05:30:00|4081.3|4083.6|4079.45|4082.2|649
2021.06.07 06:30:00|4082.15|4084.1|4081.05|4083.1|325
2021.06.07 07:30:00|4083.15|4083.4|4080.6|4081.5|268
2021.06.07 08:30:00|4081.35|4083.3|4078.9|4082.05|921
2021.06.07 09:30:00|4081.9|4083.85|4065|4081.9|4682
2021.06.07 10:30:00|4082.05|4084.2|4076.6|4083|4557
2021.06.07 11:30:00|4082.95|4088.45|4080.95|4081.9|3078
2021.06.07 12:30:00|4081.95|4092.6|4081|4092.6|1707
2021.06.07 13:30:00|4092.65|4099.05|4091.9|4095.65|1801
2021.06.07 14:30:00|4095.7|4098.15|4092.2|4093.25|2109
2021.06.07 15:30:00|4093.45|4100.1|4093.45|4096.65|1293
2021.06.07 16:30:00|4097.1|4103.25|4096.4|4097.45|4771
2021.06.07 17:30:00|4097.65|4101.15|4095.6|4096.5|3692
2021.06.07 18:30:00|4096.55|4096.7|4090.05|4094.75|1745
2021.06.07 19:30:00|4094.65|4099.45|4094.5|4097.6|783
2021.06.07 20:30:00|4097.55|4098.3|4094.35|4095.75|924
2021.06.07 21:30:00|4095.65|4101.65|4095.5|4100.45|759
2021.06.07 22:30:00|4100.5|4100.65|4096.85|4100.4|740
2021.06.08 03:30:00|4099.5|4106.7|4099.3|4102.6|783
2021.06.08 04:30:00|4102.7|4103.6|4094.3|4094.6|1289
2021.06.08 05:30:00|4094.55|4095.2|4089.4|4092.5|1196
2021.06.08 06:30:00|4092.45|4095.3|4089.65|4094.75|472
2021.06.08 07:30:00|4094.65|4095.7|4093.7|4093.7|516
2021.06.08 08:30:00|4093.65|4094.85|4090.65|4093.65|601
2021.06.08 09:30:00|4093.55|4098.6|4090.9|4097.85|4287
2021.06.08 10:30:00|4097.9|4099.5|4089.85|4091.85|3791
2021.06.08 11:30:00|4091.8|4112.35|4091.25|4107.9|2788
2021.06.08 12:30:00|4107.95|4108.65|4088.45|4089.65|4752
2021.06.08 13:30:00|4089.35|4106.1|4087.8|4106.05|3838
2021.06.08 14:30:00|4106.1|4109.05|4104.25|4107.25|2323
2021.06.08 15:30:00|4107.3|4111.6|4104.95|4109.15|2301
2021.06.08 16:30:00|4108.65|4110.55|4097|4101.05|6392
2021.06.08 17:30:00|4101|4102.35|4091.5|4096.05|4871
2021.06.08 18:30:00|4096.1|4100.35|4092.2|4099.15|2287
2021.06.08 19:30:00|4099.05|4103|4098.25|4101.2|1193
2021.06.08 20:30:00|4100.65|4102.6|4099.55|4102.5|1118
2021.06.08 21:30:00|4102.4|4105.1|4101.25|4104.2|813
2021.06.08 22:30:00|4104.15|4104.5|4100.3|4101.3|816
2021.06.09 03:30:00|4103.2|4106.05|4099.3|4099.55|827
2021.06.09 04:30:00|4099.5|4102|4098.2|4099.45|1074
2021.06.09 05:30:00|4099.95|4102.1|4098.35|4099.1|500
2021.06.09 06:30:00|4099.05|4100|4098|4098.5|268
2021.06.09 07:30:00|4098.45|4101.05|4098.1|4100.45|325
2021.06.09 08:30:00|4100.5|4100.65|4095|4095.85|799
2021.06.09 09:30:00|4095.9|4099.25|4090.8|4095.65|4738
2021.06.09 10:30:00|4095.9|4098.05|4086.4|4088.1|3999
2021.06.09 11:30:00|4087.9|4094.25|4079.7|4085.5|3314
2021.06.09 12:30:00|4085.35|4089.1|4081.45|4083.8|2487
2021.06.09 13:30:00|4083.75|4088.65|4080.2|4080.2|2846
2021.06.09 14:30:00|4079.9|4093.95|4073.9|4090.7|2661
2021.06.09 15:30:00|4090.65|4094.6|4088.55|4092.2|1934
2021.06.09 16:30:00|4092.25|4093.6|4083|4086.3|6853
2021.06.09 17:30:00|4086.25|4098.65|4085.1|4097.3|2875
2021.06.09 18:30:00|4097.4|4097.5|4092.3|4095.35|1547
2021.06.09 19:30:00|4095.45|4097.3|4094.75|4095.65|484
2021.06.09 20:30:00|4095.6|4097.5|4093.3|4097.4|984
2021.06.09 21:30:00|4097.35|4097.45|4093.7|4093.7|569
2021.06.09 22:30:00|4093.6|4095.3|4092.05|4094.2|1082
2021.06.10 03:30:00|4097.9|4101.55|4097.1|4100.2|750
2021.06.10 04:30:00|4100.25|4104|4099.55|4102.7|953
2021.06.10 05:30:00|4102.85|4103.95|4100.35|4101|353
2021.06.10 06:30:00|4101.05|4103.25|4101|4102.6|142
2021.06.10 07:30:00|4102.55|4104.05|4100.15|4100.55|236
2021.06.10 08:30:00|4100.5|4102.85|4097.25|4099.4|759
2021.06.10 09:30:00|4099.5|4102.3|4085.1|4086.4|4968
2021.06.10 10:30:00|4086.45|4091.3|4083.95|4084.9|4701
2021.06.10 11:30:00|4085.2|4095|4084.9|4091.55|3608
2021.06.10 12:30:00|4091.35|4100.25|4089.7|4097.5|3021
2021.06.10 13:30:00|4097.45|4098.9|4082.3|4082.55|2166
2021.06.10 14:30:00|4082.5|4097.5|4076.3|4086.35|3708
2021.06.10 15:30:00|4085.4|4099.8|4079.2|4099.8|5846
2021.06.10 16:30:00|4100.1|4105.4|4093.7|4094.2|6501
2021.06.10 17:30:00|4094.25|4095.6|4085.7|4094.65|5899
2021.06.10 18:30:00|4094.55|4095.7|4089.25|4094.35|2807
2021.06.10 19:30:00|4094.45|4097.15|4094|4095.45|1516
2021.06.10 20:30:00|4095.55|4099.65|4094.35|4099.1|914
2021.06.10 21:30:00|4099.15|4101.6|4097.1|4098.3|1001
2021.06.10 22:30:00|4098.25|4100.7|4096.6|4099.1|835
2021.06.11 03:30:00|4097.65|4102.25|4095|4101.55|728
2021.06.11 04:30:00|4101.6|4102.45|4097.6|4099.3|515
2021.06.11 05:30:00|4099.25|4100.25|4098|4100.05|145
2021.06.11 06:30:00|4100.1|4101.5|4100|4101.4|98
2021.06.11 07:30:00|4101.5|4101.5|4100.1|4100.3|58
2021.06.11 08:30:00|4100.35|4102.2|4094.55|4096.3|627
2021.06.11 09:30:00|4096.2|4102.25|4094.3|4101.05|4617
2021.06.11 10:30:00|4101|4104.15|4099|4102.2|3096
2021.06.11 11:30:00|4102.3|4106.35|4100.7|4106|1672
2021.06.11 12:30:00|4106.05|4110.05|4103.85|4109.15|1994
2021.06.11 13:30:00|4109.35|4122.4|4109.2|4114.05|1886
2021.06.11 14:30:00|4114|4116.85|4109.8|4116.05|2027
2021.06.11 15:30:00|4116.1|4124|4114.9|4121.15|2251
2021.06.11 16:30:00|4120.7|4125.55|4118.6|4124.4|4498
2021.06.11 17:30:00|4124.35|4125.65|4116.5|4123.35|3117
2021.06.11 18:30:00|4123.25|4128.5|4122|4124.6|1029
2021.06.11 19:30:00|4124.5|4127.4|4123.4|4127.1|549
2021.06.11 20:30:00|4127.6|4129.9|4127.1|4129.9|228
2021.06.11 21:30:00|4129.95|4131.45|4129.4|4130.75|349
2021.06.11 22:30:00|4130.8|4138.1|4129.7|4137|519
2021.06.14 03:30:00|4134.7|4137.15|4133.6|4135.65|418
2021.06.14 04:30:00|4135.6|4137.85|4134.75|4137.65|178
2021.06.14 05:30:00|4137.6|4137.9|4135.7|4137.05|182
2021.06.14 06:30:00|4136.95|4137.05|4135.7|4136.1|119
2021.06.14 07:30:00|4136.05|4136.15|4132.7|4133.85|128
2021.06.14 08:30:00|4133.8|4134.75|4129.85|4130.95|536
2021.06.14 09:30:00|4131|4150.3|4129.95|4144.35|5400
2021.06.14 10:30:00|4144.3|4145.35|4135.25|4136.45|3718
2021.06.14 11:30:00|4136.4|4138.5|4129.85|4133.45|2341
2021.06.14 12:30:00|4133.35|4138.8|4130.8|4134.6|1877
2021.06.14 13:30:00|4134.55|4135.9|4125.7|4126.35|1913
2021.06.14 14:30:00|4126.5|4129.95|4124.7|4129|1783
2021.06.14 15:30:00|4128.85|4129.25|4124.65|4128.1|2126
2021.06.14 16:30:00|4128.05|4133.7|4123.7|4132.15|4436
2021.06.14 17:30:00|4132.25|4139.2|4130.95|4134|2605
2021.06.14 18:30:00|4134.05|4134.2|4128.35|4132.9|1089
2021.06.14 19:30:00|4132.75|4133.2|4130.35|4132|531
2021.06.14 20:30:00|4132.05|4134.1|4132|4132.3|453
2021.06.14 21:30:00|4132.2|4136.8|4132.05|4136.7|347
2021.06.14 22:30:00|4136.65|4142.1|4136.1|4141.8|476
2021.06.15 03:30:00|4144.6|4151.4|4144.6|4150.2|856
2021.06.15 04:30:00|4150.15|4150.3|4144.15|4147.2|995
2021.06.15 05:30:00|4147.25|4149.1|4147.05|4148|352
2021.06.15 06:30:00|4147.95|4153.4|4147.8|4151.6|333
2021.06.15 07:30:00|4151.65|4152.3|4150.05|4150.55|283
2021.06.15 08:30:00|4150.6|4151.4|4146.85|4150.25|723
2021.06.15 09:30:00|4150.35|4154.35|4147.3|4153.3|3565
2021.06.15 10:30:00|4153.35|4154.6|4146.5|4148.2|2810
2021.06.15 11:30:00|4148.25|4153.2|4146.35|4153.1|2103
2021.06.15 12:30:00|4152.65|4153.3|4141.25|4144.3|1942
2021.06.15 13:30:00|4144.25|4149.15|4143|4148.15|1529
2021.06.15 14:30:00|4148.1|4151.2|4147.35|4149|1885
2021.06.15 15:30:00|4148.95|4152.2|4144.7|4146.05|1964
2021.06.15 16:30:00|4146.1|4149|4140.15|4142.15|4095
2021.06.15 17:30:00|4142.2|4144.2|4140.2|4142.45|2562
2021.06.15 18:30:00|4142.4|4143.55|4137|4143.25|791
2021.06.15 19:30:00|4143.35|4144|4139.55|4140.6|671
2021.06.15 20:30:00|4140.55|4144.2|4140.4|4143.15|710
2021.06.15 21:30:00|4143|4144.4|4139.9|4140.95|793
2021.06.15 22:30:00|4140.9|4145.8|4139.05|4145.7|1234
2021.06.16 03:30:00|4144.5|4145.85|4143.6|4145.85|156
2021.06.16 04:30:00|4145.6|4145.9|4144.3|4145.35|204
2021.06.16 05:30:00|4145.3|4145.3|4142.6|4143.35|346
2021.06.16 06:30:00|4143.9|4144.15|4142.6|4143.3|273
2021.06.16 07:30:00|4143.8|4143.9|4141.25|4143.15|313
2021.06.16 08:30:00|4143.3|4145.95|4142.95|4145.25|602
2021.06.16 09:30:00|4145.3|4151.05|4142.35|4143.6|4528
2021.06.16 10:30:00|4143.7|4146.6|4137.65|4138|3548
2021.06.16 11:30:00|4137.95|4143.6|4135.95|4136.05|1859
2021.06.16 12:30:00|4136|4150.85|4135.4|4150.15|1699
2021.06.16 13:30:00|4150.2|4153.55|4143.45|4143.55|1688
2021.06.16 14:30:00|4143.7|4145.25|4141.25|4142.25|1551
2021.06.16 15:30:00|4142.3|4149.65|4142.05|4149.4|1564
2021.06.16 16:30:00|4149.6|4151.6|4145.45|4147.05|3810
2021.06.16 17:30:00|4147.1|4152.25|4147.05|4149.25|2101
2021.06.16 18:30:00|4149.35|4151.6|4146.2|4147.25|916
2021.06.16 19:30:00|4147.3|4148.4|4144.25|4144.55|798
2021.06.16 20:30:00|4144.4|4150.2|4135.7|4141.85|7089
2021.06.16 21:30:00|4141.65|4156.2|4133.45|4151.5|10752
2021.06.16 22:30:00|4151.55|4153.55|4144.45|4146.6|2155
2021.06.17 03:30:00|4124.25|4129.35|4122.65|4128.2|1777
2021.06.17 04:30:00|4128.25|4131.5|4127.1|4129.25|1893
2021.06.17 05:30:00|4129.1|4134|4126.45|4133.3|1262
2021.06.17 06:30:00|4133.2|4134.15|4133.1|4134.05|535
2021.06.17 07:30:00|4133.85|4136.15|4133.05|4135.4|566
2021.06.17 08:30:00|4135.95|4136.1|4128.9|4130.05|1735
2021.06.17 09:30:00|4130|4142.75|4125.2|4140.05|4147
2021.06.17 10:30:00|4140.1|4144.2|4134.05|4135.95|2506
2021.06.17 11:30:00|4135.9|4144.05|4130.85|4142.1|1833
2021.06.17 12:30:00|4142.05|4142.55|4138.05|4142.1|1229
2021.06.17 13:30:00|4141.95|4148.3|4136.2|4147.85|1496
2021.06.17 14:30:00|4147.9|4148.5|4137.1|4137.95|3024
2021.06.17 15:30:00|4137.9|4147.05|4137.9|4145.8|2635
2021.06.17 16:30:00|4145.75|4154.85|4145.75|4154.2|6771
2021.06.17 17:30:00|4154.25|4162.65|4149.35|4155.25|4615
2021.06.17 18:30:00|4155.35|4159.65|4141.35|4141.9|5211
2021.06.17 19:30:00|4141.85|4157.8|4140.45|4156.55|4461
2021.06.17 20:30:00|4156.6|4159.65|4155.45|4156.3|1759
2021.06.17 21:30:00|4156.4|4160.45|4154.25|4159.6|1518
2021.06.17 22:30:00|4160.4|4167.2|4159.35|4159.5|1174
2021.06.18 03:30:00|4157.75|4162.15|4156.3|4160.1|864
2021.06.18 04:30:00|4160.05|4164.05|4158.55|4163.35|1134
2021.06.18 05:30:00|4163.15|4163.15|4160.4|4160.55|320
2021.06.18 06:30:00|4160.6|4160.6|4155.3|4155.35|361
2021.06.18 07:30:00|4155.4|4156.7|4155.15|4155.3|171
2021.06.18 08:30:00|4155.25|4157.7|4151.6|4157.65|617
2021.06.18 09:30:00|4157.7|4158.4|4148.25|4156.05|3674
2021.06.18 10:30:00|4156.1|4156.2|4146|4151.15|2901
2021.06.18 11:30:00|4151.1|4159.4|4148.7|4157.4|1885
2021.06.18 12:30:00|4157.55|4163.55|4133.15|4137.3|4287
2021.06.18 13:30:00|4137.2|4142.15|4117.7|4123.55|3958
2021.06.18 14:30:00|4123.5|4123.5|4098.3|4105.45|8129
2021.06.18 15:30:00|4105.55|4105.55|4089.45|4089.5|7598
2021.06.18 16:30:00|4089.55|4100.35|4079.5|4083.65|16523
2021.06.18 17:30:00|4083.6|4092|4074.2|4075.45|10152
2021.06.18 18:30:00|4075.35|4088.75|4072.15|4088.7|3522
2021.06.18 19:30:00|4088.75|4090.8|4082.6|4082.9|1953
2021.06.18 20:30:00|4082.8|4088.9|4081.9|4087.85|2930
2021.06.18 21:30:00|4087.6|4088.4|4080.4|4086.55|2650
2021.06.18 22:30:00|4086.6|4089.55|4077.4|4079.4|2097
2021.06.21 03:30:00|4066.2|4070.1|4060.6|4060.75|1126
2021.06.21 04:30:00|4060.8|4061.65|4041|4044.25|1545
2021.06.21 05:30:00|4044.35|4044.75|4029.35|4032|1398
2021.06.21 06:30:00|4032.05|4043.05|4031.45|4039.1|890
2021.06.21 07:30:00|4039.15|4043.05|4036.1|4037.3|585
2021.06.21 08:30:00|4037.35|4051|4035.65|4050.5|1841
2021.06.21 09:30:00|4050.4|4066.2|4045.85|4049.85|11684
2021.06.21 10:30:00|4049.95|4087.3|4049.7|4078|11222
2021.06.21 11:30:00|4077.95|4102.45|4077.95|4099.75|8190
2021.06.21 12:30:00|4099.7|4106.6|4096.15|4097.9|5370
2021.06.21 13:30:00|4098.15|4104.7|4086.45|4089.5|5144
2021.06.21 14:30:00|4089.55|4102.1|4088.85|4097.35|4582
2021.06.21 15:30:00|4097.4|4101.95|4095.55|4100|3201
2021.06.21 16:30:00|4099.95|4106.7|4094.55|4105.45|8937
2021.06.21 17:30:00|4105.5|4111.5|4102.9|4107.85|3844
2021.06.21 18:30:00|4108.65|4117|4107.4|4115|2191
2021.06.21 19:30:00|4115.05|4115.4|4112.45|4114.4|1045
2021.06.21 20:30:00|4114.8|4122.35|4114|4120.65|984
2021.06.21 21:30:00|4120.6|4123.35|4117.75|4119.95|914
2021.06.21 22:30:00|4119.85|4122.9|4118.3|4122.1|823
2021.06.22 03:30:00|4123.25|4123.55|4113.95|4115.2|1203
2021.06.22 04:30:00|4115.15|4122.4|4115.15|4121.7|1173
2021.06.22 05:30:00|4121.5|4123.35|4121.35|4122.45|727
2021.06.22 06:30:00|4122.35|4123.3|4120.85|4122.65|674
2021.06.22 07:30:00|4122.9|4126.4|4122.45|4123.6|680
2021.06.22 08:30:00|4123.5|4127.85|4119.85|4122.95|1442
2021.06.22 09:30:00|4122.8|4122.85|4094.3|4100.85|8026
2021.06.22 10:30:00|4100.8|4105.85|4090.7|4095.95|9237
2021.06.22 11:30:00|4095.85|4104.65|4089.7|4103.65|7141
2021.06.22 12:30:00|4103.6|4109.6|4093.65|4105.7|6105
2021.06.22 13:30:00|4105.8|4119.1|4104.45|4118.1|6392
2021.06.22 14:30:00|4117.85|4119.5|4113.3|4115.9|5888
2021.06.22 15:30:00|4115.95|4117.35|4104.95|4108.85|4722
2021.06.22 16:30:00|4109.2|4113.4|4103.85|4112.8|10588
2021.06.22 17:30:00|4112.85|4127|4111.35|4125.35|4795
2021.06.22 18:30:00|4125.4|4127.05|4117.05|4120.35|2512
2021.06.22 19:30:00|4120.3|4120.35|4114.75|4118.35|1228
2021.06.22 20:30:00|4118.3|4118.8|4116.55|4118.45|1489
2021.06.22 21:30:00|4118.4|4125.15|4116.75|4124.25|1974
2021.06.22 22:30:00|4124.15|4125.35|4116.3|4118.05|1393
2021.06.23 03:30:00|4120.8|4122.7|4114.85|4120.95|868
2021.06.23 04:30:00|4120.8|4122|4116.7|4120.1|966
2021.06.23 05:30:00|4120.15|4124.7|4120.15|4124.45|494
2021.06.23 06:30:00|4124.5|4124.8|4121.2|4122.65|538
2021.06.23 07:30:00|4122.55|4124.2|4120.05|4120.6|603
2021.06.23 08:30:00|4120.55|4125.55|4118.05|4124.15|1173
2021.06.23 09:30:00|4124.1|4131.55|4111.5|4114.4|5942
2021.06.23 10:30:00|4114.6|4117.6|4102.45|4105.8|8754
2021.06.23 11:30:00|4105.85|4110.25|4091.55|4096.9|6874
2021.06.23 12:30:00|4096.95|4105.65|4094.55|4105.65|5569
2021.06.23 13:30:00|4105.5|4105.6|4083.5|4086.55|6059
2021.06.23 14:30:00|4086.7|4106.75|4084.4|4103.35|5548
2021.06.23 15:30:00|4103.2|4107.95|4102|4102.05|3357
2021.06.23 16:30:00|4102.1|4104.9|4096.4|4096.4|8083
2021.06.23 17:30:00|4096.45|4098.05|4078.5|4081|4765
2021.06.23 18:30:00|4080.9|4080.9|4071.15|4079.15|3090
2021.06.23 19:30:00|4078.85|4082.15|4072.1|4081.85|2085
2021.06.23 20:30:00|4081.8|4083.85|4080.2|4081.75|1169
2021.06.23 21:30:00|4081.7|4084.25|4081.3|4083.7|1203
2021.06.23 22:30:00|4083.65|4083.8|4075.15|4079.35|1288
2021.06.24 03:30:00|4084.25|4087.1|4082.75|4087.05|917
2021.06.24 04:30:00|4086.9|4092.1|4086.2|4091.7|823
2021.06.24 05:30:00|4091.65|4091.7|4086.65|4088.5|614
2021.06.24 06:30:00|4088.55|4091.05|4088.35|4090.3|591
2021.06.24 07:30:00|4090.4|4090.75|4086.85|4087.2|469
2021.06.24 08:30:00|4087.45|4095.45|4086.45|4095.45|1316
2021.06.24 09:30:00|4095.4|4101.9|4087.2|4092|8514
2021.06.24 10:30:00|4092.05|4104.2|4086.8|4102.5|9561
2021.06.24 11:30:00|4102.6|4119.1|4102.45|4113.1|5989
2021.06.24 12:30:00|4113.05|4118.2|4107.2|4113.05|4712
2021.06.24 13:30:00|4112.9|4113.65|4106.35|4110.8|4392
2021.06.24 14:30:00|4110.85|4114.65|4108.1|4110.25|3127
2021.06.24 15:30:00|4110.05|4115.15|4106.65|4114.5|3494
2021.06.24 16:30:00|4114.55|4122.7|4114.15|4122|5380
2021.06.24 17:30:00|4121.95|4124.65|4115.35|4119.7|3572
2021.06.24 18:30:00|4119.9|4124.65|4118.75|4120.7|2671
2021.06.24 19:30:00|4120.8|4126.5|4119.8|4123.2|1832
2021.06.24 20:30:00|4123.15|4125.5|4121.6|4125.15|1260
2021.06.24 21:30:00|4125.2|4125.65|4121.7|4122|1129
2021.06.24 22:30:00|4122.05|4124.75|4119.8|4122.95|1244
2021.06.25 03:30:00|4125.55|4126.5|4122.75|4123.6|935
2021.06.25 04:30:00|4123.7|4128.5|4123.25|4128.15|896
2021.06.25 05:30:00|4128.05|4129.95|4126.4|4129.65|478
2021.06.25 06:30:00|4129.85|4130.15|4127.65|4127.65|473
2021.06.25 07:30:00|4127.35|4129.05|4125.7|4128.1|548
2021.06.25 08:30:00|4128.05|4131.1|4123.6|4124|1248
2021.06.25 09:30:00|4123.95|4125.6|4113.55|4117.3|7555
2021.06.25 10:30:00|4117.15|4119.3|4110.35|4110.9|6232
2021.06.25 11:30:00|4110.95|4112.85|4106.95|4110|3713
2021.06.25 12:30:00|4110.05|4117.9|4109.85|4111.25|4755
2021.06.25 13:30:00|4111.3|4116.35|4111.3|4114.35|3716
2021.06.25 14:30:00|4114.4|4117.05|4108.3|4108.85|2642
2021.06.25 15:30:00|4108.9|4115.9|4108.85|4111.05|2964
2021.06.25 16:30:00|4111.1|4112.2|4102.85|4110.4|5709
2021.06.25 17:30:00|4110.45|4120.9|4109.85|4118.9|2806
2021.06.25 18:30:00|4118.95|4119.9|4113.8|4114.35|1782
2021.06.25 19:30:00|4114.4|4117.9|4114.4|4117|667
2021.06.25 20:30:00|4116.95|4117.15|4114.3|4116.9|794
2021.06.25 21:30:00|4116.95|4119.1|4116.85|4117.75|744
2021.06.25 22:30:00|4117.8|4121.2|4117.2|4118.45|1419
2021.06.28 03:30:00|4115.9|4118.15|4113.45|4113.55|776
2021.06.28 04:30:00|4113.65|4118.1|4113.55|4116.15|669
2021.06.28 05:30:00|4116.1|4118.8|4115.65|4117.2|504
2021.06.28 06:30:00|4117.25|4118.75|4115.8|4116.4|436
2021.06.28 07:30:00|4116.5|4119.65|4116.15|4119.55|557
2021.06.28 08:30:00|4119.5|4119.85|4113.8|4114.15|1234
2021.06.28 09:30:00|4114.2|4123.75|4105.75|4120.65|7229
2021.06.28 10:30:00|4120.9|4121.85|4095.9|4096.75|8756
2021.06.28 11:30:00|4096.8|4105.55|4096.2|4103.15|5678
2021.06.28 12:30:00|4103.05|4105.4|4090|4095|4111
2021.06.28 13:30:00|4094.9|4109|4091.85|4106.15|4237
2021.06.28 14:30:00|4106.2|4114.8|4105.7|4114.3|3399
2021.06.28 15:30:00|4114.25|4116.2|4111.7|4114.15|2502
2021.06.28 16:30:00|4114.2|4115.7|4092.85|4096.45|8072
2021.06.28 17:30:00|4096.2|4096.9|4085.8|4086.2|5330
2021.06.28 18:30:00|4086.3|4094.5|4084.4|4092.15|2666
2021.06.28 19:30:00|4092.1|4093|4088.5|4089.1|1628
2021.06.28 20:30:00|4089.05|4096.95|4089.05|4095.85|1536
2021.06.28 21:30:00|4095.75|4097.2|4093.55|4094.55|1531
2021.06.28 22:30:00|4094.6|4096.45|4093.45|4094.8|737
2021.06.29 03:30:00|4090.85|4093.35|4087.15|4090|753
2021.06.29 04:30:00|4089.9|4089.9|4085.85|4087|1031
2021.06.29 05:30:00|4086.95|4088.8|4086.45|4087.8|531
2021.06.29 06:30:00|4087.95|4092.05|4086.2|4089.85|587
2021.06.29 07:30:00|4089.2|4092.05|4088.25|4091.4|566
2021.06.29 08:30:00|4091.35|4094.55|4089.5|4094.3|1126
2021.06.29 09:30:00|4094.2|4111.65|4086.3|4103.7|10194
2021.06.29 10:30:00|4103.75|4109.15|4101.2|4101.7|9617
2021.06.29 11:30:00|4101.65|4107.85|4097.6|4103.75|7989
2021.06.29 12:30:00|4103.9|4110.05|4102.85|4107.55|6731
2021.06.29 13:30:00|4107.5|4109.8|4105.2|4105.5|4774
2021.06.29 14:30:00|4105.4|4117.25|4102.35|4115.35|4052
2021.06.29 15:30:00|4115.4|4120.95|4114.7|4119.5|3566
2021.06.29 16:30:00|4119.3|4122.35|4111.2|4114.85|8001
2021.06.29 17:30:00|4114.8|4115.9|4104.35|4107.05|4129
2021.06.29 18:30:00|4107|4107.5|4101.9|4103.9|2179
2021.06.29 19:30:00|4103.85|4107.25|4102|4104.4|1233
2021.06.29 20:30:00|4104.35|4104.9|4102.05|4102.3|1321
2021.06.29 21:30:00|4102.2|4102.95|4098.8|4102.45|1581
2021.06.29 22:30:00|4102.35|4105.4|4101|4103.65|1173
2021.06.30 03:30:00|4109.1|4109.55|4103.4|4106.4|837
2021.06.30 04:30:00|4106.35|4107.65|4103.35|4105.3|785
2021.06.30 05:30:00|4104.95|4106.25|4103.05|4105.95|581
2021.06.30 06:30:00|4105.85|4107.55|4105.3|4105.85|477
2021.06.30 07:30:00|4105.75|4108.2|4105.05|4106.6|506
2021.06.30 08:30:00|4106.7|4108.1|4095.4|4098.2|1463
2021.06.30 09:30:00|4097.85|4109.45|4094.2|4099.3|8764
2021.06.30 10:30:00|4099.25|4102.25|4069.75|4071.45|8894
2021.06.30 11:30:00|4071.3|4071.3|4044.05|4055.25|11928
2021.06.30 12:30:00|4055.15|4072.5|4050.05|4070.9|8893
2021.06.30 13:30:00|4070.95|4081.1|4065.45|4076.25|6294
2021.06.30 14:30:00|4076.3|4083.4|4076.1|4077.3|5037
2021.06.30 15:30:00|4077.45|4078.75|4066.6|4070.6|3775
2021.06.30 16:30:00|4070.65|4088.15|4069.7|4077.4|9189
2021.06.30 17:30:00|4077.3|4084.45|4059.15|4066.6|6752
2021.06.30 18:30:00|4066.25|4068.5|4058.65|4058.7|3908
2021.06.30 19:30:00|4058.65|4065.1|4058.05|4065.1|1387
2021.06.30 20:30:00|4065.2|4066.3|4061.7|4065.1|868
2021.06.30 21:30:00|4065.05|4068.4|4064.05|4067.65|1224
2021.06.30 22:30:00|4067.55|4075.05|4065.7|4071.05|1490
2021.07.01 03:30:00|4081.25|4082.65|4079.45|4080.6|800
2021.07.01 04:30:00|4080.75|4081.45|4075.85|4079.45|702
2021.07.01 05:30:00|4079.4|4081.05|4078.35|4080.5|515
2021.07.01 06:30:00|4080.85|4083.1|4080.2|4082.55|524
2021.07.01 07:30:00|4082.7|4082.95|4079.55|4082.3|561
2021.07.01 08:30:00|4082.35|4087.05|4080.1|4086.2|1572
2021.07.01 09:30:00|4086.25|4108.75|4083.6|4106.1|9736
2021.07.01 10:30:00|4106.25|4111.3|4099.9|4102.9|9424
2021.07.01 11:30:00|4103.25|4106.1|4085.3|4090.5|6903
2021.07.01 12:30:00|4090.55|4090.6|4067.3|4068.6|7564
2021.07.01 13:30:00|4068.55|4068.55|4047.55|4057.55|13462
2021.07.01 14:30:00|4057.5|4079.05|4053.5|4066.65|6984
2021.07.01 15:30:00|4066.6|4076.75|4064.05|4076.55|5384
2021.07.01 16:30:00|4076.6|4087.85|4070.05|4074.6|9648
2021.07.01 17:30:00|4074.5|4083.8|4067|4075.2|6876
2021.07.01 18:30:00|4075.6|4077.45|4068|4071.45|2355
2021.07.01 19:30:00|4071.5|4074.95|4069.15|4073.6|1703
2021.07.01 20:30:00|4073.5|4078.25|4071.4|4077.45|2182
2021.07.01 21:30:00|4077.5|4084.4|4077.5|4082.9|1219
2021.07.01 22:30:00|4082.95|4088.6|4080.5|4088.45|1415
2021.07.02 03:30:00|4088.85|4092.6|4086.8|4089.85|838
2021.07.02 04:30:00|4089.9|4091.65|4087.75|4090.15|876
2021.07.02 05:30:00|4090.3|4092.35|4088.4|4089.75|562
2021.07.02 06:30:00|4089.8|4090.3|4086.85|4088.45|396
2021.07.02 07:30:00|4088.65|4089.1|4085.5|4087.3|439
2021.07.02 08:30:00|4087.25|4088.2|4078.45|4080.25|1225
2021.07.02 09:30:00|4080.3|4096.45|4075.3|4096.25|11299
2021.07.02 10:30:00|4096.3|4098.6|4079.45|4083.2|10091
2021.07.02 11:30:00|4083.15|4085|4077.4|4081.5|7271
2021.07.02 12:30:00|4081.2|4092.2|4080.5|4087.25|5956
2021.07.02 13:30:00|4087.2|4087.75|4082.6|4086.3|5202
2021.07.02 14:30:00|4086.2|4088.05|4083.4|4086.35|3808
2021.07.02 15:30:00|4086.15|4097.7|4084.15|4087.55|8334
2021.07.02 16:30:00|4087.6|4088.5|4073.45|4080.15|9045
2021.07.02 17:30:00|4080.1|4081.75|4073.7|4079.2|7171
2021.07.02 18:30:00|4079.4|4084.4|4075.85|4081.6|2997
2021.07.02 19:30:00|4081.55|4084.85|4081.35|4082.9|1033
2021.07.02 20:30:00|4083.1|4084.65|4081.1|4084|846
2021.07.02 21:30:00|4083.9|4084.2|4082.45|4083.5|925
2021.07.02 22:30:00|4083.45|4085.2|4082.3|4083.55|749
2021.07.05 03:30:00|4080.9|4081.55|4076.75|4079.95|808
2021.07.05 04:30:00|4079.75|4080.7|4078.2|4079.65|733
2021.07.05 05:30:00|4080.15|4081.2|4079.35|4079.85|469
2021.07.05 06:30:00|4080.15|4082.05|4079.25|4081.95|429
2021.07.05 07:30:00|4082|4082.9|4078.65|4079.35|439
2021.07.05 08:30:00|4079.3|4080.1|4069.65|4076.25|1223
2021.07.05 09:30:00|4076.2|4081.1|4059.5|4062|10155
2021.07.05 10:30:00|4061.95|4074.8|4053.75|4073.15|9934
2021.07.05 11:30:00|4073.1|4078.7|4069.25|4072.4|7568
2021.07.05 12:30:00|4072.2|4079.25|4071.8|4076.3|6306
2021.07.05 13:30:00|4076.35|4090|4075.6|4088.8|4749
2021.07.05 14:30:00|4088.85|4091|4084.3|4090.55|4077
2021.07.05 15:30:00|4090.6|4093.25|4087.3|4089.8|3669
2021.07.05 16:30:00|4089.5|4090.3|4083.35|4089.75|2936
2021.07.05 17:30:00|4089.8|4090.2|4086.1|4087.25|2207
2021.07.05 18:30:00|4087.45|4089|4083.1|4087.3|1580
2021.07.05 19:30:00|4087.35|4087.55|4083.7|4085.15|636
2021.07.05 20:30:00|4085.1|4086.35|4084.7|4085.3|356
2021.07.05 21:30:00|4085.4|4086.2|4084.55|4085.1|209
2021.07.05 22:30:00|4085.2|4086.8|4084.25|4085.3|283
2021.07.06 03:30:00|4086.4|4093.8|4086.4|4090.75|846
2021.07.06 04:30:00|4090.65|4092.85|4087.8|4091.15|761
2021.07.06 05:30:00|4091.2|4091.4|4086.5|4088.65|563
2021.07.06 06:30:00|4088.6|4088.9|4086.05|4086.85|349
2021.07.06 07:30:00|4086.4|4089.3|4084.1|4084.3|633
2021.07.06 08:30:00|4084.25|4086.3|4073.1|4078.1|1715
2021.07.06 09:30:00|4078|4081.2|4062.45|4077.2|13041
2021.07.06 10:30:00|4077.05|4077.85|4061.4|4071|13936
2021.07.06 11:30:00|4070.95|4074.35|4067.1|4071.15|7440
2021.07.06 12:30:00|4071.1|4076.65|4065.1|4074|7050
2021.07.06 13:30:00|4073.9|4077.8|4071.55|4076.15|5643
2021.07.06 14:30:00|4076|4079.2|4074|4078.55|3995
2021.07.06 15:30:00|4078.45|4083.7|4078.45|4081|3724
2021.07.06 16:30:00|4081.05|4083.35|4050.55|4055.25|11061
2021.07.06 17:30:00|4055.3|4056.2|4035|4043|13512
2021.07.06 18:30:00|4043.05|4051|4037.9|4041.05|6895
2021.07.06 19:30:00|4041.5|4048.05|4036.3|4046|3685
2021.07.06 20:30:00|4045.9|4049.8|4045.35|4049.15|1888
2021.07.06 21:30:00|4049.2|4051.35|4045.4|4051|1924
2021.07.06 22:30:00|4051.1|4052.1|4045.5|4046.15|1572
2021.07.07 03:30:00|4039.3|4049.55|4038.9|4048.95|1639
2021.07.07 04:30:00|4048.9|4050.65|4045.55|4048.4|1544
2021.07.07 05:30:00|4048.45|4051.6|4044.6|4051.05|1262
2021.07.07 06:30:00|4050.95|4052.05|4049.35|4049.45|714
2021.07.07 07:30:00|4049.5|4049.6|4043.45|4045.95|1120
2021.07.07 08:30:00|4046.15|4057.45|4046.1|4055.85|2119
2021.07.07 09:30:00|4055.7|4079.7|4050.45|4074.45|9799
2021.07.07 10:30:00|4074.55|4078.9|4068.35|4073.95|10208
2021.07.07 11:30:00|4074|4076.1|4064.65|4071.6|6801
2021.07.07 12:30:00|4071.65|4076.3|4060.55|4067.6|7284
2021.07.07 13:30:00|4067.5|4069.3|4060.6|4067.1|7417
2021.07.07 14:30:00|4067.15|4070.6|4062.9|4064.5|5513
2021.07.07 15:30:00|4064.4|4068.45|4063.1|4066.95|5349
2021.07.07 16:30:00|4067.15|4077.5|4067|4067.95|13346
2021.07.07 17:30:00|4067.9|4075|4056.6|4074.15|12492
2021.07.07 18:30:00|4074.1|4082.15|4073.1|4078.6|4458
2021.07.07 19:30:00|4078.65|4080.2|4073.5|4073.95|3020
2021.07.07 20:30:00|4074|4079.1|4073.4|4076.2|4702
2021.07.07 21:30:00|4076.25|4083.45|4073.6|4081.45|4116
2021.07.07 22:30:00|4081.4|4083.5|4079.55|4083.5|2182
2021.07.08 03:30:00|4077.55|4078.8|4073.9|4075.4|1201
2021.07.08 04:30:00|4075.45|4078.4|4070.45|4070.45|1508
2021.07.08 05:30:00|4070.4|4070.45|4064.7|4066.1|1338
2021.07.08 06:30:00|4066.05|4067.95|4065.4|4067.45|941
2021.07.08 07:30:00|4067.25|4070.75|4066.35|4069.85|1093
2021.07.08 08:30:00|4069.45|4069.45|4056.8|4060.5|2683
2021.07.08 09:30:00|4060.45|4061.85|4021.45|4031.8|15916
2021.07.08 10:30:00|4031.75|4031.85|3998.5|4002.15|23406
2021.07.08 11:30:00|4002.05|4010.85|3997.3|4004.95|17089
2021.07.08 12:30:00|4004.85|4011.45|3980.9|3982|12965
2021.07.08 13:30:00|3981.95|3991.85|3976.45|3979.8|14162
2021.07.08 14:30:00|3979.85|3982.15|3961.7|3979|10600
2021.07.08 15:30:00|3979.1|3986.9|3968.5|3979.85|10066
2021.07.08 16:30:00|3979.7|3984.45|3959.45|3974.45|26149
2021.07.08 17:30:00|3974.4|3989.9|3959.75|3986.1|22149
2021.07.08 18:30:00|3986.15|4000|3984.95|3998.1|7866
2021.07.08 19:30:00|3998.15|4001|3990.4|3996.4|5341
2021.07.08 20:30:00|3996.5|3997.2|3985.05|3986.5|6131
2021.07.08 21:30:00|3986.4|3988.35|3981.95|3986.8|5833
2021.07.08 22:30:00|3986.95|3992.85|3980.2|3992.25|5004
2021.07.09 03:30:00|3990.95|3991.65|3977.25|3983.2|2456
2021.07.09 04:30:00|3983.15|3984.95|3970.35|3974.3|3055
2021.07.09 05:30:00|3974.25|3990.75|3973.7|3989|2186
2021.07.09 06:30:00|3988.95|3991.55|3986.45|3988.15|1630
2021.07.09 07:30:00|3988.1|4004.5|3984.95|3998.3|2450
2021.07.09 08:30:00|3998.35|4011.5|3996.2|4009.65|3158
2021.07.09 09:30:00|4009.7|4031.65|4006.9|4014.05|12921
2021.07.09 10:30:00|4013.85|4031.65|4013.1|4028.7|15722
2021.07.09 11:30:00|4028.75|4052.3|4028.75|4046.75|9896
2021.07.09 12:30:00|4046.95|4050.25|4029.9|4037.8|12334
2021.07.09 13:30:00|4037.85|4045.05|4037.65|4042.4|7243
2021.07.09 14:30:00|4042.35|4047.15|4038.25|4039.15|7160
2021.07.09 15:30:00|4039.3|4042.7|4036.45|4040.3|6791
2021.07.09 16:30:00|4040.25|4059.15|4035.45|4056.05|11770
2021.07.09 17:30:00|4056.1|4063.75|4054.05|4059.6|7509
2021.07.09 18:30:00|4059.3|4070.05|4059.05|4065.9|2671
2021.07.09 19:30:00|4065.85|4068.75|4063.7|4065.4|1345
2021.07.09 20:30:00|4065.65|4066.7|4064.55|4066.35|730
2021.07.09 21:30:00|4066.4|4070.1|4065.9|4066.95|1258
2021.07.09 22:30:00|4066.85|4068.65|4065.1|4066.7|1264
2021.07.12 03:30:00|4062.6|4066.5|4060.95|4062|1188
2021.07.12 04:30:00|4062.05|4065.05|4060.15|4063.75|1363
2021.07.12 05:30:00|4063.8|4065.1|4060.05|4060.05|1000
2021.07.12 06:30:00|4059.85|4060.55|4058.1|4059.7|446
2021.07.12 07:30:00|4060.3|4061.75|4056.15|4057|622
2021.07.12 08:30:00|4057.05|4064|4056.55|4063.05|1596
2021.07.12 09:30:00|4063.15|4071.7|4055.45|4055.65|12553
2021.07.12 10:30:00|4055.6|4060.3|4042.1|4053.45|12939
2021.07.12 11:30:00|4053.4|4061.85|4050.85|4054.9|8825
2021.07.12 12:30:00|4054.85|4059.7|4046.6|4052|7542
2021.07.12 13:30:00|4051.9|4063.75|4049|4063.15|6304
2021.07.12 14:30:00|4063.2|4070.15|4062.35|4064|4894
2021.07.12 15:30:00|4064.2|4077.4|4063.25|4076|5390
2021.07.12 16:30:00|4076.05|4093.45|4071.75|4089.6|14914
2021.07.12 17:30:00|4089.55|4097.05|4086.3|4095.75|6621
2021.07.12 18:30:00|4095.8|4097.7|4089.2|4095.55|2276
2021.07.12 19:30:00|4095.6|4096.9|4093.6|4096.2|1462
2021.07.12 20:30:00|4096.1|4097.75|4093.7|4097.55|1078
2021.07.12 21:30:00|4097.6|4099.05|4095.15|4097.5|1406
2021.07.12 22:30:00|4097.6|4098.55|4094.2|4097.05|1331
2021.07.13 03:30:00|4099.7|4102|4097.5|4097.55|1047
2021.07.13 04:30:00|4097.15|4101.2|4094.4|4098.6|1733
2021.07.13 05:30:00|4098.55|4100.3|4098.2|4099.75|738
2021.07.13 06:30:00|4099.7|4100.05|4097.35|4098.65|633
2021.07.13 07:30:00|4098.8|4099.45|4096.55|4097.5|704
2021.07.13 08:30:00|4097.75|4098.35|4092.35|4093.8|1896
2021.07.13 09:30:00|4093.75|4098.95|4082.05|4090.2|10184
2021.07.13 10:30:00|4090.25|4092.9|4085.65|4090.45|7995
2021.07.13 11:30:00|4090.3|4091.5|4084.65|4085.2|6301
2021.07.13 12:30:00|4085.25|4090.25|4084.55|4085.2|3822
2021.07.13 13:30:00|4085.05|4091.9|4084.1|4090|3305
2021.07.13 14:30:00|4090.05|4093.7|4087|4087.75|2811
2021.07.13 15:30:00|4087.55|4095.1|4079.25|4095|9361
2021.07.13 16:30:00|4094.55|4096|4087.9|4089.3|10423
2021.07.13 17:30:00|4089.1|4090.15|4081.25|4087.4|5613
2021.07.13 18:30:00|4087.6|4092.75|4086.4|4091.8|1692
2021.07.13 19:30:00|4091.75|4093.4|4085.4|4086.8|1882
2021.07.13 20:30:00|4086.75|4088.7|4083.9|4087.45|5710
2021.07.13 21:30:00|4087.4|4087.75|4083.45|4085.65|4120
2021.07.13 22:30:00|4085.55|4090|4084.75|4089.45|3122
2021.07.14 03:30:00|4088.1|4092.4|4086.65|4089.75|1311
2021.07.14 04:30:00|4089.65|4091.85|4086.25|4089.2|1685
2021.07.14 05:30:00|4089.4|4089.75|4084.2|4084.9|900
2021.07.14 06:30:00|4085|4086.55|4081.15|4083.55|951
2021.07.14 07:30:00|4083.5|4083.95|4081.15|4083.1|964
2021.07.14 08:30:00|4083.05|4086.4|4074.55|4081.5|2155
2021.07.14 09:30:00|4081.45|4085.85|4071.15|4079.25|11558
2021.07.14 10:30:00|4079.4|4091.2|4075.05|4083.3|10352
2021.07.14 11:30:00|4083.2|4089.1|4080.15|4089|6082
2021.07.14 12:30:00|4089.05|4091.1|4083.45|4085|3755
2021.07.14 13:30:00|4084.95|4091.05|4084.75|4088.55|4194
2021.07.14 14:30:00|4088.7|4092.2|4086.4|4087.65|3963
2021.07.14 15:30:00|4087.85|4099.3|4087|4098.75|5299
2021.07.14 16:30:00|4098.6|4102.3|4092.75|4094.35|11489
2021.07.14 17:30:00|4094.3|4099.85|4092.8|4098.7|5191
2021.07.14 18:30:00|4098.65|4100.95|4086|4095.95|5034
2021.07.14 19:30:00|4095.8|4099.1|4091|4092.15|4396
2021.07.14 20:30:00|4092.1|4097.85|4091.7|4095.95|3400
2021.07.14 21:30:00|4096|4096.95|4091.9|4092.45|3130
2021.07.14 22:30:00|4092.25|4094.85|4089.5|4090.35|3602
2021.07.15 03:30:00|4086.15|4087.25|4081.25|4082.5|1705
2021.07.15 04:30:00|4082.65|4089|4082.25|4088.6|2224
2021.07.15 05:30:00|4088.45|4089.2|4084.25|4088.5|1612
2021.07.15 06:30:00|4088.6|4090.45|4087.85|4089.45|834
2021.07.15 07:30:00|4089.15|4089.35|4086.15|4088.5|947
2021.07.15 08:30:00|4088.45|4089.8|4082.45|4083.95|1761
2021.07.15 09:30:00|4083.9|4087.05|4069.35|4073.5|11608
2021.07.15 10:30:00|4073.45|4091.15|4068.45|4089.95|14217
2021.07.15 11:30:00|4089.9|4090|4069.65|4073.7|8279
2021.07.15 12:30:00|4073.65|4078.3|4058.5|4060.2|8470
2021.07.15 13:30:00|4060.45|4068.9|4050.35|4051.9|10645
2021.07.15 14:30:00|4051.85|4068.2|4051.85|4063.05|7986
2021.07.15 15:30:00|4063.1|4068.6|4049.45|4049.85|5529
2021.07.15 16:30:00|4049.7|4060.3|4042.1|4052.85|16392
2021.07.15 17:30:00|4052.9|4057.85|4044.05|4053.4|11636
2021.07.15 18:30:00|4053.35|4057.8|4049.4|4053.4|5419
2021.07.15 19:30:00|4053.3|4053.9|4044.4|4045.85|4599
2021.07.15 20:30:00|4045.7|4045.75|4038.4|4043.85|6800
2021.07.15 21:30:00|4043.9|4049.55|4039.1|4049.35|3962
2021.07.15 22:30:00|4049.45|4054.35|4048.35|4052.35|2018
2021.07.16 03:30:00|4050.15|4051|4040|4047.3|2069
2021.07.16 04:30:00|4047.35|4050.45|4043.9|4044.9|1983
2021.07.16 05:30:00|4045|4050.45|4044.8|4049.95|883
2021.07.16 06:30:00|4050.15|4054.1|4049.95|4052.3|1049
2021.07.16 07:30:00|4052.2|4057.3|4052.2|4055.35|1171
2021.07.16 08:30:00|4055.55|4060.85|4048.6|4059.85|2426
2021.07.16 09:30:00|4059.9|4070.2|4050.35|4062.3|11880
2021.07.16 10:30:00|4062.35|4067.3|4053.25|4055|10791
2021.07.16 11:30:00|4054.85|4065.1|4054.4|4057.35|6561
2021.07.16 12:30:00|4057.4|4060.4|4036|4040.85|8518
2021.07.16 13:30:00|4040.8|4045.4|4039.2|4040.15|6184
2021.07.16 14:30:00|4040.1|4046.9|4036.85|4044.8|4515
2021.07.16 15:30:00|4045.3|4051.35|4044.45|4050.35|4892
2021.07.16 16:30:00|4050|4051.15|4011.8|4012.45|16243
2021.07.16 17:30:00|4012.4|4034|4010.5|4029.25|16487
2021.07.16 18:30:00|4029.1|4038.75|4026.05|4034.5|6019
2021.07.16 19:30:00|4034.55|4036.6|4031.05|4031.55|3529
2021.07.16 20:30:00|4031.6|4031.9|4025.05|4025.15|4587
2021.07.16 21:30:00|4025.05|4027.05|4017.4|4018.7|6366
2021.07.16 22:30:00|4018.75|4021.75|4013.55|4021.3|4005
2021.07.19 03:30:00|4006.6|4007.25|3995.15|4000.2|2157
2021.07.19 04:30:00|4000.15|4000.65|3994.75|3998.75|2670
2021.07.19 05:30:00|3998.95|4002.65|3995.6|4002.6|1694
2021.07.19 06:30:00|4002.65|4003.7|3999.6|4003.65|1250
2021.07.19 07:30:00|4003.6|4003.6|3995.35|4000.25|1707
2021.07.19 08:30:00|4000.35|4003.1|3995.3|3998.7|2488
2021.07.19 09:30:00|3998.35|4003.05|3974.3|3980.85|10422
2021.07.19 10:30:00|3980.9|3988.55|3964.25|3977.65|11328
2021.07.19 11:30:00|3977.6|3978.2|3944.5|3949.8|11107
2021.07.19 12:30:00|3949.7|3960.05|3941.85|3949.7|10316
2021.07.19 13:30:00|3949.65|3952.7|3938.1|3938.75|7891
2021.07.19 14:30:00|3938.65|3938.8|3913.5|3918.95|13235
2021.07.19 15:30:00|3919.05|3931.8|3915.7|3927|9539
2021.07.19 16:30:00|3927.1|3932.55|3900.45|3914.2|34345
2021.07.19 17:30:00|3914.25|3928.8|3899.7|3920.7|25877
2021.07.19 18:30:00|3920.95|3930.05|3916.5|3917.2|15296
2021.07.19 19:30:00|3917|3917.9|3906.65|3910.85|11765
2021.07.19 20:30:00|3910.8|3915.2|3906.4|3914.05|13196
2021.07.19 21:30:00|3913.9|3914.45|3904.4|3907.25|12963
2021.07.19 22:30:00|3907.3|3926.55|3906.25|3926.1|6367
2021.07.20 03:30:00|3939.95|3944.65|3939.2|3944.45|1594
2021.07.20 04:30:00|3944.2|3949.1|3942.65|3948.25|2710
2021.07.20 05:30:00|3948.2|3950.05|3936.1|3936.1|2148
2021.07.20 06:30:00|3936.15|3936.6|3918.4|3921.65|2597
2021.07.20 07:30:00|3921.7|3932.9|3921.25|3932.85|2047
2021.07.20 08:30:00|3932.9|3944.65|3930.7|3940.35|3045
2021.07.20 09:30:00|3940.25|3975.9|3935.25|3971.9|13811
2021.07.20 10:30:00|3971.85|3976.1|3953.5|3966.05|13904
2021.07.20 11:30:00|3965.95|3968|3946.35|3952.5|11429
2021.07.20 12:30:00|3952.45|3952.7|3927|3943.7|12008
2021.07.20 13:30:00|3943.8|3948.1|3924.75|3938.75|10959
2021.07.20 14:30:00|3938.7|3954.75|3938.15|3945.8|7980
2021.07.20 15:30:00|3945.55|3947.2|3923.25|3924.1|8949
2021.07.20 16:30:00|3924.15|3963.3|3917.25|3957|21344
2021.07.20 17:30:00|3956.9|3970.2|3950.8|3952.45|10903
2021.07.20 18:30:00|3952.05|3960.15|3948.65|3956.45|5666
2021.07.20 19:30:00|3956.5|3962|3954.5|3955.35|3634
2021.07.20 20:30:00|3955.4|3963.35|3953.35|3963|2979
2021.07.20 21:30:00|3962.65|3971.15|3960.9|3969.45|3523
2021.07.20 22:30:00|3969.5|3970.8|3962.95|3963.45|2863
2021.07.21 03:30:00|3972.65|3980.05|3971.6|3973.15|2075
2021.07.21 04:30:00|3973.1|3973.35|3952.95|3953.45|2869
2021.07.21 05:30:00|3953.5|3959.45|3951.15|3959.35|2382
2021.07.21 06:30:00|3959.4|3962.05|3954.35|3958.65|1386
2021.07.21 07:30:00|3958.6|3963.15|3949.35|3962.95|1620
2021.07.21 08:30:00|3962.75|3970.2|3959.35|3965.9|2714
2021.07.21 09:30:00|3966.05|3990.95|3961.7|3988.9|17499
2021.07.21 10:30:00|3988.95|4014.15|3987.6|4011.25|13667
2021.07.21 11:30:00|4011.9|4016.05|4000.25|4009.1|11037
2021.07.21 12:30:00|4009.15|4010.7|4001.2|4007.6|7807
2021.07.21 13:30:00|4007.65|4009.2|3997|3998.55|7359
2021.07.21 14:30:00|3998.2|4001.7|3984.7|4000.75|8628
2021.07.21 15:30:00|4000.8|4012.75|4000.4|4010.2|6575
2021.07.21 16:30:00|4010.15|4026.6|4008.3|4015.6|13425
2021.07.21 17:30:00|4015.7|4025.9|4015.1|4023.7|10331
2021.07.21 18:30:00|4023.75|4031.7|4019.45|4029.6|3741
2021.07.21 19:30:00|4029.75|4032.1|4026.6|4031.6|2386
2021.07.21 20:30:00|4031.65|4037.3|4031.1|4035.75|2055
2021.07.21 21:30:00|4035.8|4039.9|4035.6|4036.55|1717
2021.07.21 22:30:00|4036.5|4040.5|4031.45|4039.35|2276
2021.07.22 03:30:00|4037.25|4038.55|4033.85|4036.6|753
2021.07.22 04:30:00|4036.8|4045.4|4036.35|4041.45|996
2021.07.22 05:30:00|4041.5|4042.05|4038.5|4040.1|640
2021.07.22 06:30:00|4040|4040.1|4038.8|4039.1|369
2021.07.22 07:30:00|4039|4040.6|4038.85|4040.25|437
2021.07.22 08:30:00|4040.55|4045.05|4039.05|4041|1594
2021.07.22 09:30:00|4041.1|4063.95|4040.4|4054.55|10077
2021.07.22 10:30:00|4054.6|4063.75|4049.6|4063.55|8207
2021.07.22 11:30:00|4063.45|4065|4057.8|4064.05|4730
2021.07.22 12:30:00|4064.1|4070|4060.05|4066.95|3661
2021.07.22 13:30:00|4067|4075.85|4065.9|4067.7|3600
2021.07.22 14:30:00|4067.65|4073.05|4064.3|4070.15|3778
2021.07.22 15:30:00|4070.1|4070.25|4051.15|4056.7|6889
2021.07.22 16:30:00|4056.9|4065.9|4047.05|4055.55|19589
2021.07.22 17:30:00|4055.45|4064.25|4052.15|4053.6|9833
2021.07.22 18:30:00|4053.35|4058.3|4050.15|4054.65|5042
2021.07.22 19:30:00|4054.55|4062.15|4053.75|4060.65|2264
2021.07.22 20:30:00|4060.85|4066.4|4060|4064.65|1608
2021.07.22 21:30:00|4064.55|4067.3|4063.45|4064.1|1870
2021.07.22 22:30:00|4064|4064|4059|4061.75|1925
2021.07.23 03:30:00|4067.75|4070.55|4066.45|4067.45|714
2021.07.23 04:30:00|4067.6|4069.6|4064.9|4064.95|993
2021.07.23 05:30:00|4064.9|4066.6|4062.95|4063.95|621
2021.07.23 06:30:00|4064.1|4064.45|4061.45|4063.45|276
2021.07.23 07:30:00|4063.4|4065.1|4062.55|4064.2|460
2021.07.23 08:30:00|4064.1|4070.3|4062.55|4069.4|1286
2021.07.23 09:30:00|4069.45|4077|4068.3|4071.3|7960
2021.07.23 10:30:00|4072.85|4082.05|4072.85|4079.5|8039
2021.07.23 11:30:00|4079.45|4090.95|4078|4088.5|3863
2021.07.23 12:30:00|4088.65|4095.95|4088|4093|4027
2021.07.23 13:30:00|4092.9|4099.5|4092.5|4094.5|3105
2021.07.23 14:30:00|4094.55|4100.95|4094.5|4099.75|2906
2021.07.23 15:30:00|4099.8|4102.85|4096|4102.5|2694
2021.07.23 16:30:00|4102.05|4106.15|4097|4104.45|8409
2021.07.23 17:30:00|4104.25|4111.1|4102.5|4109|5473
2021.07.23 18:30:00|4109.15|4111.65|4106|4109.5|2679
2021.07.23 19:30:00|4109.65|4114.85|4108.5|4113.4|1251
2021.07.23 20:30:00|4113.45|4114.05|4108.45|4108.95|1369
2021.07.23 21:30:00|4109|4109.5|4102.65|4104.05|1436
2021.07.23 22:30:00|4104.2|4107.45|4103|4103.55|1183
2021.07.26 03:30:00|4092.15|4095.25|4086.3|4093.2|2178
2021.07.26 04:30:00|4093.25|4096.85|4088.2|4090.25|2463
2021.07.26 05:30:00|4089.9|4090.1|4083.35|4085.95|1378
2021.07.26 06:30:00|4086.2|4087.4|4082.25|4085.1|963
2021.07.26 07:30:00|4085.25|4086.45|4081.5|4081.75|1047
2021.07.26 08:30:00|4081.4|4088.45|4079.75|4086.35|2409
2021.07.26 09:30:00|4086.75|4090.1|4079.25|4081.25|9610
2021.07.26 10:30:00|4081.2|4086.35|4068.9|4073.3|6412
2021.07.26 11:30:00|4073.25|4084.75|4073.25|4083.8|2959
2021.07.26 12:30:00|4083.7|4091.8|4082.3|4091.5|3933
2021.07.26 13:30:00|4091.45|4092.05|4086|4089.05|2905
2021.07.26 14:30:00|4089|4100.9|4088.8|4097.25|3465
2021.07.26 15:30:00|4097.3|4100.95|4092.9|4100.3|3522
2021.07.26 16:30:00|4100.05|4103.45|4095.3|4095.4|9547
2021.07.26 17:30:00|4095.55|4097.8|4092.4|4096.8|4896
2021.07.26 18:30:00|4096.45|4102.3|4093.9|4096.3|2209
2021.07.26 19:30:00|4096.45|4098.9|4094.3|4097.3|1577
2021.07.26 20:30:00|4097.55|4101.15|4096.3|4100.5|1808
2021.07.26 21:30:00|4100.65|4103.25|4100.25|4102.85|937
2021.07.26 22:30:00|4102.8|4103.25|4099.85|4102.85|1023
2021.07.27 03:30:00|4100.1|4100.8|4095.65|4100.75|1505
2021.07.27 04:30:00|4100.8|4102.2|4093.65|4093.65|1880
2021.07.27 05:30:00|4093.75|4099.75|4093.75|4096.2|1805
2021.07.27 06:30:00|4096.3|4098.95|4094.65|4097.15|799
2021.07.27 07:30:00|4097.2|4099.2|4093.65|4095.3|887
2021.07.27 08:30:00|4096.25|4096.25|4087.2|4090.2|2079
2021.07.27 09:30:00|4090.15|4090.2|4065.7|4065.85|11896
2021.07.27 10:30:00|4065.9|4078.75|4052.55|4057.75|15205
2021.07.27 11:30:00|4057.8|4072.85|4057.75|4070.15|8138
2021.07.27 12:30:00|4070.3|4082.9|4069.55|4080.95|5645
2021.07.27 13:30:00|4080.9|4089.7|4080.25|4087.1|4413
2021.07.27 14:30:00|4087.05|4091.95|4072.5|4073.85|4169
2021.07.27 15:30:00|4073.9|4081.65|4067.65|4076.35|5450
2021.07.27 16:30:00|4076.3|4076.3|4059.75|4069.05|18984
2021.07.27 17:30:00|4069.1|4071.45|4061|4063.5|12720
2021.07.27 18:30:00|4063.95|4066.7|4055.15|4061.45|10344
2021.07.27 19:30:00|4061.1|4063|4051.2|4053.7|7333
2021.07.27 20:30:00|4053.55|4064.8|4051.85|4064.35|4310
2021.07.27 21:30:00|4064.25|4072.1|4063.7|4069.7|3449
2021.07.27 22:30:00|4069.65|4078.65|4066.8|4075.25|2518
2021.07.28 03:30:00|4080.4|4086.4|4077|4080|1953
2021.07.28 04:30:00|4079.7|4081.45|4060.55|4068.2|4666
2021.07.28 05:30:00|4068.25|4077.05|4067.6|4072.85|3012
2021.07.28 06:30:00|4072.95|4074.55|4063.5|4063.9|1605
2021.07.28 07:30:00|4063.7|4065|4056.2|4059.95|2165
2021.07.28 08:30:00|4059.85|4076.25|4058.4|4075.6|3338
2021.07.28 09:30:00|4075.55|4077.75|4062|4073.2|12288
2021.07.28 10:30:00|4073.5|4085.5|4067.9|4085.1|8392
2021.07.28 11:30:00|4085.25|4090.2|4083.15|4089.95|5423
2021.07.28 12:30:00|4090|4092.75|4079.9|4085|4187
2021.07.28 13:30:00|4085.05|4088.55|4082|4088.55|4690
2021.07.28 14:30:00|4088.9|4090.9|4079.45|4082.1|4827
2021.07.28 15:30:00|4082.15|4092.3|4081.55|4088.75|4134
2021.07.28 16:30:00|4088.55|4096.15|4084.65|4093.15|12950
2021.07.28 17:30:00|4093.2|4100.1|4092.6|4099.4|7689
2021.07.28 18:30:00|4099.5|4102.6|4097|4098.35|3187
2021.07.28 19:30:00|4098.4|4099.7|4092.5|4093.3|3421
2021.07.28 20:30:00|4093.25|4099.55|4087.45|4097.7|4906
2021.07.28 21:30:00|4097.2|4101.35|4095.65|4095.95|4907
2021.07.28 22:30:00|4096|4098.4|4093.15|4093.65|1699
2021.07.29 03:30:00|4091.6|4094.4|4088.95|4089.75|2018
2021.07.29 04:30:00|4089.7|4090.2|4083.45|4086.3|3639
2021.07.29 05:30:00|4086.15|4092.95|4084.55|4088.45|1950
2021.07.29 06:30:00|4088.4|4091.5|4087.85|4090.75|1108
2021.07.29 07:30:00|4090.65|4094.35|4089.55|4094.35|1190
2021.07.29 08:30:00|4094.05|4104.85|4093.45|4104.85|2234
2021.07.29 09:30:00|4104.8|4120.9|4103.85|4119.35|10806
2021.07.29 10:30:00|4119.15|4119.15|4108.5|4111.65|8492
2021.07.29 11:30:00|4111.6|4116|4109.35|4110.5|3870
2021.07.29 12:30:00|4110.55|4119.2|4110.35|4119.05|4198
2021.07.29 13:30:00|4119.15|4124.7|4115.5|4120.35|3910
2021.07.29 14:30:00|4120.2|4126.45|4117.8|4123.1|2983
2021.07.29 15:30:00|4123.4|4123.6|4116.3|4117.4|4187
2021.07.29 16:30:00|4117.1|4124.4|4115.95|4117.95|10448
2021.07.29 17:30:00|4117.9|4118.6|4112.9|4115.6|4516
2021.07.29 18:30:00|4115.55|4116.7|4110.95|4115.55|1740
2021.07.29 19:30:00|4115.9|4116.55|4113.25|4114.55|983
2021.07.29 20:30:00|4114.5|4115.05|4113.05|4113.5|1371
2021.07.29 21:30:00|4113.4|4113.6|4108.85|4108.95|747
2021.07.29 22:30:00|4109|4111.8|4107.6|4108.05|853
2021.07.30 03:30:00|4096|4097.5|4085.45|4086.6|2727
2021.07.30 04:30:00|4086.9|4094.35|4082.4|4094|2835
2021.07.30 05:30:00|4093.85|4095|4086.4|4087.5|1995
2021.07.30 06:30:00|4087.65|4088.9|4082.9|4082.9|1341
2021.07.30 07:30:00|4082.8|4084.95|4077.4|4080.5|1550
2021.07.30 08:30:00|4080.4|4094.5|4079.95|4088|3428
2021.07.30 09:30:00|4088.4|4093.95|4077.35|4081.45|12903
2021.07.30 10:30:00|4081.35|4106|4076|4099.45|10227
2021.07.30 11:30:00|4099.4|4105.65|4093|4096.95|5902
2021.07.30 12:30:00|4096.9|4100.45|4079|4089.35|7487
2021.07.30 13:30:00|4089.3|4095.1|4086.45|4090.45|5798
2021.07.30 14:30:00|4090.4|4093.3|4086.8|4089.5|4358
2021.07.30 15:30:00|4090|4100.25|4089.05|4097.2|4211
2021.07.30 16:30:00|4097.4|4111.15|4096.3|4101.3|9094
2021.07.30 17:30:00|4101.35|4101.9|4088.1|4090.55|8473
2021.07.30 18:30:00|4090.35|4093.9|4084.7|4090.9|4766
2021.07.30 19:30:00|4090.95|4094.4|4088.95|4091.9|2238
2021.07.30 20:30:00|4091.95|4094.4|4087.75|4088|2057
2021.07.30 21:30:00|4087.95|4092.2|4085.05|4090.25|2880
2021.07.30 22:30:00|4090.35|4091.9|4085.7|4089.95|1883
2021.08.02 03:30:00|4107.7|4111.35|4107.3|4110.4|2191
2021.08.02 04:30:00|4110.2|4110.45|4101.55|4107|2951
2021.08.02 05:30:00|4106.6|4113.55|4106.35|4112.1|1888
2021.08.02 06:30:00|4111.95|4113.35|4110|4112.15|904
2021.08.02 07:30:00|4112.2|4114.15|4110.85|4112.7|1164
2021.08.02 08:30:00|4112.85|4115.9|4108.1|4112.15|1882
2021.08.02 09:30:00|4112.1|4133.15|4111.95|4130.65|7712
2021.08.02 10:30:00|4130.55|4131.9|4111.3|4117.25|8765
2021.08.02 11:30:00|4117.55|4121.75|4113.6|4115.15|5837
2021.08.02 12:30:00|4114.95|4120.5|4106.1|4113.6|5439
2021.08.02 13:30:00|4113.7|4114.05|4093.8|4103.75|6436
2021.08.02 14:30:00|4103.65|4111.95|4103.4|4110.35|4257
2021.08.02 15:30:00|4110.4|4121.05|4103.85|4119.85|4366
2021.08.02 16:30:00|4119.9|4122.9|4111.35|4117.4|12191
2021.08.02 17:30:00|4117.35|4122.35|4113.25|4117.4|6845
2021.08.02 18:30:00|4117.55|4118.1|4102.05|4106.35|4589
2021.08.02 19:30:00|4106.4|4112.2|4105.4|4110.15|2900
2021.08.02 20:30:00|4110.2|4112.25|4106.15|4111.2|2193
2021.08.02 21:30:00|4111.1|4111.75|4102.15|4102.2|2895
2021.08.02 22:30:00|4102.3|4103|4097.25|4101.25|1672
2021.08.03 03:30:00|4116.95|4119.55|4109|4111.75|1658
2021.08.03 04:30:00|4112|4112.05|4101.95|4104.35|3289
2021.08.03 05:30:00|4104.3|4109.5|4102.6|4107.1|2001
2021.08.03 06:30:00|4107.2|4108.7|4101.6|4101.75|955
2021.08.03 07:30:00|4101.8|4112.45|4101.7|4111.55|1696
2021.08.03 08:30:00|4111.75|4117.65|4108.05|4108.45|1985
2021.08.03 09:30:00|4108.55|4114.65|4102.15|4109.45|11730
2021.08.03 10:30:00|4109.25|4119.2|4109.05|4114.95|9278
2021.08.03 11:30:00|4115|4119.7|4113|4116.5|5033
2021.08.03 12:30:00|4116.7|4122|4116.6|4119|3735
2021.08.03 13:30:00|4119.1|4123.45|4118.2|4122.5|3313
2021.08.03 14:30:00|4122.6|4126.6|4109.7|4111.1|3748
2021.08.03 15:30:00|4111.15|4118.5|4109|4118.2|5891
2021.08.03 16:30:00|4118.15|4121.5|4099.8|4110.1|18890
2021.08.03 17:30:00|4110.15|4121.45|4107.65|4116.4|12157
2021.08.03 18:30:00|4116.5|4125.15|4114.45|4119.6|4837
2021.08.03 19:30:00|4119.55|4125.5|4118.6|4123.15|1936
2021.08.03 20:30:00|4123.2|4126.6|4122.4|4125.4|1946
2021.08.03 21:30:00|4125.45|4127.4|4123.3|4126.95|1849
2021.08.03 22:30:00|4126.9|4127.9|4122.95|4125.75|1277
2021.08.04 03:30:00|4120.05|4121.8|4116.7|4120.05|1187
2021.08.04 04:30:00|4119.95|4124.85|4116.5|4123.5|2314
2021.08.04 05:30:00|4123.55|4126.1|4122.4|4125.4|1037
2021.08.04 06:30:00|4125.35|4125.8|4121.9|4123.5|614
2021.08.04 07:30:00|4123.55|4126.85|4123.4|4125.75|826
2021.08.04 08:30:00|4125.7|4134.55|4125.15|4134.55|1461
2021.08.04 09:30:00|4134.5|4142.95|4133.9|4138.55|7375
2021.08.04 10:30:00|4138.65|4143.55|4129|4137|7662
2021.08.04 11:30:00|4137.05|4142.6|4135.35|4140.2|4813
2021.08.04 12:30:00|4139.95|4147.15|4139.1|4142.2|3602
2021.08.04 13:30:00|4142.15|4145.85|4137.35|4137.7|3040
2021.08.04 14:30:00|4137.6|4138|4127.45|4128.8|4886
2021.08.04 15:30:00|4128.75|4132.4|4121.8|4129.05|5473
2021.08.04 16:30:00|4129.1|4147.95|4126.55|4143.45|15625
2021.08.04 17:30:00|4143.5|4146.45|4137.55|4140.75|9191
2021.08.04 18:30:00|4140.5|4145.4|4137.05|4142.45|4486
2021.08.04 19:30:00|4142.4|4144.95|4138.95|4142.95|2128
2021.08.04 20:30:00|4143.05|4145.05|4141.45|4144.1|1121
2021.08.04 21:30:00|4144.05|4145.95|4138.95|4140.15|1592
2021.08.04 22:30:00|4140.1|4140.75|4136.25|4137.15|1250
2021.08.05 03:30:00|4148.6|4148.9|4142.95|4144.4|1097
2021.08.05 04:30:00|4144.55|4148.05|4143.6|4146.2|1723
2021.08.05 05:30:00|4146.15|4147|4143.45|4144.85|964
2021.08.05 06:30:00|4144.9|4145.55|4143.35|4143.95|641
2021.08.05 07:30:00|4143.9|4144.75|4142.45|4142.95|726
2021.08.05 08:30:00|4142.9|4143.35|4138.75|4140.15|1628
2021.08.05 09:30:00|4140.05|4158.6|4134.65|4154.25|8133
2021.08.05 10:30:00|4154.45|4160.2|4149.45|4159.9|5486
2021.08.05 11:30:00|4159.85|4163.5|4157.5|4158.35|4548
2021.08.05 12:30:00|4158.4|4162|4152.7|4154.75|3152
2021.08.05 13:30:00|4154.8|4154.9|4147.7|4149|3579
2021.08.05 14:30:00|4149.05|4160|4148.75|4158.6|3013
2021.08.05 15:30:00|4158.15|4158.3|4153.35|4156.5|3566
2021.08.05 16:30:00|4156.45|4161.5|4152.55|4153|7149
2021.08.05 17:30:00|4153.05|4159.75|4153|4159.4|3694
2021.08.05 18:30:00|4159.35|4161.2|4155|4155.4|1425
2021.08.05 19:30:00|4155.45|4156.4|4153.9|4156.4|713
2021.08.05 20:30:00|4156.35|4159.25|4156|4156.9|393
2021.08.05 21:30:00|4156.5|4156.9|4153.3|4153.5|663
2021.08.05 22:30:00|4153.45|4158.15|4153.3|4158.15|758
2021.08.06 03:30:00|4154.35|4156.2|4148.3|4148.45|1010
2021.08.06 04:30:00|4148.4|4153.8|4147.95|4150.85|1576
2021.08.06 05:30:00|4150.75|4156.25|4150.6|4155.6|761
2021.08.06 06:30:00|4155.7|4156.75|4151.9|4153.25|539
2021.08.06 07:30:00|4153.35|4155.35|4152.65|4154.75|661
2021.08.06 08:30:00|4154.85|4161.5|4153.8|4161.25|1378
2021.08.06 09:30:00|4161.2|4161.85|4152.05|4154.9|6018
2021.08.06 10:30:00|4154.85|4156.35|4151.8|4155.35|3824
2021.08.06 11:30:00|4155.4|4163.8|4155.3|4161.75|2712
2021.08.06 12:30:00|4161.7|4169|4160.9|4167.3|3213
2021.08.06 13:30:00|4167.25|4169.9|4164.55|4167.65|3008
2021.08.06 14:30:00|4167.7|4169.95|4163.9|4164.7|2105
2021.08.06 15:30:00|4165|4178.2|4164.9|4176.75|6921
2021.08.06 16:30:00|4176.8|4181.9|4169.75|4175.55|8862
2021.08.06 17:30:00|4175.65|4176.9|4172.05|4173.9|4795
2021.08.06 18:30:00|4173.95|4176.4|4171.05|4175.9|1735
2021.08.06 19:30:00|4175.85|4176.85|4174.45|4175.4|500
2021.08.06 20:30:00|4175.45|4176.25|4174.4|4174.9|533
2021.08.06 21:30:00|4174.95|4175.45|4171.4|4175.4|663
2021.08.06 22:30:00|4175.35|4176.4|4171.7|4175.7|660
2021.08.09 03:30:00|4160.8|4164.55|4160.8|4162.05|630
2021.08.09 04:30:00|4161.75|4166.65|4161.7|4166.15|1214
2021.08.09 05:30:00|4166.25|4169.2|4166.1|4168.1|549
2021.08.09 06:30:00|4168.05|4168.7|4166.15|4168.1|318
2021.08.09 07:30:00|4168.05|4169.6|4166.95|4168.05|387
2021.08.09 08:30:00|4168.1|4168.65|4160.8|4165.3|1398
2021.08.09 09:30:00|4165.25|4184.05|4163|4178.05|8023
2021.08.09 10:30:00|4178.1|4178.35|4171.3|4174.2|6563
2021.08.09 11:30:00|4174.4|4176.3|4169.85|4170.6|3844
2021.08.09 12:30:00|4170.75|4176.6|4170.2|4174.25|2714
2021.08.09 13:30:00|4174.2|4175.2|4169.9|4174.35|2583
2021.08.09 14:30:00|4174.3|4177.6|4171.05|4173.1|2242
2021.08.09 15:30:00|4173.15|4179.3|4172.6|4179.05|2122
2021.08.09 16:30:00|4178.6|4178.8|4168.1|4176.3|9120
2021.08.09 17:30:00|4176.2|4180.4|4174.9|4179.7|3641
2021.08.09 18:30:00|4179.9|4180.65|4174.75|4177|1797
2021.08.09 19:30:00|4176.95|4180.35|4176.9|4179.45|563
2021.08.09 20:30:00|4179.4|4182.4|4178.5|4182.35|468
2021.08.09 21:30:00|4182.4|4182.85|4177.9|4178.5|690
2021.08.09 22:30:00|4178.65|4181.8|4177.45|4180.95|774
2021.08.10 03:30:00|4180.8|4186.65|4180.75|4183.75|1179
2021.08.10 04:30:00|4183.8|4184.65|4172.15|4173.8|1956
2021.08.10 05:30:00|4173.85|4177.45|4172.4|4175.35|813
2021.08.10 06:30:00|4175.3|4176.1|4174|4174.65|626
2021.08.10 07:30:00|4174.35|4178.1|4174.15|4177.25|583
2021.08.10 08:30:00|4177.35|4180.35|4174.9|4177.85|1178
2021.08.10 09:30:00|4177.9|4188.75|4176.85|4188.45|4694
2021.08.10 10:30:00|4188.4|4189.4|4181.8|4182.8|3341
2021.08.10 11:30:00|4182.5|4184.45|4180.3|4182.15|2218
2021.08.10 12:30:00|4182.2|4187.8|4181.9|4186.9|2037
2021.08.10 13:30:00|4186.85|4188.3|4185.4|4187.2|1866
2021.08.10 14:30:00|4187.15|4187.8|4183.9|4184.95|1448
2021.08.10 15:30:00|4185|4192.7|4184.15|4192.3|2066
2021.08.10 16:30:00|4192.1|4194.45|4189.25|4190.5|5315
2021.08.10 17:30:00|4190.55|4190.6|4184.5|4188.1|5423
2021.08.10 18:30:00|4188.4|4191.5|4185|4190.1|1557
2021.08.10 19:30:00|4190.15|4191.15|4187.6|4189.1|1020
2021.08.10 20:30:00|4189.15|4189.85|4186.65|4189.1|1119
2021.08.10 21:30:00|4189|4192.1|4188.6|4192.1|865
2021.08.10 22:30:00|4192.05|4193.6|4190.4|4193.35|700
2021.08.11 03:30:00|4192.45|4193.7|4189.05|4192.65|982
2021.08.11 04:30:00|4192.6|4195.55|4192.45|4193.95|1854
2021.08.11 05:30:00|4194|4194|4190.95|4190.95|724
2021.08.11 06:30:00|4191.05|4192.1|4189.2|4189.45|595
2021.08.11 07:30:00|4189.4|4190.35|4188.85|4190|647
2021.08.11 08:30:00|4189.95|4190.7|4188.05|4189.85|968
2021.08.11 09:30:00|4189.65|4196.9|4187.6|4189.05|4704
2021.08.11 10:30:00|4188.95|4192.15|4182.45|4191.1|5663
2021.08.11 11:30:00|4191.05|4193.15|4188.85|4191.5|3410
2021.08.11 12:30:00|4191.6|4196.55|4189.95|4195.8|2268
2021.08.11 13:30:00|4195.9|4196.65|4193.3|4193.8|1771
2021.08.11 14:30:00|4193.75|4194.2|4189.35|4190.1|1587
2021.08.11 15:30:00|4190.3|4217.5|4190.3|4210.65|6587
2021.08.11 16:30:00|4210.9|4211.1|4204.7|4207.1|7763
2021.08.11 17:30:00|4207.15|4208.5|4200.1|4203.75|3410
2021.08.11 18:30:00|4203.8|4206.65|4200.7|4206.65|2866
2021.08.11 19:30:00|4206.35|4210.05|4206.15|4209.05|1393
2021.08.11 20:30:00|4209.1|4209.25|4206.3|4208.3|849
2021.08.11 21:30:00|4208.35|4211.8|4207.45|4211.8|590
2021.08.11 22:30:00|4211.6|4212.6|4210.35|4212.25|593
2021.08.12 03:30:00|4210.65|4211.55|4207.55|4208.7|992
2021.08.12 04:30:00|4208.65|4209.1|4206.05|4208.55|1211
2021.08.12 05:30:00|4208.5|4211.05|4206.95|4210.1|718
2021.08.12 06:30:00|4210.05|4210.65|4207.5|4207.8|471
2021.08.12 07:30:00|4207.85|4207.95|4203.6|4203.7|551
2021.08.12 08:30:00|4203.65|4206.15|4200.6|4204.15|1019
2021.08.12 09:30:00|4204.1|4209.45|4199.25|4208.6|5491
2021.08.12 10:30:00|4208.9|4210.6|4205.65|4209|3827
2021.08.12 11:30:00|4208.85|4217.2|4208.85|4215.6|2354
2021.08.12 12:30:00|4215.65|4219.25|4212.85|4215.4|2507
2021.08.12 13:30:00|4215.35|4221.35|4215.05|4219.55|2306
2021.08.12 14:30:00|4219.5|4222.5|4218.95|4219.7|1316
2021.08.12 15:30:00|4219.65|4230.3|4219.55|4228.45|3893
2021.08.12 16:30:00|4228.4|4228.4|4217.5|4222.4|6732
2021.08.12 17:30:00|4222.35|4228.4|4222.35|4225.3|3144
2021.08.12 18:30:00|4225.35|4228.35|4223.85|4227.4|1997
2021.08.12 19:30:00|4227.45|4228.1|4224.8|4225.4|794
2021.08.12 20:30:00|4225.75|4227.9|4224.8|4227.5|631
2021.08.12 21:30:00|4227.55|4228.55|4227.25|4227.9|461
2021.08.12 22:30:00|4227.85|4231.75|4226.35|4227.55|794
2021.08.13 03:30:00|4225.15|4226.05|4220.65|4221.8|1090
2021.08.13 04:30:00|4221.75|4227.15|4221.75|4225.3|1378
2021.08.13 05:30:00|4225.25|4225.4|4221.55|4224.15|984
2021.08.13 06:30:00|4224.2|4226.35|4224.1|4225.8|467
2021.08.13 07:30:00|4225.95|4226.3|4222|4223.2|485
2021.08.13 08:30:00|4223.25|4224.3|4220.25|4221.7|1196
2021.08.13 09:30:00|4221.75|4227.8|4221.25|4224.5|4986
2021.08.13 10:30:00|4224.55|4229.15|4223.15|4227.25|3385
2021.08.13 11:30:00|4227.2|4237.4|4226.8|4231.95|3715
2021.08.13 12:30:00|4231.9|4239.8|4231.7|4233.8|3081
2021.08.13 13:30:00|4233.85|4234.75|4230.9|4233.2|2191
2021.08.13 14:30:00|4233.05|4233.7|4227.3|4229.75|2131
2021.08.13 15:30:00|4229.8|4230.55|4226.7|4226.8|1919
2021.08.13 16:30:00|4226.85|4228.65|4223.15|4224.45|5957
2021.08.13 17:30:00|4224.5|4228.9|4221.4|4228.5|2714
2021.08.13 18:30:00|4228.65|4230.95|4226.65|4227.95|1070
2021.08.13 19:30:00|4227.9|4228.8|4227.35|4227.95|493
2021.08.13 20:30:00|4227.9|4228.95|4225.85|4226|376
2021.08.13 21:30:00|4225.95|4227.25|4224|4225.85|733
