2020.08.21 22:30:00|267.16|267.34|266.63|266.81|5323
2020.08.24 16:30:00|271.67|277.01|270.92|272.57|20194
2020.08.24 17:30:00|272.59|272.62|268.88|269.61|12886
2020.08.24 18:30:00|269.64|270.94|269.3|270.01|7941
2020.08.24 19:30:00|270.01|271.3|269.3|269.8|7115
2020.08.24 20:30:00|269.81|270.37|268.92|269.82|6280
2020.08.24 21:30:00|269.83|270.05|268.57|269.8|6960
2020.08.24 22:30:00|269.8|271.29|269.74|271.23|4716
2020.08.25 16:30:00|270.82|275.35|270|274.03|17340
2020.08.25 17:30:00|274.04|279.44|273.53|278.16|14794
2020.08.25 18:30:00|278.18|279.18|276.87|278.57|10818
2020.08.25 19:30:00|278.57|281.02|277.73|280.87|9330
2020.08.25 20:30:00|280.87|282.74|279.77|282.7|9504
2020.08.25 21:30:00|282.7|282.87|280.5|281.4|10407
2020.08.25 22:30:00|281.41|281.75|280.22|280.56|6398
2020.08.26 16:30:00|284.73|291.51|284.44|291.42|19843
2020.08.26 17:30:00|291.42|299.04|291.3|295.77|20731
2020.08.26 18:30:00|295.77|297.33|290.82|295.16|15570
2020.08.26 19:30:00|295.16|297.06|293.31|296.05|11356
2020.08.26 20:30:00|296.05|302.61|295.57|302.17|14879
2020.08.26 21:30:00|302.17|302.31|296.81|301.72|18786
2020.08.26 22:30:00|301.74|304.43|300.97|303.7|11818
2020.08.27 16:30:00|298.62|300.34|295.66|299.69|23978
2020.08.27 17:30:00|299.69|299.73|296.4|296.56|15194
2020.08.27 18:30:00|296.63|298.89|295.77|295.9|12944
2020.08.27 19:30:00|295.89|296.06|291.82|294.33|17017
2020.08.27 20:30:00|294.34|295.46|292.9|295.27|10732
2020.08.27 21:30:00|295.27|295.52|293.47|294.75|10065
2020.08.27 22:30:00|294.77|295.32|292.83|293.11|8254
2020.08.28 16:30:00|296.5|296.65|292.6|294.03|14786
2020.08.28 17:30:00|294.01|294.01|290.93|293.06|11781
2020.08.28 18:30:00|293.06|294.35|292.81|293.17|7063
2020.08.28 19:30:00|293.18|293.52|291.1|291.23|6737
2020.08.28 20:30:00|291.24|292.59|290.78|292.39|6894
2020.08.28 21:30:00|292.39|292.56|291.13|291.99|6755
2020.08.28 22:30:00|291.96|293.48|291.95|293.46|5606
2020.08.31 16:30:00|293.68|295.47|291.35|293.3|17799
2020.08.31 17:30:00|293.3|294.3|291.4|291.95|13233
2020.08.31 18:30:00|291.94|293.6|291.4|293.47|9409
2020.08.31 19:30:00|293.49|295.29|293.14|293.85|7566
2020.08.31 20:30:00|293.85|294.97|293.76|294.33|6306
2020.08.31 21:30:00|294.33|295.51|294|294.68|7642
2020.08.31 22:30:00|294.66|296.66|293|293|7001
2020.09.01 16:30:00|294.06|301.25|292.46|299.99|17520
2020.09.01 17:30:00|299.97|300.16|295.63|295.92|13844
2020.09.01 18:30:00|295.92|297.1|295.21|296.85|7835
2020.09.01 19:30:00|296.84|297.98|296.74|297.9|6327
2020.09.01 20:30:00|297.88|297.99|295.67|296.58|5271
2020.09.01 21:30:00|296.57|297.15|295.81|295.93|5076
2020.09.01 22:30:00|295.95|296.04|294.2|295.24|6224
2020.09.02 16:30:00|299.09|299.65|294.58|297.77|20834
2020.09.02 17:30:00|297.78|298.1|294.7|295.52|16583
2020.09.02 18:30:00|295.54|298.08|292.84|297.59|15911
2020.09.02 19:30:00|297.6|302.26|297.51|301.39|11269
2020.09.02 20:30:00|301.38|302.06|298.71|301.12|10673
2020.09.02 21:30:00|301.09|303.03|300.25|302.92|11054
2020.09.02 22:30:00|302.9|303.39|301.16|302.47|10123
2020.09.03 16:30:00|296.47|297.2|290.94|292.12|22980
2020.09.03 17:30:00|292.1|292.44|283.38|286.87|25932
2020.09.03 18:30:00|286.87|290.44|286.05|288.44|20885
2020.09.03 19:30:00|288.46|290.38|286.17|290.38|21460
2020.09.03 20:30:00|290.37|291.53|288.42|289.79|18677
2020.09.03 21:30:00|289.74|290.82|284.71|285.24|20010
2020.09.03 22:30:00|285.25|291.82|285.01|291.16|14670
2020.09.04 16:30:00|287.42|288.79|276.32|276.45|26924
2020.09.04 17:30:00|276.45|278.02|270.94|274.96|24230
2020.09.04 18:30:00|274.91|282.43|274.73|281.03|22020
2020.09.04 19:30:00|281.04|283.83|276.98|277.85|18931
2020.09.04 20:30:00|277.86|281.05|277.33|280.88|19487
2020.09.04 21:30:00|280.87|286.9|280.07|286.02|23592
2020.09.04 22:30:00|286.02|286.17|282.32|282.38|14934
2020.09.08 16:30:00|269.97|279.07|269.97|278.08|27104
2020.09.08 17:30:00|278.1|278.65|274.42|274.99|21402
2020.09.08 18:30:00|274.89|275.22|273.05|274.04|16559
2020.09.08 19:30:00|274.03|275.82|273.68|274.02|13179
2020.09.08 20:30:00|274.03|276.15|272.99|273.24|13891
2020.09.08 21:30:00|273.26|273.79|270.66|272.21|19200
2020.09.08 22:30:00|272.22|273.08|270.21|270.72|11292
2020.09.09 16:30:00|275.28|276.26|271.11|275.98|18846
2020.09.09 17:30:00|276.01|277.8|274.91|275.61|15855
2020.09.09 18:30:00|275.62|276.48|274.61|276.13|9759
2020.09.09 19:30:00|276.16|278.26|275.63|277.06|9102
2020.09.09 20:30:00|277.03|277.15|272.51|273.51|12633
2020.09.09 21:30:00|273.52|275.13|273.1|274.99|10810
2020.09.09 22:30:00|275|275.58|273.08|273.51|9970
2020.09.10 16:30:00|273.58|278.92|272.18|278.04|18268
2020.09.10 17:30:00|278|278.89|272.4|277.64|17109
2020.09.10 18:30:00|277.66|277.68|273.1|273.99|13222
2020.09.10 19:30:00|273.94|274.74|272.49|273.9|12645
2020.09.10 20:30:00|273.91|274.42|268.57|268.76|15775
2020.09.10 21:30:00|268.75|270.84|266.95|267.58|20419
2020.09.10 22:30:00|267.58|269.1|266.82|267.52|11599
2020.09.11 16:30:00|270.35|270.88|265.85|269.02|19149
2020.09.11 17:30:00|269.02|270.57|267.53|267.78|14246
2020.09.11 18:30:00|267.73|268.25|265.83|267.2|12816
2020.09.11 19:30:00|267.12|267.21|262.9|263.04|15318
2020.09.11 20:30:00|263.04|265.43|262.42|264.43|15010
2020.09.11 21:30:00|264.42|267.49|264.4|267.33|13738
2020.09.11 22:30:00|267.33|267.67|265.71|266.49|8459
2020.09.14 16:30:00|269.99|276.43|268.41|276.2|20597
2020.09.14 17:30:00|276.2|276.34|273.97|274.39|12831
2020.09.14 18:30:00|274.42|274.57|270.96|271.4|9778
2020.09.14 19:30:00|271.41|271.6|268.61|269.09|11454
2020.09.14 20:30:00|269.07|269.5|267.23|267.94|11300
2020.09.14 21:30:00|267.94|268.13|266.44|266.96|16181
2020.09.14 22:30:00|266.96|267.87|265.5|265.69|10215
2020.09.15 16:30:00|269.75|273.92|268.75|272.57|17203
2020.09.15 17:30:00|272.57|273.15|270.08|271.53|8820
2020.09.15 18:30:00|271.51|272.88|271.27|272.41|8528
2020.09.15 19:30:00|272.41|273.62|272.05|273.31|7442
2020.09.15 20:30:00|273.32|273.36|272.12|272.51|8472
2020.09.15 21:30:00|272.5|273.27|268.96|271.36|13910
2020.09.15 22:30:00|271.36|272.12|269.67|271.84|8641
2020.09.16 16:30:00|268.59|271.85|267.33|268.25|18235
2020.09.16 17:30:00|268.25|269.47|266.25|269.31|12277
2020.09.16 18:30:00|269.36|269.68|265.93|266.38|10243
2020.09.16 19:30:00|266.41|266.49|264.06|264.37|10871
2020.09.16 20:30:00|264.33|266.39|263.45|265.77|13450
2020.09.16 21:30:00|265.78|266.13|261.97|262.2|20467
2020.09.16 22:30:00|262.21|263.79|261.22|262.94|12849
2020.09.17 16:30:00|258.68|260.93|256.16|257.25|23422
2020.09.17 17:30:00|257.25|259.91|256.33|257.66|15172
2020.09.17 18:30:00|257.66|258.21|253.13|253.61|18332
2020.09.17 19:30:00|253.6|254.27|251.33|252.18|17516
2020.09.17 20:30:00|252.18|254.06|251.6|251.85|14174
2020.09.17 21:30:00|251.83|252.34|249.64|251.31|16128
2020.09.17 22:30:00|251.31|254.46|251.08|254.32|10589
2020.09.18 16:30:00|257.66|258.59|254.96|255.47|19994
2020.09.18 17:30:00|255.49|255.55|252.6|254.35|19012
2020.09.18 18:30:00|254.37|255.75|252.47|252.99|16828
2020.09.18 19:30:00|253.01|253.13|250.1|250.13|16952
2020.09.18 20:30:00|250.14|252.43|249.49|252.27|16585
2020.09.18 21:30:00|252.28|253.18|251.79|252.41|15249
2020.09.18 22:30:00|252.41|252.91|251.19|251.76|9969
2020.09.21 16:30:00|246.49|248.44|243.55|244.07|24382
2020.09.21 17:30:00|244.07|246.5|243.82|245.34|15931
2020.09.21 18:30:00|245.32|247.26|244.43|246.83|13351
2020.09.21 19:30:00|246.87|248.98|246.25|248.73|11133
2020.09.21 20:30:00|248.75|249.4|245.8|246.16|14239
2020.09.21 21:30:00|246.18|247.62|245.05|247.16|14451
2020.09.21 22:30:00|247.17|248.29|246.2|247.42|11256
2020.09.22 16:30:00|251.81|251.87|248.08|249.63|19349
2020.09.22 17:30:00|249.63|252.8|247.66|252.58|16472
2020.09.22 18:30:00|252.57|253.91|250.74|252.24|12277
2020.09.22 19:30:00|252.26|252.58|250.64|251.16|10548
2020.09.22 20:30:00|251.16|252.96|250.03|252.4|11413
2020.09.22 21:30:00|252.42|253.88|251.76|253.8|11925
2020.09.22 22:30:00|253.78|254.76|253.45|254.09|9570
2020.09.23 16:30:00|253.91|257.39|253.15|255.18|18130
2020.09.23 17:30:00|255.19|255.78|253.32|253.45|13330
2020.09.23 18:30:00|253.45|253.45|250.65|252.41|12280
2020.09.23 19:30:00|252.4|254.26|251.95|252.92|11005
2020.09.23 20:30:00|252.94|253.07|249.56|250.15|13811
2020.09.23 21:30:00|250.14|250.7|247.6|249.47|20106
2020.09.23 22:30:00|249.47|250.15|247.61|248.47|12258
2020.09.24 16:30:00|247.01|251.28|245.02|248.33|19390
2020.09.24 17:30:00|248.33|250.15|246.93|249.76|18524
2020.09.24 18:30:00|249.77|250.97|249.4|249.68|14242
2020.09.24 19:30:00|249.72|250.17|248.62|249.7|13214
2020.09.24 20:30:00|249.72|251.62|248.69|249.23|15453
2020.09.24 21:30:00|249.21|250.53|247.01|247.4|19141
2020.09.24 22:30:00|247.41|249.7|246.81|248.92|12379
2020.09.25 16:30:00|248.19|248.99|246|248.41|16007
2020.09.25 17:30:00|248.41|250.91|248.41|250.72|14266
2020.09.25 18:30:00|250.72|251.18|249.54|250.01|11091
2020.09.25 19:30:00|250.03|251.08|249.33|250.46|8900
2020.09.25 20:30:00|250.47|253.22|250.37|252.61|9712
2020.09.25 21:30:00|252.63|255.13|252.41|254.35|13005
