2020.02.05 18:30:00|148.89|149.1|148.56|148.94|1309
2020.02.05 19:30:00|148.95|149.54|148.81|149.32|1267
2020.02.05 20:30:00|149.32|150.49|149.32|150.33|1365
2020.02.05 21:30:00|150.33|150.58|150.18|150.32|1379
2020.02.05 22:30:00|150.32|150.34|149.45|149.48|1475
2020.02.06 16:30:00|150.85|151.03|148.43|149.18|2652
2020.02.06 17:30:00|149.16|149.69|148.59|148.66|2356
2020.02.06 18:30:00|148.7|149.28|148.5|149.25|1265
2020.02.06 19:30:00|149.25|149.32|148.73|148.74|1154
2020.02.06 20:30:00|148.71|148.99|148.64|148.84|1049
2020.02.06 21:30:00|148.85|148.98|148.41|148.48|1085
2020.02.06 22:30:00|148.49|148.72|148.21|148.38|929
2020.02.07 16:30:00|146.91|147.86|146.01|147.81|2414
2020.02.07 17:30:00|147.83|148.22|147.25|147.99|1761
2020.02.07 18:30:00|147.98|153.54|147.96|151.72|3145
2020.02.07 19:30:00|151.75|155.6|151.65|154.4|3601
2020.02.07 20:30:00|154.41|154.75|153.15|154.72|2061
2020.02.07 21:30:00|154.72|156.11|154.72|155.97|2182
2020.02.07 22:30:00|155.96|157.16|155.18|155.49|2145
2020.02.10 16:30:00|158.08|159.93|157.98|158.65|3828
2020.02.10 17:30:00|158.71|159.18|157.57|157.61|1765
2020.02.10 18:30:00|157.58|158.54|156.84|157.34|2021
2020.02.10 19:30:00|157.34|157.36|156.48|156.71|1551
2020.02.10 20:30:00|156.77|157.35|156.54|156.74|1092
2020.02.10 21:30:00|156.74|157.12|156.48|156.49|1308
2020.02.10 22:30:00|156.51|156.57|155.92|156.51|1195
2020.02.11 16:30:00|157.6|159.03|156.58|158.45|2544
2020.02.11 17:30:00|158.47|158.73|157.15|157.28|2074
2020.02.11 18:30:00|157.29|157.89|156.78|157.82|1514
2020.02.11 19:30:00|157.82|158.03|157.31|157.51|1087
2020.02.11 20:30:00|157.52|157.85|157.3|157.69|1419
2020.02.11 21:30:00|157.69|158.54|157.62|158.29|1538
2020.02.11 22:30:00|158.29|158.33|157.51|157.59|1334
2020.02.12 16:30:00|159|159.48|157.97|158.5|1854
2020.02.12 17:30:00|158.48|158.84|156.93|157.94|1539
2020.02.12 18:30:00|157.94|158.13|157.07|157.59|956
2020.02.12 19:30:00|157.59|157.95|157.43|157.56|776
2020.02.12 20:30:00|157.51|158.38|157.37|158.08|772
2020.02.12 21:30:00|158.1|158.68|158.07|158.41|926
2020.02.12 22:30:00|158.42|158.63|158.08|158.24|942
2020.02.13 16:30:00|157.23|158.32|156.52|156.84|2086
2020.02.13 17:30:00|156.84|158.4|156.21|158.23|1875
2020.02.13 18:30:00|158.18|159.55|157.6|159.33|1621
2020.02.13 19:30:00|159.33|160.7|159.28|160.64|1757
2020.02.13 20:30:00|160.64|161.46|160.46|161.34|1547
2020.02.13 21:30:00|161.34|161.52|160.3|161.26|1844
2020.02.13 22:30:00|161.26|161.51|160.7|161.41|1350
2020.02.14 16:30:00|159.79|160.9|159.06|159.86|2057
2020.02.14 17:30:00|159.79|160.56|158.94|160.42|1224
2020.02.14 18:30:00|160.42|160.59|158.94|159.07|910
2020.02.14 19:30:00|159.07|159.07|158.23|158.28|1169
2020.02.14 20:30:00|158.25|158.45|157.66|157.9|1133
2020.02.14 21:30:00|157.9|158.52|157.79|158.44|1334
2020.02.14 22:30:00|158.43|158.8|158.28|158.54|937
2020.02.18 16:30:00|158.99|160.55|158.06|158.08|2592
2020.02.18 17:30:00|158.08|158.09|156.43|156.6|2538
2020.02.18 18:30:00|156.61|157.06|156.1|156.52|2408
2020.02.18 19:30:00|156.53|157.57|156.42|157.31|1219
2020.02.18 20:30:00|157.34|157.87|157.23|157.73|1401
2020.02.18 21:30:00|157.72|158.49|157.63|158.05|1665
2020.02.18 22:30:00|158.05|158.33|157.72|158.12|1212
2020.02.19 16:30:00|158.75|159.75|158.55|159.36|1973
2020.02.19 17:30:00|159.41|160.37|159.22|159.7|1698
2020.02.19 18:30:00|159.69|160.24|159.43|160.1|1080
2020.02.19 19:30:00|160.12|160.97|160.08|160.73|992
2020.02.19 20:30:00|160.73|161.24|160.67|161.23|1050
2020.02.19 21:30:00|161.21|161.38|160.65|160.83|1169
2020.02.19 22:30:00|160.82|160.99|160.62|160.81|893
2020.02.20 16:30:00|160.38|161.72|159.23|161.52|2348
2020.02.20 17:30:00|161.48|163.82|161.42|162.22|2742
2020.02.20 18:30:00|162.23|162.68|161.06|161.94|2791
2020.02.20 19:30:00|161.94|163.25|161.72|163.07|2499
2020.02.20 20:30:00|163.07|164.08|162.77|163.85|1876
2020.02.20 21:30:00|163.86|164.85|163.8|164.81|1886
2020.02.20 22:30:00|164.81|164.97|164.48|164.74|1452
2020.02.21 16:30:00|163.08|163.76|161.35|162.12|2809
2020.02.21 17:30:00|162.08|163.05|161.44|162.37|2243
2020.02.21 18:30:00|162.37|163.01|162.17|162.67|1356
2020.02.21 19:30:00|162.67|163.55|162.61|162.81|1273
2020.02.21 20:30:00|162.78|162.99|162.23|162.8|1999
2020.02.21 21:30:00|162.8|163.29|162.59|162.93|1813
2020.02.21 22:30:00|162.92|163.29|162.74|162.96|1426
2020.02.24 16:30:00|155.13|157.33|154.39|154.44|4986
2020.02.24 17:30:00|154.45|155.7|154.33|155.08|3101
2020.02.24 18:30:00|155.09|155.42|154.02|154.13|2935
2020.02.24 19:30:00|154.1|154.39|152.32|153.62|3226
2020.02.24 20:30:00|153.62|154.8|153.13|154.74|3072
2020.02.24 21:30:00|154.75|155.69|154.44|154.98|3240
2020.02.24 22:30:00|154.97|155.55|154.73|154.79|2765
2020.02.25 16:30:00|155.42|155.42|148.8|149.31|4017
2020.02.25 17:30:00|149.32|150.11|147.27|148.11|4676
2020.02.25 18:30:00|148.11|148.64|146.81|146.81|3861
2020.02.25 19:30:00|146.82|147.96|145.88|146.41|4493
2020.02.25 20:30:00|146.44|146.85|144.84|144.86|6214
2020.02.25 21:30:00|144.86|146.69|144.53|145.44|7226
2020.02.25 22:30:00|145.44|146.03|144.6|145.6|4557
2020.02.26 16:30:00|147.6|148.35|146.02|147.81|3872
2020.02.26 17:30:00|147.73|149.05|147.23|147.88|3210
2020.02.26 18:30:00|147.88|148|144.85|145.47|4395
2020.02.26 19:30:00|145.48|146.23|145.07|145.35|3916
2020.02.26 20:30:00|145.34|145.35|143.48|144.31|6964
2020.02.26 21:30:00|144.27|144.91|143.28|144.23|7151
2020.02.26 22:30:00|144.23|144.82|143.92|144.32|3411
2020.02.27 16:30:00|139.73|139.88|136.88|136.93|5244
2020.02.27 17:30:00|136.97|142|136.21|140.93|6083
2020.02.27 18:30:00|140.96|144.65|140.73|143.71|5968
2020.02.27 19:30:00|143.71|145.17|143.09|143.12|6114
2020.02.27 20:30:00|143.13|143.59|141.15|141.99|8378
2020.02.27 21:30:00|142|142|139.86|140.53|6568
2020.02.27 22:30:00|140.53|140.7|138.59|138.7|4160
2020.02.28 16:30:00|134.42|139.16|133.78|134.23|5149
2020.02.28 17:30:00|134.23|138.11|133.98|137.9|5489
2020.02.28 18:30:00|137.91|140.71|137.45|139.19|5550
2020.02.28 19:30:00|139.2|140.47|138.44|139.26|5503
2020.02.28 20:30:00|139.26|139.43|137.52|139.3|5203
2020.02.28 21:30:00|139.31|140.49|137.3|137.3|6901
2020.02.28 22:30:00|137.26|139.81|136.9|139.78|5530
2020.03.02 16:30:00|141.49|141.49|135.32|135.65|4373
2020.03.02 17:30:00|135.65|138.55|134.99|137.97|6014
2020.03.02 18:30:00|137.98|140.13|137.27|138.38|4599
2020.03.02 19:30:00|138.39|139.44|137.35|137.9|4744
2020.03.02 20:30:00|137.9|138.09|136.53|136.54|5788
2020.03.02 21:30:00|136.55|137.21|135.62|137.04|6545
2020.03.02 22:30:00|137.05|139.66|136.92|139.59|4620
2020.03.03 16:30:00|139.14|141.82|136.32|137.78|3776
2020.03.03 17:30:00|137.89|138.95|135.03|135.36|5250
2020.03.03 18:30:00|135.37|136.97|135.14|135.84|5635
2020.03.03 19:30:00|135.85|136.29|133.84|134.41|5969
2020.03.03 20:30:00|134.41|134.81|132.48|134.06|6930
2020.03.03 21:30:00|134.07|135.05|132.24|134.91|7991
2020.03.03 22:30:00|134.91|134.91|132.5|132.71|5838
2020.03.04 16:30:00|134.01|135.23|131.88|134.6|4191
2020.03.04 17:30:00|134.74|134.75|132.28|133.7|4610
2020.03.04 18:30:00|133.71|134.06|132.33|133.37|4577
2020.03.04 19:30:00|133.38|134.9|133.01|134.23|3439
2020.03.04 20:30:00|134.24|135.34|134.16|134.97|3295
2020.03.04 21:30:00|134.97|135.29|134.43|135.2|3808
2020.03.04 22:30:00|135.22|136.2|134.97|136|3919
2020.03.05 16:30:00|131.82|132.76|130.11|131.39|3957
2020.03.05 17:30:00|131.39|132.64|130.59|132.33|3477
2020.03.05 18:30:00|132.33|132.39|129.93|130.34|3511
2020.03.05 19:30:00|130.34|130.7|128.43|129.87|5012
2020.03.05 20:30:00|129.87|130.68|128.77|128.85|4295
2020.03.05 21:30:00|128.85|129.79|128.64|129.16|4987
2020.03.05 22:30:00|129.15|130.02|128.9|129.7|4362
2020.03.06 16:30:00|124.64|128.4|123.48|128.37|4338
2020.03.06 17:30:00|128.37|130.38|126.9|127.23|5308
2020.03.06 18:30:00|127.23|128.18|125.28|125.44|4304
2020.03.06 19:30:00|125.45|128.11|125.32|127.51|4761
2020.03.06 20:30:00|127.5|127.84|126.03|126.2|4129
2020.03.06 21:30:00|126.2|126.28|124.48|125.12|5600
2020.03.06 22:30:00|125.11|127.87|124.82|127.44|5419
2020.03.09 15:30:00|119.26|121.18|118.37|120.35|4133
2020.03.09 16:30:00|120.35|121.11|117.63|119.21|5347
2020.03.09 17:30:00|119.19|120.64|117.53|117.54|5242
2020.03.09 18:30:00|117.56|118.19|116.3|116.36|5474
2020.03.09 19:30:00|116.3|116.42|113.91|113.91|4900
2020.03.09 20:30:00|113.91|116.39|113.51|116.06|6976
2020.03.09 21:30:00|116.02|116.86|115.73|115.82|4702
2020.03.10 15:30:00|120.13|121.27|117.98|118.61|4120
2020.03.10 16:30:00|118.62|119.02|114.74|114.74|4928
2020.03.10 17:30:00|114.74|117.56|113.58|115.89|4238
2020.03.10 18:30:00|115.89|116.68|114.84|116.11|3831
2020.03.10 19:30:00|116.11|117.93|114.73|117.6|3857
2020.03.10 20:30:00|117.73|120.25|117.6|118.75|4940
2020.03.10 21:30:00|118.73|120.3|117.91|120.24|3757
2020.03.11 15:30:00|115.05|117.91|112.78|112.82|4776
2020.03.11 16:30:00|112.81|113.59|111.23|111.85|6541
2020.03.11 17:30:00|111.87|113.97|111.5|112.91|6037
2020.03.11 18:30:00|112.91|113.01|110.5|111.67|6358
2020.03.11 19:30:00|111.69|111.97|109.46|109.74|5422
2020.03.11 20:30:00|109.75|111.06|108.23|109.21|6657
2020.03.11 21:30:00|109.17|110.69|109.03|110.66|4777
2020.03.12 15:30:00|103.49|104.77|99.23999999999999|100.09|5181
2020.03.12 16:30:00|100.17|102.4|99.69|101.33|4679
2020.03.12 17:30:00|101.34|101.9|97.23|98.41|4903
2020.03.12 18:30:00|98.34999999999999|103.11|95.93000000000001|100.29|5529
2020.03.12 19:30:00|100.3|100.66|97.98|98.64|5118
2020.03.12 20:30:00|98.65000000000001|99.42|97.04000000000001|97.17|4599
2020.03.12 21:30:00|97.16|99.20999999999999|97.08|97.47|2504
2020.03.13 15:30:00|101.72|102.46|95.77|98.53|2692
2020.03.13 16:30:00|98.54000000000001|99.06|97.09999999999999|97.31999999999999|2211
2020.03.13 17:30:00|97.31999999999999|98.09|95.73|97.25|2875
2020.03.13 18:30:00|97.23999999999999|101.19|97.11|101.19|2884
2020.03.13 19:30:00|101.19|102.56|99.53|99.86|3085
2020.03.13 20:30:00|99.86|103.02|99.23|102.62|3358
2020.03.13 21:30:00|102.62|106.04|100.74|105.89|3159
2020.03.16 15:30:00|91.12|93.45999999999999|90.58|91.13|3764
2020.03.16 16:30:00|91.14|99.48|91.14|98.22|4366
2020.03.16 17:30:00|98.23999999999999|98.48|95.58|96.04000000000001|3920
2020.03.16 18:30:00|96.23|97.15000000000001|94.63|95.81999999999999|2926
2020.03.16 19:30:00|95.83|95.95999999999999|93.5|94.23999999999999|3188
2020.03.16 20:30:00|94.22|95.36|92.23|92.23999999999999|4793
2020.03.16 21:30:00|92.23|92.34999999999999|90.25|90.67|3665
2020.03.17 15:30:00|92.84|93.45|88.38|91.19|3594
2020.03.17 16:30:00|91.2|94.64|90.59|94.12|5004
2020.03.17 17:30:00|94.18000000000001|99.79000000000001|93.89|98.43000000000001|3477
2020.03.17 18:30:00|98.42|99.52|96.27|96.53|3327
2020.03.17 19:30:00|96.53|96.65000000000001|94.59|95.45999999999999|3305
2020.03.17 20:30:00|95.47|96.33|92.04000000000001|92.06|3559
2020.03.17 21:30:00|92.04000000000001|94.81999999999999|91.58|94.81999999999999|3513
2020.03.18 15:30:00|91.81|100.23|91.48999999999999|94.51000000000001|3360
2020.03.18 16:30:00|94.51000000000001|97.34999999999999|92.34999999999999|92.78|2109
2020.03.18 17:30:00|92.86|95.62|91.79000000000001|95.48|2786
2020.03.18 18:30:00|95.56999999999999|95.61|89.84999999999999|90.43000000000001|2327
2020.03.18 19:30:00|90.44|95.20999999999999|89.51000000000001|95.14|3610
2020.03.18 20:30:00|95.14|100.18|94.04000000000001|96.75|5038
2020.03.18 21:30:00|96.68000000000001|99.75|95.23|99.73999999999999|3482
2020.03.19 15:30:00|98.37|111.32|96.87|111.22|4668
2020.03.19 16:30:00|111.22|114.53|107.24|113.66|4624
2020.03.19 17:30:00|113.66|115.71|107.73|109.21|4223
2020.03.19 18:30:00|109.28|113.85|108.64|112.45|3305
2020.03.19 19:30:00|112.47|113.82|111.48|112.73|3529
2020.03.19 20:30:00|112.75|114.29|109.76|111.23|4448
2020.03.19 21:30:00|111.25|112.22|109.89|111.38|3581
2020.03.20 15:30:00|113.01|116.26|109.83|116.26|3809
2020.03.20 16:30:00|116.27|118.28|111.05|113.18|3214
2020.03.20 17:30:00|113.19|115.06|109.83|110.33|3202
2020.03.20 18:30:00|110.35|112.75|108|109.25|3737
2020.03.20 19:30:00|109.25|111.44|108.3|109|3238
2020.03.20 20:30:00|109.02|109.71|106.32|108.91|4198
2020.03.20 21:30:00|108.98|111.54|108.74|110.6|3480
2020.03.23 15:30:00|111.13|114.31|108.92|112.63|3381
2020.03.23 16:30:00|112.64|113.79|107.77|108.35|3320
2020.03.23 17:30:00|108.35|109.82|106.88|108.25|3566
2020.03.23 18:30:00|108.25|112.19|107.34|110.05|3565
2020.03.23 19:30:00|110.07|111.73|107.89|109.77|3674
2020.03.23 20:30:00|109.79|111.89|108.83|110.67|3789
2020.03.23 21:30:00|110.52|113.86|110.52|111.4|3832
2020.03.24 15:30:00|117.3|119.9|115.98|119.37|3243
2020.03.24 16:30:00|119.37|120.72|117.83|118.78|2822
2020.03.24 17:30:00|118.8|121.33|118.73|120.94|2260
2020.03.24 18:30:00|120.94|121.47|117.21|117.35|2753
2020.03.24 19:30:00|117.35|119.53|115.05|116.88|2695
2020.03.24 20:30:00|116.88|118.64|116.23|118.08|3091
2020.03.24 21:30:00|118.01|120.31|116.58|119.44|3056
2020.03.25 15:30:00|119.78|122.96|114.63|115.34|4022
2020.03.25 16:30:00|115.36|121.76|115.36|120.6|3283
2020.03.25 17:30:00|120.59|124.16|119.24|123.49|2887
2020.03.25 18:30:00|123.5|125.38|122.73|123.47|3239
2020.03.25 19:30:00|123.47|126.48|122.81|123.79|2798
2020.03.25 20:30:00|123.73|124.11|121.73|122.73|3486
2020.03.25 21:30:00|122.86|123.37|117.17|117.67|3956
2020.03.26 15:30:00|118.98|124.93|118.78|122.76|3568
2020.03.26 16:30:00|122.76|125.41|121.73|125.41|3177
2020.03.26 17:30:00|125.41|126.62|123.83|124.83|3223
2020.03.26 18:30:00|124.84|125.78|122.73|123.32|2755
2020.03.26 19:30:00|123.33|124.32|122.23|123.02|2827
2020.03.26 20:30:00|123.03|124.38|121.62|123.76|3212
2020.03.26 21:30:00|123.79|126.19|122.41|125.38|3142
2020.03.27 15:30:00|119.25|120.33|115.73|118.35|3431
2020.03.27 16:30:00|118.36|119.52|117.21|119.1|2376
2020.03.27 17:30:00|119.1|120.79|118.14|120.5|2188
2020.03.27 18:30:00|120.51|122.29|119.75|120.57|1980
2020.03.27 19:30:00|120.56|122.95|120.45|121.58|2513
2020.03.27 20:30:00|121.59|124.02|121.21|123.43|2605
2020.03.27 21:30:00|123.44|123.61|119.85|120.31|2818
2020.03.30 16:30:00|122.07|122.73|118.74|121.85|2454
2020.03.30 17:30:00|121.86|124.23|121.55|123.29|2169
2020.03.30 18:30:00|123.3|123.59|121.73|123.44|2159
2020.03.30 19:30:00|123.45|124.25|122.55|123.97|1830
2020.03.30 20:30:00|123.97|124.06|120.87|121.36|1918
2020.03.30 21:30:00|121.36|125.22|121.21|122.35|2474
2020.03.30 22:30:00|122.36|125.14|121.95|124.08|2638
2020.03.31 16:30:00|121.18|124.15|121.18|121.45|2395
2020.03.31 17:30:00|121.46|122.23|120.91|121.31|2537
2020.03.31 18:30:00|121.23|122.31|120.78|121.38|2025
2020.03.31 19:30:00|121.38|121.55|119.06|119.24|3141
2020.03.31 20:30:00|119.24|120.33|118.98|120.16|1946
2020.03.31 21:30:00|120.16|121.4|119.38|119.4|2454
2020.03.31 22:30:00|119.4|121.59|119.31|120.73|3008
2020.04.01 16:30:00|115.86|118.42|115.06|117.34|2744
2020.04.01 17:30:00|117.36|117.44|115.46|115.52|2250
2020.04.01 18:30:00|115.52|115.64|112.83|113.01|2392
2020.04.01 19:30:00|113.03|113.48|111.94|112.58|2320
2020.04.01 20:30:00|112.56|114.2|112.17|112.74|2093
2020.04.01 21:30:00|112.74|113.32|112.03|112.8|2240
2020.04.01 22:30:00|112.82|113.76|112.25|113.2|3189
2020.04.02 16:30:00|112.59|114.97|111.31|113.23|2738
2020.04.02 17:30:00|113.24|115.22|112.75|113.5|2795
2020.04.02 18:30:00|113.5|115.47|113.32|114.98|1992
2020.04.02 19:30:00|114.99|115.4|113.99|114.04|1807
2020.04.02 20:30:00|114.02|114.48|113.3|114.34|2377
2020.04.02 21:30:00|114.21|114.58|112.81|114.58|2661
2020.04.02 22:30:00|114.59|116.96|114.33|116.15|2852
2020.04.03 16:30:00|115.05|115.45|111.79|111.79|2510
2020.04.03 17:30:00|111.82|111.9|109.6|110.36|2531
2020.04.03 18:30:00|110.36|110.92|107.97|108.2|2142
2020.04.03 19:30:00|108.14|109.83|107.84|108.74|2055
2020.04.03 20:30:00|108.75|109.27|107.94|109.16|1987
2020.04.03 21:30:00|109.16|109.43|108.3|108.66|2529
2020.04.03 22:30:00|108.67|109.45|107.38|108.86|2991
2020.04.06 16:30:00|113|116.8|112.74|115.84|3263
2020.04.06 17:30:00|115.89|116.63|113.97|115.27|2115
2020.04.06 18:30:00|115.27|117.83|115.07|117.46|1685
2020.04.06 19:30:00|117.48|118.73|117.3|118.09|1326
2020.04.06 20:30:00|118.15|118.42|117.61|118.37|1073
2020.04.06 21:30:00|118.41|118.91|117.13|117.32|1691
2020.04.06 22:30:00|117.33|119.48|117.22|118.64|2825
2020.04.07 16:30:00|123.27|124.01|119.54|119.59|3011
2020.04.07 17:30:00|119.6|120.89|118.99|119.81|2908
2020.04.07 18:30:00|119.81|121.36|119.81|120.7|2124
2020.04.07 19:30:00|120.7|121.03|119.76|120.38|2023
2020.04.07 20:30:00|120.39|120.4|117.37|117.93|2031
2020.04.07 21:30:00|117.92|118.35|116.17|116.44|2468
2020.04.07 22:30:00|116.43|117.24|115.48|115.67|3379
2020.04.08 16:30:00|121.6|123.84|119.58|123.04|3606
2020.04.08 17:30:00|123.07|124|121.76|122.88|3076
2020.04.08 18:30:00|122.9|124.85|122.9|124.39|2091
2020.04.08 19:30:00|124.39|125.04|123.62|123.83|2314
2020.04.08 20:30:00|123.9|125.02|123.17|124.61|2146
2020.04.08 21:30:00|124.65|126.59|124.48|126.46|2867
2020.04.08 22:30:00|126.46|126.89|124.92|125.16|3437
2020.04.09 16:30:00|128.87|129.44|126.73|127.62|2705
2020.04.09 17:30:00|127.62|128.29|125.48|126.38|1923
2020.04.09 18:30:00|126.38|128.03|125.78|127.48|1915
2020.04.09 19:30:00|127.48|128.09|127.21|127.78|1644
2020.04.09 20:30:00|127.82|127.97|123.74|123.75|2359
2020.04.09 21:30:00|123.73|124.32|119.88|120.88|3785
2020.04.09 22:30:00|120.89|122.41|120.66|121.94|3245
2020.04.13 16:30:00|124.54|124.54|121.85|122.81|3181
2020.04.13 17:30:00|122.82|122.83|121.47|122.35|2423
2020.04.13 18:30:00|122.35|124.13|121.83|123.51|2188
2020.04.13 19:30:00|123.51|123.67|121.89|122.98|2038
2020.04.13 20:30:00|122.98|123.8|122.81|122.99|2091
2020.04.13 21:30:00|123.01|123.95|122.74|123.48|2025
2020.04.13 22:30:00|123.52|123.8|122.79|123.11|2661
2020.04.14 16:30:00|125.52|126.6|124.93|125.76|2164
2020.04.14 17:30:00|125.76|125.85|121.74|122.78|2045
2020.04.14 18:30:00|122.8|124.43|122.56|124.06|1850
2020.04.14 19:30:00|124.07|124.6|123.6|123.78|1257
2020.04.14 20:30:00|123.79|124.98|123.43|124.41|1377
2020.04.14 21:30:00|124.45|124.81|123.85|124.81|1361
2020.04.14 22:30:00|124.77|125.51|124.58|124.78|1762
2020.04.15 16:30:00|120.24|120.79|118.87|119.56|2935
2020.04.15 17:30:00|119.33|119.76|117.95|118.39|2062
2020.04.15 18:30:00|118.43|119.36|117.85|119.26|1768
2020.04.15 19:30:00|119.26|120.09|118.95|119.37|1466
2020.04.15 20:30:00|119.37|120.26|118.94|119.91|1601
2020.04.15 21:30:00|119.92|120.51|119.24|119.47|1980
2020.04.15 22:30:00|119.47|120.06|119.33|119.57|1988
2020.04.16 16:30:00|119.51|120.45|117.5|118.56|2300
2020.04.16 17:30:00|118.56|119.5|118.04|118.39|1690
2020.04.16 18:30:00|118.38|118.75|117.05|117.09|1920
2020.04.16 19:30:00|117.06|117.77|116.75|117.74|2012
2020.04.16 20:30:00|117.74|118.66|117.71|118.25|1519
2020.04.16 21:30:00|118.24|118.66|117.85|118.62|1725
2020.04.16 22:30:00|118.63|119.18|118.34|118.67|1868
2020.04.17 16:30:00|120.73|123.43|120.46|121.32|2857
2020.04.17 17:30:00|121.32|121.9|120.96|121.36|2070
2020.04.17 18:30:00|121.3|122.24|121.06|122.09|1856
2020.04.17 19:30:00|122.1|123.02|122.05|122.5|1561
2020.04.17 20:30:00|122.51|123.16|122.35|122.64|1502
2020.04.17 21:30:00|122.64|123.69|122.32|123.51|1684
2020.04.17 22:30:00|123.52|124.66|123.43|124.55|2024
2020.04.20 16:30:00|122.18|124.72|121.92|123.58|1986
2020.04.20 17:30:00|123.58|125.2|123.25|124.2|1585
2020.04.20 18:30:00|124.2|125.33|123.86|124.67|1687
2020.04.20 19:30:00|124.68|124.72|123.34|123.95|1174
2020.04.20 20:30:00|123.99|124.14|122.39|122.39|1360
2020.04.20 21:30:00|122.41|122.7|121.48|122.65|2190
2020.04.20 22:30:00|122.65|122.97|122.24|122.35|1918
2020.04.21 16:30:00|120|121.57|119.28|121.27|2211
2020.04.21 17:30:00|121.27|121.32|119.52|119.63|1998
2020.04.21 18:30:00|119.63|120.87|119.43|120.6|2027
2020.04.21 19:30:00|120.65|121.32|120.23|121.18|1796
2020.04.21 20:30:00|121.2|121.8|120.6|121.42|1659
2020.04.21 21:30:00|121.44|121.44|120.23|120.89|2422
2020.04.21 22:30:00|120.89|121.42|120.19|120.19|2275
2020.04.22 16:30:00|121.77|122.53|120.74|120.97|1759
2020.04.22 17:30:00|121.07|121.09|119.23|119.45|1821
2020.04.22 18:30:00|119.45|120.27|119.37|120.23|1293
2020.04.22 19:30:00|120.25|120.51|119.48|119.61|1174
2020.04.22 20:30:00|119.61|119.86|119.3|119.34|1245
2020.04.22 21:30:00|119.35|119.55|119|119.01|1396
2020.04.22 22:30:00|118.98|119.17|118.11|118.2|2346
2020.04.23 16:30:00|118.83|121.19|118.23|120.3|1992
2020.04.23 17:30:00|120.3|121.58|120.3|121.33|1212
2020.04.23 18:30:00|121.33|121.89|120.36|121.62|1369
2020.04.23 19:30:00|121.65|122.1|119.75|120.78|2589
2020.04.23 20:30:00|120.72|121.57|120.08|120.9|2048
2020.04.23 21:30:00|120.9|121.25|120.07|120.21|1871
2020.04.23 22:30:00|120.2|121.22|119.95|120.51|2485
2020.04.24 16:30:00|120.97|122.02|119.85|119.86|1524
2020.04.24 17:30:00|119.86|120.56|119.66|120.04|1616
2020.04.24 18:30:00|120.05|120.15|119.2|119.8|1752
2020.04.24 19:30:00|119.8|120.29|119.64|120.09|1292
2020.04.24 20:30:00|120.13|120.51|119.92|120.26|1207
2020.04.24 21:30:00|120.23|121.57|120.1|121.57|1410
2020.04.24 22:30:00|121.57|122.88|121.46|122.68|1671
2020.04.27 16:30:00|123.38|123.44|121.98|123.1|1605
2020.04.27 17:30:00|123.1|124.9|123.03|124.73|1268
2020.04.27 18:30:00|124.7|125.17|124.1|124.51|1004
2020.04.27 19:30:00|124.53|126.08|124.51|126.08|1339
2020.04.27 20:30:00|126.06|127.41|125.97|127.1|1277
2020.04.27 21:30:00|127.1|128.2|126.94|128|1400
2020.04.27 22:30:00|128.02|128.1|126.94|126.94|1476
2020.04.28 16:30:00|128.03|128.43|124.84|127.8|2435
2020.04.28 17:30:00|127.8|128.62|125.84|127.15|1926
2020.04.28 18:30:00|127.16|127.68|126.77|127.42|1529
2020.04.28 19:30:00|127.42|128.87|127.4|127.85|1113
2020.04.28 20:30:00|127.84|128.41|127.43|128.08|1054
2020.04.28 21:30:00|128.08|128.43|127.33|128|1568
2020.04.28 22:30:00|128|128.35|126.77|127.47|1662
2020.04.29 16:30:00|129.88|131.48|129.24|129.65|1928
2020.04.29 17:30:00|129.73|130.25|129.03|129.47|1495
2020.04.29 18:30:00|129.41|130.03|128.75|129.11|1311
2020.04.29 19:30:00|129.11|130.49|129.06|130.17|1093
2020.04.29 20:30:00|130.18|130.18|128.09|129.58|1495
2020.04.29 21:30:00|129.58|130.36|129.37|130.02|1777
2020.04.29 22:30:00|130.02|130.32|129.13|129.22|1645
2020.04.30 16:30:00|127.01|127.01|125.33|126.42|2648
2020.04.30 17:30:00|126.43|127.14|125.93|126.81|2113
2020.04.30 18:30:00|126.89|127.07|125.84|126.18|1841
2020.04.30 19:30:00|126.17|126.75|125.97|126.1|1509
2020.04.30 20:30:00|126.14|126.61|125.79|126.19|1529
2020.04.30 21:30:00|126.21|126.57|125.96|126.45|1891
2020.04.30 22:30:00|126.45|126.71|125.75|126.47|2161
2020.05.01 16:30:00|123.77|123.95|120.73|121.07|2464
2020.05.01 17:30:00|121.08|121.57|120.48|120.5|1621
2020.05.01 18:30:00|120.5|120.5|119.34|119.58|1896
2020.05.01 19:30:00|119.55|119.55|118.36|119.18|2246
2020.05.01 20:30:00|119.2|119.38|118.04|118.24|2013
2020.05.01 21:30:00|118.24|118.35|117.25|117.45|2017
2020.05.01 22:30:00|117.44|118.31|117.37|117.89|2504
2020.05.04 16:30:00|116.28|116.72|114.33|115.89|2318
2020.05.04 17:30:00|115.89|115.99|114.73|115.06|1761
2020.05.04 18:30:00|115.07|116.47|114.98|116.38|1381
2020.05.04 19:30:00|116.39|116.59|114.93|115.29|1497
2020.05.04 20:30:00|115.3|115.94|114.83|115.39|1417
2020.05.04 21:30:00|115.4|116.03|115.13|115.79|1495
2020.05.04 22:30:00|115.79|116.37|115.45|115.55|1415
2020.05.05 16:30:00|117.76|119.81|117.03|119.02|2047
2020.05.05 17:30:00|118.92|119.78|118.78|118.98|1613
2020.05.05 18:30:00|119.04|119.66|118.81|119.12|1029
2020.05.05 19:30:00|119.12|119.25|118.52|118.56|1214
2020.05.05 20:30:00|118.57|118.64|118.06|118.49|977
2020.05.05 21:30:00|118.43|118.55|116.98|117.09|1711
2020.05.05 22:30:00|117.1|117.69|116.77|117.35|2709
2020.05.06 16:30:00|118.21|118.93|115.27|116.75|1976
2020.05.06 17:30:00|116.76|117.38|116.26|117.07|1734
2020.05.06 18:30:00|117.06|117.17|115.9|116.6|1693
2020.05.06 19:30:00|116.61|116.88|115.85|116.17|1907
2020.05.06 20:30:00|116.14|116.54|115.78|115.78|1876
2020.05.06 21:30:00|115.78|116.12|115.48|115.48|1968
2020.05.06 22:30:00|115.48|115.51|114.81|114.81|2100
2020.05.07 16:30:00|117.25|117.95|116.56|117|1874
2020.05.07 17:30:00|116.95|118.32|116.95|118.19|1669
2020.05.07 18:30:00|118.2|118.57|117.81|118.25|1268
2020.05.07 19:30:00|118.26|118.27|116.94|117.08|1216
2020.05.07 20:30:00|117.1|117.51|116.54|116.78|1234
2020.05.07 21:30:00|116.79|117.03|115.84|116.2|1785
2020.05.07 22:30:00|116.2|116.81|115.89|116.42|1978
2020.05.08 16:30:00|117.84|120.41|117.73|119.31|1794
2020.05.08 17:30:00|119.34|119.92|119.03|119.89|1777
2020.05.08 18:30:00|119.88|120.13|119.13|119.14|1646
2020.05.08 19:30:00|119.18|120.37|119.15|120.06|1480
2020.05.08 20:30:00|120.06|120.27|119.4|119.76|1438
2020.05.08 21:30:00|119.77|120.17|119.55|119.85|1472
2020.05.08 22:30:00|119.85|120.59|119.84|120.03|1361
2020.05.11 16:30:00|117.2|118.1|115.93|116.43|2528
2020.05.11 17:30:00|116.43|118|116.29|117.88|1952
2020.05.11 18:30:00|117.89|118.89|117.81|118.73|1577
2020.05.11 19:30:00|118.76|119.08|118.15|118.52|1455
2020.05.11 20:30:00|118.58|118.71|117.73|117.74|1549
2020.05.11 21:30:00|117.73|118.33|117.73|117.84|1809
2020.05.11 22:30:00|117.78|117.94|117.11|117.2|1601
2020.05.12 16:30:00|117.33|117.72|116.53|116.94|1395
2020.05.12 17:30:00|116.93|117.31|116.58|117|1631
2020.05.12 18:30:00|117|117.46|116.85|117.41|1177
2020.05.12 19:30:00|117.38|117.57|116.08|116.08|1387
2020.05.12 20:30:00|116.08|116.27|115.18|115.27|1369
2020.05.12 21:30:00|115.27|115.27|114.23|114.24|2054
2020.05.12 22:30:00|114.25|114.35|112.81|112.81|2064
2020.05.13 16:30:00|112.44|112.54|110.32|111.67|2387
2020.05.13 17:30:00|111.74|112.52|109.86|109.91|1915
2020.05.13 18:30:00|109.93|110.04|108.48|109.61|2543
2020.05.13 19:30:00|109.62|110.16|108.84|109.64|2859
2020.05.13 20:30:00|109.64|109.67|108.64|108.73|2093
2020.05.13 21:30:00|108.73|108.97|107.97|108.28|2561
2020.05.13 22:30:00|108.29|109.17|108.14|108.98|2275
2020.05.14 16:30:00|106.46|106.7|103.1|104.77|2291
2020.05.14 17:30:00|104.78|108.17|104.77|105.39|2425
2020.05.14 18:30:00|105.39|106.78|104.41|106.41|2562
2020.05.14 19:30:00|106.42|107.86|105.73|107.85|2234
2020.05.14 20:30:00|107.85|108.11|106.35|107.04|1902
2020.05.14 21:30:00|107.04|107.7|106.52|107.54|2813
2020.05.14 22:30:00|107.56|108.83|107.29|108.83|2524
2020.05.15 16:30:00|107.32|108.63|105.96|108.15|2313
2020.05.15 17:30:00|108.07|108.4|106.19|106.7|2442
2020.05.15 18:30:00|106.69|107.51|106.15|107.18|1634
2020.05.15 19:30:00|107.19|107.88|106.84|107.82|1554
2020.05.15 20:30:00|107.82|108.32|107.44|107.74|1960
2020.05.15 21:30:00|107.76|107.76|106.25|107.55|2398
2020.05.15 22:30:00|107.55|107.7|106.74|107.22|1936
2020.05.18 16:30:00|112.67|115.78|112.17|115.52|2628
2020.05.18 17:30:00|115.58|117.34|115.15|116.87|1793
2020.05.18 18:30:00|116.88|117.1|116.08|116.73|1938
2020.05.18 19:30:00|116.73|117.85|116.51|117.83|1567
2020.05.18 20:30:00|117.84|118|117.06|117.66|1755
2020.05.18 21:30:00|117.63|118.71|117.63|118.68|1741
2020.05.18 22:30:00|118.68|119.69|118.66|118.86|1693
2020.05.19 16:30:00|118.71|118.74|115.3|116.37|2249
2020.05.19 17:30:00|116.37|117.37|115.48|117.27|2033
2020.05.19 18:30:00|117.27|117.49|116.51|116.69|1948
2020.05.19 19:30:00|116.67|117.31|116.53|116.99|1390
2020.05.19 20:30:00|116.98|117.32|116.63|117.01|1312
2020.05.19 21:30:00|117.01|117.08|115.61|115.92|3152
2020.05.19 22:30:00|115.94|115.94|114.36|114.44|3001
2020.05.20 16:30:00|116.51|118.85|116.06|118.75|2105
2020.05.20 17:30:00|118.74|119.16|118.48|118.81|1438
2020.05.20 18:30:00|118.81|119.02|117.88|118|1327
2020.05.20 19:30:00|118|118.06|115.94|115.95|1556
2020.05.20 20:30:00|116.01|116.77|115.55|116.55|1689
2020.05.20 21:30:00|116.55|117.12|116.15|116.83|2122
2020.05.20 22:30:00|116.83|117.36|116.56|116.67|1884
2020.05.21 16:30:00|116.17|118.02|116.04|117.28|1310
2020.05.21 17:30:00|117.23|117.24|115.32|115.68|1637
2020.05.21 18:30:00|115.69|116.97|115.49|116.57|1194
2020.05.21 19:30:00|116.57|116.75|116.08|116.44|1664
2020.05.21 20:30:00|116.44|116.56|116.18|116.44|1313
2020.05.21 21:30:00|116.44|116.53|115.43|115.47|2005
2020.05.21 22:30:00|115.43|115.71|115.25|115.49|1401
2020.05.22 16:30:00|115.29|115.95|114.64|115.83|1802
2020.05.22 17:30:00|115.9|116.89|115.59|116.69|1950
2020.05.22 18:30:00|116.71|116.99|116.31|116.4|1032
2020.05.22 19:30:00|116.41|116.89|116.34|116.42|1085
2020.05.22 20:30:00|116.4|117|116.36|116.76|1205
2020.05.22 21:30:00|116.75|117.26|116.53|116.76|1652
2020.05.22 22:30:00|116.76|116.84|115.93|116.73|1312
2020.05.26 16:30:00|121.94|124.54|121.74|123.98|2749
2020.05.26 17:30:00|123.97|124.36|123.09|123.31|2001
2020.05.26 18:30:00|123.24|123.61|122.74|123.28|1590
2020.05.26 19:30:00|123.28|124.81|123.18|124.63|1434
2020.05.26 20:30:00|124.63|125.51|124.29|125.51|1427
2020.05.26 21:30:00|125.5|126.38|124.98|126.28|1942
2020.05.26 22:30:00|126.3|126.42|123.94|124.47|2154
2020.05.27 16:30:00|128.15|128.84|125.88|127.94|2659
2020.05.27 17:30:00|127.95|127.99|125.34|126.54|2287
2020.05.27 18:30:00|126.55|128.55|126.29|128.23|2294
2020.05.27 19:30:00|128.23|129.05|128.02|128.63|2073
2020.05.27 20:30:00|128.63|130.43|128.43|130.02|1846
2020.05.27 21:30:00|130.05|130.17|129.39|129.86|1638
2020.05.27 22:30:00|129.86|130.41|129.73|130.11|1828
2020.05.28 16:30:00|130.84|131.96|129.02|130.84|2747
2020.05.28 17:30:00|130.84|131.19|129.67|131.18|1884
2020.05.28 18:30:00|131.18|131.42|130.66|130.99|1560
2020.05.28 19:30:00|131|132.65|130.82|132.24|1695
2020.05.28 20:30:00|132.23|132.72|131.85|132.59|1326
2020.05.28 21:30:00|132.65|133.61|132.28|132.36|2482
2020.05.28 22:30:00|132.38|132.44|130.39|130.8|2278
2020.05.29 16:30:00|129.08|129.64|126.78|128.12|2306
2020.05.29 17:30:00|128.12|128.36|126.62|127.48|2036
2020.05.29 18:30:00|127.48|127.59|126.42|126.67|1855
2020.05.29 19:30:00|126.64|128.46|126.15|128.3|2086
2020.05.29 20:30:00|128.25|129.21|127.79|129.15|2018
2020.05.29 21:30:00|129.15|130.55|127.23|130.19|3912
2020.05.29 22:30:00|130.19|130.57|129.57|130.39|2630
2020.06.01 16:30:00|128.06|128.73|127.16|128.23|1981
2020.06.01 17:30:00|128.24|128.64|127.63|127.8|1454
2020.06.01 18:30:00|127.76|128.37|127.74|128.13|1011
2020.06.01 19:30:00|128.17|128.99|128.12|128.92|895
2020.06.01 20:30:00|128.92|129.46|128.83|129.3|969
2020.06.01 21:30:00|129.3|129.79|128.61|129.67|1105
2020.06.01 22:30:00|129.66|130.16|129.34|129.4|1482
2020.06.02 16:30:00|130.8|133.83|130.54|133.83|1949
2020.06.02 17:30:00|133.84|134.28|131.79|132.39|1693
2020.06.02 18:30:00|132.35|133.47|132.03|133.46|1603
2020.06.02 19:30:00|133.49|134.22|133.46|133.93|1116
2020.06.02 20:30:00|133.97|134.28|133.75|134.06|1124
2020.06.02 21:30:00|134.06|134.09|133.24|133.85|1604
2020.06.02 22:30:00|133.85|134.02|133.15|133.89|1646
2020.06.03 16:30:00|136.32|138.62|136.32|138.36|2049
2020.06.03 17:30:00|138.34|138.73|137.52|138.49|1785
2020.06.03 18:30:00|138.5|138.67|137.87|138.09|1582
2020.06.03 19:30:00|138.08|138.19|137.63|137.86|1330
2020.06.03 20:30:00|137.86|137.86|136.63|137.52|1332
2020.06.03 21:30:00|137.52|138.24|137.24|138.15|1755
2020.06.03 22:30:00|138.13|139.44|137.38|137.76|2349
2020.06.04 16:30:00|137.1|137.94|135.38|136.9|1957
2020.06.04 17:30:00|137.07|137.99|136.48|136.97|1946
2020.06.04 18:30:00|136.97|137.55|136.73|136.82|1653
2020.06.04 19:30:00|136.82|136.86|135.82|136.49|1549
2020.06.04 20:30:00|136.51|137.93|136.49|137.91|1401
2020.06.04 21:30:00|137.92|138.62|137.27|137.52|2074
2020.06.04 22:30:00|137.55|138.95|137.55|138.91|1819
2020.06.05 16:30:00|145.08|145.26|142.81|143.16|3492
2020.06.05 17:30:00|143.17|144.61|142.81|144.41|2067
2020.06.05 18:30:00|144.43|144.83|143.17|143.49|1920
2020.06.05 19:30:00|143.49|144.8|143.48|144.35|1760
2020.06.05 20:30:00|144.37|144.48|143.58|143.86|1917
2020.06.05 21:30:00|143.88|144|142.14|142.66|2638
2020.06.05 22:30:00|142.65|142.65|141.76|141.99|2352
2020.06.08 16:30:00|145.07|145.81|143.83|145.04|1981
2020.06.08 17:30:00|145.05|147.11|144.05|146.9|1798
2020.06.08 18:30:00|146.88|147.64|146.63|147.32|1269
2020.06.08 19:30:00|147.32|148.7|147.27|148.54|1128
2020.06.08 20:30:00|148.54|149.16|148.22|149.08|1358
2020.06.08 21:30:00|149.06|149.42|148.38|149.29|1362
2020.06.08 22:30:00|149.3|149.7|148.82|149.11|1822
2020.06.09 16:30:00|144.39|145.44|141.76|142.27|2074
2020.06.09 17:30:00|142.27|144.26|142.24|142.71|1656
2020.06.09 18:30:00|142.71|143.61|141.99|143.61|1520
2020.06.09 19:30:00|143.6|144.51|143.27|144.41|1028
2020.06.09 20:30:00|144.36|144.52|143.19|143.37|1088
2020.06.09 21:30:00|143.32|144.91|143.18|144.9|1507
2020.06.09 22:30:00|144.9|144.9|143.99|144.39|1799
2020.06.10 16:30:00|143.53|143.55|140.33|140.91|2292
2020.06.10 17:30:00|140.88|141.57|140.33|141.23|1921
2020.06.10 18:30:00|141.27|141.93|140.99|141.75|1379
2020.06.10 19:30:00|141.73|141.73|140.85|140.94|1469
2020.06.10 20:30:00|140.96|142.98|140.85|142.52|1812
2020.06.10 21:30:00|142.59|142.74|140.05|141.92|3575
2020.06.10 22:30:00|141.92|142.05|140.05|140.06|2217
2020.06.11 16:30:00|132.39|134.15|131.98|132.01|3469
2020.06.11 17:30:00|132.04|132.82|130.48|130.61|2993
2020.06.11 18:30:00|130.62|130.81|128.83|128.89|2875
2020.06.11 19:30:00|128.83|131.03|128.83|130.27|2792
2020.06.11 20:30:00|130.28|130.79|129.4|129.68|2444
2020.06.11 21:30:00|129.75|129.83|127.51|128.09|3812
2020.06.11 22:30:00|128.06|129.19|127.58|128.51|3506
2020.06.12 16:30:00|133.46|134.63|132.27|132.92|3235
2020.06.12 17:30:00|132.92|133.07|129.94|131.13|3752
2020.06.12 18:30:00|131.04|133.14|130.84|132.09|3539
2020.06.12 19:30:00|132.16|132.16|130.64|130.71|3814
2020.06.12 20:30:00|130.64|130.92|128.85|130.36|4745
2020.06.12 21:30:00|130.39|131.64|129.91|130.58|5503
2020.06.12 22:30:00|130.61|132.47|130.33|132.47|3812
2020.06.15 16:30:00|127.77|130.92|126.92|129.98|3433
2020.06.15 17:30:00|129.96|131.94|129.43|131.05|2325
2020.06.15 18:30:00|131.06|132.32|130.48|132.01|2081
2020.06.15 19:30:00|131.96|133.47|131.41|132.4|1625
2020.06.15 20:30:00|132.41|134.27|131.45|133.65|2971
2020.06.15 21:30:00|133.66|133.9|132.63|132.7|3370
2020.06.15 22:30:00|132.72|133.54|131.88|133.4|2905
2020.06.16 16:30:00|138.26|138.9|136.73|138.09|2566
2020.06.16 17:30:00|138.08|138.11|132.73|135.22|2948
2020.06.16 18:30:00|135.29|135.88|134.43|135.64|3180
2020.06.16 19:30:00|135.6|136.61|135.51|136.16|2472
2020.06.16 20:30:00|136.16|136.28|134.74|135.82|2821
2020.06.16 21:30:00|135.83|136.15|134.23|135.07|3683
2020.06.16 22:30:00|135.06|135.49|134.49|135.21|3472
2020.06.17 16:30:00|135.74|136.54|134.58|135.3|2062
2020.06.17 17:30:00|135.31|136.96|135.25|135.8|1881
2020.06.17 18:30:00|135.82|136.57|135.78|136.14|2036
2020.06.17 19:30:00|136.14|136.89|136.11|136.41|1763
2020.06.17 20:30:00|136.43|136.74|135.83|136.06|1679
2020.06.17 21:30:00|136.04|136.3|134.89|135.2|2519
2020.06.17 22:30:00|135.2|135.55|134.82|135.33|2443
2020.06.18 16:30:00|134.56|139.03|134.56|138.44|2517
2020.06.18 17:30:00|138.44|138.89|137.42|137.64|1972
2020.06.18 18:30:00|137.63|137.99|136.63|137.68|1550
2020.06.18 19:30:00|137.67|138.75|137.07|138.73|1853
2020.06.18 20:30:00|138.71|138.93|138|138.86|1408
2020.06.18 21:30:00|138.88|138.91|137.44|138.13|1869
2020.06.18 22:30:00|138.14|138.59|138.05|138.13|1760
2020.06.19 16:30:00|139.97|140.48|138.58|139.04|1996
2020.06.19 17:30:00|139.06|139.54|138.36|139.01|1682
2020.06.19 18:30:00|139.01|139.37|136.84|137.27|2242
2020.06.19 19:30:00|137.27|137.72|136.46|136.7|2286
2020.06.19 20:30:00|136.62|136.97|135.25|136.03|3292
2020.06.19 21:30:00|136.09|137.62|135.84|137.25|2911
2020.06.19 22:30:00|137.25|137.86|136.91|137.26|2594
2020.06.22 16:30:00|136.16|137.42|134.93|136.78|2201
2020.06.22 17:30:00|136.78|136.81|134.93|135.2|1896
2020.06.22 18:30:00|135.2|136.24|134.88|135.82|1868
2020.06.22 19:30:00|135.84|136.71|135.74|135.94|1609
2020.06.22 20:30:00|135.94|136.61|135.75|136.52|1808
2020.06.22 21:30:00|136.53|137.38|136.24|136.52|1965
2020.06.22 22:30:00|136.52|137.22|136.44|137.05|1539
2020.06.23 16:30:00|138.79|138.99|136.95|138.88|1830
2020.06.23 17:30:00|138.88|138.97|137.6|138.07|1820
2020.06.23 18:30:00|138.06|138.77|137.98|138.48|1813
2020.06.23 19:30:00|138.49|138.99|138.19|138.73|1552
2020.06.23 20:30:00|138.73|138.99|138.33|138.54|1880
2020.06.23 21:30:00|138.56|139.54|138.54|139.07|2607
2020.06.23 22:30:00|139.06|139.43|138.61|138.74|2377
2020.06.24 16:30:00|136.84|137.6|136.11|137.54|3134
2020.06.24 17:30:00|137.5|137.7|134.79|135.24|3488
2020.06.24 18:30:00|135.26|135.39|133.81|135.23|3099
2020.06.24 19:30:00|135.24|136.42|135.09|135.65|2869
2020.06.24 20:30:00|135.65|136.64|135.28|136.62|3679
2020.06.24 21:30:00|136.62|136.72|135.65|135.7|4045
2020.06.24 22:30:00|135.69|136.09|134.67|134.8|3287
2020.06.25 16:30:00|132.41|134.2|132.07|134.15|2727
2020.06.25 17:30:00|134.19|134.23|132.73|132.86|2480
2020.06.25 18:30:00|132.87|133.02|131.92|132.58|2469
2020.06.25 19:30:00|132.59|133.3|132.25|132.81|2401
2020.06.25 20:30:00|132.81|133.49|132.64|133.41|2279
2020.06.25 21:30:00|133.42|135.78|133.1|135.35|3419
2020.06.25 22:30:00|135.35|135.94|134.85|135.81|2983
2020.06.26 16:30:00|134.85|134.95|131.35|131.59|2043
2020.06.26 17:30:00|131.55|131.73|130.13|130.25|2386
2020.06.26 18:30:00|130.27|130.92|129.79|130.85|2077
2020.06.26 19:30:00|130.84|130.94|130.18|130.41|1902
2020.06.26 20:30:00|130.41|130.57|129.39|129.55|1934
2020.06.26 21:30:00|129.59|129.85|129.03|129.37|2327
2020.06.26 22:30:00|129.36|130.34|129.01|129.83|2319
2020.06.29 16:30:00|131.1|133.69|129.82|133.39|2259
2020.06.29 17:30:00|133.45|134.26|133.06|133.68|1936
2020.06.29 18:30:00|133.73|134.09|133.37|133.82|1781
2020.06.29 19:30:00|133.82|134.24|133.19|134.12|1377
2020.06.29 20:30:00|134.11|134.28|133.42|133.52|1432
2020.06.29 21:30:00|133.48|133.72|132.83|133.63|1492
2020.06.29 22:30:00|133.63|134.19|133.19|134.17|1780
2020.06.30 16:30:00|135.48|137.29|134.61|137.16|2380
2020.06.30 17:30:00|137.23|139.09|136.89|138.05|2125
2020.06.30 18:30:00|138.05|138.9|137.39|138.68|1775
2020.06.30 19:30:00|138.64|138.67|137.52|138.22|2054
2020.06.30 20:30:00|138.22|138.89|137.89|138.52|2063
2020.06.30 21:30:00|138.53|139.72|138.24|139.34|2321
2020.06.30 22:30:00|139.36|140.09|139.17|139.99|2515
2020.07.01 16:30:00|160.11|163.3|158.87|160.54|9778
2020.07.01 17:30:00|160.54|161.42|157.94|159.22|5675
2020.07.01 18:30:00|159.19|160.37|157.64|158.44|4398
2020.07.01 19:30:00|158.38|158.72|156.38|156.76|3279
2020.07.01 20:30:00|156.82|157.69|155.49|156.43|3257
2020.07.01 21:30:00|156.45|157.46|156.17|157.15|2739
2020.07.01 22:30:00|157.22|157.43|156.37|156.38|2816
2020.07.02 16:30:00|157.98|159.4|156.54|156.56|3335
2020.07.02 17:30:00|156.58|157.79|156.34|156.79|3135
2020.07.02 18:30:00|156.79|157.42|156.43|156.88|2196
2020.07.02 19:30:00|156.89|156.91|155.51|155.76|2011
2020.07.02 20:30:00|155.81|156.61|155.73|155.91|1724
2020.07.02 21:30:00|155.96|156.36|155.63|155.82|1967
2020.07.02 22:30:00|155.85|156.09|154.99|155.14|2173
2020.07.06 16:30:00|157.57|158.03|154.93|155.32|3247
2020.07.06 17:30:00|155.29|155.79|154.46|154.96|2352
2020.07.06 18:30:00|154.96|155.04|153.33|154.22|2241
2020.07.06 19:30:00|154.17|154.53|153.66|154.2|1648
2020.07.06 20:30:00|154.2|154.65|153.64|153.73|2018
2020.07.06 21:30:00|153.7|155.09|153.47|155.01|2534
2020.07.06 22:30:00|155.01|156.19|154.79|155.99|2032
2020.07.07 16:30:00|153.98|157.17|153.84|156.63|2291
2020.07.07 17:30:00|156.64|158.4|156.14|157.85|2395
2020.07.07 18:30:00|157.86|158.4|157.5|158.23|1850
2020.07.07 19:30:00|158.14|159.2|158.05|159.1|2050
2020.07.07 20:30:00|159.1|159.65|158.17|158.35|2078
2020.07.07 21:30:00|158.35|158.63|157.98|158.49|2561
2020.07.07 22:30:00|158.49|158.71|157.77|158.27|2495
2020.07.08 16:30:00|157.08|158.97|156.74|158.05|2697
2020.07.08 17:30:00|157.97|158.18|156.18|156.51|2364
2020.07.08 18:30:00|156.47|157.14|156.34|157.05|1934
2020.07.08 19:30:00|157.06|157.18|155.98|156.47|2381
2020.07.08 20:30:00|156.51|157.47|156.43|157.14|2519
2020.07.08 21:30:00|157.15|158.72|156.98|158.61|3105
2020.07.08 22:30:00|158.59|158.83|158.13|158.33|2366
2020.07.09 16:30:00|158.03|158.44|156.48|156.74|2134
2020.07.09 17:30:00|156.78|157.04|154.99|155.42|2843
2020.07.09 18:30:00|155.43|156.72|155.3|155.78|2872
2020.07.09 19:30:00|155.78|156.62|155.55|156.28|2200
2020.07.09 20:30:00|156.28|156.83|155.75|156.42|1735
2020.07.09 21:30:00|156.45|156.67|155.78|155.81|2730
2020.07.09 22:30:00|155.77|156.25|155.36|155.39|3260
2020.07.10 16:30:00|156.08|158.19|155.79|156.99|2886
2020.07.10 17:30:00|157.01|158.02|156.79|157.9|2783
2020.07.10 18:30:00|157.9|157.97|157.17|157.31|2673
2020.07.10 19:30:00|157.32|158.14|156.95|157.34|2174
2020.07.10 20:30:00|157.37|158.35|157.29|157.99|2006
2020.07.10 21:30:00|157.99|158.27|157.49|158.13|2747
2020.07.10 22:30:00|158.12|158.74|157.92|158.25|2453
2020.07.13 16:30:00|159.83|159.83|156.93|158.38|2472
2020.07.13 17:30:00|158.42|159.18|157.73|159.15|2812
2020.07.13 18:30:00|159.17|159.25|157.8|158.11|2223
2020.07.13 19:30:00|158.12|158.81|158.07|158.53|2316
2020.07.13 20:30:00|158.6|159.1|157.73|158.04|2757
2020.07.13 21:30:00|158|158.42|157.03|157.04|5017
2020.07.13 22:30:00|157.05|157.09|155.28|155.9|4279
2020.07.14 16:30:00|155.89|157.55|155.23|156.93|3131
2020.07.14 17:30:00|156.94|157.95|156.82|157.25|2944
2020.07.14 18:30:00|157.25|158.21|157.14|157.63|2292
2020.07.14 19:30:00|157.64|157.89|156.83|157.02|2388
2020.07.14 20:30:00|157.02|158.17|156.89|157.76|2907
2020.07.14 21:30:00|157.8|157.88|157.04|157.6|2992
2020.07.14 22:30:00|157.6|158.64|157.58|158.18|2361
2020.07.15 16:30:00|160.06|161.11|158.73|159.85|2715
2020.07.15 17:30:00|159.87|160.33|158.77|159.56|2423
2020.07.15 18:30:00|159.56|160.2|159.16|159.78|2533
2020.07.15 19:30:00|159.75|160.68|159.45|160.45|2232
2020.07.15 20:30:00|160.46|161.94|160.43|161.91|2584
2020.07.15 21:30:00|161.92|162.23|161.3|161.83|3035
2020.07.15 22:30:00|161.83|162.16|160.86|160.98|2892
2020.07.16 16:30:00|161.15|165.1|160.13|164.78|3208
2020.07.16 17:30:00|164.78|166.79|164.21|166.35|2481
2020.07.16 18:30:00|166.36|166.53|165.26|166.45|2162
2020.07.16 19:30:00|166.46|166.76|165.79|166.48|1860
2020.07.16 20:30:00|166.49|166.76|166.03|166.3|2207
2020.07.16 21:30:00|166.3|166.39|165.25|166.38|2473
2020.07.16 22:30:00|166.35|166.49|165.6|165.81|2472
2020.07.17 16:30:00|166.73|167.81|165.29|165.59|2531
2020.07.17 17:30:00|165.59|166.69|165.56|165.7|2096
2020.07.17 18:30:00|165.72|165.93|165.2|165.58|1815
2020.07.17 19:30:00|165.59|165.78|164.64|165.01|1611
2020.07.17 20:30:00|165.03|165.23|164.64|165.15|1802
2020.07.17 21:30:00|165.15|165.82|164.85|165.7|1881
2020.07.17 22:30:00|165.71|165.97|165.45|165.71|1842
2020.07.20 16:30:00|164.63|165.23|162.48|164.03|2347
2020.07.20 17:30:00|164.07|165.01|162.97|163.66|1826
2020.07.20 18:30:00|163.66|164.12|163.14|163.4|1495
2020.07.20 19:30:00|163.4|163.62|162.91|163.5|1356
2020.07.20 20:30:00|163.51|163.82|162.9|163.15|1428
2020.07.20 21:30:00|163.15|163.9|162.95|163.89|1606
2020.07.20 22:30:00|163.89|164.29|163.75|163.84|2092
2020.07.21 16:30:00|164.61|166.66|164.35|165.98|2090
2020.07.21 17:30:00|166|167.24|165.73|166.19|1830
2020.07.21 18:30:00|166.25|166.77|165.8|166.5|1522
2020.07.21 19:30:00|166.5|166.79|165.95|165.99|890
2020.07.21 20:30:00|165.95|166.07|164.97|165.24|966
2020.07.21 21:30:00|165.26|165.63|164.8|164.84|1506
2020.07.21 22:30:00|164.86|165.28|164.53|165.22|2305
2020.07.22 16:30:00|164.48|165.41|163.73|163.84|1462
2020.07.22 17:30:00|163.84|164.92|163.17|163.54|1223
2020.07.22 18:30:00|163.54|164.17|163.19|164.04|789
2020.07.22 19:30:00|164.03|164.14|163.46|163.89|709
2020.07.22 20:30:00|163.91|164.66|163.89|164.59|1285
2020.07.22 21:30:00|164.59|164.9|164.42|164.76|1481
2020.07.22 22:30:00|164.76|165.38|164.46|164.79|1378
2020.07.23 16:30:00|165.32|166.46|164.54|166.33|1213
2020.07.23 17:30:00|166.33|167.12|166.31|166.81|1652
2020.07.23 18:30:00|166.81|167.04|166.06|166.37|1544
2020.07.23 19:30:00|166.38|166.49|165.2|165.5|1706
2020.07.23 20:30:00|165.5|165.54|164.32|164.76|2322
2020.07.23 21:30:00|164.76|165.62|164.47|165.26|2793
2020.07.23 22:30:00|165.26|165.82|164.83|165.67|2669
2020.07.24 16:30:00|164.55|166.56|164.28|166.42|1364
2020.07.24 17:30:00|166.42|166.5|165.01|165.01|1700
2020.07.24 18:30:00|165.02|165.46|164.73|165.01|1475
2020.07.24 19:30:00|165.02|165.2|163.91|164.15|1723
2020.07.24 20:30:00|164.18|165.39|164.13|165.04|1111
2020.07.24 21:30:00|165.04|165.39|164.48|164.61|1623
2020.07.24 22:30:00|164.61|165.21|164.34|164.8|1870
2020.07.27 16:30:00|164.38|166.86|163.53|166.72|1380
2020.07.27 17:30:00|166.72|168.74|166.59|168.15|1989
2020.07.27 18:30:00|168.1|169.08|167.21|169.08|1558
2020.07.27 19:30:00|169.08|169.9|168.73|169.8|1884
2020.07.27 20:30:00|169.8|170.11|168.98|169.48|1481
2020.07.27 21:30:00|169.48|170.22|169.45|170.11|1765
2020.07.27 22:30:00|170.09|170.43|169.85|170.4|1587
2020.07.28 16:30:00|169.22|169.81|168.35|168.58|1445
2020.07.28 17:30:00|168.59|168.78|167.34|167.89|1669
2020.07.28 18:30:00|167.91|167.96|167.1|167.25|1518
2020.07.28 19:30:00|167.26|168.29|167.04|167.44|1294
2020.07.28 20:30:00|167.44|168.09|167.13|167.15|1035
2020.07.28 21:30:00|167.15|167.38|166.95|167.1|1686
2020.07.28 22:30:00|167.1|167.34|166.42|166.59|1777
2020.07.29 16:30:00|166.89|170.8|166.89|170.35|2117
2020.07.29 17:30:00|170.36|171.06|168.69|169.26|1291
2020.07.29 18:30:00|169.27|169.38|168.61|169.03|947
2020.07.29 19:30:00|169.04|169.39|168.64|169.29|1166
2020.07.29 20:30:00|169.29|170.26|168.9|169.14|1334
2020.07.29 21:30:00|169.14|169.59|168.73|169.06|1766
2020.07.29 22:30:00|169.04|169.6|168.92|169.27|1668
2020.07.30 16:30:00|172.96|173.26|169.58|170.43|3401
2020.07.30 17:30:00|170.45|174.2|170.41|173.89|2446
2020.07.30 18:30:00|173.87|174.01|172.35|172.81|2063
2020.07.30 19:30:00|172.8|173.54|172.23|172.64|1606
2020.07.30 20:30:00|172.68|173.71|172.15|173.43|1636
2020.07.30 21:30:00|173.46|173.89|172.71|172.93|2043
2020.07.30 22:30:00|172.89|173.08|172.31|172.45|1802
2020.07.31 16:30:00|171.42|172.33|168.95|169.09|1921
2020.07.31 17:30:00|169.09|169.54|168.56|169.45|1787
2020.07.31 18:30:00|169.54|169.54|168.33|168.76|2153
2020.07.31 19:30:00|168.77|168.78|168.03|168.52|1764
2020.07.31 20:30:00|168.52|168.66|167.93|168.27|1406
2020.07.31 21:30:00|168.27|168.84|167.93|168.59|2147
2020.07.31 22:30:00|168.59|168.65|167.7|168.13|2198
2020.08.03 16:30:00|169.08|170.31|168.23|170.03|2318
2020.08.03 17:30:00|169.97|170.09|168.53|169.13|1716
2020.08.03 18:30:00|169.14|170.04|168.39|168.63|1539
2020.08.03 19:30:00|168.59|168.84|168.18|168.7|1357
2020.08.03 20:30:00|168.71|169.82|168.67|169.77|1202
2020.08.03 21:30:00|169.77|169.9|169.24|169.36|1560
2020.08.03 22:30:00|169.37|169.44|168.76|168.91|1588
2020.08.04 16:30:00|169.06|170.66|168.79|169.96|1215
2020.08.04 17:30:00|169.97|170.4|169.13|170.33|1534
2020.08.04 18:30:00|170.33|171|169.9|170.01|1182
2020.08.04 19:30:00|170.02|170.83|169.89|170.82|822
2020.08.04 20:30:00|170.8|171.17|170.38|170.45|880
2020.08.04 21:30:00|170.45|170.93|169.93|170.63|1129
2020.08.04 22:30:00|170.64|170.75|170.18|170.47|1053
2020.08.05 16:30:00|171.21|171.96|170.58|170.76|1179
2020.08.05 17:30:00|170.76|171.64|169.92|171.57|1514
2020.08.05 18:30:00|171.57|171.73|170.89|171.1|1469
2020.08.05 19:30:00|171.11|171.19|170.54|170.7|860
2020.08.05 20:30:00|170.69|171.57|170.62|171.33|859
2020.08.05 21:30:00|171.31|171.66|171.08|171.28|1065
2020.08.05 22:30:00|171.26|171.7|171.04|171.39|1136
2020.08.06 16:30:00|171.73|173.1|171.04|172.82|1609
2020.08.06 17:30:00|172.83|173.2|172.23|172.77|1494
2020.08.06 18:30:00|172.76|172.88|172.09|172.59|1209
2020.08.06 19:30:00|172.62|172.72|172.25|172.26|909
2020.08.06 20:30:00|172.24|172.59|172.04|172.18|1039
2020.08.06 21:30:00|172.2|172.37|171.4|171.71|1257
2020.08.06 22:30:00|171.72|172.26|171.64|171.9|1244
2020.08.07 16:30:00|173.08|177.99|173.06|177.84|2586
2020.08.07 17:30:00|177.85|179.77|177.84|178.75|2606
2020.08.07 18:30:00|178.75|180.5|178.62|179.35|1978
2020.08.07 19:30:00|179.35|183.57|179.06|181.95|2591
2020.08.07 20:30:00|181.95|182.94|181.29|181.43|2096
2020.08.07 21:30:00|181.43|182.54|181.32|182.13|2182
2020.08.07 22:30:00|182.14|183.23|182.05|183.19|2080
2020.08.10 16:30:00|188.42|196.3|187.95|196.25|5390
2020.08.10 17:30:00|196.25|197.34|193.08|195|3920
2020.08.10 18:30:00|195.18|197.53|194.33|196.87|2726
2020.08.10 19:30:00|196.81|197.4|194.88|196.91|2394
2020.08.10 20:30:00|197.13|200.08|196.54|198.56|4253
2020.08.10 21:30:00|198.56|199.16|197.73|198.97|2775
2020.08.10 22:30:00|198.97|199.78|198.21|199.61|2692
2020.08.11 16:30:00|201.26|203.19|195.34|199.88|5518
2020.08.11 17:30:00|199.88|200.34|197.52|198.66|2631
2020.08.11 18:30:00|198.56|198.97|197.45|198.21|1982
2020.08.11 19:30:00|198.22|198.5|196.77|198.41|1642
2020.08.11 20:30:00|198.41|199.43|197.55|198.4|1694
2020.08.11 21:30:00|198.4|198.49|194.83|195.84|3841
2020.08.11 22:30:00|195.82|196.34|195.34|196.18|3500
2020.08.12 16:30:00|200.59|204.45|199.11|204.15|4449
2020.08.12 17:30:00|204.18|205.91|203.15|204.65|2912
2020.08.12 18:30:00|204.66|205.41|202.73|204.88|1847
2020.08.12 19:30:00|204.9|205.29|201.43|202.4|2087
2020.08.12 20:30:00|202.4|204.08|202.4|203.68|1624
2020.08.12 21:30:00|203.69|203.98|202.18|202.68|2313
2020.08.12 22:30:00|202.66|202.68|201.51|201.56|1916
2020.08.13 16:30:00|199.58|203.72|199.48|200.68|3569
2020.08.13 17:30:00|200.58|202.78|200.54|201.1|2170
2020.08.13 18:30:00|201.09|203.58|200.98|202.06|1615
2020.08.13 19:30:00|202.08|203.38|202.07|203.15|1128
2020.08.13 20:30:00|203.14|204.2|202.91|203.23|1572
2020.08.13 21:30:00|203.23|203.92|202.48|203.89|2448
2020.08.13 22:30:00|203.9|204.48|203.31|203.49|2112
2020.08.14 16:30:00|202.89|205.51|202.2|205.4|2829
2020.08.14 17:30:00|205.41|208.05|205.25|207.89|2976
2020.08.14 18:30:00|207.95|209.31|207.5|208.23|2837
2020.08.14 19:30:00|208.26|209.33|207.87|208.28|1813
2020.08.14 20:30:00|208.29|208.97|208.11|208.61|1626
2020.08.14 21:30:00|208.61|209|207.68|208.46|1928
2020.08.14 22:30:00|208.46|208.71|207.54|208.3|1771
2020.08.17 16:30:00|210.32|211.03|205.98|207.56|2625
2020.08.17 17:30:00|207.64|209.22|207.23|208.39|1558
2020.08.17 18:30:00|208.39|209.13|208.02|208.69|1245
2020.08.17 19:30:00|208.7|208.92|207.76|208.59|1084
2020.08.17 20:30:00|208.56|208.89|208.03|208.2|885
2020.08.17 21:30:00|208.2|208.35|205.76|206.54|1873
2020.08.17 22:30:00|206.53|207.1|206.07|206.24|1737
2020.08.18 16:30:00|206.04|207.03|205.43|205.57|2556
2020.08.18 17:30:00|205.58|205.72|203.92|205.49|2210
2020.08.18 18:30:00|205.51|205.61|204.25|205.51|1862
2020.08.18 19:30:00|205.52|206.59|205.5|206.2|1196
2020.08.18 20:30:00|206.22|207.46|206.2|207.16|1160
2020.08.18 21:30:00|207.16|208.03|206.92|206.99|1494
2020.08.18 22:30:00|206.99|207.03|206.19|206.71|1604
2020.08.19 16:30:00|206.84|209.81|206.57|209.51|2225
2020.08.19 17:30:00|209.43|210.58|208.44|209.01|1797
2020.08.19 18:30:00|209.01|209.8|208.82|209.53|868
2020.08.19 19:30:00|209.48|210.09|208.63|208.85|1193
2020.08.19 20:30:00|208.87|208.97|207.23|208.22|1388
2020.08.19 21:30:00|208.22|208.85|207.63|207.7|1896
2020.08.19 22:30:00|207.68|208.05|206.9|207.65|2411
2020.08.20 16:30:00|204.8|208.71|204.79|208.61|2023
2020.08.20 17:30:00|208.61|208.79|206.74|207.02|1746
2020.08.20 18:30:00|207.02|207.81|206.91|207.73|1401
2020.08.20 19:30:00|207.69|208.09|207.33|207.89|1216
2020.08.20 20:30:00|207.91|208.4|207.38|208.21|1415
2020.08.20 21:30:00|208.24|208.74|207.86|208.08|1984
2020.08.20 22:30:00|208.01|208.75|207.86|208.55|2279
2020.08.21 16:30:00|208.51|212.13|208.25|211.77|3117
2020.08.21 17:30:00|211.77|212.6|210.75|212.02|1683
2020.08.21 18:30:00|212.02|212.29|210.91|211.36|1238
2020.08.21 19:30:00|211.37|211.43|210.31|210.62|889
2020.08.21 20:30:00|210.62|210.74|209.96|210.34|835
2020.08.21 21:30:00|210.34|210.66|210.13|210.22|1145
