2020.08.21 18:00:00|3871.38|3877.24|3866.27|3870.24|120
2020.08.24 10:00:00|3925.25|3947.73|3924.62|3943.55|220
2020.08.24 11:00:00|3943.39|3959.36|3937.29|3956.46|237
2020.08.24 12:00:00|3956.73|3962.57|3954.3|3956.47|233
2020.08.24 13:00:00|3956.86|3962.2|3951.82|3957.68|233
2020.08.24 14:00:00|3957.78|3965.1|3954.7|3963.5|231
2020.08.24 15:00:00|3963.46|3963.96|3953.52|3957.48|237
2020.08.24 16:00:00|3957.59|3958.67|3940.8|3942.28|238
2020.08.24 17:00:00|3942.77|3958.2|3941|3955.85|238
2020.08.24 18:00:00|3955.6|3963.1|3955.6|3962.22|119
2020.08.25 10:00:00|3994.1|4008.77|3989.77|3990.99|219
2020.08.25 11:00:00|3991.22|3993.39|3981.43|3990.59|234
2020.08.25 12:00:00|3990.53|3990.53|3983.39|3988.23|234
2020.08.25 13:00:00|3988.98|3995.01|3984.69|3993.09|235
2020.08.25 14:00:00|3993.24|3998.33|3991.54|3992.13|232
2020.08.25 15:00:00|3991.73|4004.3|3990.83|4003.81|237
2020.08.25 16:00:00|4002.94|4003.57|3988.39|3990.75|238
2020.08.25 17:00:00|3990.72|3990.86|3961.06|3967.77|239
2020.08.25 18:00:00|3967.54|3971.13|3963.85|3965.46|118
2020.08.26 10:00:00|3940.87|3971.23|3938.97|3966.24|218
2020.08.26 11:00:00|3965.72|3980.04|3956.08|3974.47|238
2020.08.26 12:00:00|3974.26|3981.74|3967.18|3969.01|235
2020.08.26 13:00:00|3969.52|3976.84|3969.17|3976.34|238
2020.08.26 14:00:00|3976.46|3976.79|3968.24|3968.4|236
2020.08.26 15:00:00|3968.6|3979.81|3965.88|3979.67|236
2020.08.26 16:00:00|3978.99|3989.69|3972.68|3981.3|236
2020.08.26 17:00:00|3981.38|3986.19|3977|3981.28|238
2020.08.26 18:00:00|3981.03|3993.86|3979.94|3992.48|121
2020.08.27 10:00:00|3989.84|3991.94|3975.82|3984.84|220
2020.08.27 11:00:00|3984.86|3984.86|3972.65|3976.03|237
2020.08.27 12:00:00|3975.59|3975.59|3960.36|3969.4|238
2020.08.27 13:00:00|3969.13|3975.81|3968.05|3974.52|236
2020.08.27 14:00:00|3974.64|3977.31|3969.93|3977.04|234
2020.08.27 15:00:00|3977.43|3986.55|3977.43|3981.71|237
2020.08.27 16:00:00|3981.65|3991.11|3975.1|3984.25|240
2020.08.27 17:00:00|3985.52|3986.35|3967.54|3979.28|241
2020.08.27 18:00:00|3979.37|3979.95|3962.12|3964.61|120
2020.08.28 10:00:00|3968.72|3975.22|3930.48|3948.28|221
2020.08.28 11:00:00|3946.51|3974.49|3942.62|3965.41|239
2020.08.28 12:00:00|3965.15|3973.06|3960.04|3973|235
2020.08.28 13:00:00|3973.42|3973.42|3950.36|3962.23|235
2020.08.28 14:00:00|3962.35|3973.09|3962.06|3970.93|234
2020.08.28 15:00:00|3971.1|3973.69|3964.13|3967.66|237
2020.08.28 16:00:00|3967.62|3970.77|3957.98|3962.21|238
2020.08.28 17:00:00|3961.9|3962.43|3949.74|3956.47|236
2020.08.28 18:00:00|3956.22|3964.08|3956.11|3958.67|119
2020.08.31 10:00:00|3991.11|3996.96|3979.37|3995.62|221
2020.08.31 11:00:00|3995.85|4008.78|3991.81|4001.81|235
2020.08.31 12:00:00|4002.04|4002.83|3992.1|3994.2|236
2020.08.31 13:00:00|3994.08|3994.08|3977.91|3979.25|238
2020.08.31 14:00:00|3979.45|3987.42|3976.89|3978.35|237
2020.08.31 15:00:00|3978.14|3978.6|3959.93|3960.78|239
2020.08.31 16:00:00|3960.87|3960.87|3935|3939.57|237
2020.08.31 17:00:00|3940.4|3954.36|3936.3|3952.51|237
2020.08.31 18:00:00|3952.26|3952.26|3915.13|3915.13|120
2020.09.01 10:00:00|3933.2|3951.27|3918.91|3929.42|221
2020.09.01 11:00:00|3929.91|3930.82|3906.99|3910.13|237
2020.09.01 12:00:00|3910.04|3926.54|3904.5|3916.31|239
2020.09.01 13:00:00|3916.75|3933.18|3916.35|3932.45|238
2020.09.01 14:00:00|3932.48|3934.33|3918.32|3919.96|237
2020.09.01 15:00:00|3920.02|3922|3904.08|3904.08|235
2020.09.01 16:00:00|3904.82|3904.82|3874.2|3882.84|240
2020.09.01 17:00:00|3883.39|3919.61|3883.39|3908.81|238
2020.09.01 18:00:00|3908.56|3913.91|3906.11|3907.34|120
2020.09.02 10:00:00|3934.16|3969.95|3934.16|3960.54|218
2020.09.02 11:00:00|3959.95|3996.5|3958.88|3990.22|240
2020.09.02 12:00:00|3991.11|4002.52|3986.84|3997.29|234
2020.09.02 13:00:00|3997.28|4001.87|3993.53|3993.94|236
2020.09.02 14:00:00|3993.75|4000.87|3989.21|3994.38|237
2020.09.02 15:00:00|3993.66|3997.12|3979.67|3982.46|238
2020.09.02 16:00:00|3982.31|3986.1|3970.95|3972.36|240
2020.09.02 17:00:00|3973.35|3983.62|3964.19|3975.98|241
2020.09.02 18:00:00|3975.73|3980.01|3968.75|3972.43|121
2020.09.03 10:00:00|4028.54|4047.8|4027.73|4040.86|221
2020.09.03 11:00:00|4040.4|4054.53|4040.4|4049.99|239
2020.09.03 12:00:00|4049.59|4053.81|4039.8|4040.28|237
2020.09.03 13:00:00|4039.11|4053.01|4037.25|4048.04|237
2020.09.03 14:00:00|4047.53|4053.79|4037.3|4038.67|239
2020.09.03 15:00:00|4039.18|4044.9|4028.99|4042.51|238
2020.09.03 16:00:00|4042.24|4042.24|4025.58|4035.19|239
2020.09.03 17:00:00|4035.67|4039.98|3989.62|3993.13|240
2020.09.03 18:00:00|3992.88|3993.92|3939.66|3950.92|122
2020.09.04 10:00:00|3918.92|3990.21|3918.92|3987.81|221
2020.09.04 11:00:00|3986.36|3993.76|3980.05|3983.79|237
2020.09.04 12:00:00|3983.41|4005.76|3981.44|4002.48|238
2020.09.04 13:00:00|4002.9|4007.36|3988.38|3988.77|238
2020.09.04 14:00:00|3988.94|3990.71|3955.7|3957.28|239
2020.09.04 15:00:00|3957.41|3987.72|3957.41|3982.74|240
2020.09.04 16:00:00|3982.72|3992.16|3957.38|3961.32|238
2020.09.04 17:00:00|3961.96|3967.85|3897.95|3931.86|239
2020.09.04 18:00:00|3931.61|3932.56|3909.7|3917.01|121
2020.09.07 10:00:00|3951.63|3971.91|3943.86|3965.89|221
2020.09.07 11:00:00|3965.94|3974.98|3961.62|3965.19|236
2020.09.07 12:00:00|3965.08|3976.32|3963.81|3968.13|233
2020.09.07 13:00:00|3968.11|3981.19|3966.03|3974|237
2020.09.07 14:00:00|3973.6|3992.1|3970.87|3987.67|235
2020.09.07 15:00:00|3987.7|3995.48|3986.56|3995.3|239
2020.09.07 16:00:00|3994.71|3998.45|3988.03|3990.11|237
2020.09.07 17:00:00|3989.93|4002.25|3989.93|3997.6|239
2020.09.07 18:00:00|3997.35|4003.14|3992.88|3993.01|116
2020.09.08 10:00:00|3993.65|3998.82|3974.29|3980.03|221
2020.09.08 11:00:00|3980.06|3980.85|3943.57|3951.66|239
2020.09.08 12:00:00|3951.54|3955.14|3939.95|3941.64|236
2020.09.08 13:00:00|3941.55|3948.24|3931.93|3934.81|235
2020.09.08 14:00:00|3935.59|3942.92|3920.32|3929.95|238
2020.09.08 15:00:00|3929.76|3929.76|3901.46|3911.8|240
2020.09.08 16:00:00|3910.23|3923.76|3902.62|3923.61|240
2020.09.08 17:00:00|3922.1|3933.56|3908.2|3923.04|239
2020.09.08 18:00:00|3922.79|3937.22|3916.57|3931.4|121
2020.09.09 10:00:00|3940.92|3960.68|3929.45|3952.16|221
2020.09.09 11:00:00|3952.17|3972.9|3948.51|3948.53|237
2020.09.09 12:00:00|3948.26|3963.63|3942.41|3963.24|238
2020.09.09 13:00:00|3962.8|3964.29|3945.06|3949.15|233
2020.09.09 14:00:00|3949.21|3958.38|3940.81|3957.24|235
2020.09.09 15:00:00|3957.34|3970.45|3957.05|3965.91|237
2020.09.09 16:00:00|3965.7|3989.74|3965.42|3989.36|239
2020.09.09 17:00:00|3991.65|3995.01|3981.89|3987.94|240
2020.09.09 18:00:00|3987.69|3997.19|3986.65|3994.26|121
2020.09.10 10:00:00|3991.95|3996.29|3972.24|3981.76|224
2020.09.10 11:00:00|3981.29|3981.29|3966.21|3969.02|239
2020.09.10 12:00:00|3968.67|3988.49|3966.56|3988.03|235
2020.09.10 13:00:00|3987.95|3989.27|3969.05|3972.83|235
2020.09.10 14:00:00|3971.1|3982.44|3971.1|3980.41|238
2020.09.10 15:00:00|3980.57|3986.9|3970.8|3979.98|238
2020.09.10 16:00:00|3980.24|4002.98|3976.98|3995.14|235
2020.09.10 17:00:00|3994.49|3998.03|3960.17|3960.17|242
2020.09.10 18:00:00|3959.9|3977.04|3958.92|3976.02|121
2020.09.11 10:00:00|3966.32|3987.39|3962.43|3971.69|221
2020.09.11 11:00:00|3971.68|3983.6|3960.27|3963.55|236
2020.09.11 12:00:00|3963.47|3970.65|3961.6|3966.65|239
2020.09.11 13:00:00|3966.6|3975.2|3953.96|3971.49|238
2020.09.11 14:00:00|3972.38|3983.32|3971.34|3977.46|234
2020.09.11 15:00:00|3976.91|3982.61|3970.33|3975.4|234
2020.09.11 16:00:00|3975.37|3977.2|3958.3|3961.29|236
2020.09.11 17:00:00|3961.56|3983.91|3958.14|3978.34|240
2020.09.11 18:00:00|3978.09|3993.29|3977.19|3984.92|121
2020.09.14 10:00:00|4006.23|4019.53|4002.31|4004.17|219
2020.09.14 11:00:00|4004.15|4013.59|3989.2|3990.5|238
2020.09.14 12:00:00|3990.58|3996.85|3980.8|3984|237
2020.09.14 13:00:00|3984.04|3988.67|3980.65|3988.67|238
2020.09.14 14:00:00|3988.62|3994.1|3983.17|3991.16|235
2020.09.14 15:00:00|3990.89|4002.08|3988.95|4000.45|233
2020.09.14 16:00:00|4000.3|4002.54|3987.83|3995.94|236
2020.09.14 17:00:00|3996.28|4000.2|3990.97|3993.28|238
2020.09.14 18:00:00|3993.03|3997.15|3988.02|3996.91|118
2020.09.15 10:00:00|4000|4000|3982.14|3987.9|221
2020.09.15 11:00:00|3987.98|4005.66|3982.07|4002.37|237
2020.09.15 12:00:00|4001.47|4017.49|4001.47|4009.79|238
2020.09.15 13:00:00|4009.83|4012.76|4001.2|4012|234
2020.09.15 14:00:00|4011.99|4014.49|4009.51|4010.15|238
2020.09.15 15:00:00|4010.46|4018.32|4008.93|4018.32|232
2020.09.15 16:00:00|4019.44|4020.62|4004.41|4005.95|234
2020.09.15 17:00:00|4006.06|4011.91|4003.26|4011.76|238
2020.09.15 18:00:00|4011.51|4013.91|4005.99|4007.64|118
2020.09.16 10:00:00|4009.85|4015.29|4001.51|4006.09|221
2020.09.16 11:00:00|4005.8|4017.76|4004.6|4012.46|235
2020.09.16 12:00:00|4012.5|4024.79|4012.29|4022.74|236
2020.09.16 13:00:00|4022.36|4022.62|4011.18|4011.6|235
2020.09.16 14:00:00|4011.78|4011.91|4000.75|4003.31|233
2020.09.16 15:00:00|4003.49|4005.77|3993.7|3997.81|237
2020.09.16 16:00:00|3997.88|3998.18|3980.65|3986.7|237
2020.09.16 17:00:00|3986.63|3997.9|3986.63|3996.79|239
2020.09.16 18:00:00|3996.54|4007.27|3995.47|4007.27|121
2020.09.17 10:00:00|3957.58|3982.3|3952.15|3976.19|219
2020.09.17 11:00:00|3976.45|3986.9|3976.45|3983.06|239
2020.09.17 12:00:00|3983.1|3994.78|3983.1|3987.23|239
2020.09.17 13:00:00|3987.04|3993.62|3980.87|3981|239
2020.09.17 14:00:00|3980.12|3986.53|3979.53|3981.9|241
2020.09.17 15:00:00|3981.56|3983.48|3972.96|3973.02|236
2020.09.17 16:00:00|3973.08|3987.08|3970|3986.1|237
2020.09.17 17:00:00|3986.51|3996.86|3984.81|3989.36|239
2020.09.17 18:00:00|3989.11|3996.39|3989.08|3990.67|118
2020.09.18 10:00:00|3982.72|3982.72|3965.64|3969.27|218
2020.09.18 11:00:00|3969.66|3975.53|3965.58|3965.84|236
2020.09.18 12:00:00|3965.5|3984.19|3963.78|3973.65|239
2020.09.18 13:00:00|3974.51|3976.29|3966.59|3975.46|237
2020.09.18 14:00:00|3975.49|3980.29|3969.99|3970.66|236
2020.09.18 15:00:00|3970.75|3972.09|3960.06|3962.94|236
2020.09.18 16:00:00|3962.4|3964.49|3941.74|3948.16|239
2020.09.18 17:00:00|3948.26|3954.85|3939.47|3941.11|241
2020.09.18 18:00:00|3940.86|3949.61|3940.25|3947.42|121
2020.09.21 10:00:00|3898.69|3902.36|3853.69|3857.65|221
2020.09.21 11:00:00|3857.57|3860.91|3826.83|3830.15|238
2020.09.21 12:00:00|3829.94|3843.85|3814.92|3815.51|242
2020.09.21 13:00:00|3815.09|3816.01|3803.2|3809.32|237
2020.09.21 14:00:00|3811.04|3822.89|3805.44|3822.71|237
2020.09.21 15:00:00|3822.74|3822.99|3811.52|3820.57|237
2020.09.21 16:00:00|3821.32|3824.53|3804.88|3819.01|239
2020.09.21 17:00:00|3818.46|3819.93|3780.85|3793.63|239
2020.09.21 18:00:00|3793.38|3802.2|3782.03|3785.97|121
2020.09.22 10:00:00|3808.95|3811.33|3790.05|3807.24|223
2020.09.22 11:00:00|3807.97|3812.95|3790.38|3795.71|239
2020.09.22 12:00:00|3795.91|3807.59|3794.19|3801.59|238
2020.09.22 13:00:00|3801.06|3812.61|3797.43|3810.69|239
2020.09.22 14:00:00|3809.62|3819.89|3799.5|3800.8|238
2020.09.22 15:00:00|3801.05|3806.64|3799.92|3802.81|235
2020.09.22 16:00:00|3802.63|3815.09|3799.74|3800.77|240
2020.09.22 17:00:00|3800.54|3818.18|3796.5|3796.75|241
2020.09.22 18:00:00|3796.5|3798.91|3786.99|3792.69|119
2020.09.23 10:00:00|3813.18|3837.47|3801.62|3837.24|222
2020.09.23 11:00:00|3836.84|3851.12|3834.34|3850.08|242
2020.09.23 12:00:00|3849.78|3853.62|3845.67|3849.63|235
2020.09.23 13:00:00|3849.72|3851.25|3840.28|3846.89|236
2020.09.23 14:00:00|3846.87|3847.5|3834.44|3834.44|237
2020.09.23 15:00:00|3834.26|3834.71|3825.81|3829.67|234
2020.09.23 16:00:00|3829.69|3833.61|3818.38|3818.75|240
2020.09.23 17:00:00|3819.7|3823.14|3805.24|3812|242
2020.09.23 18:00:00|3811.75|3815.84|3802.95|3803.02|121
2020.09.24 10:00:00|3752.28|3784.58|3751.94|3783.66|222
2020.09.24 11:00:00|3783.84|3785.61|3763.71|3770.28|239
2020.09.24 12:00:00|3770.89|3780.99|3764.98|3780.99|240
2020.09.24 13:00:00|3781.27|3797.95|3781.27|3793.42|239
2020.09.24 14:00:00|3793.61|3799.11|3790.3|3791.31|239
2020.09.24 15:00:00|3791.16|3791.18|3773.33|3777.85|241
2020.09.24 16:00:00|3777.67|3783.56|3760.15|3777.19|238
2020.09.24 17:00:00|3776.5|3788.29|3752.11|3761.62|241
2020.09.24 18:00:00|3761.37|3770.76|3753.65|3767.83|121
2020.09.25 10:00:00|3746.49|3763.58|3744.6|3748.71|220
2020.09.25 11:00:00|3748.66|3752.73|3735.74|3750.23|239
2020.09.25 12:00:00|3750.43|3753.31|3716.52|3731.98|237
2020.09.25 13:00:00|3731.56|3732.84|3696.19|3697.66|239
2020.09.25 14:00:00|3698.31|3717.71|3695.95|3716.47|238
2020.09.25 15:00:00|3716|3722.65|3711.18|3722.07|240
2020.09.25 16:00:00|3722.02|3729.22|3715.93|3728.33|238
2020.09.25 17:00:00|3728.26|3741.17|3715.85|3734.44|238
