2020.03.26 15:00:00|4341.25|4429.75|4326.25|4424.75|11722
2020.03.26 16:00:00|4424.25|4453.75|4392.75|4404.25|12184
2020.03.26 17:00:00|4404.75|4486.75|4393.25|4471.25|7658
2020.03.26 18:00:00|4471.75|4545.75|4471.75|4538.25|6767
2020.03.26 19:00:00|4539.25|4545.05|4468.05|4484.55|3680
2020.03.26 20:00:00|4486.75|4538.25|4469.05|4532.55|2965
2020.03.26 21:00:00|4532.05|4559.25|4496.05|4545.55|3426
2020.03.26 22:00:00|4546.55|4566.55|4540.05|4562.75|767
2020.03.27 09:00:00|4503.35|4506.65|4420.4|4430.9|1508
2020.03.27 10:00:00|4430.4|4468.65|4401.4|4407.65|5320
2020.03.27 11:00:00|4408.15|4428.65|4386.4|4415.65|3361
2020.03.27 12:00:00|4416.15|4418.65|4358.4|4360.9|3490
2020.03.27 13:00:00|4361.4|4396.4|4331.9|4338.9|4017
2020.03.27 14:00:00|4339.4|4368.4|4323.4|4338.9|4512
2020.03.27 15:00:00|4337.9|4368.9|4322.4|4330.9|6676
2020.03.27 16:00:00|4330.4|4343.15|4282.15|4291.65|7017
2020.03.27 17:00:00|4292.15|4354.65|4290.15|4338.65|6224
2020.03.27 18:00:00|4337.65|4363.65|4320.15|4340.65|5691
2020.03.27 19:00:00|4341.15|4372.65|4320.65|4357.15|3665
2020.03.27 20:00:00|4357.65|4386.15|4342.15|4385.15|3899
2020.03.27 21:00:00|4383.95|4410.15|4321.95|4341.15|4631
2020.03.27 22:00:00|4340.45|4341.65|4313.45|4314.95|369
2020.03.30 09:00:00|4408.95|4411.75|4330|4354.25|2945
2020.03.30 10:00:00|4353.75|4376.75|4215.75|4218.25|8597
2020.03.30 11:00:00|4218.5|4307.75|4218.5|4285.25|6980
2020.03.30 12:00:00|4285|4330.75|4265.75|4302.75|5633
2020.03.30 13:00:00|4302.25|4322.25|4298.25|4310.25|3248
2020.03.30 14:00:00|4310|4320.75|4255.75|4292.75|3267
2020.03.30 15:00:00|4292.25|4339.75|4277.75|4328.25|3750
2020.03.30 16:00:00|4327.75|4334.25|4293.25|4307.25|6085
2020.03.30 17:00:00|4307.75|4344.25|4302.25|4330.25|6022
2020.03.30 18:00:00|4329.25|4381.25|4327.75|4373.25|5663
2020.03.30 19:00:00|4372.75|4382.75|4357.25|4376.75|3072
2020.03.30 20:00:00|4377.25|4377.75|4349.25|4353.75|2432
2020.03.30 21:00:00|4353.25|4379.25|4334.75|4370.25|2925
2020.03.30 22:00:00|4371.25|4405.25|4362.25|4396.05|4891
2020.03.31 09:00:00|4397.2|4438.75|4374.5|4438.25|3291
2020.03.31 10:00:00|4437.75|4468.25|4418.75|4446.25|7915
2020.03.31 11:00:00|4445.75|4453.25|4430.25|4442.75|4290
2020.03.31 12:00:00|4443.25|4449.75|4412|4425.75|3398
2020.03.31 13:00:00|4426|4427.25|4355.5|4364.25|6022
2020.03.31 14:00:00|4363.25|4379.25|4339.25|4344.25|4232
2020.03.31 15:00:00|4344.75|4365.75|4301.75|4361.25|4720
2020.03.31 16:00:00|4360.75|4392.25|4351.75|4359.75|5494
2020.03.31 17:00:00|4360.25|4396.75|4355.75|4359.25|6012
2020.03.31 18:00:00|4358.75|4400.25|4339.25|4373.75|5978
2020.03.31 19:00:00|4373.25|4375.75|4319.25|4328.05|2949
2020.03.31 20:00:00|4329.25|4338.75|4303.55|4327.25|3197
2020.03.31 21:00:00|4326.55|4335.25|4315.05|4327.25|2263
2020.03.31 22:00:00|4326.75|4347.25|4295.55|4347.25|2840
2020.04.01 09:00:00|4258.85|4261.65|4213.9|4254.9|2079
2020.04.01 10:00:00|4255.9|4272.9|4188.15|4232.15|8050
2020.04.01 11:00:00|4231.65|4255.65|4210.65|4231.65|4790
2020.04.01 12:00:00|4231.15|4262.65|4213.65|4253.65|3170
2020.04.01 13:00:00|4254.15|4265.65|4209.15|4217.65|2672
2020.04.01 14:00:00|4218.15|4228.65|4196.15|4211.15|2926
2020.04.01 15:00:00|4210.65|4222.65|4193.15|4211.65|4520
2020.04.01 16:00:00|4212.15|4230.65|4201.15|4214.45|6279
2020.04.01 17:00:00|4217.45|4234.65|4200.65|4217.65|6121
2020.04.01 18:00:00|4217.15|4240.15|4175.15|4184.65|5908
2020.04.01 19:00:00|4184.15|4184.65|4147.15|4158.15|4120
2020.04.01 20:00:00|4156.95|4188.15|4154.45|4187.15|3412
2020.04.01 21:00:00|4186.65|4194.15|4159.65|4161.15|3270
2020.04.01 22:00:00|4160.65|4167.15|4121.15|4128.95|2418
2020.04.02 09:00:00|4208.25|4243.8|4194.05|4243.55|1395
2020.04.02 10:00:00|4242.8|4246.55|4196.85|4215.85|4967
2020.04.02 11:00:00|4215.35|4234.85|4211.35|4218.55|2700
2020.04.02 12:00:00|4219.05|4228.05|4211.55|4216.3|2873
2020.04.02 13:00:00|4216.05|4249.55|4207.05|4248.55|2278
2020.04.02 14:00:00|4248.3|4248.55|4230.3|4234.55|2333
2020.04.02 15:00:00|4234.05|4237.55|4175.55|4184.05|4627
2020.04.02 16:00:00|4185.05|4197.05|4135.05|4182.05|8605
2020.04.02 17:00:00|4181.55|4263.05|4170.35|4247.05|9803
2020.04.02 18:00:00|4247.55|4250.05|4192.05|4227.55|6386
2020.04.02 19:00:00|4228.55|4248.05|4220.55|4238.55|4082
2020.04.02 20:00:00|4239.05|4246.55|4187.55|4191.05|4746
2020.04.02 21:00:00|4190.55|4203.55|4168.05|4202.55|5193
2020.04.02 22:00:00|4203.05|4243.55|4192.05|4229.85|4010
2020.04.03 09:00:00|4192.15|4218.45|4183.7|4207.45|1841
2020.04.03 10:00:00|4206.45|4215.45|4164.45|4194.45|5849
2020.04.03 11:00:00|4193.95|4199.45|4166.45|4175.45|3685
2020.04.03 12:00:00|4175.95|4185.45|4156.45|4169.95|3830
2020.04.03 13:00:00|4170.45|4186.45|4167.45|4176.95|3027
2020.04.03 14:00:00|4176.7|4209.45|4167.95|4204.45|2747
2020.04.03 15:00:00|4203.95|4206.95|4162.2|4179.95|4302
2020.04.03 16:00:00|4178.95|4193.45|4162.7|4173.95|4664
2020.04.03 17:00:00|4173.25|4185.45|4153.25|4165.45|4860
2020.04.03 18:00:00|4166.45|4169.95|4132.45|4141.45|3900
2020.04.03 19:00:00|4140.95|4143.45|4121.95|4130.95|3370
2020.04.03 20:00:00|4131.45|4144.95|4115.45|4120.45|2360
2020.04.03 21:00:00|4119.95|4130.95|4108.95|4130.95|3224
2020.04.03 22:00:00|4130.45|4153.95|4109.95|4135.75|3089
2020.04.06 09:00:00|4307.55|4316.35|4277.85|4288.85|2645
2020.04.06 10:00:00|4289.35|4313.85|4276.35|4296.35|4764
2020.04.06 11:00:00|4295.85|4298.35|4261.85|4287.35|3016
2020.04.06 12:00:00|4287.85|4309.1|4275.35|4302.85|2683
2020.04.06 13:00:00|4303.35|4310.35|4286.85|4300.85|2109
2020.04.06 14:00:00|4300.6|4305.35|4283.1|4296.85|1956
2020.04.06 15:00:00|4296.6|4311.85|4286.85|4306.85|1749
2020.04.06 16:00:00|4307.85|4332.85|4302.85|4331.85|2866
2020.04.06 17:00:00|4332.35|4346.85|4324.35|4332.85|3373
2020.04.06 18:00:00|4333.85|4355.85|4328.35|4353.85|3005
2020.04.06 19:00:00|4353.35|4370.85|4351.85|4363.85|2430
2020.04.06 20:00:00|4364.35|4373.85|4354.85|4371.35|1712
2020.04.06 21:00:00|4370.85|4373.85|4354.85|4370.85|1632
2020.04.06 22:00:00|4369.65|4415.65|4363.65|4392.65|2362
2020.04.07 09:00:00|4407.8|4470.35|4395.6|4465.35|2659
2020.04.07 10:00:00|4463.85|4525.35|4454.6|4501.35|6554
2020.04.07 11:00:00|4500.85|4517.85|4470.6|4471.85|4217
2020.04.07 12:00:00|4472.35|4484.35|4458.35|4462.85|3626
2020.04.07 13:00:00|4462.35|4502.85|4460.35|4486.35|3649
2020.04.07 14:00:00|4486.6|4490.35|4457.35|4457.6|2299
2020.04.07 15:00:00|4457.35|4478.35|4445.6|4475.35|2799
2020.04.07 16:00:00|4475.85|4488.85|4459.35|4471.85|4742
2020.04.07 17:00:00|4472.35|4474.35|4375.35|4389.85|7638
2020.04.07 18:00:00|4389.35|4444.85|4389.35|4427.35|6654
2020.04.07 19:00:00|4426.65|4453.85|4423.35|4432.35|4362
2020.04.07 20:00:00|4431.85|4442.35|4409.85|4411.35|4123
2020.04.07 21:00:00|4410.85|4419.85|4371.35|4377.35|4690
2020.04.07 22:00:00|4377.85|4405.35|4363.65|4365.85|6098
2020.04.08 09:00:00|4401.1|4401.85|4339.85|4386.6|4735
2020.04.08 10:00:00|4387.1|4398.35|4357.35|4380.35|4550
2020.04.08 11:00:00|4380.85|4381.35|4329.35|4355.35|2977
2020.04.08 12:00:00|4355.85|4360.85|4332.85|4352.85|2253
2020.04.08 13:00:00|4353.35|4372.85|4351.85|4369.35|1736
2020.04.08 14:00:00|4369.6|4387.35|4363.85|4379.35|2446
2020.04.08 15:00:00|4379.1|4399.35|4375.35|4397.35|2852
2020.04.08 16:00:00|4396.85|4413.85|4364.35|4366.35|5294
2020.04.08 17:00:00|4365.85|4399.35|4361.85|4399.35|4488
2020.04.08 18:00:00|4398.85|4447.85|4385.85|4437.85|3541
2020.04.08 19:00:00|4439.35|4443.85|4421.85|4436.15|1804
2020.04.08 20:00:00|4438.85|4446.35|4422.35|4424.35|1275
2020.04.08 21:00:00|4424.85|4459.35|4424.15|4456.15|1203
2020.04.08 22:00:00|4456.85|4465.35|4435.65|4450.35|1323
2020.04.09 09:00:00|4476.45|4506.25|4468.5|4506.25|1273
2020.04.09 10:00:00|4505|4531.75|4499|4520.75|3871
2020.04.09 11:00:00|4520.5|4522.75|4451|4451.75|3058
2020.04.09 12:00:00|4451.25|4458.25|4403.75|4411.75|4319
2020.04.09 13:00:00|4412|4438.75|4405.75|4437.75|3297
2020.04.09 14:00:00|4438.25|4462.25|4409.75|4448.25|4352
2020.04.09 15:00:00|4448.75|4494.75|4424.75|4485.25|5500
2020.04.09 16:00:00|4485.75|4542.25|4480.25|4538.75|7538
2020.04.09 17:00:00|4539.25|4539.25|4469.75|4489.25|7321
2020.04.09 18:00:00|4488.75|4517.25|4463.75|4515.25|6257
2020.04.09 19:00:00|4514.05|4528.75|4507.25|4523.25|2199
2020.04.09 20:00:00|4523.75|4525.75|4505.75|4519.75|1902
2020.04.09 21:00:00|4519.25|4522.75|4480.05|4497.75|2542
2020.04.09 22:00:00|4498.25|4559.75|4490.05|4527.55|2953
2020.04.14 09:00:00|4550.75|4570.05|4543.05|4559.55|3383
2020.04.14 10:00:00|4558.3|4559.05|4511.55|4517.05|3910
2020.04.14 11:00:00|4517.55|4530.3|4507.8|4509.55|660
2020.04.14 12:00:00|4509.8|4517.3|4500.3|4502.55|540
2020.04.14 13:00:00|4503.05|4507.3|4494.3|4498.55|519
2020.04.14 14:00:00|4499.05|4527.55|4498.8|4515.05|633
2020.04.14 15:00:00|4514.55|4527.8|4498.55|4516.55|2849
2020.04.14 16:00:00|4517.05|4575.55|4514.55|4569.05|4004
2020.04.14 17:00:00|4569.55|4575.05|4535.55|4536.05|3591
2020.04.14 18:00:00|4536.55|4548.05|4507.55|4510.05|4693
2020.04.14 19:00:00|4510.55|4543.05|4509.85|4531.55|2078
2020.04.14 20:00:00|4532.05|4535.05|4524.35|4532.05|1282
2020.04.14 21:00:00|4531.55|4536.05|4524.55|4528.55|1068
2020.04.14 22:00:00|4529.55|4531.05|4510.05|4520.55|2060
2020.04.15 09:00:00|4502.4|4511.95|4482.95|4508.45|1842
2020.04.15 10:00:00|4508.95|4520.95|4438.95|4439.95|5365
2020.04.15 11:00:00|4440.45|4462.45|4431.45|4442.95|3468
2020.04.15 12:00:00|4443.45|4444.95|4425.95|4436.45|2918
2020.04.15 13:00:00|4435.95|4452.95|4422.45|4430.95|2626
2020.04.15 14:00:00|4430.45|4442.45|4423.95|4424.95|2231
2020.04.15 15:00:00|4424.7|4428.7|4376.45|4376.45|2834
2020.04.15 16:00:00|4375.95|4390.95|4363.45|4369.95|4621
2020.04.15 17:00:00|4369.45|4374.45|4348.95|4365.95|4482
2020.04.15 18:00:00|4365.45|4365.95|4329.95|4344.45|3693
2020.04.15 19:00:00|4343.95|4362.95|4336.45|4361.45|1746
2020.04.15 20:00:00|4360.95|4382.45|4351.25|4351.95|1539
2020.04.15 21:00:00|4352.95|4374.45|4352.45|4374.45|1360
2020.04.15 22:00:00|4373.45|4376.45|4333.25|4340.45|1610
2020.04.16 09:00:00|4363.9|4402.45|4350.95|4396.45|4022
2020.04.16 10:00:00|4396.95|4412.2|4361.95|4402.95|7135
2020.04.16 11:00:00|4402.45|4415.7|4396.95|4398.45|2420
2020.04.16 12:00:00|4397.95|4399.95|4376.95|4381.2|3902
2020.04.16 13:00:00|4381.45|4387.45|4366.7|4377.95|4777
2020.04.16 14:00:00|4377.45|4380.2|4359.45|4361.2|1826
2020.04.16 15:00:00|4361.45|4385.95|4354.7|4378.95|2621
2020.04.16 16:00:00|4377.7|4384.45|4328.45|4332.95|3259
2020.04.16 17:00:00|4333.45|4350.95|4315.95|4347.45|4535
2020.04.16 18:00:00|4347.95|4368.45|4340.95|4365.45|3782
2020.04.16 19:00:00|4364.45|4368.45|4313.45|4331.45|2004
2020.04.16 20:00:00|4330.95|4339.95|4325.45|4328.45|2161
2020.04.16 21:00:00|4327.95|4338.95|4317.45|4329.45|1988
2020.04.16 22:00:00|4329.95|4358.95|4317.75|4352.95|2100
2020.04.17 09:00:00|4492.65|4497.7|4467.45|4482.45|3514
2020.04.17 10:00:00|4482.95|4509.45|4471.7|4490.95|5880
2020.04.17 11:00:00|4490.45|4507.95|4485.45|4488.2|3046
2020.04.17 12:00:00|4487.95|4547.95|4485.95|4522.45|4986
2020.04.17 13:00:00|4521.45|4535.45|4499.95|4535.45|5479
2020.04.17 14:00:00|4535.95|4537.2|4520.2|4525.95|2103
2020.04.17 15:00:00|4525.7|4529.95|4507.45|4516.45|2411
2020.04.17 16:00:00|4516.7|4516.7|4488.45|4492.45|3815
2020.04.17 17:00:00|4491.95|4504.45|4461.95|4478.45|4221
2020.04.17 18:00:00|4477.95|4499.45|4464.95|4495.95|3587
2020.04.17 19:00:00|4495.45|4507.45|4488.95|4503.45|1259
2020.04.17 20:00:00|4502.45|4505.45|4486.95|4491.45|1109
2020.04.17 21:00:00|4490.95|4496.95|4482.45|4496.45|942
2020.04.17 22:00:00|4496.95|4532.45|4490.95|4523.25|1318
2020.04.20 09:00:00|4528.3|4531.6|4505.35|4528.35|2355
2020.04.20 10:00:00|4527.85|4534.85|4474.85|4506.35|4736
2020.04.20 11:00:00|4505.85|4509.6|4478.35|4484.1|2425
2020.04.20 12:00:00|4484.35|4497.6|4483.1|4486.35|1696
2020.04.20 13:00:00|4486.85|4488.35|4451.1|4452.6|2251
2020.04.20 14:00:00|4452.35|4459.6|4420.35|4425.85|3255
2020.04.20 15:00:00|4426.35|4457.85|4425.6|4455.85|2554
2020.04.20 16:00:00|4456.35|4485.35|4448.1|4484.85|3240
2020.04.20 17:00:00|4485.35|4510.35|4479.85|4503.35|3259
2020.04.20 18:00:00|4502.85|4541.85|4497.35|4533.35|2622
2020.04.20 19:00:00|4533.85|4537.35|4524.85|4529.15|982
2020.04.20 20:00:00|4530.35|4530.35|4511.35|4518.35|1060
2020.04.20 21:00:00|4517.85|4520.35|4465.85|4467.85|1522
2020.04.20 22:00:00|4467.35|4489.35|4463.65|4467.15|2604
2020.04.21 09:00:00|4432.5|4455.05|4429.05|4454.55|1433
2020.04.21 10:00:00|4453.55|4474.55|4410.05|4413.05|1971
2020.04.21 11:00:00|4412.8|4447.3|4412.55|4438.05|1570
2020.04.21 12:00:00|4439.05|4453.55|4404.8|4421.55|1773
2020.04.21 13:00:00|4421.05|4430.05|4398.05|4422.55|1671
2020.04.21 14:00:00|4424.05|4427.55|4393.55|4395.55|1310
2020.04.21 15:00:00|4395.05|4396.05|4378.05|4378.05|1445
2020.04.21 16:00:00|4378.55|4428.05|4376.05|4417.55|1609
2020.04.21 17:00:00|4418.55|4420.8|4386.05|4386.05|1817
2020.04.21 18:00:00|4385.05|4385.05|4343.55|4362.55|1746
2020.04.21 19:00:00|4362.05|4372.05|4354.05|4369.55|1215
2020.04.21 20:00:00|4369.05|4373.05|4355.55|4359.55|950
2020.04.21 21:00:00|4358.05|4381.05|4352.05|4355.05|1219
2020.04.21 22:00:00|4356.05|4389.55|4348.55|4363.35|1452
2020.04.22 09:00:00|4384.9|4403.95|4369.95|4379.95|1475
2020.04.22 10:00:00|4380.7|4386.95|4356.45|4375.45|1981
2020.04.22 11:00:00|4374.45|4406.2|4371.45|4404.95|1518
2020.04.22 12:00:00|4405.2|4406.45|4378.7|4387.45|1255
2020.04.22 13:00:00|4387.7|4389.45|4366.2|4371.95|1140
2020.04.22 14:00:00|4372.45|4378.95|4369.45|4378.45|957
2020.04.22 15:00:00|4377.95|4407.45|4368.95|4405.7|1096
2020.04.22 16:00:00|4405.45|4410.45|4383.45|4388.95|1397
2020.04.22 17:00:00|4390.95|4410.95|4384.45|4396.45|1441
2020.04.22 18:00:00|4395.95|4418.95|4391.45|4407.45|1184
2020.04.22 19:00:00|4407.95|4410.45|4399.95|4402.45|647
2020.04.22 20:00:00|4402.95|4409.45|4396.95|4406.95|435
2020.04.22 21:00:00|4407.45|4423.45|4405.45|4421.45|506
2020.04.22 22:00:00|4420.95|4424.45|4414.95|4420.75|690
2020.04.23 09:00:00|4421.3|4448.35|4420.35|4440.85|2068
2020.04.23 10:00:00|4441.35|4452.1|4390.6|4392.85|6293
2020.04.23 11:00:00|4392.6|4425.35|4390.85|4409.85|3937
2020.04.23 12:00:00|4409.35|4432.85|4406.85|4428.85|2709
2020.04.23 13:00:00|4428.6|4433.85|4406.35|4406.6|1867
2020.04.23 14:00:00|4407.85|4431.1|4407.85|4426.35|1198
2020.04.23 15:00:00|4426.1|4434.35|4411.85|4431.35|1274
2020.04.23 16:00:00|4431.85|4448.35|4420.85|4438.85|1370
2020.04.23 17:00:00|4439.85|4492.35|4432.35|4472.85|1395
2020.04.23 18:00:00|4473.35|4474.35|4426.85|4435.85|1223
2020.04.23 19:00:00|4435.35|4452.85|4395.35|4412.35|1295
2020.04.23 20:00:00|4412.85|4435.35|4390.85|4401.85|1435
2020.04.23 21:00:00|4401.35|4422.85|4395.35|4418.35|1066
2020.04.23 22:00:00|4419.35|4420.1|4389.15|4394.65|986
2020.04.24 09:00:00|4361|4395.85|4356.35|4395.85|2178
2020.04.24 10:00:00|4394.1|4402.85|4370.85|4380.6|6077
2020.04.24 11:00:00|4380.85|4387.85|4361.6|4386.85|3175
2020.04.24 12:00:00|4386.35|4424.85|4386.35|4414.6|3551
2020.04.24 13:00:00|4414.85|4431.35|4406.1|4430.85|2482
2020.04.24 14:00:00|4431.6|4433.85|4412.85|4418.35|2428
2020.04.24 15:00:00|4418.6|4444.6|4417.35|4441.1|2320
2020.04.24 16:00:00|4440.85|4445.35|4404.85|4407.85|3696
2020.04.24 17:00:00|4408.35|4413.35|4393.85|4404.1|4312
2020.04.24 18:00:00|4403.85|4405.1|4382.35|4399.85|3825
2020.04.24 19:00:00|4399.35|4412.35|4396.35|4409.85|1158
2020.04.24 20:00:00|4409.35|4430.35|4405.35|4430.35|740
2020.04.24 21:00:00|4430.85|4435.6|4421.85|4430.85|1337
2020.04.24 22:00:00|4430.35|4450.35|4425.85|4440.15|1769
2020.04.27 09:00:00|4489.45|4491.75|4475.25|4476.25|2442
2020.04.27 10:00:00|4477.25|4482.25|4460.75|4478.75|5433
2020.04.27 11:00:00|4478.5|4480|4455|4465.5|3706
2020.04.27 12:00:00|4465.75|4479|4456.75|4476.75|1848
2020.04.27 13:00:00|4476.5|4476.5|4465.25|4465.25|1292
2020.04.27 14:00:00|4465|4479.5|4464.75|4472.25|1196
2020.04.27 15:00:00|4472.5|4483|4459.75|4460|1825
2020.04.27 16:00:00|4460.25|4465.25|4441.55|4457.25|3415
2020.04.27 17:00:00|4457.5|4476.5|4450|4471.75|3332
2020.04.27 18:00:00|4472.75|4506.25|4466.5|4500.25|3474
2020.04.27 19:00:00|4500.5|4500.75|4493.25|4495.25|1182
2020.04.27 20:00:00|4494.75|4498.75|4491.75|4495.75|938
2020.04.27 21:00:00|4496.25|4518.75|4496.25|4515.75|708
2020.04.27 22:00:00|4516.25|4522.25|4509.5|4510.55|852
2020.04.28 09:00:00|4497.3|4510.35|4495.6|4496.35|1121
2020.04.28 10:00:00|4497.35|4530.35|4488.1|4524.35|4301
2020.04.28 11:00:00|4524.85|4526.85|4505.35|4517.35|3107
2020.04.28 12:00:00|4517.6|4577.6|4515.35|4577.1|4198
2020.04.28 13:00:00|4577.6|4579.6|4557.1|4562.85|3094
2020.04.28 14:00:00|4562.6|4578.6|4559.35|4578.6|1951
2020.04.28 15:00:00|4578.35|4593.1|4574.6|4591.85|2149
2020.04.28 16:00:00|4591.35|4598.6|4562.85|4567.85|4540
2020.04.28 17:00:00|4568.35|4584.1|4533.35|4535.35|7843
2020.04.28 18:00:00|4536.35|4568.1|4532.85|4556.35|6490
2020.04.28 19:00:00|4556.85|4560.35|4540.85|4555.85|3019
2020.04.28 20:00:00|4556.35|4565.35|4551.85|4558.35|1850
2020.04.28 21:00:00|4558.85|4567.85|4553.35|4555.85|1381
2020.04.28 22:00:00|4556.35|4564.6|4530.1|4535.65|1701
2020.04.29 09:00:00|4586.2|4589.25|4569.25|4574.25|1562
2020.04.29 10:00:00|4575.75|4591.75|4554.25|4580.25|4446
2020.04.29 11:00:00|4580|4580|4548.75|4568.75|2520
2020.04.29 12:00:00|4569.25|4578.75|4558.75|4562|1636
2020.04.29 13:00:00|4562.5|4564.25|4549|4564|1370
2020.04.29 14:00:00|4564.25|4569.25|4556.5|4559|1441
2020.04.29 15:00:00|4559.25|4637.75|4557.25|4634.25|4364
2020.04.29 16:00:00|4633.75|4645.25|4618|4631.25|5477
2020.04.29 17:00:00|4630.75|4652.5|4619.25|4648.25|4301
2020.04.29 18:00:00|4649|4682|4642.75|4673.75|4758
2020.04.29 19:00:00|4674.25|4684.25|4667.25|4676.75|1591
2020.04.29 20:00:00|4677.25|4682.25|4664.55|4667.55|797
2020.04.29 21:00:00|4668.05|4674.25|4657.75|4672.75|1970
2020.04.29 22:00:00|4673.25|4684.75|4665.05|4673.75|1582
2020.04.30 09:00:00|4713.4|4713.95|4686.7|4693.95|2632
2020.04.30 10:00:00|4694.45|4715.45|4663.7|4671.95|8595
2020.04.30 11:00:00|4672.45|4689.2|4666.95|4669.2|4380
2020.04.30 12:00:00|4669.45|4682.45|4662.2|4681.95|2761
2020.04.30 13:00:00|4682.45|4688.7|4650.45|4651.45|1957
2020.04.30 14:00:00|4651.2|4658.95|4608.7|4609.45|3642
2020.04.30 15:00:00|4608.95|4651.95|4608.45|4615.95|5081
2020.04.30 16:00:00|4616.2|4618.95|4574.7|4591.95|8179
2020.04.30 17:00:00|4591.45|4599.2|4562.75|4566.25|9249
2020.04.30 18:00:00|4566.75|4583.2|4541.95|4542.45|8223
2020.04.30 19:00:00|4541.95|4543.2|4519.2|4534.45|2942
2020.04.30 20:00:00|4533.95|4541.95|4523.45|4527.45|1377
2020.04.30 21:00:00|4526.45|4545.45|4523.45|4543.45|1446
2020.04.30 22:00:00|4542.95|4559.45|4533.95|4540.25|1900
2020.05.04 09:00:00|4395.3|4425.35|4379.85|4425.35|2980
2020.05.04 10:00:00|4426.35|4428.85|4393.6|4411.35|6839
2020.05.04 11:00:00|4412.35|4425.35|4388.85|4389.35|3775
2020.05.04 12:00:00|4389.1|4392.35|4359.6|4391.6|2972
2020.05.04 13:00:00|4391.35|4404.6|4382.35|4391.35|2325
2020.05.04 14:00:00|4391.85|4401.85|4384.85|4399.35|2509
2020.05.04 15:00:00|4398.1|4417.85|4383.35|4384.35|2862
2020.05.04 16:00:00|4384.1|4394.35|4365.15|4390.35|5086
2020.05.04 17:00:00|4390.6|4410.85|4382.1|4382.6|7263
2020.05.04 18:00:00|4383.1|4389.1|4361.85|4378.35|7394
2020.05.04 19:00:00|4378.85|4391.85|4373.35|4374.85|2394
2020.05.04 20:00:00|4375.35|4382.85|4367.35|4382.35|1032
2020.05.04 21:00:00|4381.85|4395.35|4373.35|4394.35|780
2020.05.04 22:00:00|4393.6|4420.85|4389.35|4417.65|1158
2020.05.05 09:00:00|4423.75|4453.8|4423.75|4453.05|1833
2020.05.05 10:00:00|4454.05|4489.3|4427.8|4480.55|5603
2020.05.05 11:00:00|4480.3|4485.05|4415.3|4417.55|6736
2020.05.05 12:00:00|4417.05|4452.55|4415.55|4450.05|3541
2020.05.05 13:00:00|4450.8|4459.55|4427.8|4445.05|2355
2020.05.05 14:00:00|4444.55|4453.05|4429.05|4442.55|1696
2020.05.05 15:00:00|4442.3|4472.55|4442.3|4461.55|1964
2020.05.05 16:00:00|4461.8|4480.05|4454.05|4478.55|4076
2020.05.05 17:00:00|4479.05|4482.3|4451.3|4459.3|4456
2020.05.05 18:00:00|4458.55|4481.05|4457.8|4475.05|4065
2020.05.05 19:00:00|4475.55|4483.05|4455.55|4455.8|1505
2020.05.05 20:00:00|4456.3|4468.05|4451.8|4465.55|973
2020.05.05 21:00:00|4465.05|4473.05|4458.05|4472.05|868
2020.05.05 22:00:00|4471.55|4471.8|4426.05|4430.85|2520
2020.05.06 09:00:00|4463.9|4485.45|4453.95|4479.45|1803
2020.05.06 10:00:00|4478.95|4480.45|4443.7|4455.95|4256
2020.05.06 11:00:00|4456.45|4480.2|4454.95|4464.95|2810
2020.05.06 12:00:00|4465.45|4477.45|4461.2|4475.95|2310
2020.05.06 13:00:00|4476.2|4479.2|4464.95|4469.95|1763
2020.05.06 14:00:00|4470.45|4475.95|4461.7|4462.2|1430
2020.05.06 15:00:00|4461.95|4466.2|4451.7|4462.95|2369
2020.05.06 16:00:00|4462.7|4473.2|4445.25|4448.45|4056
2020.05.06 17:00:00|4447.95|4462.7|4428.45|4448.95|5789
2020.05.06 18:00:00|4448.7|4454.2|4414.2|4421.2|4607
2020.05.06 19:00:00|4420.95|4433.2|4415.95|4426.95|2780
2020.05.06 20:00:00|4427.2|4437.95|4419.95|4430.95|1113
2020.05.06 21:00:00|4431.45|4431.95|4419.95|4425.45|1615
2020.05.06 22:00:00|4425.95|4431.2|4399.75|4401.25|2022
2020.05.07 09:00:00|4438.1|4445.95|4433.45|4440.95|1198
2020.05.07 10:00:00|4441.45|4467.45|4435.95|4456.45|4541
2020.05.07 11:00:00|4455.95|4462.45|4444.95|4459.95|2637
2020.05.07 12:00:00|4460.45|4473.7|4456.2|4467.95|2062
2020.05.07 13:00:00|4468.2|4471.95|4454.95|4461.95|1841
2020.05.07 14:00:00|4461.45|4495.45|4459.45|4488.7|1697
2020.05.07 15:00:00|4488.95|4490.45|4477.95|4486.7|1700
2020.05.07 16:00:00|4486.45|4500.45|4471.95|4489.95|4730
2020.05.07 17:00:00|4488.2|4489.45|4465.95|4467.95|4872
2020.05.07 18:00:00|4468.95|4512.95|4468.95|4499.95|4828
2020.05.07 19:00:00|4500.45|4505.45|4481.45|4490.95|2060
2020.05.07 20:00:00|4489.95|4493.45|4480.45|4485.95|1317
2020.05.07 21:00:00|4485.45|4486.95|4472.45|4476.95|1093
2020.05.07 22:00:00|4476.45|4484.95|4469.95|4480.2|2083
2020.05.08 09:00:00|4545.4|4547.7|4530.95|4533.95|1034
2020.05.08 10:00:00|4534.45|4545.2|4518.7|4523.45|1599
2020.05.08 11:00:00|4522.45|4530.95|4515.95|4530.95|1104
2020.05.08 12:00:00|4530.7|4538.95|4528.2|4537.95|1102
2020.05.08 13:00:00|4537.7|4545.95|4532.7|4534.95|788
2020.05.08 14:00:00|4534.45|4541.95|4531.2|4539.45|964
2020.05.08 15:00:00|4539.7|4557.95|4529.7|4543.95|2580
2020.05.08 16:00:00|4543.7|4553.45|4526.7|4535.45|3239
2020.05.08 17:00:00|4535.95|4548.2|4530.7|4534.45|2920
2020.05.08 18:00:00|4534.7|4552.7|4529.45|4539.95|2393
2020.05.08 19:00:00|4540.2|4544.45|4535.95|4542.45|936
2020.05.08 20:00:00|4542.7|4542.95|4530.7|4533.2|876
2020.05.08 21:00:00|4532.95|4542.95|4531.2|4540.45|566
2020.05.08 22:00:00|4540.95|4547.95|4535.45|4547.95|1186
2020.05.11 09:00:00|4557.1|4559.15|4546.65|4557.15|1219
2020.05.11 10:00:00|4558.15|4565.4|4544.4|4550.15|3699
2020.05.11 11:00:00|4549.9|4552.15|4509.4|4519.4|2657
2020.05.11 12:00:00|4519.65|4519.65|4490.15|4501.15|2684
2020.05.11 13:00:00|4500.9|4504.4|4475.15|4485.65|2206
2020.05.11 14:00:00|4485.9|4491.15|4467.65|4470.65|2839
2020.05.11 15:00:00|4470.9|4479.65|4454.65|4460.15|3814
2020.05.11 16:00:00|4460.4|4489.4|4458.65|4477.9|4306
2020.05.11 17:00:00|4478.15|4489.4|4471.9|4475.65|4565
2020.05.11 18:00:00|4475.9|4490.65|4470.65|4490.65|3265
2020.05.11 19:00:00|4491.4|4509.15|4483.15|4508.65|1108
2020.05.11 20:00:00|4508.4|4516.4|4504.65|4504.65|889
2020.05.11 21:00:00|4505.15|4511.15|4497.15|4509.65|998
2020.05.11 22:00:00|4510.15|4516.15|4503.95|4504.9|1065
2020.05.12 09:00:00|4480.55|4484.1|4461.1|4466.85|1354
2020.05.12 10:00:00|4467.35|4497.35|4464.85|4481.35|3786
2020.05.12 11:00:00|4481.6|4488.6|4470.1|4478.6|2778
2020.05.12 12:00:00|4478.35|4481.85|4461.35|4473.35|2121
2020.05.12 13:00:00|4473.1|4484.35|4464.1|4476.6|2137
2020.05.12 14:00:00|4476.85|4481.6|4470.6|4472.35|1932
2020.05.12 15:00:00|4472.6|4480.85|4464.35|4477.85|1746
2020.05.12 16:00:00|4478.1|4480.35|4449.15|4457.35|3898
2020.05.12 17:00:00|4457.6|4478.35|4456.35|4476.35|4380
2020.05.12 18:00:00|4476.85|4484.1|4468.1|4478.35|3738
2020.05.12 19:00:00|4478.85|4479.6|4465.85|4470.85|1384
2020.05.12 20:00:00|4471.35|4472.35|4444.85|4455.85|1290
2020.05.12 21:00:00|4456.1|4458.35|4439.15|4445.85|1181
2020.05.12 22:00:00|4445.35|4450.35|4407.65|4407.65|1920
2020.05.13 09:00:00|4415.7|4425.5|4409.75|4418.25|1328
2020.05.13 10:00:00|4417.25|4421.25|4365|4376.5|5353
2020.05.13 11:00:00|4376.25|4393|4371.5|4375.75|3728
2020.05.13 12:00:00|4375.5|4401.25|4371.5|4394.25|3742
2020.05.13 13:00:00|4394.5|4412|4390.5|4398.5|2570
2020.05.13 14:00:00|4398.75|4403.5|4388.75|4398.75|1556
2020.05.13 15:00:00|4399.25|4403|4392.25|4396.75|1671
2020.05.13 16:00:00|4396.5|4396.5|4362|4370.75|7605
2020.05.13 17:00:00|4370.25|4380|4355.55|4360.25|6062
2020.05.13 18:00:00|4360.5|4372.25|4304.25|4314.75|7095
2020.05.13 19:00:00|4315.25|4320.25|4289.75|4312.75|5537
2020.05.13 20:00:00|4312.25|4319.75|4296.75|4310.25|1830
2020.05.13 21:00:00|4310.75|4319.25|4299.25|4299.75|1591
2020.05.13 22:00:00|4299.25|4327.25|4293.25|4326.25|2523
2020.05.14 09:00:00|4299.45|4301.25|4272.25|4288|2293
2020.05.14 10:00:00|4287.75|4310.5|4272.75|4273.25|5631
2020.05.14 11:00:00|4273.5|4274.25|4243.25|4258.75|4221
2020.05.14 12:00:00|4258|4272.25|4252.75|4270.75|3369
2020.05.14 13:00:00|4271|4273|4245.75|4258.25|3258
2020.05.14 14:00:00|4258.5|4263.5|4232.75|4239.25|2923
2020.05.14 15:00:00|4239|4242.25|4201|4221.75|4306
2020.05.14 16:00:00|4221.5|4231.25|4190.75|4191.25|5745
2020.05.14 17:00:00|4191.75|4256.75|4189.75|4245.5|9919
2020.05.14 18:00:00|4246|4283.25|4246|4251.75|8159
2020.05.14 19:00:00|4251.25|4281.75|4245.25|4278.75|2791
2020.05.14 20:00:00|4280.25|4295.75|4272.25|4272.75|1086
2020.05.14 21:00:00|4273|4277.75|4262.25|4273.25|1643
2020.05.14 22:00:00|4273.5|4301.75|4269.75|4300.05|1867
2020.05.15 09:00:00|4295.45|4306|4288.75|4300.75|1279
2020.05.15 10:00:00|4301|4331.25|4300.5|4319.75|5127
2020.05.15 11:00:00|4319.5|4320.75|4301.25|4312.75|3443
2020.05.15 12:00:00|4313|4323|4301.75|4309.25|3484
2020.05.15 13:00:00|4308.75|4315.75|4276|4278.5|4018
2020.05.15 14:00:00|4279.25|4280.75|4253|4258.75|5498
2020.05.15 15:00:00|4257.75|4276.25|4249.75|4271.75|5528
2020.05.15 16:00:00|4272|4298.75|4260.25|4294.25|8419
2020.05.15 17:00:00|4294.5|4307.5|4269|4272.25|9075
2020.05.15 18:00:00|4272.5|4276|4253.5|4266.75|5928
2020.05.15 19:00:00|4266.25|4283.5|4265.25|4274.25|2314
2020.05.15 20:00:00|4273.75|4283.75|4269.75|4279.75|1343
2020.05.15 21:00:00|4280.25|4291.25|4276.25|4278.25|1302
2020.05.15 22:00:00|4277.75|4296.75|4271.25|4288.05|1684
2020.05.18 09:00:00|4334.05|4355.85|4329.1|4347.85|1589
2020.05.18 10:00:00|4348.35|4375.6|4346.85|4374.1|5213
2020.05.18 11:00:00|4373.85|4388.85|4369.35|4373.35|3531
2020.05.18 12:00:00|4373.85|4376.35|4356.35|4362.85|2411
2020.05.18 13:00:00|4363.1|4371.35|4361.1|4370.85|1724
2020.05.18 14:00:00|4371.85|4407.35|4364.6|4404.1|2390
2020.05.18 15:00:00|4404.35|4440.85|4404.1|4432.35|3116
2020.05.18 16:00:00|4432.85|4452.85|4428.1|4444.85|6082
2020.05.18 17:00:00|4445.35|4466.6|4432.35|4465.1|6078
2020.05.18 18:00:00|4465.35|4506.85|4460.6|4499.6|5442
2020.05.18 19:00:00|4499.35|4505.85|4487.35|4491.1|2035
2020.05.18 20:00:00|4491.85|4516.1|4489.1|4510.35|1195
2020.05.18 21:00:00|4510.6|4519.35|4507.35|4511.85|1306
2020.05.18 22:00:00|4511.35|4522.35|4502.15|4505.35|1295
2020.05.19 09:00:00|4506.05|4560.85|4501.35|4545.35|3082
2020.05.19 10:00:00|4546.35|4546.85|4463.35|4474.85|10095
2020.05.19 11:00:00|4475.1|4482.1|4451.35|4477.35|7900
2020.05.19 12:00:00|4476.85|4480.35|4447.85|4454.6|5808
2020.05.19 13:00:00|4455.1|4455.35|4429.85|4449.6|5345
2020.05.19 14:00:00|4449.35|4480.35|4449.1|4468.85|3195
2020.05.19 15:00:00|4468.6|4473.35|4454.35|4463.35|3174
2020.05.19 16:00:00|4463.1|4466.6|4428.35|4440.1|6232
2020.05.19 17:00:00|4440.35|4448.6|4416.85|4443.85|8144
2020.05.19 18:00:00|4444.1|4462.6|4440.35|4445.35|5932
2020.05.19 19:00:00|4445.6|4455.85|4442.35|4446.85|2226
2020.05.19 20:00:00|4446.6|4454.85|4445.1|4451.6|918
2020.05.19 21:00:00|4451.85|4457.6|4427.85|4430.35|1386
2020.05.19 22:00:00|4430.6|4450.1|4410.1|4411.85|3549
2020.05.20 09:00:00|4438.3|4439.35|4425.85|4435.6|2238
2020.05.20 10:00:00|4435.85|4443.6|4392.35|4410.6|7066
2020.05.20 11:00:00|4410.35|4447.35|4409.35|4430.1|5088
2020.05.20 12:00:00|4429.85|4448.1|4413.6|4444.1|3855
2020.05.20 13:00:00|4444.6|4457.6|4432.35|4435.85|4114
2020.05.20 14:00:00|4435.6|4445.6|4424.6|4438.85|2415
2020.05.20 15:00:00|4439.1|4459.85|4435.6|4451.85|2620
2020.05.20 16:00:00|4452.1|4467.35|4448.85|4457.85|5387
2020.05.20 17:00:00|4457.6|4485.35|4453.6|4479.85|5124
2020.05.20 18:00:00|4480.1|4500.35|4476.35|4490.35|4348
2020.05.20 19:00:00|4490.6|4492.6|4469.85|4480.85|2483
2020.05.20 20:00:00|4481.35|4482.35|4465.6|4470.85|1800
2020.05.20 21:00:00|4470.6|4484.35|4466.35|4481.35|1832
2020.05.20 22:00:00|4480.85|4484.6|4472.35|4481.65|1736
2020.05.21 09:00:00|4454.8|4461.35|4449.6|4452.35|1377
2020.05.21 10:00:00|4452.85|4464.6|4432.35|4446.6|3927
2020.05.21 11:00:00|4446.85|4461.1|4428.6|4459.6|3720
2020.05.21 12:00:00|4459.35|4476.6|4449.1|4454.6|4024
2020.05.21 13:00:00|4454.85|4458.6|4443.6|4452.35|2870
2020.05.21 14:00:00|4452.6|4469.1|4451.6|4457.1|2327
2020.05.21 15:00:00|4456.85|4479.6|4453.1|4462.6|2998
2020.05.21 16:00:00|4462.35|4496.6|4459.6|4485.35|5718
2020.05.21 17:00:00|4485.6|4498.6|4462.6|4470.6|9759
2020.05.21 18:00:00|4470.35|4470.35|4433.6|4449.6|7186
2020.05.21 19:00:00|4450.1|4465.35|4446.85|4449.85|2918
2020.05.21 20:00:00|4450.35|4461.85|4448.85|4456.35|1846
2020.05.21 21:00:00|4456.6|4463.35|4449.35|4452.35|1352
2020.05.21 22:00:00|4452.6|4462.6|4449.35|4451.65|1694
2020.05.22 09:00:00|4399.8|4404.6|4378.6|4387.85|1945
2020.05.22 10:00:00|4387.35|4399.85|4367.85|4379.35|6632
2020.05.22 11:00:00|4379.6|4428.35|4378.1|4427.85|5192
2020.05.22 12:00:00|4428.1|4438.1|4414.1|4418.85|3576
2020.05.22 13:00:00|4418.6|4446.1|4418.6|4432.1|3111
2020.05.22 14:00:00|4432.35|4457.6|4428.6|4457.35|3415
2020.05.22 15:00:00|4456.85|4472.85|4456.1|4465.1|4032
2020.05.22 16:00:00|4464.85|4475.85|4447.35|4466.35|6495
2020.05.22 17:00:00|4467.35|4469.1|4436.1|4450.85|8231
2020.05.22 18:00:00|4451.1|4457.6|4439.85|4449.85|5308
2020.05.22 19:00:00|4450.1|4458.35|4444.35|4456.35|1790
2020.05.22 20:00:00|4456.6|4461.85|4454.35|4459.85|987
2020.05.22 21:00:00|4460.35|4468.35|4459.65|4465.85|890
2020.05.22 22:00:00|4465.35|4471.35|4457.35|4468.85|1022
2020.05.25 09:00:00|4487.95|4497.25|4487.5|4489|1356
2020.05.25 10:00:00|4489.25|4489.25|4450.75|4473|3764
2020.05.25 11:00:00|4473.25|4504.75|4463.25|4493.75|3752
2020.05.25 12:00:00|4493.5|4511|4490.25|4507.75|2260
2020.05.25 13:00:00|4508|4514|4496|4510.25|2182
2020.05.25 14:00:00|4510.5|4513|4500.75|4508.5|1748
2020.05.25 15:00:00|4508.25|4525|4504.5|4518|1700
2020.05.25 16:00:00|4518.25|4524|4513.25|4520|1561
2020.05.25 17:00:00|4520.5|4527.5|4513.5|4521|1714
2020.05.25 18:00:00|4521.25|4540.75|4517|4535.5|2061
2020.05.25 19:00:00|4535.75|4538.25|4530|4537|496
2020.05.25 20:00:00|4537.2|4537.5|4533.95|4535.5|101
2020.05.25 21:00:00|4535.2|4538.75|4533.95|4538.75|136
2020.05.25 22:00:00|4538.5|4543.75|4538.45|4542.75|120
2020.05.26 09:00:00|4583.7|4602.5|4581.5|4596.75|2070
2020.05.26 10:00:00|4595.75|4612.75|4580.25|4594.25|7985
2020.05.26 11:00:00|4594|4612.25|4593.5|4604.75|4895
2020.05.26 12:00:00|4605|4615|4599.25|4604.5|3380
2020.05.26 13:00:00|4604.25|4605.75|4585|4587.75|3059
2020.05.26 14:00:00|4587.5|4590.5|4580.5|4585.25|2824
2020.05.26 15:00:00|4585.5|4600.5|4573|4598|2419
2020.05.26 16:00:00|4597.5|4611.5|4596|4598|4996
2020.05.26 17:00:00|4597.75|4616|4592|4615|5987
2020.05.26 18:00:00|4615.25|4620|4598|4602.5|5935
2020.05.26 19:00:00|4602.75|4613.5|4599.75|4612.75|2152
2020.05.26 20:00:00|4612.5|4619|4611|4614.25|1427
2020.05.26 21:00:00|4614.5|4618.25|4608.25|4613.25|1662
2020.05.26 22:00:00|4612.75|4616.25|4586.05|4586.05|2244
2020.05.27 09:00:00|4626.45|4633.75|4616.5|4620.25|1748
2020.05.27 10:00:00|4620.75|4648.5|4608.75|4643.5|7418
2020.05.27 11:00:00|4643.25|4675.75|4641|4671.75|5451
2020.05.27 12:00:00|4672|4705.75|4671.5|4694.25|5833
2020.05.27 13:00:00|4694|4698.5|4679.75|4694|3861
2020.05.27 14:00:00|4695|4703.75|4687|4692.25|4059
2020.05.27 15:00:00|4692|4710.5|4687.5|4696|3364
2020.05.27 16:00:00|4695.75|4709.25|4655|4663.75|7537
2020.05.27 17:00:00|4664|4695.75|4650.75|4667.25|11244
2020.05.27 18:00:00|4668|4686.5|4659.25|4682.25|9701
2020.05.27 19:00:00|4682.75|4693.25|4679.75|4688.25|3453
2020.05.27 20:00:00|4688|4692.25|4675.25|4690.25|2387
2020.05.27 21:00:00|4690|4704.5|4690|4704|2515
2020.05.27 22:00:00|4703.5|4713.25|4699|4706.25|2027
2020.05.28 09:00:00|4731.3|4750.35|4718.85|4718.85|2408
2020.05.28 10:00:00|4719.35|4742.35|4700.6|4732.35|8712
2020.05.28 11:00:00|4732.6|4745.35|4713.35|4728.35|6721
2020.05.28 12:00:00|4728.6|4742.1|4705.1|4707.85|5459
2020.05.28 13:00:00|4708.1|4740.1|4700.6|4735.1|4534
2020.05.28 14:00:00|4734.85|4744.6|4730.35|4733.1|3601
2020.05.28 15:00:00|4732.85|4745.6|4729.1|4744.35|4041
2020.05.28 16:00:00|4744.1|4757.35|4731.1|4750.85|8353
2020.05.28 17:00:00|4751.1|4782.6|4745.85|4764.35|8402
2020.05.28 18:00:00|4764.85|4784.65|4761.1|4769.85|6547
2020.05.28 19:00:00|4770.35|4785.85|4765.6|4783.85|2652
2020.05.28 20:00:00|4783.6|4789.35|4778.6|4782.1|1551
2020.05.28 21:00:00|4782.6|4783.85|4771.1|4777.85|2239
2020.05.28 22:00:00|4778.1|4781.85|4732.6|4732.65|3575
2020.05.29 09:00:00|4737.8|4743.35|4721.85|4734.85|2551
2020.05.29 10:00:00|4735.85|4740.1|4707.6|4714.35|9010
2020.05.29 11:00:00|4714.1|4716.6|4699.6|4709.1|4857
2020.05.29 12:00:00|4709.35|4739.35|4699.6|4735.85|4011
2020.05.29 13:00:00|4735.35|4750.85|4727.85|4739.35|3210
2020.05.29 14:00:00|4739.1|4758.6|4728.85|4751.85|3135
2020.05.29 15:00:00|4751.6|4768.6|4742.6|4744.35|4046
2020.05.29 16:00:00|4744.1|4748.35|4727.1|4729.6|6807
2020.05.29 17:00:00|4730.1|4734.85|4696.35|4703.85|7715
2020.05.29 18:00:00|4704.85|4716.1|4688.1|4698.1|8129
2020.05.29 19:00:00|4698.35|4710.35|4670.35|4703.35|3688
2020.05.29 20:00:00|4703.85|4704.85|4684.1|4686.85|2649
2020.05.29 21:00:00|4686.6|4713.85|4673.85|4713.85|4423
2020.05.29 22:00:00|4714.1|4731.85|4714.1|4723.65|3385
2020.06.01 09:00:00|4750.35|4787.65|4745.15|4781.9|2169
2020.06.01 10:00:00|4783.15|4784.65|4757.4|4757.4|5925
2020.06.01 11:00:00|4757.65|4759.9|4718.9|4745.15|7532
2020.06.01 12:00:00|4744.9|4751.9|4734.4|4736.65|3618
2020.06.01 13:00:00|4736.9|4755.4|4731.9|4754.4|2643
2020.06.01 14:00:00|4754.65|4763.15|4749.9|4753.15|1974
2020.06.01 15:00:00|4753.4|4755.9|4735.9|4740.4|2789
2020.06.01 16:00:00|4740.15|4759.15|4737.9|4749.65|5716
2020.06.01 17:00:00|4749.9|4771.65|4741.9|4769.4|7129
2020.06.01 18:00:00|4769.15|4771.15|4755.9|4765.15|4878
2020.06.01 19:00:00|4765.4|4769.9|4761.15|4767.65|1624
2020.06.01 20:00:00|4768.15|4778.9|4767.65|4777.4|1193
2020.06.01 21:00:00|4777.65|4787.65|4773.65|4787.15|1032
2020.06.01 22:00:00|4787.4|4800.4|4778.9|4798.9|1420
2020.06.02 09:00:00|4792.65|4797.95|4784.2|4797.45|1432
2020.06.02 10:00:00|4796.45|4838.45|4791.7|4826.95|7492
2020.06.02 11:00:00|4827.45|4863.45|4820.2|4852.7|4797
2020.06.02 12:00:00|4852.45|4857.7|4839.2|4846.95|3474
2020.06.02 13:00:00|4846.7|4866.45|4845.2|4861.2|2984
2020.06.02 14:00:00|4860.95|4864.2|4854.2|4857.2|2170
2020.06.02 15:00:00|4856.95|4860.2|4832.2|4843.7|3125
2020.06.02 16:00:00|4843.95|4864.95|4835.45|4862.2|5092
2020.06.02 17:00:00|4862.45|4878.95|4852.7|4863.45|5508
2020.06.02 18:00:00|4863.7|4864.7|4842.45|4852.45|6806
2020.06.02 19:00:00|4852.95|4860.95|4850.95|4859.7|2124
2020.06.02 20:00:00|4859.95|4867.45|4858.45|4863.95|1015
2020.06.02 21:00:00|4863.7|4868.45|4856.45|4866.45|1494
2020.06.02 22:00:00|4866.95|4882.2|4858.95|4880.45|2293
2020.06.03 09:00:00|4921.15|4928.7|4915.45|4919.45|2400
2020.06.03 10:00:00|4919.95|4942.2|4907.95|4939.95|6524
2020.06.03 11:00:00|4940.7|4951.2|4926.2|4944.95|4212
2020.06.03 12:00:00|4945.7|4962.45|4936.95|4955.95|3293
2020.06.03 13:00:00|4956.2|4963.2|4940.7|4941.45|3352
2020.06.03 14:00:00|4941.2|4954.45|4937.95|4945.45|3171
2020.06.03 15:00:00|4945.7|4969.2|4940.45|4963.95|2814
2020.06.03 16:00:00|4963.7|4989.45|4960.95|4982.95|5631
2020.06.03 17:00:00|4982.7|5016.45|4981.95|4998.95|6217
2020.06.03 18:00:00|4998.45|5028.95|4997.95|5019.95|5826
2020.06.03 19:00:00|5019.7|5023.95|5008.95|5009.45|2091
2020.06.03 20:00:00|5009.95|5021.7|5009.95|5020.95|1469
2020.06.03 21:00:00|5020.7|5042.95|5019.95|5039.45|1373
2020.06.03 22:00:00|5039.2|5045.95|5029.95|5032.95|1804
2020.06.04 09:00:00|5010.9|5016.95|4989.2|4990.95|2174
2020.06.04 10:00:00|4991.45|5016.7|4984.2|5016.2|7450
2020.06.04 11:00:00|5016.45|5022.7|5003.7|5005.45|4865
2020.06.04 12:00:00|5005.7|5008.95|4975.2|4981.7|3723
2020.06.04 13:00:00|4982.2|5004.95|4979.2|4993.7|2955
2020.06.04 14:00:00|4993.45|5054.95|4989.7|5033.45|4861
2020.06.04 15:00:00|5032.95|5038.45|4965.2|4987.45|7670
2020.06.04 16:00:00|4987.7|5035.2|4986.95|5029.95|8782
2020.06.04 17:00:00|5029.7|5037.95|5012.95|5022.2|8078
2020.06.04 18:00:00|5022.45|5026.45|5000.2|5005.45|7584
2020.06.04 19:00:00|5005.7|5008.45|4990.7|4991.45|2713
2020.06.04 20:00:00|4991.7|5011.95|4990.45|5010.45|1761
2020.06.04 21:00:00|5009.95|5012.7|4998.45|4998.45|1889
2020.06.04 22:00:00|4997.95|5002.45|4980.2|5000.2|2952
2020.06.05 09:00:00|5067.3|5083.1|5057.35|5065.85|2154
2020.06.05 10:00:00|5065.6|5138.6|5061.1|5137.85|8311
2020.06.05 11:00:00|5137.35|5141.85|5106.85|5113.35|5373
2020.06.05 12:00:00|5113.85|5130.6|5096.85|5129.85|4359
2020.06.05 13:00:00|5130.1|5130.1|5092.85|5097.85|3575
2020.06.05 14:00:00|5098.1|5115.35|5096.1|5107.85|2749
2020.06.05 15:00:00|5108.1|5172.35|5097.6|5156.85|6984
2020.06.05 16:00:00|5156.6|5192.35|5150.85|5168.35|10897
2020.06.05 17:00:00|5168.6|5190.6|5156.35|5171.35|9899
2020.06.05 18:00:00|5171.1|5201.6|5168.85|5186.35|6175
2020.06.05 19:00:00|5186.6|5187.85|5170.35|5181.85|2784
2020.06.05 20:00:00|5182.35|5183.1|5173.6|5174.85|1456
2020.06.05 21:00:00|5175.1|5180.6|5161.35|5164.85|2136
2020.06.05 22:00:00|5165.35|5169.35|5152.85|5166.85|2519
2020.06.08 09:00:00|5177.35|5178.15|5160.9|5161.35|1921
2020.06.08 10:00:00|5160.35|5185.1|5135.6|5154.6|8156
2020.06.08 11:00:00|5154.85|5189.6|5152.6|5188.6|4716
2020.06.08 12:00:00|5188.35|5197.35|5170.35|5174.35|4489
2020.06.08 13:00:00|5174.1|5184.35|5165.1|5169.1|3612
2020.06.08 14:00:00|5168.6|5200.6|5168.6|5198.35|3281
2020.06.08 15:00:00|5197.6|5213.1|5188.35|5197.6|3626
2020.06.08 16:00:00|5197.85|5204.85|5181.6|5194.6|7058
2020.06.08 17:00:00|5195.6|5196.85|5157.35|5168.6|8683
2020.06.08 18:00:00|5168.35|5187.6|5166.85|5175.85|4875
2020.06.08 19:00:00|5176.1|5182.85|5172.35|5178.85|1758
2020.06.08 20:00:00|5179.1|5193.1|5178.85|5191.35|890
2020.06.08 21:00:00|5191.6|5199.85|5190.35|5198.85|969
2020.06.08 22:00:00|5198.35|5229.6|5195.85|5229.6|1356
2020.06.09 09:00:00|5208.95|5220.25|5186.25|5188.75|2079
2020.06.09 10:00:00|5189.25|5203.25|5125.75|5135|9399
2020.06.09 11:00:00|5135.5|5148.5|5059.5|5069|7827
2020.06.09 12:00:00|5068.75|5103.5|5068.5|5080.75|6663
2020.06.09 13:00:00|5081|5088.75|5051.5|5073.25|4479
2020.06.09 14:00:00|5073.75|5109.5|5073.5|5100|3331
2020.06.09 15:00:00|5099.5|5117.5|5089.5|5089.75|3351
2020.06.09 16:00:00|5089.5|5104.25|5083.75|5091.25|6168
2020.06.09 17:00:00|5091.5|5123|5079|5113.5|7951
2020.06.09 18:00:00|5113.25|5118.25|5083|5086.25|6716
2020.06.09 19:00:00|5086.5|5099.25|5075.75|5098.75|1925
2020.06.09 20:00:00|5098.5|5111.75|5094|5106.75|1577
2020.06.09 21:00:00|5106.5|5109.25|5096.25|5104.75|1847
2020.06.09 22:00:00|5104.5|5115.25|5091.75|5096.75|2327
2020.06.10 09:00:00|5132.35|5136.65|5113.65|5114.15|1884
2020.06.10 10:00:00|5114.65|5153.15|5113.65|5136.9|7749
2020.06.10 11:00:00|5136.65|5142.15|5103.65|5106.4|5629
2020.06.10 12:00:00|5106.15|5106.9|5070.65|5077.15|6081
2020.06.10 13:00:00|5076.9|5082.65|5049.15|5076.4|5250
2020.06.10 14:00:00|5076.65|5089.9|5061.4|5084.15|3884
2020.06.10 15:00:00|5083.9|5106.65|5082.65|5104.15|4012
2020.06.10 16:00:00|5103.65|5106.4|5062.15|5072.65|7380
2020.06.10 17:00:00|5072.9|5079.4|5042.4|5053.9|9261
2020.06.10 18:00:00|5053.4|5072.4|5046.4|5055.9|7104
2020.06.10 19:00:00|5055.65|5063.65|5052.4|5061.15|3173
2020.06.10 20:00:00|5060.9|5061.65|5050.15|5050.65|2145
2020.06.10 21:00:00|5050.4|5082.9|5027.65|5039.4|10241
2020.06.10 22:00:00|5039.15|5056.4|5024.4|5037.15|4990
2020.06.11 09:00:00|4954.8|4962.35|4944.85|4950.35|3400
2020.06.11 10:00:00|4950.1|4952.35|4891.85|4898.1|11040
2020.06.11 11:00:00|4898.35|4924.85|4893.6|4898.85|7052
2020.06.11 12:00:00|4899.1|4951.6|4895.35|4948.85|5416
2020.06.11 13:00:00|4948.6|4954.35|4931.35|4937.35|4470
2020.06.11 14:00:00|4937.1|4941.6|4893.35|4901.85|4588
2020.06.11 15:00:00|4901.6|4909.1|4881.35|4889.6|5904
2020.06.11 16:00:00|4889.35|4899.1|4868.35|4891.85|10848
2020.06.11 17:00:00|4892.35|4898.35|4833.6|4836.85|11329
2020.06.11 18:00:00|4836.6|4851.85|4796.6|4808.35|12043
2020.06.11 19:00:00|4808.1|4809.85|4762.6|4769.35|11246
2020.06.11 20:00:00|4768.35|4798.1|4766.1|4792.35|9239
2020.06.11 21:00:00|4792.1|4793.85|4744.35|4750.85|7492
2020.06.11 22:00:00|4750.35|4759.35|4727.85|4735.65|5031
2020.06.12 09:00:00|4804.7|4812.75|4764.25|4767.25|4542
2020.06.12 10:00:00|4767.5|4852.75|4754.25|4828.75|13975
2020.06.12 11:00:00|4829|4900.25|4823|4898.25|8200
2020.06.12 12:00:00|4898|4931.75|4884.75|4930.25|6613
2020.06.12 13:00:00|4929.5|4939|4885.75|4893.25|6714
2020.06.12 14:00:00|4894.5|4920.5|4884.75|4888.75|5687
2020.06.12 15:00:00|4888.25|4902.75|4860|4892.25|6312
2020.06.12 16:00:00|4891.75|4914.75|4880.5|4886.75|10325
2020.06.12 17:00:00|4887.25|4901|4837.75|4837.75|15633
2020.06.12 18:00:00|4836.5|4864.25|4807.25|4863.25|19327
2020.06.12 19:00:00|4863.5|4875.5|4835.25|4850.75|11823
2020.06.12 20:00:00|4851|4853|4789.75|4791.75|11773
2020.06.12 21:00:00|4792|4834.75|4789|4833.25|9508
2020.06.12 22:00:00|4832.75|4868|4819.75|4853.05|4870
2020.06.15 09:00:00|4703.5|4718.55|4679.05|4715.05|6552
2020.06.15 10:00:00|4715.8|4728.55|4688.05|4700.05|13343
2020.06.15 11:00:00|4700.3|4782.05|4687.05|4775.55|8654
2020.06.15 12:00:00|4775.3|4801.8|4746.55|4798.55|7005
2020.06.15 13:00:00|4798.3|4814.05|4762.05|4771.55|6556
2020.06.15 14:00:00|4772.05|4807.3|4766.8|4791.55|4769
2020.06.15 15:00:00|4791.3|4805.55|4776.55|4795.05|5704
2020.06.15 16:00:00|4794.8|4805.8|4760.05|4784.05|9673
2020.06.15 17:00:00|4784.3|4831.3|4774.55|4814.55|13359
2020.06.15 18:00:00|4814.05|4839.55|4808.55|4819.55|13080
2020.06.15 19:00:00|4819.3|4843.3|4815.8|4843.05|6236
2020.06.15 20:00:00|4843.3|4852.55|4837.8|4839.05|4724
2020.06.15 21:00:00|4839.3|4885.55|4839.3|4871.05|8486
2020.06.15 22:00:00|4870.55|4885.55|4845.55|4874.85|3327
2020.06.16 09:00:00|4951.15|4952.95|4927.2|4929.45|4284
2020.06.16 10:00:00|4928.95|4946.95|4898.7|4900.95|12473
2020.06.16 11:00:00|4901.2|4925.45|4883.45|4918.45|8540
2020.06.16 12:00:00|4917.95|4929.2|4903.45|4920.95|5949
2020.06.16 13:00:00|4920.7|4945.95|4914.45|4940.45|4301
2020.06.16 14:00:00|4940.7|4951.7|4930.7|4950.95|2966
2020.06.16 15:00:00|4951.2|4995.2|4948.45|4987.95|5846
2020.06.16 16:00:00|4987.7|4991.45|4960.95|4979.45|8522
2020.06.16 17:00:00|4978.95|5004.95|4909.75|4916.45|14453
2020.06.16 18:00:00|4916.95|4963.7|4888.95|4953.7|20731
2020.06.16 19:00:00|4953.95|4970.2|4938.45|4963.45|11107
2020.06.16 20:00:00|4963.2|4969.45|4948.7|4954.95|7352
2020.06.16 21:00:00|4955.2|4972.2|4942.45|4955.45|9689
2020.06.16 22:00:00|4955.2|4956.7|4925.95|4946.45|3350
2020.06.17 09:00:00|4949.9|4981.45|4948.95|4957.7|3230
2020.06.17 10:00:00|4957.95|5011.45|4948.45|4992.95|10536
2020.06.17 11:00:00|4992.45|5004.2|4976.45|4987.2|6061
2020.06.17 12:00:00|4987.45|4990.2|4952.45|4955.95|6484
2020.06.17 13:00:00|4956.2|5008.45|4951.2|5007.45|4330
2020.06.17 14:00:00|5006.95|5015.45|4997.2|5001.45|3145
2020.06.17 15:00:00|5001.7|5024.95|4998.95|5013.95|2859
2020.06.17 16:00:00|5014.2|5019.45|4987.95|4997.95|5281
2020.06.17 17:00:00|4997.45|5009.2|4963.7|5007.45|8705
2020.06.17 18:00:00|5007.2|5011.7|4985.7|4999.7|7430
2020.06.17 19:00:00|4999.95|5006.45|4989.7|5003.45|2074
2020.06.17 20:00:00|5003.95|5007.95|4999.45|4999.45|828
2020.06.17 21:00:00|4999.95|5003.45|4990.45|4990.95|1198
2020.06.17 22:00:00|4990.45|4993.45|4966.45|4974.75|2521
2020.06.18 09:00:00|4957.4|4987.95|4947.45|4976.95|2702
2020.06.18 10:00:00|4977.45|4983.95|4953.7|4973.95|8385
2020.06.18 11:00:00|4973.45|5016.7|4965.95|5004.95|8220
2020.06.18 12:00:00|5005.45|5017.45|4965.2|4974.45|7369
2020.06.18 13:00:00|4974.95|4975.45|4957.95|4965.45|4261
2020.06.18 14:00:00|4964.95|4967.95|4910.95|4920.45|5133
2020.06.18 15:00:00|4920.2|4943.45|4910.45|4934.45|5547
2020.06.18 16:00:00|4934.7|4939.95|4905.2|4925.45|7523
2020.06.18 17:00:00|4924.95|4951.95|4914.95|4950.95|11317
2020.06.18 18:00:00|4950.7|4963.95|4940.45|4942.7|6395
2020.06.18 19:00:00|4942.95|4949.7|4934.45|4947.45|2267
2020.06.18 20:00:00|4947.95|4954.45|4946.45|4951.95|809
2020.06.18 21:00:00|4951.45|4951.95|4934.2|4934.2|1699
2020.06.18 22:00:00|4934.95|4951.45|4926.95|4947.25|1582
2020.06.19 09:00:00|4965.3|5000.85|4961.85|4996.85|2969
2020.06.19 10:00:00|4996.35|5008.6|4982.85|4995.35|5692
2020.06.19 11:00:00|4995.1|4996.35|4982.35|4995.85|2468
2020.06.19 12:00:00|4995.6|5027.35|4991.1|5014.85|4980
2020.06.19 13:00:00|5015.35|5029.6|5008.35|5020.35|3364
2020.06.19 14:00:00|5020.85|5029.35|5013.35|5028.85|2721
2020.06.19 15:00:00|5028.6|5038.35|5023.6|5034.1|3579
2020.06.19 16:00:00|5033.85|5035.6|4994.35|4995.85|5769
2020.06.19 17:00:00|4996.35|5012.6|4986.1|4989.6|6651
2020.06.19 18:00:00|4990.1|4993.6|4967.35|4968.85|5907
2020.06.19 19:00:00|4968.35|4969.6|4922.35|4950.85|7342
2020.06.19 20:00:00|4951.1|4951.1|4922.85|4922.85|2926
2020.06.19 21:00:00|4923.1|4939.6|4916.65|4936.35|3731
2020.06.19 22:00:00|4935.85|4950.6|4920.6|4920.65|2663
2020.06.22 09:00:00|4920|4931.05|4901.55|4928.55|2627
2020.06.22 10:00:00|4929.05|4978.8|4897.05|4968.3|9648
2020.06.22 11:00:00|4968.05|4989.55|4957.05|4988.05|5364
2020.06.22 12:00:00|4987.8|5004.05|4974.55|4976.55|4604
2020.06.22 13:00:00|4976.8|4984.55|4944.05|4952.05|3242
2020.06.22 14:00:00|4951.8|4959.05|4939.3|4958.55|2980
2020.06.22 15:00:00|4958.3|4965.05|4946.3|4953.55|2770
2020.06.22 16:00:00|4953.3|4959.05|4924.3|4946.05|7068
2020.06.22 17:00:00|4946.3|4958.05|4930.55|4930.8|7109
2020.06.22 18:00:00|4931.05|4959.3|4927.8|4956.05|4988
2020.06.22 19:00:00|4955.8|4976.05|4953.55|4972.05|2029
2020.06.22 20:00:00|4971.8|4974.55|4964.05|4968.55|1099
2020.06.22 21:00:00|4968.05|4980.05|4960.05|4979.55|1280
2020.06.22 22:00:00|4979.8|4981.05|4958.3|4972.85|1709
2020.06.23 09:00:00|4965.3|4985.85|4956.35|4979.6|2533
2020.06.23 10:00:00|4980.35|5034.85|4958.6|5034.6|9472
2020.06.23 11:00:00|5034.1|5035.85|5011.1|5012.35|5786
2020.06.23 12:00:00|5012.1|5027.35|5006.1|5020.6|3453
2020.06.23 13:00:00|5020.35|5034.85|5016.35|5030.1|3898
2020.06.23 14:00:00|5030.35|5040.6|5017.85|5039.35|2416
2020.06.23 15:00:00|5039.1|5045.1|5026.1|5031.85|2331
2020.06.23 16:00:00|5032.1|5035.6|5003.85|5005.85|4868
2020.06.23 17:00:00|5005.35|5013.35|4983.85|4991.35|7590
2020.06.23 18:00:00|4991.85|5025.1|4985.85|5007.6|4927
2020.06.23 19:00:00|5007.85|5011.6|5000.6|5005.85|3069
2020.06.23 20:00:00|5006.1|5013.85|5001.85|5009.85|1312
2020.06.23 21:00:00|5009.35|5009.35|4998.35|5000.35|1915
2020.06.23 22:00:00|4999.85|5003.85|4981.85|4987.85|1997
2020.06.24 09:00:00|4992.35|4998.65|4986.15|4991.15|1472
2020.06.24 10:00:00|4991.65|5003.65|4942.65|4950.65|7699
2020.06.24 11:00:00|4950.9|4955.4|4919.15|4941.15|6717
2020.06.24 12:00:00|4940.9|4950.4|4904.9|4912.15|5752
2020.06.24 13:00:00|4912.4|4934.9|4911.15|4928.65|3422
2020.06.24 14:00:00|4929.15|4943.9|4927.65|4931.15|2489
2020.06.24 15:00:00|4931.4|4941.4|4921.9|4937.65|2631
2020.06.24 16:00:00|4937.9|4945.65|4912.95|4914.65|6997
2020.06.24 17:00:00|4914.4|4924.4|4895.9|4900.15|10312
2020.06.24 18:00:00|4899.9|4905.4|4846.15|4857.15|10905
2020.06.24 19:00:00|4856.9|4888.15|4853.65|4888.15|4777
2020.06.24 20:00:00|4887.65|4891.15|4860.15|4868.15|3235
2020.06.24 21:00:00|4867.65|4882.15|4856.65|4872.65|3065
2020.06.24 22:00:00|4873.15|4895.9|4869.95|4873.15|3276
2020.06.25 09:00:00|4881|4884.8|4845.55|4850.05|2384
2020.06.25 10:00:00|4849.55|4861.3|4792.05|4831.05|10119
2020.06.25 11:00:00|4831.3|4899.55|4828.55|4883.05|7996
2020.06.25 12:00:00|4883.3|4900.3|4862.55|4882.05|5321
2020.06.25 13:00:00|4882.3|4898.55|4868.8|4898.3|5253
2020.06.25 14:00:00|4898.05|4898.05|4868.05|4870.05|4261
2020.06.25 15:00:00|4870.55|4893.05|4864.8|4869.8|5504
2020.06.25 16:00:00|4870.05|4906.55|4869.3|4894.8|9402
2020.06.25 17:00:00|4895.05|4934.55|4892.8|4930.05|11860
2020.06.25 18:00:00|4929.8|4942.05|4908.05|4932.05|8989
2020.06.25 19:00:00|4932.3|4956.8|4932.05|4949.8|2752
2020.06.25 20:00:00|4949.55|4950.55|4940.05|4946.05|1396
2020.06.25 21:00:00|4946.3|4947.05|4933.05|4944.05|1956
2020.06.25 22:00:00|4943.55|4984.05|4939.55|4983.05|2420
2020.06.26 09:00:00|4976.25|4978.8|4966.3|4966.3|2172
2020.06.26 10:00:00|4966.55|4979.05|4948.55|4967.3|6708
2020.06.26 11:00:00|4967.55|4975.55|4929.55|4971.05|5164
2020.06.26 12:00:00|4971.3|4999.8|4962.3|4995.55|4658
2020.06.26 13:00:00|4995.8|5008.3|4991.55|5007.05|3508
2020.06.26 14:00:00|5007.3|5014.55|4989.3|4992.05|2632
2020.06.26 15:00:00|4991.8|4996.55|4970.05|4974.05|3046
2020.06.26 16:00:00|4973.8|4980.55|4955.05|4970.05|7791
2020.06.26 17:00:00|4969.8|4970.05|4906.05|4917.55|13003
2020.06.26 18:00:00|4917.05|4926.3|4906.3|4918.55|8963
2020.06.26 19:00:00|4918.8|4919.3|4894.05|4911.05|4867
2020.06.26 20:00:00|4910.55|4922.55|4908.05|4916.05|2461
2020.06.26 21:00:00|4915.55|4918.55|4892.3|4900.05|2768
2020.06.26 22:00:00|4899.55|4910.05|4888.8|4896.05|3504
2020.06.29 09:00:00|4866.6|4891.9|4857.4|4881.15|3584
2020.06.29 10:00:00|4882.65|4926.9|4879.65|4895.15|9021
2020.06.29 11:00:00|4894.9|4907.65|4866.15|4905.65|5200
2020.06.29 12:00:00|4905.9|4929.4|4895.15|4923.65|4335
2020.06.29 13:00:00|4924.15|4927.4|4899.15|4917.9|3390
2020.06.29 14:00:00|4918.15|4942.65|4915.65|4937.65|2442
2020.06.29 15:00:00|4938.15|4941.9|4915.15|4924.9|2775
2020.06.29 16:00:00|4925.15|4936.15|4897.65|4913.65|6513
2020.06.29 17:00:00|4914.15|4978.15|4914.15|4960.65|8237
2020.06.29 18:00:00|4961.15|4965.65|4940.65|4942.9|6243
2020.06.29 19:00:00|4943.15|4957.15|4942.95|4950.65|2671
2020.06.29 20:00:00|4950.9|4960.15|4949.15|4955.65|826
2020.06.29 21:00:00|4955.9|4957.4|4944.4|4948.4|1196
2020.06.29 22:00:00|4948.65|4961.15|4940.15|4959.9|1554
2020.06.30 09:00:00|4952|4957.8|4938.55|4947.55|2049
2020.06.30 10:00:00|4947.3|4971.05|4934.8|4955.55|7949
2020.06.30 11:00:00|4955.05|4959.3|4913.8|4923.55|5430
2020.06.30 12:00:00|4923.3|4947.3|4920.55|4945.05|4031
2020.06.30 13:00:00|4944.8|4959.05|4941.55|4947.55|2989
2020.06.30 14:00:00|4948.05|4966.3|4944.8|4945.8|2664
2020.06.30 15:00:00|4946.05|4947.55|4919.8|4924.55|2742
2020.06.30 16:00:00|4924.3|4927.05|4900.3|4902.55|5920
2020.06.30 17:00:00|4902.05|4929.55|4901.8|4926.55|7387
2020.06.30 18:00:00|4926.3|4953.05|4923.8|4939.3|5317
2020.06.30 19:00:00|4939.55|4949.05|4926.8|4928.05|3212
2020.06.30 20:00:00|4928.55|4932.3|4922.05|4932.05|1311
2020.06.30 21:00:00|4931.25|4945.3|4926.8|4943.05|1265
2020.06.30 22:00:00|4942.55|4975.05|4935.05|4954.35|1823
2020.07.01 09:00:00|4930.55|4944.35|4921.35|4941.35|1858
2020.07.01 10:00:00|4940.85|4941.85|4918.1|4927.6|2139
2020.07.01 11:00:00|4928.1|4935.1|4922.1|4928.1|1050
2020.07.01 12:00:00|4928.35|4945.1|4893.35|4894.6|4233
2020.07.01 13:00:00|4894.85|4909.1|4862.1|4871.35|6264
2020.07.01 14:00:00|4871.1|4871.85|4849.6|4867.1|5838
2020.07.01 15:00:00|4866.85|4930.6|4855.1|4929.85|5647
2020.07.01 16:00:00|4929.35|4948.1|4913.6|4936.35|8644
2020.07.01 17:00:00|4935.65|4963.6|4927.35|4944.85|9401
2020.07.01 18:00:00|4944.6|4946.1|4916.1|4938.6|6526
2020.07.01 19:00:00|4938.85|4956.35|4935.35|4946.85|2124
2020.07.01 20:00:00|4947.1|4948.35|4937.35|4942.35|1098
2020.07.01 21:00:00|4942.85|4948.35|4938.85|4945.35|1026
2020.07.01 22:00:00|4944.35|4963.35|4944.35|4950.15|1322
2020.07.02 09:00:00|4958.7|4981|4955|4973.5|2465
2020.07.02 10:00:00|4973|5008|4954.5|5000.75|8121
2020.07.02 11:00:00|5001|5019.25|4989.75|5010.25|4840
2020.07.02 12:00:00|5010|5013|4994.25|5005.25|3008
2020.07.02 13:00:00|5005|5008|4986|5006.75|2758
2020.07.02 14:00:00|5007|5017.25|5003|5007.25|2108
2020.07.02 15:00:00|5007|5050.5|4996.5|5044|5192
2020.07.02 16:00:00|5044.25|5068|5035.75|5066.5|6117
2020.07.02 17:00:00|5066.75|5074|5031.25|5032.5|9241
2020.07.02 18:00:00|5032.75|5056.75|5021.5|5051.5|7619
2020.07.02 19:00:00|5051.75|5052.25|5040.5|5047.25|3669
2020.07.02 20:00:00|5047.5|5057.25|5042.75|5052.25|1709
2020.07.02 21:00:00|5052.75|5056.75|5048.25|5050.75|2330
2020.07.02 22:00:00|5051.25|5052.75|5020.55|5026.05|2504
2020.07.03 09:00:00|5040.4|5059.2|5037.95|5051.45|2154
2020.07.03 10:00:00|5051.95|5061.95|5033.7|5042.7|5830
2020.07.03 11:00:00|5042.45|5046.45|5030.2|5034.95|3036
2020.07.03 12:00:00|5034.7|5038.95|5006.7|5007.45|2683
2020.07.03 13:00:00|5007.2|5018.7|4994.2|5017.95|2878
2020.07.03 14:00:00|5017.7|5018.2|4995.95|4999.95|2079
2020.07.03 15:00:00|4999.7|5013.45|4995.7|5002.95|1927
2020.07.03 16:00:00|5003.2|5021.95|4999.2|5009.95|2717
2020.07.03 17:00:00|5009.45|5011.7|4979.7|4995.7|2863
2020.07.03 18:00:00|4995.2|5012.2|4987.2|5009.95|2441
2020.07.03 19:00:00|5010.2|5015.7|5009.45|5012.7|949
2020.07.03 20:00:00|5012.95|5015.45|5009.7|5015.2|274
2020.07.03 21:00:00|5014.95|5023.2|5014.75|5022.2|202
2020.07.03 22:00:00|5022.7|5027.95|5021.15|5023.25|203
2020.07.06 09:00:00|5107.7|5110.25|5093.25|5100|2466
2020.07.06 10:00:00|5101.75|5122.5|5096.75|5099.75|8409
2020.07.06 11:00:00|5100.25|5107.25|5079|5082.25|4906
2020.07.06 12:00:00|5082.5|5095.5|5068|5091.75|3031
2020.07.06 13:00:00|5092|5105.25|5089.25|5092|2720
2020.07.06 14:00:00|5092.5|5092.5|5078.5|5087.5|2102
2020.07.06 15:00:00|5087.75|5100.25|5080.25|5085.75|2293
2020.07.06 16:00:00|5085.5|5090|5072.25|5084.75|5595
2020.07.06 17:00:00|5084.55|5100|5057.05|5081|7463
2020.07.06 18:00:00|5081.25|5091|5076.75|5077.25|4684
2020.07.06 19:00:00|5077|5081.25|5072.5|5080.25|2503
2020.07.06 20:00:00|5080|5084.25|5073.75|5082.75|1071
2020.07.06 21:00:00|5083.25|5083.25|5069.25|5074.25|2388
2020.07.06 22:00:00|5074|5086|5070.25|5086|2517
2020.07.07 09:00:00|5044.2|5048|5033.5|5045.25|1749
2020.07.07 10:00:00|5045.75|5057.5|5020.5|5045.5|6518
2020.07.07 11:00:00|5045.25|5055|5020.5|5025|5277
2020.07.07 12:00:00|5024.5|5027.5|5009.5|5020.75|3214
2020.07.07 13:00:00|5021|5035.5|5004.75|5028.5|3185
2020.07.07 14:00:00|5028.25|5038.25|5025|5030.25|2303
2020.07.07 15:00:00|5030.5|5035.75|5016.5|5023.25|2035
2020.07.07 16:00:00|5023|5035|5018|5030.75|4480
2020.07.07 17:00:00|5031|5047|5023.5|5035.75|5087
2020.07.07 18:00:00|5036|5052|5032|5048.25|3733
2020.07.07 19:00:00|5048.5|5051|5038.25|5043|2595
2020.07.07 20:00:00|5042.75|5047|5036.75|5045.25|2210
2020.07.07 21:00:00|5045.5|5046.25|5029.5|5034.75|1851
2020.07.07 22:00:00|5035|5035|5005.05|5007.75|2630
2020.07.08 09:00:00|5002.2|5005.25|4986.25|5003|2450
2020.07.08 10:00:00|5003.25|5029.75|4994.25|5021.75|7940
2020.07.08 11:00:00|5021.5|5040.5|5008.75|5016|5701
2020.07.08 12:00:00|5016.25|5018.75|4977.75|4991.75|5050
2020.07.08 13:00:00|4991.25|5005.25|4982.75|5003.75|3136
2020.07.08 14:00:00|5004.25|5010.25|4993.25|5005.25|2256
2020.07.08 15:00:00|5005.75|5006.5|4982.75|4989.5|2925
2020.07.08 16:00:00|4989.25|5004.75|4975.75|5002.25|5686
2020.07.08 17:00:00|5002|5007.75|4985|4995|5850
2020.07.08 18:00:00|4994.5|4996.75|4966.75|4982|7240
2020.07.08 19:00:00|4982.25|4996|4981|4992.5|3800
2020.07.08 20:00:00|4992.75|4993.5|4980.5|4981.75|2368
2020.07.08 21:00:00|4982|4996.75|4979.5|4993.75|2395
2020.07.08 22:00:00|4994|5019.5|4993.5|5019.5|2690
2020.07.09 09:00:00|5020.1|5025.65|4998.65|5007.65|2429
2020.07.09 10:00:00|5007.9|5013.15|4970.9|4989.65|7450
2020.07.09 11:00:00|4989.9|5001.4|4983.9|4989.65|3791
2020.07.09 12:00:00|4989.4|4994.15|4977.4|4985.9|3103
2020.07.09 13:00:00|4985.65|4988.15|4972.65|4976.65|2185
2020.07.09 14:00:00|4976.9|4996.9|4975.65|4986.9|2304
2020.07.09 15:00:00|4987.15|5000.9|4985.4|5000.65|2606
2020.07.09 16:00:00|5000.4|5000.9|4974.15|4984.15|5733
2020.07.09 17:00:00|4983.9|4989.9|4930.9|4932.65|9309
2020.07.09 18:00:00|4932.15|4934.65|4900.9|4919.4|13181
2020.07.09 19:00:00|4919.65|4940.4|4917.9|4939.4|5128
2020.07.09 20:00:00|4938.9|4950.15|4930.4|4931.65|2243
2020.07.09 21:00:00|4931.9|4949.65|4929.4|4949.15|2326
2020.07.09 22:00:00|4949.4|4958.15|4931.65|4941.65|3286
2020.07.10 09:00:00|4902.5|4909.05|4878.55|4884.05|2856
2020.07.10 10:00:00|4885.05|4911.55|4878.05|4911.05|7880
2020.07.10 11:00:00|4911.3|4945.8|4911.05|4924.05|6142
2020.07.10 12:00:00|4924.3|4937.8|4909.3|4929.55|4240
2020.07.10 13:00:00|4929.8|4944.05|4922.8|4943.55|2498
2020.07.10 14:00:00|4943.8|4957.3|4933.55|4936.3|2793
2020.07.10 15:00:00|4936.55|4956.05|4925.8|4950.55|4213
2020.07.10 16:00:00|4950.3|4967.05|4945.8|4949.55|8903
2020.07.10 17:00:00|4949.3|4974.3|4940.05|4969.8|8789
2020.07.10 18:00:00|4969.05|4980.3|4960.8|4977.3|5718
2020.07.10 19:00:00|4977.55|4979.8|4958.8|4971.05|3346
2020.07.10 20:00:00|4971.3|4982.55|4969.55|4980.55|1293
2020.07.10 21:00:00|4980.8|4985.05|4975.55|4984.05|829
2020.07.10 22:00:00|4984.3|4998.55|4978.55|4994.35|1582
2020.07.13 09:00:00|5038.05|5042.1|5022.6|5022.6|2101
2020.07.13 10:00:00|5023.1|5034.35|5010.35|5013.85|7331
2020.07.13 11:00:00|5013.6|5015.35|4976.1|4993.35|5230
2020.07.13 12:00:00|4993.85|5014.1|4992.6|5011.6|3464
2020.07.13 13:00:00|5011.1|5031.1|5000.85|5030.6|3174
2020.07.13 14:00:00|5030.35|5046.35|5029.1|5038.6|2972
2020.07.13 15:00:00|5038.35|5040.1|5029.85|5030.1|2249
2020.07.13 16:00:00|5030.35|5041.1|5017.65|5018.65|5233
2020.07.13 17:00:00|5019.15|5039.6|5015.6|5033.6|5159
2020.07.13 18:00:00|5033.35|5060.35|5032.6|5049.1|4759
2020.07.13 19:00:00|5049.35|5054.35|5046.6|5053.35|2714
2020.07.13 20:00:00|5053.6|5064.35|5052.6|5055.35|1931
2020.07.13 21:00:00|5055.85|5057.35|5018.85|5035.35|4279
2020.07.13 22:00:00|5034.85|5036.1|4960.35|4971.1|5854
2020.07.14 09:00:00|4973.7|4994.25|4973.7|4985.75|2412
2020.07.14 10:00:00|4986.5|4990.75|4937.25|4949.75|8987
2020.07.14 11:00:00|4950|4976.5|4948.75|4966.75|5801
2020.07.14 12:00:00|4966.5|4982.75|4960|4971.25|4724
2020.07.14 13:00:00|4971|4975.25|4961|4974.75|3341
2020.07.14 14:00:00|4974.5|4985.5|4967.5|4981.75|3503
2020.07.14 15:00:00|4981.5|4985.25|4953|4955|5088
2020.07.14 16:00:00|4955.25|4990.5|4953.75|4985.25|11621
2020.07.14 17:00:00|4985|5001.25|4960.5|4989.5|15076
2020.07.14 18:00:00|4989.75|5014|4978.5|5005.5|11097
2020.07.14 19:00:00|5005.75|5014|4998|4998.75|5186
2020.07.14 20:00:00|4999|5017.25|4990|5012.75|2753
2020.07.14 21:00:00|5013.25|5023.5|5010.25|5020.75|3166
2020.07.14 22:00:00|5021.25|5037.75|5007.75|5029.25|2995
2020.07.15 09:00:00|5060.9|5064.75|5043.35|5043.85|1475
2020.07.15 10:00:00|5044.1|5056.1|5034.85|5050.85|6152
2020.07.15 11:00:00|5051.1|5068.6|5048.1|5050.85|4200
2020.07.15 12:00:00|5051.1|5069.1|5048.85|5067.35|2435
2020.07.15 13:00:00|5067.6|5125.6|5067.35|5113.85|3644
2020.07.15 14:00:00|5114.1|5134.35|5113.1|5122.85|3608
2020.07.15 15:00:00|5123.1|5133.85|5120.6|5127.1|3201
2020.07.15 16:00:00|5126.85|5129.6|5108.35|5110.35|7736
2020.07.15 17:00:00|5110.6|5143.6|5108.1|5139.85|7591
2020.07.15 18:00:00|5139.6|5143.35|5089.85|5089.85|7810
2020.07.15 19:00:00|5089.6|5104.6|5084.85|5104.35|5012
2020.07.15 20:00:00|5103.85|5112.85|5100.85|5107.85|2205
2020.07.15 21:00:00|5107.6|5117.85|5103.85|5105.1|2432
2020.07.15 22:00:00|5104.6|5123.35|5102.35|5105.85|2451
2020.07.16 09:00:00|5073.8|5086.35|5073.8|5076.1|1878
2020.07.16 10:00:00|5076.35|5087.1|5054.35|5056.35|8489
2020.07.16 11:00:00|5056.1|5063.35|5047.35|5059.85|4282
2020.07.16 12:00:00|5059.6|5071.35|5045.1|5064.6|3166
2020.07.16 13:00:00|5064.35|5073.1|5059.1|5069.35|2857
2020.07.16 14:00:00|5069.6|5077.1|5067.85|5070.35|2346
2020.07.16 15:00:00|5070.1|5076.6|5062.1|5075.35|2406
2020.07.16 16:00:00|5075.1|5101.85|5073.6|5094.6|6966
2020.07.16 17:00:00|5094.35|5103.35|5078.85|5091.85|7586
2020.07.16 18:00:00|5091.6|5098.6|5077.35|5084.35|5258
2020.07.16 19:00:00|5084.6|5088.6|5076.85|5084.85|2425
2020.07.16 20:00:00|5085.1|5097.1|5084.85|5086.85|1231
2020.07.16 21:00:00|5086.35|5092.85|5077.1|5077.85|1537
2020.07.16 22:00:00|5078.1|5093.35|5076.85|5088.35|1770
2020.07.17 09:00:00|5090.3|5095.1|5080.35|5084.85|1633
2020.07.17 10:00:00|5084.35|5089.35|5056.1|5056.6|5045
2020.07.17 11:00:00|5056.35|5066.6|5052.6|5059.1|3006
2020.07.17 12:00:00|5059.35|5075.35|5048.85|5067.1|4378
2020.07.17 13:00:00|5066.85|5078.85|5063.1|5073.85|1816
2020.07.17 14:00:00|5074.1|5075.6|5061.1|5072.1|1771
2020.07.17 15:00:00|5071.85|5079.6|5063.1|5066.1|1773
2020.07.17 16:00:00|5065.6|5074.1|5044.6|5052.6|5671
2020.07.17 17:00:00|5049.6|5061.6|5047.1|5059.6|5003
2020.07.17 18:00:00|5059.35|5078.1|5057.1|5076.1|3286
2020.07.17 19:00:00|5076.6|5079.6|5072.1|5072.35|1839
2020.07.17 20:00:00|5072.6|5074.35|5068.1|5073.1|1563
2020.07.17 21:00:00|5073.35|5081.1|5073.35|5076.6|2346
2020.07.17 22:00:00|5076.35|5087.35|5073.1|5083.1|1484
2020.07.20 09:00:00|5072.5|5074.8|5061.3|5061.8|1429
2020.07.20 10:00:00|5061.3|5064.8|5010.05|5034.3|6825
2020.07.20 11:00:00|5034.8|5073.3|5025.3|5069.05|4427
2020.07.20 12:00:00|5068.8|5084.3|5068.8|5071.55|3502
2020.07.20 13:00:00|5071.3|5073.3|5046.3|5050.05|2250
2020.07.20 14:00:00|5050.3|5077.8|5050.05|5071.05|2622
2020.07.20 15:00:00|5070.8|5082.55|5056.3|5076.05|3071
2020.07.20 16:00:00|5075.8|5101.3|5066.05|5070.8|8267
2020.07.20 17:00:00|5071.3|5092.3|5066.55|5081.05|5722
2020.07.20 18:00:00|5080.8|5094.3|5079.8|5090.05|3209
2020.07.20 19:00:00|5089.8|5093.05|5084.3|5089.55|1789
2020.07.20 20:00:00|5089.8|5093.55|5085.55|5091.55|813
2020.07.20 21:00:00|5091.8|5091.8|5083.05|5083.3|701
2020.07.20 22:00:00|5083.55|5097.55|5080.8|5092.55|1374
2020.07.21 09:00:00|5139.75|5141.05|5126.3|5127.3|2004
2020.07.21 10:00:00|5126.55|5150.8|5118.05|5144.55|8549
2020.07.21 11:00:00|5144.3|5160.55|5134.8|5155.55|4029
2020.07.21 12:00:00|5155.3|5170.05|5152.8|5159.55|2749
2020.07.21 13:00:00|5160.05|5162.3|5148.8|5158.3|2429
2020.07.21 14:00:00|5158.05|5159.3|5146.3|5153.55|2086
2020.07.21 15:00:00|5153.8|5155.3|5136.3|5139.05|2128
2020.07.21 16:00:00|5138.3|5139.8|5125.3|5130.55|4433
2020.07.21 17:00:00|5130.8|5133.8|5093.05|5106.8|6387
2020.07.21 18:00:00|5106.55|5110.8|5081.3|5084.55|5062
2020.07.21 19:00:00|5084.3|5091.3|5080.55|5091.05|3141
2020.07.21 20:00:00|5090.8|5094.3|5086.3|5091.3|1714
2020.07.21 21:00:00|5090.8|5095.3|5089.05|5092.55|1931
2020.07.21 22:00:00|5092.3|5093.55|5065.05|5069.3|3193
2020.07.22 09:00:00|5078.65|5087.45|5074.2|5086.95|1386
2020.07.22 10:00:00|5087.45|5096.95|5044.95|5050.45|8455
2020.07.22 11:00:00|5050.2|5060.7|5035.95|5043.2|6252
2020.07.22 12:00:00|5042.95|5051.2|5024.7|5049.2|4130
2020.07.22 13:00:00|5049.45|5050.2|5029.95|5040.95|2903
2020.07.22 14:00:00|5040.7|5056.2|5040.7|5051.2|2501
2020.07.22 15:00:00|5051.7|5057.95|5039.7|5047.7|3006
2020.07.22 16:00:00|5047.45|5057.45|5036.2|5049.95|4024
2020.07.22 17:00:00|5049.7|5052.7|5034.45|5036.7|4583
2020.07.22 18:00:00|5037.2|5042.2|5022.7|5039.95|3342
2020.07.22 19:00:00|5040.2|5049.7|5037.7|5042.7|2141
2020.07.22 20:00:00|5043.2|5045.95|5031.45|5031.95|1805
2020.07.22 21:00:00|5032.2|5047.7|5031.95|5045.7|2288
2020.07.22 22:00:00|5045.45|5056.95|5044.95|5048.25|2557
2020.07.23 09:00:00|5054.05|5077.35|5052.85|5072.85|2239
2020.07.23 10:00:00|5073.1|5079.6|5037.6|5061.35|6807
2020.07.23 11:00:00|5061.6|5081.6|5058.1|5059.35|4033
2020.07.23 12:00:00|5059.6|5066.35|5050.6|5055.85|2768
2020.07.23 13:00:00|5056.1|5073.6|5054.1|5058.85|2662
2020.07.23 14:00:00|5059.1|5062.1|5050.35|5059.85|2081
2020.07.23 15:00:00|5059.6|5059.85|5029.6|5030.1|3398
2020.07.23 16:00:00|5029.6|5043.1|5029.1|5040.1|5007
2020.07.23 17:00:00|5039.85|5041.6|5014.1|5020.1|5128
2020.07.23 18:00:00|5020.35|5036.1|5016.6|5026.1|4695
2020.07.23 19:00:00|5025.6|5026.6|5008.6|5009.1|4337
2020.07.23 20:00:00|5008.6|5016.6|4988.1|4993.85|3381
2020.07.23 21:00:00|4993.6|4994.6|4974.35|4987.1|5647
2020.07.23 22:00:00|4986.85|4991.35|4976.85|4988.35|4364
2020.07.24 09:00:00|4971.75|4983.25|4959.75|4964.25|2681
2020.07.24 10:00:00|4964.5|4976.25|4923.25|4925.75|8360
2020.07.24 11:00:00|4925.5|4946|4922|4945.75|5231
2020.07.24 12:00:00|4945.5|4974.5|4943|4971|3842
2020.07.24 13:00:00|4971.5|4978.5|4960.25|4967.25|3283
2020.07.24 14:00:00|4967|4980.5|4958|4966|3007
2020.07.24 15:00:00|4966.25|4974|4963|4966|2344
2020.07.24 16:00:00|4965.75|4968.5|4946|4949.5|6220
2020.07.24 17:00:00|4949|4963.5|4945|4958.25|5873
2020.07.24 18:00:00|4958|4960|4942.55|4950|5240
2020.07.24 19:00:00|4950.25|4951.25|4940|4941.75|3539
2020.07.24 20:00:00|4941.5|4948.75|4930.75|4948.25|2586
2020.07.24 21:00:00|4948.5|4956.25|4946.75|4952.25|2259
2020.07.24 22:00:00|4952.5|4955|4937.5|4949|2789
2020.07.27 09:00:00|4963.5|4964.05|4944.3|4945.05|1639
2020.07.27 10:00:00|4944.55|4952.55|4917.55|4938.05|6512
2020.07.27 11:00:00|4937.8|4956.05|4934.8|4938.8|4281
2020.07.27 12:00:00|4939.3|4955.55|4934.05|4952.3|2787
2020.07.27 13:00:00|4952.55|4953.3|4942.8|4946.05|2214
2020.07.27 14:00:00|4945.3|4949.8|4933.8|4946.3|2204
2020.07.27 15:00:00|4946.05|4947.55|4924.3|4934.8|2447
2020.07.27 16:00:00|4934.3|4944.05|4931.8|4933.8|3888
2020.07.27 17:00:00|4935.3|4954.8|4932.8|4949.3|3170
2020.07.27 18:00:00|4948.8|4951.3|4927.3|4935.8|2912
2020.07.27 19:00:00|4936.05|4937.3|4927.55|4935.3|1574
2020.07.27 20:00:00|4935.8|4936.3|4932.3|4935.3|768
2020.07.27 21:00:00|4935.55|4938.3|4926.3|4927.8|1386
2020.07.27 22:00:00|4927.55|4944.55|4927.55|4938.3|1666
2020.07.28 09:00:00|4933.65|4941.45|4927.45|4927.45|1287
2020.07.28 10:00:00|4927.2|4948.45|4915.7|4916.2|5732
2020.07.28 11:00:00|4916.45|4935.2|4915.7|4935.2|3233
2020.07.28 12:00:00|4935.45|4940.2|4909.45|4911.7|3032
2020.07.28 13:00:00|4911.2|4912.95|4888.7|4907.7|3774
2020.07.28 14:00:00|4908.2|4909.7|4891.2|4898.2|2632
2020.07.28 15:00:00|4898.45|4908.7|4891.95|4906.7|2167
2020.07.28 16:00:00|4906.2|4917.45|4901.2|4910.2|5058
2020.07.28 17:00:00|4909.95|4933.2|4908.95|4925.2|5723
2020.07.28 18:00:00|4924.95|4937.2|4916.2|4930.95|4276
2020.07.28 19:00:00|4931.2|4936.2|4927.2|4936.2|2397
2020.07.28 20:00:00|4935.95|4939.7|4931.95|4939.2|1285
2020.07.28 21:00:00|4939.45|4942.45|4936.7|4938.95|1560
2020.07.28 22:00:00|4938.7|4939.7|4912.45|4916.45|2275
2020.07.29 09:00:00|4920.05|4947.1|4918.35|4945.35|1227
2020.07.29 10:00:00|4945.6|4976.6|4943.1|4969.35|4273
2020.07.29 11:00:00|4969.6|4973.6|4958.1|4964.6|2800
2020.07.29 12:00:00|4965.1|4966.1|4954.6|4955.35|2103
2020.07.29 13:00:00|4955.6|4965.6|4950.6|4959.1|1857
2020.07.29 14:00:00|4958.85|4969.1|4957.6|4963.1|2008
2020.07.29 15:00:00|4963.35|4970.6|4954.35|4958.1|1644
2020.07.29 16:00:00|4957.85|4961.6|4950.1|4957.35|3627
2020.07.29 17:00:00|4957.6|4969.6|4955.6|4963.1|2553
2020.07.29 18:00:00|4963.35|4966.6|4954.1|4957.1|2043
2020.07.29 19:00:00|4956.6|4957.1|4951.1|4955.35|1079
2020.07.29 20:00:00|4955.1|4960.6|4953.1|4956.35|541
2020.07.29 21:00:00|4955.85|4970.6|4955.35|4964.1|2069
2020.07.29 22:00:00|4964.35|4977.6|4955.6|4974.35|2591
2020.07.30 09:00:00|4970.2|4972.25|4948.75|4948.75|1455
2020.07.30 10:00:00|4949|4953.75|4915.5|4936.5|9559
2020.07.30 11:00:00|4936.75|4942.25|4902|4902|5749
2020.07.30 12:00:00|4901.75|4912.5|4891.5|4898.5|5267
2020.07.30 13:00:00|4898.25|4904.25|4862.75|4868.75|4666
2020.07.30 14:00:00|4869|4899.5|4868|4897.5|3419
2020.07.30 15:00:00|4897.75|4898.5|4860.5|4860.75|4217
2020.07.30 16:00:00|4860.5|4864|4823.75|4825.5|8720
2020.07.30 17:00:00|4825.25|4830|4796.75|4826.5|9401
2020.07.30 18:00:00|4826.75|4868.5|4824.25|4858.25|6207
2020.07.30 19:00:00|4858.75|4871.5|4847.5|4869|3534
2020.07.30 20:00:00|4868.75|4885.5|4867.75|4875.75|1822
2020.07.30 21:00:00|4876|4884.25|4869.75|4878.75|1732
2020.07.30 22:00:00|4879|4887|4870.75|4879.55|2318
2020.07.31 09:00:00|4837.1|4873.65|4833.65|4858.15|2396
2020.07.31 10:00:00|4856.65|4892.4|4837.65|4876.65|8416
2020.07.31 11:00:00|4876.9|4900.9|4865.9|4884.15|3957
2020.07.31 12:00:00|4884.4|4885.65|4845.15|4845.65|3400
2020.07.31 13:00:00|4845.4|4863.15|4845.15|4852.65|3042
2020.07.31 14:00:00|4852.9|4870.9|4852.4|4862.15|2703
2020.07.31 15:00:00|4861.9|4867.4|4851.4|4858.65|2130
2020.07.31 16:00:00|4858.9|4869.9|4844.9|4857.65|6823
2020.07.31 17:00:00|4857.4|4858.65|4793.4|4799.9|11129
2020.07.31 18:00:00|4799.65|4810.9|4756.65|4759.9|7626
2020.07.31 19:00:00|4760.15|4766.15|4746.15|4748.15|4887
2020.07.31 20:00:00|4747.9|4760.9|4745.15|4754.15|2023
2020.07.31 21:00:00|4753.9|4759.4|4745.4|4759.15|2259
2020.07.31 22:00:00|4758.65|4792.15|4756.65|4788.65|2537
2020.08.03 09:00:00|4809.9|4810.7|4794.7|4795.7|1976
2020.08.03 10:00:00|4795.95|4800.7|4759.95|4794.7|8722
2020.08.03 11:00:00|4794.95|4810.7|4771.7|4789.7|5991
2020.08.03 12:00:00|4789.95|4801.45|4784.45|4800.95|3717
2020.08.03 13:00:00|4801.2|4837.7|4797.95|4830.2|4261
2020.08.03 14:00:00|4830.7|4851.2|4828.7|4851.2|3389
2020.08.03 15:00:00|4851.45|4858.2|4845.7|4854.2|2608
2020.08.03 16:00:00|4854.45|4868.45|4848.7|4864.95|4952
2020.08.03 17:00:00|4864.7|4897.2|4862.95|4879.95|6412
2020.08.03 18:00:00|4880.2|4891.2|4871.7|4872.95|3885
2020.08.03 19:00:00|4873.2|4876.7|4865.95|4869.95|1647
2020.08.03 20:00:00|4870.2|4881.45|4868.45|4879.95|783
2020.08.03 21:00:00|4880.45|4882.45|4874.2|4880.2|826
2020.08.03 22:00:00|4880.45|4881.95|4866.95|4879.45|1409
2020.08.04 09:00:00|4900.3|4913.85|4882.1|4907.35|2542
2020.08.04 10:00:00|4907.1|4920.85|4867.6|4872.35|11130
2020.08.04 11:00:00|4872.1|4907.6|4862.1|4891.1|7704
2020.08.04 12:00:00|4890.85|4899.1|4877.85|4880.6|4481
2020.08.04 13:00:00|4882.1|4886.85|4868.6|4878.6|3607
2020.08.04 14:00:00|4878.35|4885.1|4857.35|4869.6|3554
2020.08.04 15:00:00|4869.35|4872.6|4852.6|4861.6|3188
2020.08.04 16:00:00|4862.1|4884.1|4859.1|4879.35|4724
2020.08.04 17:00:00|4881.65|4893.6|4879.1|4889.1|4788
2020.08.04 18:00:00|4888.6|4896.6|4882.1|4891.1|4356
2020.08.04 19:00:00|4890.85|4892.6|4878.85|4882.85|2516
2020.08.04 20:00:00|4883.1|4890.1|4878.1|4888.1|1298
2020.08.04 21:00:00|4888.35|4890.85|4867.85|4880.85|1986
2020.08.04 22:00:00|4881.1|4893.6|4880.35|4891.65|1690
2020.08.05 09:00:00|4898.2|4913|4896.25|4912.5|1607
2020.08.05 10:00:00|4912.75|4953.5|4912.5|4942.5|7642
2020.08.05 11:00:00|4942.25|4944.25|4903.5|4927.75|4722
2020.08.05 12:00:00|4928|4936.5|4924.5|4936|3171
2020.08.05 13:00:00|4936.25|4939|4923.75|4931.75|2702
2020.08.05 14:00:00|4931.5|4932.25|4921|4930.5|2234
2020.08.05 15:00:00|4930.75|4931|4916|4921|3715
2020.08.05 16:00:00|4921.5|4924.25|4909|4923.75|3781
2020.08.05 17:00:00|4923.55|4930|4916|4921.5|4049
2020.08.05 18:00:00|4921.25|4931.5|4914|4914.25|3270
2020.08.05 19:00:00|4914|4919.5|4910.75|4918.5|1800
2020.08.05 20:00:00|4919|4919|4910.5|4916.5|944
2020.08.05 21:00:00|4917|4918.5|4908.75|4910.25|1005
2020.08.05 22:00:00|4910.5|4913.75|4901.5|4909.05|1725
2020.08.06 09:00:00|4903.3|4909.9|4899.9|4909.9|1700
2020.08.06 10:00:00|4909.4|4949.9|4895.9|4922.15|8123
2020.08.06 11:00:00|4921.9|4922.4|4887.4|4900.9|4962
2020.08.06 12:00:00|4901.15|4906.9|4893.4|4903.4|3047
2020.08.06 13:00:00|4903.15|4903.9|4865.9|4870.9|4015
2020.08.06 14:00:00|4870.65|4879.9|4855.65|4866.4|4122
2020.08.06 15:00:00|4866.15|4905.4|4856.9|4899.9|4429
2020.08.06 16:00:00|4899.65|4900.4|4877.9|4894.65|5825
2020.08.06 17:00:00|4894.4|4903.4|4876.4|4883.9|5229
2020.08.06 18:00:00|4884.15|4888.9|4874.9|4884.15|4727
2020.08.06 19:00:00|4884.4|4893.15|4881.15|4892.9|2536
2020.08.06 20:00:00|4893.15|4893.15|4885.9|4889.9|1162
2020.08.06 21:00:00|4890.15|4909.4|4889.15|4908.15|1703
2020.08.06 22:00:00|4907.9|4913.9|4900.15|4905.45|1727
2020.08.07 09:00:00|4883|4885.55|4870.05|4870.55|1714
2020.08.07 10:00:00|4869.8|4884.55|4855.55|4875.8|7548
2020.08.07 11:00:00|4876.05|4881.3|4852.55|4855.8|4162
2020.08.07 12:00:00|4856.05|4857.05|4837.8|4849.55|3681
2020.08.07 13:00:00|4849.3|4867.8|4847.55|4867.8|2372
2020.08.07 14:00:00|4868.05|4871.3|4864.3|4867.3|2223
2020.08.07 15:00:00|4867.05|4893.55|4861.8|4871.3|4508
2020.08.07 16:00:00|4871.05|4883.3|4864.8|4881.55|4960
2020.08.07 17:00:00|4881.3|4892.05|4872.55|4885.3|4339
2020.08.07 18:00:00|4885.05|4890.3|4877.05|4880.55|3541
2020.08.07 19:00:00|4880.8|4894.3|4879.55|4885.55|2652
2020.08.07 20:00:00|4885.8|4889.3|4873.8|4877.55|3216
2020.08.07 21:00:00|4877.3|4882.05|4869.8|4880.55|3640
2020.08.07 22:00:00|4881.05|4898.3|4877.05|4897.3|2724
2020.08.10 09:00:00|4916.3|4917.35|4904.1|4905.6|1183
2020.08.10 10:00:00|4905.1|4935.1|4889.85|4909.1|8472
2020.08.10 11:00:00|4908.6|4912.6|4873.35|4888.85|6733
2020.08.10 12:00:00|4888.6|4911.1|4885.35|4906.85|3242
2020.08.10 13:00:00|4907.1|4917.85|4898.1|4915.1|2513
2020.08.10 14:00:00|4914.85|4915.1|4898.85|4905.85|2123
2020.08.10 15:00:00|4905.6|4909.1|4898.1|4905.85|1590
2020.08.10 16:00:00|4905.6|4919.6|4902.1|4908.35|3315
2020.08.10 17:00:00|4908.1|4916.6|4893.1|4893.1|4227
2020.08.10 18:00:00|4893.35|4916.6|4890.6|4915.1|4470
2020.08.10 19:00:00|4915.35|4916.6|4903.85|4913.85|2421
2020.08.10 20:00:00|4914.1|4921.1|4912.35|4917.6|1818
2020.08.10 21:00:00|4917.85|4923.1|4914.6|4922.85|1785
2020.08.10 22:00:00|4922.6|4928.35|4919.1|4925.65|2291
2020.08.11 09:00:00|4957.95|4964.75|4938.5|4943.75|2448
2020.08.11 10:00:00|4944.25|5009.3|4942.5|5007.8|8231
2020.08.11 11:00:00|5007.3|5036.3|4998.3|5036.05|4647
2020.08.11 12:00:00|5035.8|5049.8|5025.3|5037.55|4403
2020.08.11 13:00:00|5037.3|5042.8|5032.8|5037.3|2431
2020.08.11 14:00:00|5036.8|5046.05|5031.3|5033.05|2427
2020.08.11 15:00:00|5033.3|5046.8|5032.3|5044.8|2932
2020.08.11 16:00:00|5044.55|5049.8|5024.55|5027.05|5437
2020.08.11 17:00:00|5027.3|5029.8|5007.3|5016.05|6068
2020.08.11 18:00:00|5015.8|5027.55|5014.3|5024.8|3958
2020.08.11 19:00:00|5024.55|5028.3|5018.8|5023.3|2380
2020.08.11 20:00:00|5023.55|5031.05|5020.3|5030.55|1857
2020.08.11 21:00:00|5030.8|5031.8|5014.8|5019.55|2837
2020.08.11 22:00:00|5019.3|5019.55|4970.05|4973.05|4577
2020.08.12 09:00:00|4992.9|5019.95|4989.2|5014.7|2283
2020.08.12 10:00:00|5014.45|5042.7|5004.7|5037.7|5659
2020.08.12 11:00:00|5038.2|5041.7|5021.7|5035.7|4226
2020.08.12 12:00:00|5035.45|5042.2|5032.2|5037.2|2462
2020.08.12 13:00:00|5036.95|5049.2|5035.2|5048.7|1917
2020.08.12 14:00:00|5048.45|5048.7|5039.45|5046.2|1984
2020.08.12 15:00:00|5046.45|5062.95|5042.7|5062.7|3010
2020.08.12 16:00:00|5062.2|5064.95|5055.2|5060.7|3624
2020.08.12 17:00:00|5060.95|5094.7|5058.7|5083.2|4869
2020.08.12 18:00:00|5083.45|5089.7|5066.2|5073.95|4170
2020.08.12 19:00:00|5074.2|5085.2|5070.45|5070.95|1565
2020.08.12 20:00:00|5071.2|5075.95|5063.2|5075.45|1589
2020.08.12 21:00:00|5075.7|5076.45|5071.7|5075.2|1841
2020.08.12 22:00:00|5075.95|5081.7|5065.45|5072.45|2323
2020.08.13 09:00:00|5056.05|5058.85|5044.1|5052.1|1647
2020.08.13 10:00:00|5052.35|5076.6|5051.85|5068.6|5998
2020.08.13 11:00:00|5068.85|5072.1|5053.1|5060.85|3856
2020.08.13 12:00:00|5060.6|5069.1|5060.1|5063.35|2050
2020.08.13 13:00:00|5063.1|5067.6|5057.1|5059.6|1599
2020.08.13 14:00:00|5059.85|5062.35|5055.1|5055.85|1590
2020.08.13 15:00:00|5055.6|5058.1|5044.85|5050.6|2419
2020.08.13 16:00:00|5050.85|5051.6|5033.85|5047.6|5552
2020.08.13 17:00:00|5047.35|5049.6|5039.1|5044.1|4278
2020.08.13 18:00:00|5044.35|5052.85|5036.85|5043.85|3248
2020.08.13 19:00:00|5044.1|5047.35|5042.1|5046.6|1162
2020.08.13 20:00:00|5047.1|5048.1|5030.1|5036.6|1799
2020.08.13 21:00:00|5037.1|5037.65|5017.35|5023.85|3306
2020.08.13 22:00:00|5024.1|5038.6|5020.35|5030.35|2612
2020.08.14 09:00:00|5042.3|5047.85|5023.35|5023.35|1180
2020.08.14 10:00:00|5023.1|5026.1|4955.35|4969.1|7347
2020.08.14 11:00:00|4969.35|4969.35|4918.6|4926.1|6368
2020.08.14 12:00:00|4926.35|4943.6|4917.1|4942.6|3362
2020.08.14 13:00:00|4942.85|4951.6|4929.6|4950.1|2361
2020.08.14 14:00:00|4950.35|4955.6|4946.1|4952.1|1824
2020.08.14 15:00:00|4951.6|4964.6|4947.35|4952.1|2424
2020.08.14 16:00:00|4951.85|4959.6|4942.85|4957.35|5092
2020.08.14 17:00:00|4956.85|4968.1|4952.35|4961.6|4967
2020.08.14 18:00:00|4961.35|4970.6|4951.1|4956.6|3182
2020.08.14 19:00:00|4956.85|4959.6|4950.6|4952.6|1669
2020.08.14 20:00:00|4952.1|4957.1|4951.1|4954.1|1086
2020.08.14 21:00:00|4953.6|4954.1|4941.6|4941.85|1308
2020.08.14 22:00:00|4942.6|4951.1|4934.85|4950.35|1694
2020.08.17 09:00:00|4960|4960.8|4947.3|4960.3|1575
2020.08.17 10:00:00|4959.3|4996.3|4935.8|4975.05|6709
2020.08.17 11:00:00|4974.8|4976.55|4949.55|4964.55|4798
2020.08.17 12:00:00|4964.3|4977.3|4956.05|4956.55|2669
2020.08.17 13:00:00|4956.8|4968.55|4954.8|4968.55|1784
2020.08.17 14:00:00|4968.8|4969.3|4959.05|4964.3|1830
2020.08.17 15:00:00|4964.8|4973.8|4962.3|4962.55|1859
2020.08.17 16:00:00|4962.8|4975.05|4961.8|4966.05|3018
2020.08.17 17:00:00|4966.3|4974.8|4959.8|4971.8|2411
2020.08.17 18:00:00|4971.3|4977.8|4966.3|4972.8|1998
2020.08.17 19:00:00|4973.05|4974.8|4969.05|4972.3|913
2020.08.17 20:00:00|4971.8|4972.8|4969.05|4970.55|1152
2020.08.17 21:00:00|4970.8|4971.3|4967.8|4968.8|941
2020.08.17 22:00:00|4968.3|4971.55|4963.55|4971.55|906
2020.08.18 09:00:00|4962.65|4968.7|4943.95|4951.7|1766
2020.08.18 10:00:00|4951.45|4958.2|4921.2|4953.95|6858
2020.08.18 11:00:00|4953.7|4984.7|4953.45|4971.95|3849
2020.08.18 12:00:00|4971.7|4995.2|4968.2|4988.7|3343
2020.08.18 13:00:00|4988.45|4999.2|4984.2|4998.7|2466
2020.08.18 14:00:00|4998.2|4999.7|4979.7|4981.95|2267
2020.08.18 15:00:00|4981.7|4983.7|4968.95|4976.2|2279
2020.08.18 16:00:00|4975.95|4976.2|4947.7|4949.95|3519
2020.08.18 17:00:00|4949.7|4952.7|4922.45|4932.2|5861
2020.08.18 18:00:00|4932.45|4938.2|4924.95|4932.95|3246
2020.08.18 19:00:00|4933.2|4938.2|4927.7|4936.7|920
2020.08.18 20:00:00|4937.2|4939.7|4931.2|4934.7|739
2020.08.18 21:00:00|4934.75|4939.2|4933.2|4935.95|854
2020.08.18 22:00:00|4936.45|4941.2|4925.95|4927.2|1254
2020.08.19 09:00:00|4937.4|4941.45|4927.7|4930.7|1269
2020.08.19 10:00:00|4930.2|4955.2|4914.2|4946.7|6590
2020.08.19 11:00:00|4946.2|4947.45|4929.95|4941.95|3261
2020.08.19 12:00:00|4941.7|4955.7|4940.45|4951.2|2394
2020.08.19 13:00:00|4951.45|4951.95|4934.95|4942.95|1901
2020.08.19 14:00:00|4943.2|4946.2|4937.7|4944.45|1274
2020.08.19 15:00:00|4944.7|4948.2|4934.95|4946.2|1357
2020.08.19 16:00:00|4946.45|4958.45|4946.45|4950.7|2914
2020.08.19 17:00:00|4950.95|4962.95|4948.7|4962.7|2267
2020.08.19 18:00:00|4963.2|4978.95|4959.2|4977.45|2186
2020.08.19 19:00:00|4977.7|4977.7|4964.2|4964.45|1070
2020.08.19 20:00:00|4964.7|4971.2|4964.2|4966.7|565
2020.08.19 21:00:00|4966.95|4971.2|4956.95|4965.45|3150
2020.08.19 22:00:00|4965.7|4968.45|4947.45|4952.95|2118
2020.08.20 09:00:00|4909.05|4923.45|4906.6|4916.95|1557
2020.08.20 10:00:00|4917.95|4937.7|4901.7|4914.2|7288
2020.08.20 11:00:00|4913.7|4916.2|4885.45|4901.7|4487
2020.08.20 12:00:00|4901.2|4912.7|4897.95|4906.45|2729
2020.08.20 13:00:00|4906.7|4931.2|4903.2|4927.45|2425
2020.08.20 14:00:00|4927.2|4930.45|4907.7|4910.2|2295
2020.08.20 15:00:00|4909.95|4913.7|4901.95|4909.2|2603
2020.08.20 16:00:00|4908.95|4913.2|4898.7|4908.95|4060
2020.08.20 17:00:00|4909.2|4920.45|4898.2|4911.2|3589
2020.08.20 18:00:00|4911.7|4916.95|4902.7|4915.7|3026
2020.08.20 19:00:00|4915.2|4920.7|4913.45|4916.2|1192
2020.08.20 20:00:00|4916.45|4921.45|4914.45|4919.2|1194
2020.08.20 21:00:00|4919.45|4924.7|4918.2|4923.95|1293
2020.08.20 22:00:00|4922.45|4930.45|4919.25|4919.25|1355
2020.08.21 09:00:00|4930.4|4930.95|4918.2|4923.2|1214
2020.08.21 10:00:00|4923.7|4937.2|4889.2|4928.7|7159
2020.08.21 11:00:00|4928.45|4933.45|4910.95|4916.45|4198
2020.08.21 12:00:00|4916.7|4938.7|4910.45|4923.45|3335
2020.08.21 13:00:00|4923.7|4928.95|4897.45|4903.45|3032
2020.08.21 14:00:00|4903.2|4907.45|4872.7|4872.95|3436
2020.08.21 15:00:00|4873.2|4873.2|4844.7|4845.95|5077
2020.08.21 16:00:00|4845.7|4879.7|4836.7|4876.95|6926
2020.08.21 17:00:00|4877.45|4895.7|4870.45|4888.45|5645
2020.08.21 18:00:00|4888.7|4897.2|4880.7|4884.45|4633
2020.08.21 19:00:00|4884.7|4892.7|4882.95|4886.45|1365
2020.08.21 20:00:00|4886.7|4891.2|4884.45|4891.2|1173
2020.08.21 21:00:00|4891.45|4904.2|4890.45|4900.95|1101
