2020.02.05 18:30:00|34.29|34.51|34.21|34.4|569
2020.02.05 19:30:00|34.39|34.65|34.39|34.52|372
2020.02.05 20:30:00|34.52|34.61|34.33|34.61|315
2020.02.05 21:30:00|34.61|34.78|34.58|34.73|459
2020.02.05 22:30:00|34.74|35|34.73|34.88|193
2020.02.06 16:30:00|34.83|34.91|34.16|34.35|2050
2020.02.06 17:30:00|34.34|34.71|34.33|34.63|405
2020.02.06 18:30:00|34.62|34.62|34.42|34.49|200
2020.02.06 19:30:00|34.49|34.49|34.33|34.34|116
2020.02.06 20:30:00|34.35|34.41|34.29|34.35|147
2020.02.06 21:30:00|34.33|34.42|34.27|34.3|130
2020.02.06 22:30:00|34.29|34.31|34.21|34.29|89
2020.02.07 16:30:00|34.01|34.05|33.72|33.99|1067
2020.02.07 17:30:00|34|34|33.85|34|297
2020.02.07 18:30:00|33.99|34.06|33.79|33.82|274
2020.02.07 19:30:00|33.79|33.82|33.48|33.51|247
2020.02.07 20:30:00|33.49|33.57|33.33|33.46|311
2020.02.07 21:30:00|33.44|33.55|33.38|33.48|232
2020.02.07 22:30:00|33.47|33.6|33.47|33.54|155
2020.02.10 16:30:00|33.7|33.99|33.58|33.64|860
2020.02.10 17:30:00|33.65|33.81|33.6|33.79|250
2020.02.10 18:30:00|33.8|33.86|33.71|33.85|228
2020.02.10 19:30:00|33.81|33.98|33.79|33.97|170
2020.02.10 20:30:00|33.95|34.13|33.92|34.13|123
2020.02.10 21:30:00|34.11|34.2|34.06|34.15|212
2020.02.10 22:30:00|34.14|34.15|34.03|34.13|134
2020.02.11 16:30:00|34.23|34.4|33.98|34.39|688
2020.02.11 17:30:00|34.35|34.61|34.35|34.54|229
2020.02.11 18:30:00|34.51|34.79|34.46|34.79|212
2020.02.11 19:30:00|34.8|35.06|34.76|35.01|161
2020.02.11 20:30:00|35.02|35.16|34.94|35.04|258
2020.02.11 21:30:00|35.03|35.07|34.89|34.96|264
2020.02.11 22:30:00|34.97|35.04|34.91|34.92|111
2020.02.12 16:30:00|35.16|35.69|35.16|35.61|804
2020.02.12 17:30:00|35.62|35.66|35.18|35.22|333
2020.02.12 18:30:00|35.23|35.29|35.04|35.21|242
2020.02.12 19:30:00|35.18|35.32|35.16|35.21|173
2020.02.12 20:30:00|35.22|35.34|35.18|35.28|124
2020.02.12 21:30:00|35.27|35.43|35.26|35.42|171
2020.02.12 22:30:00|35.42|35.45|35.35|35.41|62
2020.02.13 16:30:00|35.11|35.43|35.09|35.22|882
2020.02.13 17:30:00|35.22|35.34|35.16|35.21|291
2020.02.13 18:30:00|35.2|35.33|35.15|35.33|159
2020.02.13 19:30:00|35.33|35.34|35.07|35.19|205
2020.02.13 20:30:00|35.17|35.25|35.13|35.25|162
2020.02.13 21:30:00|35.24|35.3|35.19|35.25|186
2020.02.13 22:30:00|35.21|35.28|35.18|35.21|107
2020.02.14 16:30:00|35.18|35.28|34.95|34.95|624
2020.02.14 17:30:00|34.94|35.01|34.67|34.75|304
2020.02.14 18:30:00|34.76|34.82|34.56|34.56|215
2020.02.14 19:30:00|34.52|34.64|34.39|34.49|175
2020.02.14 20:30:00|34.48|34.49|34.31|34.49|218
2020.02.14 21:30:00|34.48|34.56|34.44|34.56|172
2020.02.14 22:30:00|34.57|34.66|34.55|34.66|101
2020.02.18 16:30:00|34.19|34.65|34.19|34.35|1030
2020.02.18 17:30:00|34.33|34.36|33.87|34|376
2020.02.18 18:30:00|34.01|34.09|33.89|34.06|296
2020.02.18 19:30:00|34.05|34.29|34.02|34.2|173
2020.02.18 20:30:00|34.2|34.36|34.12|34.31|180
2020.02.18 21:30:00|34.3|34.39|34.27|34.37|156
2020.02.18 22:30:00|34.36|34.37|34.28|34.31|97
2020.02.19 16:30:00|34.51|34.93|34.46|34.61|788
2020.02.19 17:30:00|34.59|34.84|34.59|34.7|215
2020.02.19 18:30:00|34.67|34.92|34.66|34.91|172
2020.02.19 19:30:00|34.89|35|34.85|34.89|128
2020.02.19 20:30:00|34.9|34.9|34.7|34.73|168
2020.02.19 21:30:00|34.74|34.91|34.69|34.81|169
2020.02.19 22:30:00|34.82|34.86|34.77|34.85|80
2020.02.20 16:30:00|34.45|35.3|34.45|35.18|584
2020.02.20 17:30:00|35.17|35.25|34.95|34.95|341
2020.02.20 18:30:00|34.96|34.99|34.79|34.98|860
2020.02.20 19:30:00|34.99|35.27|34.95|35.23|334
2020.02.20 20:30:00|35.24|35.26|35.17|35.18|221
2020.02.20 21:30:00|35.16|35.26|35.16|35.16|214
2020.02.20 22:30:00|35.17|35.22|35.14|35.18|94
2020.02.21 16:30:00|34.96|34.98|34.37|34.53|1158
2020.02.21 17:30:00|34.51|34.54|34.3|34.47|334
2020.02.21 18:30:00|34.45|34.5|34.32|34.36|136
2020.02.21 19:30:00|34.32|34.43|34.32|34.37|118
2020.02.21 20:30:00|34.36|34.47|34.32|34.47|171
2020.02.21 21:30:00|34.45|34.5|34.37|34.43|140
2020.02.21 22:30:00|34.42|34.55|34.39|34.5|80
2020.02.24 16:30:00|33.54|33.59|33.04|33.09|1345
2020.02.24 17:30:00|33.09|33.2|32.94|33.03|497
2020.02.24 18:30:00|33.04|33.04|32.74|32.85|369
2020.02.24 19:30:00|32.82|33|32.7|32.83|336
2020.02.24 20:30:00|32.82|33.01|32.76|32.99|294
2020.02.24 21:30:00|33|33.23|32.94|33.13|373
2020.02.24 22:30:00|33.14|33.18|33.01|33.04|222
2020.02.25 16:30:00|33.09|33.12|32.3|32.31|1537
2020.02.25 17:30:00|32.32|32.5|32.16|32.32|1526
2020.02.25 18:30:00|32.33|32.36|32.01|32.03|722
2020.02.25 19:30:00|32.04|32.16|31.83|31.84|671
2020.02.25 20:30:00|31.83|31.83|31.35|31.35|1044
2020.02.25 21:30:00|31.36|31.84|31.3|31.67|1508
2020.02.25 22:30:00|31.66|31.82|31.56|31.74|535
2020.02.26 16:30:00|32.04|32.51|31.86|32.2|1973
2020.02.26 17:30:00|32.2|32.43|32.19|32.4|637
2020.02.26 18:30:00|32.39|32.41|32|32.09|698
2020.02.26 19:30:00|32.1|32.23|32.08|32.15|586
2020.02.26 20:30:00|32.14|32.16|31.79|31.91|1419
2020.02.26 21:30:00|31.92|32.08|31.83|31.88|1157
2020.02.26 22:30:00|31.88|32.03|31.87|32|293
2020.02.27 16:30:00|31.23|31.26|30.49|30.57|3515
2020.02.27 17:30:00|30.57|31.31|30.46|31.12|2600
2020.02.27 18:30:00|31.11|31.66|31.03|31.62|1633
2020.02.27 19:30:00|31.61|31.82|31.47|31.48|1466
2020.02.27 20:30:00|31.49|31.51|31.05|31.22|2483
2020.02.27 21:30:00|31.21|31.23|30.99|31.08|1202
2020.02.27 22:30:00|31.07|31.11|30.71|30.72|567
2020.02.28 16:30:00|29.62|30.07|29.25|29.41|6403
2020.02.28 17:30:00|29.4|29.75|29.24|29.72|4024
2020.02.28 18:30:00|29.73|30.19|29.55|29.81|3089
2020.02.28 19:30:00|29.82|30.16|29.76|29.91|4056
2020.02.28 20:30:00|29.91|29.91|29.51|29.77|4010
2020.02.28 21:30:00|29.76|30.14|29.74|29.76|4779
2020.02.28 22:30:00|29.77|30.3|29.67|30.29|1496
2020.03.02 16:30:00|30.46|30.55|29.65|29.94|3115
2020.03.02 17:30:00|29.95|30.59|29.79|30.52|1705
2020.03.02 18:30:00|30.53|30.82|30.47|30.62|1266
2020.03.02 19:30:00|30.63|30.86|30.47|30.55|1148
2020.03.02 20:30:00|30.56|30.79|30.49|30.63|1203
2020.03.02 21:30:00|30.64|30.97|30.44|30.87|1158
2020.03.02 22:30:00|30.88|31.35|30.84|31.27|720
2020.03.03 16:30:00|31.06|32.2|30.73|31.22|5539
2020.03.03 17:30:00|31.21|31.74|30.7|30.78|4282
2020.03.03 18:30:00|30.79|31.21|30.71|30.89|2467
2020.03.03 19:30:00|30.9|31.02|30.54|30.66|1685
2020.03.03 20:30:00|30.65|30.7|30.17|30.47|2937
2020.03.03 21:30:00|30.48|30.87|30.24|30.84|3243
2020.03.03 22:30:00|30.83|30.83|30.36|30.42|1989
2020.03.04 16:30:00|30.78|30.84|30.26|30.73|2785
2020.03.04 17:30:00|30.74|30.76|30.34|30.68|1223
2020.03.04 18:30:00|30.69|30.82|30.47|30.81|1067
2020.03.04 19:30:00|30.82|31.02|30.71|30.96|572
2020.03.04 20:30:00|30.97|31.1|30.86|31.1|530
2020.03.04 21:30:00|31.11|31.33|30.99|31.33|540
2020.03.04 22:30:00|31.34|31.47|31.27|31.39|427
2020.03.05 16:30:00|30.15|30.68|30.08|30.45|2787
2020.03.05 17:30:00|30.44|30.67|30.38|30.6|1000
2020.03.05 18:30:00|30.61|30.65|30.33|30.39|743
2020.03.05 19:30:00|30.39|30.44|30.15|30.2|996
2020.03.05 20:30:00|30.2|30.31|30.03|30.03|884
2020.03.05 21:30:00|30.04|30.23|29.91|29.98|841
2020.03.05 22:30:00|29.97|30.17|29.94|30.04|726
2020.03.06 16:30:00|29.02|29.34|28.77|29.26|4198
2020.03.06 17:30:00|29.25|29.44|28.8|28.86|1934
2020.03.06 18:30:00|28.86|28.91|28.48|28.57|1137
2020.03.06 19:30:00|28.58|28.84|28.56|28.72|881
2020.03.06 20:30:00|28.71|28.82|28.56|28.56|778
2020.03.06 21:30:00|28.57|28.65|28.36|28.46|833
2020.03.06 22:30:00|28.45|28.72|28.42|28.61|1113
2020.03.09 15:30:00|25.79|25.98|25.18|25.38|2251
2020.03.09 16:30:00|25.39|25.47|24.89|24.94|1233
2020.03.09 17:30:00|24.93|25.48|24.88|25.06|808
2020.03.09 18:30:00|25.05|25.12|24.82|24.86|459
2020.03.09 19:30:00|24.85|24.88|24.06|24.08|803
2020.03.09 20:30:00|24.04|24.75|24.04|24.69|653
2020.03.09 21:30:00|24.69|24.88|24.57|24.65|308
2020.03.10 15:30:00|25.84|26.09|25.33|25.58|1488
2020.03.10 16:30:00|25.58|25.6|24.87|24.89|225
2020.03.10 17:30:00|24.81|25.39|24.5|25.07|1088
2020.03.10 18:30:00|25.06|25.45|24.9|25.35|985
2020.03.10 19:30:00|25.36|26.05|25.19|25.99|850
2020.03.10 20:30:00|26|26.6|25.98|26.41|1473
2020.03.10 21:30:00|26.42|26.8|26.26|26.8|354
2020.03.11 15:30:00|25.7|26.33|25.67|26.12|4482
2020.03.11 16:30:00|26.11|26.52|25.84|25.88|2067
2020.03.11 17:30:00|25.89|26.52|25.81|26.4|2125
2020.03.11 18:30:00|26.41|26.43|25.98|26.2|1728
2020.03.11 19:30:00|26.19|26.28|25.84|25.94|1444
2020.03.11 20:30:00|25.95|26.26|25.73|25.95|2203
2020.03.11 21:30:00|25.94|26.27|25.86|25.93|1458
2020.03.12 15:30:00|23.7|23.79|22.63|23.41|3092
2020.03.12 16:30:00|23.42|23.98|23.18|23.22|1195
2020.03.12 17:30:00|23.23|23.24|22.41|22.72|1475
2020.03.12 18:30:00|22.68|24.25|22.39|23.19|3664
2020.03.12 19:30:00|23.16|23.2|22.71|22.71|4425
2020.03.12 20:30:00|22.72|23.24|22.62|23.19|1577
2020.03.12 21:30:00|23.19|23.38|23.07|23.16|128
2020.03.13 15:30:00|24.98|25.19|23.61|24.08|3496
2020.03.13 16:30:00|24.09|24.14|22.95|22.95|2274
2020.03.13 17:30:00|22.95|23.49|22.81|23.17|2191
2020.03.13 18:30:00|23.17|23.79|23.17|23.78|2842
2020.03.13 19:30:00|23.77|24.04|23.29|23.32|2590
2020.03.13 20:30:00|23.33|23.75|22.98|23.71|2735
2020.03.13 21:30:00|23.72|24.48|23.24|24.39|1244
2020.03.16 15:30:00|21.3|21.88|20.94|21.01|2510
2020.03.16 16:30:00|21.02|22.28|20.98|22.28|3649
2020.03.16 17:30:00|22.29|22.32|21.81|22.12|1616
2020.03.16 18:30:00|22.13|22.25|21.5|22.16|1386
2020.03.16 19:30:00|22.15|22.15|21.35|21.44|895
2020.03.16 20:30:00|21.44|21.86|21.19|21.22|2834
2020.03.16 21:30:00|21.21|21.4|20.92|20.97|924
2020.03.17 15:30:00|21.43|21.48|19.5|19.86|2962
2020.03.17 16:30:00|19.85|20.39|19.51|20.26|3289
2020.03.17 17:30:00|20.25|21.1|20.04|20.71|2487
2020.03.17 18:30:00|20.72|20.77|19.61|19.67|1266
2020.03.17 19:30:00|19.68|19.68|19.41|19.52|999
2020.03.17 20:30:00|19.53|20.18|19.51|19.73|1914
2020.03.17 21:30:00|19.72|20.22|19.72|20.22|235
2020.03.18 15:30:00|18.25|18.9|16.66|16.66|2772
2020.03.18 16:30:00|16.65|16.76|15.41|15.44|2282
2020.03.18 17:30:00|15.43|16.62|15.21|15.88|2134
2020.03.18 18:30:00|15.89|16.1|14.82|14.82|1146
2020.03.18 19:30:00|14.81|16.52|14.23|16.52|2111
2020.03.18 20:30:00|16.53|17.18|16.14|16.51|1889
2020.03.18 21:30:00|16.48|17|16.09|17|693
2020.03.19 15:30:00|15.78|16.65|14.91|16.5|3945
2020.03.19 16:30:00|16.51|17.46|16.41|17.45|4720
2020.03.19 17:30:00|17.44|18.11|17.15|17.76|4617
2020.03.19 18:30:00|17.77|18.11|17.36|17.99|3826
2020.03.19 19:30:00|18|18.47|17.86|18.35|1511
2020.03.19 20:30:00|18.35|18.88|17.75|17.79|2956
2020.03.19 21:30:00|17.8|18|17.34|17.66|939
2020.03.20 15:30:00|18.56|18.69|18.24|18.52|4453
2020.03.20 16:30:00|18.53|18.86|18.37|18.53|2350
2020.03.20 17:30:00|18.53|18.77|17.91|18.3|3209
2020.03.20 18:30:00|18.29|18.59|18.16|18.22|3784
2020.03.20 19:30:00|18.23|18.73|17.76|17.93|3662
2020.03.20 20:30:00|17.93|18.23|17.59|18.1|3843
2020.03.20 21:30:00|18.12|18.32|17.95|18.01|1414
2020.03.23 15:30:00|17.79|18.47|17.21|17.98|7095
2020.03.23 16:30:00|17.99|18.11|17.42|17.44|6998
2020.03.23 17:30:00|17.45|17.8|17.25|17.54|6833
2020.03.23 18:30:00|17.55|18|17.38|17.45|6414
2020.03.23 19:30:00|17.46|17.92|17.3|17.78|7286
2020.03.23 20:30:00|17.79|17.85|17.18|17.2|5678
2020.03.23 21:30:00|17.21|17.55|17.14|17.51|2303
2020.03.24 15:30:00|18.98|20.1|18.51|19.91|5158
2020.03.24 16:30:00|19.91|20.2|19.36|19.78|5636
2020.03.24 17:30:00|19.79|21.08|19.68|21.05|3941
2020.03.24 18:30:00|21.05|21.57|20.49|20.65|4788
2020.03.24 19:30:00|20.64|20.76|19.96|20.25|5548
2020.03.24 20:30:00|20.24|21.03|20.07|20.96|5039
2020.03.24 21:30:00|20.97|21.15|20.79|21.03|1771
2020.03.25 15:30:00|21.95|22.65|20.91|21.41|8603
2020.03.25 16:30:00|21.41|21.89|21.16|21.67|9185
2020.03.25 17:30:00|21.67|22.59|20.94|22.44|4937
2020.03.25 18:30:00|22.45|22.99|22.21|22.9|5619
2020.03.25 19:30:00|22.91|23.05|22.45|22.68|5124
2020.03.25 20:30:00|22.69|22.72|21.72|21.81|6911
2020.03.25 21:30:00|21.82|22.05|21.22|21.31|3936
2020.03.26 15:30:00|21.54|22.34|20.96|22.12|6776
2020.03.26 16:30:00|22.11|22.67|22.11|22.66|5388
2020.03.26 17:30:00|22.65|22.87|22.43|22.66|3076
2020.03.26 18:30:00|22.67|22.74|22.18|22.21|2397
2020.03.26 19:30:00|22.23|22.63|22.12|22.2|2545
2020.03.26 20:30:00|22.19|22.35|21.95|22.27|2160
2020.03.26 21:30:00|22.28|22.69|22.01|22.51|2476
2020.03.27 15:30:00|21.36|21.59|20.65|21.03|4828
2020.03.27 16:30:00|21.02|21.36|20.67|21.33|2700
2020.03.27 17:30:00|21.34|21.39|21.05|21.18|2149
2020.03.27 18:30:00|21.17|21.59|21.16|21.34|2194
2020.03.27 19:30:00|21.35|21.7|21.32|21.54|1796
2020.03.27 20:30:00|21.53|21.86|21.48|21.75|1224
2020.03.27 21:30:00|21.76|21.78|21.19|21.27|1707
2020.03.30 16:30:00|21.49|21.67|20.53|21.24|3998
2020.03.30 17:30:00|21.25|21.4|21.02|21.22|2441
2020.03.30 18:30:00|21.23|21.33|21.03|21.08|1671
2020.03.30 19:30:00|21.07|21.14|20.94|21.02|888
2020.03.30 20:30:00|21.03|21.11|20.95|21.04|1060
2020.03.30 21:30:00|21.03|21.22|20.87|20.88|822
2020.03.30 22:30:00|20.89|21.37|20.89|21.21|785
2020.03.31 16:30:00|21.05|21.45|20.88|21.12|3098
2020.03.31 17:30:00|21.13|21.76|21.03|21.73|1348
2020.03.31 18:30:00|21.74|22.11|21.46|21.6|1225
2020.03.31 19:30:00|21.61|21.66|21.18|21.21|1438
2020.03.31 20:30:00|21.21|21.39|21.18|21.3|957
2020.03.31 21:30:00|21.3|21.31|20.47|20.48|996
2020.03.31 22:30:00|20.47|20.86|20.46|20.65|947
2020.04.01 16:30:00|19.26|20.02|19.15|19.96|3503
2020.04.01 17:30:00|19.97|20.07|19.57|19.57|1163
2020.04.01 18:30:00|19.56|19.56|18.96|19.06|984
2020.04.01 19:30:00|19.07|19.23|18.92|19.21|821
2020.04.01 20:30:00|19.2|19.42|19.07|19.19|558
2020.04.01 21:30:00|19.19|19.24|19.02|19.12|518
2020.04.01 22:30:00|19.13|19.25|18.9|19.17|521
2020.04.02 16:30:00|19.23|19.34|18.61|19.12|3130
2020.04.02 17:30:00|19.12|19.59|18.71|18.76|2956
2020.04.02 18:30:00|18.77|19.02|18.76|18.83|955
2020.04.02 19:30:00|18.84|18.89|18.29|18.34|1046
2020.04.02 20:30:00|18.33|18.35|17.7|17.89|1415
2020.04.02 21:30:00|17.89|18.02|17.71|17.9|1297
2020.04.02 22:30:00|17.91|18.14|17.76|18.08|749
2020.04.03 16:30:00|18.14|18.68|17.97|18|3756
2020.04.03 17:30:00|18.01|18.17|17.82|18.16|1437
2020.04.03 18:30:00|18.15|18.17|17.76|17.84|772
2020.04.03 19:30:00|17.83|18.05|17.8|17.91|594
2020.04.03 20:30:00|17.91|17.95|17.76|17.92|615
2020.04.03 21:30:00|17.91|18.21|17.85|18.01|837
2020.04.03 22:30:00|18|18.13|17.84|17.92|695
2020.04.06 16:30:00|19.09|19.41|18.57|18.98|3249
2020.04.06 17:30:00|18.99|18.99|18.46|18.75|1726
2020.04.06 18:30:00|18.76|19.3|18.71|19.26|986
2020.04.06 19:30:00|19.25|19.26|18.99|19.17|680
2020.04.06 20:30:00|19.16|19.21|18.81|19.08|845
2020.04.06 21:30:00|19.09|19.12|18.91|19.07|744
2020.04.06 22:30:00|19.08|19.64|19.05|19.43|925
2020.04.07 16:30:00|21.08|21.7|20.62|21.26|4909
2020.04.07 17:30:00|21.26|21.8|20.85|21.2|3294
2020.04.07 18:30:00|21.19|21.98|21.16|21.94|1497
2020.04.07 19:30:00|21.94|22.12|21.71|21.94|1148
2020.04.07 20:30:00|21.95|22.01|21.31|21.42|1394
2020.04.07 21:30:00|21.42|21.54|21.04|21.11|1894
2020.04.07 22:30:00|21.13|21.71|21.09|21.19|1330
2020.04.08 16:30:00|21.88|22.04|21.37|21.7|3714
2020.04.08 17:30:00|21.71|22.2|21.67|22.2|1619
2020.04.08 18:30:00|22.22|22.55|22.14|22.5|1363
2020.04.08 19:30:00|22.51|23.19|22.48|23.1|1826
2020.04.08 20:30:00|23.11|23.26|22.69|23.18|1911
2020.04.08 21:30:00|23.18|23.5|23.11|23.13|1497
2020.04.08 22:30:00|23.14|23.35|22.99|23.01|1088
2020.04.09 16:30:00|24.17|24.89|23.87|24.27|5084
2020.04.09 17:30:00|24.27|24.3|23.71|23.91|3211
2020.04.09 18:30:00|23.92|24.52|23.81|24.35|1653
2020.04.09 19:30:00|24.34|24.6|24.26|24.35|2277
2020.04.09 20:30:00|24.36|24.54|23.8|23.92|2545
2020.04.09 21:30:00|23.91|24.07|23.49|23.81|2640
2020.04.09 22:30:00|23.82|24.11|23.69|23.96|1222
2020.04.13 16:30:00|23.64|23.73|22.87|23.03|5119
2020.04.13 17:30:00|23.01|23.08|22.68|22.84|1511
2020.04.13 18:30:00|22.83|23.1|22.69|22.71|1154
2020.04.13 19:30:00|22.7|22.81|22.63|22.74|904
2020.04.13 20:30:00|22.73|23.2|22.72|23.13|1345
2020.04.13 21:30:00|23.12|23.15|22.87|23.01|1095
2020.04.13 22:30:00|23|23.16|22.86|22.92|551
2020.04.14 16:30:00|23.43|23.68|23.26|23.36|3392
2020.04.14 17:30:00|23.36|23.37|22.58|22.82|1830
2020.04.14 18:30:00|22.83|22.99|22.68|22.84|900
2020.04.14 19:30:00|22.85|22.9|22.67|22.75|525
2020.04.14 20:30:00|22.76|22.85|22.63|22.82|415
2020.04.14 21:30:00|22.8|22.88|22.66|22.77|429
2020.04.14 22:30:00|22.76|22.94|22.73|22.85|399
2020.04.15 16:30:00|21.74|22.17|21.61|21.67|2450
2020.04.15 17:30:00|21.66|21.78|21.38|21.53|919
2020.04.15 18:30:00|21.52|21.68|21.41|21.62|567
2020.04.15 19:30:00|21.63|21.83|21.59|21.67|410
2020.04.15 20:30:00|21.66|21.71|21.45|21.55|632
2020.04.15 21:30:00|21.56|21.72|21.46|21.5|597
2020.04.15 22:30:00|21.51|21.62|21.46|21.56|254
2020.04.16 16:30:00|21.27|21.36|20.46|20.78|2330
2020.04.16 17:30:00|20.79|21.02|20.68|20.88|1094
2020.04.16 18:30:00|20.88|21.11|20.71|20.74|581
2020.04.16 19:30:00|20.75|20.84|20.7|20.79|383
2020.04.16 20:30:00|20.8|20.87|20.63|20.83|340
2020.04.16 21:30:00|20.83|20.88|20.74|20.82|379
2020.04.16 22:30:00|20.83|20.86|20.77|20.77|229
2020.04.17 16:30:00|21.84|22.28|21.74|21.9|2697
2020.04.17 17:30:00|21.89|22.09|21.81|22.02|1107
2020.04.17 18:30:00|22.03|22.35|22.03|22.25|727
2020.04.17 19:30:00|22.26|22.45|22.24|22.35|597
2020.04.17 20:30:00|22.36|22.45|22.06|22.06|604
2020.04.17 21:30:00|22.06|22.29|22.03|22.23|348
2020.04.17 22:30:00|22.24|22.43|22.21|22.39|319
2020.04.20 16:30:00|21.44|22.04|21.34|21.97|2516
2020.04.20 17:30:00|21.98|22.46|21.96|22.4|1365
2020.04.20 18:30:00|22.39|22.54|22.36|22.41|716
2020.04.20 19:30:00|22.42|22.5|22.23|22.31|465
2020.04.20 20:30:00|22.31|22.39|22.17|22.17|484
2020.04.20 21:30:00|22.18|22.27|22.08|22.18|800
2020.04.20 22:30:00|22.17|22.38|22.13|22.29|425
2020.04.21 16:30:00|21.28|21.8|21.26|21.55|2794
2020.04.21 17:30:00|21.56|21.57|21.26|21.32|1114
2020.04.21 18:30:00|21.32|21.43|21.16|21.16|1086
2020.04.21 19:30:00|21.17|21.24|21.1|21.23|627
2020.04.21 20:30:00|21.23|21.3|20.89|20.9|643
2020.04.21 21:30:00|20.91|21.22|20.9|21.14|666
2020.04.21 22:30:00|21.15|21.22|21.06|21.14|468
2020.04.22 16:30:00|21.6|21.64|21.06|21.14|3108
2020.04.22 17:30:00|21.15|21.25|21.04|21.18|610
2020.04.22 18:30:00|21.19|21.3|21.16|21.19|355
2020.04.22 19:30:00|21.17|21.21|20.98|21.13|388
2020.04.22 20:30:00|21.14|21.16|21.02|21.06|296
2020.04.22 21:30:00|21.07|21.15|21.06|21.14|253
2020.04.22 22:30:00|21.13|21.32|21.13|21.2|208
2020.04.23 16:30:00|21.51|21.82|21.38|21.63|1291
2020.04.23 17:30:00|21.64|21.94|21.62|21.9|645
2020.04.23 18:30:00|21.91|21.96|21.68|21.86|429
2020.04.23 19:30:00|21.87|21.91|21.46|21.6|1423
2020.04.23 20:30:00|21.59|21.67|21.35|21.52|581
2020.04.23 21:30:00|21.52|21.61|21.45|21.54|445
2020.04.23 22:30:00|21.53|21.61|21.4|21.43|340
2020.04.24 16:30:00|21.63|21.88|21.48|21.55|1668
2020.04.24 17:30:00|21.54|21.72|21.44|21.52|762
2020.04.24 18:30:00|21.53|21.66|21.45|21.51|425
2020.04.24 19:30:00|21.52|21.74|21.45|21.74|235
2020.04.24 20:30:00|21.72|21.87|21.69|21.87|214
2020.04.24 21:30:00|21.88|22.07|21.84|22.06|242
2020.04.24 22:30:00|22.05|22.14|21.82|21.86|286
2020.04.27 16:30:00|21.22|21.74|21.05|21.53|2069
2020.04.27 17:30:00|21.53|21.74|21.44|21.66|574
2020.04.27 18:30:00|21.65|22|21.61|21.9|505
2020.04.27 19:30:00|21.88|22.14|21.88|22.12|487
2020.04.27 20:30:00|22.11|22.27|22.06|22.14|527
2020.04.27 21:30:00|22.13|22.43|22.12|22.42|418
2020.04.27 22:30:00|22.43|22.47|22.31|22.36|253
2020.04.28 16:30:00|23.2|23.3|22.86|22.93|2125
2020.04.28 17:30:00|22.94|22.96|22.27|22.64|1680
2020.04.28 18:30:00|22.63|22.74|22.53|22.62|736
2020.04.28 19:30:00|22.61|22.69|22.44|22.51|519
2020.04.28 20:30:00|22.51|22.64|22.43|22.61|447
2020.04.28 21:30:00|22.62|22.7|22.45|22.52|450
2020.04.28 22:30:00|22.52|22.58|22.01|22.08|501
2020.04.29 16:30:00|22.6|23.75|22.58|23.74|2896
2020.04.29 17:30:00|23.73|24.25|23.73|24.19|1946
2020.04.29 18:30:00|24.18|24.25|24|24.09|869
2020.04.29 19:30:00|24.09|24.47|24.09|24.15|658
2020.04.29 20:30:00|24.16|24.24|23.73|23.91|979
2020.04.29 21:30:00|23.88|23.96|23.73|23.86|593
2020.04.29 22:30:00|23.85|23.87|23.62|23.69|321
2020.04.30 16:30:00|22.92|23.13|22.51|22.73|4002
2020.04.30 17:30:00|22.74|22.9|22.64|22.68|973
2020.04.30 18:30:00|22.69|22.75|22.36|22.42|603
2020.04.30 19:30:00|22.41|22.48|22.3|22.3|494
2020.04.30 20:30:00|22.31|22.35|22.18|22.24|465
2020.04.30 21:30:00|22.25|22.37|22.15|22.28|476
2020.04.30 22:30:00|22.29|22.35|22.18|22.2|288
2020.05.01 16:30:00|21.52|21.67|20.93|21.08|2562
2020.05.01 17:30:00|21.09|21.21|20.94|20.94|553
2020.05.01 18:30:00|20.93|20.97|20.75|20.9|566
2020.05.01 19:30:00|20.89|20.98|20.82|20.95|354
2020.05.01 20:30:00|20.94|21|20.87|20.99|318
2020.05.01 21:30:00|21|21.09|20.71|20.76|545
2020.05.01 22:30:00|20.75|20.83|20.7|20.81|254
2020.05.04 16:30:00|20.15|20.78|20.03|20.53|1870
2020.05.04 17:30:00|20.52|20.63|20.19|20.23|888
2020.05.04 18:30:00|20.24|20.44|20.16|20.44|421
2020.05.04 19:30:00|20.45|20.47|20.23|20.33|340
2020.05.04 20:30:00|20.34|20.38|20.22|20.36|220
2020.05.04 21:30:00|20.34|20.56|20.29|20.53|262
2020.05.04 22:30:00|20.53|20.7|20.52|20.65|224
2020.05.05 16:30:00|21.14|21.87|21.14|21.43|2744
2020.05.05 17:30:00|21.44|21.77|21.36|21.57|929
2020.05.05 18:30:00|21.58|21.76|21.54|21.6|440
2020.05.05 19:30:00|21.6|21.64|21.4|21.45|351
2020.05.05 20:30:00|21.46|21.53|21.37|21.41|275
2020.05.05 21:30:00|21.4|21.46|21.11|21.14|346
2020.05.05 22:30:00|21.13|21.24|21.03|21.13|478
2020.05.06 16:30:00|22.82|23.53|21.97|22.37|5057
2020.05.06 17:30:00|22.39|22.71|22.25|22.3|1525
2020.05.06 18:30:00|22.29|22.3|21.93|22.14|836
2020.05.06 19:30:00|22.15|22.16|21.89|22.12|598
2020.05.06 20:30:00|22.11|22.29|22.02|22.07|562
2020.05.06 21:30:00|22.06|22.18|22|22.14|421
2020.05.06 22:30:00|22.13|22.13|21.74|21.79|346
2020.05.07 16:30:00|21.99|22.43|21.93|22.36|1829
2020.05.07 17:30:00|22.35|22.73|22.35|22.68|673
2020.05.07 18:30:00|22.67|22.88|22.58|22.74|548
2020.05.07 19:30:00|22.75|22.8|22.47|22.6|551
2020.05.07 20:30:00|22.61|22.67|22.46|22.51|389
2020.05.07 21:30:00|22.52|22.52|22.19|22.39|461
2020.05.07 22:30:00|22.4|22.41|22.26|22.35|301
2020.05.08 16:30:00|23.04|23.73|23.04|23.56|1771
2020.05.08 17:30:00|23.57|23.88|23.52|23.88|760
2020.05.08 18:30:00|23.87|23.88|23.69|23.73|345
2020.05.08 19:30:00|23.74|23.83|23.55|23.66|329
2020.05.08 20:30:00|23.67|23.82|23.57|23.81|249
2020.05.08 21:30:00|23.79|23.9|23.75|23.84|249
2020.05.08 22:30:00|23.8|23.89|23.74|23.83|274
2020.05.11 16:30:00|23.04|23.08|22.5|22.78|2041
2020.05.11 17:30:00|22.77|22.97|22.71|22.94|806
2020.05.11 18:30:00|22.96|23.28|22.94|23.27|337
2020.05.11 19:30:00|23.25|23.29|23.03|23.06|293
2020.05.11 20:30:00|23.04|23.17|22.87|22.94|291
2020.05.11 21:30:00|22.92|23|22.73|22.8|336
2020.05.11 22:30:00|22.79|22.83|22.68|22.69|340
2020.05.12 16:30:00|22.94|23.17|22.8|23.02|1388
2020.05.12 17:30:00|23.01|23.04|22.8|22.91|561
2020.05.12 18:30:00|22.92|23.05|22.85|23.04|235
2020.05.12 19:30:00|23.04|23.13|22.76|22.77|242
2020.05.12 20:30:00|22.75|22.86|22.66|22.73|213
2020.05.12 21:30:00|22.72|22.83|22.66|22.67|286
2020.05.12 22:30:00|22.66|22.69|22.46|22.46|241
2020.05.13 16:30:00|22.23|22.26|21.5|21.6|2273
2020.05.13 17:30:00|21.61|21.68|21.19|21.25|737
2020.05.13 18:30:00|21.24|21.3|21.04|21.23|756
2020.05.13 19:30:00|21.22|21.53|21.2|21.43|631
2020.05.13 20:30:00|21.42|21.43|21.12|21.35|503
2020.05.13 21:30:00|21.36|21.37|21.14|21.19|484
2020.05.13 22:30:00|21.18|21.42|21.16|21.36|330
2020.05.14 16:30:00|20.61|21.24|20.4|21.15|2149
2020.05.14 17:30:00|21.16|22.22|21.16|21.63|2205
2020.05.14 18:30:00|21.62|21.79|21.21|21.59|1483
2020.05.14 19:30:00|21.6|22.03|21.56|22.02|815
2020.05.14 20:30:00|22.01|22.08|21.8|21.99|605
2020.05.14 21:30:00|22|22.15|21.86|22.13|665
2020.05.14 22:30:00|22.14|22.24|21.99|22.21|355
2020.05.15 16:30:00|21.93|22.39|21.72|22.39|2724
2020.05.15 17:30:00|22.38|22.49|22.09|22.2|1204
2020.05.15 18:30:00|22.19|22.23|21.95|22.12|585
2020.05.15 19:30:00|22.11|22.35|22.09|22.17|421
2020.05.15 20:30:00|22.17|22.47|22.14|22.38|392
2020.05.15 21:30:00|22.39|22.42|22.24|22.36|371
2020.05.15 22:30:00|22.37|22.58|22.27|22.52|266
2020.05.18 16:30:00|24.47|25.11|24.07|24.17|3216
2020.05.18 17:30:00|24.18|24.77|24.16|24.72|963
2020.05.18 18:30:00|24.72|24.77|24.46|24.64|953
2020.05.18 19:30:00|24.63|24.9|24.57|24.9|273
2020.05.18 20:30:00|24.89|24.91|24.52|24.68|576
2020.05.18 21:30:00|24.7|24.9|24.69|24.87|433
2020.05.18 22:30:00|24.88|24.91|24.69|24.71|207
2020.05.19 16:30:00|24.61|25.01|24.2|24.93|2805
2020.05.19 17:30:00|24.94|25.47|24.69|25.4|925
2020.05.19 18:30:00|25.39|25.61|25.38|25.47|717
2020.05.19 19:30:00|25.48|25.55|25.33|25.35|461
2020.05.19 20:30:00|25.35|25.4|25.23|25.35|259
2020.05.19 21:30:00|25.31|25.37|24.96|25.05|713
2020.05.19 22:30:00|25.04|25.05|24.59|24.59|400
2020.05.20 16:30:00|25.43|25.79|25.35|25.39|1984
2020.05.20 17:30:00|25.4|25.5|25.13|25.29|917
2020.05.20 18:30:00|25.28|25.4|25.12|25.3|563
2020.05.20 19:30:00|25.26|25.31|25.17|25.22|433
2020.05.20 20:30:00|25.23|25.35|25.14|25.35|497
2020.05.20 21:30:00|25.34|25.52|25.33|25.51|310
2020.05.20 22:30:00|25.5|25.51|25.36|25.38|203
2020.05.21 16:30:00|25.26|25.69|25.11|25.6|2222
2020.05.21 17:30:00|25.59|25.72|25.26|25.34|1093
2020.05.21 18:30:00|25.33|25.69|25.31|25.58|628
2020.05.21 19:30:00|25.57|25.92|25.53|25.81|524
2020.05.21 20:30:00|25.82|25.86|25.69|25.85|323
2020.05.21 21:30:00|25.84|25.89|25.74|25.81|372
2020.05.21 22:30:00|25.8|25.86|25.66|25.71|304
2020.05.22 16:30:00|25.86|26.14|25.12|25.24|2342
2020.05.22 17:30:00|25.25|25.48|25.22|25.36|885
2020.05.22 18:30:00|25.37|25.52|25.35|25.44|398
2020.05.22 19:30:00|25.45|25.84|25.44|25.76|386
2020.05.22 20:30:00|25.77|25.88|25.72|25.79|195
2020.05.22 21:30:00|25.78|25.94|25.73|25.86|202
2020.05.22 22:30:00|25.84|25.93|25.81|25.89|136
2020.05.26 16:30:00|27.49|27.79|27.37|27.57|2032
2020.05.26 17:30:00|27.56|27.68|27.48|27.58|604
2020.05.26 18:30:00|27.57|27.58|27.17|27.26|501
2020.05.26 19:30:00|27.24|27.38|27.15|27.3|345
2020.05.26 20:30:00|27.31|27.47|27.24|27.44|243
2020.05.26 21:30:00|27.4|27.5|27.32|27.45|309
2020.05.26 22:30:00|27.44|27.46|27.18|27.3|442
2020.05.27 16:30:00|28.52|28.73|27.63|27.66|3696
2020.05.27 17:30:00|27.67|27.67|26.81|27.26|3110
2020.05.27 18:30:00|27.25|27.45|27.16|27.38|1547
2020.05.27 19:30:00|27.39|27.43|27.2|27.31|1027
2020.05.27 20:30:00|27.3|27.57|27.27|27.5|636
2020.05.27 21:30:00|27.5|27.55|27.42|27.49|465
2020.05.27 22:30:00|27.45|27.72|27.42|27.69|313
2020.05.28 16:30:00|27.38|27.58|26.88|27.2|3192
2020.05.28 17:30:00|27.21|27.22|26.91|27.13|1289
2020.05.28 18:30:00|27.14|27.27|27.03|27.09|779
2020.05.28 19:30:00|27.1|27.17|26.86|27.04|563
2020.05.28 20:30:00|27.03|27.12|26.97|27.03|497
2020.05.28 21:30:00|27.04|27.17|26.9|26.99|632
2020.05.28 22:30:00|27|27.01|26.51|26.58|522
2020.05.29 16:30:00|25.99|26.46|25.75|26.23|2992
2020.05.29 17:30:00|26.24|26.28|25.87|25.97|1367
2020.05.29 18:30:00|25.96|26.02|25.83|25.89|458
2020.05.29 19:30:00|25.88|26.04|25.76|25.82|660
2020.05.29 20:30:00|25.81|26|25.67|25.99|585
2020.05.29 21:30:00|25.98|26.26|25.59|25.96|1373
2020.05.29 22:30:00|25.95|25.97|25.69|25.81|465
2020.06.01 16:30:00|25.83|26.82|25.82|26.74|3288
2020.06.01 17:30:00|26.75|26.95|26.59|26.71|1339
2020.06.01 18:30:00|26.72|26.91|26.65|26.84|462
2020.06.01 19:30:00|26.83|27.12|26.81|27.03|335
2020.06.01 20:30:00|27.03|27.07|26.71|26.71|395
2020.06.01 21:30:00|26.72|26.97|26.69|26.94|441
2020.06.01 22:30:00|26.95|27.05|26.83|26.85|382
2020.06.02 16:30:00|27.01|27.4|26.85|27.4|2247
2020.06.02 17:30:00|27.39|27.4|27.03|27.26|1179
2020.06.02 18:30:00|27.25|27.47|27.13|27.47|529
2020.06.02 19:30:00|27.48|27.52|27.32|27.36|272
2020.06.02 20:30:00|27.37|27.47|27.25|27.27|474
2020.06.02 21:30:00|27.26|27.33|27.14|27.22|394
2020.06.02 22:30:00|27.23|27.36|27.18|27.32|281
2020.06.03 16:30:00|28.23|28.77|28.16|28.68|2115
2020.06.03 17:30:00|28.67|28.89|28.64|28.81|626
2020.06.03 18:30:00|28.8|28.9|28.56|28.63|549
2020.06.03 19:30:00|28.64|28.71|28.55|28.66|352
2020.06.03 20:30:00|28.66|28.87|28.46|28.86|334
2020.06.03 21:30:00|28.87|28.9|28.78|28.87|288
2020.06.03 22:30:00|28.84|29.03|28.84|28.98|269
2020.06.04 16:30:00|28.87|29.26|28.43|29.22|2872
2020.06.04 17:30:00|29.23|29.34|28.81|28.91|1238
2020.06.04 18:30:00|28.9|28.98|28.78|28.79|818
2020.06.04 19:30:00|28.78|28.79|28.66|28.74|804
2020.06.04 20:30:00|28.75|28.96|28.75|28.95|373
2020.06.04 21:30:00|28.96|29.14|28.77|28.95|758
2020.06.04 22:30:00|28.96|29.17|28.95|29.06|580
2020.06.05 16:30:00|30.94|31.02|29.77|29.96|4762
2020.06.05 17:30:00|29.97|30.34|29.72|30.27|1627
2020.06.05 18:30:00|30.26|30.45|29.96|30.17|1085
2020.06.05 19:30:00|30.17|30.49|30.14|30.43|767
2020.06.05 20:30:00|30.44|30.49|30.15|30.19|630
2020.06.05 21:30:00|30.18|30.42|30.13|30.34|831
2020.06.05 22:30:00|30.34|30.51|30.27|30.51|400
2020.06.08 16:30:00|31.22|31.56|31.06|31.09|3068
2020.06.08 17:30:00|31.08|31.33|30.8|31.06|1354
2020.06.08 18:30:00|31.07|31.08|30.9|30.92|584
2020.06.08 19:30:00|30.91|31.1|30.89|30.93|345
2020.06.08 20:30:00|30.93|31.01|30.73|30.73|368
2020.06.08 21:30:00|30.72|30.74|30.52|30.61|454
2020.06.08 22:30:00|30.62|30.72|30.5|30.59|264
2020.06.09 16:30:00|28.76|29.78|28.61|29.77|3474
2020.06.09 17:30:00|29.76|29.95|29.47|29.67|1225
2020.06.09 18:30:00|29.66|29.82|29.49|29.8|606
2020.06.09 19:30:00|29.81|29.98|29.73|29.98|499
2020.06.09 20:30:00|29.97|29.97|29.68|29.83|424
2020.06.09 21:30:00|29.81|30.12|29.8|30.09|443
2020.06.09 22:30:00|30.08|30.08|29.75|29.77|334
2020.06.10 16:30:00|29.52|29.63|28.33|28.58|3787
2020.06.10 17:30:00|28.57|28.91|28.53|28.78|1533
2020.06.10 18:30:00|28.79|29.09|28.6|28.94|833
2020.06.10 19:30:00|28.93|28.98|28.73|28.92|480
2020.06.10 20:30:00|28.93|29.43|28.76|29.27|1202
2020.06.10 21:30:00|29.27|29.27|28.71|28.97|1717
2020.06.10 22:30:00|28.98|29|28.65|28.65|465
2020.06.11 16:30:00|26.56|27.7|26.5|27.06|4015
2020.06.11 17:30:00|27.05|27.16|26.81|26.86|1538
2020.06.11 18:30:00|26.85|26.9|26.55|26.68|1360
2020.06.11 19:30:00|26.67|26.99|26.48|26.9|1762
2020.06.11 20:30:00|26.91|26.98|26.7|26.75|942
2020.06.11 21:30:00|26.76|26.77|26.3|26.3|835
2020.06.11 22:30:00|26.29|26.59|26.2|26.41|472
2020.06.12 16:30:00|28.13|28.36|27.6|27.6|3451
2020.06.12 17:30:00|27.61|27.68|26.99|27.3|4587
2020.06.12 18:30:00|27.3|27.79|27.12|27.56|2652
2020.06.12 19:30:00|27.55|27.59|27.34|27.47|1658
2020.06.12 20:30:00|27.48|27.51|26.98|27.37|2873
2020.06.12 21:30:00|27.36|27.65|27.24|27.51|1912
2020.06.12 22:30:00|27.52|27.87|27.46|27.87|691
2020.06.15 16:30:00|26.66|27.26|26.49|26.93|4248
2020.06.15 17:30:00|26.92|27.49|26.83|27.15|1596
2020.06.15 18:30:00|27.16|27.51|26.91|27.46|1219
2020.06.15 19:30:00|27.45|27.87|27.38|27.6|840
2020.06.15 20:30:00|27.59|28|27.31|27.89|1824
2020.06.15 21:30:00|27.9|27.93|27.59|27.62|1370
2020.06.15 22:30:00|27.63|27.71|27.36|27.69|805
2020.06.16 16:30:00|28.84|28.92|28.14|28.68|3668
2020.06.16 17:30:00|28.69|28.7|27.38|28.16|3964
2020.06.16 18:30:00|28.17|28.37|27.88|27.97|2382
2020.06.16 19:30:00|27.98|28.18|27.95|28.03|1080
2020.06.16 20:30:00|28.04|28.06|27.72|27.89|1144
2020.06.16 21:30:00|27.9|27.93|27.44|27.64|1136
2020.06.16 22:30:00|27.63|27.7|27.48|27.68|560
2020.06.17 16:30:00|27.65|27.94|27.17|27.25|3112
2020.06.17 17:30:00|27.26|27.56|27.19|27.32|1367
2020.06.17 18:30:00|27.31|27.51|27.24|27.34|367
2020.06.17 19:30:00|27.33|27.45|27.29|27.34|333
2020.06.17 20:30:00|27.35|27.55|27.34|27.43|308
2020.06.17 21:30:00|27.44|27.54|27.15|27.18|410
2020.06.17 22:30:00|27.19|27.3|27.04|27.07|308
2020.06.18 16:30:00|26.64|27.45|26.64|27.34|2631
2020.06.18 17:30:00|27.35|27.45|26.92|26.94|1747
2020.06.18 18:30:00|26.93|27.01|26.75|26.92|814
2020.06.18 19:30:00|26.91|26.94|26.75|26.94|359
2020.06.18 20:30:00|26.95|26.96|26.77|26.83|349
2020.06.18 21:30:00|26.84|26.9|26.73|26.8|432
2020.06.18 22:30:00|26.81|27.03|26.79|27|280
2020.06.19 16:30:00|27.44|27.58|27.17|27.22|1906
2020.06.19 17:30:00|27.21|27.33|27.06|27.13|805
2020.06.19 18:30:00|27.12|27.21|26.67|26.78|786
2020.06.19 19:30:00|26.77|26.84|26.48|26.52|667
2020.06.19 20:30:00|26.48|26.53|26.24|26.38|860
2020.06.19 21:30:00|26.37|26.74|26.34|26.6|532
2020.06.19 22:30:00|26.59|26.67|26.42|26.46|427
2020.06.22 16:30:00|26.27|26.39|25.76|26.33|2094
2020.06.22 17:30:00|26.32|26.33|26.03|26.27|907
2020.06.22 18:30:00|26.26|26.41|26.17|26.32|416
2020.06.22 19:30:00|26.31|26.54|26.27|26.43|353
2020.06.22 20:30:00|26.44|26.45|26.23|26.32|323
2020.06.22 21:30:00|26.33|26.47|26.24|26.3|412
2020.06.22 22:30:00|26.31|26.38|26.27|26.27|206
2020.06.23 16:30:00|26.63|26.7|26.28|26.33|1664
2020.06.23 17:30:00|26.34|26.42|26.14|26.4|725
2020.06.23 18:30:00|26.39|26.44|26.25|26.33|424
2020.06.23 19:30:00|26.29|26.34|26.13|26.24|302
2020.06.23 20:30:00|26.25|26.31|26.14|26.29|333
2020.06.23 21:30:00|26.28|26.36|26.2|26.25|293
2020.06.23 22:30:00|26.24|26.32|26.14|26.15|174
2020.06.24 16:30:00|25.79|25.88|25.42|25.75|1934
2020.06.24 17:30:00|25.74|25.76|25.27|25.28|795
2020.06.24 18:30:00|25.29|25.32|24.92|25.13|886
2020.06.24 19:30:00|25.12|25.32|25.01|25.13|479
2020.06.24 20:30:00|25.12|25.35|25.04|25.33|584
2020.06.24 21:30:00|25.32|25.4|25.17|25.28|729
2020.06.24 22:30:00|25.29|25.33|25.16|25.18|324
2020.06.25 16:30:00|24.66|25.05|24.43|25.04|2448
2020.06.25 17:30:00|25.05|25.08|24.69|24.78|1036
2020.06.25 18:30:00|24.79|24.9|24.62|24.77|535
2020.06.25 19:30:00|24.78|25.06|24.78|25|427
2020.06.25 20:30:00|24.99|25.03|24.83|24.86|280
2020.06.25 21:30:00|24.85|25.13|24.78|25.09|409
2020.06.25 22:30:00|25.08|25.19|25.01|25.15|280
2020.06.26 16:30:00|24.94|25.01|24.45|24.57|1668
2020.06.26 17:30:00|24.56|24.62|24.38|24.44|1022
2020.06.26 18:30:00|24.45|24.51|24.25|24.36|351
2020.06.26 19:30:00|24.32|24.44|24.17|24.41|380
2020.06.26 20:30:00|24.4|24.47|24.3|24.32|276
2020.06.26 21:30:00|24.33|24.34|24.18|24.27|531
2020.06.26 22:30:00|24.28|24.42|24.16|24.37|385
2020.06.29 16:30:00|24.69|25.04|24.38|25.02|1713
2020.06.29 17:30:00|25.03|25.23|24.95|25.08|875
2020.06.29 18:30:00|25.07|25.26|25.01|25.19|395
2020.06.29 19:30:00|25.18|25.22|25.04|25.2|233
2020.06.29 20:30:00|25.17|25.2|24.97|24.98|234
2020.06.29 21:30:00|24.99|25.07|24.89|25.04|307
2020.06.29 22:30:00|25.03|25.2|25.01|25.2|174
2020.06.30 16:30:00|24.91|25.1|24.65|25.03|1725
2020.06.30 17:30:00|25.04|25.28|25.02|25.13|544
2020.06.30 18:30:00|25.09|25.5|25.08|25.37|551
2020.06.30 19:30:00|25.36|25.36|25.01|25.07|427
2020.06.30 20:30:00|25.06|25.22|24.97|25.22|296
2020.06.30 21:30:00|25.23|25.29|25.11|25.24|307
2020.06.30 22:30:00|25.23|25.33|25.16|25.22|208
2020.07.01 16:30:00|25.09|25.84|25.06|25.42|2872
2020.07.01 17:30:00|25.43|25.46|24.92|24.93|1250
2020.07.01 18:30:00|24.94|25.3|24.92|25.22|574
2020.07.01 19:30:00|25.23|25.26|24.91|24.98|419
2020.07.01 20:30:00|24.99|25.11|24.88|24.99|319
2020.07.01 21:30:00|24.98|25.02|24.88|24.97|317
2020.07.01 22:30:00|24.98|25.04|24.84|24.86|174
2020.07.02 16:30:00|25.45|25.75|25.32|25.33|1312
2020.07.02 17:30:00|25.32|25.39|24.99|25.32|918
2020.07.02 18:30:00|25.33|25.56|25.32|25.49|494
2020.07.02 19:30:00|25.48|25.53|25.42|25.45|190
2020.07.02 20:30:00|25.44|25.54|25.36|25.39|221
2020.07.02 21:30:00|25.4|25.5|25.31|25.34|293
2020.07.02 22:30:00|25.33|25.35|25.15|25.15|220
2020.07.06 16:30:00|25.68|25.95|25.37|25.42|1751
2020.07.06 17:30:00|25.41|25.6|25.39|25.49|564
2020.07.06 18:30:00|25.48|25.58|25.33|25.46|346
2020.07.06 19:30:00|25.45|25.51|25.37|25.51|228
2020.07.06 20:30:00|25.47|25.64|25.46|25.55|249
2020.07.06 21:30:00|25.54|25.65|25.49|25.58|303
2020.07.06 22:30:00|25.59|25.71|25.55|25.64|172
2020.07.07 16:30:00|25.38|25.52|25.12|25.27|986
2020.07.07 17:30:00|25.28|25.34|25.15|25.24|351
2020.07.07 18:30:00|25.24|25.34|25.13|25.3|248
2020.07.07 19:30:00|25.29|25.33|25.18|25.21|189
2020.07.07 20:30:00|25.2|25.29|25.14|25.16|180
2020.07.07 21:30:00|25.15|25.17|25.03|25.08|223
2020.07.07 22:30:00|25.06|25.09|24.97|25.03|164
2020.07.08 16:30:00|24.93|25.16|24.75|24.79|1278
2020.07.08 17:30:00|24.78|24.96|24.64|24.7|547
2020.07.08 18:30:00|24.71|24.84|24.69|24.81|284
2020.07.08 19:30:00|24.79|24.82|24.6|24.62|174
2020.07.08 20:30:00|24.63|24.83|24.57|24.81|196
2020.07.08 21:30:00|24.8|24.88|24.56|24.84|287
2020.07.08 22:30:00|24.85|24.9|24.79|24.83|120
2020.07.09 16:30:00|24.69|24.72|23.83|23.89|1162
2020.07.09 17:30:00|23.9|23.9|23.44|23.67|981
2020.07.09 18:30:00|23.66|23.84|23.5|23.66|552
2020.07.09 19:30:00|23.65|23.77|23.54|23.75|345
2020.07.09 20:30:00|23.74|23.77|23.56|23.59|199
2020.07.09 21:30:00|23.6|23.6|23.36|23.37|241
2020.07.09 22:30:00|23.36|23.38|23.24|23.31|137
2020.07.10 16:30:00|23.3|23.75|23.25|23.61|1937
2020.07.10 17:30:00|23.6|23.85|23.57|23.77|616
2020.07.10 18:30:00|23.78|23.89|23.64|23.72|431
2020.07.10 19:30:00|23.71|23.96|23.7|23.89|266
2020.07.10 20:30:00|23.87|24.09|23.84|23.96|245
2020.07.10 21:30:00|23.93|24.18|23.9|24.18|288
2020.07.10 22:30:00|24.16|24.3|24.14|24.29|254
2020.07.13 16:30:00|24.73|24.76|24.28|24.56|1570
2020.07.13 17:30:00|24.57|24.63|24.37|24.59|506
2020.07.13 18:30:00|24.58|24.67|24.55|24.64|302
2020.07.13 19:30:00|24.65|25.06|24.62|24.97|293
2020.07.13 20:30:00|24.97|25.09|24.88|24.94|488
2020.07.13 21:30:00|24.93|25.08|24.89|24.89|641
2020.07.13 22:30:00|24.9|24.92|24.69|24.76|521
2020.07.14 16:30:00|24.69|25.23|24.57|25.23|2778
2020.07.14 17:30:00|25.24|25.75|25.23|25.43|1427
2020.07.14 18:30:00|25.42|25.62|25.39|25.46|594
2020.07.14 19:30:00|25.47|25.52|25.32|25.43|402
2020.07.14 20:30:00|25.42|25.48|25.2|25.35|448
2020.07.14 21:30:00|25.36|25.57|25.33|25.44|438
2020.07.14 22:30:00|25.45|25.55|25.38|25.54|228
2020.07.15 16:30:00|26.23|26.49|26.04|26.14|2109
2020.07.15 17:30:00|26.15|26.41|26.13|26.39|744
2020.07.15 18:30:00|26.4|26.54|26.21|26.5|557
2020.07.15 19:30:00|26.49|26.66|26.41|26.61|290
2020.07.15 20:30:00|26.6|26.74|26.5|26.74|269
2020.07.15 21:30:00|26.75|26.87|26.68|26.75|349
2020.07.15 22:30:00|26.76|26.93|26.75|26.79|201
2020.07.16 16:30:00|26.31|26.68|26.18|26.64|1881
2020.07.16 17:30:00|26.63|27.09|26.55|27.02|582
2020.07.16 18:30:00|27.01|27.03|26.82|26.86|372
2020.07.16 19:30:00|26.84|26.87|26.67|26.78|236
2020.07.16 20:30:00|26.74|26.8|26.65|26.68|124
2020.07.16 21:30:00|26.67|26.83|26.58|26.76|310
2020.07.16 22:30:00|26.76|26.82|26.7|26.75|196
2020.07.17 16:30:00|26.72|26.89|26.32|26.33|1463
2020.07.17 17:30:00|26.32|26.49|26.25|26.37|373
2020.07.17 18:30:00|26.36|26.42|26.27|26.31|204
2020.07.17 19:30:00|26.27|26.35|26.25|26.31|144
2020.07.17 20:30:00|26.27|26.33|26.15|26.24|159
2020.07.17 21:30:00|26.2|26.38|26.19|26.38|131
2020.07.17 22:30:00|26.35|26.4|26.28|26.35|110
2020.07.20 16:30:00|26.13|26.45|25.69|25.87|1539
2020.07.20 17:30:00|25.88|25.96|25.66|25.72|347
2020.07.20 18:30:00|25.71|25.84|25.69|25.84|244
2020.07.20 19:30:00|25.8|25.96|25.8|25.95|157
2020.07.20 20:30:00|25.93|26.07|25.91|25.95|176
2020.07.20 21:30:00|25.91|26|25.88|25.97|152
2020.07.20 22:30:00|25.95|26|25.9|25.91|135
2020.07.21 16:30:00|26.08|26.33|25.88|25.93|1532
2020.07.21 17:30:00|25.94|26.23|25.88|26.22|626
2020.07.21 18:30:00|26.2|26.33|26.15|26.18|306
2020.07.21 19:30:00|26.16|26.38|26.16|26.23|169
2020.07.21 20:30:00|26.19|26.24|26|26.09|141
2020.07.21 21:30:00|26.05|26.16|25.98|26.03|234
2020.07.21 22:30:00|26.04|26.1|25.97|26.06|197
2020.07.22 16:30:00|25.73|26.39|25.71|26.07|2354
2020.07.22 17:30:00|26.06|26.34|26.06|26.13|633
2020.07.22 18:30:00|26.14|26.2|26.06|26.14|263
2020.07.22 19:30:00|26.15|26.26|26.11|26.16|173
2020.07.22 20:30:00|26.15|26.15|25.92|25.97|264
2020.07.22 21:30:00|25.96|26.13|25.95|26.11|170
2020.07.22 22:30:00|26.12|26.25|26.09|26.21|86
2020.07.23 16:30:00|26.31|26.52|26.26|26.46|1195
2020.07.23 17:30:00|26.45|26.68|26.45|26.68|297
2020.07.23 18:30:00|26.69|26.95|26.65|26.95|310
2020.07.23 19:30:00|26.94|27.23|26.91|27.09|389
2020.07.23 20:30:00|27.05|27.09|26.6|26.6|583
2020.07.23 21:30:00|26.61|26.82|26.6|26.75|513
2020.07.23 22:30:00|26.76|26.8|26.63|26.67|251
2020.07.24 16:30:00|26.59|26.78|26.46|26.48|1635
2020.07.24 17:30:00|26.49|26.59|26.23|26.23|568
2020.07.24 18:30:00|26.24|26.34|26.09|26.21|224
2020.07.24 19:30:00|26.22|26.29|26.15|26.19|228
2020.07.24 20:30:00|26.18|26.18|26|26.15|199
2020.07.24 21:30:00|26.14|26.21|26.09|26.13|223
2020.07.24 22:30:00|26.12|26.22|26.11|26.16|144
2020.07.27 16:30:00|25.72|25.8|25.27|25.5|1235
2020.07.27 17:30:00|25.49|25.56|25.22|25.4|632
2020.07.27 18:30:00|25.41|25.65|25.4|25.62|478
2020.07.27 19:30:00|25.61|25.61|25.43|25.53|198
2020.07.27 20:30:00|25.49|25.61|25.36|25.39|196
2020.07.27 21:30:00|25.4|25.66|25.37|25.54|326
2020.07.27 22:30:00|25.55|25.64|25.51|25.61|175
2020.07.28 16:30:00|25.68|26.31|25.68|26.02|1454
2020.07.28 17:30:00|26.03|26.43|25.96|26.39|593
2020.07.28 18:30:00|26.38|26.44|26.26|26.3|334
2020.07.28 19:30:00|26.31|26.41|26.22|26.37|202
2020.07.28 20:30:00|26.38|26.58|26.31|26.56|203
2020.07.28 21:30:00|26.55|26.65|26.42|26.43|314
2020.07.28 22:30:00|26.44|26.45|26.23|26.26|195
2020.07.29 16:30:00|26.7|26.81|25.59|25.59|3302
2020.07.29 17:30:00|25.6|25.73|24.84|25.68|2580
2020.07.29 18:30:00|25.67|25.74|25.31|25.72|691
2020.07.29 19:30:00|25.73|25.86|25.52|25.74|837
2020.07.29 20:30:00|25.75|25.78|25.62|25.68|504
2020.07.29 21:30:00|25.67|25.84|25.58|25.82|447
2020.07.29 22:30:00|25.83|25.88|25.71|25.8|241
2020.07.30 16:30:00|25.14|25.36|24.96|25.15|1888
2020.07.30 17:30:00|25.16|25.23|24.99|25.01|426
2020.07.30 18:30:00|25|25.14|24.93|25.09|260
2020.07.30 19:30:00|25.1|25.17|24.96|25|210
2020.07.30 20:30:00|24.99|25.11|24.91|25.06|165
2020.07.30 21:30:00|25.04|25.13|25.02|25.13|153
2020.07.30 22:30:00|25.12|25.16|25.09|25.11|67
2020.07.31 16:30:00|24.91|25.02|24.5|24.56|1103
2020.07.31 17:30:00|24.57|24.66|24.38|24.44|419
2020.07.31 18:30:00|24.45|24.52|24.35|24.51|323
2020.07.31 19:30:00|24.49|24.62|24.43|24.62|207
2020.07.31 20:30:00|24.6|24.68|24.54|24.6|160
2020.07.31 21:30:00|24.61|24.72|24.55|24.62|241
2020.07.31 22:30:00|24.63|24.8|24.62|24.8|202
2020.08.03 16:30:00|24.87|25.37|24.73|25.3|1294
2020.08.03 17:30:00|25.29|25.43|25.26|25.39|344
2020.08.03 18:30:00|25.37|25.54|25.32|25.36|206
2020.08.03 19:30:00|25.37|25.51|25.37|25.5|143
2020.08.03 20:30:00|25.49|25.6|25.46|25.58|121
2020.08.03 21:30:00|25.57|25.67|25.55|25.59|102
2020.08.03 22:30:00|25.58|25.6|25.43|25.55|113
2020.08.04 16:30:00|25.77|25.94|25.59|25.64|1367
2020.08.04 17:30:00|25.63|25.7|25.53|25.66|336
2020.08.04 18:30:00|25.64|25.68|25.43|25.43|188
2020.08.04 19:30:00|25.42|25.63|25.42|25.57|185
2020.08.04 20:30:00|25.58|25.61|25.49|25.56|112
2020.08.04 21:30:00|25.55|25.64|25.48|25.61|138
2020.08.04 22:30:00|25.62|25.72|25.61|25.72|110
2020.08.05 16:30:00|26.2|26.24|25.86|25.94|1131
2020.08.05 17:30:00|25.94|26.01|25.86|25.97|393
2020.08.05 18:30:00|25.96|26|25.85|25.9|172
2020.08.05 19:30:00|25.89|25.93|25.78|25.86|128
2020.08.05 20:30:00|25.83|26.08|25.83|26.08|169
2020.08.05 21:30:00|26.09|26.18|26.02|26.16|199
2020.08.05 22:30:00|26.17|26.25|26.11|26.23|102
2020.08.06 16:30:00|26.14|26.38|26.07|26.36|824
2020.08.06 17:30:00|26.37|26.45|26.31|26.33|333
2020.08.06 18:30:00|26.42|27.08|26.31|26.37|2053
2020.08.06 19:30:00|26.38|26.54|26.35|26.45|264
2020.08.06 20:30:00|26.46|26.59|26.41|26.58|254
2020.08.06 21:30:00|26.56|26.69|26.54|26.6|186
2020.08.06 22:30:00|26.61|26.63|26.46|26.53|129
2020.08.07 16:30:00|26.36|26.43|26.07|26.35|866
2020.08.07 17:30:00|26.36|26.59|26.34|26.44|293
2020.08.07 18:30:00|26.44|26.7|26.36|26.69|219
2020.08.07 19:30:00|26.68|26.72|26.54|26.66|320
2020.08.07 20:30:00|26.65|26.69|26.55|26.58|306
2020.08.07 21:30:00|26.57|26.6|26.45|26.52|292
2020.08.07 22:30:00|26.53|26.67|26.48|26.63|136
2020.08.10 16:30:00|26.85|27.72|26.85|27.54|1570
2020.08.10 17:30:00|27.55|27.97|27.54|27.69|1225
2020.08.10 18:30:00|27.68|27.74|27.55|27.68|536
2020.08.10 19:30:00|27.67|27.7|27.55|27.67|214
2020.08.10 20:30:00|27.66|27.77|27.6|27.77|150
2020.08.10 21:30:00|27.78|27.85|27.72|27.85|161
2020.08.10 22:30:00|27.85|27.89|27.82|27.88|113
2020.08.11 16:30:00|28.64|29.1|28.56|29.1|1858
2020.08.11 17:30:00|29.11|29.25|28.7|28.8|849
2020.08.11 18:30:00|28.8|28.96|28.7|28.9|414
2020.08.11 19:30:00|28.91|29.06|28.87|29.01|207
2020.08.11 20:30:00|29.02|29.14|28.93|28.96|282
2020.08.11 21:30:00|28.97|29.06|28.62|28.76|483
2020.08.11 22:30:00|28.75|28.75|28.34|28.42|438
2020.08.12 16:30:00|28.83|28.86|28.15|28.38|2150
2020.08.12 17:30:00|28.39|28.43|28.01|28.12|729
2020.08.12 18:30:00|28.13|28.22|27.74|28.01|503
2020.08.12 19:30:00|28|28.09|27.69|27.78|321
2020.08.12 20:30:00|27.79|27.95|27.79|27.86|306
2020.08.12 21:30:00|27.87|27.99|27.85|27.97|271
2020.08.12 22:30:00|27.98|28|27.89|27.93|173
2020.08.13 16:30:00|27.66|28.12|27.55|27.81|1731
2020.08.13 17:30:00|27.8|27.84|27.65|27.73|335
2020.08.13 18:30:00|27.72|27.78|27.64|27.72|166
2020.08.13 19:30:00|27.73|27.74|27.63|27.68|129
2020.08.13 20:30:00|27.66|27.7|27.56|27.64|249
2020.08.13 21:30:00|27.65|27.66|27.41|27.51|315
2020.08.13 22:30:00|27.52|27.53|27.41|27.45|134
2020.08.14 16:30:00|27.34|27.74|27.23|27.74|1621
2020.08.14 17:30:00|27.73|27.84|27.6|27.77|465
2020.08.14 18:30:00|27.78|27.97|27.72|27.94|258
2020.08.14 19:30:00|27.95|27.96|27.78|27.85|260
2020.08.14 20:30:00|27.84|28.03|27.81|27.98|210
2020.08.14 21:30:00|27.94|27.98|27.7|27.77|169
2020.08.14 22:30:00|27.76|27.8|27.68|27.77|141
2020.08.17 16:30:00|28.5|28.89|28.33|28.56|1620
2020.08.17 17:30:00|28.55|28.65|28.4|28.6|510
2020.08.17 18:30:00|28.61|28.85|28.56|28.84|315
2020.08.17 19:30:00|28.85|30.63|28.84|30.59|2880
2020.08.17 20:30:00|30.58|30.68|29.8|29.9|1999
2020.08.17 21:30:00|29.89|30.05|29.78|29.9|771
2020.08.17 22:30:00|29.89|29.95|29.83|29.92|217
2020.08.18 16:30:00|30.66|31.02|29.83|29.9|2856
2020.08.18 17:30:00|29.89|30.14|29.77|30.12|798
2020.08.18 18:30:00|30.13|30.13|29.92|30|300
2020.08.18 19:30:00|30.01|30.07|29.83|29.98|440
2020.08.18 20:30:00|29.99|30.07|29.84|29.86|383
2020.08.18 21:30:00|29.87|29.98|29.73|29.78|292
2020.08.18 22:30:00|29.77|29.93|29.7|29.75|257
2020.08.19 16:30:00|29.5|29.93|29.26|29.57|2101
2020.08.19 17:30:00|29.56|29.57|29.29|29.4|491
2020.08.19 18:30:00|29.38|29.44|29.22|29.31|367
2020.08.19 19:30:00|29.29|29.47|29.22|29.41|225
2020.08.19 20:30:00|29.42|29.42|29.22|29.23|363
2020.08.19 21:30:00|29.24|29.26|29.13|29.15|295
2020.08.19 22:30:00|29.16|29.17|28.99|29.13|140
2020.08.20 16:30:00|28.69|29.03|28.62|28.96|1470
2020.08.20 17:30:00|28.95|28.99|28.76|28.85|501
2020.08.20 18:30:00|28.84|29.07|28.8|28.97|302
2020.08.20 19:30:00|28.96|28.99|28.81|28.83|181
2020.08.20 20:30:00|28.81|28.92|28.79|28.84|242
2020.08.20 21:30:00|28.8|28.84|28.71|28.74|317
2020.08.20 22:30:00|28.73|28.8|28.7|28.74|144
2020.08.21 16:30:00|28.5|28.86|28.46|28.53|1648
2020.08.21 17:30:00|28.52|28.7|28.44|28.52|400
2020.08.21 18:30:00|28.48|28.55|28.41|28.44|238
2020.08.21 19:30:00|28.4|28.52|28.4|28.51|199
2020.08.21 20:30:00|28.46|28.58|28.46|28.5|187
2020.08.21 21:30:00|28.48|28.52|28.42|28.45|237
