2020.09.18 16:30:00|6.85|7.12|6.85|7.1|197
2020.09.18 17:30:00|7.09|7.09|6.95|7.06|96
2020.09.18 18:30:00|6.98|7.06|6.9|6.99|55
2020.09.18 19:30:00|6.98|7|6.83|6.89|53
2020.09.18 20:30:00|6.88|6.95|6.8|6.91|95
2020.09.18 21:30:00|6.83|6.93|6.81|6.91|123
2020.09.18 22:30:00|6.82|6.91|6.78|6.87|44
2020.09.21 16:30:00|6.51|6.63|6.27|6.34|228
2020.09.21 17:30:00|6.34|6.37|6.2|6.27|79
2020.09.21 18:30:00|6.26|6.3|6.18|6.3|63
2020.09.21 19:30:00|6.22|6.29|6.17|6.27|50
2020.09.21 20:30:00|6.21|6.28|6.15|6.25|32
2020.09.21 21:30:00|6.17|6.34|6.15|6.32|66
2020.09.21 22:30:00|6.33|6.35|6.2|6.34|68
2020.09.22 16:30:00|6.33|6.56|6.28|6.36|184
2020.09.22 17:30:00|6.28|6.36|6.15|6.25|103
2020.09.22 18:30:00|6.17|6.27|6.14|6.25|63
2020.09.22 19:30:00|6.17|6.25|6.14|6.23|43
2020.09.22 20:30:00|6.17|6.25|6.14|6.21|31
2020.09.22 21:30:00|6.15|6.24|6.13|6.23|36
2020.09.22 22:30:00|6.16|6.26|6.13|6.23|39
2020.09.23 16:30:00|6.21|6.4|6.21|6.39|191
2020.09.23 17:30:00|6.31|6.38|6.18|6.26|91
2020.09.23 18:30:00|6.18|6.28|6.15|6.25|46
2020.09.23 19:30:00|6.17|6.26|6.14|6.21|40
2020.09.23 20:30:00|6.15|6.22|6.07|6.15|38
2020.09.23 21:30:00|6.07|6.16|6.02|6.11|60
2020.09.23 22:30:00|6.12|6.12|6.01|6.1|37
2020.09.24 16:30:00|5.98|6.09|5.92|6.02|147
2020.09.24 17:30:00|6.01|6.06|5.93|6.06|61
2020.09.24 18:30:00|5.98|6.15|5.97|6.13|71
2020.09.24 19:30:00|6.05|6.15|6|6.14|68
2020.09.24 20:30:00|6.06|6.16|6.04|6.12|66
2020.09.24 21:30:00|6.04|6.12|5.95|6.03|55
2020.09.24 22:30:00|5.94|6.07|5.94|6.05|40
2020.09.25 16:30:00|5.95|6.15|5.95|6.06|171
2020.09.25 17:30:00|5.98|6.08|5.96|6.04|50
2020.09.25 18:30:00|5.96|6.03|5.95|6.03|8
2020.09.25 19:30:00|5.97|6.08|5.97|6.08|25
2020.09.25 20:30:00|6.01|6.1|5.99|6.09|26
2020.09.25 21:30:00|6.03|6.13|6.03|6.13|12
2020.09.25 22:30:00|6.04|6.12|6.01|6.1|16
2020.09.28 16:30:00|6.16|6.29|6.13|6.25|136
2020.09.28 17:30:00|6.26|6.27|6.17|6.25|54
2020.09.28 18:30:00|6.24|6.28|6.17|6.25|19
2020.09.28 19:30:00|6.19|6.28|6.18|6.25|24
2020.09.28 20:30:00|6.17|6.24|6.14|6.21|42
2020.09.28 21:30:00|6.15|6.23|6.12|6.21|24
2020.09.28 22:30:00|6.12|6.2|6.11|6.19|21
2020.09.29 16:30:00|6.11|6.21|6.03|6.13|121
2020.09.29 17:30:00|6.05|6.12|6.01|6.09|32
2020.09.29 18:30:00|6.02|6.11|5.99|6.07|24
2020.09.29 19:30:00|5.99|6.06|5.98|6.06|6
2020.09.29 20:30:00|6|6.12|6|6.12|18
2020.09.29 21:30:00|6.11|6.14|6.03|6.12|22
2020.09.29 22:30:00|6.05|6.14|6.03|6.11|11
2020.09.30 16:30:00|6.08|6.27|6.08|6.24|105
2020.09.30 17:30:00|6.16|6.27|6.16|6.23|37
2020.09.30 18:30:00|6.15|6.26|6.13|6.26|28
2020.09.30 19:30:00|6.18|6.25|6.16|6.25|23
2020.09.30 20:30:00|6.19|6.27|6.16|6.22|26
2020.09.30 21:30:00|6.14|6.22|6.1|6.19|73
2020.09.30 22:30:00|6.18|6.22|6.09|6.22|27
2020.10.01 16:30:00|6.15|6.27|6.06|6.16|121
2020.10.01 17:30:00|6.08|6.19|6.07|6.15|54
2020.10.01 18:30:00|6.07|6.15|6.07|6.15|12
2020.10.01 19:30:00|6.09|6.17|6.09|6.16|10
2020.10.01 20:30:00|6.08|6.16|6.03|6.15|35
2020.10.01 21:30:00|6.09|6.19|6.07|6.18|35
2020.10.01 22:30:00|6.11|6.22|6.09|6.22|16
2020.10.02 16:30:00|6.01|6.21|6.01|6.19|120
2020.10.02 17:30:00|6.11|6.26|6.11|6.26|51
2020.10.02 18:30:00|6.2|6.38|6.17|6.36|77
2020.10.02 19:30:00|6.3|6.38|6.26|6.36|73
2020.10.02 20:30:00|6.28|6.38|6.26|6.37|60
2020.10.02 21:30:00|6.29|6.38|6.27|6.38|44
2020.10.02 22:30:00|6.29|6.38|6.28|6.37|20
2020.10.05 16:30:00|6.33|6.43|6.27|6.37|168
2020.10.05 17:30:00|6.31|6.41|6.3|6.39|42
2020.10.05 18:30:00|6.31|6.39|6.29|6.39|12
2020.10.05 19:30:00|6.31|6.39|6.28|6.38|26
2020.10.05 20:30:00|6.31|6.39|6.29|6.36|13
2020.10.05 21:30:00|6.3|6.4|6.3|6.4|8
2020.10.05 22:30:00|6.33|6.42|6.32|6.4|20
2020.10.06 16:30:00|6.37|6.54|6.37|6.54|129
2020.10.06 17:30:00|6.55|6.56|6.39|6.48|54
2020.10.06 18:30:00|6.42|6.53|6.39|6.47|49
2020.10.06 19:30:00|6.39|6.53|6.39|6.5|37
2020.10.06 20:30:00|6.44|6.51|6.12|6.14|299
2020.10.06 21:30:00|6.13|6.25|6.02|6.13|257
2020.10.06 22:30:00|6.06|6.2|6.05|6.16|54
2020.10.07 16:30:00|6.14|6.35|6.14|6.35|98
2020.10.07 17:30:00|6.36|6.38|6.19|6.28|68
2020.10.07 18:30:00|6.2|6.3|6.17|6.25|30
2020.10.07 19:30:00|6.19|6.26|6.14|6.22|34
2020.10.07 20:30:00|6.16|6.29|6.16|6.29|57
2020.10.07 21:30:00|6.21|6.32|6.21|6.3|20
2020.10.07 22:30:00|6.21|6.3|6.21|6.29|15
2020.10.08 16:30:00|6.26|6.56|6.26|6.56|103
2020.10.08 17:30:00|6.5|6.6|6.44|6.51|126
2020.10.08 18:30:00|6.43|6.58|6.39|6.57|75
2020.10.08 19:30:00|6.49|6.58|6.48|6.57|33
2020.10.08 20:30:00|6.51|6.61|6.5|6.59|28
2020.10.08 21:30:00|6.53|6.64|6.52|6.64|19
2020.10.08 22:30:00|6.55|6.65|6.55|6.63|13
2020.10.09 16:30:00|7.04|7.04|6.64|6.7|287
2020.10.09 17:30:00|6.71|6.88|6.64|6.88|121
2020.10.09 18:30:00|6.8|6.93|6.75|6.9|102
2020.10.09 19:30:00|6.91|6.95|6.78|6.88|69
2020.10.09 20:30:00|6.82|6.9|6.76|6.82|36
2020.10.09 21:30:00|6.76|6.83|6.71|6.83|48
2020.10.09 22:30:00|6.74|6.82|6.71|6.82|16
2020.10.12 16:30:00|6.75|6.85|6.71|6.83|172
2020.10.12 17:30:00|6.82|6.82|6.68|6.76|52
2020.10.12 18:30:00|6.68|6.78|6.66|6.78|17
2020.10.12 19:30:00|6.72|6.83|6.72|6.81|26
2020.10.12 20:30:00|6.73|6.8|6.7|6.78|15
2020.10.12 21:30:00|6.72|6.82|6.7|6.81|18
2020.10.12 22:30:00|6.73|6.84|6.71|6.82|27
2020.10.13 16:30:00|6.67|6.8|6.59|6.68|112
2020.10.13 17:30:00|6.61|6.73|6.6|6.67|40
2020.10.13 18:30:00|6.59|6.73|6.58|6.72|26
2020.10.13 19:30:00|6.64|6.74|6.64|6.74|20
2020.10.13 20:30:00|6.66|6.76|6.63|6.71|37
2020.10.13 21:30:00|6.7|6.72|6.6|6.72|40
2020.10.13 22:30:00|6.63|6.73|6.62|6.7|19
2020.10.14 16:30:00|6.68|6.87|6.68|6.84|145
2020.10.14 17:30:00|6.78|6.85|6.72|6.83|62
2020.10.14 18:30:00|6.75|6.84|6.71|6.82|55
2020.10.14 19:30:00|6.74|6.81|6.71|6.8|20
2020.10.14 20:30:00|6.72|6.84|6.72|6.81|32
2020.10.14 21:30:00|6.75|6.86|6.73|6.84|29
2020.10.14 22:30:00|6.75|6.84|6.74|6.8|12
2020.10.15 16:30:00|6.57|6.7|6.55|6.66|131
2020.10.15 17:30:00|6.6|6.73|6.59|6.7|71
2020.10.15 18:30:00|6.62|6.76|6.62|6.7|37
2020.10.15 19:30:00|6.63|6.72|6.62|6.72|30
2020.10.15 20:30:00|6.64|6.74|6.64|6.72|25
2020.10.15 21:30:00|6.66|6.82|6.66|6.82|45
2020.10.15 22:30:00|6.73|6.86|6.73|6.85|53
2020.10.16 16:30:00|6.86|7.15|6.86|7.15|180
2020.10.16 17:30:00|7.09|7.33|7.08|7.27|114
2020.10.16 18:30:00|7.21|7.32|7.2|7.31|75
2020.10.16 19:30:00|7.23|7.3|7.17|7.27|60
2020.10.16 20:30:00|7.19|7.28|7.18|7.27|64
2020.10.16 21:30:00|7.19|7.3|7.18|7.28|35
2020.10.16 22:30:00|7.21|7.32|7.21|7.27|28
2020.10.19 16:30:00|7.25|7.43|7.21|7.4|137
2020.10.19 17:30:00|7.34|7.45|7.3|7.37|93
2020.10.19 18:30:00|7.29|7.38|7.24|7.33|52
2020.10.19 19:30:00|7.25|7.38|7.25|7.36|23
2020.10.19 20:30:00|7.35|7.38|7.25|7.35|53
2020.10.19 21:30:00|7.27|7.34|7.18|7.27|81
2020.10.19 22:30:00|7.18|7.27|7.16|7.27|49
2020.10.20 16:30:00|7.22|7.35|7.22|7.31|167
2020.10.20 17:30:00|7.25|7.36|7.23|7.31|68
2020.10.20 18:30:00|7.25|7.37|7.25|7.37|47
2020.10.20 19:30:00|7.29|7.4|7.27|7.38|47
2020.10.20 20:30:00|7.3|7.38|7.25|7.33|29
2020.10.20 21:30:00|7.27|7.35|7.22|7.35|68
2020.10.20 22:30:00|7.26|7.37|7.24|7.33|37
2020.10.21 16:30:00|7.18|7.39|7.18|7.34|108
2020.10.21 17:30:00|7.26|7.39|7.22|7.33|60
2020.10.21 18:30:00|7.28|7.38|7.26|7.35|47
2020.10.21 19:30:00|7.26|7.37|7.26|7.35|46
2020.10.21 20:30:00|7.29|7.37|7.28|7.36|20
2020.10.21 21:30:00|7.3|7.38|7.28|7.37|10
2020.10.21 22:30:00|7.28|7.37|7.23|7.31|16
2020.10.22 16:30:00|7.27|7.48|7.27|7.47|90
2020.10.22 17:30:00|7.41|7.63|7.4|7.59|132
2020.10.22 18:30:00|7.53|7.63|7.48|7.63|55
2020.10.22 19:30:00|7.55|7.66|7.54|7.63|43
2020.10.22 20:30:00|7.64|7.72|7.56|7.7|43
2020.10.22 21:30:00|7.63|7.73|7.61|7.72|37
2020.10.22 22:30:00|7.65|7.73|7.63|7.71|13
2020.10.23 16:30:00|7.85|8.01|7.72|7.82|286
2020.10.23 17:30:00|7.75|7.82|7.6|7.68|82
2020.10.23 18:30:00|7.61|7.68|7.49|7.62|95
2020.10.23 19:30:00|7.61|7.66|7.54|7.61|52
2020.10.23 20:30:00|7.55|7.68|7.55|7.64|56
2020.10.23 21:30:00|7.58|7.67|7.56|7.66|31
2020.10.23 22:30:00|7.57|7.65|7.52|7.62|38
2020.10.26 15:30:00|7.36|7.54|7.35|7.51|176
2020.10.26 16:30:00|7.43|7.51|7.31|7.4|136
2020.10.26 17:30:00|7.4|7.4|7.28|7.36|108
2020.10.26 18:30:00|7.28|7.35|7.22|7.29|45
2020.10.26 19:30:00|7.3|7.34|7.22|7.33|65
2020.10.26 20:30:00|7.25|7.33|7.21|7.33|61
2020.10.26 21:30:00|7.24|7.37|7.2|7.37|50
2020.10.27 15:30:00|7.26|7.37|7.15|7.22|143
2020.10.27 16:30:00|7.23|7.24|7.09|7.16|73
2020.10.27 17:30:00|7.08|7.17|7.06|7.14|52
2020.10.27 18:30:00|7.06|7.17|7.01|7.17|70
2020.10.27 19:30:00|7.09|7.17|7.06|7.16|52
2020.10.27 20:30:00|7.1|7.18|7.03|7.11|61
2020.10.27 21:30:00|7.03|7.15|7.03|7.09|50
2020.10.28 15:30:00|7.44|7.82|7.43|7.65|804
2020.10.28 16:30:00|7.64|7.74|7.57|7.7|235
2020.10.28 17:30:00|7.7|7.84|7.53|7.79|234
2020.10.28 18:30:00|7.78|7.8|7.61|7.77|175
2020.10.28 19:30:00|7.76|7.76|7.57|7.66|174
2020.10.28 20:30:00|7.58|7.66|7.4|7.51|188
2020.10.28 21:30:00|7.51|7.52|7.32|7.41|93
2020.10.29 15:30:00|7.49|7.72|7.47|7.55|525
2020.10.29 16:30:00|7.48|7.59|7.29|7.34|203
2020.10.29 17:30:00|7.35|7.4|7.28|7.37|116
2020.10.29 18:30:00|7.38|7.42|7.23|7.35|77
2020.10.29 19:30:00|7.29|7.44|7.28|7.41|84
2020.10.29 20:30:00|7.33|7.43|7.26|7.37|119
2020.10.29 21:30:00|7.38|7.39|7.27|7.35|59
2020.10.30 15:30:00|7.25|7.52|7.25|7.46|303
2020.10.30 16:30:00|7.38|7.46|7.27|7.34|190
2020.10.30 17:30:00|7.27|7.41|7.25|7.37|99
2020.10.30 18:30:00|7.29|7.37|7.27|7.35|68
2020.10.30 19:30:00|7.27|7.41|7.22|7.33|133
2020.10.30 20:30:00|7.25|7.37|7.23|7.35|118
2020.10.30 21:30:00|7.26|7.43|7.23|7.41|69
2020.11.02 16:30:00|7.39|7.48|7.28|7.41|181
2020.11.02 17:30:00|7.32|7.49|7.28|7.49|72
2020.11.02 18:30:00|7.48|7.53|7.39|7.5|84
2020.11.02 19:30:00|7.51|7.51|7.35|7.42|60
2020.11.02 20:30:00|7.36|7.47|7.35|7.47|75
2020.11.02 21:30:00|7.4|7.55|7.4|7.54|80
2020.11.02 22:30:00|7.46|7.56|7.38|7.51|60
2020.11.03 16:30:00|7.54|7.72|7.49|7.72|156
2020.11.03 17:30:00|7.63|7.73|7.61|7.69|56
2020.11.03 18:30:00|7.63|7.74|7.62|7.74|28
2020.11.03 19:30:00|7.68|7.75|7.6|7.7|43
2020.11.03 20:30:00|7.62|7.76|7.61|7.76|43
2020.11.03 21:30:00|7.69|7.81|7.66|7.76|71
2020.11.03 22:30:00|7.69|7.9|7.69|7.84|78
2020.11.04 16:30:00|7.57|7.79|7.52|7.7|409
2020.11.04 17:30:00|7.71|7.91|7.61|7.9|181
2020.11.04 18:30:00|7.84|8|7.83|7.97|92
2020.11.04 19:30:00|7.91|7.98|7.84|7.91|60
2020.11.04 20:30:00|7.85|7.93|7.77|7.86|92
2020.11.04 21:30:00|7.79|7.91|7.75|7.83|110
2020.11.04 22:30:00|7.76|7.87|7.74|7.83|78
2020.11.05 16:30:00|7.85|8.029999999999999|7.85|8.029999999999999|155
2020.11.05 17:30:00|8.029999999999999|8.029999999999999|7.91|8|58
2020.11.05 18:30:00|7.94|8.02|7.91|7.99|53
2020.11.05 19:30:00|7.93|8.02|7.91|7.98|43
2020.11.05 20:30:00|7.92|7.99|7.9|7.98|33
2020.11.05 21:30:00|7.91|8|7.89|7.98|17
2020.11.05 22:30:00|7.99|7.99|7.88|7.99|27
2020.11.06 16:30:00|7.93|8.1|7.92|8.050000000000001|162
2020.11.06 17:30:00|8.06|8.07|7.91|7.99|71
2020.11.06 18:30:00|7.93|8.039999999999999|7.91|8.01|34
2020.11.06 19:30:00|7.95|8.09|7.95|8.09|42
2020.11.06 20:30:00|8.01|8.119999999999999|8|8.119999999999999|43
2020.11.06 21:30:00|8.029999999999999|8.119999999999999|7.99|8.08|15
2020.11.06 22:30:00|8.01|8.1|7.99|8.08|21
2020.11.09 16:30:00|9.31|9.4|8.67|8.75|1095
2020.11.09 17:30:00|8.76|8.779999999999999|8.56|8.699999999999999|321
2020.11.09 18:30:00|8.710000000000001|8.82|8.630000000000001|8.74|140
2020.11.09 19:30:00|8.66|8.85|8.66|8.789999999999999|82
2020.11.09 20:30:00|8.710000000000001|8.789999999999999|8.66|8.77|102
2020.11.09 21:30:00|8.779999999999999|8.880000000000001|8.69|8.83|108
2020.11.09 22:30:00|8.76|8.84|8.640000000000001|8.699999999999999|87
2020.11.10 16:30:00|8.69|9.039999999999999|8.69|9.02|337
2020.11.10 17:30:00|8.93|9.08|8.880000000000001|9.029999999999999|138
2020.11.10 18:30:00|8.949999999999999|9.039999999999999|8.93|9.01|94
2020.11.10 19:30:00|8.93|9.039999999999999|8.9|8.970000000000001|72
2020.11.10 20:30:00|8.91|9.06|8.91|9|90
2020.11.10 21:30:00|8.93|9.039999999999999|8.9|9.01|60
2020.11.10 22:30:00|8.92|9.01|8.890000000000001|8.970000000000001|24
2020.11.11 16:30:00|8.93|9.029999999999999|8.800000000000001|8.890000000000001|236
2020.11.11 17:30:00|8.81|8.949999999999999|8.789999999999999|8.9|68
2020.11.11 18:30:00|8.83|8.92|8.789999999999999|8.869999999999999|36
2020.11.11 19:30:00|8.789999999999999|8.91|8.789999999999999|8.890000000000001|45
2020.11.11 20:30:00|8.83|8.91|8.800000000000001|8.9|30
2020.11.11 21:30:00|8.83|8.93|8.779999999999999|8.859999999999999|37
2020.11.11 22:30:00|8.77|8.91|8.77|8.880000000000001|36
2020.11.12 16:30:00|8.67|8.789999999999999|8.630000000000001|8.75|158
2020.11.12 17:30:00|8.68|8.800000000000001|8.67|8.800000000000001|61
2020.11.12 18:30:00|8.74|8.85|8.73|8.789999999999999|44
2020.11.12 19:30:00|8.710000000000001|8.779999999999999|8.65|8.73|85
2020.11.12 20:30:00|8.65|8.77|8.65|8.76|58
2020.11.12 21:30:00|8.69|8.77|8.6|8.73|59
2020.11.12 22:30:00|8.640000000000001|8.77|8.609999999999999|8.75|60
2020.11.13 16:30:00|8.85|9.09|8.84|9.050000000000001|209
2020.11.13 17:30:00|8.99|9.07|8.91|9.02|76
2020.11.13 18:30:00|8.94|9.07|8.94|9.06|30
2020.11.13 19:30:00|9|9.1|8.98|9.09|54
2020.11.13 20:30:00|9.02|9.18|9.02|9.140000000000001|57
2020.11.13 21:30:00|9.07|9.16|9.06|9.16|41
2020.11.13 22:30:00|9.09|9.23|9.09|9.23|35
2020.11.16 16:30:00|9.41|9.59|9.4|9.529999999999999|231
2020.11.16 17:30:00|9.449999999999999|9.550000000000001|9.42|9.5|63
2020.11.16 18:30:00|9.42|9.56|9.42|9.550000000000001|49
2020.11.16 19:30:00|9.49|9.56|9.449999999999999|9.49|22
2020.11.16 20:30:00|9.41|9.52|9.359999999999999|9.52|59
2020.11.16 21:30:00|9.449999999999999|9.550000000000001|9.43|9.529999999999999|52
2020.11.16 22:30:00|9.539999999999999|9.57|9.44|9.550000000000001|41
2020.11.17 16:30:00|9.34|9.52|9.32|9.5|177
2020.11.17 17:30:00|9.42|9.69|9.42|9.69|79
2020.11.17 18:30:00|9.609999999999999|9.720000000000001|9.56|9.67|81
2020.11.17 19:30:00|9.59|9.67|9.58|9.67|41
2020.11.17 20:30:00|9.59|9.68|9.58|9.68|50
2020.11.17 21:30:00|9.59|9.699999999999999|9.59|9.67|28
2020.11.17 22:30:00|9.6|9.69|9.59|9.67|22
2020.11.18 16:30:00|9.859999999999999|10.03|9.81|9.9|260
2020.11.18 17:30:00|9.91|9.970000000000001|9.83|9.949999999999999|99
2020.11.18 18:30:00|9.869999999999999|9.949999999999999|9.85|9.92|29
2020.11.18 19:30:00|9.83|9.9|9.789999999999999|9.890000000000001|59
2020.11.18 20:30:00|9.83|9.91|9.75|9.85|85
2020.11.18 21:30:00|9.779999999999999|9.869999999999999|9.69|9.81|98
2020.11.18 22:30:00|9.800000000000001|9.800000000000001|9.65|9.720000000000001|66
2020.11.19 16:30:00|9.529999999999999|9.74|9.5|9.56|270
2020.11.19 17:30:00|9.57|9.65|9.49|9.630000000000001|113
2020.11.19 18:30:00|9.550000000000001|9.640000000000001|9.51|9.630000000000001|85
2020.11.19 19:30:00|9.57|9.699999999999999|9.550000000000001|9.67|78
2020.11.19 20:30:00|9.609999999999999|9.69|9.58|9.66|60
2020.11.19 21:30:00|9.67|9.699999999999999|9.56|9.640000000000001|54
2020.11.19 22:30:00|9.65|9.66|9.529999999999999|9.65|28
2020.11.20 16:30:00|9.56|9.81|9.56|9.76|149
2020.11.20 17:30:00|9.69|9.76|9.57|9.65|77
2020.11.20 18:30:00|9.56|9.66|9.539999999999999|9.640000000000001|83
2020.11.20 19:30:00|9.56|9.67|9.539999999999999|9.66|60
2020.11.20 20:30:00|9.58|9.68|9.58|9.68|34
2020.11.20 21:30:00|9.59|9.69|9.58|9.68|40
2020.11.20 22:30:00|9.68|9.74|9.6|9.74|29
2020.11.23 16:30:00|9.81|10.25|9.81|10.14|166
2020.11.23 17:30:00|10.08|10.25|10.08|10.23|100
2020.11.23 18:30:00|10.15|10.23|10.02|10.06|67
2020.11.23 19:30:00|10.07|10.12|9.99|10.12|67
2020.11.23 20:30:00|10.04|10.13|10.01|10.13|35
2020.11.23 21:30:00|10.04|10.13|10.01|10.09|46
2020.11.23 22:30:00|10|10.12|9.99|10.06|50
2020.11.24 16:30:00|10.66|10.83|10.53|10.79|382
2020.11.24 17:30:00|10.79|10.79|10.55|10.59|107
2020.11.24 18:30:00|10.51|10.62|10.47|10.56|95
2020.11.24 19:30:00|10.57|10.59|10.39|10.47|74
2020.11.24 20:30:00|10.41|10.51|10.35|10.43|70
2020.11.24 21:30:00|10.34|10.45|10.31|10.44|85
2020.11.24 22:30:00|10.45|10.48|10.34|10.43|83
2020.11.25 16:30:00|10.37|10.48|10.31|10.41|277
2020.11.25 17:30:00|10.42|10.5|10.34|10.47|105
2020.11.25 18:30:00|10.48|10.51|10.39|10.47|58
2020.11.25 19:30:00|10.41|10.49|10.4|10.48|26
2020.11.25 20:30:00|10.4|10.51|10.37|10.51|35
2020.11.25 21:30:00|10.44|10.52|10.4|10.49|49
2020.11.25 22:30:00|10.4|10.49|10.39|10.48|28
2020.11.27 16:30:00|10.41|10.49|10.26|10.36|140
2020.11.27 17:30:00|10.28|10.4|10.28|10.38|49
2020.11.27 18:30:00|10.3|10.43|10.28|10.35|63
2020.11.27 19:30:00|10.34|10.38|10.28|10.37|17
2020.11.30 16:30:00|10.2|10.31|10.03|10.06|250
2020.11.30 17:30:00|10|10.27|9.94|10.24|182
2020.11.30 18:30:00|10.16|10.26|10.14|10.25|70
2020.11.30 19:30:00|10.17|10.31|10.17|10.26|68
2020.11.30 20:30:00|10.18|10.28|10.17|10.27|52
2020.11.30 21:30:00|10.2|10.28|10.14|10.27|66
2020.11.30 22:30:00|10.18|10.28|10.14|10.21|37
2020.12.01 16:30:00|10.28|10.46|10.28|10.42|372
2020.12.01 17:30:00|10.43|10.43|10.3|10.39|98
2020.12.01 18:30:00|10.33|10.4|10.23|10.32|74
2020.12.01 19:30:00|10.26|10.34|10.22|10.29|61
2020.12.01 20:30:00|10.21|10.33|10.16|10.25|77
2020.12.01 21:30:00|10.16|10.25|10.04|10.15|111
2020.12.01 22:30:00|10.15|10.15|10.02|10.13|58
2020.12.02 16:30:00|9.98|10.23|9.98|10.23|338
2020.12.02 17:30:00|10.24|10.35|10.15|10.34|78
2020.12.02 18:30:00|10.35|10.4|10.25|10.37|92
2020.12.02 19:30:00|10.29|10.39|10.26|10.34|71
2020.12.02 20:30:00|10.35|10.4|10.25|10.4|68
2020.12.02 21:30:00|10.33|10.42|10.32|10.42|31
2020.12.02 22:30:00|10.35|10.46|10.3|10.42|55
2020.12.03 16:30:00|10.35|10.55|10.35|10.55|206
2020.12.03 17:30:00|10.56|10.59|10.47|10.59|93
2020.12.03 18:30:00|10.51|10.66|10.5|10.66|70
2020.12.03 19:30:00|10.58|10.68|10.54|10.62|93
2020.12.03 20:30:00|10.54|10.63|10.5|10.62|82
2020.12.03 21:30:00|10.53|10.64|10.52|10.64|63
2020.12.03 22:30:00|10.63|10.63|10.45|10.58|107
2020.12.04 16:30:00|10.64|10.73|10.49|10.69|363
2020.12.04 17:30:00|10.68|10.72|10.56|10.67|149
2020.12.04 18:30:00|10.61|10.72|10.59|10.71|59
2020.12.04 19:30:00|10.65|10.8|10.65|10.8|36
2020.12.04 20:30:00|10.74|10.87|10.72|10.84|67
2020.12.04 21:30:00|10.83|10.9|10.73|10.82|83
2020.12.04 22:30:00|10.7|10.91|10.69|10.86|59
2020.12.07 16:30:00|10.78|10.93|10.7|10.93|434
2020.12.07 17:30:00|10.94|10.98|10.87|10.97|77
2020.12.07 18:30:00|10.91|11.06|10.91|11|72
2020.12.07 19:30:00|10.94|11.06|10.92|11.06|94
2020.12.07 20:30:00|11|11.08|10.9|10.97|58
2020.12.07 21:30:00|10.9|10.98|10.75|10.86|92
2020.12.07 22:30:00|10.79|10.89|10.76|10.84|48
2020.12.08 16:30:00|10.76|10.98|10.76|10.93|273
2020.12.08 17:30:00|10.85|11.01|10.85|10.98|88
2020.12.08 18:30:00|10.92|10.99|10.87|10.96|49
2020.12.08 19:30:00|10.88|10.96|10.82|10.91|76
2020.12.08 20:30:00|10.83|10.92|10.81|10.89|38
2020.12.08 21:30:00|10.8|10.94|10.79|10.93|67
2020.12.08 22:30:00|10.86|10.96|10.85|10.95|34
2020.12.09 16:30:00|11.01|11.31|11.01|11.24|207
2020.12.09 17:30:00|11.17|11.31|11.13|11.29|153
2020.12.09 18:30:00|11.21|11.46|11.2|11.46|123
2020.12.09 19:30:00|11.46|11.47|11.22|11.29|137
2020.12.09 20:30:00|11.28|11.35|11.1|11.35|273
2020.12.09 21:30:00|11.34|11.37|11.23|11.32|139
2020.12.09 22:30:00|11.25|11.41|11.22|11.38|90
2020.12.10 16:30:00|11.07|11.43|11.07|11.42|345
2020.12.10 17:30:00|11.41|11.46|11.33|11.42|143
2020.12.10 18:30:00|11.34|11.42|11.21|11.31|91
2020.12.10 19:30:00|11.25|11.36|11.22|11.34|131
2020.12.10 20:30:00|11.27|11.35|11.2|11.28|99
2020.12.10 21:30:00|11.19|11.34|11.18|11.32|112
2020.12.10 22:30:00|11.24|11.34|11.22|11.32|43
2020.12.11 16:30:00|11.18|11.39|11.18|11.33|368
2020.12.11 17:30:00|11.34|11.36|11.16|11.2|190
2020.12.11 18:30:00|11.12|11.2|10.98|11.06|175
2020.12.11 19:30:00|10.98|11.11|10.96|11.11|130
2020.12.11 20:30:00|11.1|11.15|11|11.09|149
2020.12.11 21:30:00|11.02|11.13|11|11.1|80
2020.12.11 22:30:00|11.03|11.15|11.02|11.14|50
2020.12.14 16:30:00|11.25|11.33|10.98|11.05|310
2020.12.14 17:30:00|11.06|11.07|10.88|10.94|161
2020.12.14 18:30:00|10.95|10.99|10.85|10.93|110
2020.12.14 19:30:00|10.86|10.94|10.8|10.89|114
2020.12.14 20:30:00|10.83|10.93|10.73|10.83|110
2020.12.14 21:30:00|10.84|10.9|10.74|10.86|92
2020.12.14 22:30:00|10.78|10.86|10.71|10.82|73
2020.12.15 16:30:00|10.9|11.07|10.67|10.71|261
2020.12.15 17:30:00|10.7|10.94|10.57|10.94|157
2020.12.15 18:30:00|10.93|11.03|10.86|11.03|80
2020.12.15 19:30:00|10.97|11.13|10.96|11.12|86
2020.12.15 20:30:00|11.13|11.13|10.98|11.11|59
2020.12.15 21:30:00|11.04|11.12|10.99|11.08|52
2020.12.15 22:30:00|10.99|11.1|10.98|11.1|31
2020.12.16 16:30:00|11.09|11.09|10.88|10.96|197
2020.12.16 17:30:00|10.95|11|10.82|11|72
2020.12.16 18:30:00|10.91|10.98|10.85|10.93|55
2020.12.16 19:30:00|10.87|10.95|10.84|10.91|38
2020.12.16 20:30:00|10.83|10.95|10.82|10.92|44
2020.12.16 21:30:00|10.85|10.96|10.83|10.92|66
2020.12.16 22:30:00|10.85|10.93|10.81|10.91|32
2020.12.17 16:30:00|10.89|10.97|10.72|10.89|140
2020.12.17 17:30:00|10.9|10.92|10.79|10.89|80
2020.12.17 18:30:00|10.88|10.91|10.78|10.85|36
2020.12.17 19:30:00|10.8|10.9|10.77|10.9|22
2020.12.17 20:30:00|10.84|10.91|10.77|10.87|55
2020.12.17 21:30:00|10.79|10.88|10.77|10.85|20
2020.12.17 22:30:00|10.76|10.87|10.75|10.87|28
2020.12.18 16:30:00|10.75|11.1|10.75|11.02|240
2020.12.18 17:30:00|11.02|11.04|10.91|10.98|75
2020.12.18 18:30:00|10.9|10.98|10.84|10.95|57
2020.12.18 19:30:00|10.87|10.95|10.79|10.88|37
2020.12.18 20:30:00|10.8|10.87|10.72|10.8|43
2020.12.18 21:30:00|10.73|10.81|10.66|10.74|48
2020.12.18 22:30:00|10.68|10.83|10.65|10.77|101
2020.12.21 16:30:00|10.41|10.74|10.35|10.69|491
2020.12.21 17:30:00|10.67|10.78|10.64|10.72|171
2020.12.21 18:30:00|10.73|10.74|10.58|10.7|110
2020.12.21 19:30:00|10.71|10.76|10.61|10.74|105
2020.12.21 20:30:00|10.67|10.83|10.67|10.82|94
2020.12.21 21:30:00|10.83|10.85|10.65|10.78|123
2020.12.21 22:30:00|10.77|10.78|10.64|10.75|81
2020.12.22 16:30:00|10.65|10.72|10.43|10.63|189
2020.12.22 17:30:00|10.55|10.68|10.5|10.57|122
2020.12.22 18:30:00|10.5|10.58|10.43|10.56|81
2020.12.22 19:30:00|10.48|10.71|10.48|10.67|77
2020.12.22 20:30:00|10.59|10.68|10.59|10.67|24
2020.12.22 21:30:00|10.61|10.71|10.6|10.68|37
2020.12.22 22:30:00|10.6|10.7|10.53|10.61|61
2020.12.23 16:30:00|10.64|10.9|10.64|10.76|166
2020.12.23 17:30:00|10.75|10.93|10.71|10.91|72
2020.12.23 18:30:00|10.92|10.92|10.79|10.86|34
2020.12.23 19:30:00|10.77|10.88|10.77|10.88|19
2020.12.23 20:30:00|10.8|10.89|10.77|10.87|26
2020.12.23 21:30:00|10.79|10.96|10.79|10.95|25
2020.12.23 22:30:00|10.94|10.94|10.79|10.84|68
2020.12.24 16:30:00|10.72|10.8|10.61|10.68|201
2020.12.24 17:30:00|10.6|10.68|10.57|10.64|54
2020.12.24 18:30:00|10.63|10.65|10.54|10.64|49
2020.12.24 19:30:00|10.63|10.67|10.57|10.63|22
2020.12.28 16:30:00|10.64|10.76|10.6|10.71|242
2020.12.28 17:30:00|10.65|10.75|10.63|10.7|42
2020.12.28 18:30:00|10.63|10.7|10.51|10.63|92
2020.12.28 19:30:00|10.57|10.68|10.54|10.61|50
2020.12.28 20:30:00|10.55|10.65|10.54|10.63|44
2020.12.28 21:30:00|10.55|10.68|10.55|10.65|46
2020.12.28 22:30:00|10.56|10.64|10.52|10.63|48
2020.12.29 16:30:00|10.64|10.75|10.5|10.67|184
2020.12.29 17:30:00|10.59|10.71|10.59|10.69|91
2020.12.29 18:30:00|10.63|10.71|10.61|10.69|36
2020.12.29 19:30:00|10.6|10.67|10.53|10.61|25
2020.12.29 20:30:00|10.53|10.6|10.46|10.54|38
2020.12.29 21:30:00|10.47|10.59|10.46|10.58|39
2020.12.29 22:30:00|10.57|10.57|10.47|10.55|28
2020.12.30 16:30:00|10.52|10.71|10.52|10.71|136
2020.12.30 17:30:00|10.72|10.8|10.68|10.74|86
2020.12.30 18:30:00|10.75|10.79|10.64|10.79|61
2020.12.30 19:30:00|10.72|10.83|10.68|10.76|38
2020.12.30 20:30:00|10.7|10.78|10.6|10.68|55
2020.12.30 21:30:00|10.67|10.71|10.59|10.71|68
2020.12.30 22:30:00|10.72|10.75|10.63|10.7|53
2020.12.31 16:30:00|10.57|10.73|10.5|10.73|124
2020.12.31 17:30:00|10.67|10.78|10.63|10.78|47
2020.12.31 18:30:00|10.72|10.81|10.65|10.73|52
2020.12.31 19:30:00|10.65|10.73|10.61|10.68|35
2020.12.31 20:30:00|10.61|10.72|10.61|10.71|14
2021.01.04 16:30:00|10.78|10.86|10.56|10.65|233
2021.01.04 17:30:00|10.56|10.64|10.36|10.55|193
2021.01.04 18:30:00|10.48|10.57|10.37|10.46|155
2021.01.04 19:30:00|10.45|10.51|10.32|10.5|85
2021.01.04 20:30:00|10.42|10.51|10.38|10.46|82
2021.01.04 21:30:00|10.36|10.46|10.33|10.43|68
2021.01.04 22:30:00|10.34|10.47|10.34|10.45|47
2021.01.05 16:30:00|10.45|10.72|10.45|10.58|250
2021.01.05 17:30:00|10.6|10.8|10.52|10.8|125
2021.01.05 18:30:00|10.8|10.86|10.73|10.81|113
2021.01.05 19:30:00|10.75|10.84|10.7|10.81|80
2021.01.05 20:30:00|10.73|10.83|10.71|10.83|35
2021.01.05 21:30:00|10.75|10.84|10.71|10.8|66
2021.01.05 22:30:00|10.73|10.82|10.67|10.75|52
2021.01.06 16:30:00|10.8|11.42|10.8|11.41|409
2021.01.06 17:30:00|11.42|11.6|11.36|11.51|159
2021.01.06 18:30:00|11.43|11.53|11.33|11.49|132
2021.01.06 19:30:00|11.5|11.55|11.41|11.47|68
2021.01.06 20:30:00|11.48|11.5|11.24|11.33|187
2021.01.06 21:30:00|11.34|11.37|11.16|11.33|296
2021.01.06 22:30:00|11.34|11.38|11.22|11.35|131
2021.01.07 16:30:00|11.42|11.5|11.3|11.43|271
2021.01.07 17:30:00|11.35|11.46|11.31|11.37|98
2021.01.07 18:30:00|11.31|11.39|11.25|11.36|61
2021.01.07 19:30:00|11.29|11.37|11.22|11.29|44
2021.01.07 20:30:00|11.3|11.31|11.15|11.26|64
2021.01.07 21:30:00|11.19|11.32|11.18|11.25|52
2021.01.07 22:30:00|11.16|11.29|11.16|11.26|42
2021.01.08 16:30:00|11.24|11.37|11.14|11.28|213
2021.01.08 17:30:00|11.29|11.42|11.24|11.35|111
2021.01.08 18:30:00|11.29|11.39|11.26|11.36|39
2021.01.08 19:30:00|11.3|11.39|11.2|11.28|72
2021.01.08 20:30:00|11.22|11.41|11.13|11.34|161
2021.01.08 21:30:00|11.33|11.37|11.22|11.34|103
2021.01.08 22:30:00|11.25|11.36|11.25|11.33|62
2021.01.11 16:30:00|11|11.39|11|11.33|330
2021.01.11 17:30:00|11.25|11.41|11.25|11.39|86
2021.01.11 18:30:00|11.31|11.46|11.31|11.43|57
2021.01.11 19:30:00|11.37|11.48|11.37|11.45|48
2021.01.11 20:30:00|11.37|11.46|11.34|11.45|58
2021.01.11 21:30:00|11.38|11.51|11.36|11.45|55
2021.01.11 22:30:00|11.38|11.51|11.37|11.44|57
2021.01.12 16:30:00|11.43|11.75|11.4|11.71|223
2021.01.12 17:30:00|11.65|11.89|11.65|11.77|116
2021.01.12 18:30:00|11.69|11.77|11.6|11.76|131
2021.01.12 19:30:00|11.68|11.75|11.57|11.64|76
2021.01.12 20:30:00|11.56|11.72|11.52|11.71|108
2021.01.12 21:30:00|11.64|11.85|11.64|11.84|82
2021.01.12 22:30:00|11.73|11.82|11.68|11.77|59
2021.01.13 16:30:00|11.67|11.78|11.54|11.65|212
2021.01.13 17:30:00|11.64|11.65|11.47|11.54|99
2021.01.13 18:30:00|11.48|11.57|11.45|11.54|79
2021.01.13 19:30:00|11.48|11.63|11.48|11.63|38
2021.01.13 20:30:00|11.64|11.66|11.53|11.63|52
2021.01.13 21:30:00|11.54|11.68|11.52|11.59|55
2021.01.13 22:30:00|11.5|11.6|11.48|11.55|47
2021.01.14 16:30:00|11.56|11.7|11.53|11.68|186
2021.01.14 17:30:00|11.58|11.71|11.54|11.63|89
2021.01.14 18:30:00|11.57|11.66|11.52|11.64|73
2021.01.14 19:30:00|11.58|11.68|11.54|11.61|79
2021.01.14 20:30:00|11.55|11.69|11.54|11.67|43
2021.01.14 21:30:00|11.58|11.67|11.54|11.65|73
2021.01.14 22:30:00|11.56|11.66|11.54|11.65|25
2021.01.15 16:30:00|11.41|11.5|11.17|11.29|196
2021.01.15 17:30:00|11.28|11.48|11.24|11.47|126
2021.01.15 18:30:00|11.39|11.51|11.35|11.48|93
2021.01.15 19:30:00|11.42|11.54|11.4|11.48|84
2021.01.15 20:30:00|11.4|11.48|11.32|11.41|76
2021.01.15 21:30:00|11.42|11.42|11.29|11.38|52
2021.01.15 22:30:00|11.29|11.37|11.24|11.31|49
2021.01.19 16:30:00|11.45|11.63|11.38|11.48|188
2021.01.19 17:30:00|11.49|11.57|11.41|11.51|112
2021.01.19 18:30:00|11.43|11.53|11.41|11.51|54
2021.01.19 19:30:00|11.43|11.55|11.41|11.53|41
2021.01.19 20:30:00|11.45|11.52|11.38|11.47|46
2021.01.19 21:30:00|11.38|11.47|11.33|11.43|44
2021.01.19 22:30:00|11.34|11.45|11.31|11.4|45
2021.01.20 16:30:00|11.36|11.45|11.23|11.31|205
2021.01.20 17:30:00|11.3|11.36|11.22|11.32|75
2021.01.20 18:30:00|11.31|11.41|11.26|11.38|65
2021.01.20 19:30:00|11.31|11.39|11.27|11.39|62
2021.01.20 20:30:00|11.31|11.46|11.3|11.38|71
2021.01.20 21:30:00|11.31|11.4|11.25|11.33|37
2021.01.20 22:30:00|11.25|11.39|11.25|11.36|28
2021.01.21 16:30:00|11.31|11.41|11.19|11.27|86
2021.01.21 18:30:00|11.12|11.19|11.04|11.12|25
2021.01.21 19:30:00|11.04|11.15|11.04|11.11|53
2021.01.21 20:30:00|11.03|11.15|11.03|11.13|27
2021.01.21 21:30:00|11.04|11.14|11.01|11.11|35
2021.01.21 22:30:00|11.02|11.11|10.98|11.06|26
2021.01.22 16:30:00|10.9|11.09|10.88|10.94|247
2021.01.22 17:30:00|10.87|11.05|10.87|11.04|84
2021.01.22 18:30:00|10.98|11.13|10.98|11.1|109
2021.01.22 19:30:00|11.03|11.12|11|11.08|83
2021.01.22 20:30:00|11.02|11.15|11|11.15|58
2021.01.22 21:30:00|11.06|11.16|11.04|11.15|45
2021.01.22 22:30:00|11.15|11.16|11.03|11.1|30
2021.01.25 16:30:00|10.96|11.07|10.81|11.06|363
2021.01.25 17:30:00|10.99|11.07|10.76|10.94|294
2021.01.25 18:30:00|10.86|10.99|10.78|10.89|172
2021.01.25 19:30:00|10.83|10.94|10.82|10.93|91
2021.01.25 20:30:00|10.86|10.98|10.83|10.93|66
2021.01.25 21:30:00|10.94|10.99|10.85|10.97|26
2021.01.25 22:30:00|10.88|10.98|10.87|10.98|35
2021.01.26 16:30:00|11.99|12.21|11.55|11.6|1565
2021.01.26 17:30:00|11.61|11.69|11.36|11.4|380
2021.01.26 18:30:00|11.39|11.43|11.14|11.21|227
2021.01.26 19:30:00|11.2|11.52|11.12|11.47|267
2021.01.26 20:30:00|11.39|11.56|11.38|11.52|99
2021.01.26 21:30:00|11.51|11.52|11.25|11.33|149
2021.01.26 22:30:00|11.32|11.32|11.16|11.26|56
2021.01.27 16:30:00|11.03|11.11|10.64|10.88|624
2021.01.27 17:30:00|10.89|10.91|10.74|10.86|187
2021.01.27 18:30:00|10.79|10.91|10.76|10.86|133
2021.01.27 19:30:00|10.78|10.87|10.73|10.82|74
2021.01.27 20:30:00|10.74|10.86|10.7|10.78|88
2021.01.27 21:30:00|10.79|10.91|10.66|10.91|131
2021.01.27 22:30:00|10.84|11.52|10.84|11.5|336
2021.01.28 16:30:00|11.34|11.45|11.22|11.24|638
2021.01.28 17:30:00|11.25|11.26|11.01|11.1|220
2021.01.28 18:30:00|11.09|11.31|11.06|11.27|231
2021.01.28 19:30:00|11.26|11.28|11.17|11.25|108
2021.01.28 20:30:00|11.26|11.33|11.16|11.25|118
2021.01.28 21:30:00|11.15|11.27|11.06|11.12|126
2021.01.28 22:30:00|11.13|11.16|11.02|11.08|86
2021.01.29 16:30:00|11.01|11.22|10.98|11.1|345
2021.01.29 17:30:00|11.11|11.13|10.88|10.94|171
2021.01.29 18:30:00|10.92|10.96|10.79|10.86|112
2021.01.29 19:30:00|10.78|10.87|10.68|10.81|129
2021.01.29 20:30:00|10.8|10.84|10.66|10.82|106
2021.01.29 21:30:00|10.81|10.81|10.68|10.79|95
2021.01.29 22:30:00|10.7|10.79|10.58|10.67|84
2021.02.01 16:30:00|10.84|10.98|10.61|10.67|405
2021.02.01 17:30:00|10.68|10.71|10.57|10.69|128
2021.02.01 18:30:00|10.69|10.73|10.6|10.7|90
2021.02.01 19:30:00|10.62|10.81|10.62|10.75|61
2021.02.01 20:30:00|10.67|10.81|10.67|10.81|57
2021.02.01 21:30:00|10.75|10.86|10.7|10.78|83
2021.02.01 22:30:00|10.78|10.78|10.63|10.72|51
2021.02.02 16:30:00|10.78|11.15|10.78|11.05|303
2021.02.02 17:30:00|11.06|11.13|10.98|11.13|99
2021.02.02 18:30:00|11.07|11.16|11.04|11.13|49
2021.02.02 19:30:00|11.06|11.24|11.06|11.16|66
2021.02.02 20:30:00|11.08|11.19|11.05|11.19|51
2021.02.02 21:30:00|11.12|11.28|11.12|11.28|60
2021.02.02 22:30:00|11.22|11.32|11.16|11.23|65
2021.02.03 16:30:00|11.16|11.28|11.03|11.08|271
2021.02.03 17:30:00|11.07|11.18|11.02|11.17|145
2021.02.03 18:30:00|11.09|11.22|11.08|11.22|54
2021.02.03 19:30:00|11.14|11.22|11.09|11.18|47
2021.02.03 20:30:00|11.09|11.19|11.09|11.18|46
2021.02.03 21:30:00|11.11|11.19|11.08|11.17|44
2021.02.03 22:30:00|11.1|11.19|11.09|11.18|31
2021.02.04 16:30:00|11.15|11.48|11.15|11.37|199
2021.02.04 17:30:00|11.31|11.43|11.27|11.37|105
2021.02.04 18:30:00|11.31|11.43|11.29|11.42|62
2021.02.04 19:30:00|11.36|11.46|11.32|11.41|51
2021.02.04 20:30:00|11.33|11.42|11.29|11.42|50
2021.02.04 21:30:00|11.35|11.46|11.34|11.46|42
2021.02.04 22:30:00|11.36|11.44|11.3|11.43|52
2021.02.05 16:30:00|11.46|11.53|11.24|11.38|164
2021.02.05 17:30:00|11.38|11.42|11.29|11.41|87
2021.02.05 18:30:00|11.35|11.42|11.31|11.4|80
2021.02.05 19:30:00|11.41|11.42|11.3|11.4|55
2021.02.05 20:30:00|11.32|11.4|11.26|11.37|53
2021.02.05 21:30:00|11.26|11.35|11.23|11.35|27
2021.02.05 22:30:00|11.28|11.39|11.28|11.38|25
2021.02.08 16:30:00|11.41|11.57|11.37|11.5|167
2021.02.08 17:30:00|11.44|11.52|11.38|11.48|56
2021.02.08 18:30:00|11.4|11.48|11.36|11.48|43
2021.02.08 19:30:00|11.4|11.48|11.38|11.47|39
2021.02.08 20:30:00|11.41|11.5|11.4|11.5|29
2021.02.08 21:30:00|11.43|11.57|11.43|11.57|22
2021.02.08 22:30:00|11.5|11.63|11.49|11.59|35
2021.02.09 16:30:00|11.45|11.54|11.33|11.44|169
2021.02.09 17:30:00|11.38|11.47|11.34|11.47|65
2021.02.09 18:30:00|11.41|11.55|11.4|11.55|64
2021.02.09 19:30:00|11.48|11.57|11.46|11.53|34
2021.02.09 20:30:00|11.46|11.58|11.45|11.54|33
2021.02.09 21:30:00|11.45|11.53|11.42|11.51|41
2021.02.09 22:30:00|11.42|11.52|11.4|11.52|39
2021.02.10 16:30:00|11.48|11.58|11.42|11.48|176
2021.02.10 17:30:00|11.48|11.51|11.35|11.46|146
2021.02.10 18:30:00|11.45|11.5|11.34|11.42|65
2021.02.10 19:30:00|11.36|11.44|11.34|11.42|33
2021.02.10 20:30:00|11.34|11.42|11.29|11.4|45
2021.02.10 21:30:00|11.33|11.44|11.32|11.39|47
2021.02.10 22:30:00|11.3|11.4|11.29|11.38|38
2021.02.11 16:30:00|11.34|11.41|11.23|11.38|169
2021.02.11 17:30:00|11.38|11.38|11.19|11.28|90
2021.02.11 18:30:00|11.2|11.32|11.13|11.2|64
2021.02.11 19:30:00|11.21|11.29|11.11|11.25|100
2021.02.11 20:30:00|11.19|11.27|11.13|11.25|70
2021.02.11 21:30:00|11.16|11.36|11.16|11.35|51
2021.02.11 22:30:00|11.27|11.45|11.27|11.45|50
2021.02.12 16:30:00|11.35|11.62|11.35|11.62|162
2021.02.12 17:30:00|11.61|11.7|11.54|11.64|95
2021.02.12 18:30:00|11.58|11.72|11.56|11.7|40
2021.02.12 19:30:00|11.62|11.71|11.58|11.64|63
2021.02.12 20:30:00|11.58|11.66|11.53|11.62|31
2021.02.12 21:30:00|11.53|11.66|11.53|11.66|21
2021.02.12 22:30:00|11.57|11.72|11.57|11.72|53
2021.02.16 16:30:00|11.73|11.96|11.73|11.9|297
2021.02.16 17:30:00|11.82|11.89|11.73|11.8|108
2021.02.16 18:30:00|11.8|11.85|11.72|11.79|118
2021.02.16 19:30:00|11.8|11.87|11.71|11.85|43
2021.02.16 20:30:00|11.78|11.93|11.78|11.93|61
2021.02.16 21:30:00|11.84|11.94|11.81|11.91|58
2021.02.16 22:30:00|11.85|11.96|11.84|11.95|42
2021.02.17 16:30:00|11.71|11.93|11.71|11.84|187
2021.02.17 17:30:00|11.76|11.84|11.69|11.79|104
2021.02.17 18:30:00|11.78|11.86|11.71|11.84|75
2021.02.17 19:30:00|11.76|11.83|11.74|11.82|35
2021.02.17 20:30:00|11.81|11.83|11.72|11.82|64
2021.02.17 21:30:00|11.75|11.86|11.73|11.81|24
2021.02.17 22:30:00|11.82|11.86|11.74|11.84|23
2021.02.18 16:30:00|11.69|11.81|11.53|11.62|189
2021.02.18 17:30:00|11.54|11.64|11.51|11.59|84
2021.02.18 18:30:00|11.52|11.61|11.47|11.55|43
2021.02.18 19:30:00|11.47|11.59|11.45|11.59|61
2021.02.18 20:30:00|11.52|11.69|11.51|11.68|84
2021.02.18 21:30:00|11.6|11.71|11.57|11.65|60
2021.02.18 22:30:00|11.58|11.67|11.55|11.62|54
2021.02.19 16:30:00|11.64|11.9|11.64|11.89|196
2021.02.19 17:30:00|11.83|11.92|11.79|11.92|100
2021.02.19 18:30:00|11.92|11.92|11.82|11.9|34
2021.02.19 19:30:00|11.82|11.9|11.77|11.9|49
2021.02.19 20:30:00|11.82|11.96|11.81|11.92|36
2021.02.19 21:30:00|11.93|11.98|11.86|11.96|43
2021.02.19 22:30:00|11.89|12.01|11.87|12.01|50
2021.02.22 16:30:00|11.96|12.42|11.96|12.39|414
2021.02.22 17:30:00|12.41|12.63|12.36|12.62|184
2021.02.22 18:30:00|12.54|12.63|12.48|12.62|129
2021.02.22 19:30:00|12.54|12.68|12.49|12.57|110
2021.02.22 20:30:00|12.5|12.64|12.46|12.55|87
2021.02.22 21:30:00|12.5|12.59|12.38|12.46|98
2021.02.22 22:30:00|12.39|12.53|12.39|12.48|69
2021.02.23 16:30:00|12.47|12.58|12.17|12.47|879
2021.02.23 17:30:00|12.48|12.57|12.38|12.49|215
2021.02.23 18:30:00|12.41|12.54|12.36|12.49|127
2021.02.23 19:30:00|12.41|12.52|12.37|12.52|135
2021.02.23 20:30:00|12.52|12.61|12.4|12.6|88
2021.02.23 21:30:00|12.61|12.63|12.47|12.59|102
2021.02.23 22:30:00|12.5|12.61|12.49|12.58|54
2021.02.24 16:30:00|12.62|13.02|12.62|12.96|415
2021.02.24 17:30:00|12.97|13.22|12.95|13.19|142
2021.02.24 18:30:00|13.2|13.32|13.1|13.32|150
2021.02.24 19:30:00|13.33|13.33|13.03|13.13|168
2021.02.24 20:30:00|13.07|13.26|13.05|13.26|114
2021.02.24 21:30:00|13.18|13.27|13.09|13.2|94
2021.02.24 22:30:00|13.21|13.22|13|13.1|77
2021.02.25 16:30:00|12.96|13.26|12.91|13.01|411
2021.02.25 17:30:00|13.02|13.02|12.8|12.97|277
2021.02.25 18:30:00|12.98|13.01|12.76|12.77|202
2021.02.25 19:30:00|12.77|12.87|12.65|12.86|287
2021.02.25 20:30:00|12.85|12.91|12.73|12.9|165
2021.02.25 21:30:00|12.81|12.89|12.66|12.73|129
2021.02.25 22:30:00|12.65|12.77|12.59|12.76|98
2021.02.26 16:30:00|12.52|12.71|12.4|12.41|537
2021.02.26 17:30:00|12.42|12.71|12.42|12.66|323
2021.02.26 18:30:00|12.67|12.82|12.65|12.78|196
2021.02.26 19:30:00|12.79|12.8|12.64|12.77|165
2021.02.26 20:30:00|12.78|12.78|12.52|12.62|167
2021.02.26 21:30:00|12.61|12.69|12.5|12.66|149
2021.02.26 22:30:00|12.57|12.67|12.52|12.54|105
2021.03.01 16:30:00|12.74|13.25|12.74|13.18|520
2021.03.01 17:30:00|13.19|13.23|13.04|13.19|155
2021.03.01 18:30:00|13.19|13.27|13.09|13.22|112
2021.03.01 19:30:00|13.16|13.23|13.03|13.17|114
2021.03.01 20:30:00|13.11|13.24|13.08|13.24|67
2021.03.01 21:30:00|13.17|13.26|13.09|13.2|82
2021.03.01 22:30:00|13.11|13.19|13.02|13.1|70
2021.03.02 16:30:00|13.02|13.23|12.96|13|403
2021.03.02 17:30:00|13|13.11|12.93|13.06|176
2021.03.02 18:30:00|13.05|13.06|12.91|13.02|129
2021.03.02 19:30:00|12.96|13.07|12.95|13.07|104
2021.03.02 20:30:00|13.07|13.1|12.95|13.05|115
2021.03.02 21:30:00|13.06|13.08|12.92|13.01|68
2021.03.02 22:30:00|12.92|13.03|12.88|12.96|56
2021.03.03 16:30:00|12.99|13.43|12.99|13.4|359
2021.03.03 17:30:00|13.4|13.6|13.35|13.57|232
2021.03.03 18:30:00|13.47|13.55|13.3|13.41|150
2021.03.03 19:30:00|13.33|13.57|13.33|13.52|156
2021.03.03 20:30:00|13.51|13.59|13.37|13.47|202
2021.03.03 21:30:00|13.39|13.58|13.36|13.52|186
2021.03.03 22:30:00|13.53|13.56|13.36|13.43|112
2021.03.04 16:30:00|13.74|14.11|13.3|13.64|1337
2021.03.04 17:30:00|13.63|13.71|13.46|13.59|631
2021.03.04 18:30:00|13.6|13.74|13.46|13.68|384
2021.03.04 19:30:00|13.68|13.7|13.32|13.41|462
2021.03.04 20:30:00|13.4|13.45|13.17|13.4|500
2021.03.04 21:30:00|13.39|13.5|13.26|13.45|388
2021.03.04 22:30:00|13.44|13.57|13.44|13.56|200
2021.03.05 16:30:00|13.68|13.76|13.39|13.4|742
2021.03.05 17:30:00|13.41|13.5|13.13|13.17|628
2021.03.05 18:30:00|13.18|13.46|13.18|13.45|414
2021.03.05 19:30:00|13.44|13.52|13.38|13.48|298
2021.03.05 20:30:00|13.49|13.56|13.43|13.48|253
2021.03.05 21:30:00|13.49|13.52|13.4|13.5|184
2021.03.05 22:30:00|13.42|13.61|13.41|13.59|89
2021.03.08 16:30:00|14|14.17|13.8|14.12|958
2021.03.08 17:30:00|14.11|14.21|13.99|14.05|355
2021.03.08 18:30:00|14.04|14.32|13.88|14.25|302
2021.03.08 19:30:00|14.26|14.32|14.17|14.28|220
2021.03.08 20:30:00|14.2|14.27|14.04|14.19|243
2021.03.08 21:30:00|14.2|14.2|14.01|14.13|145
2021.03.08 22:30:00|14.06|14.22|14.06|14.15|99
2021.03.09 16:30:00|14.02|14.12|13.82|14.03|614
2021.03.09 17:30:00|14.03|14.4|14.02|14.32|300
2021.03.09 18:30:00|14.33|14.38|14.18|14.33|130
2021.03.09 19:30:00|14.33|14.36|14.05|14.16|151
2021.03.09 20:30:00|14.17|14.21|14.06|14.17|121
2021.03.09 21:30:00|14.18|14.19|14|14.09|86
2021.03.09 22:30:00|14.02|14.1|13.9|13.99|74
2021.03.10 16:30:00|13.63|13.71|13.01|13.15|1063
2021.03.10 17:30:00|13.15|13.27|12.91|13.2|473
2021.03.10 18:30:00|13.19|13.4|13.11|13.36|200
2021.03.10 19:30:00|13.34|13.36|13.18|13.35|177
2021.03.10 20:30:00|13.26|13.33|13.11|13.25|170
2021.03.10 21:30:00|13.24|13.33|13.17|13.27|105
2021.03.10 22:30:00|13.2|13.28|13.14|13.25|60
2021.03.11 16:30:00|12.69|12.76|12.07|12.21|761
2021.03.11 17:30:00|12.2|12.35|12.15|12.31|253
2021.03.11 18:30:00|12.25|12.36|12.12|12.22|145
2021.03.11 19:30:00|12.14|12.23|12.03|12.1|131
2021.03.11 20:30:00|12.02|12.17|11.98|12.12|109
2021.03.11 21:30:00|12.04|12.13|11.9|11.97|90
2021.03.11 22:30:00|11.88|12.31|11.88|12.28|98
2021.03.12 16:30:00|12.23|12.59|12.22|12.46|519
2021.03.12 17:30:00|12.46|12.53|12.28|12.36|175
2021.03.12 18:30:00|12.37|12.47|12.29|12.44|105
2021.03.12 19:30:00|12.36|12.56|12.36|12.55|126
2021.03.12 20:30:00|12.55|12.55|12.33|12.42|80
2021.03.12 21:30:00|12.35|12.54|12.35|12.53|86
2021.03.12 22:30:00|12.44|12.59|12.44|12.56|84
2021.03.15 15:30:00|12.75|13.19|12.75|13.04|429
2021.03.15 16:30:00|13.04|13.06|12.9|12.99|180
2021.03.15 17:30:00|12.91|13.02|12.87|12.98|145
2021.03.15 18:30:00|12.9|13.15|12.9|13.14|76
2021.03.15 19:30:00|13.06|13.33|13.06|13.32|123
2021.03.15 20:30:00|13.24|13.32|13.15|13.25|134
2021.03.15 21:30:00|13.26|13.34|13.16|13.33|81
2021.03.16 15:30:00|13.33|13.33|13.1|13.22|331
2021.03.16 16:30:00|13.23|13.25|13.02|13.13|128
2021.03.16 17:30:00|13.14|13.23|13.05|13.12|107
2021.03.16 18:30:00|13.06|13.21|13.06|13.18|71
2021.03.16 19:30:00|13.11|13.22|13.1|13.14|95
2021.03.16 20:30:00|13.15|13.19|13.02|13.18|87
2021.03.16 21:30:00|13.11|13.19|13.06|13.13|40
2021.03.17 15:30:00|13.06|13.46|13.06|13.46|361
2021.03.17 16:30:00|13.38|13.54|13.26|13.37|282
2021.03.17 17:30:00|13.38|13.47|13.31|13.42|135
2021.03.17 18:30:00|13.43|13.43|13.28|13.38|87
2021.03.17 19:30:00|13.3|13.51|13.29|13.42|218
2021.03.17 20:30:00|13.41|13.51|13.32|13.49|144
2021.03.17 21:30:00|13.41|13.59|13.41|13.59|69
2021.03.18 15:30:00|13.47|13.62|13.4|13.6|448
2021.03.18 16:30:00|13.61|13.67|13.44|13.51|170
2021.03.18 17:30:00|13.52|13.54|13.39|13.49|128
2021.03.18 18:30:00|13.48|13.5|13.37|13.49|88
2021.03.18 19:30:00|13.41|13.53|13.37|13.43|105
2021.03.18 20:30:00|13.44|13.44|13.18|13.27|180
2021.03.18 21:30:00|13.27|13.27|13.12|13.23|86
2021.03.19 15:30:00|13.03|13.24|12.97|13.2|472
2021.03.19 16:30:00|13.12|13.24|13.1|13.19|224
2021.03.19 17:30:00|13.11|13.29|13.11|13.29|118
2021.03.19 18:30:00|13.21|13.33|13.17|13.25|101
2021.03.19 19:30:00|13.16|13.27|13.13|13.22|82
2021.03.19 20:30:00|13.15|13.26|13.12|13.23|82
2021.03.19 21:30:00|13.14|13.3|13.14|13.22|78
2021.03.22 15:30:00|13.14|13.14|12.92|12.96|455
2021.03.22 16:30:00|12.97|13.09|12.94|13.07|124
2021.03.22 17:30:00|13.08|13.13|13.05|13.07|53
2021.03.22 18:30:00|13.06|13.09|13.04|13.08|53
2021.03.22 19:30:00|13.09|13.17|13.08|13.17|42
2021.03.22 20:30:00|13.18|13.22|13.14|13.14|51
2021.03.22 21:30:00|13.13|13.17|13.12|13.12|21
2021.03.23 15:30:00|12.95|13.16|12.91|12.93|237
2021.03.23 16:30:00|12.92|12.93|12.76|12.85|131
2021.03.23 17:30:00|12.84|12.84|12.77|12.8|64
2021.03.23 18:30:00|12.81|12.85|12.79|12.81|48
2021.03.23 19:30:00|12.8|12.8|12.68|12.69|61
2021.03.23 20:30:00|12.68|12.69|12.58|12.58|73
2021.03.23 21:30:00|12.57|12.66|12.54|12.65|63
2021.03.24 15:30:00|12.83|13|12.77|12.9|402
2021.03.24 16:30:00|12.91|12.98|12.81|12.83|152
2021.03.24 17:30:00|12.82|12.88|12.76|12.86|83
2021.03.24 18:30:00|12.85|12.87|12.71|12.75|105
2021.03.24 19:30:00|12.74|12.78|12.7|12.7|97
2021.03.24 20:30:00|12.69|12.71|12.56|12.57|124
2021.03.24 21:30:00|12.58|12.59|12.49|12.49|55
2021.03.25 15:30:00|12.31|12.46|12.22|12.42|456
2021.03.25 16:30:00|12.41|12.47|12.26|12.4|174
2021.03.25 17:30:00|12.44|12.65|12.43|12.63|145
2021.03.25 18:30:00|12.62|12.78|12.62|12.72|123
2021.03.25 19:30:00|12.71|12.79|12.62|12.72|164
2021.03.25 20:30:00|12.73|12.87|12.73|12.87|105
2021.03.25 21:30:00|12.86|12.91|12.83|12.83|70
2021.03.26 15:30:00|12.97|13.11|12.85|13.04|335
2021.03.26 16:30:00|13.03|13.06|12.86|12.9|167
2021.03.26 17:30:00|12.92|12.95|12.86|12.92|98
2021.03.26 18:30:00|12.94|12.97|12.9|12.9|66
2021.03.26 19:30:00|12.89|12.89|12.7|12.8|99
2021.03.26 20:30:00|12.81|12.92|12.75|12.92|135
2021.03.26 21:30:00|12.93|12.98|12.9|12.98|45
2021.03.29 16:30:00|12.92|13.03|12.83|12.86|356
2021.03.29 17:30:00|12.87|12.89|12.78|12.84|148
2021.03.29 18:30:00|12.85|12.9|12.81|12.86|83
2021.03.29 19:30:00|12.85|12.89|12.82|12.85|72
2021.03.29 20:30:00|12.86|12.88|12.77|12.86|100
2021.03.29 21:30:00|12.85|13.01|12.84|13.01|102
2021.03.29 22:30:00|13|13|12.92|12.94|56
2021.03.30 16:30:00|12.96|13.18|12.89|13.17|355
2021.03.30 17:30:00|13.19|13.28|13.19|13.25|88
2021.03.30 18:30:00|13.24|13.28|13.21|13.23|61
2021.03.30 19:30:00|13.24|13.24|13.2|13.21|55
2021.03.30 20:30:00|13.2|13.27|13.16|13.27|77
2021.03.30 21:30:00|13.26|13.34|13.23|13.32|62
2021.03.30 22:30:00|13.33|13.34|13.24|13.29|41
2021.03.31 16:30:00|13.37|13.41|13.2|13.25|260
2021.03.31 17:30:00|13.24|13.3|13.17|13.2|121
2021.03.31 18:30:00|13.19|13.23|13.17|13.18|42
2021.03.31 19:30:00|13.19|13.21|13.15|13.16|35
2021.03.31 20:30:00|13.17|13.25|13.16|13.22|52
2021.03.31 21:30:00|13.23|13.23|13.14|13.17|58
2021.03.31 22:30:00|13.18|13.19|13.12|13.12|44
2021.04.01 16:30:00|13.21|13.34|13.14|13.19|340
2021.04.01 17:30:00|13.18|13.23|13.14|13.16|63
2021.04.01 18:30:00|13.17|13.22|13.14|13.2|46
2021.04.01 19:30:00|13.21|13.3|13.21|13.21|92
2021.04.01 20:30:00|13.22|13.24|13.19|13.23|48
2021.04.01 21:30:00|13.24|13.28|13.21|13.23|69
2021.04.01 22:30:00|13.22|13.26|13.19|13.26|27
2021.04.05 16:30:00|13.45|13.54|13.37|13.47|286
2021.04.05 17:30:00|13.46|13.51|13.44|13.46|89
2021.04.05 18:30:00|13.47|13.47|13.38|13.42|62
2021.04.05 19:30:00|13.43|13.45|13.36|13.37|62
2021.04.05 20:30:00|13.38|13.43|13.37|13.42|47
2021.04.05 21:30:00|13.43|13.45|13.39|13.41|38
2021.04.05 22:30:00|13.42|13.45|13.4|13.44|22
2021.04.06 16:30:00|13.37|13.48|13.36|13.45|145
2021.04.06 17:30:00|13.46|13.46|13.4|13.41|62
2021.04.06 18:30:00|13.42|13.45|13.4|13.41|48
2021.04.06 19:30:00|13.42|13.42|13.39|13.4|29
2021.04.06 20:30:00|13.39|13.47|13.39|13.47|30
2021.04.06 21:30:00|13.48|13.48|13.37|13.37|30
2021.04.06 22:30:00|13.38|13.4|13.37|13.39|18
2021.04.07 16:30:00|13.41|13.51|13.38|13.43|196
2021.04.07 17:30:00|13.44|13.44|13.25|13.28|99
2021.04.07 18:30:00|13.29|13.31|13.25|13.28|52
2021.04.07 19:30:00|13.29|13.36|13.29|13.33|61
2021.04.07 20:30:00|13.32|13.33|13.29|13.29|52
2021.04.07 21:30:00|13.28|13.31|13.26|13.29|31
2021.04.07 22:30:00|13.28|13.37|13.28|13.37|26
2021.04.08 16:30:00|13.27|13.28|13.08|13.16|262
2021.04.08 17:30:00|13.15|13.28|13.13|13.27|78
2021.04.08 18:30:00|13.28|13.4|13.27|13.39|84
2021.04.08 19:30:00|13.4|13.43|13.37|13.37|54
2021.04.08 20:30:00|13.37|13.37|13.32|13.32|48
2021.04.08 21:30:00|13.33|13.47|13.33|13.47|44
2021.04.08 22:30:00|13.46|13.48|13.43|13.43|25
2021.04.09 16:30:00|13.58|13.81|13.44|13.46|295
2021.04.09 17:30:00|13.45|13.51|13.41|13.48|103
2021.04.09 18:30:00|13.47|13.54|13.47|13.53|30
2021.04.09 19:30:00|13.52|13.57|13.5|13.53|46
2021.04.09 20:30:00|13.52|13.6|13.51|13.55|47
2021.04.09 21:30:00|13.54|13.57|13.52|13.56|60
2021.04.09 22:30:00|13.57|13.59|13.54|13.58|38
2021.04.12 16:30:00|13.61|13.66|13.5|13.56|188
2021.04.12 17:30:00|13.57|13.58|13.51|13.55|59
2021.04.12 18:30:00|13.56|13.59|13.52|13.54|44
2021.04.12 19:30:00|13.55|13.56|13.5|13.5|22
2021.04.12 20:30:00|13.49|13.56|13.46|13.56|41
2021.04.12 21:30:00|13.55|13.55|13.5|13.55|45
2021.04.12 22:30:00|13.57|13.58|13.55|13.58|16
2021.04.13 16:30:00|13.51|13.52|13.25|13.37|297
2021.04.13 17:30:00|13.36|13.49|13.36|13.43|90
2021.04.13 18:30:00|13.44|13.48|13.39|13.39|58
2021.04.13 19:30:00|13.4|13.44|13.38|13.41|36
2021.04.13 20:30:00|13.42|13.48|13.4|13.48|42
2021.04.13 21:30:00|13.49|13.52|13.44|13.49|53
2021.04.13 22:30:00|13.5|13.51|13.42|13.43|44
2021.04.14 16:30:00|13.5|13.66|13.49|13.56|244
2021.04.14 17:30:00|13.57|13.64|13.55|13.64|60
2021.04.14 18:30:00|13.65|13.76|13.64|13.74|52
2021.04.14 19:30:00|13.75|13.76|13.7|13.76|33
2021.04.14 20:30:00|13.75|13.77|13.67|13.72|84
2021.04.14 21:30:00|13.71|13.72|13.62|13.67|74
2021.04.14 22:30:00|13.68|13.71|13.66|13.67|41
2021.04.15 16:30:00|13.66|13.69|13.45|13.51|202
2021.04.15 17:30:00|13.53|13.58|13.51|13.51|47
2021.04.15 18:30:00|13.52|13.58|13.51|13.52|27
2021.04.15 19:30:00|13.53|13.53|13.45|13.46|32
2021.04.15 20:30:00|13.47|13.49|13.43|13.48|39
2021.04.15 21:30:00|13.49|13.51|13.44|13.45|39
2021.04.15 22:30:00|13.46|13.53|13.46|13.53|21
2021.04.16 16:30:00|13.54|13.66|13.42|13.45|210
2021.04.16 17:30:00|13.46|13.49|13.44|13.45|52
2021.04.16 18:30:00|13.44|13.47|13.42|13.42|19
2021.04.16 19:30:00|13.41|13.43|13.37|13.38|23
2021.04.16 20:30:00|13.39|13.42|13.34|13.41|46
2021.04.16 21:30:00|13.4|13.44|13.39|13.44|34
2021.04.16 22:30:00|13.43|13.44|13.37|13.37|19
2021.04.19 16:30:00|13.24|13.35|13.16|13.33|206
2021.04.19 17:30:00|13.34|13.34|13.24|13.29|81
2021.04.19 18:30:00|13.3|13.35|13.29|13.32|68
2021.04.19 19:30:00|13.31|13.35|13.28|13.33|56
2021.04.19 20:30:00|13.32|13.41|13.29|13.41|59
2021.04.19 21:30:00|13.4|13.45|13.38|13.4|42
2021.04.19 22:30:00|13.39|13.44|13.39|13.44|10
2021.04.20 16:30:00|13.26|13.3|13.12|13.18|188
2021.04.20 17:30:00|13.17|13.17|12.92|12.97|102
2021.04.20 18:30:00|12.96|13.02|12.91|12.99|48
2021.04.20 19:30:00|13|13|12.92|12.94|57
2021.04.20 20:30:00|12.93|12.97|12.89|12.94|44
2021.04.20 21:30:00|12.93|13.04|12.93|13.04|45
2021.04.20 22:30:00|13.05|13.06|13.03|13.04|15
2021.04.21 16:30:00|12.86|13.21|12.78|13.18|243
2021.04.21 17:30:00|13.19|13.27|13.14|13.16|78
2021.04.21 18:30:00|13.15|13.25|13.12|13.25|78
2021.04.21 19:30:00|13.26|13.32|13.23|13.26|53
2021.04.21 20:30:00|13.27|13.33|13.24|13.29|48
2021.04.21 21:30:00|13.31|13.34|13.29|13.29|31
2021.04.21 22:30:00|13.3|13.36|13.3|13.34|28
2021.04.22 16:30:00|13.33|13.42|13.27|13.35|202
2021.04.22 17:30:00|13.36|13.51|13.36|13.51|51
2021.04.22 18:30:00|13.52|13.57|13.5|13.55|32
2021.04.22 19:30:00|13.54|13.65|13.45|13.56|117
2021.04.22 20:30:00|13.55|13.56|13.4|13.46|128
2021.04.22 21:30:00|13.45|13.46|13.38|13.42|66
2021.04.22 22:30:00|13.41|13.44|13.39|13.4|30
2021.04.23 16:30:00|13.41|13.55|13.35|13.54|208
2021.04.23 17:30:00|13.55|13.59|13.5|13.52|82
2021.04.23 18:30:00|13.51|13.51|13.46|13.48|33
2021.04.23 19:30:00|13.49|13.51|13.44|13.46|24
2021.04.23 20:30:00|13.45|13.49|13.43|13.49|26
2021.04.23 21:30:00|13.48|13.52|13.48|13.51|19
2021.04.23 22:30:00|13.52|13.56|13.52|13.53|22
2021.04.26 16:30:00|13.68|13.98|13.64|13.77|259
2021.04.26 17:30:00|13.78|13.85|13.76|13.8|101
2021.04.26 18:30:00|13.78|13.84|13.74|13.74|78
2021.04.26 19:30:00|13.75|13.77|13.63|13.65|58
2021.04.26 20:30:00|13.66|13.66|13.56|13.65|99
2021.04.26 21:30:00|13.64|13.68|13.59|13.61|61
2021.04.26 22:30:00|13.6|13.65|13.54|13.55|44
2021.04.27 16:30:00|13.43|13.43|12.9|13.11|983
2021.04.27 17:30:00|13.12|13.12|13.02|13.07|138
2021.04.27 18:30:00|13.08|13.3|13.01|13.29|132
2021.04.27 19:30:00|13.28|13.29|13.11|13.21|93
2021.04.27 20:30:00|13.22|13.3|13.22|13.3|47
2021.04.27 21:30:00|13.29|13.41|13.24|13.39|60
2021.04.27 22:30:00|13.41|13.5|13.4|13.48|105
2021.04.28 16:30:00|13.28|13.3|13.14|13.29|212
2021.04.28 17:30:00|13.28|13.32|13.21|13.21|85
2021.04.28 18:30:00|13.22|13.31|13.21|13.27|49
2021.04.28 19:30:00|13.26|13.26|13.2|13.23|48
2021.04.28 20:30:00|13.22|13.25|13.19|13.2|54
2021.04.28 21:30:00|13.19|13.27|13.19|13.22|64
2021.04.28 22:30:00|13.21|13.24|13.19|13.19|19
2021.04.29 16:30:00|13.2|13.27|13.1|13.19|148
2021.04.29 17:30:00|13.2|13.2|13.11|13.2|72
2021.04.29 18:30:00|13.19|13.19|13.07|13.08|60
2021.04.29 19:30:00|13.07|13.16|13.07|13.15|42
2021.04.29 20:30:00|13.16|13.16|13.11|13.15|29
2021.04.29 21:30:00|13.16|13.25|13.16|13.16|41
2021.04.29 22:30:00|13.15|13.2|13.14|13.19|31
2021.04.30 16:30:00|13.15|13.33|13.13|13.17|199
2021.04.30 17:30:00|13.16|13.18|13.11|13.14|75
2021.04.30 18:30:00|13.15|13.15|13.11|13.13|32
2021.04.30 19:30:00|13.14|13.16|13.09|13.11|28
2021.04.30 20:30:00|13.12|13.14|13.07|13.1|24
2021.04.30 21:30:00|13.09|13.11|13.07|13.11|15
