2020.08.21 18:00:00|3079.58|3084.27|3076.43|3080.88|915
2020.08.24 10:00:00|3113.7|3134.46|3113.62|3131.17|1496
2020.08.24 11:00:00|3131.22|3147.1|3130.23|3146.88|1261
2020.08.24 12:00:00|3147.01|3148.63|3138.4|3142.99|1083
2020.08.24 13:00:00|3143|3144.18|3139.79|3141.32|1042
2020.08.24 14:00:00|3141.34|3147.39|3138.09|3146.29|881
2020.08.24 15:00:00|3146.21|3148.03|3142.43|3145.69|973
2020.08.24 16:00:00|3145.62|3145.62|3131.15|3131.22|1281
2020.08.24 17:00:00|3131.5|3132.62|3112.62|3113.99|1692
2020.08.24 18:00:00|3114.47|3117.83|3113.12|3116.15|832
2020.08.25 10:00:00|3137.32|3140.45|3127.86|3129.54|1541
2020.08.25 11:00:00|3129.72|3134.44|3127.96|3132.91|1042
2020.08.25 12:00:00|3132.89|3135.78|3128.58|3135.31|904
2020.08.25 13:00:00|3135.56|3141.67|3132.57|3141.54|888
2020.08.25 14:00:00|3141.56|3142.37|3137.62|3139.09|754
2020.08.25 15:00:00|3139.02|3143.48|3135.88|3142.61|1081
2020.08.25 16:00:00|3142.69|3142.71|3131.61|3132.28|1236
2020.08.25 17:00:00|3131.76|3137.11|3128.24|3130.99|1474
2020.08.25 18:00:00|3131|3136.93|3129.25|3130.67|792
2020.08.26 10:00:00|3125.66|3141.9|3121.83|3137.46|1240
2020.08.26 11:00:00|3137.51|3146.36|3131.95|3145.89|1379
2020.08.26 12:00:00|3146.04|3150.84|3140.8|3141.08|1079
2020.08.26 13:00:00|3141.15|3142.73|3137.28|3139.74|905
2020.08.26 14:00:00|3139.69|3144.5|3137.81|3138.59|782
2020.08.26 15:00:00|3138.54|3144.9|3136.85|3144.9|829
2020.08.26 16:00:00|3144.67|3146.57|3138.08|3145.61|1168
2020.08.26 17:00:00|3145.54|3164.28|3144.83|3159.86|1338
2020.08.26 18:00:00|3159.9|3168.95|3158.9|3168.88|856
2020.08.27 10:00:00|3177.31|3178.18|3163.73|3169.39|1546
2020.08.27 11:00:00|3169.44|3175.96|3163.44|3173.86|1351
2020.08.27 12:00:00|3174.1|3174.1|3160.76|3165.33|1207
2020.08.27 13:00:00|3165.38|3166.45|3159.25|3160.15|969
2020.08.27 14:00:00|3160.17|3163.42|3156.48|3158.01|848
2020.08.27 15:00:00|3158.04|3161.52|3152.12|3152.75|1005
2020.08.27 16:00:00|3152.76|3154.35|3130.56|3134.81|1698
2020.08.27 17:00:00|3135.37|3135.39|3116.88|3133.45|1741
2020.08.27 18:00:00|3133.76|3135.82|3127.8|3129.35|858
2020.08.28 10:00:00|3121.64|3125.78|3084.41|3095.98|1757
2020.08.28 11:00:00|3096.11|3112.13|3092.96|3108.27|1355
2020.08.28 12:00:00|3108.25|3113.47|3106.9|3112.51|1085
2020.08.28 13:00:00|3112.76|3112.76|3099.53|3104.36|894
2020.08.28 14:00:00|3104.31|3114.25|3103.97|3111.29|803
2020.08.28 15:00:00|3111.19|3114.99|3107.26|3108.72|983
2020.08.28 16:00:00|3108.84|3110.93|3102.18|3104.28|1134
2020.08.28 17:00:00|3104.49|3109.97|3099.28|3100.52|1601
2020.08.28 18:00:00|3099.52|3109.39|3099.41|3109.33|868
2020.08.31 10:00:00|3125.4|3133.04|3118.8|3131.6|1200
2020.08.31 11:00:00|3131.72|3135.71|3128.66|3131.61|974
2020.08.31 12:00:00|3132.07|3132.72|3124.82|3125.31|916
2020.08.31 13:00:00|3125.23|3125.23|3112.67|3113.76|824
2020.08.31 14:00:00|3113.89|3117.43|3112.73|3114.38|748
2020.08.31 15:00:00|3114.41|3120.18|3111.32|3113.09|897
2020.08.31 16:00:00|3113.08|3113.08|3101.52|3104.21|1253
2020.08.31 17:00:00|3104.31|3124.73|3103.4|3122.12|1342
2020.08.31 18:00:00|3121.12|3121.23|3105.29|3105.71|970
2020.09.01 10:00:00|3134.7|3154.7|3133.21|3136.46|1653
2020.09.01 11:00:00|3136.51|3147.06|3127.83|3138.26|1433
2020.09.01 12:00:00|3138.31|3154.3|3137.26|3146.99|1257
2020.09.01 13:00:00|3147.21|3151.69|3145.9|3151.07|931
2020.09.01 14:00:00|3151.12|3151.82|3138.1|3138.4|839
2020.09.01 15:00:00|3138.35|3141.22|3128.84|3129.96|1009
2020.09.01 16:00:00|3129.85|3129.85|3106.91|3107.57|1757
2020.09.01 17:00:00|3107.78|3124.56|3107.77|3114.87|1619
2020.09.01 18:00:00|3113.87|3117|3110.94|3114.58|846
2020.09.02 10:00:00|3141.41|3165.65|3141.41|3161.62|1866
2020.09.02 11:00:00|3161.66|3177.73|3161.4|3176.37|1651
2020.09.02 12:00:00|3176.66|3186.26|3176.66|3182.26|1465
2020.09.02 13:00:00|3182.16|3184.37|3178.21|3183.28|1129
2020.09.02 14:00:00|3182.94|3186.08|3176.7|3178.67|1148
2020.09.02 15:00:00|3178.48|3179.69|3171.84|3175.08|1280
2020.09.02 16:00:00|3175.15|3184.33|3164.77|3164.77|1709
2020.09.02 17:00:00|3164.88|3172.63|3157.07|3171.89|1894
2020.09.02 18:00:00|3170.89|3171.94|3165.66|3169.37|997
2020.09.03 10:00:00|3189.17|3195.13|3170.04|3170.04|2205
2020.09.03 11:00:00|3169.67|3172.4|3162.83|3166.93|1950
2020.09.03 12:00:00|3166.81|3166.81|3156.03|3156.15|1479
2020.09.03 13:00:00|3156.22|3157.31|3151.42|3156.9|1210
2020.09.03 14:00:00|3156.75|3159.13|3145.45|3146.59|1184
2020.09.03 15:00:00|3146.51|3148.34|3137.79|3147.03|1331
2020.09.03 16:00:00|3147.08|3147.96|3114.46|3117.91|1927
2020.09.03 17:00:00|3118.01|3121.73|3073.62|3074.14|2330
2020.09.03 18:00:00|3074.03|3074.03|3033.16|3040.01|1463
2020.09.04 10:00:00|3010.95|3076.11|3009.49|3073.04|2121
2020.09.04 11:00:00|3073.14|3076.94|3066.2|3070.08|1533
2020.09.04 12:00:00|3069.98|3077.27|3065.66|3074.28|1299
2020.09.04 13:00:00|3074.4|3075.15|3052.99|3053.21|1198
2020.09.04 14:00:00|3053.02|3053.02|3025.3|3026.58|1394
2020.09.04 15:00:00|3026.65|3052.39|3026.65|3047.74|1481
2020.09.04 16:00:00|3047.64|3055.78|3015.39|3020.11|1846
2020.09.04 17:00:00|3020.51|3025.89|2959.33|2993.9|2572
2020.09.04 18:00:00|2992.9|2994.43|2974.95|2979.61|1373
2020.09.07 10:00:00|3014.26|3036.84|3003.34|3034.48|1811
2020.09.07 11:00:00|3034.7|3049.92|3033.86|3048.31|1355
2020.09.07 12:00:00|3048.19|3054.21|3047.37|3050.43|1147
2020.09.07 13:00:00|3050.53|3058.39|3049.53|3056.68|1060
2020.09.07 14:00:00|3056.65|3065.99|3055.24|3061.65|1013
2020.09.07 15:00:00|3061.72|3068.56|3061.32|3064.83|1021
2020.09.07 16:00:00|3064.77|3073.23|3058.96|3064.85|1222
2020.09.07 17:00:00|3064.93|3072.2|3064.89|3069.15|1317
2020.09.07 18:00:00|3068.15|3070.79|3066.02|3066.56|740
2020.09.08 10:00:00|3076.64|3077.12|3032.81|3042.11|1641
2020.09.08 11:00:00|3042.25|3042.41|3014.99|3020.62|1620
2020.09.08 12:00:00|3020.67|3028.27|3014.95|3015|1381
2020.09.08 13:00:00|3015.08|3019.76|3009.61|3014.58|1234
2020.09.08 14:00:00|3014.48|3016.97|2999.57|3004.78|1171
2020.09.08 15:00:00|3004.85|3007.17|2985.07|2987.45|1474
2020.09.08 16:00:00|2987.4|3013.91|2981.44|3012.81|1875
2020.09.08 17:00:00|3013.39|3032.15|3008.97|3018.92|2097
2020.09.08 18:00:00|3017.92|3025.61|3015.01|3018.14|1077
2020.09.09 10:00:00|3047.05|3053.39|3027.79|3051.28|1765
2020.09.09 11:00:00|3051.32|3070.03|3050.73|3059.57|1488
2020.09.09 12:00:00|3059.42|3066.15|3056.12|3060.84|1170
2020.09.09 13:00:00|3060.88|3062.41|3055.27|3062.11|957
2020.09.09 14:00:00|3062.16|3064.14|3050.78|3059.84|1008
2020.09.09 15:00:00|3059.89|3063.66|3057.47|3060.06|1002
2020.09.09 16:00:00|3060.12|3080.44|3059.7|3080.44|1734
2020.09.09 17:00:00|3081.18|3101.1|3077.87|3093.65|1733
2020.09.09 18:00:00|3092.65|3099|3087.39|3091.98|930
2020.09.10 10:00:00|3096.98|3102.03|3068.81|3083.43|1657
2020.09.10 11:00:00|3082.66|3086.54|3076.8|3080.29|1232
2020.09.10 12:00:00|3080.44|3088.24|3079.18|3084.64|1108
2020.09.10 13:00:00|3084.68|3088.93|3073.23|3073.23|982
2020.09.10 14:00:00|3073.27|3078.38|3068.74|3077.2|928
2020.09.10 15:00:00|3077.22|3080.36|3070.31|3077.53|1058
2020.09.10 16:00:00|3077.58|3084.66|3073.04|3074.24|1295
2020.09.10 17:00:00|3074.73|3085.29|3065.05|3065.52|1566
2020.09.10 18:00:00|3064.52|3074.29|3062.89|3073.93|924
2020.09.11 10:00:00|3070.56|3086|3068.61|3069.62|1490
2020.09.11 11:00:00|3069.52|3080.1|3067.87|3068.91|1161
2020.09.11 12:00:00|3068.96|3074.79|3063.91|3066.19|1090
2020.09.11 13:00:00|3066.49|3074.24|3058.52|3066.41|1028
2020.09.11 14:00:00|3066.46|3072.37|3064.9|3068.83|845
2020.09.11 15:00:00|3068.37|3076.28|3068.21|3070.68|803
2020.09.11 16:00:00|3070.63|3071.17|3058.64|3060.17|1302
2020.09.11 17:00:00|3060.16|3070.44|3050.33|3065.47|1591
2020.09.11 18:00:00|3065.49|3072.84|3064.01|3067.37|867
2020.09.14 10:00:00|3085.38|3101.34|3082.62|3088.78|1392
2020.09.14 11:00:00|3089.03|3095.27|3079.82|3080.45|1056
2020.09.14 12:00:00|3080.35|3084.82|3075.88|3081.13|867
2020.09.14 13:00:00|3081.16|3085.07|3078.18|3084.78|801
2020.09.14 14:00:00|3084.77|3085.08|3079.76|3082.05|835
2020.09.14 15:00:00|3081.98|3081.98|3078.45|3079.01|877
2020.09.14 16:00:00|3078.83|3087.17|3077.91|3085.58|1298
2020.09.14 17:00:00|3085.87|3094.95|3085.72|3091.25|1260
2020.09.14 18:00:00|3090.25|3091.22|3085.91|3091.13|705
2020.09.15 10:00:00|3098.72|3098.72|3077.27|3082.88|1337
2020.09.15 11:00:00|3082.77|3087.77|3080.94|3087.5|1060
2020.09.15 12:00:00|3087.74|3097.21|3087.28|3096.24|1106
2020.09.15 13:00:00|3096.28|3097.14|3090.32|3092.21|856
2020.09.15 14:00:00|3092.18|3098.25|3091.26|3097.09|729
2020.09.15 15:00:00|3097.19|3098.19|3092.34|3095.73|780
2020.09.15 16:00:00|3095.81|3099.45|3092.02|3099.2|1078
2020.09.15 17:00:00|3099.12|3102|3088.99|3090.87|1212
2020.09.15 18:00:00|3090.9|3093.57|3089.67|3092.14|719
2020.09.16 10:00:00|3104.96|3114.47|3101.81|3112.57|1348
2020.09.16 11:00:00|3112.51|3120.91|3110.57|3120.28|1111
2020.09.16 12:00:00|3120.26|3126.24|3119.8|3123.54|1074
2020.09.16 13:00:00|3123.93|3124.6|3111.09|3116.41|1018
2020.09.16 14:00:00|3116.37|3116.88|3110.16|3112.61|818
2020.09.16 15:00:00|3112.65|3119.3|3111.62|3115.35|888
2020.09.16 16:00:00|3115.64|3124.05|3112.36|3113.64|1344
2020.09.16 17:00:00|3113.69|3115.17|3107.68|3108.4|1465
2020.09.16 18:00:00|3107.4|3112.39|3104.57|3111.34|946
2020.09.17 10:00:00|3075.52|3097.67|3075.31|3091.24|1559
2020.09.17 11:00:00|3091.52|3099.11|3091.09|3093.16|1290
2020.09.17 12:00:00|3093.08|3101.01|3091.79|3100.92|1049
2020.09.17 13:00:00|3100.82|3102.33|3094.09|3094.42|901
2020.09.17 14:00:00|3094.47|3103.7|3094|3099.9|852
2020.09.17 15:00:00|3099.82|3101.72|3088.4|3088.52|947
2020.09.17 16:00:00|3088.49|3101.42|3084.72|3100.74|1384
2020.09.17 17:00:00|3101.15|3107.28|3093.05|3104.49|1439
2020.09.17 18:00:00|3103.49|3107.54|3102.39|3103.9|833
2020.09.18 10:00:00|3103.98|3121.11|3103.33|3119.7|1518
2020.09.18 11:00:00|3119.64|3127.37|3115.74|3124.82|1158
2020.09.18 12:00:00|3124.87|3131.59|3121.87|3126.73|1542
2020.09.18 13:00:00|3127.17|3137.72|3126.56|3137.34|1159
2020.09.18 14:00:00|3136.81|3139.74|3132.6|3138.03|1048
2020.09.18 15:00:00|3137.96|3145.9|3137.62|3142.02|1050
2020.09.18 16:00:00|3142.14|3143.64|3129.52|3134.73|1323
2020.09.18 17:00:00|3134.78|3137.55|3121.85|3123.31|1556
2020.09.18 18:00:00|3122.31|3125.74|3120|3122.42|995
2020.09.21 10:00:00|3082.35|3086.21|3040.42|3041|2311
2020.09.21 11:00:00|3041.05|3041.41|3016.75|3019.82|2135
2020.09.21 12:00:00|3019.77|3038.78|3019.74|3022.23|1820
2020.09.21 13:00:00|3022.25|3023.71|3006.09|3006.86|1485
2020.09.21 14:00:00|3007.07|3009.26|2998.47|3006.68|1348
2020.09.21 15:00:00|3006.96|3009.04|2994.28|3001.36|1493
2020.09.21 16:00:00|3001.45|3001.6|2978.51|2998.49|1827
2020.09.21 17:00:00|2998.53|2999.29|2976.3|2991.21|2147
2020.09.21 18:00:00|2991.17|2998.92|2984.96|2987.09|1146
2020.09.22 10:00:00|3024.98|3041.6|3023.18|3037.06|2037
2020.09.22 11:00:00|3037.32|3045.19|3036.19|3042.92|1708
2020.09.22 12:00:00|3042.91|3050.79|3036.58|3037.83|1456
2020.09.22 13:00:00|3037.85|3038.87|3029.3|3029.37|1332
2020.09.22 14:00:00|3029.4|3032.01|3015.08|3016.18|1179
2020.09.22 15:00:00|3016.21|3023.13|3016.11|3020.69|1103
2020.09.22 16:00:00|3020.75|3026.18|3015.53|3021.89|1420
2020.09.22 17:00:00|3022.13|3040.31|3022.13|3031.9|1595
2020.09.22 18:00:00|3032.16|3035.83|3026.16|3033.45|927
2020.09.23 10:00:00|3045.97|3065.68|3039.87|3044.69|1882
2020.09.23 11:00:00|3044.6|3052.8|3042.07|3051.83|1456
2020.09.23 12:00:00|3051.78|3055.37|3048.34|3054.81|1166
2020.09.23 13:00:00|3054.84|3056.09|3045.77|3049.65|1066
2020.09.23 14:00:00|3049.55|3050.5|3045.34|3046.01|867
2020.09.23 15:00:00|3045.99|3047.51|3041.67|3043.32|866
2020.09.23 16:00:00|3043.45|3046.73|3033.73|3039.72|1335
2020.09.23 17:00:00|3039.69|3050.67|3037.1|3044.15|1585
2020.09.23 18:00:00|3044.09|3048.17|3040.96|3041.96|955
2020.09.24 10:00:00|3009.96|3013.92|2984.2|3011.14|1876
2020.09.24 11:00:00|3010.87|3012.09|2995.84|2998.06|1278
2020.09.24 12:00:00|2998.27|2998.38|2992.11|2996.72|1100
2020.09.24 13:00:00|2996.76|3008.28|2996.76|3006.42|1103
2020.09.24 14:00:00|3006.43|3007.83|2999.4|3002.95|846
2020.09.24 15:00:00|3002.98|3004.23|2992.76|2995.86|934
2020.09.24 16:00:00|2995.83|3014.98|2991.94|3014.9|1458
2020.09.24 17:00:00|3014.48|3018.52|2985.36|3001.23|1764
2020.09.24 18:00:00|3001.29|3010.19|2996.8|3009.55|988
2020.09.25 10:00:00|2997.24|3009.56|2997.05|3000.69|1521
2020.09.25 11:00:00|3000.75|3004.34|2994.6|3000.24|1213
2020.09.25 12:00:00|3000.48|3004.5|2980.8|2990.81|1267
2020.09.25 13:00:00|2990.67|2990.67|2957.37|2957.81|1311
2020.09.25 14:00:00|2957.85|2977.41|2956.82|2977.17|1230
2020.09.25 15:00:00|2976.95|2988.18|2975.66|2986.95|1067
2020.09.25 16:00:00|2987.05|2991.11|2979.33|2990.9|1449
2020.09.25 17:00:00|2991.43|3006.37|2986.9|3002.87|1636
