2021.02.03 10:30:00|13945.45|13951.45|13881.25|13902.25|7236
2021.02.03 11:30:00|13901.25|13926.35|13894.25|13922.05|4520
2021.02.03 12:30:00|13922.05|13936.05|13917.05|13928.05|2969
2021.02.03 13:30:00|13927.05|13949.05|13904.05|13909.05|3320
2021.02.03 14:30:00|13909.05|13918.05|13894.05|13910.05|3242
2021.02.03 15:30:00|13911.05|13913.05|13864.25|13874.35|3298
2021.02.03 16:30:00|13874.35|13915.75|13866.35|13900.35|11899
2021.02.03 17:30:00|13900.35|13968.35|13898.35|13926.35|8545
2021.02.03 18:30:00|13926.35|13957.35|13915.35|13945.35|4678
2021.02.03 19:30:00|13945.35|13958.35|13932.35|13952.35|2479
2021.02.03 20:30:00|13952.35|13973.35|13951.35|13970.35|1826
2021.02.03 21:30:00|13971.35|13976.35|13952.35|13956.35|2215
2021.02.03 22:30:00|13957.35|13969.35|13954.35|13964.35|2019
2021.02.04 03:30:00|13953.75|13980.35|13939.35|13974.35|1778
2021.02.04 04:30:00|13975.25|13979.25|13950.25|13956.25|1178
2021.02.04 05:30:00|13956.25|13957.25|13915.25|13929.25|1975
2021.02.04 06:30:00|13929.25|13930.25|13912.25|13915.25|1584
2021.02.04 07:30:00|13913.25|13935.25|13909.35|13932.25|1513
2021.02.04 08:30:00|13932.25|13956.25|13917.25|13935.25|2056
2021.02.04 09:30:00|13936.25|14011.55|13933.25|14007.65|8019
2021.02.04 10:30:00|14007.65|14020.55|13976.55|13990.55|5100
2021.02.04 11:30:00|13990.55|13992.55|13954.55|13972.55|3360
2021.02.04 12:30:00|13973.55|14006.55|13961.55|13999.55|2544
2021.02.04 13:30:00|14000.55|14007.55|13957.3|13967.55|3524
2021.02.04 14:30:00|13967.55|13995.55|13960.55|13986.55|2659
2021.02.04 15:30:00|13986.55|14002.55|13976.55|13981.55|3408
2021.02.04 16:30:00|13982.55|14066.55|13971.55|14032.55|10003
2021.02.04 17:30:00|14031.55|14071.55|14029.4|14053.55|6584
2021.02.04 18:30:00|14053.55|14069.55|14043.55|14050.55|3496
2021.02.04 19:30:00|14051.55|14059.55|14046.55|14056.55|1842
2021.02.04 20:30:00|14057.55|14066.55|14054.55|14058.55|1239
2021.02.04 21:30:00|14058.55|14064.55|14041.05|14045.65|1217
2021.02.04 22:30:00|14046.55|14065.05|14044.55|14062.05|1771
2021.02.05 03:30:00|14058.15|14087.25|14053.15|14084.25|1419
2021.02.05 04:30:00|14084.25|14085.15|14069.15|14073.25|1310
2021.02.05 05:30:00|14074.15|14081.25|14065.15|14076.25|1237
2021.02.05 06:30:00|14075.15|14080.25|14071.15|14078.25|1087
2021.02.05 07:30:00|14077.15|14094.25|14077.15|14091.25|1377
2021.02.05 08:30:00|14091.25|14100.25|14069.15|14074.25|1364
2021.02.05 09:30:00|14075.15|14093.15|14035.45|14046.55|6468
2021.02.05 10:30:00|14047.45|14092.45|14045.45|14083.55|6067
2021.02.05 11:30:00|14084.45|14113.55|14078.45|14087.05|5310
2021.02.05 12:30:00|14085.95|14111.05|14076.95|14096.05|5623
2021.02.05 13:30:00|14094.95|14105.05|14078.95|14100.95|3853
2021.02.05 14:30:00|14100.95|14105.05|14080.95|14092.95|3813
2021.02.05 15:30:00|14093.95|14093.95|14065.95|14072.05|5383
2021.02.05 16:30:00|14072.95|14075.95|14010.35|14045.05|11645
2021.02.05 17:30:00|14045.05|14068.75|14035.65|14049.65|6779
2021.02.05 18:30:00|14049.65|14067.75|14031.65|14052.75|3352
2021.02.05 19:30:00|14051.65|14059.75|14046.65|14050.75|2349
2021.02.05 20:30:00|14049.65|14054.65|14037.65|14053.75|2153
2021.02.05 21:30:00|14052.65|14058.55|14042.45|14045.55|2935
2021.02.05 22:30:00|14044.55|14081.45|14044.55|14063.45|2213
2021.02.08 03:30:00|14178.05|14184.55|14161.45|14167.55|1402
2021.02.08 04:30:00|14168.45|14190.45|14168.45|14177.55|1025
2021.02.08 05:30:00|14178.45|14181.45|14158.45|14162.55|993
2021.02.08 06:30:00|14163.45|14167.45|14149.45|14156.55|959
2021.02.08 07:30:00|14157.45|14164.55|14143.45|14161.55|972
2021.02.08 08:30:00|14162.45|14166.45|14128.45|14131.55|1544
2021.02.08 09:30:00|14131.55|14166.85|14096.75|14118.75|6801
2021.02.08 10:30:00|14119.75|14128.75|14062.75|14069.75|5093
2021.02.08 11:30:00|14069.75|14101.75|14053.75|14081.75|3392
2021.02.08 12:30:00|14082.75|14107.75|14066.75|14106.75|2338
2021.02.08 13:30:00|14106.75|14107.75|14086.75|14099.75|1926
2021.02.08 14:30:00|14099.75|14131.75|14094.75|14123.75|2397
2021.02.08 15:30:00|14123.75|14134.75|14115.75|14120.75|2335
2021.02.08 16:30:00|14120.75|14133.75|14080.75|14087.75|5670
2021.02.08 17:30:00|14086.75|14111.75|14067.75|14082.75|4091
2021.02.08 18:30:00|14082.75|14084.75|14039.75|14071.75|3354
2021.02.08 19:30:00|14071.75|14071.75|14053.75|14057.75|1598
2021.02.08 20:30:00|14056.75|14062.75|14045.75|14059.75|1259
2021.02.08 21:30:00|14058.75|14068.75|14056.75|14063.75|1071
2021.02.08 22:30:00|14063.75|14081.75|14060.75|14081.75|850
2021.02.09 03:30:00|14061.75|14075.25|14054.25|14065.35|1415
2021.02.09 04:30:00|14066.25|14067.25|14053.25|14058.25|678
2021.02.09 05:30:00|14059.25|14066.35|14045.25|14049.35|825
2021.02.09 06:30:00|14049.25|14071.35|14048.35|14061.35|883
2021.02.09 07:30:00|14061.35|14070.35|14056.25|14058.35|937
2021.02.09 08:30:00|14061.05|14061.05|14032.25|14039.25|1225
2021.02.09 09:30:00|14038.35|14066.25|14019.55|14048.55|5822
2021.02.09 10:30:00|14049.55|14061.55|13956.55|13993.45|5055
2021.02.09 11:30:00|13992.45|13992.45|13965.35|13987.35|3431
2021.02.09 12:30:00|13987.35|13999.35|13960.35|13990.35|2914
2021.02.09 13:30:00|13989.35|14006.35|13985.35|13997.35|1907
2021.02.09 14:30:00|13997.35|14004.35|13987.35|14001.35|1858
2021.02.09 15:30:00|14001.35|14030.35|13999.35|14006.35|2404
2021.02.09 16:30:00|14007.35|14025.35|13982.35|14013.35|6310
2021.02.09 17:30:00|14013.35|14021.35|13987.35|14003.35|4308
2021.02.09 18:30:00|14002.35|14025.35|13990.35|14019.35|2577
2021.02.09 19:30:00|14019.35|14034.35|14018.35|14022.35|1555
2021.02.09 20:30:00|14022.35|14032.35|14018.35|14028.35|1082
2021.02.09 21:30:00|14028.35|14041.35|14022.35|14023.35|976
2021.02.09 22:30:00|14024.35|14038.35|14012.35|14023.35|1024
2021.02.10 03:30:00|14069.35|14096.95|14059.85|14090.95|1573
2021.02.10 04:30:00|14091.85|14093.85|14083.85|14090.95|1110
2021.02.10 05:30:00|14091.85|14093.85|14079.25|14079.35|964
2021.02.10 06:30:00|14079.35|14086.85|14074.85|14081.95|1013
2021.02.10 07:30:00|14082.85|14085.85|14071.85|14072.95|924
2021.02.10 08:30:00|14074.85|14074.95|14047.85|14060.95|1182
2021.02.10 09:30:00|14061.85|14072.95|13986.15|13992.15|7121
2021.02.10 10:30:00|13992.15|14025.15|13961.15|13996.15|5746
2021.02.10 11:30:00|13997.15|14014.15|13977.15|13991.15|3014
2021.02.10 12:30:00|13991.15|14023.15|13974.15|14014.15|2336
2021.02.10 13:30:00|14013.15|14014.15|13983.15|14003.15|2437
2021.02.10 14:30:00|14003.15|14015.15|13997.15|14008.15|1999
2021.02.10 15:30:00|14009.15|14031.15|14007.15|14028.15|3301
2021.02.10 16:30:00|14029.15|14034.15|13956.15|13960.15|9504
2021.02.10 17:30:00|13961.15|13971.15|13824.15|13925.15|23659
2021.02.10 18:30:00|13924.15|13942.15|13895.15|13917.15|12327
2021.02.10 19:30:00|13918.15|13933.15|13905.15|13929.15|5303
2021.02.10 20:30:00|13928.15|13941.15|13917.15|13941.15|3838
2021.02.10 21:30:00|13941.15|13957.15|13936.15|13940.15|2495
2021.02.10 22:30:00|13941.15|13945.15|13916.15|13920.15|1779
2021.02.11 03:30:00|13916.05|13916.05|13901.55|13908.55|1102
2021.02.11 04:30:00|13908.55|13925.55|13905.55|13920.65|918
2021.02.11 05:30:00|13920.55|13929.55|13917.55|13928.65|866
2021.02.11 06:30:00|13928.65|13933.55|13919.55|13923.55|645
2021.02.11 07:30:00|13923.65|13937.65|13920.55|13936.65|452
2021.02.11 08:30:00|13935.55|13953.65|13930.55|13939.65|1449
2021.02.11 09:30:00|13938.55|13962.85|13911.85|13944.85|8287
2021.02.11 10:30:00|13944.85|13998.85|13930.85|13980.85|5752
2021.02.11 11:30:00|13979.85|14014.85|13973.85|13984.95|3680
2021.02.11 12:30:00|13985.85|14018.85|13983.95|14010.85|3029
2021.02.11 13:30:00|14011.85|14022.85|13991.85|14007.85|2540
2021.02.11 14:30:00|14006.85|14036.85|14005.85|14036.85|2056
2021.02.11 15:30:00|14035.85|14038.9|14015.85|14030.85|2107
2021.02.11 16:30:00|14031.85|14046.85|14003.85|14036.85|9512
2021.02.11 17:30:00|14037.85|14050.85|14018.85|14033.85|6583
2021.02.11 18:30:00|14031.85|14045.85|13989.85|13995.85|4905
2021.02.11 19:30:00|13994.85|14020.85|13984.85|14017.85|7391
2021.02.11 20:30:00|14017.85|14026.85|14005.85|14016.85|3321
2021.02.11 21:30:00|14016.85|14039.15|14012.85|14030.85|2642
2021.02.11 22:30:00|14030.85|14036.85|14022.85|14036.85|1410
2021.02.12 03:30:00|14014.45|14021.35|14008.35|14012.45|811
2021.02.12 04:30:00|14012.45|14012.45|13997.35|14001.45|828
2021.02.12 05:30:00|14001.35|14005.45|13997.35|14000.45|1011
2021.02.12 06:30:00|14000.45|14006.45|13996.35|14005.45|693
2021.02.12 07:30:00|14006.35|14016.35|13996.35|13997.45|1222
2021.02.12 08:30:00|13997.45|14000.45|13979.35|13994.45|1592
2021.02.12 09:30:00|13994.45|13995.45|13941.65|13966.65|8375
2021.02.12 10:30:00|13965.65|13966.65|13911.65|13943.65|7833
2021.02.12 11:30:00|13944.65|13964.65|13939.65|13957.65|4881
2021.02.12 12:30:00|13958.65|13975.65|13951.65|13963.65|3527
2021.02.12 13:30:00|13963.65|13985.65|13961.65|13973.65|2183
2021.02.12 14:30:00|13973.65|13997.65|13964.85|13990.65|2208
2021.02.12 15:30:00|13991.65|14005.65|13974.65|13985.65|2656
2021.02.12 16:30:00|13986.65|14033.65|13982.65|14024.65|6396
2021.02.12 17:30:00|14024.65|14050.65|14013.65|14042.65|5042
2021.02.12 18:30:00|14044.65|14060.65|14038.65|14044.65|2582
2021.02.12 19:30:00|14045.65|14047.65|14025.65|14035.65|1928
2021.02.12 20:30:00|14036.65|14043.65|14027.65|14036.65|1713
2021.02.12 21:30:00|14037.65|14053.65|14032.65|14052.65|1070
2021.02.12 22:30:00|14052.65|14075.65|14050.65|14067.65|1151
2021.02.15 03:30:00|14124.25|14141.05|14115.95|14136.85|1243
2021.02.15 04:30:00|14134.95|14136.05|14123.95|14128.05|505
2021.02.15 05:30:00|14128.95|14153.05|14127.95|14145.05|764
2021.02.15 06:30:00|14145.95|14146.55|14134.95|14135.95|694
2021.02.15 07:30:00|14136.95|14158.95|14134.95|14149.05|910
2021.02.15 08:30:00|14149.95|14157.95|14132.95|14141.05|1483
2021.02.15 09:30:00|14141.95|14144.05|14080.25|14085.35|7606
2021.02.15 10:30:00|14085.35|14113.35|14082.35|14092.35|5386
2021.02.15 11:30:00|14091.35|14101.35|14073.25|14100.35|3679
2021.02.15 12:30:00|14099.25|14101.35|14081.25|14101.35|2719
2021.02.15 13:30:00|14100.35|14106.35|14094.25|14101.35|2134
2021.02.15 14:30:00|14100.25|14107.35|14087.25|14102.25|2129
2021.02.15 15:30:00|14101.35|14116.35|14100.25|14109.35|2012
2021.02.15 16:30:00|14109.35|14117.35|14101.25|14105.35|2042
2021.02.15 17:30:00|14106.25|14129.95|14096.25|14120.95|2791
2021.02.15 18:30:00|14119.95|14127.95|14107.95|14119.95|1399
2021.02.15 19:30:00|14120.95|14128.95|14119.95|14119.95|434
2021.02.15 20:30:00|14120.95|14131.95|14119.95|14126.95|242
2021.02.15 21:30:00|14126.95|14126.95|14114.15|14126.25|402
2021.02.15 22:30:00|14126.25|14127.25|14112.75|14117.75|603
2021.02.16 03:30:00|14131.75|14146.65|14125.65|14145.75|1610
2021.02.16 04:30:00|14146.65|14147.65|14130.65|14146.75|1076
2021.02.16 05:30:00|14146.65|14152.75|14137.65|14148.75|1591
2021.02.16 06:30:00|14148.75|14157.75|14142.65|14144.75|1060
2021.02.16 07:30:00|14145.65|14145.65|14096.65|14133.75|2755
2021.02.16 08:30:00|14133.75|14140.75|14112.65|14119.75|1155
2021.02.16 09:30:00|14120.65|14127.05|14091.95|14105.05|7697
2021.02.16 10:30:00|14105.05|14126.95|14078.95|14090.95|6784
2021.02.16 11:30:00|14089.95|14128.35|14074.95|14110.55|4760
2021.02.16 12:30:00|14109.55|14119.15|14065.55|14097.95|4196
2021.02.16 13:30:00|14098.95|14113.85|14093.05|14095.15|3486
2021.02.16 14:30:00|14095.15|14106.95|14086.05|14102.95|2893
2021.02.16 15:30:00|14103.95|14105.95|14068.95|14077.95|3299
2021.02.16 16:30:00|14078.95|14097.95|14045.95|14097.95|9599
2021.02.16 17:30:00|14096.95|14099.95|14055.95|14060.95|7203
2021.02.16 18:30:00|14061.95|14068.95|14034.35|14059.95|6415
2021.02.16 19:30:00|14060.95|14062.95|14047.95|14058.95|3038
2021.02.16 20:30:00|14058.95|14061.95|14043.95|14057.9|2162
2021.02.16 21:30:00|14056.95|14060.95|14042.95|14049.95|2274
2021.02.16 22:30:00|14049.95|14054.95|14040.95|14047.95|1778
2021.02.17 03:30:00|13986.95|14010.45|13982.45|14003.45|1146
2021.02.17 04:30:00|14003.45|14028.45|14000.45|14019.55|833
2021.02.17 05:30:00|14019.55|14039.55|14015.45|14038.55|949
2021.02.17 06:30:00|14039.45|14049.55|14037.45|14047.55|800
2021.02.17 07:30:00|14047.55|14059.55|14036.45|14057.55|838
2021.02.17 08:30:00|14059.45|14069.45|14048.45|14050.55|1311
2021.02.17 09:30:00|14051.45|14055.55|13944.75|13993.75|11865
2021.02.17 10:30:00|13993.75|14034.75|13932.75|13961.75|10894
2021.02.17 11:30:00|13961.75|13987.75|13938.75|13971.75|4782
2021.02.17 12:30:00|13970.75|13981.75|13933.75|13965.75|3393
2021.02.17 13:30:00|13965.75|13988.75|13965.75|13980.75|2157
2021.02.17 14:30:00|13981.75|14002.75|13978.75|13988.75|2085
2021.02.17 15:30:00|13988.75|13999.75|13950.75|13953.75|6362
2021.02.17 16:30:00|13954.75|13990.75|13916.75|13932.75|15087
2021.02.17 17:30:00|13932.75|13958.75|13889.75|13907.75|14107
2021.02.17 18:30:00|13908.75|13922.75|13880.75|13921.75|7954
2021.02.17 19:30:00|13920.75|13932.75|13913.75|13931.75|3139
2021.02.17 20:30:00|13931.55|13943.75|13925.75|13930.75|2420
2021.02.17 21:30:00|13930.75|13961.75|13927.75|13955.75|1681
2021.02.17 22:30:00|13956.75|13964.75|13940.75|13947.75|1121
2021.02.18 03:30:00|13955.65|13956.15|13921.35|13942.15|3187
2021.02.18 04:30:00|13944.15|13962.15|13921.35|13922.25|1961
2021.02.18 05:30:00|13924.15|13925.25|13893.15|13908.25|2995
2021.02.18 06:30:00|13909.15|13932.15|13903.15|13924.25|2381
2021.02.18 07:30:00|13925.15|13932.25|13908.15|13931.25|2261
2021.02.18 08:30:00|13932.15|13932.15|13884.15|13908.25|2142
2021.02.18 09:30:00|13908.25|13950.05|13873.35|13883.35|8594
2021.02.18 10:30:00|13883.35|13958.35|13882.35|13909.35|5985
2021.02.18 11:30:00|13909.35|13939.35|13899.35|13918.35|3700
2021.02.18 12:30:00|13917.35|13922.35|13849.35|13892.35|4945
2021.02.18 13:30:00|13892.25|13934.35|13883.35|13931.35|3353
2021.02.18 14:30:00|13932.35|13956.35|13905.35|13916.35|3601
2021.02.18 15:30:00|13919.35|13923.35|13887.85|13921.35|5838
2021.02.18 16:30:00|13921.35|13936.35|13850.35|13875.35|14426
2021.02.18 17:30:00|13875.35|13909.35|13856.35|13888.35|10066
2021.02.18 18:30:00|13886.35|13899.35|13871.35|13898.35|5528
2021.02.18 19:30:00|13897.35|13916.35|13884.35|13913.35|3850
2021.02.18 20:30:00|13914.35|13927.35|13908.35|13923.35|2924
2021.02.18 21:30:00|13923.35|13939.35|13919.35|13932.35|1816
2021.02.18 22:30:00|13932.35|13939.35|13921.35|13923.35|1420
2021.02.19 03:30:00|13888.85|13898.95|13861.85|13874.95|3454
2021.02.19 04:30:00|13874.95|13878.95|13847.85|13875.95|3230
2021.02.19 05:30:00|13876.85|13890.95|13867.85|13879.95|1721
2021.02.19 06:30:00|13879.85|13905.95|13879.85|13894.95|1517
2021.02.19 07:30:00|13894.95|13940.95|13889.85|13929.95|1295
2021.02.19 08:30:00|13930.85|13951.95|13916.85|13921.95|1740
2021.02.19 09:30:00|13922.85|13949.15|13907.15|13913.15|7954
2021.02.19 10:30:00|13927.15|13963.15|13889.15|13953.15|7364
2021.02.19 11:30:00|13954.15|13978.15|13931.15|13949.15|5197
2021.02.19 12:30:00|13949.15|13976.15|13940.15|13953.15|4236
2021.02.19 13:30:00|13954.15|13972.15|13939.15|13970.15|2803
2021.02.19 14:30:00|13971.15|14002.15|13969.15|14001.15|2938
2021.02.19 15:30:00|14002.15|14024.15|13993.15|13996.15|3288
2021.02.19 16:30:00|13997.15|14007.15|13979.15|13995.15|8823
2021.02.19 17:30:00|13996.15|14011.15|13984.45|14006.15|5102
2021.02.19 18:30:00|14007.15|14008.15|13971.15|13973.15|3964
2021.02.19 19:30:00|13974.15|13976.15|13939.15|13960.15|4656
2021.02.19 20:30:00|13960.15|13974.15|13943.15|13944.15|2879
2021.02.19 21:30:00|13944.15|13970.15|13944.15|13964.15|2545
2021.02.19 22:30:00|13964.15|13970.15|13949.15|13960.15|1333
2021.02.22 03:30:00|14020.9|14021.25|13973.25|13975.35|2765
2021.02.22 04:30:00|13976.25|13978.35|13948.25|13964.35|3205
2021.02.22 05:30:00|13964.35|13974.35|13941.35|13971.35|1841
2021.02.22 06:30:00|13971.35|13981.35|13949.35|13962.35|1656
2021.02.22 07:30:00|13963.25|13972.25|13938.25|13941.35|1610
2021.02.22 08:30:00|13942.25|13955.35|13891.35|13905.35|4244
2021.02.22 09:30:00|13904.35|13915.35|13804.55|13813.55|13355
2021.02.22 10:30:00|13813.55|13889.55|13795.55|13862.55|9968
2021.02.22 11:30:00|13863.55|13918.85|13855.55|13911.95|5602
2021.02.22 12:30:00|13912.85|13924.95|13901.85|13905.05|4901
2021.02.22 13:30:00|13905.05|13926.15|13898.05|13904.15|4840
2021.02.22 14:30:00|13903.05|13906.15|13879.05|13902.55|4339
2021.02.22 15:30:00|13902.55|13933.55|13889.55|13910.55|3783
2021.02.22 16:30:00|13909.55|13957.55|13899.55|13940.55|11662
2021.02.22 17:30:00|13939.55|13972.55|13924.55|13964.55|8826
2021.02.22 18:30:00|13965.55|13966.55|13945.55|13954.55|5038
2021.02.22 19:30:00|13955.55|13970.55|13950.55|13968.45|3103
2021.02.22 20:30:00|13967.45|13975.45|13967.45|13973.45|2356
2021.02.22 21:30:00|13974.45|13975.45|13935.45|13937.45|1918
2021.02.22 22:30:00|13936.45|13944.45|13917.45|13918.45|2268
2021.02.23 03:30:00|13948.45|13974.95|13936.95|13971.95|2851
2021.02.23 04:30:00|13970.95|13988.05|13959.95|13969.05|1767
2021.02.23 05:30:00|13969.95|13981.05|13966.95|13980.95|851
2021.02.23 06:30:00|13979.95|14008.05|13979.95|14001.05|1096
2021.02.23 07:30:00|14001.05|14001.05|13973.95|13975.05|993
2021.02.23 08:30:00|13975.95|13982.05|13953.45|13965.95|1829
2021.02.23 09:30:00|13965.95|13989.95|13891.25|13896.25|7903
2021.02.23 10:30:00|13896.25|13897.25|13765.25|13765.25|9167
2021.02.23 11:30:00|13766.25|13805.35|13697.35|13697.35|10655
2021.02.23 12:30:00|13698.35|13778.25|13659.25|13775.25|11864
2021.02.23 13:30:00|13774.25|13817.25|13769.25|13810.25|4959
2021.02.23 14:30:00|13809.25|13827.25|13799.25|13818.25|4250
2021.02.23 15:30:00|13818.25|13823.25|13789.25|13812.25|4078
2021.02.23 16:30:00|13812.25|13826.25|13711.25|13816.25|22774
2021.02.23 17:30:00|13816.25|13863.25|13799.25|13851.25|15701
2021.02.23 18:30:00|13852.25|13867.25|13808.25|13838.25|10616
2021.02.23 19:30:00|13837.25|13852.25|13802.25|13850.25|8213
2021.02.23 20:30:00|13849.25|13866.25|13828.25|13862.25|5468
2021.02.23 21:30:00|13862.25|13909.25|13844.25|13904.25|5107
2021.02.23 22:30:00|13904.25|13908.25|13879.25|13879.25|2311
2021.02.24 03:30:00|13903.75|13916.75|13876.75|13884.85|3552
2021.02.24 04:30:00|13885.75|13889.85|13837.75|13839.75|2837
2021.02.24 05:30:00|13839.75|13875.75|13834.85|13873.85|2022
2021.02.24 06:30:00|13874.75|13878.85|13818.75|13830.85|2134
2021.02.24 07:30:00|13830.85|13830.85|13785.75|13811.85|1992
2021.02.24 08:30:00|13812.75|13857.85|13799.75|13849.85|3220
2021.02.24 09:30:00|13850.75|13941.05|13840.85|13931.05|10296
2021.02.24 10:30:00|13931.05|13953.05|13906.05|13937.05|8661
2021.02.24 11:30:00|13936.05|13987.05|13931.05|13975.15|4777
2021.02.24 12:30:00|13974.05|13994.15|13955.05|13960.15|5907
2021.02.24 13:30:00|13961.05|13992.05|13937.05|13987.05|4959
2021.02.24 14:30:00|13986.05|13988.05|13958.05|13959.05|5246
2021.02.24 15:30:00|13958.05|13961.05|13887.05|13913.25|8303
2021.02.24 16:30:00|13913.25|13951.25|13890.25|13942.25|23321
2021.02.24 17:30:00|13942.25|13998.25|13939.25|13981.25|11542
2021.02.24 18:30:00|13980.25|14004.25|13973.25|14004.25|5707
2021.02.24 19:30:00|14005.25|14011.25|13980.25|14010.25|3515
2021.02.24 20:30:00|14010.25|14023.25|14005.25|14012.25|4250
2021.02.24 21:30:00|14013.25|14020.25|14007.25|14017.25|3031
2021.02.24 22:30:00|14016.25|14019.35|14004.35|14009.25|2025
2021.02.25 03:30:00|14032.55|14042.65|14021.55|14040.55|2220
2021.02.25 04:30:00|14040.65|14060.55|14038.55|14057.65|1342
2021.02.25 05:30:00|14058.55|14065.05|14054.55|14061.65|731
2021.02.25 06:30:00|14062.55|14071.65|14056.55|14056.65|813
2021.02.25 07:30:00|14056.65|14062.65|14053.55|14056.65|905
2021.02.25 08:30:00|14056.65|14063.65|14029.55|14029.55|1621
2021.02.25 09:30:00|14029.05|14054.65|13975.85|14005.85|10557
2021.02.25 10:30:00|14004.85|14005.85|13944.85|13972.85|7803
2021.02.25 11:30:00|13972.85|13980.85|13946.85|13960.85|4989
2021.02.25 12:30:00|13959.85|13991.85|13929.85|13936.85|4507
2021.02.25 13:30:00|13936.85|13956.85|13904.85|13950.85|5320
2021.02.25 14:30:00|13950.85|13957.85|13925.85|13944.85|4153
2021.02.25 15:30:00|13943.85|13987.85|13942.85|13962.85|4612
2021.02.25 16:30:00|13964.85|13992.85|13916.85|13929.85|13245
2021.02.25 17:30:00|13928.85|13943.85|13878.85|13896.85|14671
2021.02.25 18:30:00|13895.85|13900.85|13811.85|13815.75|14575
2021.02.25 19:30:00|13815.75|13831.75|13747.75|13819.75|19310
2021.02.25 20:30:00|13819.75|13852.65|13799.75|13846.75|12723
2021.02.25 21:30:00|13845.65|13846.75|13761.55|13766.55|11595
2021.02.25 22:30:00|13766.55|13799.75|13740.55|13772.75|3884
2021.02.26 03:30:00|13745|13782.35|13724.35|13776.45|4352
2021.02.26 04:30:00|13777.35|13783.35|13756.35|13757.45|3674
2021.02.26 05:30:00|13758.35|13759.35|13735.35|13752.45|2896
2021.02.26 06:30:00|13753.35|13754.45|13693.35|13702.45|3095
2021.02.26 07:30:00|13702.45|13722.35|13669.35|13717.45|3878
2021.02.26 08:30:00|13717.45|13721.45|13639.35|13710.45|6906
2021.02.26 09:30:00|13712.35|13823.65|13669.65|13822.65|14687
2021.02.26 10:30:00|13823.65|13878.65|13798.65|13855.65|10724
2021.02.26 11:30:00|13854.65|13877.75|13821.75|13851.85|8515
2021.02.26 12:30:00|13850.85|13863.85|13776.85|13785.85|9126
2021.02.26 13:30:00|13784.85|13817.85|13755.85|13810.85|12230
2021.02.26 14:30:00|13810.85|13816.85|13760.85|13795.85|10807
2021.02.26 15:30:00|13795.85|13855.85|13791.85|13853.85|7955
2021.02.26 16:30:00|13853.85|13854.85|13730.85|13735.85|24348
2021.02.26 17:30:00|13735.85|13822.85|13733.85|13757.85|24791
2021.02.26 18:30:00|13751.85|13853.85|13742.85|13827.85|13712
2021.02.26 19:30:00|13828.85|13844.75|13801.65|13841.75|15468
2021.02.26 20:30:00|13842.65|13844.65|13786.65|13800.75|16082
2021.02.26 21:30:00|13799.65|13841.35|13793.75|13808.35|10829
2021.02.26 22:30:00|13808.35|13850.35|13784.35|13784.35|4837
2021.03.01 03:30:00|13894.75|13899.75|13882.75|13885.75|1499
2021.03.01 04:30:00|13885.75|13888.75|13867.75|13879.75|1181
2021.03.01 05:30:00|13880.75|13882.75|13856.75|13859.75|1404
2021.03.01 06:30:00|13860.75|13868.75|13847.75|13860.75|1319
2021.03.01 07:30:00|13860.75|13879.75|13853.75|13857.75|1557
2021.03.01 08:30:00|13857.75|13916.75|13857.75|13906.75|2352
2021.03.01 09:30:00|13906.75|13996.05|13900.75|13953.05|11794
2021.03.01 10:30:00|13952.45|13974.05|13928.05|13929|7746
2021.03.01 11:30:00|13927.05|13955.05|13926.05|13943.05|4908
2021.03.01 12:30:00|13943.05|13947.05|13891.05|13899.05|3923
2021.03.01 13:30:00|13899.05|13909.05|13869.05|13892.05|4777
2021.03.01 14:30:00|13892.05|13931.05|13877.05|13913.05|3514
2021.03.01 15:30:00|13914.05|13930.05|13906.05|13923.05|3869
2021.03.01 16:30:00|13923.05|13992.05|13917.05|13976.05|12428
2021.03.01 17:30:00|13976.05|14020.05|13973.05|13998.05|6629
2021.03.01 18:30:00|13997.05|14027.05|13997.05|14014.05|3728
2021.03.01 19:30:00|14015.05|14020.05|13999.05|14004.05|2970
2021.03.01 20:30:00|14003.05|14029|14003.05|14028.15|3440
2021.03.01 21:30:00|14029|14035.15|14019.55|14021.15|2235
2021.03.01 22:30:00|14021.15|14033.15|14009.05|14030.05|2772
2021.03.02 03:30:00|14002.55|14005.55|13964.55|13970.65|4042
2021.03.02 04:30:00|13970.55|13971.55|13939.55|13939.55|3474
2021.03.02 05:30:00|13939.55|13955.65|13927.55|13938.65|2510
2021.03.02 06:30:00|13939.55|13950.65|13925.35|13925.35|1559
2021.03.02 07:30:00|13925.35|13977.65|13925.35|13974.65|2068
2021.03.02 08:30:00|13974.65|13986.55|13951.55|13981.65|3066
2021.03.02 09:30:00|13982.55|14030.85|13950.55|13982.85|10172
2021.03.02 10:30:00|13981.85|14070.85|13957.85|13999.95|8279
2021.03.02 11:30:00|13998.85|14044.85|13995.85|14039.85|6580
2021.03.02 12:30:00|14039.85|14090.85|14030.85|14087.85|4617
2021.03.02 13:30:00|14086.85|14093.85|14069.85|14087.85|4300
2021.03.02 14:30:00|14088.85|14090.85|14063.85|14074.85|2777
2021.03.02 15:30:00|14075.85|14098.85|14059.45|14092.85|3598
2021.03.02 16:30:00|14093.85|14099.85|14049.85|14050.85|13442
2021.03.02 17:30:00|14049.85|14080.85|14030.85|14045.85|11953
2021.03.02 18:30:00|14046.85|14059.85|14020.85|14051.85|7910
2021.03.02 19:30:00|14051.85|14072.85|14049.85|14064.85|3855
2021.03.02 20:30:00|14063.85|14075.85|14049.85|14049.85|3990
2021.03.02 21:30:00|14050.85|14070.85|14044.85|14049.85|3343
2021.03.02 22:30:00|14049.85|14054.85|14025.85|14031.85|2481
2021.03.03 03:30:00|14027.35|14073.45|14026.35|14064.45|2021
2021.03.03 04:30:00|14065.35|14089.45|14063.35|14084.35|830
2021.03.03 05:30:00|14083.45|14088.45|14073.35|14086.45|578
2021.03.03 06:30:00|14086.45|14102.45|14086.45|14091.45|505
2021.03.03 07:30:00|14091.45|14102.35|14086.35|14097.35|720
2021.03.03 08:30:00|14096.35|14119.35|14090.35|14115.35|2204
2021.03.03 09:30:00|14116.35|14179.65|14102.35|14162.65|9023
2021.03.03 10:30:00|14163.65|14194.65|14148.65|14175.75|7748
2021.03.03 11:30:00|14175.75|14185.75|14156.35|14158.55|5283
2021.03.03 12:30:00|14158.55|14177.45|14150.35|14174.45|3973
2021.03.03 13:30:00|14174.45|14179.45|14156.45|14164.45|2920
2021.03.03 14:30:00|14163.45|14165.45|14103.45|14120.45|3312
2021.03.03 15:30:00|14119.45|14119.45|14002.45|14051.55|9874
2021.03.03 16:30:00|14050.45|14079.45|13973.65|14005.65|19842
2021.03.03 17:30:00|14006.65|14074.85|13986.65|14071.85|19221
2021.03.03 18:30:00|14070.85|14077.85|14045.85|14052.85|7847
2021.03.03 19:30:00|14051.85|14067.85|14040.85|14062.85|6368
2021.03.03 20:30:00|14062.85|14063.85|14017.85|14021.85|7744
2021.03.03 21:30:00|14020.85|14055.85|14000.85|14025.85|8074
2021.03.03 22:30:00|14024.85|14052.85|14009.85|14011.85|3443
2021.03.04 03:30:00|13994.95|14004.05|13969.95|13970.05|3066
2021.03.04 04:30:00|13970.95|13976.05|13957.95|13975.05|2587
2021.03.04 05:30:00|13975.95|13975.95|13897.95|13929.05|2804
2021.03.04 06:30:00|13929.95|13967.95|13919.95|13956.05|2594
2021.03.04 07:30:00|13954.95|13986.05|13952.95|13962.05|2459
2021.03.04 08:30:00|13962.95|14002.95|13943.05|13990.95|2643
2021.03.04 09:30:00|13992.95|14044.25|13972.25|14013.35|10702
2021.03.04 10:30:00|14013.35|14057.25|13997.25|14004.25|7907
2021.03.04 11:30:00|14004.25|14027.25|13968.25|13976.25|7257
2021.03.04 12:30:00|13975.25|14005.25|13955.25|13973.25|5762
2021.03.04 13:30:00|13972.25|14032.25|13966.25|14026.25|4940
2021.03.04 14:30:00|14027.25|14060.25|14004.25|14046.25|4445
2021.03.04 15:30:00|14047.25|14067.25|14039.25|14044.25|5105
2021.03.04 16:30:00|14043.25|14095.25|13997.25|14034.25|19823
2021.03.04 17:30:00|14034.25|14068.25|14029.25|14056.25|14366
2021.03.04 18:30:00|14055.25|14095.25|14016.25|14040.25|16716
2021.03.04 19:30:00|14039.25|14052.25|13977.25|14002.25|23522
2021.03.04 20:30:00|14001.25|14002.25|13921.25|13984.25|17194
2021.03.04 21:30:00|13984.25|14000.25|13949.25|13979.25|10244
2021.03.04 22:30:00|13978.25|13992.25|13955.25|13980.25|5024
2021.03.05 03:30:00|13874.85|13921.85|13870.85|13905.85|5081
2021.03.05 04:30:00|13904.85|13950.85|13897.85|13934.85|3424
2021.03.05 05:30:00|13935.75|13994.85|13933.85|13988.85|2962
2021.03.05 06:30:00|13989.75|13996.75|13950.75|13955.85|2566
2021.03.05 07:30:00|13955.85|14008.85|13953.85|13981.85|2680
2021.03.05 08:30:00|13981.85|14011.85|13968.75|13981.75|3442
2021.03.05 09:30:00|13981.85|13998.85|13875.05|13929.05|12181
2021.03.05 10:30:00|13928.05|13966.05|13863.05|13900.05|11474
2021.03.05 11:30:00|13901.05|13952.05|13888.05|13950.05|6646
2021.03.05 12:30:00|13950.05|13978.05|13932.05|13977.05|4247
2021.03.05 13:30:00|13978.05|13992.05|13958.05|13991.05|4521
2021.03.05 14:30:00|13992.05|13995.05|13962.05|13980.05|4775
2021.03.05 15:30:00|13980.05|14068.05|13934.05|14044.05|13594
2021.03.05 16:30:00|14045.05|14048.05|13956.05|13970.05|26016
2021.03.05 17:30:00|13971.05|13992.05|13907.05|13921.05|24274
2021.03.05 18:30:00|13922.05|13994.05|13915.05|13990.05|17661
2021.03.05 19:30:00|13989.05|14015.05|13977.05|14008.05|12596
2021.03.05 20:30:00|14008.05|14021.05|13989.05|14012.05|10458
2021.03.05 21:30:00|14011.05|14046.05|14004.05|14037.05|5911
2021.03.05 22:30:00|14038.05|14059.05|14029.05|14048.05|3073
2021.03.08 03:30:00|14048.25|14066.15|14002.15|14005.15|3873
2021.03.08 04:30:00|14004.15|14007.15|13970.15|13975.15|3641
2021.03.08 05:30:00|13975.15|13998.15|13960.15|13995.15|2820
2021.03.08 06:30:00|13995.15|13995.15|13964.15|13975.15|2541
2021.03.08 07:30:00|13974.15|14004.15|13959.15|13995.15|2435
2021.03.08 08:30:00|13995.15|14021.15|13979.15|14005.25|4170
2021.03.08 09:30:00|14005.25|14040.45|13971.45|14005.45|13500
2021.03.08 10:30:00|14006.45|14049.45|13981.45|14010.45|9643
2021.03.08 11:30:00|14011.45|14059.45|13999.45|14055.45|5629
2021.03.08 12:30:00|14055.45|14108.45|14053.45|14074.45|5754
2021.03.08 13:30:00|14075.45|14120.45|14074.45|14101.45|5815
2021.03.08 14:30:00|14102.45|14129.45|14089.45|14123.45|5310
2021.03.08 15:30:00|14123.45|14175.45|14110.45|14170.45|5317
2021.03.08 16:30:00|14170.45|14375.45|14152.45|14360.45|25230
2021.03.08 17:30:00|14360.45|14403.45|14356.45|14398.45|16833
2021.03.08 18:30:00|14399.45|14399.45|14356.45|14394.45|11302
2021.03.08 19:30:00|14395.45|14410.45|14383.45|14407.45|7034
2021.03.08 20:30:00|14407.45|14409.45|14360.45|14400.45|7999
2021.03.08 21:30:00|14400.45|14402.45|14338.45|14348.45|7273
2021.03.08 22:30:00|14349.45|14374.45|14346.45|14353.45|3682
2021.03.09 03:30:00|14379.15|14401.15|14341.15|14375.15|4800
2021.03.09 04:30:00|14376.15|14412.15|14353.15|14412.15|3295
2021.03.09 05:30:00|14412.15|14427.15|14381.15|14387.15|1792
2021.03.09 06:30:00|14388.15|14404.15|14385.15|14398.15|1423
2021.03.09 07:30:00|14398.15|14414.15|14379.15|14383.15|1797
2021.03.09 08:30:00|14383.15|14400.15|14354.15|14367.15|2710
2021.03.09 09:30:00|14367.15|14387.15|14305.85|14347.35|10264
2021.03.09 10:30:00|14347.35|14403.35|14324.85|14391.35|10432
2021.03.09 11:30:00|14392.35|14442.35|14386.35|14425.35|5077
2021.03.09 12:30:00|14425.35|14453.35|14422.35|14445.35|4423
2021.03.09 13:30:00|14446.35|14460.35|14418.35|14431.35|4037
2021.03.09 14:30:00|14430.35|14453.35|14407.35|14447.35|4026
2021.03.09 15:30:00|14447.35|14462.35|14432.35|14443.35|4026
2021.03.09 16:30:00|14443.35|14470.35|14423.35|14456.35|13712
2021.03.09 17:30:00|14456.35|14476.35|14436.35|14461.35|8230
2021.03.09 18:30:00|14460.35|14470.35|14437.35|14466.35|3658
2021.03.09 19:30:00|14466.35|14471.35|14451.45|14462.35|2985
2021.03.09 20:30:00|14462.35|14469.35|14454.85|14459.35|2529
2021.03.09 21:30:00|14460.35|14469.35|14454.35|14461.35|2065
2021.03.09 22:30:00|14462.35|14463.35|14444.35|14451.35|2239
2021.03.10 03:30:00|14434.35|14434.35|14401.85|14409.85|2570
2021.03.10 04:30:00|14409.85|14425.85|14401.85|14414.85|2205
2021.03.10 05:30:00|14414.85|14416.85|14395.85|14397.85|1254
2021.03.10 06:30:00|14398.85|14420.85|14387.85|14399.85|1853
2021.03.10 07:30:00|14400.85|14419.85|14391.85|14398.85|1599
2021.03.10 08:30:00|14398.85|14432.85|14389.85|14426.85|2061
2021.03.10 09:30:00|14425.85|14467.75|14409.15|14448.15|10106
2021.03.10 10:30:00|14447.15|14487.15|14436.15|14477.15|8175
2021.03.10 11:30:00|14478.15|14499.15|14472.15|14487.15|3757
2021.03.10 12:30:00|14487.15|14504.15|14464.15|14466.15|3587
2021.03.10 13:30:00|14466.15|14500.15|14455.15|14490.15|3718
2021.03.10 14:30:00|14490.15|14500.15|14480.15|14499.15|3526
2021.03.10 15:30:00|14502.15|14549.15|14501.15|14539.15|8444
2021.03.10 16:30:00|14540.15|14562.35|14518.15|14520.15|14614
2021.03.10 17:30:00|14519.15|14548.15|14518.15|14537.15|11776
2021.03.10 18:30:00|14535.15|14543.15|14518.15|14531.15|6363
2021.03.10 19:30:00|14532.15|14544.15|14519.15|14543.15|8197
2021.03.10 20:30:00|14543.15|14548.15|14527.15|14545.15|6288
2021.03.10 21:30:00|14544.15|14557.15|14540.15|14550.15|3400
2021.03.10 22:30:00|14551.15|14560.15|14537.85|14554.35|2585
2021.03.11 03:30:00|14561.85|14592.85|14552.85|14583.85|2270
2021.03.11 04:30:00|14584.85|14591.85|14577.85|14589.85|1444
2021.03.11 05:30:00|14590.85|14590.85|14567.85|14570.95|673
2021.03.11 06:30:00|14570.95|14588.95|14569.85|14580.95|739
2021.03.11 07:30:00|14580.95|14587.85|14565.85|14575.95|992
2021.03.11 08:30:00|14575.95|14591.95|14569.85|14582.95|1559
2021.03.11 09:30:00|14583.85|14589.95|14528.15|14535.25|9486
2021.03.11 10:30:00|14535.15|14557.35|14524.15|14531.35|8128
2021.03.11 11:30:00|14531.35|14540.35|14516.35|14536.35|5872
2021.03.11 12:30:00|14536.35|14548.35|14523.35|14529.35|4456
2021.03.11 13:30:00|14529.35|14546.35|14520.35|14546.35|3813
2021.03.11 14:30:00|14546.35|14599.35|14535.35|14562.35|7234
2021.03.11 15:30:00|14562.35|14582.35|14543.35|14575.35|9266
2021.03.11 16:30:00|14575.35|14591.35|14551.35|14584.35|14032
2021.03.11 17:30:00|14584.35|14588.35|14561.35|14580.35|6601
2021.03.11 18:30:00|14579.35|14586.35|14550.35|14563.35|4253
2021.03.11 19:30:00|14563.35|14574.35|14550.35|14561.35|4081
2021.03.11 20:30:00|14562.35|14566.05|14551.35|14561.65|6931
2021.03.11 21:30:00|14561.75|14564.15|14548.3|14553.55|7682
2021.03.11 22:30:00|14553.85|14555.95|14540.85|14553.85|5076
2021.03.12 03:30:00|14558.05|14564.35|14530.35|14530.45|2261
2021.03.12 04:30:00|14530.45|14542.45|14523.35|14540.45|2063
2021.03.12 05:30:00|14541.35|14558.45|14537.35|14555.45|982
2021.03.12 06:30:00|14555.45|14564.45|14550.35|14552.45|1030
2021.03.12 07:30:00|14552.45|14556.35|14540.35|14548.45|1363
2021.03.12 08:30:00|14549.35|14562.35|14527.35|14528.45|1924
2021.03.12 09:30:00|14528.35|14531.45|14471.15|14517.25|11188
2021.03.12 10:30:00|14518.25|14526.25|14472.25|14487.25|9837
2021.03.12 11:30:00|14486.25|14494.25|14461.25|14469.25|5926
2021.03.12 12:30:00|14469.25|14496.25|14456.15|14457.25|4140
2021.03.12 13:30:00|14456.45|14491.25|14451.25|14472.25|3404
2021.03.12 14:30:00|14471.25|14496.25|14469.25|14491.25|2701
2021.03.12 15:30:00|14492.25|14494.25|14464.25|14468.25|3927
2021.03.12 16:30:00|14469.25|14519.25|14465.25|14493.45|12747
2021.03.12 17:30:00|14494.25|14513.25|14489.95|14507.25|15922
2021.03.12 18:30:00|14507.25|14521.25|14500.25|14517.25|7526
2021.03.12 19:30:00|14517.25|14521.65|14507.25|14517.35|6124
2021.03.12 20:30:00|14517.35|14528.35|14513.25|14527.25|5134
2021.03.12 21:30:00|14528.05|14547.35|14526.25|14545.25|4164
2021.03.12 22:30:00|14546.25|14566.25|14546.25|14564.25|2240
2021.03.15 03:30:00|14569.25|14589.25|14556.25|14574.25|1913
2021.03.15 04:30:00|14573.25|14575.25|14547.25|14550.25|1296
2021.03.15 05:30:00|14551.25|14557.25|14548.25|14552.35|756
2021.03.15 06:30:00|14551.35|14558.35|14535.35|14536.35|709
2021.03.15 07:30:00|14535.35|14537.35|14527.35|14534.35|917
2021.03.15 08:30:00|14534.35|14550.35|14498.25|14513.35|2067
2021.03.15 09:30:00|14512.35|14576.45|14489.45|14537.35|9380
2021.03.15 10:30:00|14537.35|14557.35|14514.35|14549.35|5051
2021.03.15 11:30:00|14548.35|14554.35|14529.35|14531.35|3370
2021.03.15 12:30:00|14532.35|14537.35|14514.35|14514.35|3675
2021.03.15 13:30:00|14513.35|14523.35|14497.35|14500.35|3075
2021.03.15 14:30:00|14499.35|14532.35|14482.35|14524.35|3944
2021.03.15 15:30:00|14525.35|14537.95|14516.35|14526.15|33011
2021.03.15 16:30:00|14526.35|14527.15|14475.35|14479.45|27669
2021.03.15 17:30:00|14479.55|14481.85|14411.15|14470.65|22290
2021.03.15 18:30:00|14470.55|14479.95|14463.35|14476.35|14563
2021.03.15 19:30:00|14476.35|14497.45|14475.35|14497.45|10054
2021.03.15 20:30:00|14497.55|14501.85|14479.4|14480.25|11603
2021.03.15 21:30:00|14480.35|14525.85|14477.6|14508.25|9612
2021.03.15 22:30:00|14508.3|14515.35|14505.95|14506.95|1601
2021.03.16 03:30:00|14513.85|14533.85|14506.85|14518.85|1480
2021.03.16 04:30:00|14518.85|14519.85|14503.85|14512.85|886
2021.03.16 05:30:00|14512.85|14513.85|14492.85|14498.85|537
2021.03.16 06:30:00|14499.85|14501.85|14495.85|14497.85|524
2021.03.16 07:30:00|14498.85|14504.85|14482.85|14485.85|881
2021.03.16 08:30:00|14485.85|14526.85|14484.85|14523.85|1049
2021.03.16 09:30:00|14524.85|14553.15|14515.25|14548.15|8065
2021.03.16 10:30:00|14548.15|14554.15|14519.15|14553.15|6621
2021.03.16 11:30:00|14554.15|14558.15|14534.15|14549.15|4588
2021.03.16 12:30:00|14550.15|14580.15|14539.15|14574.15|4151
2021.03.16 13:30:00|14575.15|14577.15|14550.15|14554.15|4023
2021.03.16 14:30:00|14554.15|14582.15|14551.15|14577.15|4472
2021.03.16 15:30:00|14578.15|14592.15|14567.15|14588.15|8315
2021.03.16 16:30:00|14588.15|14606.15|14570.15|14596.55|15457
2021.03.16 17:30:00|14596.75|14597.05|14559.35|14565.45|16270
2021.03.16 18:30:00|14565.35|14583.15|14560.05|14567.65|12461
2021.03.16 19:30:00|14567.55|14568.75|14545.15|14547.15|18467
2021.03.16 20:30:00|14547.15|14567.25|14539.75|14564.95|18229
2021.03.16 21:30:00|14565.05|14575.45|14555.15|14568.95|9368
2021.03.16 22:30:00|14569.05|14571.75|14562.65|14563.35|1125
2021.03.17 03:30:00|14543.25|14556.85|14533.65|14550.75|3139
2021.03.17 04:30:00|14550.45|14553.45|14538.75|14545.25|2952
2021.03.17 05:30:00|14545.25|14547.15|14534.35|14536.35|1679
2021.03.17 06:30:00|14536.25|14548.75|14534.65|14545.25|1888
2021.03.17 07:30:00|14545.25|14557.75|14540.75|14556.45|2117
2021.03.17 08:30:00|14556.45|14559.05|14536.15|14541.45|3168
2021.03.17 09:30:00|14541.65|14581.95|14536.65|14565.35|9056
2021.03.17 10:30:00|14565.45|14574.65|14542.55|14551.35|11768
2021.03.17 11:30:00|14551.45|14570.35|14548.15|14566.15|8323
2021.03.17 12:30:00|14566.05|14580.75|14556.65|14561.15|9214
2021.03.17 13:30:00|14561.45|14564.25|14547.95|14557.45|12789
2021.03.17 14:30:00|14557.55|14564.25|14549.95|14555.65|10246
2021.03.17 15:30:00|14555.95|14588.45|14553.55|14585.95|30980
2021.03.17 16:30:00|14585.95|14588.85|14549.95|14577.95|25659
2021.03.17 17:30:00|14577.95|14604.35|14572.45|14601.95|17749
2021.03.17 18:30:00|14602.25|14626.75|14587.35|14626.45|15036
2021.03.17 19:30:00|14626.35|14685.95|14614.95|14633.85|25913
2021.03.17 20:30:00|14633.9|14674.95|14629.95|14662.95|24364
2021.03.17 21:30:00|14663.35|14674.85|14649.95|14672.25|10784
2021.03.17 22:30:00|14672.25|14672.25|14659.95|14661.95|1482
2021.03.18 03:30:00|14732.7|14747.55|14728.45|14740.85|2719
2021.03.18 04:30:00|14740.85|14743.05|14703.45|14704.95|4310
2021.03.18 05:30:00|14705.25|14712.75|14695.15|14698.55|3585
2021.03.18 06:30:00|14697.45|14712.15|14695.45|14705.45|1744
2021.03.18 07:30:00|14706.45|14712.95|14698.65|14711.05|2724
2021.03.18 08:30:00|14710.65|14729.45|14692.45|14698.45|6792
2021.03.18 09:30:00|14698.45|14754.05|14665.45|14739.95|18404
2021.03.18 10:30:00|14739.95|14750.95|14675.95|14729.95|10398
2021.03.18 11:30:00|14729.95|14772.95|14727.35|14769.95|5344
2021.03.18 12:30:00|14770.95|14786.95|14751.95|14755.95|5047
2021.03.18 13:30:00|14755.95|14756.95|14708.95|14731.95|6413
2021.03.18 14:30:00|14731.95|14749.25|14707.35|14717.45|5982
2021.03.18 15:30:00|14717.45|14741.45|14698.45|14729.45|19757
2021.03.18 16:30:00|14729.45|14788.75|14724.45|14788.75|9663
2021.03.18 17:30:00|14788.75|14809.75|14779.75|14793.85|5459
2021.03.18 18:30:00|14793.85|14795.85|14748.75|14769.75|4289
2021.03.18 19:30:00|14769.75|14788.75|14734.75|14736.25|9840
2021.03.18 20:30:00|14736.25|14742.45|14704.15|14720.85|23084
2021.03.18 21:30:00|14721.15|14723.9|14681.95|14693.95|12432
2021.03.18 22:30:00|14693.75|14698.55|14683.75|14691.75|1542
2021.03.19 03:30:00|14697.15|14714.05|14684.05|14693.15|1765
2021.03.19 04:30:00|14693.15|14700.65|14685.05|14698.65|2264
2021.03.19 05:30:00|14698.75|14712.25|14671.05|14697.75|5419
2021.03.19 06:30:00|14697.65|14704.15|14681.05|14684.15|3233
2021.03.19 07:30:00|14684.15|14698.25|14665.05|14679.25|4040
2021.03.19 08:30:00|14678.95|14721.55|14677.55|14713.15|7683
2021.03.19 09:30:00|14712.65|14720.85|14677.75|14709.85|17616
2021.03.19 10:30:00|14709.65|14747.85|14709.65|14728.55|17122
2021.03.19 11:30:00|14728.15|14742.15|14702.65|14731.85|14929
2021.03.19 12:30:00|14731.65|14755.05|14680.55|14689.55|15248
2021.03.19 13:30:00|14689.65|14708.85|14680.65|14685.35|13270
2021.03.19 14:30:00|14685.15|14711.25|14631.55|14631.55|21224
2021.03.19 15:30:00|14631.55|14645.45|14569.35|14636.85|48110
2021.03.19 16:30:00|14636.95|14660.65|14600.75|14606.95|33641
2021.03.19 17:30:00|14607.05|14669.75|14601.75|14650.75|21923
2021.03.19 18:30:00|14650.65|14659.25|14610.75|14643.05|15618
2021.03.19 19:30:00|14643.05|14652.35|14631.75|14646.75|13216
2021.03.19 20:30:00|14646.95|14651.95|14634.75|14640.75|13204
2021.03.19 21:30:00|14640.75|14653.75|14625.75|14629.75|10163
2021.03.19 22:30:00|14630.75|14642.75|14628.7|14636.75|1180
2021.03.22 03:30:00|14585.55|14630.55|14582.15|14609.15|5450
2021.03.22 04:30:00|14608.25|14613.95|14584.25|14596.85|4642
2021.03.22 05:30:00|14597.05|14615.05|14589.25|14611.05|2732
2021.03.22 06:30:00|14610.95|14613.65|14594.25|14600.15|3073
2021.03.22 07:30:00|14600.05|14611.55|14595.25|14604.75|3498
2021.03.22 08:30:00|14604.65|14609.85|14583.25|14601.15|5763
2021.03.22 09:30:00|14600.95|14629.55|14546.05|14616.45|21808
2021.03.22 10:30:00|14615.35|14643.45|14610.85|14635.45|17366
2021.03.22 11:30:00|14635.15|14655.75|14626.55|14647.25|10706
2021.03.22 12:30:00|14647.45|14673.05|14639.95|14669.25|8553
2021.03.22 13:30:00|14669.45|14680.95|14648.45|14656.75|8994
2021.03.22 14:30:00|14656.85|14659.85|14644.45|14648.95|9102
2021.03.22 15:30:00|14648.95|14677.45|14632.45|14664.65|30184
2021.03.22 16:30:00|14664.65|14672.75|14633.05|14645.65|17500
2021.03.22 17:30:00|14645.65|14667.15|14644.85|14662.95|10861
2021.03.22 18:30:00|14662.45|14672.65|14657.35|14670.85|8919
2021.03.22 19:30:00|14670.75|14674.45|14665.95|14668.25|6373
2021.03.22 20:30:00|14668.45|14687.15|14668.45|14672.35|7396
2021.03.22 21:30:00|14672.35|14677.6|14648.85|14659.65|6699
2021.03.22 22:30:00|14659.25|14671.75|14659.05|14664.45|1153
2021.03.23 03:30:00|14661.55|14667.65|14637.25|14639.25|3940
2021.03.23 04:30:00|14639.25|14639.25|14620.25|14628.25|2277
2021.03.23 05:30:00|14628.35|14628.55|14619.85|14621.05|1973
2021.03.23 06:30:00|14620.95|14626.55|14600.25|14618.35|3754
2021.03.23 07:30:00|14617.25|14618.55|14589.25|14606.25|4222
2021.03.23 08:30:00|14606.45|14619.45|14598.25|14614.45|5810
2021.03.23 09:30:00|14614.45|14618.95|14521.75|14603.45|16430
2021.03.23 10:30:00|14602.65|14614.05|14548.85|14589.85|14042
2021.03.23 11:30:00|14589.75|14607.55|14564.85|14579.15|11831
2021.03.23 12:30:00|14579.25|14654.75|14571.85|14650.35|12926
2021.03.23 13:30:00|14650.45|14663.55|14645.4|14645.75|11051
2021.03.23 14:30:00|14645.95|14690.85|14641.55|14689.75|10734
2021.03.23 15:30:00|14689.85|14714.85|14678.35|14697.05|28300
2021.03.23 16:30:00|14697.05|14706.75|14663.05|14706.55|19683
2021.03.23 17:30:00|14706.65|14711.65|14686.85|14691.45|19612
2021.03.23 18:30:00|14691.55|14702.35|14668.15|14693.35|16271
2021.03.23 19:30:00|14693.55|14694.95|14659.25|14664.15|16770
2021.03.23 20:30:00|14664.15|14666.55|14604.15|14612.15|20794
2021.03.23 21:30:00|14612.15|14625.1|14598.15|14613.15|14955
2021.03.23 22:30:00|14613.15|14629.05|14613.1|14623.05|1553
2021.03.24 03:30:00|14617.6|14619.35|14572.35|14583.05|6520
2021.03.24 04:30:00|14582.05|14605.95|14578.35|14605.65|4591
2021.03.24 05:30:00|14605.75|14618.55|14602.35|14607.55|3820
2021.03.24 06:30:00|14607.45|14609.65|14585.25|14600.25|4114
2021.03.24 07:30:00|14600.35|14611.05|14598.35|14601.75|5078
2021.03.24 08:30:00|14601.85|14621.25|14577.35|14586.35|5442
2021.03.24 09:30:00|14586.25|14615.65|14527.35|14597.95|19954
2021.03.24 10:30:00|14605.85|14620.35|14558.85|14586.35|9621
2021.03.24 11:30:00|14587.35|14618.35|14585.35|14606.35|3693
2021.03.24 12:30:00|14607.35|14612.35|14578.35|14595.85|3054
2021.03.24 13:30:00|14596.35|14602.35|14573.75|14581.35|5705
2021.03.24 14:30:00|14581.35|14587.75|14573.35|14581.65|6117
2021.03.24 15:30:00|14581.35|14604.35|14566.35|14585.65|24533
2021.03.24 16:30:00|14585.65|14604.35|14576.35|14597.35|17156
2021.03.24 17:30:00|14597.35|14623.55|14591.65|14612.35|14855
2021.03.24 18:30:00|14612.35|14625.75|14581.35|14594.35|12693
2021.03.24 19:30:00|14594.35|14608.75|14583.35|14589.85|13378
2021.03.24 20:30:00|14590.35|14591.35|14562.45|14565.55|16607
2021.03.24 21:30:00|14565.65|14567.35|14544.35|14553.35|8692
2021.03.24 22:30:00|14553.55|14564.35|14552.85|14562.35|902
2021.03.25 03:30:00|14571.85|14605.15|14545.85|14589.85|5944
2021.03.25 04:30:00|14589.95|14598.85|14572.35|14576.85|3067
2021.03.25 05:30:00|14576.85|14583.95|14569.85|14575.25|2063
2021.03.25 06:30:00|14574.95|14596.85|14569.15|14595.85|2617
2021.03.25 07:30:00|14596.85|14599.15|14570.85|14581.85|2874
2021.03.25 08:30:00|14581.85|14594.85|14570.25|14583.15|4279
2021.03.25 09:30:00|14582.85|14599.15|14528.15|14590.25|14531
2021.03.25 10:30:00|14590.15|14612.15|14576.45|14590.15|11023
2021.03.25 11:30:00|14590.45|14604.15|14574.35|14595.15|6896
2021.03.25 12:30:00|14594.35|14600.15|14539.25|14540.15|6525
2021.03.25 13:30:00|14540.15|14540.15|14450.35|14450.55|18099
2021.03.25 14:30:00|14450.35|14493.15|14427.35|14480.75|14711
2021.03.25 15:30:00|14480.75|14532.45|14468.15|14518.35|32396
2021.03.25 16:30:00|14519.15|14560.15|14498.85|14560.15|24206
2021.03.25 17:30:00|14561.15|14619.45|14555.15|14608.95|20098
2021.03.25 18:30:00|14609.05|14656.85|14608.85|14638.15|15316
2021.03.25 19:30:00|14638.95|14656.55|14626.95|14631.25|14465
2021.03.25 20:30:00|14631.95|14681.95|14631.95|14678.95|13278
2021.03.25 21:30:00|14678.95|14701.15|14673.95|14695.15|6252
2021.03.25 22:30:00|14695.35|14709.75|14692.35|14709.75|957
2021.03.26 03:30:00|14692.95|14719.45|14691.45|14703.45|2084
2021.03.26 04:30:00|14704.45|14722.45|14702.45|14717.45|783
2021.03.26 05:30:00|14717.45|14720.45|14708.45|14716.45|636
2021.03.26 06:30:00|14715.45|14718.95|14709.45|14713.45|1441
2021.03.26 07:30:00|14714.45|14737.45|14714.45|14734.45|1990
2021.03.26 08:30:00|14734.45|14738.35|14714.85|14716.75|4276
2021.03.26 09:30:00|14716.45|14783.75|14698.45|14757.75|16316
2021.03.26 10:30:00|14757.75|14774.75|14732.95|14742.15|14601
2021.03.26 11:30:00|14741.95|14747.05|14716.45|14718.45|10616
2021.03.26 12:30:00|14718.45|14748.45|14700.45|14722.45|12448
2021.03.26 13:30:00|14721.75|14747.75|14718.45|14732.75|10257
2021.03.26 14:30:00|14732.75|14755.15|14724.95|14752.75|9512
2021.03.26 15:30:00|14751.75|14779.75|14749.85|14779.15|25807
2021.03.26 16:30:00|14779.15|14780.35|14734.85|14743.95|16470
2021.03.26 17:30:00|14744.05|14757.45|14737.25|14754.85|13285
2021.03.26 18:30:00|14754.85|14779.85|14753.85|14774.95|8126
2021.03.26 19:30:00|14775.05|14775.95|14734.85|14756.85|13152
2021.03.26 20:30:00|14756.85|14783.15|14739.85|14782.35|15673
2021.03.26 21:30:00|14782.85|14855.85|14782.85|14845.85|8481
2021.03.26 22:30:00|14845.85|14862.85|14842.65|14859.85|1110
2021.03.29 03:30:00|14787.45|14800.05|14774.05|14779.85|3994
2021.03.29 04:30:00|14779.05|14802.05|14757.05|14789.15|5601
2021.03.29 05:30:00|14789.35|14793.05|14768.05|14781.05|2734
2021.03.29 06:30:00|14781.05|14792.05|14774.25|14780.05|2522
2021.03.29 07:30:00|14780.05|14784.35|14729.65|14748.25|5191
2021.03.29 08:30:00|14748.25|14796.05|14734.05|14792.05|7941
2021.03.29 09:30:00|14791.05|14844.45|14779.75|14788.35|14133
2021.03.29 10:30:00|14787.75|14802.35|14765.55|14781.35|12913
2021.03.29 11:30:00|14781.35|14792.35|14762.85|14780.35|6864
2021.03.29 12:30:00|14780.35|14825.35|14775.35|14824.35|5462
2021.03.29 13:30:00|14824.55|14836.35|14819.35|14821.35|4829
2021.03.29 14:30:00|14821.35|14831.35|14792.35|14796.35|6184
2021.03.29 15:30:00|14796.45|14802.35|14782.35|14792.85|7166
2021.03.29 16:30:00|14792.75|14855.45|14791.35|14830.35|28531
2021.03.29 17:30:00|14831.35|14843.55|14813.35|14841.55|23417
2021.03.29 18:30:00|14841.45|14849.35|14822.35|14846.65|13829
2021.03.29 19:30:00|14846.45|14896.55|14843.35|14878.55|11508
2021.03.29 20:30:00|14878.45|14895.25|14872.35|14879.35|14541
2021.03.29 21:30:00|14879.35|14902.45|14869.35|14895.75|13070
2021.03.29 22:30:00|14895.85|14898.45|14870.35|14880.35|6213
2021.03.30 03:30:00|14872.35|14878.85|14865.35|14868.95|2397
2021.03.30 04:30:00|14868.95|14884.95|14860.85|14884.95|3339
2021.03.30 05:30:00|14885.05|14901.25|14876.85|14892.95|2610
2021.03.30 06:30:00|14893.05|14907.35|14888.95|14892.05|1879
2021.03.30 07:30:00|14891.85|14899.15|14882.85|14885.85|2187
2021.03.30 08:30:00|14886.25|14898.95|14883.35|14884.15|4012
2021.03.30 09:30:00|14884.35|14932.55|14883.95|14927.15|10279
2021.03.30 10:30:00|14927.15|14935.15|14897.15|14914.45|10435
2021.03.30 11:30:00|14914.15|14927.15|14906.15|14917.35|6518
2021.03.30 12:30:00|14917.15|14930.15|14906.85|14929.15|4726
2021.03.30 13:30:00|14929.15|14933.15|14910.15|14920.95|6393
2021.03.30 14:30:00|14920.75|14933.15|14914.15|14928.15|6711
2021.03.30 15:30:00|14928.15|14944.15|14913.95|14943.15|9028
2021.03.30 16:30:00|14943.15|14988.95|14943.15|14988.15|25742
2021.03.30 17:30:00|14988.35|15040.15|14984.45|15033.15|18714
2021.03.30 18:30:00|15033.15|15034.55|14987.15|14987.15|13063
2021.03.30 19:30:00|14987.15|15007.15|14973.65|14998.35|13898
2021.03.30 20:30:00|14999.35|15002.95|14989.95|14997.95|12254
2021.03.30 21:30:00|14997.95|15014.15|14996.95|15012.95|10173
2021.03.30 22:30:00|15012.95|15016.45|14980.95|15003.95|5786
2021.03.31 03:30:00|15012.75|15028.75|15005.75|15015.75|1963
2021.03.31 04:30:00|15015.75|15021.75|14994.75|14995.75|3097
2021.03.31 05:30:00|14995.75|15001.75|14978.65|15001.75|2347
2021.03.31 06:30:00|15002.75|15002.75|14985.75|14988.75|1301
2021.03.31 07:30:00|14988.75|14990.75|14963.75|14969.35|1854
2021.03.31 08:30:00|14969.75|14991.85|14967.75|14984.75|3681
2021.03.31 09:30:00|14984.25|15036.15|14974.25|15014.45|10329
2021.03.31 10:30:00|15014.05|15021.05|14999.35|15002.05|9587
2021.03.31 11:30:00|15002.05|15024.15|14992.05|15022.15|4776
2021.03.31 12:30:00|15022.15|15032.15|15004.05|15021.15|5639
2021.03.31 13:30:00|15021.35|15027.25|15005.55|15009.35|5773
2021.03.31 14:30:00|15009.45|15022.75|15003.15|15007.35|6231
2021.03.31 15:30:00|15007.35|15011.45|14984.85|14999.25|6855
2021.03.31 16:30:00|14999.05|15017.05|14991.95|15005.15|16031
2021.03.31 17:30:00|15005.95|15035.15|14995.95|15014.15|11446
2021.03.31 18:30:00|15012.15|15041.55|14993.65|15040.45|7505
2021.03.31 19:30:00|15040.55|15057.75|15036.25|15048.75|6124
2021.03.31 20:30:00|15048.85|15051.85|15039.45|15044.35|8498
2021.03.31 21:30:00|15044.35|15057.35|15042.95|15048.05|11030
2021.03.31 22:30:00|15048.15|15054.35|15029.95|15032.95|7433
2021.04.01 03:30:00|15055.75|15072.85|15045.75|15048.85|2136
2021.04.01 04:30:00|15048.85|15050.55|15039.75|15039.85|3098
2021.04.01 05:30:00|15039.85|15042.85|15024.75|15034.05|2425
2021.04.01 06:30:00|15033.75|15036.85|15027.75|15035.05|1570
2021.04.01 07:30:00|15034.75|15039.95|15029.95|15039.85|1631
2021.04.01 08:30:00|15039.85|15052.15|15031.15|15047.35|3597
2021.04.01 09:30:00|15047.15|15075.75|15041.05|15064.05|10764
2021.04.01 10:30:00|15065.05|15113.05|15061.45|15098.25|9264
2021.04.01 11:30:00|15098.15|15108.05|15070.15|15072.45|6529
2021.04.01 12:30:00|15072.25|15085.55|15054.05|15057.15|6389
2021.04.01 13:30:00|15057.05|15075.25|15045.05|15069.35|5972
2021.04.01 14:30:00|15069.15|15093.35|15064.05|15088.45|5580
2021.04.01 15:30:00|15088.55|15111.05|15085.05|15093.25|5705
2021.04.01 16:30:00|15093.15|15119.35|15084.15|15112.15|14638
2021.04.01 17:30:00|15112.05|15116.05|15093.05|15110.05|11187
2021.04.01 18:30:00|15110.05|15136.15|15108.35|15132.95|7081
2021.04.01 19:30:00|15132.95|15136.05|15121.95|15126.95|5672
2021.04.01 20:30:00|15126.95|15135.95|15125.95|15132.95|4081
2021.04.01 21:30:00|15132.75|15148.85|15130.95|15147.45|5630
2021.04.01 22:30:00|15147.55|15206.1|15145.25|15179.05|6006
2021.04.06 03:30:00|15285.75|15317.95|15272.05|15298.05|2000
2021.04.06 04:30:00|15298.05|15299.05|15273.35|15277.25|1972
2021.04.06 05:30:00|15277.05|15278.05|15263.05|15263.05|1461
2021.04.06 06:30:00|15263.05|15264.05|15246.05|15253.25|2280
2021.04.06 07:30:00|15253.05|15255.05|15237.25|15237.35|1646
2021.04.06 08:30:00|15238.05|15305.25|15237.05|15301.95|5591
2021.04.06 09:30:00|15302.25|15335.35|15219.55|15285.25|14778
2021.04.06 10:30:00|15285.25|15324.25|15230.25|15244.85|15228
2021.04.06 11:30:00|15244.85|15305.35|15243.25|15250.25|9129
2021.04.06 12:30:00|15250.25|15272.15|15243.75|15261.55|5631
2021.04.06 13:30:00|15261.55|15300.65|15255.25|15297.35|5135
2021.04.06 14:30:00|15297.35|15302.35|15280.25|15282.75|4569
2021.04.06 15:30:00|15282.45|15289.65|15247.35|15251.55|6452
2021.04.06 16:30:00|15251.65|15262.35|15232.75|15246.35|17239
2021.04.06 17:30:00|15246.35|15255.35|15219.35|15234.35|13254
2021.04.06 18:30:00|15234.45|15246.35|15216.25|15237.35|6921
2021.04.06 19:30:00|15237.35|15238.25|15191.25|15196.35|7419
2021.04.06 20:30:00|15196.35|15215.65|15191.55|15204.95|5242
2021.04.06 21:30:00|15204.95|15204.95|15178.95|15191.35|6272
2021.04.06 22:30:00|15190.55|15212.25|15188.25|15208.25|4245
2021.04.07 03:30:00|15219.65|15234.25|15218.55|15224.55|1680
2021.04.07 04:30:00|15224.55|15224.55|15196.55|15207.05|3071
2021.04.07 05:30:00|15206.95|15215.85|15197.15|15211.65|1785
2021.04.07 06:30:00|15211.75|15223.65|15210.55|15217.55|1079
2021.04.07 07:30:00|15217.15|15219.65|15199.75|15211.55|1082
2021.04.07 08:30:00|15211.05|15231.65|15206.25|15226.65|3269
2021.04.07 09:30:00|15226.55|15253.95|15207.85|15244.05|11436
2021.04.07 10:30:00|15244.05|15250.85|15213.35|15233.05|10888
2021.04.07 11:30:00|15232.85|15236.45|15211.65|15219.65|6256
2021.04.07 12:30:00|15219.15|15227.65|15204.25|15223.65|5335
2021.04.07 13:30:00|15223.65|15225.65|15199.75|15209.4|5052
2021.04.07 14:30:00|15209.4|15216|15183.9|15186.9|4738
2021.04.07 15:30:00|15186.9|15195.9|15168.9|15194.9|5687
2021.04.07 16:30:00|15194.9|15208.4|15182.1|15207.2|10945
2021.04.07 17:30:00|15207.3|15219.05|15188.1|15198.4|7630
2021.04.07 18:30:00|15198.5|15198.5|15169.3|15181.2|7004
2021.04.07 19:30:00|15181.3|15206.3|15180.1|15193.1|5780
2021.04.07 20:30:00|15193.1|15216.2|15189.1|15213.1|4454
2021.04.07 21:30:00|15212.5|15217.2|15196.5|15199.1|3930
2021.04.07 22:30:00|15198.6|15223.95|15193.1|15222.1|3817
2021.04.08 03:30:00|15216.05|15229.6|15214.6|15228.6|1899
2021.04.08 04:30:00|15228.2|15259.6|15225.8|15247.2|2805
2021.04.08 05:30:00|15247.6|15256.9|15244.8|15251.9|1357
2021.04.08 06:30:00|15252.6|15252.7|15243.6|15248.7|839
2021.04.08 07:30:00|15248.7|15255.7|15244.5|15254.9|900
2021.04.08 08:30:00|15254.9|15267.7|15243.9|15247.3|3593
2021.04.08 09:30:00|15247.3|15261.6|15230.5|15240|10143
2021.04.08 10:30:00|15239|15239.1|15188.9|15192.9|8747
2021.04.08 11:30:00|15192.2|15205.9|15181.9|15183.9|4782
2021.04.08 12:30:00|15183.4|15195.9|15169.9|15182.9|4398
2021.04.08 13:30:00|15182.9|15189.5|15157.9|15181.9|4088
2021.04.08 14:30:00|15181.2|15210.9|15173.9|15202.9|4044
2021.04.08 15:30:00|15202.9|15219.85|15186.9|15210.9|5321
2021.04.08 16:30:00|15210.4|15212.9|15165.9|15176.9|15577
2021.04.08 17:30:00|15176.9|15210.9|15166.9|15208.9|10132
2021.04.08 18:30:00|15208.5|15221.3|15205.9|15212.9|4844
2021.04.08 19:30:00|15212.9|15216.9|15208.9|15212.4|2917
2021.04.08 20:30:00|15212.9|15226.2|15208.9|15223.9|2853
2021.04.08 21:30:00|15223.9|15231.9|15222.9|15226.9|2728
2021.04.08 22:30:00|15227|15231|15201.65|15208.9|2089
2021.04.09 03:30:00|15231.75|15246.6|15225.4|15229.4|1917
2021.04.09 04:30:00|15230.4|15230.5|15200.6|15201.6|2026
2021.04.09 05:30:00|15201.7|15209.6|15195.5|15208.4|1110
2021.04.09 06:30:00|15208.5|15213.4|15204.5|15207.4|843
2021.04.09 07:30:00|15207.5|15221.4|15207.4|15210.6|1009
2021.04.09 08:30:00|15210.5|15214.5|15197.5|15208.6|2991
2021.04.09 09:30:00|15208.5|15218.5|15169.7|15172|8286
2021.04.09 10:30:00|15172.7|15204.7|15168.1|15183.7|6690
2021.04.09 11:30:00|15183.7|15217.7|15182.7|15204.7|5568
2021.04.09 12:30:00|15204.7|15236.7|15204.7|15224.8|5908
2021.04.09 13:30:00|15225.7|15253.7|15224.7|15249.9|5278
2021.04.09 14:30:00|15249.9|15254.7|15211.7|15222.7|4364
2021.04.09 15:30:00|15222.8|15234.7|15206.3|15212.7|6610
2021.04.09 16:30:00|15212.7|15243.7|15205.8|15237.7|12754
2021.04.09 17:30:00|15237.7|15244.75|15232.5|15238.7|9285
2021.04.09 18:30:00|15238.7|15248.7|15233|15242.7|5211
2021.04.09 19:30:00|15242.8|15249.6|15239.7|15243.7|2945
2021.04.09 20:30:00|15243.7|15254.7|15242.1|15246.3|3520
2021.04.09 21:30:00|15246.2|15261.2|15238.7|15261|4165
2021.04.09 22:30:00|15261.1|15273.7|15256.7|15271.7|3476
2021.04.12 03:30:00|15240.8|15265.5|15240.8|15252.8|2078
2021.04.12 04:30:00|15253.5|15253.6|15220.5|15224.8|3277
2021.04.12 05:30:00|15224.5|15234.6|15216.5|15227.6|1795
2021.04.12 06:30:00|15227.5|15227.6|15210.5|15220.8|1002
2021.04.12 07:30:00|15220.5|15221.5|15204.5|15215|1198
2021.04.12 08:30:00|15214.7|15229.8|15199.6|15228.8|3435
2021.04.12 09:30:00|15229.5|15285.8|15221.5|15234.3|10972
2021.04.12 10:30:00|15234.1|15246.8|15219.8|15225.8|7691
2021.04.12 11:30:00|15225.8|15259.2|15225.8|15251.9|5216
2021.04.12 12:30:00|15252.8|15259.8|15239.8|15250.1|4877
2021.04.12 13:30:00|15250.2|15270.8|15247.8|15267.2|4060
2021.04.12 14:30:00|15266.9|15269.8|15250.8|15253.8|4048
2021.04.12 15:30:00|15254.8|15269.2|15245.8|15246|4257
2021.04.12 16:30:00|15246.1|15272.8|15246.1|15259|12189
2021.04.12 17:30:00|15259.1|15259.8|15232.3|15244.9|8608
2021.04.12 18:30:00|15244.3|15246.8|15222.8|15230.8|6383
2021.04.12 19:30:00|15230.8|15245.8|15227.8|15232.8|3797
2021.04.12 20:30:00|15232.8|15234.8|15221.8|15234|5015
2021.04.12 21:30:00|15233.8|15241.8|15227.8|15238.9|4826
2021.04.12 22:30:00|15238.8|15257.8|15235.8|15250.8|3291
2021.04.13 03:30:00|15245.4|15255.4|15243.3|15252.4|1500
2021.04.13 04:30:00|15252.4|15268.3|15250.3|15262.4|2091
2021.04.13 05:30:00|15262.4|15267.3|15258.3|15260.4|1236
2021.04.13 06:30:00|15260.4|15266.4|15255.3|15259.4|1119
2021.04.13 07:30:00|15259.4|15260.4|15236.3|15244.4|1801
2021.04.13 08:30:00|15244.4|15249.4|15237.3|15243.4|2763
2021.04.13 09:30:00|15243.4|15263.6|15236.6|15256.7|9155
2021.04.13 10:30:00|15256.7|15274.7|15245.6|15266.7|7172
2021.04.13 11:30:00|15266.7|15271.6|15258.7|15263.7|3541
2021.04.13 12:30:00|15264.6|15293.7|15261.7|15269.1|4798
2021.04.13 13:30:00|15269.1|15273.7|15192.6|15235.8|11254
2021.04.13 14:30:00|15236.6|15257.7|15230|15250.9|6299
2021.04.13 15:30:00|15251|15271.8|15243.6|15259.6|8473
2021.04.13 16:30:00|15259.7|15281.6|15243.6|15275.1|17418
2021.04.13 17:30:00|15275.1|15278.8|15247.6|15258.6|9921
2021.04.13 18:30:00|15257.8|15258.8|15237.1|15240.6|6959
2021.04.13 19:30:00|15240.6|15248.5|15231.2|15246.7|4204
2021.04.13 20:30:00|15246.9|15261.6|15244.6|15258.1|3115
2021.04.13 21:30:00|15258.1|15274.8|15256.6|15263.7|4441
2021.04.13 22:30:00|15263.8|15273.6|15253.7|15263.6|2846
2021.04.14 03:30:00|15256.15|15262.1|15244.1|15254.2|1739
2021.04.14 04:30:00|15253.7|15266.1|15246.1|15261.4|2697
2021.04.14 05:30:00|15261.1|15267.1|15251.1|15256.2|1714
2021.04.14 06:30:00|15256.3|15272.1|15255.4|15271.6|1000
2021.04.14 07:30:00|15271.4|15302.4|15271.1|15296.3|1360
2021.04.14 08:30:00|15297.1|15311.1|15278.1|15282.1|2781
2021.04.14 09:30:00|15281.3|15294.1|15225.4|15227.4|10364
2021.04.14 10:30:00|15227.5|15248.1|15218.1|15223.4|8035
2021.04.14 11:30:00|15222.7|15255.4|15222.7|15238.8|4875
2021.04.14 12:30:00|15238.7|15253.4|15217.6|15229.9|4585
2021.04.14 13:30:00|15229.6|15246.9|15224.35|15232.7|4383
2021.04.14 14:30:00|15233.4|15247.4|15217.4|15219.4|4038
2021.04.14 15:30:00|15219.7|15237.4|15199.5|15234.4|6363
2021.04.14 16:30:00|15233.7|15254.4|15219.4|15228.5|14590
2021.04.14 17:30:00|15229.4|15243.4|15211.4|15223.4|12373
2021.04.14 18:30:00|15225|15228.2|15206.4|15212.4|8280
2021.04.14 19:30:00|15212.4|15233.7|15212.4|15228.4|6179
2021.04.14 20:30:00|15228.4|15228.4|15184.4|15205.6|9887
2021.04.14 21:30:00|15206.4|15208.4|15176.4|15201.4|10039
2021.04.14 22:30:00|15201.4|15204|15181.4|15186.4|5122
2021.04.15 03:30:00|15194.9|15219.9|15189.8|15206.9|2311
2021.04.15 04:30:00|15207.1|15219.9|15194.8|15205.9|3518
2021.04.15 05:30:00|15205.9|15210.9|15196.9|15208.8|1926
2021.04.15 06:30:00|15208|15212.9|15202.8|15211.9|1057
2021.04.15 07:30:00|15211.9|15216.9|15205.8|15206.9|1013
2021.04.15 08:30:00|15206.9|15235.9|15204.8|15228.9|2694
2021.04.15 09:30:00|15227.8|15258.2|15226.8|15250.2|7987
2021.04.15 10:30:00|15250.3|15277.1|15250.1|15265.2|6945
2021.04.15 11:30:00|15265.2|15281.1|15251.1|15253.1|4486
2021.04.15 12:30:00|15252.2|15261.1|15243.1|15259.1|3649
2021.04.15 13:30:00|15260.1|15270.2|15240.3|15244.2|4118
2021.04.15 14:30:00|15244.2|15258.1|15238.5|15258.1|4106
2021.04.15 15:30:00|15257.8|15270.2|15247.1|15262.4|5964
2021.04.15 16:30:00|15262.2|15270.6|15247.1|15270.4|13524
2021.04.15 17:30:00|15270.4|15280.2|15262.2|15269.8|8441
2021.04.15 18:30:00|15268.8|15283.5|15260.1|15281.5|5622
2021.04.15 19:30:00|15281.3|15283.2|15268.1|15273.9|4665
2021.04.15 20:30:00|15274.1|15282.6|15271.1|15280.6|4575
2021.04.15 21:30:00|15280.7|15283.1|15267.1|15269.5|5254
2021.04.15 22:30:00|15269.5|15294.1|15269.1|15293.1|3846
2021.04.16 03:30:00|15282.25|15292.7|15276.1|15278.7|2044
2021.04.16 04:30:00|15278.8|15288.6|15271.6|15286.7|2863
2021.04.16 05:30:00|15286.7|15297.6|15283.2|15295.7|1449
2021.04.16 06:30:00|15295.7|15299.7|15285.7|15292.7|1027
2021.04.16 07:30:00|15293|15302.7|15286.7|15296|1168
2021.04.16 08:30:00|15295.8|15317.2|15289.5|15291.7|3311
2021.04.16 09:30:00|15291.8|15348.9|15270.4|15327.1|10418
2021.04.16 10:30:00|15327.9|15367.2|15316.4|15362.9|8042
2021.04.16 11:30:00|15362.9|15402.9|15356.9|15402.9|6495
2021.04.16 12:30:00|15401.9|15437.9|15400.1|15412.9|8273
2021.04.16 13:30:00|15412.9|15413.9|15377.5|15408.9|5387
2021.04.16 14:30:00|15409.1|15435.3|15409.1|15435|5115
2021.04.16 15:30:00|15434.9|15442.9|15419.9|15425.9|5356
2021.04.16 16:30:00|15424.9|15486.9|15417.9|15472.9|14452
2021.04.16 17:30:00|15472.9|15484.9|15452|15472|10975
2021.04.16 18:30:00|15472.9|15484.9|15462.9|15483.3|6872
2021.04.16 19:30:00|15483.4|15483.6|15469.3|15474.9|4222
2021.04.16 20:30:00|15474.9|15492|15474.9|15490.9|3901
2021.04.16 21:30:00|15491|15510.8|15490.9|15508.1|4061
2021.04.16 22:30:00|15508.3|15523.9|15505.9|15520.9|3386
2021.04.19 03:30:00|15482.5|15506.5|15482.5|15491.4|2188
2021.04.19 04:30:00|15492.4|15511.5|15481.4|15507.5|3160
2021.04.19 05:30:00|15507.5|15512.4|15493.5|15506.5|1388
2021.04.19 06:30:00|15506.5|15510.5|15496.5|15500.5|947
2021.04.19 07:30:00|15499.7|15504.7|15477|15486.5|1477
2021.04.19 08:30:00|15486.5|15501.5|15469.5|15495.5|3732
2021.04.19 09:30:00|15495.5|15512.7|15473.9|15477.9|10631
2021.04.19 10:30:00|15477.7|15489.9|15457.7|15459.7|7528
2021.04.19 11:30:00|15458.7|15477.7|15433.7|15438.7|4744
2021.04.19 12:30:00|15439.7|15466.7|15422.7|15463.7|4235
2021.04.19 13:30:00|15463|15469.7|15430.7|15456.7|5045
2021.04.19 14:30:00|15456.7|15463.7|15441.7|15444.7|5192
2021.04.19 15:30:00|15444.7|15459|15437.7|15447.7|5683
2021.04.19 16:30:00|15447.7|15453.1|15400.7|15413.9|18648
2021.04.19 17:30:00|15414.9|15419.9|15378.5|15399.7|21227
2021.04.19 18:30:00|15400.7|15402.7|15347|15380|14253
2021.04.19 19:30:00|15380|15383|15354|15377.4|10797
2021.04.19 20:30:00|15378|15388.5|15369|15385|6973
2021.04.19 21:30:00|15386|15395.2|15373|15382|6756
2021.04.19 22:30:00|15381.1|15397|15378|15392|3379
2021.04.20 03:30:00|15400.75|15409.4|15388.4|15403.4|1891
2021.04.20 04:30:00|15403.4|15412.4|15386.4|15404.4|3372
2021.04.20 05:30:00|15403.4|15411.4|15393.4|15409.4|1797
2021.04.20 06:30:00|15409.4|15410.4|15387.4|15389.4|1422
