2021.03.08 18:05:00|31299.29|31337.44|31275.31|31325.6|1170
2021.03.09 10:05:00|31178.54|31356.6|31151.73|31355.4|2788
2021.03.09 11:05:00|31355.02|31583.22|31355.02|31572.34|2556
2021.03.09 12:05:00|31571.35|31610.98|31535.14|31607.53|2279
2021.03.09 13:05:00|31607.08|31695.52|31606.46|31642.2|2095
2021.03.09 14:05:00|31642|31642|31580.95|31598.42|2171
2021.03.09 15:05:00|31601.17|31641.44|31576.43|31629.44|2035
2021.03.09 16:05:00|31629.99|31705.63|31600.47|31635.86|2621
2021.03.09 17:05:00|31634.52|31685.03|31577.13|31592.25|2686
2021.03.09 18:05:00|31592.87|31638.7|31580.1|31620.16|1180
2021.03.10 10:05:00|31520.28|31625.36|31487.24|31607.79|2781
2021.03.10 11:05:00|31607.31|31649.22|31583.43|31626.73|2281
2021.03.10 12:05:00|31630.39|31673.35|31597.68|31609.4|2170
2021.03.10 13:05:00|31610.69|31639.25|31557.17|31597.05|1932
2021.03.10 14:05:00|31596.81|31639.02|31580.58|31601.27|1850
2021.03.10 15:05:00|31601.5|31681.14|31573.1|31628.65|2102
2021.03.10 16:05:00|31628.35|31712.28|31612.21|31670.72|2516
2021.03.10 17:05:00|31670.83|31691.05|31555.95|31605.18|2467
2021.03.10 18:05:00|31606.05|31606.09|31544.12|31563.39|1071
2021.03.11 10:05:00|31663.94|31792.08|31635.53|31779.12|2764
2021.03.11 11:05:00|31779.29|31837.3|31766.9|31784.75|2427
2021.03.11 12:05:00|31784.31|31851.05|31777.03|31830.91|2170
2021.03.11 13:05:00|31830.44|31865.43|31803.96|31807.74|2027
2021.03.11 14:05:00|31807.65|31934.04|31796.77|31933.85|1998
2021.03.11 15:05:00|31934.15|31936.17|31873.89|31917.66|2216
2021.03.11 16:05:00|31917.2|31935.9|31870.21|31930.47|2489
2021.03.11 17:05:00|31930.71|31937.57|31857.28|31862.13|2380
2021.03.11 18:05:00|31861.84|31907.84|31847.61|31902.25|1087
2021.03.12 10:05:00|31737.26|31893.3|31727.35|31748.91|2411
2021.03.12 11:05:00|31749.95|31760.68|31700.21|31700.21|1985
2021.03.12 12:05:00|31700.88|31700.88|31634.28|31636.49|1814
2021.03.12 13:05:00|31636.27|31636.63|31581.14|31609.37|1612
2021.03.12 14:05:00|31608.3|31677.38|31607.65|31670.7|1469
2021.03.12 15:05:00|31671.32|31683.22|31644.32|31646.89|1597
2021.03.12 16:05:00|31647.66|31715.7|31581.03|31688.34|2146
2021.03.12 17:05:00|31688.78|31720.93|31662.8|31704.48|2068
2021.03.12 18:05:00|31705.07|31771.32|31703.97|31771.32|918
2021.03.15 10:05:00|31894.2|31939.58|31836.19|31869.52|2363
2021.03.15 11:05:00|31869.43|31903.07|31831.61|31877.33|2024
2021.03.15 12:05:00|31877.82|31883.82|31801.9|31805.37|1819
2021.03.15 13:05:00|31806.36|31855.22|31797.88|31824.02|1595
2021.03.15 14:05:00|31824.38|31826.66|31778.12|31818.13|1487
2021.03.15 15:05:00|31818.23|31880.53|31818.23|31874.67|1952
2021.03.15 16:05:00|31875.74|31889.38|31842.97|31852.16|2172
2021.03.15 17:05:00|31853.46|31868.75|31731.61|31781.48|2385
2021.03.15 18:05:00|31783.28|31822.42|31782.68|31814.8|1016
2021.03.16 10:05:00|31934.64|31965.06|31866.4|31933.81|2923
2021.03.16 11:05:00|31933.43|31990.09|31930.83|31985.14|2476
2021.03.16 12:05:00|31985.74|32046.11|31965.1|32040.76|2219
2021.03.16 13:05:00|32039.78|32084.91|32026.42|32067.61|2041
2021.03.16 14:05:00|32067.15|32152.52|32065.29|32111.59|2077
2021.03.16 15:05:00|32113.24|32174.77|32099.81|32119.78|2280
2021.03.16 16:05:00|32121.69|32176.04|32097.93|32103.59|2387
2021.03.16 17:05:00|32103.9|32156.76|32102.79|32117.02|2373
2021.03.16 18:05:00|32116.67|32118.05|32082.75|32104.9|1101
2021.03.17 10:05:00|32035.08|32083.09|31963.35|32004.43|2601
2021.03.17 11:05:00|32004.17|32029.17|31983.88|32024.33|2125
2021.03.17 12:05:00|32021.69|32031.64|31946.46|31961.56|2054
2021.03.17 13:05:00|31961.62|32002.03|31887.63|31916.96|2020
2021.03.17 14:05:00|31915.12|31957.12|31890.91|31919.36|1840
2021.03.17 15:05:00|31919.64|31919.64|31813.16|31865.15|2131
2021.03.17 16:05:00|31864.8|31903.25|31854.73|31859.95|2208
2021.03.17 17:05:00|31860.2|31889.56|31838.54|31862.95|2041
2021.03.17 18:05:00|31863.59|31884.95|31850.29|31865.64|966
2021.03.18 10:05:00|32094.15|32141.91|31919.67|31969.16|2789
2021.03.18 11:05:00|31969.75|32074.08|31941.82|32071.04|2344
2021.03.18 12:05:00|32070.54|32119.13|32063.13|32086.03|2074
2021.03.18 13:05:00|32085.4|32098.18|31970.93|31994.69|1921
2021.03.18 14:05:00|31994.2|32012.38|31932.46|31979.3|1869
2021.03.18 15:05:00|31979.48|31980.21|31877.17|31956.84|2112
2021.03.18 16:05:00|31957.27|31973.04|31917.95|31945.97|2297
2021.03.18 17:05:00|31946.67|32036.89|31942.84|32006.61|2267
2021.03.18 18:05:00|32006.99|32009.64|31979.57|31985.73|991
2021.03.19 10:05:00|31748.56|31891.45|31740.64|31880.69|2550
2021.03.19 11:05:00|31878.76|31897.41|31752.46|31764.02|2164
2021.03.19 12:05:00|31763.88|31768.4|31685.53|31704.73|2381
2021.03.19 13:05:00|31704.52|31750.3|31689.1|31744.54|1996
2021.03.19 14:05:00|31745|31785.71|31618.07|31658.59|2187
2021.03.19 15:05:00|31657.83|31664.2|31452.96|31454.1|2741
2021.03.19 16:05:00|31454.2|31679.74|31451.17|31653.81|2818
2021.03.19 17:05:00|31653.7|31675.34|31562.34|31648.25|2652
2021.03.19 18:05:00|31648.14|31673.35|31635.17|31668.49|1232
2021.03.22 10:05:00|31557.82|31660.24|31514.22|31635.49|3031
2021.03.22 11:05:00|31635.78|31636.57|31551.51|31612.01|2608
2021.03.22 12:05:00|31612.05|31677.87|31599.34|31677.87|2212
2021.03.22 13:05:00|31677.99|31720.82|31654.8|31663.48|2201
2021.03.22 14:05:00|31663.28|31703.48|31639.75|31692.19|2049
2021.03.22 15:05:00|31692.37|31766.73|31675.3|31732.97|2383
2021.03.22 16:05:00|31732.82|31789.58|31723.74|31734.83|2492
2021.03.22 17:05:00|31734.95|31796.15|31701.45|31760.95|2461
2021.03.22 18:05:00|31760.59|31825.38|31760.18|31825.1|1141
2021.03.23 10:05:00|31641.92|31736.85|31552.01|31727.1|2905
2021.03.23 11:05:00|31727.8|31731.77|31634.19|31638.73|2533
2021.03.23 12:05:00|31638.67|31779.75|31610.22|31774.8|2395
2021.03.23 13:05:00|31775.42|31861.12|31773.23|31837.8|2258
2021.03.23 14:05:00|31838.78|31867.43|31798.36|31867.43|2096
2021.03.23 15:05:00|31866.81|31922.53|31851.04|31879.56|2399
2021.03.23 16:05:00|31879.43|31890.5|31806.79|31829.42|2604
2021.03.23 17:05:00|31829.54|31849.09|31776.7|31807.4|2599
2021.03.23 18:05:00|31807.09|31807.26|31771.1|31786.56|1206
2021.03.24 10:05:00|31430.73|31722.47|31426.83|31709.43|2837
2021.03.24 11:05:00|31709.13|31746.05|31566.08|31580.55|2425
2021.03.24 12:05:00|31580.13|31599.71|31515|31540.8|2290
2021.03.24 13:05:00|31540.29|31573.22|31531.54|31564.98|1916
2021.03.24 14:05:00|31565.22|31603.73|31554.79|31576.21|1853
2021.03.24 15:05:00|31576.06|31580.02|31497.89|31529.46|2367
2021.03.24 16:05:00|31529.67|31542.66|31482.69|31518.29|2460
2021.03.24 17:05:00|31518.25|31561.43|31503.99|31529.24|2458
2021.03.24 18:05:00|31528.52|31543.07|31501.37|31505.93|1095
2021.03.25 10:05:00|31183.94|31344.64|31181.57|31277.89|2899
2021.03.25 11:05:00|31278.03|31293.17|31226.63|31260.63|2448
2021.03.25 12:05:00|31261.13|31283.96|31179.84|31242.98|2282
2021.03.25 13:05:00|31243.28|31268.28|31030.3|31052.71|2264
2021.03.25 14:05:00|31052.81|31064.82|30935.23|31013|2245
2021.03.25 15:05:00|31013.1|31075.46|30980.83|31074.71|2314
2021.03.25 16:05:00|31074.91|31107.26|31048.48|31078.39|2342
2021.03.25 17:05:00|31078.33|31263.33|31071.86|31254.74|2396
2021.03.25 18:05:00|31255.14|31306.85|31253.53|31274.04|1133
2021.03.26 10:05:00|31572.98|31652.2|31542.04|31652.13|2590
2021.03.26 11:05:00|31651.06|31654.59|31554.04|31557.82|2047
2021.03.26 12:05:00|31558|31615.68|31535.19|31596.05|1911
2021.03.26 13:05:00|31596.3|31616.81|31534.59|31565.54|1856
2021.03.26 14:05:00|31565.01|31583.67|31527.73|31570.32|1718
2021.03.26 15:05:00|31570.53|31636.33|31565.24|31629.96|1939
2021.03.26 16:05:00|31630.16|31651.9|31561.67|31583.4|2201
2021.03.26 17:05:00|31583.09|31595.88|31523.91|31582.55|2023
2021.03.26 18:05:00|31582.68|31584.8|31555.72|31570.75|921
2021.03.29 10:05:00|31715.19|31728.18|31578.51|31582.54|2117
2021.03.29 11:05:00|31581.92|31600.17|31549.81|31555.54|1722
2021.03.29 12:05:00|31554.84|31601.54|31551.15|31597.33|1600
2021.03.29 13:05:00|31597.47|31613.36|31572.86|31583.07|1595
2021.03.29 14:05:00|31583.28|31607.74|31569.65|31582.89|1486
2021.03.29 15:05:00|31582.7|31593.59|31531.65|31537.64|1574
2021.03.29 16:05:00|31537.13|31603.28|31537.13|31565.8|1872
2021.03.29 17:05:00|31566.06|31566.38|31445.98|31453.41|2071
2021.03.29 18:05:00|31454.79|31473.87|31440.3|31467.55|975
2021.03.30 10:05:00|31565.07|31631.32|31541.82|31625.8|2344
2021.03.30 11:05:00|31626.19|31634.5|31582.8|31603.14|2117
2021.03.30 12:05:00|31602.48|31653.57|31599.47|31646.33|1991
2021.03.30 13:05:00|31646.01|31669.48|31624.97|31627.52|1677
2021.03.30 14:05:00|31626.9|31633.93|31607.79|31621.78|1559
2021.03.30 15:05:00|31621.67|31658.29|31620.97|31635.94|1701
2021.03.30 16:05:00|31636.29|31688.15|31629.02|31679.85|2175
2021.03.30 17:05:00|31680.13|31749.52|31676.2|31729.03|2248
2021.03.30 18:05:00|31728.75|31742.37|31721.39|31740.43|1039
2021.03.31 10:05:00|31726.57|31891.89|31720.31|31891.16|2512
2021.03.31 11:05:00|31891.08|31899.73|31832.94|31892.56|1998
2021.03.31 12:05:00|31892.82|31905.18|31864.16|31872.88|1857
2021.03.31 13:05:00|31872.95|31907.93|31866.17|31867.16|1671
2021.03.31 14:05:00|31866.99|31878.1|31850.92|31851.12|1541
2021.03.31 15:05:00|31850.52|31850.52|31783.67|31793.94|1788
2021.03.31 16:05:00|31793.85|31832.28|31768.24|31801.7|2047
2021.03.31 17:05:00|31801.48|31817.62|31763.11|31765.72|2335
2021.03.31 18:05:00|31765.21|31789.32|31756.03|31772.09|1049
2021.04.01 10:05:00|31937.59|32148.99|31934.66|32111.9|2395
2021.04.01 11:05:00|32114.13|32128.49|32076.11|32119.63|2096
2021.04.01 12:05:00|32119.47|32132.46|32073.78|32115.61|1847
2021.04.01 13:05:00|32115.41|32139.07|32097.21|32138.39|1664
2021.04.01 14:05:00|32138.6|32175.97|32126.41|32155.03|1712
2021.04.01 15:05:00|32155.22|32232.66|32155.22|32207.44|1831
2021.04.01 16:05:00|32207.42|32219.62|32150.78|32217.71|2560
2021.04.01 17:05:00|32217.86|32298.29|32215.97|32254.24|2398
2021.04.01 18:05:00|32254.59|32275.18|32240.39|32270.9|1079
2021.04.06 10:05:00|32556.16|32556.16|32402.16|32412.94|2909
2021.04.06 11:05:00|32413|32455.73|32342.81|32396.55|2291
2021.04.06 12:05:00|32396.65|32410.82|32364.45|32385.2|2123
2021.04.06 13:05:00|32385.55|32441.05|32372.02|32416.46|1893
2021.04.06 14:05:00|32416.3|32463.17|32414.35|32414.52|1827
2021.04.06 15:05:00|32414.5|32456.3|32413.25|32436.2|1923
2021.04.06 16:05:00|32436|32485.9|32415.73|32475.32|2328
2021.04.06 17:05:00|32474.81|32480.95|32412.03|32449.33|2492
2021.04.06 18:05:00|32449.02|32479.4|32434.96|32479.4|1078
2021.04.07 10:05:00|32549.88|32572.98|32473.49|32571.07|2512
2021.04.07 11:05:00|32570.38|32598|32556.55|32584.3|2174
2021.04.07 12:05:00|32585.51|32597.04|32529.67|32542.57|1921
2021.04.07 13:05:00|32542.63|32580.23|32541.67|32553.05|1747
2021.04.07 14:05:00|32552.74|32565.65|32485.57|32488.37|1724
2021.04.07 15:05:00|32488.54|32506.27|32465.35|32474.05|1896
2021.04.07 16:05:00|32473.85|32519.52|32470.22|32517.85|2276
2021.04.07 17:05:00|32517.94|32560.08|32504.87|32507.04|2176
2021.04.07 18:05:00|32507|32508.22|32479.06|32485.87|1072
2021.04.08 10:05:00|32612.34|32674.81|32589.41|32620.09|2676
2021.04.08 11:05:00|32620.32|32641.4|32535.15|32582.81|2183
2021.04.08 12:05:00|32581.48|32585.4|32522.53|32563.79|1940
2021.04.08 13:05:00|32563.94|32591.38|32534.18|32542.3|1822
2021.04.08 14:05:00|32542.79|32604.59|32542.79|32593.68|1819
2021.04.08 15:05:00|32593.88|32598.29|32555.57|32562.65|1929
2021.04.08 16:05:00|32562.34|32589.31|32518.23|32561.83|2350
2021.04.08 17:05:00|32561.23|32592.87|32519.16|32591.06|2394
2021.04.08 18:05:00|32590.84|32632.13|32581.28|32632.13|1090
2021.04.09 10:05:00|32719.47|32836.95|32644.83|32825.72|2511
2021.04.09 11:05:00|32825.51|32859.17|32799.93|32832.92|2160
2021.04.09 12:05:00|32832.87|32837.86|32780.29|32831.41|1945
2021.04.09 13:05:00|32831.77|32844|32804.69|32809.56|1722
2021.04.09 14:05:00|32808.35|32821.07|32759.16|32764.4|1682
2021.04.09 15:05:00|32750.57|32760.83|32731.58|32758.17|1829
2021.04.09 16:05:00|32757.67|32780.27|32709.82|32716.41|2037
2021.04.09 17:05:00|32716.67|32748.99|32704.26|32706.4|2126
2021.04.09 18:05:00|32706.44|32738.8|32705.72|32720.51|1040
2021.04.12 10:05:00|32675.18|32739.95|32541.04|32541.04|2497
2021.04.12 11:05:00|32539.59|32539.59|32485.09|32533.18|2106
2021.04.12 12:05:00|32532.92|32622.04|32491.54|32609.17|1963
2021.04.12 13:05:00|32609.07|32646.06|32576.29|32594.98|1719
2021.04.12 14:05:00|32595.04|32632.15|32595.04|32622.08|1709
2021.04.12 15:05:00|32621.98|32624.32|32569.07|32570.34|1733
2021.04.12 16:05:00|32570.25|32572.56|32456.91|32469.8|2154
2021.04.12 17:05:00|32468.13|32504.34|32446.57|32485.97|2129
2021.04.12 18:05:00|32486.06|32500.77|32467.08|32497.88|1010
2021.04.13 10:05:00|32550.99|32738.13|32533.77|32737.01|2549
2021.04.13 11:05:00|32736.34|32746.98|32647.22|32676.38|2011
2021.04.13 12:05:00|32675.8|32708.81|32627.44|32665.54|1919
2021.04.13 13:05:00|32665.88|32669.27|32547.5|32557.21|1598
2021.04.13 14:05:00|32556.97|32642.14|32553.94|32614.77|1912
2021.04.13 15:05:00|32614.43|32726.87|32612.82|32693.73|1881
2021.04.13 16:05:00|32693.52|32735.3|32673.99|32685.79|2397
2021.04.13 17:05:00|32685.5|32733.89|32669.3|32673.94|2366
2021.04.13 18:05:00|32673.79|32693.07|32657.8|32660.44|1087
2021.04.14 10:05:00|32704.25|32727.79|32641.05|32714.64|2490
2021.04.14 11:05:00|32714.59|32730.78|32677.14|32728.16|2150
2021.04.14 12:05:00|32728.25|32771.44|32722.11|32755.07|1996
2021.04.14 13:05:00|32755.35|32771.98|32699.44|32743.65|1831
2021.04.14 14:05:00|32743.83|32765.63|32737.97|32747.23|1630
2021.04.14 15:05:00|32747.33|32797.67|32731.17|32772.77|1817
2021.04.14 16:05:00|32772.96|32824.17|32760.24|32804.56|2121
2021.04.14 17:05:00|32804.72|32820.53|32703.34|32713.58|2341
2021.04.14 18:05:00|32713.4|32714.45|32689.7|32710.53|1052
2021.04.15 10:05:00|32802.02|33004.22|32794.12|32973.4|2509
2021.04.15 11:05:00|32973.34|33001.64|32921.3|32922.54|2137
2021.04.15 12:05:00|32922.79|32941.23|32885.46|32929.75|1829
2021.04.15 13:05:00|32931.14|32987.83|32912.91|32987.62|1678
2021.04.15 14:05:00|32987.6|33000.25|32939.8|32961.31|1837
2021.04.15 15:05:00|32961.2|33034.91|32957.1|33007.95|1760
2021.04.15 16:05:00|33008.12|33066.44|33002.95|33016.58|2172
2021.04.15 17:05:00|33016.02|33088.5|33014.81|33043.89|2088
2021.04.15 18:05:00|33043.81|33056.58|33034.23|33034.23|1014
2021.04.16 10:05:00|33161.88|33228.03|33109.95|33162.02|2492
2021.04.16 11:05:00|33161.92|33241.05|33158.07|33226.46|2108
2021.04.16 12:05:00|33228.45|33345.7|33228.36|33286.3|2118
2021.04.16 13:05:00|33285.68|33287.5|33200.6|33209.56|1827
2021.04.16 14:05:00|33209.21|33264.8|33201.76|33256.79|1737
2021.04.16 15:05:00|33256.58|33276.3|33245.37|33250.8|1765
2021.04.16 16:05:00|33251.02|33263.16|33219.01|33237.14|2069
2021.04.16 17:05:00|33237.31|33286.82|33234.19|33260.52|2126
2021.04.16 18:05:00|33260.32|33275.26|33254.82|33263.4|1043
2021.04.19 10:05:00|33324.9|33365.47|33274.76|33317.95|2452
2021.04.19 11:05:00|33318.22|33375.16|33306.94|33344.51|2039
2021.04.19 12:05:00|33344.57|33344.73|33275.37|33287.5|2080
2021.04.19 13:05:00|33287.64|33314.15|33235.95|33248.47|1769
2021.04.19 14:05:00|33248.16|33325.54|33245.7|33261.26|1789
2021.04.19 15:05:00|33260.39|33261.64|33209.76|33209.76|1950
2021.04.19 16:05:00|33209.23|33269.63|33179.86|33179.86|2093
2021.04.19 17:05:00|33180.49|33180.49|33094.25|33118.05|2203
2021.04.19 18:05:00|33117.91|33134.25|33097.42|33131.28|1000
2021.04.20 10:05:00|33090.09|33178.72|32989.7|32989.7|2574
2021.04.20 11:05:00|32989.07|33015.96|32933.8|32954.38|2201
2021.04.20 12:05:00|32954.63|32954.63|32802.16|32830.41|2256
2021.04.20 13:05:00|32830.69|32907.68|32817.72|32824.62|1988
2021.04.20 14:05:00|32824.52|32833.7|32766.47|32783.97|1883
2021.04.20 15:05:00|32784.32|32796.62|32736.51|32771.34|1897
2021.04.20 16:05:00|32771.64|32809.59|32741.68|32742.29|2368
2021.04.20 17:05:00|32742.49|32744.71|32484.42|32523.62|2683
2021.04.20 18:05:00|32524.22|32570.61|32507.32|32514.61|1206
2021.04.21 10:05:00|32677.82|32689.19|32491.01|32595.77|2652
2021.04.21 11:05:00|32595.35|32595.35|32454.37|32467.3|2225
2021.04.21 12:05:00|32467.41|32472.85|32349.38|32355.78|2113
2021.04.21 13:05:00|32356.12|32494.44|32326.54|32483.94|1994
2021.04.21 14:05:00|32483.63|32484|32355.24|32357.84|1902
2021.04.21 15:05:00|32356.5|32357.88|32280.7|32282.23|2220
2021.04.21 16:05:00|32282.03|32415.73|32230|32412.66|2700
2021.04.21 17:05:00|32413|32525.64|32404.6|32519.99|2456
2021.04.21 18:05:00|32521.05|32533.47|32504.94|32522.56|1082
2021.04.22 10:05:00|32630.64|32699.59|32613.97|32650.03|2552
2021.04.22 11:05:00|32649.63|32719.28|32625.53|32688.32|2145
2021.04.22 12:05:00|32688.47|32793|32688.47|32784.26|1954
2021.04.22 13:05:00|32784.2|32785.17|32694.18|32696.89|1847
2021.04.22 14:05:00|32697.09|32744|32687.43|32703.02|1780
2021.04.22 15:05:00|32703.12|32754.32|32695.51|32725.29|1970
2021.04.22 16:05:00|32726|32753.25|32670.85|32676.41|2379
2021.04.22 17:05:00|32676.6|32831.93|32676.44|32802.25|2415
2021.04.22 18:05:00|32802.08|32860.4|32802.08|32858.21|1090
2021.04.23 10:05:00|32775.92|32804.18|32672.46|32796.02|2569
2021.04.23 11:05:00|32795.71|32795.71|32725.9|32774.94|1936
2021.04.23 12:05:00|32775.39|32780.02|32680.33|32705.18|1814
2021.04.23 13:05:00|32705.39|32766.1|32687.35|32733.03|1744
2021.04.23 14:05:00|32733.42|32733.42|32692.02|32700.82|1604
2021.04.23 15:05:00|32700.92|32703.99|32606.17|32614.01|1780
2021.04.23 16:05:00|32612.73|32702.71|32595.55|32698.28|2164
2021.04.23 17:05:00|32697.72|32735.14|32677.77|32711.73|2121
2021.04.23 18:05:00|32711.99|32736.65|32706.07|32730.33|926
2021.04.26 10:05:00|32832.16|33015.58|32831.76|33015.19|2584
2021.04.26 11:05:00|33015.14|33023.21|32866.93|32912.59|2175
2021.04.26 12:05:00|32912.75|32959.99|32852.92|32860.4|1979
2021.04.26 13:05:00|32860.03|32922.43|32840.86|32858.61|1638
2021.04.26 14:05:00|32859.1|32948.55|32859.1|32940.35|1590
2021.04.26 15:05:00|32940.26|32951.22|32914.3|32924.44|1550
2021.04.26 16:05:00|32924.13|33016.61|32921.26|32982.58|2170
2021.04.26 17:05:00|32982.24|33025.21|32956.82|32977.03|2249
2021.04.26 18:05:00|32977.66|33025.55|32977.66|33011.97|1024
2021.04.27 10:05:00|32940.04|33075.26|32939.92|33039.53|2519
2021.04.27 11:05:00|33039.73|33050.03|32994.99|33026.01|2134
2021.04.27 12:05:00|33026.1|33037.07|32940.87|32972.75|2148
2021.04.27 13:05:00|32972.88|33060.18|32969.38|33011.51|2042
2021.04.27 14:05:00|33011.44|33023.83|32948.1|32962.41|1885
2021.04.27 15:05:00|32962.6|33023.73|32962.2|32991.36|1857
2021.04.27 16:05:00|32991.98|33001|32949.1|32987.36|2282
2021.04.27 17:05:00|32987.82|33048.99|32979.65|33026.57|2260
2021.04.27 18:05:00|33026.43|33064.01|33025.82|33035.34|982
2021.04.28 10:05:00|33111.85|33111.85|32919.54|32962.26|2566
2021.04.28 11:05:00|32961.71|33056.26|32921.75|33038.24|2344
2021.04.28 12:05:00|33038.86|33069.15|32974.37|32980.87|2246
2021.04.28 13:05:00|32981.36|33057.67|32975|33044.23|2000
2021.04.28 14:05:00|33044.53|33070.25|32997.19|33022.97|1972
2021.04.28 15:05:00|33022.86|33030.73|32969.75|32980.61|1925
2021.04.28 16:05:00|32981.4|33065.48|32933.99|33044.87|2277
2021.04.28 17:05:00|33044.95|33067.91|32981.71|32986.94|2312
2021.04.28 18:05:00|32987.65|32987.65|32942.91|32959.15|1075
2021.04.29 10:05:00|33121.16|33234.07|33069.72|33229.12|2899
2021.04.29 11:05:00|33228.78|33230.62|33110.91|33112.16|2452
2021.04.29 12:05:00|33112.04|33112.21|33043.32|33070.78|2318
2021.04.29 13:05:00|33070.65|33111.95|33047.04|33083.52|2088
2021.04.29 14:05:00|33083.89|33091.44|33011.78|33019.73|1900
2021.04.29 15:05:00|33019.86|33038.16|32991.97|33008.56|2120
2021.04.29 16:05:00|33008.46|33014.37|32843.46|32848.8|2588
2021.04.29 17:05:00|32847.62|32866.76|32637.35|32730.11|2765
2021.04.29 18:05:00|32729.81|32791.67|32729.81|32762.11|1145
2021.04.30 10:05:00|32810.42|32862.87|32790.33|32820.66|2591
2021.04.30 11:05:00|32820.43|32848.3|32758.3|32781.54|2167
2021.04.30 12:05:00|32781.85|32811.64|32731.11|32768.45|1956
2021.04.30 13:05:00|32769.1|32769.1|32674.73|32709.68|1903
2021.04.30 14:05:00|32709.48|32735.34|32677.67|32733.68|1650
2021.04.30 15:05:00|32733.63|32770.32|32729.87|32761.28|1709
2021.04.30 16:05:00|32763.55|32864.36|32756|32863.75|2176
2021.04.30 17:05:00|32863.27|32870.96|32744.78|32744.82|2390
2021.04.30 18:05:00|32743.21|32743.21|32700.63|32713.7|1115
2021.05.03 10:05:00|32685.72|32869.02|32685.72|32793.8|2449
2021.05.03 11:05:00|32793.39|32838.86|32770.95|32794.92|2075
2021.05.03 12:05:00|32794.37|32794.37|32635.84|32716.79|1913
2021.05.03 13:05:00|32715.81|32840.81|32704.61|32828.12|1428
2021.05.03 14:05:00|32827.77|32913.49|32826.86|32894.22|1527
2021.05.03 15:05:00|32894.36|32916.58|32865.48|32910.88|1661
2021.05.03 16:05:00|32911.09|32935.51|32887.33|32893.48|1936
2021.05.03 17:05:00|32893.69|32963.01|32872.95|32872.95|2042
2021.05.03 18:05:00|32873.49|32893.88|32868.85|32886.57|946
2021.05.04 10:05:00|32787.62|32860.77|32714.27|32745.48|2820
2021.05.04 11:05:00|32746.41|32755.55|32642.48|32644.82|2609
2021.05.04 12:05:00|32644.18|32709.95|32624.88|32707.6|2279
2021.05.04 13:05:00|32708.25|32753.41|32701.48|32714.09|2019
2021.05.04 14:05:00|32713.88|32714.08|32422.03|32448.98|2406
2021.05.04 15:05:00|32448.95|32459.39|32302.64|32302.73|2558
2021.05.04 16:05:00|32302.79|32411.69|32115.53|32118.91|2967
2021.05.04 17:05:00|32118.15|32199.98|32050.77|32071.52|2990
2021.05.04 18:05:00|32070.06|32080.52|32018.74|32024.78|1269
2021.05.05 10:05:00|32284.7|32405.02|32216.26|32341.59|2872
2021.05.05 11:05:00|32341.75|32411.06|32301.56|32373.82|2410
2021.05.05 12:05:00|32375.61|32425.74|32363.46|32365.13|2146
2021.05.05 13:05:00|32365|32385.67|32344.89|32352.53|1985
2021.05.05 14:05:00|32352.84|32407.03|32344.69|32407.03|2076
2021.05.05 15:05:00|32407.19|32447.12|32398.51|32430.04|2191
2021.05.05 16:05:00|32429.9|32573.72|32428.57|32474.38|2653
2021.05.05 17:05:00|32474.16|32497.73|32431.33|32467.15|2445
2021.05.05 18:05:00|32466.97|32528.51|32462.59|32526.15|1177
2021.05.06 10:05:00|32531.57|32656.74|32480.62|32564.29|2916
2021.05.06 11:05:00|32564.78|32612.56|32464.71|32495.97|2597
2021.05.06 12:05:00|32493.34|32516.7|32319.86|32383.68|2647
2021.05.06 13:05:00|32382.94|32428.31|32362.65|32398.11|2240
2021.05.06 14:05:00|32398.21|32408.52|32283.51|32292.13|2350
2021.05.06 15:05:00|32291.42|32300.69|32223.76|32276.63|2335
2021.05.06 16:05:00|32276.51|32324.85|32194.92|32220.52|2620
2021.05.06 17:05:00|32220.36|32283.05|32158.18|32231.44|2786
2021.05.06 18:05:00|32230.82|32274.82|32195.05|32274.43|1168
2021.05.07 10:05:00|32560.86|32574.53|32368.72|32378.74|2743
2021.05.07 11:05:00|32379.4|32461.04|32378.11|32447.99|2222
2021.05.07 12:05:00|32447.75|32488.15|32408.81|32457.01|2040
2021.05.07 13:05:00|32456.49|32520.06|32454.88|32512.89|1775
2021.05.07 14:05:00|32513.68|32524.52|32458.25|32473.9|1798
2021.05.07 15:05:00|32474.84|32605.2|32398.19|32603.7|2241
2021.05.07 16:05:00|32603.56|32603.74|32492.23|32588.01|2512
2021.05.07 17:05:00|32588.14|32627.46|32582.01|32610.09|2331
2021.05.07 18:05:00|32609.94|32629.73|32608.51|32628.6|1056
2021.05.10 10:05:00|32600.77|32600.77|32445.48|32518.95|2482
2021.05.10 11:05:00|32518.81|32554.27|32508.27|32539.31|2094
2021.05.10 12:05:00|32538|32621.16|32515.6|32562.91|1950
2021.05.10 13:05:00|32563.06|32566.5|32502.96|32523.87|1799
2021.05.10 14:05:00|32524.37|32532.57|32485.51|32504.29|1887
2021.05.10 15:05:00|32504.82|32561.56|32502.85|32529.34|1923
2021.05.10 16:05:00|32529.26|32533.62|32420.66|32427.97|2382
2021.05.10 17:05:00|32427.66|32475.22|32393.58|32398.62|2487
2021.05.10 18:05:00|32398.7|32439.54|32398.06|32439.3|1115
2021.05.11 10:05:00|31998.51|32001.59|31721.75|31721.75|3100
2021.05.11 11:05:00|31720.35|31720.35|31627|31656.32|2605
2021.05.11 12:05:00|31656.5|31691.4|31585.17|31585.22|2409
2021.05.11 13:05:00|31585.41|31604.94|31494.51|31513.82|2313
2021.05.11 14:05:00|31513.67|31551.55|31489.47|31510.97|2389
2021.05.11 15:05:00|31511.21|31518.4|31399.32|31454.52|2448
2021.05.11 16:05:00|31454.79|31726.57|31413.45|31721.87|2954
2021.05.11 17:05:00|31722.31|31729.31|31515.97|31603.57|2861
2021.05.11 18:05:00|31603.02|31754.1|31592.12|31742.95|1295
2021.05.12 10:05:00|31877.22|31914.29|31754.56|31836.33|2933
2021.05.12 11:05:00|31836.23|31841.71|31722.86|31757.23|2652
2021.05.12 12:05:00|31757.42|31808.15|31728.3|31764.39|2486
2021.05.12 13:05:00|31764.58|31882.81|31759.47|31828.9|2218
2021.05.12 14:05:00|31829.97|31862.94|31813.66|31852.83|2055
2021.05.12 15:05:00|31853.7|31862.16|31676.57|31759.59|2537
2021.05.12 16:05:00|31759.24|31801.15|31683.29|31725.44|2740
2021.05.12 17:05:00|31724.64|31765.1|31639.69|31664.14|2775
2021.05.12 18:05:00|31664.73|31674.68|31625.31|31631.33|1251
2021.05.13 10:05:00|31275.52|31342.04|31034.12|31076.17|2690
2021.05.13 11:05:00|31076.27|31271.58|31062.45|31271.27|2368
2021.05.13 12:05:00|31269.79|31326.94|31228.16|31308.27|1883
2021.05.13 13:05:00|31308.05|31379.8|31283.64|31379.67|1634
2021.05.13 14:05:00|31379.8|31548.27|31352.95|31548.26|1759
2021.05.13 15:05:00|31548.66|31665.99|31548.66|31658.44|1950
2021.05.13 16:05:00|31658.34|31810.71|31652.2|31808.72|2259
2021.05.13 17:05:00|31808.86|31824.47|31760.01|31776.57|2168
2021.05.13 18:05:00|31776.08|31776.75|31684.01|31684.01|1116
2021.05.14 10:05:00|31940.26|31942.96|31734.36|31809.01|2614
2021.05.14 11:05:00|31810.82|31815.05|31761.31|31804.1|2195
2021.05.14 12:05:00|31803.84|31910.33|31802.32|31897.69|2120
2021.05.14 13:05:00|31898.43|31935.03|31888.83|31923.99|1867
2021.05.14 14:05:00|31924.3|31942.54|31901.18|31921.18|1832
2021.05.14 15:05:00|31921.05|31921.05|31859.3|31901.81|1885
2021.05.14 16:05:00|31902.23|31955.32|31875.67|31937.84|2320
2021.05.14 17:05:00|31938.3|32106.63|31938.15|32066.73|2538
2021.05.14 18:05:00|32066.82|32127.54|32066.53|32121.7|1207
2021.05.17 10:05:00|32376.24|32381.36|32061.51|32088.87|2603
2021.05.17 11:05:00|32087.47|32175.61|32085.02|32167.2|2044
2021.05.17 12:05:00|32166.7|32222.63|32129.82|32132.67|1846
2021.05.17 13:05:00|32133.17|32165.82|32107.58|32115.28|1631
2021.05.17 14:05:00|32115.48|32157.3|32082.71|32108.67|1595
2021.05.17 15:05:00|32108.57|32185.88|32099.83|32185.04|1794
2021.05.17 16:05:00|32185.22|32252.38|32147.48|32149.54|2235
2021.05.17 17:05:00|32149.63|32223.27|32119.42|32131.87|2303
2021.05.17 18:05:00|32131.83|32147.15|32100.91|32143.6|991
2021.05.18 10:05:00|32324|32381.54|32268.74|32319.01|2489
2021.05.18 11:05:00|32318.69|32318.69|32202.39|32223.89|2133
2021.05.18 12:05:00|32224.39|32261.43|32204.78|32257.08|1956
2021.05.18 13:05:00|32257.34|32289.23|32247.62|32265.32|1610
2021.05.18 14:05:00|32265.58|32273.37|32219.34|32237.81|1738
2021.05.18 15:05:00|32237.99|32280.98|32235.04|32252.44|1924
2021.05.18 16:05:00|32251.69|32259.22|32162.38|32217.73|2306
2021.05.18 17:05:00|32218.04|32325.72|32209.18|32275.96|2444
2021.05.18 18:05:00|32275.54|32306.94|32269.09|32301.97|1045
2021.05.19 10:05:00|31857.69|31998.94|31834.43|31907.69|2561
2021.05.19 11:05:00|31907.34|31939.25|31745.02|31820.88|2129
2021.05.19 12:05:00|31820.46|31924.83|31819.86|31867.88|2004
2021.05.19 13:05:00|31868.02|31923.61|31858.7|31885.16|1792
2021.05.19 14:05:00|31885.06|31889.98|31646.38|31677.04|2323
2021.05.19 15:05:00|31676.15|31742.82|31586.39|31591.31|2219
2021.05.19 16:05:00|31591.2|31711.04|31584.7|31591.33|2538
2021.05.19 17:05:00|31594.15|31813.43|31578.14|31809.5|2650
2021.05.19 18:05:00|31809.98|31892.59|31808.67|31873.5|1191
2021.05.20 10:05:00|32034.31|32131.85|31970.96|32105.96|2603
2021.05.20 11:05:00|32106.24|32120.95|31950.03|31954.25|2179
2021.05.20 12:05:00|31954.51|31983.58|31877.96|31971.2|1999
2021.05.20 13:05:00|31971.38|32105.13|31971.38|32095.45|1822
2021.05.20 14:05:00|32095.38|32137.37|32067.17|32132.59|2006
2021.05.20 15:05:00|32132.68|32164|32124.09|32128.05|1907
2021.05.20 16:05:00|32127.74|32254.52|32127.2|32245.57|2461
2021.05.20 17:05:00|32245.34|32275.13|32229.12|32256.37|2467
2021.05.20 18:05:00|32255.57|32307.16|32249.4|32305.26|1138
2021.05.21 10:05:00|32377.44|32418.57|32322.68|32367.57|2672
2021.05.21 11:05:00|32369.07|32408.49|32319.65|32403.69|2266
2021.05.21 12:05:00|32405.32|32525.22|32374.54|32463.43|2358
2021.05.21 13:05:00|32463.23|32463.23|32378.05|32394.76|1884
2021.05.21 14:05:00|32395.06|32453.39|32394.63|32438.01|1822
2021.05.21 15:05:00|32438.21|32460.32|32431.23|32437.12|1933
2021.05.21 16:05:00|32437.47|32515.49|32420.47|32487.96|2397
2021.05.21 17:05:00|32487.86|32496.02|32438.64|32438.64|2476
2021.05.21 18:05:00|32439.17|32454.62|32436.93|32446.07|1165
2021.05.25 10:05:00|32712.08|32786.92|32686.43|32765.02|2731
2021.05.25 11:05:00|32765.39|32829.93|32715.01|32807.48|2460
2021.05.25 12:05:00|32807.92|32845.96|32792.18|32835.05|2330
2021.05.25 13:05:00|32834.7|32835|32761.39|32765.88|1958
2021.05.25 14:05:00|32765.38|32815.14|32765|32771.88|1945
2021.05.25 15:05:00|32772.1|32780.96|32736.45|32752.94|2074
2021.05.25 16:05:00|32752.63|32763.32|32686.64|32689.57|2570
2021.05.25 17:05:00|32690.09|32760.27|32677.25|32722.42|2419
2021.05.25 18:05:00|32723.01|32755.53|32720.36|32726.07|1132
2021.05.26 10:05:00|32863.82|32946.33|32817.97|32915.35|2539
2021.05.26 11:05:00|32915.67|32937.87|32800.67|32814.82|2141
2021.05.26 12:05:00|32814.76|32851.79|32798.94|32807.68|2092
2021.05.26 13:05:00|32807.91|32858.89|32807.55|32842.73|1727
2021.05.26 14:05:00|32842.65|32842.71|32742.43|32768.91|1879
2021.05.26 15:05:00|32769.41|32856.89|32767.44|32848.4|1919
2021.05.26 16:05:00|32848.53|32848.71|32784.64|32838.28|2154
2021.05.26 17:05:00|32838.36|32846.39|32776.35|32791.39|2288
2021.05.26 18:05:00|32791.98|32798.67|32774.1|32785.33|1030
2021.05.27 10:05:00|32904.5|32985.71|32854.51|32977.76|2837
2021.05.27 11:05:00|32977.96|32994|32879.45|32897.89|2252
2021.05.27 12:05:00|32897.44|32915.24|32868.58|32881.9|2010
2021.05.27 13:05:00|32882.12|32903.41|32855.11|32902.68|1877
2021.05.27 14:05:00|32902.98|33030.19|32900.75|32985.89|1926
2021.05.27 15:05:00|32985.54|32991.9|32897.63|32991.9|2061
2021.05.27 16:05:00|32992.01|33041.25|32983.45|33032.36|2624
2021.05.27 17:05:00|33032.67|33087.57|33006.12|33057.66|2435
2021.05.27 18:05:00|33057.47|33079.64|33009.62|33009.62|1165
2021.05.28 10:05:00|33089.81|33234.52|33089.34|33234.38|2519
2021.05.28 11:05:00|33234.51|33246.12|33203.1|33222.94|2103
2021.05.28 12:05:00|33221.39|33260.06|33203|33239.14|2022
2021.05.28 13:05:00|33237.65|33291.17|33184.36|33291.17|1742
2021.05.28 14:05:00|33292.15|33296.76|33243.09|33271.12|1782
2021.05.28 15:05:00|33271.29|33332.72|33262.05|33319.53|1764
2021.05.28 16:05:00|33319.22|33389.88|33311.34|33378.08|2222
2021.05.28 17:05:00|33378.18|33378.52|33305.53|33306.71|2141
2021.05.28 18:05:00|33307.01|33326.8|33299.53|33310.27|1001
2021.05.31 10:05:00|33260.96|33343.26|33252.67|33307.07|1915
2021.05.31 11:05:00|33307.72|33349.88|33295.42|33309.1|1451
2021.05.31 12:05:00|33309.16|33332.41|33283.51|33311.46|1357
2021.05.31 13:05:00|33311.57|33319.71|33270.34|33284.68|1057
2021.05.31 14:05:00|33284.62|33297.92|33276.33|33288.66|1182
2021.05.31 15:05:00|33288.83|33329.86|33287.99|33310.06|1152
2021.05.31 16:05:00|33309.99|33313.53|33283.21|33306.72|1319
2021.05.31 17:05:00|33306.9|33309.41|33249.32|33249.32|1479
2021.05.31 18:05:00|33249.45|33253.83|33188.4|33188.4|805
2021.06.01 10:05:00|33335.2|33472.33|33298.79|33465.18|2345
2021.06.01 11:05:00|33465.47|33535.92|33446.81|33524.35|2084
2021.06.01 12:05:00|33524.66|33554.72|33519.27|33521.1|1927
2021.06.01 13:05:00|33519.13|33590.19|33515.12|33589.87|1718
2021.06.01 14:05:00|33590.03|33667.27|33583.46|33660.61|1636
2021.06.01 15:05:00|33660.47|33676.86|33647.35|33653.31|1860
2021.06.01 16:05:00|33653.62|33654.99|33574.44|33596.42|2367
2021.06.01 17:05:00|33596.47|33611.44|33540.53|33567.07|2415
2021.06.01 18:05:00|33567.33|33575.74|33557.56|33560.45|1019
2021.06.02 10:05:00|33688.73|33699.74|33482.37|33508.93|2615
2021.06.02 11:05:00|33509.39|33542.01|33474.3|33518.72|2060
2021.06.02 12:05:00|33518.46|33574.67|33512.44|33559.17|1893
2021.06.02 13:05:00|33558.71|33578.54|33530.03|33564.35|1785
2021.06.02 14:05:00|33563.47|33570.19|33459.45|33470.44|2039
2021.06.02 15:05:00|33471.5|33497.42|33455.62|33481.52|2240
2021.06.02 16:05:00|33481.87|33508.24|33451.56|33452.86|2339
2021.06.02 17:05:00|33453|33471.23|33432.67|33438.04|2303
2021.06.02 18:05:00|33438.23|33452.2|33433.53|33444.91|1049
2021.06.03 10:05:00|33432.56|33470.82|33410.31|33453.78|2283
2021.06.03 11:05:00|33453.65|33471.38|33435.42|33440.37|1848
2021.06.03 12:05:00|33439.96|33446.8|33401.79|33402.88|1499
2021.06.03 13:05:00|33402.84|33402.84|33312.97|33317.89|1700
2021.06.03 14:05:00|33317.62|33342.79|33266.05|33271.87|1668
2021.06.03 15:05:00|33272.19|33391.61|33266.07|33360.34|1716
2021.06.03 16:05:00|33360.43|33429.66|33318.59|33396.52|2281
2021.06.03 17:05:00|33396.87|33471.34|33396.34|33469.73|2252
2021.06.03 18:05:00|33469.91|33485.73|33456.32|33459.98|1044
2021.06.04 10:05:00|33483.82|33589.64|33481.98|33538.22|2429
2021.06.04 11:05:00|33538.08|33539.68|33445.14|33461.68|2187
2021.06.04 12:05:00|33461.99|33486.34|33436.17|33477.72|1764
2021.06.04 13:05:00|33477.35|33503.27|33436.33|33502.59|1583
2021.06.04 14:05:00|33502.5|33547.97|33498.29|33547.97|1837
2021.06.04 15:05:00|33547.74|33601.56|33524.77|33597.55|1892
2021.06.04 16:05:00|33598.23|33652.67|33589.95|33645.12|2293
2021.06.04 17:05:00|33645.47|33713.27|33637.75|33680.94|2183
2021.06.04 18:05:00|33680.23|33695.41|33666.23|33674.94|1013
2021.06.07 10:05:00|33644.52|33658.71|33520.71|33610.39|2361
2021.06.07 11:05:00|33610.77|33692.2|33604.51|33692.2|2071
2021.06.07 12:05:00|33692.53|33704.48|33657.96|33704.21|1679
2021.06.07 13:05:00|33704.46|33777.99|33704.12|33774.38|1570
2021.06.07 14:05:00|33774.59|33790.58|33757.84|33786.17|1607
2021.06.07 15:05:00|33786.23|33809.53|33772.76|33796.3|1598
2021.06.07 16:05:00|33795.77|33922.86|33786|33898.88|2073
2021.06.07 17:05:00|33899|33943.54|33889.26|33943.27|2292
2021.06.07 18:05:00|33943.19|33982.2|33938.43|33955.44|1114
2021.06.08 10:05:00|33896.26|33955.26|33885.42|33953.48|2627
2021.06.08 11:05:00|33953.18|33955.41|33910.34|33953.15|2265
2021.06.08 12:05:00|33953.31|33989.87|33919.57|33919.81|1973
2021.06.08 13:05:00|33918.83|33930.92|33863.99|33906.28|1791
2021.06.08 14:05:00|33906.54|33958.8|33904.44|33930.63|1678
2021.06.08 15:05:00|33930.53|33986.87|33926.98|33984.16|2092
2021.06.08 16:05:00|33984.3|33995.31|33929.19|33938.68|2396
2021.06.08 17:05:00|33938.73|33943.36|33874.03|33874.03|2612
2021.06.08 18:05:00|33874.15|33875.51|33798.9|33805.95|1048
2021.06.09 10:05:00|33804.72|33854.74|33790.52|33828.68|2242
2021.06.09 11:05:00|33828.37|33838.07|33773.58|33829.02|2104
2021.06.09 12:05:00|33829.67|33830.58|33747.49|33809.76|2041
2021.06.09 13:05:00|33810.2|33820.5|33760.05|33760.05|1720
2021.06.09 14:05:00|33759.56|33797.72|33721.59|33786.98|1855
2021.06.09 15:05:00|33787.33|33826.71|33776.86|33797.85|1853
2021.06.09 16:05:00|33797.5|33804.02|33725.9|33733.72|2338
2021.06.09 17:05:00|33733.4|33782.98|33722.04|33771.39|2351
2021.06.09 18:05:00|33771.19|33801.63|33762.95|33795.13|1147
2021.06.10 10:05:00|33834.29|33856.82|33686.8|33744.68|2502
2021.06.10 11:05:00|33745.15|33810.57|33732.68|33809.77|2096
2021.06.10 12:05:00|33807.86|33810.19|33746.36|33771.07|1950
2021.06.10 13:05:00|33771.23|33773.84|33712.13|33721.23|1684
2021.06.10 14:05:00|33721.58|33727.78|33607.17|33660.46|1832
2021.06.10 15:05:00|33660.92|33705.58|33617.92|33701.62|1905
2021.06.10 16:05:00|33701.29|33824.47|33693.69|33804.71|2260
2021.06.10 17:05:00|33804.6|33819.88|33687.2|33721.18|2441
2021.06.10 18:05:00|33720.68|33758.85|33717.87|33756.5|1040
2021.06.11 10:05:00|33767.7|33853.23|33760.97|33816.17|2356
2021.06.11 11:05:00|33816.53|33886.64|33816.34|33877.52|1844
2021.06.11 12:05:00|33877.73|33886.57|33848.53|33866.86|1658
2021.06.11 13:05:00|33867.41|33970.98|33861.74|33963.69|1613
2021.06.11 14:05:00|33964.04|33977.32|33913.43|33938.67|1639
2021.06.11 15:05:00|33938.78|34015.52|33927.69|34010.82|1673
2021.06.11 16:05:00|34007.24|34045.32|33999.44|34040.81|2009
2021.06.11 17:05:00|34040.69|34058.13|33971.29|33976.89|2041
2021.06.11 18:05:00|33977.12|34018.66|33976.66|34006.17|951
2021.06.14 10:05:00|34165.85|34252.06|34165.85|34236.48|2324
2021.06.14 11:05:00|34236.71|34258.58|34195.9|34225.69|2095
2021.06.14 12:05:00|34225.48|34254.37|34203.36|34233.28|1844
2021.06.14 13:05:00|34232.35|34256.05|34223.4|34241.33|1583
2021.06.14 14:05:00|34241.42|34250.06|34209.82|34239.13|1567
2021.06.14 15:05:00|34239.48|34258.77|34217.27|34225.87|1654
2021.06.14 16:05:00|34226.02|34257.73|34204.42|34223.34|2140
2021.06.14 17:05:00|34223.38|34248.72|34201.56|34233.25|2003
2021.06.14 18:05:00|34233.95|34235.6|34198.38|34205.17|987
2021.06.15 10:05:00|34290.33|34341.52|34234.74|34328.91|2212
2021.06.15 11:05:00|34329.75|34330.69|34249.84|34255.48|2084
2021.06.15 12:05:00|34256.38|34259.62|34198.92|34200.35|1978
2021.06.15 13:05:00|34200.12|34227.26|34170.94|34212.61|1710
2021.06.15 14:05:00|34212.79|34244.96|34199.78|34223.62|1601
2021.06.15 15:05:00|34223.53|34226.35|34194.39|34207.83|1901
2021.06.15 16:05:00|34207.66|34208.66|34136.55|34168.98|2354
2021.06.15 17:05:00|34169.08|34178.52|34125.32|34132.18|2244
2021.06.15 18:05:00|34132.51|34141.08|34123.23|34141.08|1027
2021.06.16 10:05:00|34233.1|34234.67|34099.68|34104.38|2467
2021.06.16 11:05:00|34104.56|34158.95|34103.4|34154.58|2204
2021.06.16 12:05:00|34154.72|34160.2|34081.03|34147.26|2056
2021.06.16 13:05:00|34147.4|34238.55|34144.09|34215.91|1808
2021.06.16 14:05:00|34216.41|34227.2|34157.12|34165.13|1525
2021.06.16 15:05:00|34164.82|34206.89|34148.76|34198.81|1727
2021.06.16 16:05:00|34199.36|34286.77|34180.23|34252.66|2285
2021.06.16 17:05:00|34252.01|34269.01|34219.16|34223.83|2265
2021.06.16 18:05:00|34224.53|34233.19|34201.11|34202.45|1016
2021.06.17 10:05:00|34108.6|34173.92|34023.43|34045.87|2534
2021.06.17 11:05:00|34045.85|34136.94|34020.55|34135.99|2265
2021.06.17 12:05:00|34135.76|34172.15|34109.82|34126.46|1931
2021.06.17 13:05:00|34126.44|34152.28|34111.32|34115.13|1611
2021.06.17 14:05:00|34115.33|34159.03|34115.33|34121.52|1517
2021.06.17 15:05:00|34121.83|34141.1|34102.2|34127.71|1667
2021.06.17 16:05:00|34127.81|34199.88|34093.72|34193.46|2223
2021.06.17 17:05:00|34193.77|34202.45|34148.23|34164.07|2316
2021.06.17 18:05:00|34163.9|34200.3|34163.9|34195.57|1043
2021.06.18 10:05:00|34300.41|34371.59|34264|34317.49|2385
2021.06.18 11:05:00|34316.36|34346.18|34305.74|34306.89|2091
2021.06.18 12:05:00|34306.79|34384.12|34302.99|34330.59|2306
2021.06.18 13:05:00|34330.46|34330.46|34267.91|34305.52|1834
2021.06.18 14:05:00|34305.84|34322.32|34173.07|34173.47|1895
2021.06.18 15:05:00|34173.17|34179.51|34063.99|34080|2177
2021.06.18 16:05:00|34080.02|34108.62|34015.71|34052.48|2504
2021.06.18 17:05:00|34051.71|34062.14|33973.79|34041.21|2498
2021.06.18 18:05:00|34040.57|34055.39|34001.99|34006.77|1143
2021.06.21 10:05:00|33831.24|34034.06|33745.81|33968.31|2705
2021.06.21 11:05:00|33964.27|34017.11|33913.96|34017.11|2156
2021.06.21 12:05:00|34017.47|34062.35|34008.45|34049.32|1965
2021.06.21 13:05:00|34049.13|34143.42|34046.51|34143.42|1714
2021.06.21 14:05:00|34144.04|34152.13|34036.67|34098.17|1805
2021.06.21 15:05:00|34098.03|34119.87|34043.08|34071.38|1763
2021.06.21 16:05:00|34072.62|34096.62|34006.3|34088.26|2291
2021.06.21 17:05:00|34088.09|34181.33|34071.12|34166.67|2301
2021.06.21 18:05:00|34166.88|34197.58|34155.3|34197.58|1047
2021.06.22 10:05:00|34161.32|34243.58|34107.65|34187.91|2568
2021.06.22 11:05:00|34189.31|34195.89|34124.53|34179.73|2085
2021.06.22 12:05:00|34180.35|34260.87|34158.31|34260.87|1903
2021.06.22 13:05:00|34260.96|34290.55|34252.85|34267.62|1709
2021.06.22 14:05:00|34267.54|34278.06|34235.09|34261.77|1780
2021.06.22 15:05:00|34261.9|34270.1|34183.49|34237.64|1710
2021.06.22 16:05:00|34237.83|34246.75|34146.43|34147.36|2179
2021.06.22 17:05:00|34147.91|34232.45|34145.53|34232.45|2242
2021.06.22 18:05:00|34232.58|34256.26|34228.88|34237.12|1050
2021.06.23 10:05:00|34291.5|34291.5|34087.72|34094.51|2269
2021.06.23 11:05:00|34094.1|34115.45|34032.79|34037.51|1971
2021.06.23 12:05:00|34037.2|34099.32|33988.1|34071.21|1714
2021.06.23 13:05:00|34071.31|34121.65|34006.55|34009.57|1647
2021.06.23 14:05:00|34009.27|34024.32|33946.2|34013.52|1839
2021.06.23 15:05:00|34013.75|34064.31|34012.39|34047.92|1758
2021.06.23 16:05:00|34047.72|34058.15|33987.52|34017.53|2186
2021.06.23 17:05:00|34017.63|34055.07|33967.87|33967.87|2290
2021.06.23 18:05:00|33968.1|33968.1|33919.43|33954.15|1098
2021.06.24 10:05:00|34056.6|34192.73|34056.6|34182.35|2179
2021.06.24 11:05:00|34182.44|34257.9|34174.4|34250.58|1917
2021.06.24 12:05:00|34250.97|34303.21|34237.54|34237.54|1947
2021.06.24 13:05:00|34238.78|34304.54|34220.63|34274.29|1709
2021.06.24 14:05:00|34273.16|34301.83|34255.58|34301.68|1621
2021.06.24 15:05:00|34301.53|34350.12|34301.53|34333.42|1757
2021.06.24 16:05:00|34333.22|34412.93|34332.41|34363.72|2113
2021.06.24 17:05:00|34364.61|34405.12|34332.5|34334.9|2158
2021.06.24 18:05:00|34335.07|34341.54|34303.83|34316.78|975
2021.06.25 10:05:00|34395.22|34460.16|34394.9|34407.19|2227
2021.06.25 11:05:00|34407.85|34424.46|34381.2|34415.46|1928
2021.06.25 12:05:00|34416.77|34460.78|34396.93|34423.77|1733
2021.06.25 13:05:00|34423.72|34444.97|34414.84|34439.78|1475
2021.06.25 14:05:00|34439.47|34439.47|34388.09|34403.67|1512
2021.06.25 15:05:00|34402.36|34448.77|34402.26|34435.7|1508
2021.06.25 16:05:00|34435.44|34448.33|34389.82|34424.08|1872
2021.06.25 17:05:00|34424.2|34458.59|34407.27|34443.49|1860
2021.06.25 18:05:00|34443.34|34479.32|34443.34|34479.32|954
2021.06.28 10:05:00|34385.63|34495.87|34355.87|34381.23|2347
2021.06.28 11:05:00|34381|34381|34305.09|34343.05|1880
2021.06.28 12:05:00|34343.55|34420.52|34343.4|34413.79|1799
2021.06.28 13:05:00|34413.65|34414.01|34339.51|34399.45|1678
2021.06.28 14:05:00|34399.52|34469.74|34387.23|34448.54|1682
2021.06.28 15:05:00|34448.04|34475.47|34439.26|34465.86|1723
2021.06.28 16:05:00|34465.66|34467.21|34370.92|34388.53|2229
2021.06.28 17:05:00|34388.07|34389.47|34304.61|34307.73|2201
2021.06.28 18:05:00|34307.66|34320.94|34280.57|34288.5|977
2021.06.29 10:05:00|34373.66|34437.7|34370.64|34401.06|2308
2021.06.29 11:05:00|34401.18|34413.13|34336.5|34371.96|1835
2021.06.29 12:05:00|34372.09|34465.27|34371.9|34461.11|1783
2021.06.29 13:05:00|34461.02|34494.94|34442.55|34473.77|1714
2021.06.29 14:05:00|34473.61|34484.95|34387.76|34413.09|1922
2021.06.29 15:05:00|34413.54|34463.58|34412.99|34423.62|1835
2021.06.29 16:05:00|34423.38|34438.62|34350.16|34360.93|2387
2021.06.29 17:05:00|34361.25|34381.02|34329.66|34332.58|2221
2021.06.29 18:05:00|34331.38|34335.63|34315.07|34332.77|992
2021.06.30 10:05:00|34326.04|34348.4|34150.61|34151.12|2508
2021.06.30 11:05:00|34148.49|34149.39|33811.41|33815.52|2661
2021.06.30 12:05:00|33815.43|34011.19|33815.12|34011.19|2341
2021.06.30 13:05:00|34011.29|34051.44|33966.12|33982.83|1914
2021.06.30 14:05:00|33982.42|34097.36|33981.63|34084.39|1855
2021.06.30 15:05:00|34084.21|34084.52|33986.68|33994.07|1707
2021.06.30 16:05:00|33994.22|34098.16|33985.9|34054.59|2178
2021.06.30 17:05:00|34054.69|34111.44|34020.05|34020.31|2337
2021.06.30 18:05:00|34020.33|34060.18|34009.15|34060.18|1100
2021.07.01 10:05:00|34277.11|34348.28|34254.21|34302.99|2583
2021.07.01 11:05:00|34302.59|34318.08|34226.63|34232.2|2242
2021.07.01 12:05:00|34232.06|34233.37|34152.39|34167.56|2108
2021.07.01 13:05:00|34168.03|34215.64|34010.05|34039.95|2136
2021.07.01 14:05:00|34040.12|34195.45|34004.4|34177.31|2023
2021.07.01 15:05:00|34177.17|34177.88|34059.73|34100.84|2124
2021.07.01 16:05:00|34100.91|34228.78|34100.84|34223.19|2279
2021.07.01 17:05:00|34223.64|34276.47|34195.12|34250.45|2240
2021.07.01 18:05:00|34251.21|34253.11|34175.13|34244.65|1038
2021.07.02 10:05:00|34274.33|34390.79|34247.15|34368.33|2321
2021.07.02 11:05:00|34368.69|34377.31|34294.87|34323.69|1894
2021.07.02 12:05:00|34324.16|34409.79|34323.19|34409.6|1712
2021.07.02 13:05:00|34409.21|34435.98|34341.91|34408.79|1640
2021.07.02 14:05:00|34409.29|34431.23|34395.5|34431.08|1587
2021.07.02 15:05:00|34431.28|34479.59|34412.83|34435.31|1762
2021.07.02 16:05:00|34435.91|34452.38|34388.38|34389.84|2052
2021.07.02 17:05:00|34389.48|34456.64|34368|34426.09|2056
2021.07.02 18:05:00|34425.79|34449.59|34416.83|34440.56|962
2021.07.05 10:05:00|34424.73|34429.25|34352.06|34362.9|2081
2021.07.05 11:05:00|34362.99|34462.21|34357.55|34411.24|1832
2021.07.05 12:05:00|34410.97|34516.36|34406.38|34512.76|1689
2021.07.05 13:05:00|34512.51|34513.79|34462.94|34480.57|1366
2021.07.05 14:05:00|34479.95|34522.44|34476.61|34515.92|1346
2021.07.05 15:05:00|34516.8|34581.63|34505.59|34559.98|1441
2021.07.05 16:05:00|34559.81|34560.35|34495.24|34519.67|1614
2021.07.05 17:05:00|34519.84|34543.41|34519.84|34535.68|1614
2021.07.05 18:05:00|34535.4|34542.96|34522.65|34530.13|850
2021.07.06 10:05:00|34481.44|34537|34430.9|34498.7|2474
2021.07.06 11:05:00|34499.21|34587.46|34495.64|34585.27|2027
2021.07.06 12:05:00|34585.35|34638.62|34531.23|34622.21|2010
2021.07.06 13:05:00|34622.46|34654.53|34599.77|34608.78|1828
2021.07.06 14:05:00|34608.68|34650.86|34587.85|34638.29|1873
2021.07.06 15:05:00|34638.49|34708.54|34635.13|34702.16|1924
2021.07.06 16:05:00|34702.24|34722.05|34647.04|34649.92|2352
2021.07.06 17:05:00|34649.95|34652.4|34454.35|34459.1|2600
2021.07.06 18:05:00|34459.03|34517.25|34456.95|34517.25|1205
2021.07.07 10:05:00|34592.55|34736.64|34543.04|34734.55|2425
2021.07.07 11:05:00|34735.36|34765.39|34668.64|34731.22|2303
2021.07.07 12:05:00|34731.63|34786.32|34723.3|34726.51|2240
2021.07.07 13:05:00|34727.19|34781.54|34725.78|34764.1|1975
2021.07.07 14:05:00|34764.16|34842.57|34761.41|34842.57|1869
2021.07.07 15:05:00|34842.55|34852.01|34803.65|34833.44|1919
2021.07.07 16:05:00|34833.58|34884.22|34802.61|34802.98|2386
2021.07.07 17:05:00|34802.63|34834.22|34666.55|34733.55|2519
2021.07.07 18:05:00|34731.69|34800.2|34725.68|34783.84|1127
2021.07.08 10:05:00|34545.22|34721.81|34539.6|34553|2929
2021.07.08 11:05:00|34552.8|34613.37|34499.07|34521|2530
2021.07.08 12:05:00|34521.14|34534.96|34395.1|34422.46|2309
2021.07.08 13:05:00|34421.92|34422.63|34275.61|34361.39|2321
2021.07.08 14:05:00|34361.02|34362.45|34174.85|34179.8|2241
2021.07.08 15:05:00|34178.56|34303.27|34157.39|34203.53|2387
2021.07.08 16:05:00|34203.94|34237.66|34113.52|34210.5|2607
2021.07.08 17:05:00|34210.81|34268.67|34131.53|34236.37|2668
2021.07.08 18:05:00|34244.57|34328.78|34244.57|34323.4|1169
2021.07.09 10:05:00|34570.83|34719.35|34568.89|34649.65|2660
2021.07.09 11:05:00|34649.46|34757.77|34649.46|34755.38|2192
2021.07.09 12:05:00|34756|34780.66|34577.4|34585.41|2196
2021.07.09 13:05:00|34585.49|34677.35|34569.15|34646.37|1799
2021.07.09 14:05:00|34646.52|34647.48|34591.65|34594.71|1835
2021.07.09 15:05:00|34594.39|34659.33|34578.02|34639.21|1904
2021.07.09 16:05:00|34639.84|34697.67|34593.39|34689.88|2329
2021.07.09 17:05:00|34690.41|34750.64|34685.77|34738.74|2378
2021.07.09 18:05:00|34738.18|34748.43|34712.43|34727.09|1061
2021.07.12 10:05:00|34837.67|34868.22|34717.81|34797.65|2410
2021.07.12 11:05:00|34796.66|34899.93|34792.48|34893.88|2140
2021.07.12 12:05:00|34894.27|34908.75|34851.25|34883.16|2158
2021.07.12 13:05:00|34882.86|34940.53|34857.43|34919.89|1713
2021.07.12 14:05:00|34919.62|34996.03|34910.99|34989.05|1581
2021.07.12 15:05:00|34988.85|35072.13|34967.75|35064.45|1690
2021.07.12 16:05:00|35063.71|35075.86|35000.15|35000.15|2155
2021.07.12 17:05:00|35000.31|35045.7|34961.1|35009.68|2249
2021.07.12 18:05:00|35009.79|35073.46|34930.64|34958.18|1134
2021.07.13 10:05:00|34786.82|34910.26|34753.92|34858.31|2358
2021.07.13 11:05:00|34859.18|34954.33|34850.4|34931.36|2071
2021.07.13 12:05:00|34931.06|34960.61|34897.85|34910.71|1968
2021.07.13 13:05:00|34911.31|34919.9|34884.91|34915.92|1667
2021.07.13 14:05:00|34917.2|34942.21|34906|34919.76|1616
2021.07.13 15:05:00|34919.93|34933.01|34803.13|34819.8|1909
2021.07.13 16:05:00|34819.63|34891.99|34819.63|34876.59|2124
2021.07.13 17:05:00|34876.39|34899.78|34864.91|34867.18|2176
2021.07.13 18:05:00|34867.47|34902.89|34862.6|34875.87|1020
2021.07.14 10:05:00|34844.8|34857.82|34700.95|34716.54|2461
2021.07.14 11:05:00|34716.04|34783.54|34676.05|34734.18|1962
2021.07.14 12:05:00|34733.9|34787.82|34731|34737.94|1815
2021.07.14 13:05:00|34738.11|34763.43|34728.49|34754.75|1678
2021.07.14 14:05:00|34754.95|34769.57|34730.69|34766.8|1626
2021.07.14 15:05:00|34766.73|34843.1|34749.48|34818.49|1792
2021.07.14 16:05:00|34820.32|34831.1|34768.52|34797.55|2166
2021.07.14 17:05:00|34797.82|34823.23|34765.92|34774.02|2151
2021.07.14 18:05:00|34774.64|34784.42|34757.43|34773.97|958
2021.07.15 10:05:00|34603.43|34667.28|34545.76|34634.73|2630
2021.07.15 11:05:00|34635.27|34668.75|34583.59|34631.63|2245
2021.07.15 12:05:00|34632.66|34648.43|34548.94|34646.12|2014
2021.07.15 13:05:00|34645.5|34645.8|34515.38|34540.47|1905
2021.07.15 14:05:00|34540.18|34584.46|34491.59|34548.76|1771
2021.07.15 15:05:00|34548.52|34586.74|34507.96|34511.63|1843
2021.07.15 16:05:00|34511.96|34566.39|34423.41|34561.79|2345
2021.07.15 17:05:00|34561.94|34576.65|34464.46|34464.71|2416
2021.07.15 18:05:00|34464.41|34501.89|34450.24|34500.55|1046
2021.07.16 10:05:00|34568.44|34654.94|34532.56|34599.78|2545
2021.07.16 11:05:00|34599.21|34605.85|34496.09|34516.54|2115
2021.07.16 12:05:00|34516.29|34542.11|34462.75|34462.75|2227
2021.07.16 13:05:00|34462.6|34497.54|34417.71|34477.79|2022
2021.07.16 14:05:00|34477.47|34482.07|34416.38|34455.46|1712
2021.07.16 15:05:00|34454.53|34546.85|34444.34|34498.35|1819
2021.07.16 16:05:00|34498.45|34576.49|34405.91|34422.4|2369
2021.07.16 17:05:00|34423.11|34442.28|34326.33|34388.35|2486
2021.07.16 18:05:00|34388.44|34429.83|34385.4|34423.28|1035
2021.07.19 10:05:00|34136.18|34136.73|33850.14|33973.71|2747
2021.07.19 11:05:00|33973.39|34087.93|33858.15|33896.94|2417
2021.07.19 12:05:00|33897.14|33977|33886.09|33908.46|2053
2021.07.19 13:05:00|33908.33|33913.08|33850.88|33859.43|1833
2021.07.19 14:05:00|33859.04|33883.65|33691.73|33728.24|2075
2021.07.19 15:05:00|33727.74|33787.85|33642.96|33750.89|2222
2021.07.19 16:05:00|33750.34|33823.32|33694.05|33726.8|2633
2021.07.19 17:05:00|33726.49|33845.48|33665.05|33845.48|2842
2021.07.19 18:05:00|33845.35|33876.8|33817.11|33821.39|1155
2021.07.20 10:05:00|33999.83|34121.44|33999.75|34052.25|2530
2021.07.20 11:05:00|34052.15|34077.44|33951.77|33953.11|2168
2021.07.20 12:05:00|33951.7|33978.98|33787.9|33800.05|2142
2021.07.20 13:05:00|33799.95|33924.52|33795.43|33828.77|1829
2021.07.20 14:05:00|33832.26|33944.38|33796.35|33941.33|1973
2021.07.20 15:05:00|33941.23|33957.08|33888.73|33901.2|1819
2021.07.20 16:05:00|33901.92|33976.13|33787.88|33965.42|2410
2021.07.20 17:05:00|33965.13|34058.23|33921.59|34031.84|2441
2021.07.20 18:05:00|34032.01|34039.24|33941.98|33945.08|1056
2021.07.21 10:05:00|34181.34|34312.07|34144.7|34265.46|2548
2021.07.21 11:05:00|34265.86|34385.18|34246.4|34305.58|2275
2021.07.21 12:05:00|34305.72|34385.71|34274.18|34331.02|1934
2021.07.21 13:05:00|34331.73|34371.46|34308.34|34325.99|1660
2021.07.21 14:05:00|34325.94|34336.37|34159.91|34204.21|1881
2021.07.21 15:05:00|34204.36|34380.45|34204.17|34368.85|1723
2021.07.21 16:05:00|34369.37|34500.72|34362.39|34499.9|2490
2021.07.21 17:05:00|34499.81|34519.24|34439.49|34500.29|2477
2021.07.21 18:05:00|34500.52|34525.38|34500.15|34519.78|1034
2021.07.22 10:05:00|34650.23|34808.37|34618.88|34806.19|2320
2021.07.22 11:05:00|34806.31|34851.96|34748.58|34842.4|2070
2021.07.22 12:05:00|34842.2|34908.74|34830.88|34893.72|2031
2021.07.22 13:05:00|34893.54|34943.35|34864.24|34938.31|1807
2021.07.22 14:05:00|34938.18|34965.94|34898.48|34949.12|1913
2021.07.22 15:05:00|34948.65|34965.46|34875.94|34889.32|1920
2021.07.22 16:05:00|34889.73|34927.22|34817.11|34872.88|2351
2021.07.22 17:05:00|34872.49|34928.34|34838.78|34851.96|2199
2021.07.22 18:05:00|34852.18|34863.34|34824.73|34839.75|1015
2021.07.23 10:05:00|35018.39|35103.67|34990.37|35101.45|2306
2021.07.23 11:05:00|35101.1|35128.16|35069.77|35123.21|1869
2021.07.23 12:05:00|35123.53|35227.53|35112.11|35195.93|1949
2021.07.23 13:05:00|35196.16|35261.59|35162.54|35246.27|1733
2021.07.23 14:05:00|35246.83|35252.83|35188.39|35241.71|1643
2021.07.23 15:05:00|35241.58|35243.84|35176.82|35185.95|1679
2021.07.23 16:05:00|35186.31|35196.56|35142.61|35162.05|2073
2021.07.23 17:05:00|35161.91|35167.29|35099.47|35117.09|2137
2021.07.23 18:05:00|35116.96|35169.75|35116.31|35167.78|969
2021.07.26 10:05:00|35046.49|35168.75|35011.23|35127.16|2055
2021.07.26 11:05:00|35127|35129.33|35064.94|35074.18|1775
2021.07.26 12:05:00|35073.86|35110.12|35050.4|35069.84|1918
2021.07.26 13:05:00|35070.14|35089.04|35024.54|35053.52|1676
2021.07.26 14:05:00|35053.03|35087.77|35033.2|35087.49|1687
2021.07.26 15:05:00|35087.5|35106.7|35056.39|35067.79|1784
2021.07.26 16:05:00|35068.48|35113.44|35065.99|35089.76|2214
2021.07.26 17:05:00|35089.42|35106.52|35022.69|35023.57|2175
2021.07.26 18:05:00|35024.67|35065.74|35024.67|35065.74|925
2021.07.27 10:05:00|34971.5|34971.5|34719.93|34898.22|2774
2021.07.27 11:05:00|34898.44|34943.07|34809.95|34820.64|2265
2021.07.27 12:05:00|34820.05|34986.9|34817.29|34986.04|2008
2021.07.27 13:05:00|34986.38|35028.05|34949.43|35015.78|1741
2021.07.27 14:05:00|35015.43|35065|34995.01|35031.75|1760
2021.07.27 15:05:00|35032.29|35041.28|34967.58|35037.86|1748
2021.07.27 16:05:00|35037.75|35045.23|34941.06|34941.55|2282
2021.07.27 17:05:00|34941.29|34948.36|34875.61|34916.66|2383
2021.07.27 18:05:00|34916.02|34948|34910.02|34932.17|1086
2021.07.28 10:05:00|34965.77|35044.4|34947.29|35044.4|2317
2021.07.28 11:05:00|35044.72|35105.72|35026.85|35091.47|2046
2021.07.28 12:05:00|35091.67|35110.88|35066.93|35093.57|1917
2021.07.28 13:05:00|35094.05|35101.61|35047.63|35075.74|1683
2021.07.28 14:05:00|35075.88|35140.31|35066.31|35083.24|1865
2021.07.28 15:05:00|35083.04|35084.71|35036.88|35079.26|1844
2021.07.28 16:05:00|35078.65|35128.12|35001.56|35112.41|2367
2021.07.28 17:05:00|35110.65|35187.89|35110.24|35165.15|2447
2021.07.28 18:05:00|35165.05|35183.07|35160.62|35173.68|1048
2021.07.29 10:05:00|35378.18|35411.28|35264.47|35303.59|2605
2021.07.29 11:05:00|35303.47|35333.79|35271.51|35310.15|2261
2021.07.29 12:05:00|35310.79|35324.44|35262.01|35309.76|2081
2021.07.29 13:05:00|35309.44|35360.43|35290.65|35353.94|1855
2021.07.29 14:05:00|35353.99|35357.89|35269.99|35304.43|1761
2021.07.29 15:05:00|35307.06|35340.33|35251.04|35251.26|1866
2021.07.29 16:05:00|35251.44|35282.95|35208.22|35226.68|2378
2021.07.29 17:05:00|35227.18|35254.21|35194.68|35208.87|2315
2021.07.29 18:05:00|35209.48|35248.52|35190|35244.95|1038
2021.07.30 10:05:00|34913.71|34954.33|34801.39|34924.21|2556
2021.07.30 11:05:00|34923.72|35049.49|34919.37|34995.67|2177
2021.07.30 12:05:00|34999.15|35036.81|34959.08|34959.92|2176
2021.07.30 13:05:00|34959.37|35078.23|34934.01|35073.45|1985
2021.07.30 14:05:00|35073.47|35152.65|35055.45|35123.68|1888
2021.07.30 15:05:00|35123.11|35152.19|35082.12|35139.95|1993
2021.07.30 16:05:00|35140.09|35222.12|35111.52|35222.12|2380
2021.07.30 17:05:00|35221.91|35251.96|35156.52|35156.52|2406
2021.07.30 18:05:00|35156.41|35211.89|35155.22|35177.01|1001
2021.08.02 10:05:00|35362.34|35397.28|35255.02|35321.53|2413
2021.08.02 11:05:00|35320.06|35360.04|35298.98|35329.5|2055
2021.08.02 12:05:00|35329.41|35329.41|35228.03|35250.33|2014
2021.08.02 13:05:00|35250.37|35275.78|35171.5|35172.12|1691
2021.08.02 14:05:00|35171.77|35227.62|35162.47|35215.06|1595
2021.08.02 15:05:00|35215.17|35254.22|35192.99|35254.22|1625
2021.08.02 16:05:00|35254.91|35298.34|35196.06|35237.84|2241
2021.08.02 17:05:00|35237.83|35383.2|35215.81|35383.2|2312
2021.08.02 18:05:00|35383.1|35402.12|35372.29|35384.74|1050
2021.08.03 10:05:00|35324.8|35445.48|35293.61|35380.52|2384
2021.08.03 11:05:00|35380.2|35403.37|35341.09|35376.4|2151
2021.08.03 12:05:00|35376.84|35377.42|35312.39|35352.81|2060
2021.08.03 13:05:00|35352.25|35373.65|35286.47|35299.79|2181
2021.08.03 14:05:00|35299.82|35341.09|35296.91|35328.6|1942
2021.08.03 15:05:00|35328.55|35328.7|35277.88|35310.04|2065
2021.08.03 16:05:00|35310.53|35381.01|35284.04|35288.45|2527
2021.08.03 17:05:00|35288.31|35325.95|35234.4|35294.28|2438
2021.08.03 18:05:00|35293.63|35317.34|35282.35|35296.44|1024
2021.08.04 10:05:00|35399.44|35524.29|35388.79|35467.88|2510
2021.08.04 11:05:00|35467.48|35562.76|35464.21|35550.26|2176
2021.08.04 12:05:00|35550.17|35589.63|35540.21|35548.13|2084
2021.08.04 13:05:00|35548.49|35551.69|35465.07|35477.34|1730
2021.08.04 14:05:00|35477.46|35491.45|35460.71|35465.89|1802
2021.08.04 15:05:00|35466.04|35496.62|35446.63|35458.83|2024
2021.08.04 16:05:00|35458.45|35551.48|35455.18|35518.44|2373
2021.08.04 17:05:00|35519.45|35540.92|35464.17|35500.77|2415
2021.08.04 18:05:00|35500.69|35505.73|35478.86|35485.1|1044
2021.08.05 10:05:00|35193.46|35512.74|35192.56|35490.33|2917
2021.08.05 11:05:00|35491.67|35570.99|35491.28|35545.45|2550
2021.08.05 12:05:00|35545.86|35591.62|35508.35|35583.79|2446
2021.08.05 13:05:00|35583.06|35635.26|35562.42|35582.99|2295
2021.08.05 14:05:00|35583.14|35613|35512.61|35585.96|2342
2021.08.05 15:05:00|35585.31|35626.26|35570.93|35599.48|2459
2021.08.05 16:05:00|35599.5|35689.78|35593.67|35654.92|2713
2021.08.05 17:05:00|35656.35|35677.66|35623.18|35676.89|2720
2021.08.05 18:05:00|35677.02|35724.16|35676.97|35715.71|1213
2021.08.06 10:05:00|35655.07|35665.59|35561.31|35609.18|2813
2021.08.06 11:05:00|35609.03|35647.54|35594.39|35633.33|2232
2021.08.06 12:05:00|35633.61|35691.09|35616.94|35687.43|2095
2021.08.06 13:05:00|35687.52|35702.75|35671.3|35690.25|1959
2021.08.06 14:05:00|35688.71|35724.94|35687.86|35723.8|1773
2021.08.06 15:05:00|35724.04|35736.91|35646.44|35681.38|2073
2021.08.06 16:05:00|35681.69|35685.21|35555.05|35569.97|2411
2021.08.06 17:05:00|35570.62|35590.37|35529.95|35535.04|2341
2021.08.06 18:05:00|35534.79|35553.93|35523.84|35526.02|1083
2021.08.09 10:05:00|35569.22|35646.01|35544.13|35639.65|2299
2021.08.09 11:05:00|35639.35|35651.75|35599.52|35602.59|2022
2021.08.09 12:05:00|35600.37|35608.16|35561.46|35594.64|1754
2021.08.09 13:05:00|35595.56|35611.09|35579.37|35586.71|1629
2021.08.09 14:05:00|35586.82|35649.58|35570.35|35640.06|1756
2021.08.09 15:05:00|35640.2|35670.7|35638.51|35653.29|1790
2021.08.09 16:05:00|35653.49|35655.54|35580.83|35582.73|2207
2021.08.09 17:05:00|35581.59|35683.12|35548.87|35615.53|2535
2021.08.09 18:05:00|35615.65|35622.37|35557.26|35590.22|1125
2021.08.10 10:05:00|35634.39|35799.08|35625.49|35783.26|2360
2021.08.10 11:05:00|35783.17|35834.87|35774.69|35807.93|2177
2021.08.10 12:05:00|35808.03|35913.76|35794.14|35887.15|2166
2021.08.10 13:05:00|35887.65|35909.14|35861.92|35892.31|1812
2021.08.10 14:05:00|35891.97|35917.43|35869.42|35870.17|1823
2021.08.10 15:05:00|35869.44|35900.69|35864.79|35878.69|1858
2021.08.10 16:05:00|35878.82|35949.05|35876.74|35942.88|2406
2021.08.10 17:05:00|35943.03|35946.17|35829.9|35856.4|2552
2021.08.10 18:05:00|35856.66|35857.09|35830.65|35846.96|1072
2021.08.11 10:05:00|35789.4|35819|35728.16|35758.3|2680
2021.08.11 11:05:00|35757.35|35770.88|35716.5|35720.59|2184
2021.08.11 12:05:00|35720.87|35756.22|35686.95|35687.09|2011
2021.08.11 13:05:00|35686.97|35710.64|35657.93|35698.9|1821
2021.08.11 14:05:00|35698.28|35705.25|35664.46|35699.98|1893
2021.08.11 15:05:00|35700.06|35767.12|35685.29|35764.17|2020
2021.08.11 16:05:00|35764.09|35837.65|35739.89|35797.99|2435
2021.08.11 17:05:00|35799.01|35818.57|35741.41|35741.41|2448
2021.08.11 18:05:00|35741.29|35767.52|35722.68|35753.25|1070
2021.08.12 10:05:00|35643.23|35664.02|35576.39|35584.93|2764
2021.08.12 11:05:00|35584.73|35629.73|35566.24|35608.76|2468
2021.08.12 12:05:00|35608.29|35658.59|35601|35646.91|2159
2021.08.12 13:05:00|35645.33|35698.45|35631.29|35645.17|1879
2021.08.12 14:05:00|35646.43|35658.68|35613.02|35617.69|1861
2021.08.12 15:05:00|35618.03|35659.13|35610.75|35651.99|2074
2021.08.12 16:05:00|35652.56|35742.75|35651.95|35724.51|2496
2021.08.12 17:05:00|35724.81|35806.47|35717.98|35783.27|2425
2021.08.12 18:05:00|35783.08|35801.17|35772.72|35772.72|1078
2021.08.13 10:05:00|35767.87|35844.24|35751.25|35829.04|2584
2021.08.13 11:05:00|35828.73|35894.99|35817.24|35879.13|2204
2021.08.13 12:05:00|35879.41|35915.3|35868.4|35907.14|2126
2021.08.13 13:05:00|35907.58|35913.58|35866.28|35871.56|1818
2021.08.13 14:05:00|35871.34|35892.79|35858.07|35880.01|1821
2021.08.13 15:05:00|35880.46|35893.46|35854.31|35888.05|1834
2021.08.13 16:05:00|35888.18|35941.43|35882.92|35940.97|2338
2021.08.13 17:05:00|35939.9|35943.11|35881.85|35894.76|2128
2021.08.13 18:05:00|35894.84|35908.11|35865.9|35906.41|1021
2021.08.16 10:05:00|35697.12|35850.55|35687.93|35787.99|2669
2021.08.16 11:05:00|35788.13|35796.79|35738.93|35760.02|2330
2021.08.16 12:05:00|35759.75|35762.69|35677.51|35692.93|2210
2021.08.16 13:05:00|35692.58|35753.6|35648.29|35725.63|1872
2021.08.16 14:05:00|35725.39|35741.2|35673.63|35676.19|1657
2021.08.16 15:05:00|35676.1|35771.53|35675.23|35756.93|1851
2021.08.16 16:05:00|35756.84|35756.84|35676.99|35684.87|2386
2021.08.16 17:05:00|35685.39|35700.44|35607|35650.15|2471
2021.08.16 18:05:00|35650.01|35685.43|35638.3|35685.43|1023
2021.08.17 10:05:00|35542.78|35669.34|35535.23|35660.82|2397
2021.08.17 11:05:00|35659.61|35713.35|35640.9|35706.63|2124
2021.08.17 12:05:00|35706.06|35741.48|35700.05|35709.25|1951
2021.08.17 13:05:00|35709.95|35730.73|35696.86|35716.6|1758
2021.08.17 14:05:00|35716.78|35728.49|35696.96|35709.09|1702
2021.08.17 15:05:00|35708.67|35722.79|35678.07|35715.89|1835
2021.08.17 16:05:00|35715.64|35715.67|35624.19|35624.19|2352
2021.08.17 17:05:00|35624.14|35743.17|35615.87|35694.93|2432
2021.08.17 18:05:00|35694.75|35723.3|35693.76|35720.21|1018
2021.08.18 10:05:00|35860.13|35935.26|35854.96|35874.69|2414
2021.08.18 11:05:00|35874.72|35895.19|35827.13|35846.73|2089
2021.08.18 12:05:00|35846.7|35922.85|35846.64|35896.66|1932
2021.08.18 13:05:00|35896.73|35923.34|35880.93|35892.07|1719
2021.08.18 14:05:00|35892.2|35942.3|35890.07|35942.3|1542
2021.08.18 15:05:00|35942.77|35978.27|35930.58|35933.14|1859
2021.08.18 16:05:00|35933.83|35952.2|35894.37|35951.89|2312
2021.08.18 17:05:00|35951.73|36015.68|35945.67|36010.3|2380
2021.08.18 18:05:00|36011.5|36015.87|35971.29|36002.4|1099
2021.08.19 10:05:00|35546.2|35696.11|35526.19|35559.14|2847
2021.08.19 11:05:00|35559.75|35559.87|35395.29|35431.58|2574
2021.08.19 12:05:00|35431.13|35512.34|35360.07|35494.51|2266
2021.08.19 13:05:00|35494.37|35523.27|35425.87|35437.94|2078
2021.08.19 14:05:00|35437.83|35530.1|35421.33|35436.8|2109
2021.08.19 15:05:00|35436.94|35446.42|35327.74|35337.4|2126
2021.08.19 16:05:00|35337.79|35529.11|35336.97|35529.11|2575
2021.08.19 17:05:00|35529.43|35602.57|35487.72|35576.65|2589
2021.08.19 18:05:00|35576.56|35592.6|35554.53|35562.46|1093
2021.08.20 10:05:00|35531.45|35536|35328.24|35437.85|2341
2021.08.20 11:05:00|35439.35|35500.36|35385.36|35500.36|2009
2021.08.20 12:05:00|35500.49|35511.03|35394.41|35423.36|1924
2021.08.20 13:05:00|35423.16|35511.4|35420.06|35459.8|1594
2021.08.20 14:05:00|35460.11|35516.59|35422.13|35511.81|1646
2021.08.20 15:05:00|35511.95|35538.83|35474.35|35535.37|1616
2021.08.20 16:05:00|35535.35|35681.6|35529.35|35681.17|2184
2021.08.20 17:05:00|35680.83|35721.95|35668.69|35675.58|2150
2021.08.20 18:05:00|35674.39|35679.15|35648.54|35648.54|956
2021.08.23 10:05:00|35869.86|35898.04|35790.87|35812|2291
2021.08.23 11:05:00|35812.47|35869.91|35756.45|35849.91|1907
2021.08.23 12:05:00|35849.52|35885.7|35815.14|35881.95|1757
2021.08.23 13:05:00|35881.74|35887.47|35849.8|35867.27|1498
2021.08.23 14:05:00|35867.6|35889.89|35857.87|35875.11|1441
2021.08.23 15:05:00|35875.39|35903.13|35851.29|35858.56|1505
2021.08.23 16:05:00|35858.65|35885.24|35829.79|35873.55|2108
2021.08.23 17:05:00|35873.69|35913.64|35866.33|35886.55|1966
2021.08.23 18:05:00|35886.41|35934.83|35886.04|35934.07|889
2021.08.24 10:05:00|36107.38|36148.15|36070.27|36135.85|2222
2021.08.24 11:05:00|36135.88|36177.37|36128.86|36172.7|1967
2021.08.24 12:05:00|36173.09|36176.28|36138|36158.36|1741
2021.08.24 13:05:00|36158.26|36161.26|36108.72|36116.31|1700
2021.08.24 14:05:00|36116.87|36133.01|36094.4|36106.29|1583
2021.08.24 15:05:00|36106.19|36113.68|36063.23|36077.54|1781
2021.08.24 16:05:00|36077.45|36174.86|36072.23|36165.77|2227
2021.08.24 17:05:00|36165.08|36173.56|36137.7|36143.63|2153
2021.08.24 18:05:00|36143.47|36160.77|36127.5|36127.5|1028
2021.08.25 10:05:00|36265.49|36268.18|36210.43|36243.22|2247
2021.08.25 11:05:00|36242.18|36298.1|36224.95|36287.43|1963
2021.08.25 12:05:00|36287.08|36300.13|36268.86|36287.5|1751
2021.08.25 13:05:00|36287.53|36290.64|36217.47|36249.13|1718
2021.08.25 14:05:00|36249.58|36264.63|36213.8|36226.89|1637
2021.08.25 15:05:00|36226.76|36243.98|36212.85|36224.56|1735
2021.08.25 16:05:00|36224.71|36225.11|36144.24|36167.71|2218
2021.08.25 17:05:00|36168.23|36168.23|36111.52|36127.07|2286
2021.08.25 18:05:00|36126.15|36133.92|36107.38|36112.43|975
2021.08.26 10:05:00|35856.64|36010.22|35819.02|35987.59|2232
2021.08.26 11:05:00|35987.33|36021.67|35861.85|35861.85|1878
2021.08.26 12:05:00|35860.04|35908.48|35837.63|35877.55|1725
2021.08.26 13:05:00|35876.34|35908.01|35836.21|35891.38|1513
2021.08.26 14:05:00|35891.42|35923.38|35881.01|35916.17|1421
2021.08.26 15:05:00|35916.74|35931.75|35893.92|35926.01|1685
2021.08.26 16:05:00|35925.93|35956.19|35915.49|35940.48|2077
2021.08.26 17:05:00|35940.98|35954.29|35869.14|35884.68|2183
2021.08.26 18:05:00|35884.19|35953.97|35881.18|35953.97|990
2021.08.27 10:05:00|35864.83|35910.19|35841.97|35895.31|2045
2021.08.27 11:05:00|35895.38|35958.82|35873.67|35947.6|1980
2021.08.27 12:05:00|35947.5|35962.93|35912.58|35921.12|1769
2021.08.27 13:05:00|35921.26|35959.18|35913.6|35946.72|1543
2021.08.27 14:05:00|35946.77|35948.43|35883.8|35903.15|1649
2021.08.27 15:05:00|35903.05|35960.82|35903.05|35912.32|1622
2021.08.27 16:05:00|35913.18|36016.11|35912.59|36005.43|2099
2021.08.27 17:05:00|36005.27|36092.27|35997.64|36084.13|2220
