2020.09.18 16:30:00|194.52|195.66|192.06|195.5|4036
2020.09.18 17:30:00|195.5|195.8|193.82|194.42|2462
2020.09.18 18:30:00|194.42|195.38|194.1|194.38|2111
2020.09.18 19:30:00|194.39|194.53|193.39|193.45|2348
2020.09.18 20:30:00|193.46|194.94|192.89|194.75|2807
2020.09.18 21:30:00|194.73|195.74|194.36|195.73|2920
2020.09.18 22:30:00|195.72|196.34|194.34|194.41|3055
2020.09.21 16:30:00|189.48|191.14|188.27|188.74|7035
2020.09.21 17:30:00|188.73|188.93|187.2|187.33|5156
2020.09.21 18:30:00|187.33|190.28|187.13|190.28|3935
2020.09.21 19:30:00|190.25|191.61|189.76|191.45|3396
2020.09.21 20:30:00|191.45|192.13|190.77|191.46|3063
2020.09.21 21:30:00|191.45|193.84|190.78|193.26|3058
2020.09.21 22:30:00|193.28|193.85|192.65|193.71|2868
2020.09.22 16:30:00|193.25|195.79|191.45|191.97|3532
2020.09.22 17:30:00|191.96|192.05|188.9|189.85|2943
2020.09.22 18:30:00|189.86|189.93|188.6|188.79|2075
2020.09.22 19:30:00|188.77|189.74|188.12|189.67|2240
2020.09.22 20:30:00|189.66|191.26|189.66|190.42|2011
2020.09.22 21:30:00|190.44|191.28|190.35|191.09|1969
2020.09.22 22:30:00|191.08|191.47|190.71|191.31|2274
2020.09.23 16:30:00|191.57|192.58|190.28|191.3|3556
2020.09.23 17:30:00|191.23|191.3|189.71|190.27|3548
2020.09.23 18:30:00|190.3|190.9|189.28|189.53|2387
2020.09.23 19:30:00|189.52|190.12|189|189.04|1670
2020.09.23 20:30:00|189.04|189.16|187.25|187.44|2736
2020.09.23 21:30:00|187.43|187.59|185.81|186.59|4320
2020.09.23 22:30:00|186.57|186.87|185.56|185.8|3590
2020.09.24 16:30:00|187.71|193.06|186.6|192.89|6560
2020.09.24 17:30:00|192.88|194.43|191.68|192.85|4468
2020.09.24 18:30:00|192.85|195.54|192.79|195.37|3124
2020.09.24 19:30:00|195.37|196.91|194.07|196.73|2963
2020.09.24 20:30:00|196.72|197.01|195.36|195.53|3130
2020.09.24 21:30:00|195.46|196.22|194.17|194.4|4726
2020.09.24 22:30:00|194.39|195.52|194.1|194.71|4188
2020.09.25 16:30:00|191.88|192.46|189.17|191.5|5095
2020.09.25 17:30:00|191.5|192.34|191.1|192.02|3236
2020.09.25 18:30:00|192.04|193.39|191.94|192.64|2252
2020.09.25 19:30:00|192.7|194.04|192.56|193.86|1936
2020.09.25 20:30:00|193.89|194.6|193.68|193.83|1748
2020.09.25 21:30:00|193.85|194.96|193.61|194.55|2643
2020.09.25 22:30:00|194.53|194.88|193.85|194.52|2950
2020.09.28 16:30:00|197.4|199.52|196.93|199.2|3632
2020.09.28 17:30:00|199.22|201.2|199.22|199.96|2542
2020.09.28 18:30:00|199.93|201.02|199.82|200.9|2070
2020.09.28 19:30:00|200.87|201.44|199.35|199.41|1722
2020.09.28 20:30:00|199.41|199.87|199.08|199.49|1562
2020.09.28 21:30:00|199.49|199.59|198.66|199.45|1983
2020.09.28 22:30:00|199.45|199.45|198.42|198.8|2253
2020.09.29 16:30:00|197.39|198.28|195.81|197.68|3480
2020.09.29 17:30:00|197.68|197.73|195|195.5|2150
2020.09.29 18:30:00|195.5|196.14|194.95|196.08|2181
2020.09.29 19:30:00|196.08|196.67|195.79|196.63|1405
2020.09.29 20:30:00|196.67|197.13|196.21|197.11|1407
2020.09.29 21:30:00|197.11|197.19|196.31|196.71|1837
2020.09.29 22:30:00|196.71|196.87|196.14|196.25|1836
2020.09.30 16:30:00|198.72|202.4|198.6|200.8|4127
2020.09.30 17:30:00|200.85|201.64|200.32|201.12|3200
2020.09.30 18:30:00|201.13|201.76|200.87|201.44|1966
2020.09.30 19:30:00|201.46|202.15|200.81|201.81|1860
2020.09.30 20:30:00|201.81|202.62|200.74|201.05|2336
2020.09.30 21:30:00|201.01|201.18|199.01|200.21|5430
2020.09.30 22:30:00|200.18|201.37|199.67|200.6|4174
2020.10.01 16:30:00|200.49|202.63|198.35|198.91|4102
2020.10.01 17:30:00|198.91|200.38|198.63|200.13|3735
2020.10.01 18:30:00|200.16|200.51|199.4|200.5|2642
2020.10.01 19:30:00|200.46|200.48|199.41|199.41|1841
2020.10.01 20:30:00|199.42|199.94|197.46|198.11|3447
2020.10.01 21:30:00|198.11|198.72|197.73|197.81|2571
2020.10.01 22:30:00|197.8|198.3|197.5|198.16|1809
2020.10.02 16:30:00|195.4|197.92|195|197.05|3217
2020.10.02 17:30:00|197.02|198.47|196.65|198.36|2752
2020.10.02 18:30:00|198.32|200.23|196.79|199.39|3411
2020.10.02 19:30:00|199.31|200.26|199.21|199.43|2874
2020.10.02 20:30:00|199.44|200.01|197.9|199.8|2145
2020.10.02 21:30:00|199.81|199.99|198.87|199.62|2874
2020.10.02 22:30:00|199.68|199.92|198.85|199.42|2026
2020.10.05 16:30:00|201.45|202.27|199.08|200.42|2746
2020.10.05 17:30:00|200.47|201.92|200.47|201.27|1528
2020.10.05 18:30:00|201.27|201.72|200.92|201.28|1137
2020.10.05 19:30:00|201.28|201.83|201.03|201.72|1045
2020.10.05 20:30:00|201.67|202.22|201.39|201.92|1113
2020.10.05 21:30:00|201.92|202.4|201.82|202.22|1387
2020.10.05 22:30:00|202.23|202.24|201.19|201.36|1519
2020.10.06 16:30:00|203.15|204.75|203.03|204.42|2642
2020.10.06 17:30:00|204.43|205.42|203.76|205.19|2516
2020.10.06 18:30:00|205.19|205.64|204.58|204.63|1343
2020.10.06 19:30:00|204.63|205.5|204.44|205.11|1241
2020.10.06 20:30:00|205.11|205.59|204.97|205.37|1478
2020.10.06 21:30:00|205.38|205.49|199.53|201.18|4608
2020.10.06 22:30:00|201.19|202.27|200.05|200.61|3234
2020.10.07 16:30:00|204.03|204.41|201.35|202.12|2902
2020.10.07 17:30:00|202.16|202.83|201.75|202.05|1968
2020.10.07 18:30:00|202.05|202.06|201.14|201.35|1302
2020.10.07 19:30:00|201.37|201.74|200.71|201.43|1337
2020.10.07 20:30:00|201.45|202.89|200.98|202.87|1464
2020.10.07 21:30:00|202.87|204.02|202.85|203.97|1522
2020.10.07 22:30:00|203.99|204|203.07|203.07|1567
2020.10.08 16:30:00|204.67|206.4|203.71|205.97|3325
2020.10.08 17:30:00|205.94|206.41|204.5|204.6|1572
2020.10.08 18:30:00|204.6|206.2|204.11|206.19|1188
2020.10.08 19:30:00|206.2|206.84|206.15|206.42|1175
2020.10.08 20:30:00|206.41|206.83|206.27|206.79|1112
2020.10.08 21:30:00|206.76|207.12|206.46|207.1|1871
2020.10.08 22:30:00|207.1|207.72|206.9|207.55|1610
2020.10.09 16:30:00|208.59|209.06|206.22|206.28|1941
2020.10.09 17:30:00|206.28|207.65|205.66|207.28|1586
2020.10.09 18:30:00|207.28|209.3|207.14|208.19|2077
2020.10.09 19:30:00|208.2|208.45|207.3|207.54|1199
2020.10.09 20:30:00|207.57|207.75|207.04|207.19|920
2020.10.09 21:30:00|207.19|207.82|207.1|207.52|1232
2020.10.09 22:30:00|207.53|207.54|206.5|207.06|1324
2020.10.12 16:30:00|207.35|211.95|206.95|211.66|2861
2020.10.12 17:30:00|211.62|213.64|211.54|213.26|1903
2020.10.12 18:30:00|213.23|213.51|211.95|212.46|1414
2020.10.12 19:30:00|212.44|212.88|212.21|212.38|1339
2020.10.12 20:30:00|212.43|213.32|211.91|213.22|1164
2020.10.12 21:30:00|213.28|214.22|212.75|214.1|1711
2020.10.12 22:30:00|214.1|214.45|213.63|213.72|1960
2020.10.13 16:30:00|213.55|213.55|210.3|211.14|4166
2020.10.13 17:30:00|211.19|211.95|210.61|211.03|1981
2020.10.13 18:30:00|210.97|211.02|209.6|210.12|1721
2020.10.13 19:30:00|210.12|210.54|209.65|210.21|1492
2020.10.13 20:30:00|210.19|210.42|209.43|209.63|1522
2020.10.13 21:30:00|209.68|210.51|208.74|210.35|1929
2020.10.13 22:30:00|210.36|211.52|210.05|210.38|1508
2020.10.14 16:30:00|213.35|213.51|210.15|210.34|4406
2020.10.14 17:30:00|210.3|211.78|209.87|211.78|2425
2020.10.14 18:30:00|211.79|211.97|210.35|211.75|2726
2020.10.14 19:30:00|211.74|213.99|211.63|213.28|2936
2020.10.14 20:30:00|213.22|213.35|211.32|211.71|2317
2020.10.14 21:30:00|211.71|211.9|210.6|210.75|2159
2020.10.14 22:30:00|210.76|211.17|209.88|210.62|2127
2020.10.15 16:30:00|209.34|209.79|206.5|208.73|3486
2020.10.15 17:30:00|208.81|209.97|208.2|208.78|2715
2020.10.15 18:30:00|208.82|209.14|208.11|208.47|1835
2020.10.15 19:30:00|208.42|209.04|208.1|208.84|1490
2020.10.15 20:30:00|208.86|209.12|207.61|207.78|1449
2020.10.15 21:30:00|207.78|208.08|207.12|208|1731
2020.10.15 22:30:00|208.04|208.2|207.6|208.16|1705
2020.10.16 16:30:00|209.38|209.4|206.51|207.86|2876
2020.10.16 17:30:00|207.86|208.89|207.33|208.57|1923
2020.10.16 18:30:00|208.55|208.78|207.62|207.66|1269
2020.10.16 19:30:00|207.66|207.8|207.45|207.62|1284
2020.10.16 20:30:00|207.64|208.35|207.5|208.15|1049
2020.10.16 21:30:00|208.15|208.21|206.22|206.61|1536
2020.10.16 22:30:00|206.61|206.61|205.4|205.82|1707
2020.10.19 16:30:00|206.95|207.45|205.19|205.94|1795
2020.10.19 17:30:00|205.96|206.94|205.1|206.04|1904
2020.10.19 18:30:00|206.13|206.72|206.08|206.46|1459
2020.10.19 19:30:00|206.41|207.3|206.15|207.1|1513
2020.10.19 20:30:00|207.1|207.2|206.36|206.76|1458
2020.10.19 21:30:00|206.76|206.76|204.18|204.85|2964
2020.10.19 22:30:00|204.85|205.41|204.72|205.19|1863
2020.10.20 16:30:00|206.1|208.9|205.9|208.45|2663
2020.10.20 17:30:00|208.5|209.21|208.01|208.68|2121
2020.10.20 18:30:00|208.69|209.21|208.48|208.48|1287
2020.10.20 19:30:00|208.49|210.53|208.48|210.2|1646
2020.10.20 20:30:00|210.2|210.9|209.1|209.33|1673
2020.10.20 21:30:00|209.33|209.45|207.61|208.84|2189
2020.10.20 22:30:00|208.85|208.85|207.62|207.63|2338
2020.10.21 16:30:00|206.73|207.36|205|205|2430
2020.10.21 17:30:00|205|205.46|203.28|204.07|1510
2020.10.21 18:30:00|204.1|205.03|203.51|204.05|1409
2020.10.21 19:30:00|204.05|204.09|203.05|203.25|1757
2020.10.21 20:30:00|203.26|203.89|202.54|203.56|1507
2020.10.21 21:30:00|203.56|203.7|202.51|202.7|1524
2020.10.21 22:30:00|202.69|202.81|201.6|202.43|1951
2020.10.22 16:30:00|202.69|203.65|202.02|202.22|2259
2020.10.22 17:30:00|202.22|204.96|201.78|204.25|2038
2020.10.22 18:30:00|204.19|204.72|203.49|204.33|1676
2020.10.22 19:30:00|204.34|204.93|203.93|204.7|1511
2020.10.22 20:30:00|204.7|205.86|204.7|205.75|1400
2020.10.22 21:30:00|205.75|205.78|204.9|205.44|1047
2020.10.22 22:30:00|205.46|205.75|204.89|205|1217
2020.10.23 16:30:00|205.8|207.71|205.21|205.71|2185
2020.10.23 17:30:00|205.71|206.17|204.37|205.18|1381
2020.10.23 18:30:00|205.19|205.19|203.61|204.14|1396
2020.10.23 19:30:00|204.12|204.91|203.7|204.91|1210
2020.10.23 20:30:00|204.91|205.37|204.81|204.95|824
2020.10.23 21:30:00|204.91|205.1|204.48|204.61|985
2020.10.23 22:30:00|204.66|204.83|204.45|204.59|1203
2020.10.26 15:30:00|201.93|202.25|200.39|200.7|2558
2020.10.26 16:30:00|200.69|200.69|198.81|199.72|2276
2020.10.26 17:30:00|199.68|200.07|199.16|199.39|2176
2020.10.26 18:30:00|199.38|199.47|198.3|198.48|1982
2020.10.26 19:30:00|198.44|200.59|198.11|200.51|1826
2020.10.26 20:30:00|200.5|200.5|199.6|199.76|1848
2020.10.26 21:30:00|199.78|200.94|199.38|200.7|1925
2020.10.27 15:30:00|199.68|199.7|197.21|198.08|3071
2020.10.27 16:30:00|198.08|198.86|197|197.15|2269
2020.10.27 17:30:00|197.15|197.46|196.4|196.52|2097
2020.10.27 18:30:00|196.51|196.86|195.77|196.85|1914
2020.10.27 19:30:00|196.86|197.08|195.87|196.02|1939
2020.10.27 20:30:00|196.02|196.08|195.45|195.92|2173
2020.10.27 21:30:00|195.92|195.92|195|195.28|2144
2020.10.28 15:30:00|191.58|192.94|189.83|190.25|3792
2020.10.28 16:30:00|190.25|190.85|189.49|190.32|3417
2020.10.28 17:30:00|190.26|191.61|189.84|190.24|3123
2020.10.28 18:30:00|190.22|190.4|188.88|189.53|2373
2020.10.28 19:30:00|189.52|190.07|188.54|189.94|2378
2020.10.28 20:30:00|189.94|190.47|189.53|190.36|3448
2020.10.28 21:30:00|190.36|191.11|189.15|189.17|3656
2020.10.29 15:30:00|189.5|189.96|186.5|189.49|4482
2020.10.29 16:30:00|189.56|190.16|187.99|188.51|3269
2020.10.29 17:30:00|188.55|188.87|187.88|188.54|2530
2020.10.29 18:30:00|188.58|189.01|187.98|188.69|2083
2020.10.29 19:30:00|188.69|191.87|188.67|191.55|2788
2020.10.29 20:30:00|191.6|191.61|189.95|190.4|3159
2020.10.29 21:30:00|190.42|190.97|189.45|189.53|2215
2020.10.30 15:30:00|189.52|189.74|185.95|186.16|3709
2020.10.30 16:30:00|186.17|187.95|185.11|187.47|4024
2020.10.30 17:30:00|187.46|187.76|186.37|186.8|2898
2020.10.30 18:30:00|186.8|187.3|186.35|187.28|2437
2020.10.30 19:30:00|187.25|187.6|185.87|186.33|2713
2020.10.30 20:30:00|186.33|187.29|185.7|186.97|3259
2020.10.30 21:30:00|186.98|188.61|186.63|188.61|3131
2020.11.02 16:30:00|190.63|192.25|188.81|191.77|3790
2020.11.02 17:30:00|191.77|191.77|190.03|191.39|3762
2020.11.02 18:30:00|191.39|191.44|189.84|190.25|2631
2020.11.02 19:30:00|190.26|190.32|188.1|188.31|2051
2020.11.02 20:30:00|188.31|189.45|187.79|189.4|2398
2020.11.02 21:30:00|189.4|190.39|189.29|190.1|2922
2020.11.02 22:30:00|190.1|190.52|189.24|189.78|2510
2020.11.03 16:30:00|192.99|197.72|192.81|197.43|4871
2020.11.03 17:30:00|197.42|198.38|196.89|197.49|2937
2020.11.03 18:30:00|197.49|198.15|196.93|197.31|2181
2020.11.03 19:30:00|197.36|197.91|197.27|197.52|2165
2020.11.03 20:30:00|197.53|198.43|196.97|197.75|2765
2020.11.03 21:30:00|197.76|198.58|197.33|197.69|2475
2020.11.03 22:30:00|197.7|198.41|197.14|197.24|2941
2020.11.04 16:30:00|195.61|200.06|194.45|198.12|3801
2020.11.04 17:30:00|198.13|199.9|198.11|199.63|2527
2020.11.04 18:30:00|199.62|200.35|199.1|199.12|2269
2020.11.04 19:30:00|199.12|199.25|198.64|199.06|1845
2020.11.04 20:30:00|199.1|199.56|198.31|199.29|2020
2020.11.04 21:30:00|199.29|199.33|197.8|197.94|2083
2020.11.04 22:30:00|197.94|198.56|197.37|197.53|2526
2020.11.05 16:30:00|199.04|202.39|198.6|201.29|3471
2020.11.05 17:30:00|201.18|202.87|201.12|202.29|2412
2020.11.05 18:30:00|202.29|202.31|200.94|201.37|1997
2020.11.05 19:30:00|201.41|202.28|200.93|201.81|1893
2020.11.05 20:30:00|201.83|202.41|201.42|202.23|1758
2020.11.05 21:30:00|202.31|203.68|201.94|202.91|2110
2020.11.05 22:30:00|202.97|203.12|202.01|202.49|2475
2020.11.06 16:30:00|203.46|203.74|200.6|201.71|2789
2020.11.06 17:30:00|201.72|202.15|200.64|200.66|1994
2020.11.06 18:30:00|200.67|201.37|200.6|200.82|1731
2020.11.06 19:30:00|200.85|201.23|199.98|201.23|1444
2020.11.06 20:30:00|201.23|201.82|200.68|201.1|1331
2020.11.06 21:30:00|201.08|201.1|200.03|200.43|1942
2020.11.06 22:30:00|200.43|201.68|200.4|200.75|1766
2020.11.09 16:30:00|214.27|214.68|208.91|211.68|5130
2020.11.09 17:30:00|211.69|212.53|210.25|212.33|3814
2020.11.09 18:30:00|212.33|215.8|211.59|215.66|2967
2020.11.09 19:30:00|215.69|216.29|214.31|215.42|2604
2020.11.09 20:30:00|215.42|216.26|215|215.95|2661
2020.11.09 21:30:00|215.93|217.47|215.33|216.86|2970
2020.11.09 22:30:00|216.86|217.55|213.91|214.36|2889
2020.11.10 16:30:00|214.25|214.26|211.3|212.71|4367
2020.11.10 17:30:00|212.71|213.39|210.78|212.49|2873
2020.11.10 18:30:00|212.49|214.1|212.07|214.06|2145
2020.11.10 19:30:00|214.06|214.74|213.11|213.22|2023
2020.11.10 20:30:00|213.23|214.64|212.8|214.16|2442
2020.11.10 21:30:00|214.14|217.55|214.11|217.49|3037
2020.11.10 22:30:00|217.5|217.94|216.38|217.06|2355
2020.11.11 16:30:00|217.32|217.68|214.62|215.3|4234
2020.11.11 17:30:00|215.3|217.68|215.3|217.27|2656
2020.11.11 18:30:00|217.32|219.07|217.27|217.72|1995
2020.11.11 19:30:00|217.73|219.27|217.45|219.25|1896
2020.11.11 20:30:00|219.25|219.49|218.23|218.23|2238
2020.11.11 21:30:00|218.29|218.7|216.32|216.35|2941
2020.11.11 22:30:00|216.34|217.7|216.24|217.69|2226
2020.11.12 16:30:00|214.88|216.15|213.16|215.02|3596
2020.11.12 17:30:00|215.03|216.43|215.02|215.25|2235
2020.11.12 18:30:00|215.2|215.9|214.17|214.23|2436
2020.11.12 19:30:00|214.23|214.35|212.25|212.86|3070
2020.11.12 20:30:00|212.87|214.2|212.83|214.05|3182
2020.11.12 21:30:00|214.05|214.66|211.93|212.61|3602
2020.11.12 22:30:00|212.61|214.18|212.23|214.08|2903
2020.11.13 16:30:00|215.33|218.36|215.01|218.3|3192
2020.11.13 17:30:00|218.32|219.25|217.7|218.35|3164
2020.11.13 18:30:00|218.35|219.02|218.07|219.01|2564
2020.11.13 19:30:00|219.02|219.78|218.81|219.62|2274
2020.11.13 20:30:00|219.59|219.92|219.15|219.84|2696
2020.11.13 21:30:00|219.84|220.53|218.78|219.18|3197
2020.11.13 22:30:00|219.15|220.06|218.35|218.69|2872
2020.11.16 16:30:00|222.22|224.04|220.9|221.65|4023
2020.11.16 17:30:00|221.66|222.25|219.63|220.94|2563
2020.11.16 18:30:00|220.95|221.79|220.44|220.6|1731
2020.11.16 19:30:00|220.59|221.62|220.35|220.38|1807
2020.11.16 20:30:00|220.42|220.73|219.67|220.15|2063
2020.11.16 21:30:00|220.16|221.1|219.62|221.08|2759
2020.11.16 22:30:00|221.09|222.12|220.99|221.97|2262
2020.11.17 16:30:00|220.24|221.11|217.92|219.55|2734
2020.11.17 17:30:00|219.56|221.71|219.29|221.4|1780
2020.11.17 18:30:00|221.41|222.5|221.41|222.44|1861
2020.11.17 19:30:00|222.44|222.98|222.1|222.87|1561
2020.11.17 20:30:00|222.86|223.91|222.75|223.31|1589
2020.11.17 21:30:00|223.32|223.75|222.89|223.63|1996
2020.11.17 22:30:00|223.52|224.29|222.73|224.2|2156
2020.11.18 16:30:00|223.44|227.25|223.1|226.28|3461
2020.11.18 17:30:00|226.29|226.65|225.69|226.24|2371
2020.11.18 18:30:00|226.24|226.51|225.6|226.15|2163
2020.11.18 19:30:00|226.15|226.81|225.83|225.95|2211
2020.11.18 20:30:00|225.95|226.47|225.48|225.76|2456
2020.11.18 21:30:00|225.76|226.6|225.28|225.28|2937
2020.11.18 22:30:00|225.27|225.36|223.79|223.91|3767
2020.11.19 16:30:00|221.89|224.45|221.69|222.85|4062
2020.11.19 17:30:00|222.85|223.45|221.7|223.16|3727
2020.11.19 18:30:00|223.18|223.46|222.59|222.92|3164
2020.11.19 19:30:00|222.93|223.48|222.71|223.26|2965
2020.11.19 20:30:00|223.26|223.32|222.61|222.74|2622
2020.11.19 21:30:00|222.73|224.29|222.73|223.57|4097
2020.11.19 22:30:00|223.57|224.49|223.48|224.18|3325
2020.11.20 16:30:00|222.85|224.16|222.52|223.36|2818
2020.11.20 17:30:00|223.37|224.23|222.82|223.57|2438
2020.11.20 18:30:00|223.57|224.32|222.78|222.95|2733
2020.11.20 19:30:00|222.96|223.18|222.33|223.1|2139
2020.11.20 20:30:00|223.1|223.51|222.91|223.11|1827
2020.11.20 21:30:00|223.12|223.31|222.68|223.1|3928
2020.11.20 22:30:00|223.1|223.99|222.64|222.81|3398
2020.11.23 16:30:00|225.39|228.69|225.35|227.44|3778
2020.11.23 17:30:00|227.34|229.52|227.17|229.02|3224
2020.11.23 18:30:00|229|229.53|228.6|228.61|3213
2020.11.23 19:30:00|228.62|228.81|227.64|228.25|2933
2020.11.23 20:30:00|228.24|228.74|227.5|228.04|2899
2020.11.23 21:30:00|228.05|229.59|227.82|229.05|3566
2020.11.23 22:30:00|229.06|229.47|228.34|228.43|3546
2020.11.24 16:30:00|231.22|234.98|230.41|234.36|3553
2020.11.24 17:30:00|234.37|235.08|233.56|234.69|2436
2020.11.24 18:30:00|234.7|236.09|234.68|235.24|2355
2020.11.24 19:30:00|235.24|235.69|234.63|235.13|1960
2020.11.24 20:30:00|235.14|235.33|234.21|235.02|2462
2020.11.24 21:30:00|235.01|236.56|234.74|236.25|2370
2020.11.24 22:30:00|236.25|237.69|236.01|237.34|2558
2020.11.25 16:30:00|233.75|234.86|231.97|233.59|3821
2020.11.25 17:30:00|233.6|235.24|232.96|235.11|2146
2020.11.25 18:30:00|235.11|236|234.69|235.86|1653
2020.11.25 19:30:00|235.82|236.28|235.61|235.95|1441
2020.11.25 20:30:00|235.95|237.03|235.74|236.61|1748
2020.11.25 21:30:00|236.68|236.77|235.7|236.7|2217
2020.11.25 22:30:00|236.7|236.76|235.85|236.15|2292
2020.11.27 16:30:00|236.56|236.58|234.33|234.41|1968
2020.11.27 17:30:00|234.42|234.89|233.51|233.51|1096
2020.11.27 18:30:00|233.55|235.09|233.21|233.63|1458
2020.11.27 19:30:00|233.66|235.6|233.6|235.12|1029
2020.11.30 16:30:00|232.56|234.57|232.45|233.1|2540
2020.11.30 17:30:00|233.1|233.21|230.89|231.55|3060
2020.11.30 18:30:00|231.55|231.63|230.41|230.52|2259
2020.11.30 19:30:00|230.49|231.35|230.31|230.68|1682
2020.11.30 20:30:00|230.68|231.51|230.61|231.16|1524
2020.11.30 21:30:00|231.2|231.71|230.54|230.85|2291
2020.11.30 22:30:00|230.85|230.93|229.93|230.33|2519
2020.12.01 16:30:00|231.03|234.44|230.95|233.63|3505
2020.12.01 17:30:00|233.7|234.35|233.01|233.9|2618
2020.12.01 18:30:00|233.93|234.28|232.01|233.12|2078
2020.12.01 19:30:00|233.12|233.16|232.21|232.55|2136
2020.12.01 20:30:00|232.58|233.13|232.26|232.68|2091
2020.12.01 21:30:00|232.69|232.93|232.1|232.82|2676
2020.12.01 22:30:00|232.82|232.82|231.6|231.68|2470
2020.12.02 16:30:00|231.19|235.59|231.18|235.02|2424
2020.12.02 17:30:00|235.02|236.16|234.6|236.07|1919
2020.12.02 18:30:00|236.07|236.46|235.58|236.08|1470
2020.12.02 19:30:00|236.06|236.52|235.65|236.39|1729
2020.12.02 20:30:00|236.42|236.73|235.5|236.6|1728
2020.12.02 21:30:00|236.6|237.13|236.49|237.07|2034
2020.12.02 22:30:00|237.06|237.72|237.04|237.15|1809
2020.12.03 16:30:00|237.16|238.35|236.21|236.85|3379
2020.12.03 17:30:00|236.9|237.71|236.19|237.1|2159
2020.12.03 18:30:00|237.11|237.29|236.6|236.68|1913
2020.12.03 19:30:00|236.67|236.9|236.15|236.29|1843
2020.12.03 20:30:00|236.29|236.57|235.7|236.15|1662
2020.12.03 21:30:00|236.15|237.13|236.03|236.88|1917
2020.12.03 22:30:00|236.89|236.92|234.2|234.85|2801
2020.12.04 16:30:00|237.6|239.1|237.1|238.61|2698
2020.12.04 17:30:00|238.51|238.69|237.24|238.41|1810
2020.12.04 18:30:00|238.41|239.04|238.02|238.76|1970
2020.12.04 19:30:00|238.77|238.92|238.37|238.59|1245
2020.12.04 20:30:00|238.62|238.62|237.28|237.62|1431
2020.12.04 21:30:00|237.62|238.4|237.62|238.24|1969
2020.12.04 22:30:00|238.27|239.32|238.07|239.16|1869
2020.12.07 16:30:00|238.1|238.1|235|237.38|2680
2020.12.07 17:30:00|237.38|238.45|237.13|238.42|2099
2020.12.07 18:30:00|238.39|239.39|238.3|238.7|1612
2020.12.07 19:30:00|238.65|238.99|238.24|238.66|1293
2020.12.07 20:30:00|238.65|239.08|237.94|238.46|1793
2020.12.07 21:30:00|238.46|238.53|237.41|237.95|1743
2020.12.07 22:30:00|237.95|238.12|236.99|238.01|2039
2020.12.08 16:30:00|236.72|237.81|236.02|237.21|2664
2020.12.08 17:30:00|237.21|237.96|236.45|237.75|2069
2020.12.08 18:30:00|237.7|237.87|236.79|237.14|1798
2020.12.08 19:30:00|237.14|237.89|237.14|237.67|1357
2020.12.08 20:30:00|237.67|238.73|237.55|238.47|1577
2020.12.08 21:30:00|238.46|238.65|237.67|238.09|2010
2020.12.08 22:30:00|238.08|238.47|237.6|238.35|1754
2020.12.09 16:30:00|239.97|244.83|239.97|242.72|3307
2020.12.09 17:30:00|242.72|242.83|240.8|242.13|2776
2020.12.09 18:30:00|242.02|243.31|241.18|243.03|2152
2020.12.09 19:30:00|243.03|243.62|242.2|242.46|2828
2020.12.09 20:30:00|242.46|242.55|240.9|242.42|2971
2020.12.09 21:30:00|242.39|242.7|241.38|241.78|2871
2020.12.09 22:30:00|241.78|243.22|241.65|242.35|2277
2020.12.10 16:30:00|239.8|242.82|239.39|241.18|2144
2020.12.10 17:30:00|241.2|243.27|241.13|242.32|1491
2020.12.10 18:30:00|242.32|244.01|241.96|243.94|1279
2020.12.10 19:30:00|243.94|244.42|243.47|244.06|1467
2020.12.10 20:30:00|244.07|244.46|243.4|243.69|1258
2020.12.10 21:30:00|243.6|244.42|243.55|244.41|1483
2020.12.10 22:30:00|244.43|244.73|243.72|244.01|1594
2020.12.11 16:30:00|240.22|240.38|237.86|238.95|2236
2020.12.11 17:30:00|238.95|239.04|237.55|237.8|1827
2020.12.11 18:30:00|237.8|238.1|236.6|237.41|1482
2020.12.11 19:30:00|237.33|238.15|237.06|238.09|1232
2020.12.11 20:30:00|238.09|239.52|237.87|239.25|1644
2020.12.11 21:30:00|239.25|239.44|238.11|238.97|1525
2020.12.11 22:30:00|238.96|239.72|238.74|239.45|1449
2020.12.14 16:30:00|242.56|242.86|239.75|240.29|2635
2020.12.14 17:30:00|240.46|240.49|237.57|237.79|2142
2020.12.14 18:30:00|237.79|238.77|237.42|238.44|1111
2020.12.14 19:30:00|238.45|238.45|237.69|238.18|1341
2020.12.14 20:30:00|238.2|238.6|237.5|237.62|1280
2020.12.14 21:30:00|237.62|237.9|237.3|237.61|1322
2020.12.14 22:30:00|237.61|237.97|236.89|237.26|1390
2020.12.15 16:30:00|238.46|239.07|236.69|237.32|1672
2020.12.15 17:30:00|237.39|240.42|237.16|240.28|1754
2020.12.15 18:30:00|240.28|240.94|239.67|240.25|1092
2020.12.15 19:30:00|240.25|242.19|240.19|241.59|1153
2020.12.15 20:30:00|241.62|242.96|241.51|242.8|954
2020.12.15 21:30:00|242.77|243.16|242.37|242.37|1022
2020.12.15 22:30:00|242.32|242.63|241.91|242.03|1116
2020.12.16 16:30:00|242.63|242.64|240.65|241.66|1812
2020.12.16 17:30:00|241.7|241.99|241.13|241.71|1339
2020.12.16 18:30:00|241.75|242.08|241.15|241.57|875
2020.12.16 19:30:00|241.57|241.83|241.15|241.46|808
2020.12.16 20:30:00|241.46|242.15|241.16|241.28|1067
2020.12.16 21:30:00|241.27|242.59|241.27|242.5|1283
2020.12.16 22:30:00|242.5|243.42|242.29|243.32|1485
2020.12.17 16:30:00|243.63|244.86|242.46|244.74|1877
2020.12.17 17:30:00|244.73|245.3|243.92|245.1|832
2020.12.17 18:30:00|245.02|245.1|244.32|244.7|1117
2020.12.17 19:30:00|244.74|245.51|244.66|245.45|977
2020.12.17 20:30:00|245.47|245.47|244.6|244.9|807
2020.12.17 21:30:00|244.93|245.16|244.22|244.23|1124
2020.12.17 22:30:00|244.25|244.37|243.58|243.97|1053
2020.12.18 16:30:00|243.52|243.6|241.72|241.95|2335
2020.12.18 17:30:00|241.87|242.33|240.83|241.21|1734
2020.12.18 18:30:00|241.21|241.89|240.75|241.5|973
2020.12.18 19:30:00|241.5|241.93|241.2|241.43|951
2020.12.18 20:30:00|241.43|241.51|240.85|241.2|1060
2020.12.18 21:30:00|241.2|241.47|240.35|240.46|1626
2020.12.18 22:30:00|240.46|242.7|240.15|241.7|2175
2020.12.21 16:30:00|249.14|258.35|249.11|255.74|5113
2020.12.21 17:30:00|255.74|258.48|255.35|256.37|2977
2020.12.21 18:30:00|256.38|257.72|255.82|257.22|1796
2020.12.21 19:30:00|257.24|259.7|257.23|259.17|2571
2020.12.21 20:30:00|259.17|260.4|258.11|258.74|1989
2020.12.21 21:30:00|258.74|259.08|257.81|258.57|1750
2020.12.21 22:30:00|258.57|258.77|254.85|256.43|2527
2020.12.22 16:30:00|256.21|256.21|252.7|253.25|3324
2020.12.22 17:30:00|253.21|253.71|252.12|252.25|1643
2020.12.22 18:30:00|252.27|252.49|250.09|250.15|1981
2020.12.22 19:30:00|250.15|250.6|249.75|250.35|1264
2020.12.22 20:30:00|250.4|250.71|249.66|249.85|1307
2020.12.22 21:30:00|249.86|250.54|249.7|249.9|1460
2020.12.22 22:30:00|249.91|250.27|249.4|249.57|1526
2020.12.23 16:30:00|251.18|256.89|251.11|254.2|3617
2020.12.23 17:30:00|254.22|256.61|253.52|255.91|2016
2020.12.23 18:30:00|255.92|257.08|255.53|257.08|1295
2020.12.23 19:30:00|257.09|259.98|256.76|259.92|1274
2020.12.23 20:30:00|259.92|260.06|258.74|259.04|1304
2020.12.23 21:30:00|259.04|259.16|257.19|257.26|1306
2020.12.23 22:30:00|257.26|257.85|256.05|256.05|1576
2020.12.24 16:30:00|257.01|257.02|253.93|254.47|2248
2020.12.24 17:30:00|254.49|255.13|253.89|254.34|953
2020.12.24 18:30:00|254.35|254.74|253.32|254.31|1007
2020.12.24 19:30:00|254.32|255.77|254.17|255.72|813
2020.12.28 16:30:00|257.97|261.35|256.48|261.25|3176
2020.12.28 17:30:00|261.25|262.25|259.86|261.45|2095
2020.12.28 18:30:00|261.38|261.8|260.01|260.01|1466
2020.12.28 19:30:00|260.02|260.56|259.24|259.32|1315
2020.12.28 20:30:00|259.31|259.9|259.15|259.37|901
2020.12.28 21:30:00|259.39|260.13|259.17|259.51|1097
2020.12.28 22:30:00|259.55|259.84|259.1|259.14|1152
2020.12.29 16:30:00|260.18|260.18|256.1|257.6|2888
2020.12.29 17:30:00|257.6|258.45|256.38|257.16|1757
2020.12.29 18:30:00|257.25|258.2|256.9|257.26|1290
2020.12.29 19:30:00|257.2|257.32|256.37|257.19|1634
2020.12.29 20:30:00|257.13|258.09|257.02|257.26|1064
2020.12.29 21:30:00|257.23|258.25|257.2|257.96|1273
2020.12.29 22:30:00|257.95|258.15|257.59|257.59|1233
2020.12.30 16:30:00|258.59|259.15|257.25|259.05|1555
2020.12.30 17:30:00|259.1|260.01|258.95|259.03|1321
2020.12.30 18:30:00|259.04|260.03|258.37|259.97|1198
2020.12.30 19:30:00|259.93|260.18|259.71|260|625
2020.12.30 20:30:00|260.05|260.08|258.97|259.07|681
2020.12.30 21:30:00|259|259.11|258.27|258.81|1059
2020.12.30 22:30:00|258.84|259.65|258.64|259.08|1466
2020.12.31 16:30:00|258.41|260|257.6|259.83|2073
2020.12.31 17:30:00|259.86|262.05|259.69|261.74|1322
2020.12.31 18:30:00|261.74|262.62|261.34|262.53|911
2020.12.31 19:30:00|262.53|262.77|261.37|261.38|966
2020.12.31 20:30:00|261.38|261.47|260.66|260.92|476
2021.01.04 16:30:00|266.14|266.94|263.1|264.19|2609
2021.01.04 17:30:00|264.19|264.2|260.6|261.3|2979
2021.01.04 18:30:00|261.3|261.98|259.71|261.04|2449
2021.01.04 19:30:00|261.04|264.32|260.6|264.07|2861
2021.01.04 20:30:00|264.07|264.63|263.32|264.37|2539
2021.01.04 21:30:00|264.37|264.91|263.29|264.84|3036
2021.01.04 22:30:00|264.84|265.9|264.54|264.57|2705
2021.01.05 16:30:00|264.04|269.6|263.97|267.37|3343
2021.01.05 17:30:00|267.44|269.26|266.86|268.29|2148
2021.01.05 18:30:00|268.23|271.97|268.1|271.47|1744
2021.01.05 19:30:00|271.57|273.02|271.4|272.33|1958
2021.01.05 20:30:00|272.26|272.41|270.92|271.14|1592
2021.01.05 21:30:00|271.23|271.87|270.62|271.27|2020
2021.01.05 22:30:00|271.27|272.33|270.41|270.44|2123
2021.01.06 16:30:00|276.22|283.1|272.7|283.1|5640
2021.01.06 17:30:00|283.1|286.14|282.79|284.85|3371
2021.01.06 18:30:00|284.83|285.38|283.1|284.97|2800
2021.01.06 19:30:00|284.98|287.9|284.97|286.92|2895
2021.01.06 20:30:00|286.92|287.57|284.93|285.21|2993
2021.01.06 21:30:00|285.15|285.84|280.96|284.28|4286
2021.01.06 22:30:00|284.28|285.5|283.47|285.14|3455
2021.01.07 16:30:00|287.39|294.36|286.25|293.99|3412
2021.01.07 17:30:00|293.99|295.44|293.6|294.67|2516
2021.01.07 18:30:00|294.67|295.06|292.95|293.75|1880
2021.01.07 19:30:00|293.75|294.65|292.53|292.54|1862
2021.01.07 20:30:00|292.61|293.81|291.6|292.94|1710
2021.01.07 21:30:00|292.94|293.19|291.64|292|2145
2021.01.07 22:30:00|292.01|292.72|291.19|291.25|1718
2021.01.08 16:30:00|290.6|290.6|285.37|285.37|4400
2021.01.08 17:30:00|285.37|287.57|285.26|286.77|2797
2021.01.08 18:30:00|286.69|287.95|285.62|287.95|2618
2021.01.08 19:30:00|287.96|288.18|285.13|285.47|2694
2021.01.08 20:30:00|285.47|287.11|284.6|286.67|4020
2021.01.08 21:30:00|286.68|288.6|285.98|288.37|4284
2021.01.08 22:30:00|288.44|290.15|288.23|289.56|2516
2021.01.11 16:30:00|283.8|292.34|283.79|289.45|4082
2021.01.11 17:30:00|289.39|291.38|289.2|290.83|2567
2021.01.11 18:30:00|290.83|291.05|290.21|291.05|1644
2021.01.11 19:30:00|291.07|294.45|291.07|293.21|2375
2021.01.11 20:30:00|293.21|293.49|292.35|292.62|2260
2021.01.11 21:30:00|292.61|294.31|292.35|293.17|2364
2021.01.11 22:30:00|293.19|293.69|292.17|293.36|2565
2021.01.12 16:30:00|296.35|299.54|295.8|299.35|3247
2021.01.12 17:30:00|299.36|302.65|299|301.74|2840
2021.01.12 18:30:00|301.74|302.13|299.91|301.87|2402
2021.01.12 19:30:00|301.92|303.43|300.78|301.37|2051
2021.01.12 20:30:00|301.37|301.9|300.28|301.68|1645
2021.01.12 21:30:00|301.68|301.81|299.69|301.12|2100
2021.01.12 22:30:00|301.12|302.16|301.04|301.67|1687
2021.01.13 16:30:00|299.58|302.29|298.7|301.62|2976
2021.01.13 17:30:00|301.6|301.6|299.74|300.93|1859
2021.01.13 18:30:00|300.94|300.96|298.72|299.51|1890
2021.01.13 19:30:00|299.54|301.6|299.51|301.57|1615
2021.01.13 20:30:00|301.57|303.02|301.5|302.86|1788
2021.01.13 21:30:00|302.86|303.05|301.75|301.8|1770
2021.01.13 22:30:00|301.8|303.26|301.51|302.48|1777
2021.01.14 16:30:00|303.98|306.9|303.21|304.21|3862
2021.01.14 17:30:00|304.22|306.25|303.11|306.2|2049
2021.01.14 18:30:00|306.2|307.87|305.79|307.35|1711
2021.01.14 19:30:00|307.35|307.82|305.65|307.18|1698
2021.01.14 20:30:00|307.23|308.07|306.75|308.07|1854
2021.01.14 21:30:00|308.08|308.5|306.64|307.02|3230
2021.01.14 22:30:00|307.02|308.86|306.82|307.48|2840
2021.01.15 16:30:00|301.08|302.92|296.4|297.24|4363
2021.01.15 17:30:00|297.23|299.94|296.93|299.26|3040
2021.01.15 18:30:00|299.24|301.72|298.89|301.38|1816
2021.01.15 19:30:00|301.32|303.36|301.06|303.29|1867
2021.01.15 20:30:00|303.19|304.35|302.74|303.13|2257
2021.01.15 21:30:00|303.14|304.17|300.4|301.21|2241
2021.01.15 22:30:00|301.24|301.36|299.64|300.64|2071
2021.01.19 16:30:00|303.3|305.74|295.2|295.98|2819
2021.01.19 17:30:00|295.85|300.32|295.62|299.88|1400
2021.01.19 18:30:00|299.75|299.75|297.11|297.79|2152
2021.01.19 19:30:00|297.71|297.71|295.6|296.52|2188
2021.01.19 20:30:00|296.52|296.52|294.66|296.02|2153
2021.01.19 21:30:00|296.03|296.1|294.52|295.41|1813
2021.01.19 22:30:00|295.31|295.38|293.4|293.8|2184
2021.01.20 16:30:00|294.64|296.89|288.22|289.05|2605
2021.01.20 17:30:00|289.05|290.48|287.94|288.25|1647
2021.01.20 18:30:00|288.32|289.32|287.46|288.5|1589
2021.01.20 19:30:00|288.5|290.02|287.67|287.92|1695
2021.01.20 20:30:00|287.96|288.96|287.07|288.06|1492
2021.01.20 21:30:00|288.03|289.52|287.62|289.41|1816
2021.01.20 22:30:00|289.42|290.47|289.32|290.03|2032
2021.01.21 16:30:00|291.18|291.71|289.89|290.2|1541
2021.01.21 18:30:00|290.32|290.52|288.1|288.76|729
2021.01.21 19:30:00|288.77|289.34|288.23|288.93|1101
2021.01.21 20:30:00|288.93|289.99|288.21|289.72|1092
2021.01.21 21:30:00|289.76|290.43|289.22|289.5|1063
2021.01.21 22:30:00|289.51|289.86|288.92|288.96|1244
2021.01.22 16:30:00|285.11|290.13|285.1|285.99|3935
2021.01.22 17:30:00|285.84|287.63|285.84|287.14|2108
2021.01.22 18:30:00|287.21|287.98|286.91|287.32|1434
2021.01.22 19:30:00|287.32|289.1|287.18|288.58|1249
2021.01.22 20:30:00|288.57|288.97|287.82|288.55|1260
2021.01.22 21:30:00|288.61|289.4|288.48|289.27|1615
2021.01.22 22:30:00|289.24|289.93|288.81|288.87|1653
2021.01.25 16:30:00|284.11|285.83|281.12|282.63|4666
2021.01.25 17:30:00|282.64|283.11|277.1|278.64|3753
2021.01.25 18:30:00|278.65|281.1|278.18|280.89|2526
2021.01.25 19:30:00|280.94|281.95|279.47|281.76|2013
2021.01.25 20:30:00|281.86|282.53|281.1|282.04|1752
2021.01.25 21:30:00|282.05|282.28|280.79|282.13|1853
2021.01.25 22:30:00|282.07|282.71|282.07|282.6|1806
2021.01.26 16:30:00|284.13|285.31|281.51|282.8|3602
2021.01.26 17:30:00|282.81|282.94|280.21|281.9|2383
2021.01.26 18:30:00|281.9|282.12|279.68|279.94|1614
2021.01.26 19:30:00|279.86|282.47|279.84|282.39|1240
2021.01.26 20:30:00|282.4|283.97|282.07|283.07|1370
2021.01.26 21:30:00|283.01|284.09|282.98|283.6|1728
2021.01.26 22:30:00|283.54|283.6|281.16|281.35|1570
2021.01.27 16:30:00|274.62|275.78|270.79|273.64|3699
2021.01.27 17:30:00|273.65|276.9|272.8|275.29|3121
2021.01.27 18:30:00|275.28|276.6|274.32|275.71|3247
2021.01.27 19:30:00|275.71|276.56|274.6|276.09|2004
2021.01.27 20:30:00|276.01|276.72|274.54|274.54|2140
2021.01.27 21:30:00|274.6|276.22|273.13|274.78|4611
2021.01.27 22:30:00|274.78|275.08|272.25|272.44|3225
2021.01.28 16:30:00|272.51|277.07|270.92|275.45|3901
2021.01.28 17:30:00|275.6|278.28|274.6|276.45|2691
2021.01.28 18:30:00|276.45|278.99|276.32|278.9|1838
2021.01.28 19:30:00|278.9|279.39|277.1|277.7|1549
2021.01.28 20:30:00|277.71|278.59|275.24|276.32|1775
2021.01.28 21:30:00|276.32|276.85|274.94|274.96|2721
2021.01.28 22:30:00|274.97|275.62|274.31|274.41|2303
2021.01.29 16:30:00|272.66|276.82|271.49|274.26|4452
2021.01.29 17:30:00|274.34|276.1|273.27|273.78|2918
2021.01.29 18:30:00|273.75|274.97|273.23|273.41|2803
2021.01.29 19:30:00|273.35|273.57|270.22|271.85|3636
2021.01.29 20:30:00|271.85|272.81|270.27|271.9|2750
2021.01.29 21:30:00|271.9|273.22|270.65|272.74|3434
2021.01.29 22:30:00|272.75|273.54|270.64|270.68|3536
2021.02.01 16:30:00|271.88|274.66|271.6|273.04|4656
2021.02.01 17:30:00|272.96|274.44|271.7|273.61|2601
2021.02.01 18:30:00|273.61|274.4|273.11|274.35|1779
2021.02.01 19:30:00|274.35|275.49|274.3|274.88|1581
2021.02.01 20:30:00|274.89|275.95|274.08|275.95|1619
2021.02.01 21:30:00|275.98|276.39|274.54|274.89|1806
2021.02.01 22:30:00|274.89|275.09|274.16|274.16|1324
2021.02.02 16:30:00|279.18|283.73|279|282.71|5173
2021.02.02 17:30:00|282.71|284.75|282.01|283.46|2414
2021.02.02 18:30:00|283.46|286.41|283.2|284.55|2601
2021.02.02 19:30:00|284.58|286.09|284.4|286|1895
2021.02.02 20:30:00|286|286.47|285.05|286.43|1938
2021.02.02 21:30:00|286.43|287.79|286.33|287.66|2305
2021.02.02 22:30:00|287.66|287.68|286.26|286.49|2440
2021.02.03 16:30:00|286.07|288.83|284.71|286.74|5018
2021.02.03 17:30:00|286.74|288.45|285.69|287.02|2735
2021.02.03 18:30:00|287.02|287.68|286.61|287.43|1783
2021.02.03 19:30:00|287.48|288.66|287.07|288.34|1778
2021.02.03 20:30:00|288.34|289.34|287.87|287.94|2024
2021.02.03 21:30:00|287.9|288.82|287.74|288.11|2074
2021.02.03 22:30:00|288.11|288.64|287.98|288.1|2130
2021.02.04 16:30:00|289.99|295.23|289.64|294.24|5472
2021.02.04 17:30:00|294.24|295.32|292.84|294.27|3340
2021.02.04 18:30:00|294.27|294.49|293.64|294.27|2018
2021.02.04 19:30:00|294.27|294.66|293.13|294.18|1981
2021.02.04 20:30:00|294.19|294.58|293.15|293.42|1745
2021.02.04 21:30:00|293.45|293.78|292.15|292.27|2067
2021.02.04 22:30:00|292.27|293.52|292.16|293.51|1820
2021.02.05 16:30:00|294.82|296.02|292.13|293.9|4371
2021.02.05 17:30:00|294.04|296.73|293.91|294.56|2459
2021.02.05 18:30:00|294.57|294.85|292.99|293.85|2045
2021.02.05 19:30:00|293.7|293.95|291.7|292.38|1809
2021.02.05 20:30:00|292.47|293.64|292.41|293.3|1511
2021.02.05 21:30:00|293.34|293.84|292.63|293.53|1760
2021.02.05 22:30:00|293.53|294.32|292.9|293.02|1444
2021.02.08 16:30:00|295.66|298.76|295.16|298.4|4009
2021.02.08 17:30:00|298.4|298.99|296.99|297.89|2850
2021.02.08 18:30:00|297.9|300.18|297.66|299.32|2368
2021.02.08 19:30:00|299.33|300.35|299.1|299.63|1694
2021.02.08 20:30:00|299.63|299.79|299.09|299.47|1721
2021.02.08 21:30:00|299.48|299.86|298.77|299.76|1787
2021.02.08 22:30:00|299.77|300.46|299.66|299.66|1446
2021.02.09 16:30:00|298.39|299.84|297.25|297.64|3570
2021.02.09 17:30:00|297.65|299.91|297.65|299.41|2843
2021.02.09 18:30:00|299.4|301.1|299.1|301.03|1977
2021.02.09 19:30:00|301.03|301.97|300.8|300.83|1930
2021.02.09 20:30:00|300.83|301.19|300.17|300.22|1515
2021.02.09 21:30:00|300.22|300.78|299.6|300.36|1355
2021.02.09 22:30:00|300.37|300.66|299.68|300.13|1648
2021.02.10 16:30:00|301|302.85|297.8|298.77|4343
2021.02.10 17:30:00|298.77|301.21|297.2|300.46|5775
2021.02.10 18:30:00|300.47|301.95|299.86|301.38|3400
2021.02.10 19:30:00|301.27|303.37|301.03|302.8|2814
2021.02.10 20:30:00|302.81|304.01|302.34|302.7|2514
2021.02.10 21:30:00|302.71|304.71|302.6|304.64|2549
2021.02.10 22:30:00|304.64|304.64|302.85|303.87|3295
2021.02.11 16:30:00|303.9|304.56|302.1|303.13|4078
2021.02.11 17:30:00|303.13|303.35|300.91|301.24|2826
2021.02.11 18:30:00|301.24|301.61|298.71|298.97|2344
2021.02.11 19:30:00|298.98|300.78|298.7|300.4|3256
2021.02.11 20:30:00|300.4|300.7|299.39|300.03|2622
2021.02.11 21:30:00|300.02|301.37|299.84|301.08|2899
2021.02.11 22:30:00|301.08|301.95|300.65|301.82|2533
2021.02.12 16:30:00|302.52|305.52|302.06|302.36|4879
2021.02.12 17:30:00|302.36|303.17|301.6|302.12|3306
2021.02.12 18:30:00|302.12|303.97|302.05|303.26|1953
2021.02.12 19:30:00|303.27|303.92|302.74|303.78|2001
2021.02.12 20:30:00|303.71|304.52|303.13|304.46|1988
2021.02.12 21:30:00|304.49|305.31|304.11|305.04|2060
2021.02.12 22:30:00|304.97|306.28|304.78|305.91|2477
2021.02.16 16:30:00|309.74|310.87|308.73|310.61|5397
2021.02.16 17:30:00|310.63|310.9|308.95|309.85|4171
2021.02.16 18:30:00|309.85|310.65|309.25|309.92|3240
2021.02.16 19:30:00|309.84|310.25|309.31|310.18|2093
2021.02.16 20:30:00|310.16|312.2|310.1|311.98|1995
2021.02.16 21:30:00|311.94|312.47|311.31|311.75|2602
2021.02.16 22:30:00|311.75|312.19|311.31|311.55|2391
2021.02.17 16:30:00|310.88|313.15|308.35|312.91|5084
2021.02.17 17:30:00|312.83|314.52|310.88|311.98|4221
2021.02.17 18:30:00|311.98|312.12|309.3|310.47|3232
2021.02.17 19:30:00|310.47|311.21|309.43|311.16|2660
2021.02.17 20:30:00|311.16|312.41|310.56|311.56|2312
2021.02.17 21:30:00|311.56|313.01|311.46|312.15|2592
2021.02.17 22:30:00|312.15|312.71|311.75|312.28|1862
2021.02.18 16:30:00|309.5|314.02|307.88|308.84|5203
2021.02.18 17:30:00|308.73|308.73|307.15|307.92|3773
2021.02.18 18:30:00|307.84|308.58|307.64|307.9|2286
2021.02.18 19:30:00|307.9|310.08|307.55|309.93|1783
2021.02.18 20:30:00|309.93|311.66|309.79|311.06|2091
2021.02.18 21:30:00|311.06|311.85|310.21|310.43|1863
2021.02.18 22:30:00|310.36|310.86|309.3|309.5|1876
2021.02.19 16:30:00|310.94|314.29|310.52|313.75|4263
2021.02.19 17:30:00|313.75|314.91|312.96|314.31|2812
2021.02.19 18:30:00|314.3|315.43|313.97|314.39|2985
2021.02.19 19:30:00|314.39|314.59|313.22|314.31|2577
2021.02.19 20:30:00|314.38|314.95|313.97|314.24|2443
2021.02.19 21:30:00|314.29|315.64|314.24|315.59|2295
2021.02.19 22:30:00|315.6|316.35|314.81|315.11|2475
2021.02.22 16:30:00|313.3|320.1|312.76|319.37|6962
2021.02.22 17:30:00|319.37|319.41|314.41|315.35|4204
2021.02.22 18:30:00|315.36|316.96|315.15|316.87|4129
2021.02.22 19:30:00|316.85|318.35|316.11|317.32|2783
2021.02.22 20:30:00|317.23|317.75|316.61|317.75|2249
2021.02.22 21:30:00|317.73|318.05|316.16|316.3|2969
2021.02.22 22:30:00|316.31|316.6|315.28|316.45|2789
2021.02.23 16:30:00|316.46|317.82|309.91|317.18|6902
2021.02.23 17:30:00|317.15|318.93|315.99|317.57|5428
2021.02.23 18:30:00|317.57|318.19|316.86|317.67|5921
2021.02.23 19:30:00|317.67|318.36|316.31|317.55|5326
2021.02.23 20:30:00|317.55|318.41|316.83|318.16|5650
2021.02.23 21:30:00|318.17|319.44|317.07|319.13|5741
2021.02.23 22:30:00|319.13|319.56|318.52|318.71|3635
2021.02.24 16:30:00|320.99|326.99|320.96|326.79|6448
2021.02.24 17:30:00|326.8|327.52|324.7|327.06|5344
2021.02.24 18:30:00|327.06|327.28|325.75|326.84|4125
2021.02.24 19:30:00|326.88|328.17|325.92|327.66|3021
2021.02.24 20:30:00|327.67|330.26|327.08|330.2|3814
2021.02.24 21:30:00|330.2|330.48|328.93|329.57|3668
2021.02.24 22:30:00|329.57|330.49|329.57|330.03|2888
2021.02.25 16:30:00|331.87|335.41|330.3|331.69|5917
2021.02.25 17:30:00|331.69|332.41|330.4|331.54|4176
2021.02.25 18:30:00|331.43|331.99|328.2|328.7|4554
2021.02.25 19:30:00|328.71|329.32|325.77|328.54|6220
2021.02.25 20:30:00|328.54|330.84|327.22|330.5|4947
2021.02.25 21:30:00|330.44|330.5|327.63|327.9|5486
2021.02.25 22:30:00|327.93|328.47|325.82|327.34|5082
2021.02.26 16:30:00|325.89|327.89|318.6|319.45|7234
2021.02.26 17:30:00|319.5|322.73|319.5|321.2|7221
2021.02.26 18:30:00|321.19|323.5|320.93|322.92|5135
2021.02.26 19:30:00|322.99|323.85|320.96|321.93|4099
2021.02.26 20:30:00|321.94|322.12|319.71|319.91|5321
2021.02.26 21:30:00|319.91|322.69|319.68|321.22|5737
2021.02.26 22:30:00|321.21|322.74|319.17|319.29|4675
2021.03.01 16:30:00|325.02|328.63|322.85|326.81|4206
2021.03.01 17:30:00|326.82|329.18|326.82|328.16|2689
2021.03.01 18:30:00|328.22|328.39|325.63|326.47|1542
2021.03.01 19:30:00|326.47|328.33|326.47|327.43|1822
2021.03.01 20:30:00|327.51|329.61|327.51|329.45|1406
2021.03.01 21:30:00|329.48|330.59|328.53|328.77|1749
2021.03.01 22:30:00|328.77|329.89|328.77|329.42|1944
2021.03.02 16:30:00|330.06|335.68|329.04|333.5|6299
2021.03.02 17:30:00|333.5|334.22|331.27|332.13|4244
2021.03.02 18:30:00|332.13|332.2|329.38|331.25|2776
2021.03.02 19:30:00|331.26|332.51|330.87|332.02|2127
2021.03.02 20:30:00|332.02|332.41|330.62|330.77|2359
2021.03.02 21:30:00|330.77|332.61|330.6|331.76|2787
2021.03.02 22:30:00|331.76|332.01|330.29|330.34|2268
2021.03.03 16:30:00|332.95|339.59|332.6|336.19|6113
2021.03.03 17:30:00|336.19|339.2|335.6|337.43|5479
2021.03.03 18:30:00|337.4|338.24|336.95|337.84|3722
2021.03.03 19:30:00|337.84|338.84|336.6|336.71|3387
2021.03.03 20:30:00|336.71|336.93|333.08|333.23|4040
2021.03.03 21:30:00|333.15|336.57|332.85|335.67|5572
2021.03.03 22:30:00|335.69|335.86|333.61|333.78|4313
2021.03.04 16:30:00|336.64|339.29|331.65|333.32|6123
2021.03.04 17:30:00|333.33|333.33|331.1|332.79|5836
2021.03.04 18:30:00|332.8|336.1|332.29|334.94|4741
2021.03.04 19:30:00|334.79|335.72|328.1|329.5|6462
2021.03.04 20:30:00|329.58|330.41|323.42|328|7145
2021.03.04 21:30:00|327.96|329.66|325.6|327.87|6845
2021.03.04 22:30:00|327.86|330.36|327.8|328.79|4546
2021.03.05 16:30:00|333.66|334.57|324.78|325.1|6647
2021.03.05 17:30:00|325.11|325.66|315.89|316.27|6274
2021.03.05 18:30:00|316.3|322.87|316.3|322.53|6686
2021.03.05 19:30:00|322.6|324.43|321.35|324.38|6218
2021.03.05 20:30:00|324.43|326.09|323.32|324.91|5192
2021.03.05 21:30:00|324.91|326.13|324.01|325.09|4579
2021.03.05 22:30:00|325.16|327.24|325.15|326.99|3596
2021.03.08 16:30:00|330.19|333.55|328.6|330.72|6937
2021.03.08 17:30:00|330.71|337.14|330.71|337|5315
2021.03.08 18:30:00|337.02|337.16|334.63|336.54|4520
2021.03.08 19:30:00|336.55|336.72|335.05|335.51|3687
2021.03.08 20:30:00|335.52|335.55|332.48|334.22|3586
2021.03.08 21:30:00|334.23|335.02|332.27|334.33|4638
2021.03.08 22:30:00|334.33|336.52|333.53|333.62|3834
2021.03.09 16:30:00|327.73|331.12|325.1|330.3|6239
2021.03.09 17:30:00|330.3|335.65|330.14|333.62|4117
2021.03.09 18:30:00|333.62|335.86|333.21|335.46|3037
2021.03.09 19:30:00|335.46|335.75|333.74|334.49|2965
2021.03.09 20:30:00|334.49|335.98|334.33|335.03|3503
2021.03.09 21:30:00|335.03|335.55|332.67|332.73|3529
2021.03.09 22:30:00|332.73|332.8|329.86|329.86|2935
2021.03.10 16:30:00|331.57|338.1|331.52|335.97|4830
2021.03.10 17:30:00|335.97|339.15|335.63|338.3|4941
2021.03.10 18:30:00|338.31|338.87|337.72|338.05|3546
2021.03.10 19:30:00|338.1|339.54|336.29|339.39|4523
2021.03.10 20:30:00|339.39|341.62|338.84|340.94|4536
2021.03.10 21:30:00|340.96|341.85|340.1|341.49|4854
2021.03.10 22:30:00|341.49|341.89|340.93|341.61|3276
2021.03.11 16:30:00|339.62|343.83|336.04|343.76|5248
2021.03.11 17:30:00|343.87|344.43|342.12|343.12|3523
2021.03.11 18:30:00|343.13|344.16|342.83|343.83|3506
2021.03.11 19:30:00|343.83|343.96|340.6|341.66|3547
2021.03.11 20:30:00|341.66|344.5|341.6|344.17|3560
2021.03.11 21:30:00|344.15|344.31|340.61|341.83|3703
2021.03.11 22:30:00|341.83|342.05|341.31|341.72|2829
2021.03.12 16:30:00|343.47|349.57|343.47|346.64|4481
2021.03.12 17:30:00|346.64|347.95|345.98|347.8|3265
2021.03.12 18:30:00|347.81|347.98|345.75|345.88|2597
2021.03.12 19:30:00|345.81|347.08|345.25|346.68|2350
2021.03.12 20:30:00|346.69|346.96|345.88|346.49|2135
2021.03.12 21:30:00|346.64|348.17|346.46|347.76|2892
2021.03.12 22:30:00|347.78|348.5|347.49|348.25|2409
2021.03.15 15:30:00|349.07|351.76|344.65|346.65|6268
2021.03.15 16:30:00|346.76|348.04|342.94|342.98|3665
2021.03.15 17:30:00|342.98|343.93|341.6|343.16|3398
2021.03.15 18:30:00|343.23|344.76|342.99|343.46|2974
2021.03.15 19:30:00|343.47|344.3|342.73|344.2|3520
2021.03.15 20:30:00|344.2|344.75|343.49|344.16|3296
2021.03.15 21:30:00|344.16|345.94|344.02|345.49|3209
2021.03.16 15:30:00|344.37|344.6|338.6|339.12|5054
2021.03.16 16:30:00|339.12|339.95|337.28|339.4|3171
2021.03.16 17:30:00|339.41|342.19|339.22|341.35|2840
2021.03.16 18:30:00|341.38|342.76|340.84|341.21|2151
2021.03.16 19:30:00|341.27|341.91|340.6|341.03|2853
2021.03.16 20:30:00|341.04|342.25|340.62|341.72|3713
2021.03.16 21:30:00|341.74|342.37|341.07|341.29|2913
2021.03.17 15:30:00|343.16|346.48|341.19|341.58|5349
2021.03.17 16:30:00|341.5|343.03|339.97|342.43|5480
2021.03.17 17:30:00|342.37|343.14|341.94|342.27|3982
2021.03.17 18:30:00|342.27|342.98|341.23|341.63|3921
2021.03.17 19:30:00|341.63|344.72|341.37|342.35|4492
2021.03.17 20:30:00|342.36|344.11|341.85|343.79|6081
2021.03.17 21:30:00|343.8|344.77|343.46|344.56|4523
2021.03.18 15:30:00|349.24|353.95|348.88|353.95|5960
2021.03.18 16:30:00|353.88|356.33|353.45|354.38|4479
2021.03.18 17:30:00|354.41|356.38|354.39|354.61|3259
2021.03.18 18:30:00|354.63|355.23|352.83|352.88|3373
2021.03.18 19:30:00|352.88|353.3|351.06|351.15|4924
2021.03.18 20:30:00|351.15|351.33|348.3|348.84|7087
2021.03.18 21:30:00|348.84|349.03|346.52|347.61|5483
2021.03.19 15:30:00|344.81|346.43|340.21|341.63|7809
2021.03.19 16:30:00|341.63|344.17|340.26|342.03|6025
2021.03.19 17:30:00|341.91|344.33|341.7|344.18|5438
2021.03.19 18:30:00|344.18|345.19|342.6|344.59|4370
2021.03.19 19:30:00|344.62|345.89|343.85|344.42|4428
2021.03.19 20:30:00|344.42|344.78|343.6|344.41|5156
2021.03.19 21:30:00|344.42|346|343.87|343.99|3655
2021.03.22 15:30:00|342.07|342.07|335.96|336.39|5944
2021.03.22 16:30:00|336.44|338.28|335.6|337.02|3735
2021.03.22 17:30:00|337.05|338.81|337.01|337.59|3522
2021.03.22 18:30:00|337.55|338.66|337|338.43|3579
2021.03.22 19:30:00|338.43|338.95|337.99|338.71|3469
2021.03.22 20:30:00|338.72|340.78|338.72|339.66|4712
2021.03.22 21:30:00|339.62|339.86|338.67|338.89|3099
2021.03.23 15:30:00|336.55|341.43|336.1|339.83|4557
2021.03.23 16:30:00|339.83|340.2|335.15|336.18|3665
2021.03.23 17:30:00|336.19|338.09|335.99|337.15|4248
2021.03.23 18:30:00|337.16|339.22|337.14|338.49|3555
2021.03.23 19:30:00|338.49|338.75|334.83|335.5|3985
2021.03.23 20:30:00|335.5|335.6|332.35|332.9|5870
2021.03.23 21:30:00|332.89|332.89|330.89|331.25|3929
2021.03.24 15:30:00|332.53|336.41|329.93|335.34|6445
2021.03.24 16:30:00|335.2|336.26|331.54|332.14|4681
2021.03.24 17:30:00|332.14|333.25|331.16|333.11|3645
2021.03.24 18:30:00|333.11|333.2|330.91|331.5|3426
2021.03.24 19:30:00|331.5|332.36|329.93|329.93|3484
2021.03.24 20:30:00|329.91|329.99|327.96|329.22|5510
2021.03.24 21:30:00|329.21|329.6|328.12|328.12|4045
2021.03.25 15:30:00|326.28|327.43|323.25|326.27|6121
2021.03.25 16:30:00|326.27|326.95|321.49|325.07|6276
2021.03.25 17:30:00|325.06|327.17|324.61|326.72|5555
2021.03.25 18:30:00|326.78|329.67|326.78|327.98|4981
2021.03.25 19:30:00|327.99|330.1|327.31|327.37|5321
2021.03.25 20:30:00|327.38|330.1|327.27|329.59|6362
2021.03.25 21:30:00|329.59|330.9|329.3|330.15|4124
2021.03.26 15:30:00|334.05|334.8|331.87|334.31|6025
2021.03.26 16:30:00|334.31|334.71|329.97|330.82|4458
2021.03.26 17:30:00|330.83|331.26|329.23|330.25|3393
2021.03.26 18:30:00|330.26|330.52|327.52|327.63|3540
2021.03.26 19:30:00|327.64|327.86|323.25|323.38|3711
2021.03.26 20:30:00|323.39|324.89|322.21|324.78|4239
2021.03.26 21:30:00|324.78|327.01|324.47|326.75|2661
2021.03.29 16:30:00|319.26|326.6|317.24|323.25|10916
2021.03.29 17:30:00|323.25|324.13|320.1|320.53|7536
2021.03.29 18:30:00|320.58|322.58|319.9|320.98|4511
2021.03.29 19:30:00|320.99|323.9|320.99|322.47|4540
2021.03.29 20:30:00|322.46|325.15|322.32|324.37|5643
2021.03.29 21:30:00|324.26|327.34|323.78|327.12|6276
2021.03.29 22:30:00|327.14|327.14|324.78|325.07|3594
2021.03.30 16:30:00|329.45|335.17|328.3|331.61|9545
2021.03.30 17:30:00|331.61|333.41|330.67|331.9|6753
2021.03.30 18:30:00|331.82|332.18|330.53|331.33|6818
2021.03.30 19:30:00|331.33|332.36|330.21|330.71|6139
2021.03.30 20:30:00|330.71|331.91|329.85|331.55|6030
2021.03.30 21:30:00|331.55|332.69|330.77|332.49|4985
2021.03.30 22:30:00|332.43|332.76|330.5|330.99|2606
2021.03.31 16:30:00|330.78|332.01|327.15|327.79|4209
2021.03.31 17:30:00|327.8|328.02|325.33|325.37|3602
2021.03.31 18:30:00|325.37|327.63|324.9|326.9|2702
2021.03.31 19:30:00|326.91|328.25|326.41|327.04|2518
2021.03.31 20:30:00|327.05|328.1|326.87|327.62|3332
2021.03.31 21:30:00|327.63|328.74|327.03|327.14|4167
2021.03.31 22:30:00|327.11|328.03|326.4|326.85|4011
2021.04.01 16:30:00|325.41|328.43|324.09|326.99|4463
2021.04.01 17:30:00|326.98|327.31|326.14|326.67|2643
2021.04.01 18:30:00|326.68|329.24|326.68|328.49|3071
2021.04.01 19:30:00|328.51|328.83|326.17|326.78|2469
2021.04.01 20:30:00|326.78|327.72|326.4|327.64|2587
2021.04.01 21:30:00|327.64|328.05|326.9|326.96|3210
2021.04.01 22:30:00|326.96|328.03|325.99|327.38|2470
2021.04.05 16:30:00|331.35|332.18|325.19|326.41|4654
2021.04.05 17:30:00|326.41|327.12|324.71|325.84|3541
2021.04.05 18:30:00|325.84|326.23|323.99|326.09|2923
2021.04.05 19:30:00|326.1|326.48|324.25|324.46|2762
2021.04.05 20:30:00|324.46|325.39|323.87|323.91|2509
2021.04.05 21:30:00|323.91|323.99|322.67|322.89|3260
2021.04.05 22:30:00|322.88|323.68|322.61|323.14|2786
2021.04.06 16:30:00|324.39|328.03|324.38|326.25|3439
2021.04.06 17:30:00|326.25|327.25|324.72|325.19|3705
2021.04.06 18:30:00|325.13|326.17|324.93|325.68|2606
2021.04.06 19:30:00|325.73|326.02|324.32|324.45|2859
2021.04.06 20:30:00|324.45|325.93|324.32|324.95|2772
2021.04.06 21:30:00|324.91|325.17|324.32|324.87|3096
2021.04.06 22:30:00|324.88|326.82|324.88|326.55|2818
2021.04.07 16:30:00|326.74|328.58|324.6|325.52|5006
2021.04.07 17:30:00|325.52|325.6|324.01|324.15|3130
2021.04.07 18:30:00|324.15|325.17|322.9|324.85|4145
2021.04.07 19:30:00|324.83|326.48|324.8|325.87|3376
2021.04.07 20:30:00|325.87|326.3|325.75|326.18|2828
2021.04.07 21:30:00|326.23|326.39|325.03|325.03|3000
2021.04.07 22:30:00|325.03|326.12|324.45|326.06|2021
2021.04.08 16:30:00|323.87|324.57|322.32|323.41|3845
2021.04.08 17:30:00|323.42|325.44|323.28|325.36|3148
2021.04.08 18:30:00|325.36|327.79|325.25|327.65|2403
2021.04.08 19:30:00|327.64|329.28|327.5|328.52|1611
2021.04.08 20:30:00|328.54|329.33|327.85|328.56|1417
2021.04.08 21:30:00|328.55|330.94|328.48|330.53|1788
2021.04.08 22:30:00|330.53|331.02|329.75|330.58|1636
2021.04.09 16:30:00|333.52|334.43|328.27|329.39|4699
2021.04.09 17:30:00|329.39|331.37|328.84|330.85|2342
2021.04.09 18:30:00|330.85|331.04|329.52|329.7|2137
2021.04.09 19:30:00|329.67|329.99|329.03|329.19|1922
2021.04.09 20:30:00|329.16|329.87|328.7|329.03|1576
2021.04.09 21:30:00|329.03|330.31|328.96|330.25|2390
2021.04.09 22:30:00|330.26|331|330.26|330.42|1865
2021.04.12 16:30:00|332.03|333.87|330.45|332.56|4999
2021.04.12 17:30:00|332.57|333.78|331.6|332.33|3967
2021.04.12 18:30:00|332.33|332.58|331.33|331.56|3597
2021.04.12 19:30:00|331.56|331.66|329.43|329.62|2970
2021.04.12 20:30:00|329.6|330.3|329.54|330.1|3361
2021.04.12 21:30:00|330.11|331.15|329.83|330.5|2409
2021.04.12 22:30:00|330.49|331.5|330.45|331.45|1597
2021.04.13 16:30:00|328.91|329.27|323.73|328.19|5008
2021.04.13 17:30:00|328.27|328.82|327.44|327.6|2847
2021.04.13 18:30:00|327.61|328.59|327.18|327.23|1935
2021.04.13 19:30:00|327.23|327.37|326.13|326.3|1594
2021.04.13 20:30:00|326.31|328.38|326.24|327.71|2195
2021.04.13 21:30:00|327.72|329.2|327.12|328.3|2884
2021.04.13 22:30:00|328.37|328.51|326.86|327.28|2801
2021.04.14 16:30:00|328.53|340.23|328.11|338.3|5873
2021.04.14 17:30:00|338.34|343.95|337.82|341.88|2713
2021.04.14 18:30:00|341.92|343.48|338.15|338.35|1682
2021.04.14 19:30:00|338.36|340.92|335.17|335.8|1996
2021.04.14 20:30:00|335.87|339.02|335.7|337.98|2004
2021.04.14 21:30:00|337.98|338.63|336.29|336.96|2110
2021.04.14 22:30:00|336.96|337.15|333.6|334.91|1833
2021.04.15 16:30:00|339.48|340.59|334|335.49|6018
2021.04.15 17:30:00|335.49|338.1|334.16|334.46|3429
2021.04.15 18:30:00|334.45|339.62|334.42|339.17|2781
2021.04.15 19:30:00|339.17|339.78|336.76|337.75|2431
2021.04.15 20:30:00|337.75|339.48|337.64|339.05|2411
2021.04.15 21:30:00|339.06|340.14|337.43|337.46|2778
2021.04.15 22:30:00|337.46|338.39|337.14|338.04|2477
2021.04.16 16:30:00|340.18|343.13|338.2|340.49|5436
2021.04.16 17:30:00|340.48|342.47|340.15|341.06|3969
2021.04.16 18:30:00|341.08|341.48|338.68|339.37|3211
2021.04.16 19:30:00|339.37|341.13|339.23|341.12|2760
2021.04.16 20:30:00|341.13|341.45|340.48|341.31|2364
2021.04.16 21:30:00|341.24|342.61|341.24|342.31|3340
2021.04.16 22:30:00|342.31|342.37|341.49|341.74|2364
2021.04.19 16:30:00|338.97|341.59|336.6|338.8|4496
2021.04.19 17:30:00|338.8|338.91|336.2|338.33|3147
2021.04.19 18:30:00|338.35|341.91|338.01|341.85|3023
2021.04.19 19:30:00|341.85|342.44|340.33|342.14|2595
2021.04.19 20:30:00|342.15|343.95|341.98|343.4|3039
2021.04.19 21:30:00|343.4|343.49|342.03|342.22|2373
2021.04.19 22:30:00|342.22|342.77|341.68|342.69|1712
2021.04.20 16:30:00|338.93|340.04|335.82|336.05|5158
2021.04.20 17:30:00|336.05|336.14|332.05|332.76|4004
2021.04.20 18:30:00|332.82|334.07|331.83|332.74|3008
2021.04.20 19:30:00|332.74|332.83|329.48|329.52|2193
2021.04.20 20:30:00|329.57|330.77|328.93|329.8|2463
2021.04.20 21:30:00|329.65|331.41|329.3|331.13|2273
2021.04.20 22:30:00|331.15|332.11|330.9|331.4|1717
2021.04.21 16:30:00|328.17|332.5|327.11|331.19|4710
2021.04.21 17:30:00|331.19|333.84|330.31|330.49|2627
2021.04.21 18:30:00|330.52|332.17|330.26|331.93|2184
2021.04.21 19:30:00|331.93|332.89|331.7|331.92|1495
2021.04.21 20:30:00|331.92|333.7|331.92|333.06|1284
2021.04.21 21:30:00|333.06|334.38|333.06|333.62|1577
2021.04.21 22:30:00|333.62|334.96|333.52|334.7|1627
2021.04.22 16:30:00|333.4|335|331.7|332.49|4662
2021.04.22 17:30:00|332.37|333.91|332.33|333.8|2733
2021.04.22 18:30:00|333.8|335.62|333.8|335.06|2274
2021.04.22 19:30:00|335.06|336.43|331.74|333.65|3201
2021.04.22 20:30:00|333.52|333.92|329.75|331.18|5135
2021.04.22 21:30:00|331.19|331.98|330.13|330.53|4183
2021.04.22 22:30:00|330.55|331.12|330.15|330.27|3166
2021.04.23 16:30:00|331.07|336.76|330.2|336.68|4440
2021.04.23 17:30:00|336.69|338.6|336.38|337.43|2673
2021.04.23 18:30:00|337.42|337.85|336.72|337.48|1930
2021.04.23 19:30:00|337.48|339.1|337.48|338.88|1865
2021.04.23 20:30:00|338.88|339.41|338.46|338.83|1701
2021.04.23 21:30:00|338.79|339.96|338.75|339.74|1722
2021.04.23 22:30:00|339.73|340.24|338.17|338.91|1878
2021.04.26 16:30:00|341.27|345.42|340.69|343.02|3489
2021.04.26 17:30:00|343.02|344.93|342.6|344.78|2542
2021.04.26 18:30:00|344.78|345.09|343.98|344.16|2103
2021.04.26 19:30:00|344.16|344.59|344.03|344.27|1482
2021.04.26 20:30:00|344.27|344.39|343.66|343.93|1170
2021.04.26 21:30:00|343.93|344.38|343|343.57|1800
2021.04.26 22:30:00|343.51|344.37|342.65|342.99|1688
2021.04.27 16:30:00|343.99|347|343.91|344.88|4646
2021.04.27 17:30:00|344.93|346.13|343.19|345.23|2943
2021.04.27 18:30:00|345.25|345.38|344.26|344.54|1125
2021.04.27 19:30:00|344.51|344.56|343.14|343.79|1450
2021.04.27 20:30:00|343.79|344.65|343.71|344.48|1662
2021.04.27 21:30:00|344.53|345.65|344.51|345.65|1746
2021.04.27 22:30:00|345.63|346.43|345.36|346.11|1428
2021.04.28 16:30:00|347.9|349.63|345.6|347.45|4155
2021.04.28 17:30:00|347.42|349.55|347.41|348.61|2848
2021.04.28 18:30:00|348.61|348.97|348.12|348.43|2407
2021.04.28 19:30:00|348.43|348.68|347.8|347.88|1725
2021.04.28 20:30:00|347.89|348.86|347.21|348.86|1994
2021.04.28 21:30:00|348.85|349.39|347.41|349.25|3785
2021.04.28 22:30:00|349.25|349.33|347.52|347.71|2648
2021.04.29 16:30:00|350.32|351.51|349.43|349.58|4347
2021.04.29 17:30:00|349.58|349.77|347.04|349.18|2921
2021.04.29 18:30:00|349.09|349.8|347.87|349.15|3231
2021.04.29 19:30:00|349.15|350.98|348.98|350.68|2636
2021.04.29 20:30:00|350.68|352.93|350.46|352.75|2498
2021.04.29 21:30:00|352.75|353.4|351.92|352.11|2848
2021.04.29 22:30:00|352.12|353.11|352.12|352.58|2543
2021.04.30 16:30:00|350.28|352.25|348.85|349.44|4197
2021.04.30 17:30:00|349.44|349.44|346.7|347.61|4088
2021.04.30 18:30:00|347.61|348.7|347.31|348.18|2827
2021.04.30 19:30:00|348.18|349.9|348|349.87|3008
2021.04.30 20:30:00|349.88|350.43|348.31|349.56|2858
2021.04.30 21:30:00|349.56|349.69|347.9|348.8|3734
2021.04.30 22:30:00|348.78|348.88|347.49|347.68|3159
2021.05.03 16:30:00|349.74|353.31|348.6|350.74|5517
2021.05.03 17:30:00|350.74|353.55|350.71|351.72|3761
2021.05.03 18:30:00|351.77|352.47|350.37|351.49|2206
2021.05.03 19:30:00|351.5|352.23|350.83|351.99|2360
2021.05.03 20:30:00|351.93|352.21|351.25|351.94|2491
2021.05.03 21:30:00|351.94|352.09|351|351.21|2061
2021.05.03 22:30:00|351.21|351.5|349.52|349.63|2270
2021.05.04 16:30:00|348.11|351.23|342.64|344.29|5495
2021.05.04 17:30:00|344.29|344.79|342.09|343.99|3180
2021.05.04 18:30:00|343.99|347.6|343.84|347.48|3616
2021.05.04 19:30:00|347.48|348.19|346.84|347.76|2832
2021.05.04 20:30:00|347.77|348.48|347.18|348.32|3124
2021.05.04 21:30:00|348.32|348.93|347.36|348.67|4388
2021.05.04 22:30:00|348.6|349.56|348.24|349.36|2605
2021.05.05 16:30:00|351.1|351.55|347.82|349.62|4320
2021.05.05 17:30:00|349.76|354.36|349.49|353.82|3557
2021.05.05 18:30:00|353.84|356.15|353.6|355.53|2187
2021.05.05 19:30:00|355.53|355.96|354.5|355.57|2285
2021.05.05 20:30:00|355.57|358.53|355.39|358.37|2789
2021.05.05 21:30:00|358.37|358.66|356.81|357.24|3018
2021.05.05 22:30:00|357.24|358.13|356.71|357.12|2304
2021.05.06 16:30:00|359.09|361.96|356.1|358.44|5893
2021.05.06 17:30:00|358.44|359.99|357.95|359.99|3572
2021.05.06 18:30:00|359.99|361.77|359.85|361.04|3751
2021.05.06 19:30:00|361.04|361.35|359.11|361.02|3236
2021.05.06 20:30:00|361.02|361.5|359.88|360.41|3079
2021.05.06 21:30:00|360.41|363.54|359.9|363.39|3767
2021.05.06 22:30:00|363.38|365.81|363.28|365.3|2285
2021.05.07 16:30:00|362.92|366.26|360.3|363.74|5702
2021.05.07 17:30:00|363.9|366.58|363.6|366.52|2425
2021.05.07 18:30:00|366.5|368.54|366.34|368.54|2138
2021.05.07 19:30:00|368.54|369.98|368|369.56|1938
2021.05.07 20:30:00|369.56|370.44|368.92|370.31|2028
2021.05.07 21:30:00|370.31|370.8|369.54|370.6|2310
2021.05.07 22:30:00|370.62|371.16|369.81|370.39|1706
2021.05.10 16:30:00|373.71|376.42|371.95|373.66|5592
2021.05.10 17:30:00|373.66|374.54|371.95|373.67|3454
2021.05.10 18:30:00|373.73|373.73|370.78|370.78|2441
2021.05.10 19:30:00|370.83|372.95|370.78|372.41|2234
2021.05.10 20:30:00|372.38|373.47|370.98|372.21|2848
2021.05.10 21:30:00|372.21|372.47|370.64|371.65|3384
2021.05.10 22:30:00|371.67|372.01|368.1|368.27|2681
2021.05.11 16:30:00|361.94|368.05|360.62|362.33|6082
2021.05.11 17:30:00|362.34|362.93|359.35|362.12|5396
2021.05.11 18:30:00|362.11|362.27|359.49|359.49|3810
2021.05.11 19:30:00|359.48|361.03|358.1|360.95|3991
2021.05.11 20:30:00|360.94|361.98|359.93|361.74|3690
2021.05.11 21:30:00|361.74|362.31|359.91|361.86|5033
2021.05.11 22:30:00|361.91|361.98|358.6|359.44|3228
2021.05.12 16:30:00|362.63|366.3|360.05|360.19|6869
2021.05.12 17:30:00|360.19|362.83|359.28|362.03|4463
2021.05.12 18:30:00|361.95|362.05|358.33|359.49|3848
2021.05.12 19:30:00|359.49|360.48|358.7|359.06|3750
2021.05.12 20:30:00|359.06|359.85|357.1|357.1|4035
2021.05.12 21:30:00|357.12|358.82|353.41|353.8|5520
2021.05.12 22:30:00|353.82|355.09|352.87|353.79|4865
2021.05.13 16:30:00|353.6|358.91|353.1|358.78|5119
2021.05.13 17:30:00|358.78|359.84|356.23|356.41|3673
2021.05.13 18:30:00|356.42|357.98|355.27|356.86|3010
2021.05.13 19:30:00|356.86|358.57|356.27|356.93|2802
2021.05.13 20:30:00|356.93|359|355.05|358.93|2801
2021.05.13 21:30:00|358.95|359.8|358.34|359.13|3209
2021.05.13 22:30:00|359.12|360.43|358|358.27|2326
2021.05.14 16:30:00|362.01|367.67|361.11|365.51|4634
2021.05.14 17:30:00|365.51|366.47|363.98|364.99|2240
2021.05.14 18:30:00|364.99|366.97|364.79|366.39|1418
2021.05.14 19:30:00|366.4|368.33|365.9|368.18|1122
2021.05.14 20:30:00|368.22|368.93|367.11|368.7|1602
2021.05.14 21:30:00|368.7|369.06|368.01|368.54|1902
2021.05.14 22:30:00|368.55|369.07|367.97|368.17|2114
2021.05.17 16:30:00|367.69|369.78|364.04|366.62|4621
2021.05.17 17:30:00|366.62|369.71|366.1|368|3510
2021.05.17 18:30:00|368|369.08|366.71|368.94|2037
2021.05.17 19:30:00|368.94|369.4|367.03|367.47|1671
2021.05.17 20:30:00|367.62|368.72|367.24|368.1|2103
2021.05.17 21:30:00|368.2|368.47|367.1|367.87|1932
2021.05.17 22:30:00|367.81|368.95|367.6|368.72|1565
2021.05.18 16:30:00|371.94|372.46|367.08|368.24|4045
2021.05.18 17:30:00|368.26|368.79|367.29|367.9|3088
2021.05.18 18:30:00|367.82|367.88|366.17|367.13|2563
2021.05.18 19:30:00|367.13|367.53|366.55|367.17|2476
2021.05.18 20:30:00|367.17|367.68|366.67|366.87|2251
2021.05.18 21:30:00|366.86|367.69|366.1|367.22|3378
2021.05.18 22:30:00|367.23|367.44|363.6|363.81|3260
2021.05.19 16:30:00|357.12|358.55|353.5|355.36|8152
2021.05.19 17:30:00|355.35|356.62|353.66|356.51|6503
2021.05.19 18:30:00|356.52|357.47|354.84|356.63|4412
2021.05.19 19:30:00|356.57|358.99|356.22|358|4678
2021.05.19 20:30:00|358.02|358.03|354.88|356.87|5728
2021.05.19 21:30:00|356.82|357.95|354.97|357.91|7385
2021.05.19 22:30:00|357.92|358.07|356.16|357.93|3849
2021.05.20 16:30:00|358.39|358.42|352.9|357.95|4717
2021.05.20 17:30:00|357.95|359.3|356.96|358.9|2565
2021.05.20 18:30:00|358.95|360.33|358.28|358.28|2684
2021.05.20 19:30:00|358.28|359.17|356.86|359.17|2771
2021.05.20 20:30:00|359.17|360.13|358.41|360.13|3506
2021.05.20 21:30:00|360.15|361.51|359.49|361.27|3656
2021.05.20 22:30:00|361.23|361.34|358.75|359.26|3122
2021.05.21 16:30:00|361|364.74|360.1|363.67|4676
2021.05.21 17:30:00|363.7|366.1|363.09|364.38|3998
2021.05.21 18:30:00|364.39|365.89|363.69|363.94|3752
2021.05.21 19:30:00|363.95|364.15|362.27|363.42|3338
2021.05.21 20:30:00|363.38|364.6|362.87|364.52|2371
2021.05.21 21:30:00|364.52|365.86|364.21|365.58|2872
2021.05.21 22:30:00|365.59|366.66|365.13|365.85|2411
2021.05.24 16:30:00|366.72|368.11|364.91|366.35|4471
2021.05.24 17:30:00|366.36|367.26|365.69|367.17|3314
2021.05.24 18:30:00|367.17|367.31|365.86|366.7|2773
2021.05.24 19:30:00|366.72|368.82|366.57|368.67|2335
2021.05.24 20:30:00|368.67|369.27|368.28|368.81|2758
2021.05.24 21:30:00|368.82|369.28|368.3|369.16|3211
2021.05.24 22:30:00|369.16|369.21|367.82|367.9|2840
2021.05.25 16:30:00|369.2|373.18|368.6|368.91|4943
2021.05.25 17:30:00|368.91|370.41|367.68|367.88|4442
2021.05.25 18:30:00|367.82|369.79|366.61|369.72|3791
2021.05.25 19:30:00|369.72|369.81|368.69|369.22|3474
2021.05.25 20:30:00|369.22|369.23|366.52|366.97|3537
2021.05.25 21:30:00|366.97|367.32|365.17|365.88|4089
2021.05.25 22:30:00|365.92|365.93|363.69|364.11|3617
2021.05.26 16:30:00|364.11|367.01|361.32|366.07|5849
2021.05.26 17:30:00|366.2|367.83|365.44|366.54|4176
2021.05.26 18:30:00|366.52|368.02|365.9|367.24|3488
2021.05.26 19:30:00|367.24|368.35|366.98|367.93|3069
2021.05.26 20:30:00|367.96|368.08|366.47|367.85|2779
2021.05.26 21:30:00|367.87|367.88|366.53|367.4|2736
2021.05.26 22:30:00|367.37|367.66|366.69|367.04|2332
2021.05.27 16:30:00|372.19|373.04|370.17|371.3|6591
2021.05.27 17:30:00|371.3|371.31|367.84|367.84|5880
2021.05.27 18:30:00|367.81|369.3|366.98|368.93|3958
2021.05.27 19:30:00|368.95|369.14|367.86|368.3|3103
2021.05.27 20:30:00|368.25|369.18|367.6|368.95|3542
2021.05.27 21:30:00|368.95|370.21|368.54|370.03|3288
2021.05.27 22:30:00|370.07|371.46|369.62|370.78|3054
2021.05.28 16:30:00|370.3|370.92|367.69|368.89|6209
2021.05.28 17:30:00|368.89|371.37|368.7|370.57|4146
2021.05.28 18:30:00|370.62|371.59|369.98|370.91|3900
2021.05.28 19:30:00|370.9|371.42|370.65|371.19|2715
2021.05.28 20:30:00|371.19|372.67|371.03|372.39|3565
2021.05.28 21:30:00|372.34|372.61|371.44|372.11|3752
2021.05.28 22:30:00|372.12|372.6|371.22|371.52|3258
2021.06.01 16:30:00|378.06|379.63|375.8|378.06|4974
2021.06.01 17:30:00|378.06|381.65|378.06|381.52|4566
2021.06.01 18:30:00|381.52|382.9|381.11|381.76|3619
2021.06.01 19:30:00|381.76|381.98|379.95|380.73|3254
2021.06.01 20:30:00|380.74|381.79|380.31|381.62|2486
2021.06.01 21:30:00|381.62|381.8|381.15|381.43|2645
2021.06.01 22:30:00|381.44|382.06|380.6|381.94|2530
2021.06.02 16:30:00|382.71|382.71|378.84|381.91|5115
2021.06.02 17:30:00|382.01|382.98|381.34|381.76|4030
2021.06.02 18:30:00|381.77|381.95|380.64|380.64|2585
2021.06.02 19:30:00|380.6|381.07|378.89|379.91|2821
2021.06.02 20:30:00|379.89|383.24|379.46|382.88|3196
2021.06.02 21:30:00|382.88|384.23|382.63|383.32|3132
2021.06.02 22:30:00|383.32|383.37|382.39|382.95|2468
2021.06.03 16:30:00|382.81|384.95|379.7|384.76|5992
2021.06.03 17:30:00|384.76|387.09|384.61|386.77|4788
2021.06.03 18:30:00|386.78|388.88|386.03|388.86|3301
2021.06.03 19:30:00|388.85|390.23|388.41|389.93|3976
2021.06.03 20:30:00|389.94|390.78|388.03|388.22|3923
2021.06.03 21:30:00|388.22|389.29|387.11|389.06|4059
2021.06.03 22:30:00|389.05|389.29|387.83|388.21|2963
2021.06.04 16:30:00|389.05|390.85|385.82|388.38|5499
2021.06.04 17:30:00|388.38|389.02|386.81|387.54|4383
2021.06.04 18:30:00|387.54|388.24|386.48|388.05|2816
2021.06.04 19:30:00|388.11|390.72|387.92|390.45|3112
2021.06.04 20:30:00|390.49|390.65|389.58|389.92|2747
2021.06.04 21:30:00|389.91|390.52|389.4|390.46|2753
2021.06.04 22:30:00|390.46|391.61|390.33|391.01|2354
2021.06.07 16:30:00|391.98|392.12|388.05|388.25|4396
2021.06.07 17:30:00|388.25|389.18|387.91|388.49|3615
2021.06.07 18:30:00|388.49|390.83|388|390.26|2243
2021.06.07 19:30:00|390.27|390.49|389.48|389.76|2083
2021.06.07 20:30:00|389.76|389.82|387.87|388.32|2217
2021.06.07 21:30:00|388.36|388.79|387.13|388.15|2083
2021.06.07 22:30:00|388.16|388.44|387.11|387.7|1690
2021.06.08 16:30:00|384.68|385.4|381.7|384.18|5750
2021.06.08 17:30:00|384.18|384.96|382.71|383.43|4164
2021.06.08 18:30:00|383.48|386.01|383.37|385.58|3307
2021.06.08 19:30:00|385.59|385.83|384.95|385.09|2393
2021.06.08 20:30:00|385.09|385.39|384.63|384.93|2686
2021.06.08 21:30:00|384.87|385.09|384|384.61|2830
2021.06.08 22:30:00|384.61|385.35|383.76|384.3|2255
2021.06.09 16:30:00|381.88|382.89|378.36|382.42|4013
2021.06.09 17:30:00|382.36|383.79|381.6|383.41|2296
2021.06.09 18:30:00|383.42|383.65|381.58|381.99|2004
2021.06.09 19:30:00|382|382.64|381.6|382.47|1863
2021.06.09 20:30:00|382.47|383.05|382.21|382.99|1703
2021.06.09 21:30:00|382.93|383.51|382.01|382.06|1634
2021.06.09 22:30:00|382.06|382.86|381.93|382.16|2050
2021.06.10 16:30:00|386.75|388.36|382.99|383.01|4402
2021.06.10 17:30:00|383.07|383.74|381.35|382.84|3658
2021.06.10 18:30:00|382.88|383.22|381.63|382.08|3326
2021.06.10 19:30:00|382.14|382.22|380.67|380.8|2642
2021.06.10 20:30:00|380.81|381.43|380.38|380.43|2423
2021.06.10 21:30:00|380.43|380.83|375.6|375.68|3373
2021.06.10 22:30:00|375.7|376.17|371.89|373.26|3302
2021.06.11 16:30:00|375.3|378.19|374.95|375.2|4114
2021.06.11 17:30:00|375.21|376.48|374.79|376.07|2780
2021.06.11 18:30:00|376.07|377.29|375.4|375.53|2158
2021.06.11 19:30:00|375.53|376.67|374.61|376.19|2004
2021.06.11 20:30:00|376.19|376.29|375.43|376.17|1422
2021.06.11 21:30:00|376.17|377.36|375.96|377.22|1906
2021.06.11 22:30:00|377.21|377.79|376.8|377.7|1412
2021.06.14 16:30:00|376.85|377.62|375.07|377|4330
2021.06.14 17:30:00|377.01|377.49|372.8|373.1|3110
2021.06.14 18:30:00|373.19|373.43|371.74|372.6|2998
2021.06.14 19:30:00|372.61|372.94|371.75|372.72|2169
2021.06.14 20:30:00|372.72|372.84|370.8|370.97|1966
2021.06.14 21:30:00|371|371.28|370.3|370.6|2341
2021.06.14 22:30:00|370.59|372.53|370.32|372.52|1700
2021.06.15 16:30:00|371.85|374.2|368.08|368.37|3634
2021.06.15 17:30:00|368.44|369.85|368.28|369.1|2100
2021.06.15 18:30:00|369.08|369.11|366.68|369.11|2224
2021.06.15 19:30:00|369.11|371.6|369.11|371.09|1766
2021.06.15 20:30:00|371.09|372.39|371.02|371.6|1634
2021.06.15 21:30:00|371.6|372.21|370.89|371.38|1821
2021.06.15 22:30:00|371.38|371.83|370.08|370.82|1984
2021.06.16 16:30:00|369.6|370.16|366.1|366.8|4520
2021.06.16 17:30:00|366.73|369.39|366.47|369.1|2595
2021.06.16 18:30:00|369.1|369.94|368.38|368.57|2073
2021.06.16 19:30:00|368.52|368.52|365.76|365.98|1697
2021.06.16 20:30:00|365.98|373.54|364.83|370.22|3363
2021.06.16 21:30:00|370.22|372.24|368.29|370.7|4764
2021.06.16 22:30:00|370.71|371.82|370.28|370.61|2686
2021.06.17 16:30:00|370.61|372.03|364.1|364.42|4990
2021.06.17 17:30:00|364.43|365.61|360.6|361.25|3475
2021.06.17 18:30:00|361.25|362.48|356.3|356.64|3261
2021.06.17 19:30:00|356.71|360.41|356.15|359.87|2397
2021.06.17 20:30:00|359.87|360.56|358.91|360.18|2112
2021.06.17 21:30:00|360.18|362.11|358.6|362.11|2447
2021.06.17 22:30:00|362.11|362.72|360.92|361.1|2073
2021.06.18 16:30:00|353.25|357.6|350.24|350.7|8142
2021.06.18 17:30:00|350.7|352.84|349.9|351.58|4210
2021.06.18 18:30:00|351.61|353.44|351.21|351.61|2893
2021.06.18 19:30:00|351.61|351.81|350.3|350.82|2302
2021.06.18 20:30:00|350.78|351.28|349.68|350.15|1941
2021.06.18 21:30:00|350.14|350.24|348.26|348.6|2640
2021.06.18 22:30:00|348.65|350.74|347.72|347.93|3063
2021.06.21 16:30:00|352.17|357.13|350.6|356.5|6679
2021.06.21 17:30:00|356.53|356.93|354.21|354.29|3923
2021.06.21 18:30:00|354.39|356.37|354.25|355.2|3088
2021.06.21 19:30:00|355.21|356.25|354.45|355.96|2760
2021.06.21 20:30:00|356.01|356.83|355.62|355.8|2281
2021.06.21 21:30:00|355.72|356.84|355.29|356.22|2871
2021.06.21 22:30:00|356.23|357.5|356.16|357.14|1963
2021.06.22 16:30:00|356.09|356.91|352.24|354.25|4082
2021.06.22 17:30:00|354.26|356.8|353.66|355.98|2543
2021.06.22 18:30:00|356.04|356.81|355.18|356.4|2232
2021.06.22 19:30:00|356.36|356.78|355.76|356.72|1564
2021.06.22 20:30:00|356.78|357.56|356.54|357.41|1874
2021.06.22 21:30:00|357.41|359.36|357.34|358.94|1900
2021.06.22 22:30:00|358.95|359.41|357.12|357.13|1928
2021.06.23 16:30:00|358.98|359.92|357.24|358.74|3981
2021.06.23 17:30:00|358.63|360.19|357.94|359.1|2579
2021.06.23 18:30:00|359.11|359.91|358.4|359.73|1647
2021.06.23 19:30:00|359.75|361.74|359.64|361.45|2064
2021.06.23 20:30:00|361.45|362.01|361.09|361.74|1826
2021.06.23 21:30:00|361.73|361.98|360.94|361.78|1924
2021.06.23 22:30:00|361.76|361.83|360.38|360.65|1759
2021.06.24 16:30:00|362.6|365.86|362.1|365.44|4233
2021.06.24 17:30:00|365.44|366.21|364.23|365.92|2477
2021.06.24 18:30:00|365.96|366.4|365.2|365.72|1793
2021.06.24 19:30:00|365.72|368.46|365.66|367.45|2314
2021.06.24 20:30:00|367.47|369.1|367.46|368.6|2031
2021.06.24 21:30:00|368.67|370.26|368.48|370.13|2345
2021.06.24 22:30:00|370.1|370.4|367.74|368.35|2327
2021.06.25 16:30:00|369.07|370.38|364.14|366.77|4322
2021.06.25 17:30:00|366.77|369.29|366.6|368.95|2481
2021.06.25 18:30:00|368.96|370.68|368.21|369.59|2148
2021.06.25 19:30:00|369.6|370.16|367.84|368.16|1916
2021.06.25 20:30:00|368.16|368.83|368.03|368.73|2082
2021.06.25 21:30:00|368.73|369.79|368.63|368.96|1769
2021.06.25 22:30:00|368.96|369.53|368.16|368.24|1978
2021.06.28 16:30:00|366.73|367.38|363.39|366.75|4342
2021.06.28 17:30:00|366.75|367.05|364.96|364.98|3085
2021.06.28 18:30:00|364.98|366.43|364.76|365.23|2236
2021.06.28 19:30:00|365.12|366.69|365.1|365.23|1891
2021.06.28 20:30:00|365.31|367.96|365.1|367.89|1711
2021.06.28 21:30:00|367.9|368.11|366.5|367.24|2535
2021.06.28 22:30:00|367.24|368.43|366.99|368.08|2081
2021.06.29 16:30:00|374.5|376.9|370.93|376.39|4721
2021.06.29 17:30:00|376.41|377.61|375.19|375.79|2436
2021.06.29 18:30:00|375.75|375.83|372.61|372.61|1357
2021.06.29 19:30:00|372.68|373.44|372.41|372.85|1538
2021.06.29 20:30:00|372.89|373.05|371.69|371.69|1173
2021.06.29 21:30:00|371.71|372.85|370.26|372.62|1963
2021.06.29 22:30:00|372.62|372.62|371.83|372.13|1599
2021.06.30 16:30:00|371.08|376.31|370.5|375.47|4361
2021.06.30 17:30:00|375.36|376.43|373.62|375.1|2205
2021.06.30 18:30:00|375.1|378.52|375|377.72|1993
2021.06.30 19:30:00|377.73|379.29|377.69|378.47|1533
2021.06.30 20:30:00|378.47|378.84|377.3|378.68|1417
2021.06.30 21:30:00|378.68|379.66|378.56|378.7|1243
2021.06.30 22:30:00|378.68|379.32|378.11|378.87|2129
2021.07.01 16:30:00|380.59|380.66|375.3|376.82|3615
2021.07.01 17:30:00|376.74|377.39|375.17|375.72|2172
2021.07.01 18:30:00|375.73|376.4|375.17|375.77|1635
2021.07.01 19:30:00|375.77|375.99|375.21|375.24|1133
2021.07.01 20:30:00|375.24|375.81|374.19|375.81|1171
2021.07.01 21:30:00|375.8|376.36|375.29|375.73|1087
2021.07.01 22:30:00|375.73|376.03|373.7|374.58|1535
2021.07.02 16:30:00|374.71|375.14|371.93|372.97|2817
2021.07.02 17:30:00|372.94|373.76|372.61|373.25|2055
2021.07.02 18:30:00|373.25|373.48|372.65|373.06|1267
2021.07.02 19:30:00|373.04|374.1|372.94|373.9|1398
2021.07.02 20:30:00|373.82|373.91|372.79|373.69|1127
2021.07.02 21:30:00|373.69|374.07|373.37|373.9|1255
2021.07.02 22:30:00|373.9|374.03|373.3|373.62|1242
2021.07.06 16:30:00|371.6|372.09|366.93|367.93|4364
2021.07.06 17:30:00|367.93|367.93|364.86|366.3|3370
2021.07.06 18:30:00|366.3|368.17|366.01|366.63|3189
2021.07.06 19:30:00|366.5|368.5|366|368.15|2034
2021.07.06 20:30:00|368.15|369.4|367.72|369.37|1529
2021.07.06 21:30:00|369.37|370.04|368.9|369.8|1471
2021.07.06 22:30:00|369.8|370.32|369.38|369.42|1344
2021.07.07 16:30:00|366.11|369.58|363|363.33|3413
2021.07.07 17:30:00|363.28|367.3|361.77|367.17|3347
2021.07.07 18:30:00|367|368.27|366.14|367.45|2759
2021.07.07 19:30:00|367.46|367.6|365.76|365.79|2071
2021.07.07 20:30:00|365.8|367.62|365.76|367.12|2068
2021.07.07 21:30:00|367.07|367.7|366.23|367.52|1731
2021.07.07 22:30:00|367.53|367.96|366.98|367.3|1649
2021.07.08 16:30:00|359.6|361.1|355.15|357.29|5765
2021.07.08 17:30:00|357.2|360.74|355.68|360.06|4793
2021.07.08 18:30:00|360.06|362.42|359.69|361.32|3214
2021.07.08 19:30:00|361.32|361.39|358.77|359.51|2596
2021.07.08 20:30:00|359.52|359.58|355.65|355.95|2799
2021.07.08 21:30:00|355.83|358.44|355.8|357.82|3275
2021.07.08 22:30:00|357.83|358.54|356.77|358.51|2601
2021.07.09 16:30:00|364.68|369.08|364.43|368.38|4024
2021.07.09 17:30:00|368.38|369.29|367.66|368.31|2525
2021.07.09 18:30:00|368.32|370.27|368.28|368.89|1748
2021.07.09 19:30:00|368.89|370.47|368.68|370.21|1522
2021.07.09 20:30:00|370.24|371.53|369.86|371.38|1338
2021.07.09 21:30:00|371.35|371.46|370.36|371.24|1411
2021.07.09 22:30:00|371.2|371.67|370.76|371.36|1820
2021.07.12 16:30:00|368.36|379.33|366.93|377.8|5915
2021.07.12 17:30:00|377.8|379.8|377.37|379.66|3499
2021.07.12 18:30:00|379.71|383.46|379.16|381.98|2716
2021.07.12 19:30:00|381.98|382.4|380.46|382.11|3205
2021.07.12 20:30:00|382.03|382.11|379.87|380.42|1989
2021.07.12 21:30:00|380.42|381.63|379.98|381.4|2268
2021.07.12 22:30:00|381.42|381.69|379.96|379.97|2226
2021.07.13 16:30:00|382.41|384.79|371.6|372.37|4657
2021.07.13 17:30:00|372.41|374.98|371.71|374.61|2904
2021.07.13 18:30:00|374.55|376.36|373.22|375.47|2475
2021.07.13 19:30:00|375.47|377.24|374.49|376.31|2455
2021.07.13 20:30:00|376.32|380.06|375.25|376.44|3390
2021.07.13 21:30:00|376.45|377.39|375.29|376.73|2700
2021.07.13 22:30:00|376.67|376.74|375.4|375.55|2344
2021.07.14 16:30:00|378.63|381.17|374.81|375.49|3136
2021.07.14 17:30:00|375.52|376.08|372.64|373.17|1925
2021.07.14 18:30:00|373.17|373.98|370.78|371.69|1593
2021.07.14 19:30:00|371.7|372.79|371|372.06|977
2021.07.14 20:30:00|372.02|373.01|371.45|371.81|1133
2021.07.14 21:30:00|371.9|373.2|371.59|372.73|1236
2021.07.14 22:30:00|372.76|374.25|372.03|373.82|1466
2021.07.15 16:30:00|371.61|375.95|370.77|375.68|4506
2021.07.15 17:30:00|375.68|377.34|374.67|376.5|3407
2021.07.15 18:30:00|376.5|378.32|375.25|375.47|2498
2021.07.15 19:30:00|375.47|375.55|371.48|371.87|1809
2021.07.15 20:30:00|371.88|372.06|370.16|371.91|2283
2021.07.15 21:30:00|371.91|372.8|371.11|372.8|1798
2021.07.15 22:30:00|372.8|373.04|372.11|372.75|1770
2021.07.16 16:30:00|373.04|373.13|368.1|368.31|5538
2021.07.16 17:30:00|368.3|369.61|366.96|368.26|3519
2021.07.16 18:30:00|368.26|369.42|366.5|366.53|1588
2021.07.16 19:30:00|366.53|367.8|366.42|366.72|1536
2021.07.16 20:30:00|366.62|366.77|365|365.35|1798
2021.07.16 21:30:00|365.35|365.58|363.3|364.51|2203
