2019.08.28 18:30:00|2.38|2.39|2.38|2.38|3
2019.08.28 19:30:00|2.37|2.37|2.35|2.35|3
2019.08.28 20:30:00|2.36|2.36|2.36|2.36|1
2019.08.28 21:30:00|2.37|2.38|2.37|2.37|3
2019.08.29 16:30:00|2.4|2.43|2.4|2.41|15
2019.08.29 17:30:00|2.42|2.45|2.42|2.45|5
2019.08.29 18:30:00|2.44|2.44|2.43|2.43|2
2019.08.29 19:30:00|2.44|2.45|2.44|2.45|2
2019.08.29 20:30:00|2.46|2.47|2.46|2.47|2
2019.08.29 21:30:00|2.48|2.48|2.47|2.47|4
2019.08.29 22:30:00|2.46|2.46|2.46|2.46|1
2019.08.30 16:30:00|2.54|2.55|2.48|2.48|23
2019.08.30 17:30:00|2.49|2.49|2.46|2.46|6
2019.08.30 18:30:00|2.47|2.48|2.46|2.46|6
2019.08.30 19:30:00|2.45|2.45|2.45|2.45|1
2019.08.30 20:30:00|2.44|2.44|2.42|2.43|4
2019.09.03 16:30:00|2.42|2.43|2.36|2.38|37
2019.09.03 17:30:00|2.37|2.39|2.37|2.38|5
2019.09.03 18:30:00|2.39|2.39|2.39|2.39|1
2019.09.03 19:30:00|2.4|2.4|2.39|2.39|2
2019.09.03 20:30:00|2.4|2.41|2.4|2.4|4
2019.09.03 22:30:00|2.39|2.39|2.39|2.39|1
2019.09.04 16:30:00|2.41|2.41|2.39|2.41|12
2019.09.04 17:30:00|2.42|2.42|2.42|2.42|1
2019.09.04 18:30:00|2.43|2.44|2.43|2.44|2
2019.09.04 19:30:00|2.45|2.46|2.45|2.46|2
2019.09.04 21:30:00|2.47|2.47|2.46|2.46|2
2019.09.05 16:30:00|2.52|2.55|2.51|2.54|20
2019.09.05 17:30:00|2.55|2.55|2.51|2.52|12
2019.09.05 18:30:00|2.53|2.53|2.52|2.53|5
2019.09.05 19:30:00|2.54|2.55|2.54|2.55|2
2019.09.06 16:30:00|2.58|2.58|2.54|2.57|8
2019.09.06 17:30:00|2.56|2.56|2.56|2.56|1
2019.09.06 18:30:00|2.55|2.55|2.54|2.54|2
2019.09.06 19:30:00|2.53|2.53|2.5|2.53|7
2019.09.06 20:30:00|2.54|2.56|2.53|2.54|8
2019.09.06 21:30:00|2.53|2.53|2.51|2.52|4
2019.09.09 16:30:00|2.55|2.62|2.55|2.6|29
2019.09.09 17:30:00|2.61|2.63|2.61|2.62|9
2019.09.09 18:30:00|2.63|2.64|2.62|2.64|4
2019.09.09 19:30:00|2.65|2.66|2.65|2.66|4
2019.09.09 20:30:00|2.67|2.71|2.67|2.7|6
2019.09.09 21:30:00|2.71|2.74|2.7|2.72|16
2019.09.09 22:30:00|2.73|2.74|2.73|2.74|2
2019.09.10 16:30:00|2.75|2.83|2.73|2.82|54
2019.09.10 17:30:00|2.83|2.86|2.81|2.84|10
2019.09.10 18:30:00|2.83|2.89|2.83|2.87|20
2019.09.10 19:30:00|2.88|2.9|2.87|2.89|14
2019.09.10 20:30:00|2.9|2.95|2.9|2.93|17
2019.09.10 21:30:00|2.94|2.96|2.94|2.96|7
2019.09.10 22:30:00|2.97|2.97|2.96|2.96|8
2019.09.11 16:30:00|2.94|2.94|2.87|2.93|53
2019.09.11 17:30:00|2.92|3.03|2.92|3|28
2019.09.11 18:30:00|2.99|2.99|2.93|2.93|21
2019.09.11 19:30:00|2.94|2.95|2.93|2.94|8
2019.09.11 20:30:00|2.95|2.99|2.95|2.99|7
2019.09.11 21:30:00|3|3.02|3|3.01|4
2019.09.11 22:30:00|3|3|2.99|2.99|2
2019.09.12 16:30:00|2.92|2.92|2.77|2.87|93
2019.09.12 17:30:00|2.86|2.86|2.79|2.82|32
2019.09.12 18:30:00|2.81|2.84|2.81|2.84|4
2019.09.12 19:30:00|2.85|2.85|2.85|2.85|1
2019.09.12 20:30:00|2.84|2.87|2.84|2.86|6
2019.09.12 21:30:00|2.87|2.87|2.85|2.86|6
2019.09.12 22:30:00|2.87|2.87|2.86|2.86|2
2019.09.13 16:30:00|2.88|2.93|2.84|2.88|59
2019.09.13 17:30:00|2.87|2.87|2.85|2.85|9
2019.09.13 18:30:00|2.86|2.87|2.86|2.87|2
2019.09.13 19:30:00|2.88|2.89|2.88|2.89|2
2019.09.13 20:30:00|2.9|2.93|2.9|2.93|6
2019.09.13 21:30:00|2.92|2.93|2.92|2.93|2
2019.09.13 22:30:00|2.94|2.94|2.91|2.91|6
2019.09.16 16:30:00|2.88|2.99|2.88|2.98|27
2019.09.16 17:30:00|2.97|3.01|2.96|2.97|21
2019.09.16 18:30:00|2.96|2.97|2.95|2.96|7
2019.09.16 19:30:00|2.97|3|2.96|2.96|9
2019.09.16 20:30:00|2.97|2.98|2.93|2.95|10
2019.09.16 21:30:00|2.96|2.97|2.95|2.96|5
2019.09.16 22:30:00|2.97|2.97|2.96|2.96|3
2019.09.17 16:30:00|2.92|2.92|2.88|2.89|42
2019.09.17 17:30:00|2.9|2.91|2.88|2.89|11
2019.09.17 18:30:00|2.9|2.91|2.9|2.9|5
2019.09.17 19:30:00|2.89|2.9|2.89|2.9|2
2019.09.17 22:30:00|2.89|2.9|2.89|2.9|2
2019.09.18 16:30:00|2.91|2.91|2.86|2.88|21
2019.09.18 17:30:00|2.87|2.87|2.86|2.87|3
2019.09.18 18:30:00|2.86|2.86|2.85|2.85|2
2019.09.18 19:30:00|2.84|2.84|2.84|2.84|1
2019.09.18 20:30:00|2.85|2.87|2.83|2.83|17
2019.09.18 21:30:00|2.84|2.85|2.84|2.85|4
2019.09.18 22:30:00|2.86|2.87|2.84|2.84|5
2019.09.19 16:30:00|2.88|2.92|2.85|2.91|28
2019.09.19 17:30:00|2.92|2.94|2.92|2.93|5
2019.09.19 18:30:00|2.92|2.92|2.88|2.88|6
2019.09.19 19:30:00|2.89|2.91|2.88|2.88|6
2019.09.19 20:30:00|2.87|2.88|2.86|2.86|10
2019.09.19 21:30:00|2.87|2.87|2.84|2.84|5
2019.09.19 22:30:00|2.83|2.83|2.83|2.83|1
2019.09.20 16:30:00|2.83|2.84|2.81|2.83|18
2019.09.20 17:30:00|2.84|2.84|2.82|2.82|3
2019.09.20 18:30:00|2.83|2.84|2.83|2.84|2
2019.09.20 19:30:00|2.83|2.83|2.8|2.81|10
2019.09.20 20:30:00|2.82|2.83|2.81|2.83|8
2019.09.20 21:30:00|2.84|2.85|2.84|2.84|3
2019.09.20 22:30:00|2.85|2.86|2.81|2.81|12
2019.09.23 16:30:00|2.8|2.81|2.71|2.73|30
2019.09.23 17:30:00|2.74|2.74|2.7|2.73|10
2019.09.23 18:30:00|2.74|2.75|2.74|2.74|3
2019.09.23 20:30:00|2.75|2.81|2.75|2.8|11
2019.09.23 22:30:00|2.79|2.79|2.79|2.79|1
2019.09.24 16:30:00|2.78|2.79|2.75|2.75|23
2019.09.24 17:30:00|2.74|2.74|2.71|2.72|9
2019.09.24 18:30:00|2.71|2.73|2.71|2.71|5
2019.09.24 19:30:00|2.69|2.72|2.69|2.71|11
2019.09.24 20:30:00|2.7|2.75|2.69|2.74|22
2019.09.24 21:30:00|2.73|2.73|2.7|2.71|15
2019.09.24 22:30:00|2.7|2.71|2.69|2.69|5
2019.09.25 16:30:00|2.69|2.74|2.69|2.71|15
2019.09.25 17:30:00|2.72|2.74|2.72|2.74|3
2019.09.25 18:30:00|2.73|2.73|2.71|2.73|5
2019.09.25 19:30:00|2.74|2.75|2.73|2.73|4
2019.09.25 20:30:00|2.74|2.77|2.74|2.77|4
2019.09.25 21:30:00|2.76|2.76|2.75|2.75|2
2019.09.25 22:30:00|2.76|2.78|2.76|2.77|4
2019.09.26 16:30:00|2.78|2.78|2.72|2.73|27
2019.09.26 17:30:00|2.72|2.73|2.69|2.69|9
2019.09.26 18:30:00|2.7|2.71|2.66|2.66|10
2019.09.26 19:30:00|2.65|2.69|2.65|2.68|10
2019.09.26 20:30:00|2.69|2.7|2.68|2.68|6
2019.09.26 21:30:00|2.69|2.69|2.67|2.68|6
2019.09.26 22:30:00|2.67|2.68|2.65|2.66|7
2019.09.27 16:30:00|2.68|2.73|2.67|2.7|32
2019.09.27 17:30:00|2.69|2.74|2.69|2.74|10
2019.09.27 18:30:00|2.74|2.74|2.67|2.68|26
2019.09.27 19:30:00|2.67|2.67|2.64|2.67|11
2019.09.27 20:30:00|2.65|2.66|2.65|2.65|4
2019.09.27 21:30:00|2.64|2.64|2.61|2.63|8
2019.09.27 22:30:00|2.64|2.64|2.63|2.64|3
2019.09.30 16:30:00|2.65|2.65|2.6|2.61|23
2019.09.30 17:30:00|2.6|2.63|2.6|2.62|9
2019.09.30 18:30:00|2.63|2.65|2.63|2.65|7
2019.09.30 19:30:00|2.66|2.66|2.65|2.65|2
2019.09.30 20:30:00|2.66|2.67|2.66|2.66|3
2019.09.30 21:30:00|2.65|2.65|2.65|2.65|1
2019.09.30 22:30:00|2.64|2.64|2.62|2.64|5
2019.10.01 16:30:00|2.66|2.67|2.63|2.64|40
2019.10.01 17:30:00|2.63|2.65|2.63|2.63|6
2019.10.01 18:30:00|2.64|2.65|2.64|2.65|6
2019.10.01 19:30:00|2.64|2.64|2.63|2.63|2
2019.10.01 20:30:00|2.62|2.64|2.61|2.62|8
2019.10.01 21:30:00|2.63|2.63|2.61|2.61|3
2019.10.01 22:30:00|2.6|2.61|2.6|2.6|3
2019.10.02 16:30:00|2.55|2.58|2.52|2.57|32
2019.10.02 17:30:00|2.56|2.58|2.54|2.56|17
2019.10.02 18:30:00|2.55|2.55|2.53|2.54|5
2019.10.02 19:30:00|2.53|2.55|2.53|2.54|4
2019.10.02 20:30:00|2.55|2.55|2.55|2.55|1
2019.10.02 22:30:00|2.54|2.54|2.54|2.54|1
2019.10.03 16:30:00|2.55|2.57|2.5|2.54|31
2019.10.03 17:30:00|2.53|2.6|2.51|2.58|24
2019.10.03 18:30:00|2.57|2.6|2.56|2.6|8
2019.10.03 19:30:00|2.61|2.62|2.6|2.62|4
2019.10.03 20:30:00|2.63|2.64|2.6|2.62|9
2019.10.03 21:30:00|2.61|2.64|2.61|2.62|11
2019.10.03 22:30:00|2.63|2.63|2.63|2.63|1
2019.10.04 16:30:00|2.65|2.65|2.6|2.64|27
2019.10.04 17:30:00|2.65|2.7|2.65|2.68|19
2019.10.04 18:30:00|2.69|2.71|2.68|2.68|8
2019.10.04 19:30:00|2.69|2.69|2.67|2.68|4
2019.10.04 20:30:00|2.69|2.69|2.63|2.64|8
2019.10.04 22:30:00|2.65|2.67|2.65|2.67|5
2019.10.07 16:30:00|2.68|2.68|2.64|2.67|14
2019.10.07 17:30:00|2.68|2.72|2.68|2.71|11
2019.10.07 18:30:00|2.7|2.72|2.69|2.71|9
2019.10.07 19:30:00|2.7|2.72|2.7|2.71|5
2019.10.07 20:30:00|2.72|2.73|2.71|2.71|8
2019.10.07 21:30:00|2.7|2.73|2.7|2.72|10
2019.10.07 22:30:00|2.71|2.74|2.71|2.72|8
2019.10.08 16:30:00|2.69|2.71|2.66|2.67|30
2019.10.08 17:30:00|2.67|2.71|2.66|2.68|23
2019.10.08 18:30:00|2.67|2.7|2.66|2.69|22
2019.10.08 19:30:00|2.69|2.7|2.65|2.68|29
2019.10.08 20:30:00|2.68|2.69|2.67|2.67|10
2019.10.08 21:30:00|2.68|2.71|2.68|2.7|19
2019.10.08 22:30:00|2.7|2.7|2.67|2.67|8
2019.10.09 16:30:00|2.7|2.7|2.66|2.67|17
2019.10.09 17:30:00|2.68|2.7|2.67|2.69|8
2019.10.09 18:30:00|2.68|2.69|2.68|2.68|3
2019.10.09 19:30:00|2.69|2.69|2.65|2.65|6
2019.10.09 20:30:00|2.66|2.68|2.66|2.66|13
2019.10.09 21:30:00|2.67|2.67|2.67|2.67|1
2019.10.09 22:30:00|2.66|2.66|2.66|2.66|1
2019.10.10 16:30:00|2.68|2.73|2.67|2.71|24
2019.10.10 17:30:00|2.7|2.72|2.7|2.7|10
2019.10.10 18:30:00|2.69|2.7|2.68|2.68|5
2019.10.10 19:30:00|2.69|2.69|2.67|2.69|8
2019.10.10 20:30:00|2.68|2.71|2.68|2.69|11
2019.10.10 21:30:00|2.7|2.72|2.7|2.72|5
2019.10.10 22:30:00|2.73|2.73|2.73|2.73|1
2019.10.11 16:30:00|2.78|2.82|2.78|2.81|36
2019.10.11 17:30:00|2.82|2.85|2.82|2.84|7
2019.10.11 18:30:00|2.83|2.83|2.8|2.81|9
2019.10.11 19:30:00|2.8|2.81|2.79|2.8|8
2019.10.11 20:30:00|2.81|2.82|2.81|2.82|4
2019.10.11 21:30:00|2.83|2.83|2.83|2.83|1
2019.10.11 22:30:00|2.82|2.82|2.79|2.79|4
2019.10.14 16:30:00|2.79|2.79|2.73|2.74|16
2019.10.14 17:30:00|2.73|2.77|2.73|2.76|8
2019.10.14 20:30:00|2.75|2.76|2.75|2.76|4
2019.10.14 22:30:00|2.75|2.76|2.75|2.76|2
2019.10.15 16:30:00|2.77|2.77|2.75|2.77|7
2019.10.15 17:30:00|2.78|2.79|2.78|2.78|4
2019.10.15 19:30:00|2.79|2.81|2.79|2.81|8
2019.10.15 20:30:00|2.82|2.83|2.81|2.83|5
2019.10.15 21:30:00|2.82|2.82|2.81|2.82|11
2019.10.16 16:30:00|2.83|2.89|2.83|2.87|47
2019.10.16 17:30:00|2.88|2.88|2.84|2.84|13
2019.10.16 18:30:00|2.85|2.85|2.85|2.85|1
2019.10.16 19:30:00|2.84|2.84|2.84|2.84|1
2019.10.16 21:30:00|2.83|2.85|2.82|2.85|5
2019.10.16 22:30:00|2.86|2.86|2.85|2.85|2
2019.10.17 16:30:00|2.84|2.91|2.84|2.91|18
2019.10.17 17:30:00|2.9|2.91|2.88|2.91|10
2019.10.17 18:30:00|2.92|2.92|2.91|2.91|4
2019.10.17 19:30:00|2.92|2.93|2.92|2.92|3
2019.10.17 20:30:00|2.93|2.94|2.93|2.94|2
2019.10.17 21:30:00|2.95|2.95|2.93|2.93|4
2019.10.17 22:30:00|2.94|2.99|2.94|2.98|8
2019.10.18 16:30:00|2.95|2.98|2.94|2.95|25
2019.10.18 17:30:00|2.96|2.97|2.94|2.95|11
2019.10.18 18:30:00|2.94|2.94|2.91|2.92|7
2019.10.18 19:30:00|2.93|2.93|2.93|2.93|1
2019.10.18 20:30:00|2.94|2.94|2.94|2.94|1
2019.10.18 21:30:00|2.95|2.95|2.95|2.95|1
2019.10.18 22:30:00|2.94|2.94|2.94|2.94|1
2019.10.21 16:30:00|2.95|3.01|2.95|2.98|36
2019.10.21 17:30:00|2.97|2.98|2.96|2.97|11
2019.10.21 18:30:00|2.96|2.97|2.96|2.97|2
2019.10.21 19:30:00|2.96|2.97|2.94|2.95|9
2019.10.21 20:30:00|2.96|2.96|2.93|2.95|8
2019.10.21 22:30:00|2.94|2.94|2.93|2.93|2
2019.10.22 16:30:00|2.92|2.93|2.89|2.92|15
2019.10.22 17:30:00|2.93|2.95|2.93|2.95|5
2019.10.22 18:30:00|2.93|2.97|2.93|2.97|5
2019.10.22 19:30:00|2.96|2.97|2.96|2.97|2
2019.10.22 20:30:00|2.98|2.99|2.98|2.98|3
2019.10.22 21:30:00|2.97|2.97|2.95|2.95|3
2019.10.22 22:30:00|2.96|2.96|2.96|2.96|1
2019.10.23 16:30:00|2.95|2.97|2.92|2.92|23
2019.10.23 17:30:00|2.93|2.97|2.92|2.95|10
2019.10.23 18:30:00|2.96|2.96|2.95|2.95|2
2019.10.23 19:30:00|2.96|2.97|2.96|2.97|2
2019.10.23 20:30:00|2.98|2.98|2.98|2.98|1
2019.10.23 21:30:00|2.99|2.99|2.99|2.99|1
2019.10.23 22:30:00|3|3.01|3|3.01|2
2019.10.24 16:30:00|2.98|3|2.96|2.96|22
2019.10.24 17:30:00|2.96|2.96|2.95|2.96|7
2019.10.24 18:30:00|2.96|2.96|2.93|2.95|8
2019.10.24 19:30:00|2.94|2.95|2.94|2.95|2
2019.10.24 20:30:00|2.96|2.96|2.95|2.96|3
2019.10.24 21:30:00|2.95|2.95|2.95|2.95|1
2019.10.24 22:30:00|2.96|2.96|2.96|2.96|1
2019.10.25 16:30:00|2.95|2.97|2.93|2.97|28
2019.10.25 17:30:00|2.97|2.99|2.97|2.99|9
2019.10.25 18:30:00|2.98|2.99|2.97|2.99|4
2019.10.25 19:30:00|2.98|2.99|2.98|2.99|2
2019.10.25 21:30:00|2.98|2.99|2.98|2.99|2
2019.10.25 22:30:00|3|3.02|3|3.01|4
2019.10.28 15:30:00|3.02|3.02|3|3.01|8
2019.10.28 16:30:00|3.02|3.02|3|3.01|5
2019.10.28 17:30:00|3.02|3.02|3.02|3.02|1
2019.10.28 18:30:00|3.01|3.02|3.01|3.02|4
2019.10.28 19:30:00|3.01|3.01|3|3|2
2019.10.28 21:30:00|2.99|2.99|2.99|2.99|1
2019.10.29 15:30:00|2.98|2.98|2.9|2.91|21
2019.10.29 16:30:00|2.92|2.92|2.9|2.9|10
2019.10.29 17:30:00|2.89|2.91|2.89|2.91|3
2019.10.29 18:30:00|2.9|2.9|2.89|2.89|2
2019.10.29 19:30:00|2.88|2.88|2.86|2.86|3
2019.10.29 20:30:00|2.87|2.88|2.87|2.87|3
2019.10.29 21:30:00|2.86|2.86|2.86|2.86|1
2019.10.30 15:30:00|2.83|2.85|2.8|2.83|22
2019.10.30 16:30:00|2.82|2.82|2.8|2.8|3
2019.10.30 17:30:00|2.79|2.81|2.76|2.76|14
2019.10.30 18:30:00|2.75|2.75|2.73|2.75|18
2019.10.30 19:30:00|2.74|2.75|2.71|2.73|22
2019.10.30 20:30:00|2.74|2.79|2.74|2.77|22
2019.10.30 21:30:00|2.78|2.78|2.75|2.75|4
2019.10.31 15:30:00|2.76|2.77|2.7|2.72|21
2019.10.31 16:30:00|2.71|2.74|2.71|2.74|4
2019.10.31 17:30:00|2.73|2.73|2.73|2.73|1
2019.10.31 18:30:00|2.74|2.75|2.74|2.75|2
2019.10.31 19:30:00|2.74|2.74|2.72|2.72|3
2019.10.31 20:30:00|2.71|2.73|2.71|2.73|3
2019.10.31 21:30:00|2.74|2.75|2.74|2.75|4
2019.11.01 15:30:00|2.78|2.87|2.75|2.86|38
2019.11.01 16:30:00|2.85|2.86|2.83|2.84|12
2019.11.01 17:30:00|2.85|2.86|2.84|2.85|5
2019.11.01 18:30:00|2.84|2.86|2.84|2.85|4
2019.11.01 20:30:00|2.84|2.85|2.84|2.85|5
2019.11.01 21:30:00|2.84|2.85|2.84|2.85|2
2019.11.04 16:30:00|2.88|2.89|2.86|2.88|18
2019.11.04 17:30:00|2.86|2.89|2.86|2.89|7
2019.11.04 18:30:00|2.88|2.88|2.87|2.88|7
2019.11.04 19:30:00|2.89|2.91|2.89|2.91|3
2019.11.04 20:30:00|2.92|2.99|2.92|2.98|12
2019.11.04 21:30:00|2.99|2.99|2.97|2.98|6
2019.11.04 22:30:00|2.97|2.98|2.97|2.98|2
2019.11.05 16:30:00|2.81|2.95|2.77|2.92|126
2019.11.05 17:30:00|2.91|2.92|2.86|2.91|21
2019.11.05 18:30:00|2.9|2.93|2.9|2.91|14
2019.11.05 19:30:00|2.92|2.96|2.92|2.96|15
2019.11.05 20:30:00|2.97|2.99|2.96|2.96|11
2019.11.05 21:30:00|2.95|2.98|2.95|2.98|12
2019.11.05 22:30:00|2.96|2.97|2.95|2.97|6
2019.11.06 16:30:00|2.91|2.91|2.85|2.88|38
2019.11.06 17:30:00|2.89|2.93|2.89|2.93|9
2019.11.06 18:30:00|2.92|2.92|2.87|2.89|14
2019.11.06 19:30:00|2.9|2.9|2.9|2.9|1
2019.11.06 20:30:00|2.89|2.92|2.87|2.92|9
2019.11.06 22:30:00|2.91|2.91|2.89|2.9|4
2019.11.07 16:30:00|2.91|2.93|2.88|2.92|41
2019.11.07 17:30:00|2.92|2.94|2.91|2.94|24
2019.11.07 18:30:00|2.94|2.94|2.89|2.9|24
2019.11.07 19:30:00|2.91|2.91|2.87|2.87|9
2019.11.07 20:30:00|2.86|2.88|2.86|2.87|4
2019.11.07 21:30:00|2.86|2.88|2.86|2.88|3
2019.11.07 22:30:00|2.89|2.9|2.88|2.88|5
2019.11.08 16:30:00|2.89|2.92|2.86|2.86|32
2019.11.08 17:30:00|2.87|2.88|2.86|2.87|7
2019.11.08 19:30:00|2.88|2.88|2.88|2.88|1
2019.11.08 20:30:00|2.89|2.9|2.89|2.9|3
2019.11.08 21:30:00|2.89|2.92|2.89|2.91|5
2019.11.08 22:30:00|2.92|2.92|2.91|2.92|5
2019.11.11 16:30:00|2.88|2.92|2.87|2.92|13
2019.11.11 17:30:00|2.91|2.91|2.9|2.91|3
2019.11.11 18:30:00|2.92|2.92|2.92|2.92|1
2019.11.11 21:30:00|2.91|2.92|2.9|2.92|4
2019.11.12 16:30:00|2.88|2.9|2.86|2.88|24
2019.11.12 17:30:00|2.89|2.92|2.87|2.87|14
2019.11.12 18:30:00|2.88|2.89|2.88|2.88|5
2019.11.12 19:30:00|2.89|2.89|2.88|2.88|2
2019.11.12 22:30:00|2.89|2.89|2.89|2.89|1
2019.11.13 16:30:00|2.87|2.88|2.86|2.88|9
2019.11.13 17:30:00|2.87|2.91|2.87|2.89|10
2019.11.13 18:30:00|2.9|2.91|2.9|2.91|4
2019.11.13 19:30:00|2.92|2.92|2.92|2.92|1
2019.11.13 20:30:00|2.91|2.91|2.9|2.9|2
2019.11.14 16:30:00|2.91|2.93|2.9|2.92|15
2019.11.14 17:30:00|2.93|2.96|2.93|2.94|8
2019.11.14 18:30:00|2.93|2.93|2.91|2.92|5
2019.11.14 21:30:00|2.9|2.91|2.9|2.91|2
2019.11.15 16:30:00|2.94|2.97|2.93|2.94|22
2019.11.15 17:30:00|2.93|2.94|2.93|2.93|3
2019.11.15 18:30:00|2.94|2.94|2.94|2.94|1
2019.11.15 19:30:00|2.93|2.97|2.93|2.97|5
2019.11.15 20:30:00|2.96|3|2.96|2.99|7
2019.11.15 21:30:00|2.98|2.98|2.98|2.98|1
2019.11.15 22:30:00|2.99|3|2.99|2.99|3
2019.11.18 16:30:00|2.95|2.95|2.86|2.88|26
2019.11.18 17:30:00|2.87|2.91|2.87|2.9|21
2019.11.18 18:30:00|2.89|2.89|2.87|2.87|3
2019.11.18 21:30:00|2.86|2.86|2.86|2.86|1
2019.11.18 22:30:00|2.85|2.85|2.83|2.83|3
2019.11.19 16:30:00|2.87|2.87|2.79|2.79|27
2019.11.19 17:30:00|2.8|2.83|2.79|2.82|10
2019.11.19 18:30:00|2.83|2.83|2.81|2.83|5
2019.11.19 19:30:00|2.84|2.85|2.84|2.85|2
2019.11.19 20:30:00|2.84|2.85|2.84|2.85|2
2019.11.19 21:30:00|2.84|2.84|2.83|2.83|2
2019.11.19 22:30:00|2.82|2.82|2.82|2.82|1
2019.11.20 16:30:00|2.79|2.81|2.78|2.81|12
2019.11.20 17:30:00|2.82|2.83|2.81|2.82|11
2019.11.20 18:30:00|2.81|2.84|2.8|2.82|17
2019.11.20 19:30:00|2.81|2.81|2.78|2.79|5
2019.11.20 20:30:00|2.78|2.79|2.78|2.79|4
2019.11.20 21:30:00|2.8|2.81|2.79|2.81|7
2019.11.20 22:30:00|2.82|2.82|2.81|2.82|3
2019.11.21 16:30:00|2.8|2.8|2.76|2.76|37
2019.11.21 17:30:00|2.78|2.8|2.76|2.76|13
2019.11.21 18:30:00|2.75|2.77|2.73|2.76|16
2019.11.21 19:30:00|2.75|2.75|2.74|2.74|7
2019.11.21 20:30:00|2.75|2.75|2.72|2.72|6
2019.11.21 21:30:00|2.71|2.72|2.71|2.72|6
2019.11.21 22:30:00|2.71|2.71|2.7|2.7|2
2019.11.22 16:30:00|2.73|2.74|2.73|2.73|4
2019.11.22 17:30:00|2.72|2.74|2.72|2.73|8
2019.11.22 18:30:00|2.74|2.76|2.74|2.76|6
2019.11.22 19:30:00|2.77|2.78|2.77|2.78|4
2019.11.22 20:30:00|2.79|2.79|2.77|2.78|4
2019.11.22 21:30:00|2.79|2.79|2.79|2.79|1
2019.11.22 22:30:00|2.8|2.8|2.8|2.8|1
2019.11.25 16:30:00|2.77|2.82|2.77|2.82|27
2019.11.25 17:30:00|2.83|2.84|2.82|2.83|5
2019.11.25 18:30:00|2.84|2.85|2.84|2.84|4
2019.11.25 19:30:00|2.85|2.86|2.85|2.86|2
2019.11.25 20:30:00|2.87|2.89|2.87|2.88|5
2019.11.25 21:30:00|2.87|2.9|2.87|2.89|7
2019.11.26 16:30:00|2.87|2.91|2.87|2.9|23
2019.11.26 17:30:00|2.89|2.89|2.89|2.89|1
2019.11.26 18:30:00|2.9|2.91|2.9|2.91|2
2019.11.26 19:30:00|2.92|2.92|2.89|2.9|8
2019.11.26 20:30:00|2.89|2.89|2.89|2.89|1
2019.11.26 21:30:00|2.88|2.89|2.87|2.88|6
2019.11.26 22:30:00|2.87|2.87|2.85|2.85|10
2019.11.27 16:30:00|2.87|2.89|2.86|2.88|21
2019.11.27 17:30:00|2.87|2.87|2.85|2.86|6
2019.11.27 18:30:00|2.85|2.88|2.85|2.87|6
2019.11.27 19:30:00|2.86|2.89|2.86|2.89|4
2019.11.27 20:30:00|2.88|2.89|2.88|2.89|2
2019.11.27 21:30:00|2.9|2.9|2.89|2.89|2
2019.11.29 16:30:00|2.88|2.91|2.87|2.91|6
2019.11.29 17:30:00|2.9|2.91|2.88|2.88|6
2019.11.29 18:30:00|2.89|2.9|2.88|2.89|5
2019.11.29 19:30:00|2.88|2.88|2.87|2.87|2
2019.12.02 16:30:00|2.88|2.88|2.77|2.78|54
2019.12.02 17:30:00|2.77|2.8|2.75|2.79|21
2019.12.02 18:30:00|2.78|2.79|2.77|2.78|7
2019.12.02 20:30:00|2.79|2.8|2.78|2.79|4
2019.12.02 21:30:00|2.78|2.79|2.78|2.78|4
2019.12.02 22:30:00|2.77|2.77|2.77|2.77|1
2019.12.03 16:30:00|2.76|2.79|2.75|2.78|21
2019.12.03 17:30:00|2.79|2.81|2.78|2.8|8
2019.12.03 18:30:00|2.81|2.82|2.79|2.8|7
2019.12.03 21:30:00|2.79|2.79|2.79|2.79|1
2019.12.04 16:30:00|2.78|2.86|2.78|2.86|19
2019.12.04 17:30:00|2.85|2.86|2.84|2.86|7
2019.12.04 19:30:00|2.87|2.88|2.87|2.88|2
2019.12.04 20:30:00|2.89|2.9|2.89|2.89|3
2019.12.04 21:30:00|2.88|2.88|2.86|2.87|5
2019.12.05 16:30:00|2.85|2.88|2.84|2.88|14
2019.12.05 17:30:00|2.89|2.94|2.89|2.92|11
2019.12.05 18:30:00|2.93|2.95|2.93|2.94|6
2019.12.05 19:30:00|2.95|2.95|2.95|2.95|1
2019.12.05 20:30:00|2.96|2.96|2.93|2.94|5
2019.12.05 21:30:00|2.93|2.94|2.91|2.91|10
2019.12.06 16:30:00|2.94|3|2.93|2.99|33
2019.12.06 17:30:00|3|3|2.95|2.95|9
2019.12.06 18:30:00|2.94|2.95|2.91|2.92|16
2019.12.06 19:30:00|2.93|2.93|2.91|2.91|3
2019.12.06 20:30:00|2.9|2.92|2.9|2.92|3
2019.12.06 21:30:00|2.93|2.93|2.92|2.92|2
2019.12.09 16:30:00|2.91|2.95|2.9|2.95|14
2019.12.09 17:30:00|2.94|2.96|2.93|2.94|7
2019.12.09 18:30:00|2.93|2.94|2.93|2.94|2
2019.12.09 20:30:00|2.93|2.93|2.93|2.93|1
2019.12.09 21:30:00|2.92|2.93|2.92|2.93|2
2019.12.09 22:30:00|2.92|2.92|2.91|2.91|2
2019.12.10 16:30:00|2.9|2.91|2.88|2.91|16
2019.12.10 17:30:00|2.92|2.95|2.92|2.94|6
2019.12.10 18:30:00|2.92|2.94|2.91|2.93|6
2019.12.10 19:30:00|2.94|2.94|2.93|2.94|3
2019.12.10 21:30:00|2.93|2.93|2.92|2.92|2
2019.12.10 22:30:00|2.9|2.93|2.9|2.93|4
2019.12.11 16:30:00|2.91|2.91|2.86|2.86|15
2019.12.11 17:30:00|2.85|2.85|2.84|2.84|4
2019.12.11 19:30:00|2.83|2.83|2.8|2.8|4
2019.12.11 20:30:00|2.79|2.8|2.78|2.79|6
2019.12.11 21:30:00|2.78|2.79|2.76|2.76|7
2019.12.11 22:30:00|2.75|2.75|2.72|2.72|6
2019.12.12 16:30:00|2.74|2.76|2.73|2.76|15
2019.12.12 17:30:00|2.75|2.75|2.69|2.71|22
2019.12.12 18:30:00|2.7|2.72|2.7|2.7|6
2019.12.12 19:30:00|2.71|2.71|2.7|2.7|2
2019.12.12 20:30:00|2.69|2.71|2.69|2.7|6
2019.12.12 21:30:00|2.71|2.71|2.71|2.71|1
2019.12.12 22:30:00|2.7|2.71|2.7|2.7|5
2019.12.13 16:30:00|2.73|2.75|2.7|2.74|39
2019.12.13 17:30:00|2.73|2.73|2.71|2.71|5
2019.12.13 18:30:00|2.72|2.72|2.7|2.7|3
2019.12.13 20:30:00|2.69|2.69|2.66|2.66|4
2019.12.13 21:30:00|2.65|2.65|2.6|2.6|8
2019.12.13 22:30:00|2.59|2.6|2.58|2.58|4
2019.12.16 16:30:00|2.63|2.69|2.62|2.67|15
2019.12.16 17:30:00|2.66|2.66|2.65|2.65|5
2019.12.16 18:30:00|2.64|2.64|2.62|2.62|3
2019.12.16 19:30:00|2.63|2.63|2.63|2.63|1
2019.12.16 20:30:00|2.62|2.64|2.62|2.63|8
2019.12.16 21:30:00|2.62|2.63|2.62|2.63|2
2019.12.16 22:30:00|2.62|2.62|2.61|2.61|2
2019.12.17 16:30:00|2.53|2.53|2.38|2.4|63
2019.12.17 17:30:00|2.39|2.39|2.36|2.37|11
2019.12.17 18:30:00|2.38|2.39|2.37|2.37|11
2019.12.17 19:30:00|2.36|2.36|2.33|2.34|7
2019.12.17 20:30:00|2.33|2.34|2.33|2.34|2
2019.12.17 21:30:00|2.35|2.37|2.35|2.37|7
2019.12.17 22:30:00|2.36|2.36|2.36|2.36|1
2019.12.18 16:30:00|2.38|2.41|2.38|2.4|5
2019.12.18 17:30:00|2.39|2.39|2.39|2.39|1
2019.12.18 20:30:00|2.38|2.38|2.38|2.38|1
2019.12.18 22:30:00|2.37|2.37|2.37|2.37|1
2019.12.19 16:30:00|2.3|2.3|2.24|2.25|13
2019.12.19 17:30:00|2.24|2.3|2.22|2.29|18
2019.12.19 18:30:00|2.28|2.29|2.28|2.29|5
2019.12.19 19:30:00|2.3|2.3|2.27|2.27|6
2019.12.19 20:30:00|2.26|2.26|2.26|2.26|1
2019.12.19 21:30:00|2.27|2.28|2.27|2.27|5
2019.12.19 22:30:00|2.26|2.26|2.26|2.26|1
2019.12.20 16:30:00|2.25|2.26|2.24|2.24|8
2019.12.20 17:30:00|2.23|2.23|2.22|2.22|2
2019.12.20 18:30:00|2.21|2.23|2.21|2.23|3
2019.12.20 19:30:00|2.22|2.23|2.21|2.21|10
2019.12.20 20:30:00|2.22|2.22|2.22|2.22|1
2019.12.20 21:30:00|2.21|2.21|2.21|2.21|1
2019.12.20 22:30:00|2.22|2.22|2.2|2.2|5
2019.12.23 16:30:00|2.19|2.2|2.15|2.17|20
2019.12.23 17:30:00|2.18|2.2|2.18|2.2|12
2019.12.23 21:30:00|2.21|2.22|2.21|2.22|2
2019.12.23 22:30:00|2.23|2.24|2.23|2.23|3
2019.12.24 16:30:00|2.24|2.31|2.23|2.31|13
2019.12.24 17:30:00|2.32|2.32|2.28|2.28|7
2019.12.24 18:30:00|2.29|2.29|2.29|2.29|1
2019.12.24 19:30:00|2.28|2.31|2.28|2.31|4
2019.12.26 16:30:00|2.29|2.32|2.28|2.3|9
2019.12.26 17:30:00|2.31|2.35|2.31|2.34|11
2019.12.26 18:30:00|2.33|2.33|2.32|2.33|4
2019.12.26 19:30:00|2.32|2.33|2.31|2.33|7
2019.12.26 20:30:00|2.32|2.32|2.31|2.32|3
2019.12.26 21:30:00|2.31|2.32|2.31|2.32|2
2019.12.26 22:30:00|2.31|2.32|2.31|2.32|2
2019.12.27 16:30:00|2.31|2.32|2.29|2.32|12
2019.12.27 17:30:00|2.31|2.32|2.31|2.32|2
2019.12.27 18:30:00|2.31|2.31|2.3|2.3|2
2019.12.27 19:30:00|2.31|2.33|2.31|2.33|5
2019.12.27 20:30:00|2.32|2.33|2.3|2.3|7
2019.12.27 21:30:00|2.31|2.31|2.3|2.3|2
2019.12.27 22:30:00|2.31|2.31|2.3|2.3|2
2019.12.30 16:30:00|2.29|2.35|2.23|2.33|50
2019.12.30 17:30:00|2.34|2.36|2.33|2.34|10
2019.12.30 18:30:00|2.35|2.35|2.34|2.34|2
2019.12.30 19:30:00|2.33|2.36|2.33|2.35|5
2019.12.30 20:30:00|2.36|2.36|2.34|2.34|7
2019.12.30 21:30:00|2.33|2.33|2.32|2.32|4
2019.12.30 22:30:00|2.33|2.33|2.33|2.33|1
2019.12.31 16:30:00|2.32|2.4|2.32|2.37|17
2019.12.31 17:30:00|2.38|2.38|2.36|2.37|8
2019.12.31 18:30:00|2.36|2.39|2.36|2.37|10
2019.12.31 19:30:00|2.36|2.37|2.36|2.37|2
2019.12.31 20:30:00|2.36|2.36|2.35|2.36|4
2020.01.02 16:30:00|2.38|2.38|2.36|2.36|10
2020.01.02 17:30:00|2.37|2.39|2.37|2.39|3
2020.01.02 18:30:00|2.38|2.39|2.38|2.39|2
2020.01.02 20:30:00|2.38|2.39|2.37|2.38|5
2020.01.02 21:30:00|2.37|2.37|2.37|2.37|1
2020.01.02 22:30:00|2.36|2.37|2.35|2.35|4
2020.01.03 16:30:00|2.33|2.35|2.32|2.34|33
2020.01.03 17:30:00|2.35|2.35|2.34|2.34|5
2020.01.03 18:30:00|2.33|2.33|2.33|2.33|1
2020.01.03 19:30:00|2.34|2.34|2.32|2.32|6
2020.01.03 20:30:00|2.31|2.32|2.29|2.29|9
2020.01.03 21:30:00|2.28|2.29|2.28|2.28|4
2020.01.03 22:30:00|2.27|2.27|2.27|2.27|1
2020.01.06 16:30:00|2.26|2.28|2.24|2.28|11
2020.01.06 17:30:00|2.29|2.31|2.29|2.3|9
2020.01.06 18:30:00|2.29|2.3|2.29|2.3|2
2020.01.06 19:30:00|2.3|2.31|2.29|2.31|6
2020.01.06 20:30:00|2.3|2.3|2.3|2.3|1
2020.01.06 21:30:00|2.29|2.3|2.29|2.3|2
2020.01.06 22:30:00|2.29|2.29|2.29|2.29|1
2020.01.07 16:30:00|2.3|2.3|2.27|2.29|11
2020.01.07 17:30:00|2.28|2.3|2.27|2.3|13
2020.01.07 18:30:00|2.29|2.29|2.29|2.29|1
2020.01.07 19:30:00|2.3|2.35|2.3|2.34|13
2020.01.07 20:30:00|2.35|2.35|2.33|2.33|11
2020.01.07 21:30:00|2.34|2.34|2.33|2.33|6
2020.01.08 16:30:00|2.36|2.41|2.33|2.33|26
2020.01.08 17:30:00|2.34|2.37|2.33|2.37|14
2020.01.08 18:30:00|2.38|2.38|2.37|2.38|3
2020.01.08 19:30:00|2.39|2.39|2.38|2.39|3
2020.01.08 21:30:00|2.38|2.38|2.38|2.38|1
2020.01.08 22:30:00|2.39|2.39|2.39|2.39|1
2020.01.09 16:30:00|2.39|2.41|2.38|2.4|22
2020.01.09 17:30:00|2.41|2.41|2.4|2.41|3
2020.01.09 18:30:00|2.42|2.44|2.42|2.44|5
2020.01.09 19:30:00|2.45|2.45|2.44|2.44|2
2020.01.09 20:30:00|2.45|2.48|2.45|2.46|11
2020.01.09 21:30:00|2.47|2.49|2.47|2.48|6
2020.01.09 22:30:00|2.47|2.48|2.47|2.48|2
2020.01.10 16:30:00|2.47|2.47|2.42|2.44|13
2020.01.10 17:30:00|2.43|2.43|2.41|2.41|7
2020.01.10 18:30:00|2.4|2.41|2.39|2.4|7
2020.01.10 19:30:00|2.41|2.43|2.41|2.43|4
2020.01.10 20:30:00|2.44|2.45|2.44|2.45|4
2020.01.10 21:30:00|2.44|2.47|2.44|2.47|7
2020.01.10 22:30:00|2.46|2.47|2.45|2.47|4
2020.01.13 16:30:00|2.46|2.46|2.43|2.46|12
2020.01.13 17:30:00|2.45|2.51|2.45|2.51|10
2020.01.13 18:30:00|2.51|2.55|2.5|2.54|7
2020.01.13 19:30:00|2.55|2.55|2.54|2.55|5
2020.01.13 20:30:00|2.56|2.56|2.56|2.56|1
2020.01.13 21:30:00|2.57|2.59|2.57|2.59|3
2020.01.13 22:30:00|2.6|2.61|2.6|2.61|4
2020.01.14 16:30:00|2.56|2.62|2.56|2.6|19
2020.01.14 17:30:00|2.59|2.61|2.59|2.61|3
2020.01.14 18:30:00|2.62|2.63|2.62|2.63|2
2020.01.14 19:30:00|2.64|2.66|2.64|2.66|6
2020.01.14 20:30:00|2.67|2.67|2.57|2.6|33
2020.01.14 21:30:00|2.61|2.61|2.6|2.61|3
2020.01.14 22:30:00|2.62|2.64|2.61|2.64|5
2020.01.15 16:30:00|2.65|2.65|2.62|2.64|14
2020.01.15 17:30:00|2.63|2.67|2.63|2.67|12
2020.01.15 18:30:00|2.68|2.68|2.66|2.68|5
2020.01.15 19:30:00|2.67|2.67|2.67|2.67|1
2020.01.15 20:30:00|2.68|2.68|2.67|2.67|2
2020.01.15 21:30:00|2.66|2.67|2.66|2.67|4
2020.01.15 22:30:00|2.66|2.69|2.66|2.69|4
2020.01.16 16:30:00|2.72|2.76|2.72|2.73|31
2020.01.16 17:30:00|2.74|2.75|2.74|2.74|5
2020.01.16 18:30:00|2.73|2.74|2.73|2.73|3
2020.01.16 19:30:00|2.74|2.74|2.74|2.74|1
2020.01.16 20:30:00|2.73|2.74|2.73|2.74|2
2020.01.16 21:30:00|2.73|2.74|2.72|2.74|6
2020.01.16 22:30:00|2.75|2.78|2.75|2.77|7
2020.01.17 16:30:00|2.86|2.88|2.81|2.83|35
2020.01.17 17:30:00|2.84|2.84|2.82|2.84|12
2020.01.17 18:30:00|2.85|2.94|2.85|2.94|22
2020.01.17 19:30:00|2.93|2.93|2.91|2.92|10
2020.01.17 20:30:00|2.93|2.94|2.92|2.94|4
2020.01.17 21:30:00|2.95|2.95|2.94|2.94|4
2020.01.17 22:30:00|2.93|2.98|2.93|2.98|6
2020.01.21 16:30:00|2.92|2.92|2.83|2.92|53
2020.01.21 17:30:00|2.91|3|2.91|2.98|17
2020.01.21 18:30:00|2.99|3.02|2.99|3.01|18
2020.01.21 19:30:00|3.02|3.05|3.01|3.05|21
2020.01.21 20:30:00|3.04|3.05|3.02|3.04|13
2020.01.21 21:30:00|3.05|3.09|3.04|3.08|12
2020.01.21 22:30:00|3.09|3.11|3.07|3.11|13
2020.01.22 16:30:00|3.12|3.13|2.99|3.03|64
2020.01.22 17:30:00|3.04|3.06|2.96|2.97|40
2020.01.22 18:30:00|2.96|3.01|2.96|3|15
2020.01.22 19:30:00|3.01|3.02|2.99|2.99|16
2020.01.22 20:30:00|2.98|3|2.98|2.98|10
2020.01.22 21:30:00|2.99|2.99|2.97|2.99|5
2020.01.22 22:30:00|2.98|3|2.98|3|3
2020.01.23 16:30:00|2.99|3.06|2.96|3|54
2020.01.23 17:30:00|3.01|3.01|2.92|2.92|33
2020.01.23 18:30:00|2.93|2.95|2.93|2.94|10
2020.01.23 19:30:00|2.95|2.97|2.93|2.96|13
2020.01.23 20:30:00|2.97|3.01|2.97|2.98|18
2020.01.23 21:30:00|3|3|2.98|2.98|7
2020.01.23 22:30:00|2.99|3.01|2.99|2.99|8
2020.01.24 16:30:00|3|3.01|2.96|2.96|16
2020.01.24 17:30:00|2.95|2.97|2.94|2.95|7
2020.01.24 18:30:00|2.96|2.96|2.9|2.91|12
2020.01.24 19:30:00|2.92|2.93|2.92|2.93|5
2020.01.24 20:30:00|2.92|2.93|2.89|2.91|10
2020.01.24 21:30:00|2.9|2.95|2.9|2.94|12
2020.01.24 22:30:00|2.93|2.94|2.93|2.94|2
2020.01.27 16:30:00|2.86|2.92|2.84|2.88|45
2020.01.27 17:30:00|2.87|2.9|2.86|2.88|21
2020.01.27 18:30:00|2.89|2.9|2.88|2.89|10
2020.01.27 20:30:00|2.9|2.9|2.88|2.89|6
2020.01.27 21:30:00|2.88|2.9|2.88|2.9|4
2020.01.27 22:30:00|2.89|2.89|2.88|2.89|5
2020.01.28 16:30:00|2.91|2.91|2.86|2.89|22
2020.01.28 17:30:00|2.88|2.9|2.88|2.9|3
2020.01.28 18:30:00|2.89|2.9|2.89|2.9|2
2020.01.28 19:30:00|2.91|2.91|2.9|2.9|2
2020.01.28 22:30:00|2.91|2.93|2.9|2.93|7
2020.01.29 16:30:00|2.92|2.93|2.87|2.9|23
2020.01.29 17:30:00|2.89|2.9|2.88|2.88|13
2020.01.29 18:30:00|2.87|2.87|2.84|2.84|6
2020.01.29 19:30:00|2.85|2.85|2.84|2.85|3
2020.01.29 20:30:00|2.84|2.87|2.84|2.85|8
2020.01.29 21:30:00|2.86|2.86|2.85|2.85|2
2020.01.30 16:30:00|2.8|2.85|2.8|2.85|26
2020.01.30 17:30:00|2.84|2.87|2.84|2.87|13
2020.01.30 18:30:00|2.88|2.89|2.86|2.86|7
2020.01.30 19:30:00|2.87|2.87|2.85|2.87|6
2020.01.30 20:30:00|2.88|2.88|2.87|2.88|4
2020.01.30 21:30:00|2.87|2.89|2.87|2.89|7
2020.01.30 22:30:00|2.9|2.93|2.9|2.93|8
2020.01.31 16:30:00|2.92|2.95|2.84|2.86|44
2020.01.31 17:30:00|2.87|2.88|2.83|2.83|25
2020.01.31 18:30:00|2.84|2.88|2.84|2.87|18
2020.01.31 19:30:00|2.86|2.87|2.85|2.85|24
2020.01.31 20:30:00|2.86|2.87|2.85|2.85|6
2020.01.31 21:30:00|2.86|2.86|2.83|2.83|6
2020.01.31 22:30:00|2.84|2.86|2.84|2.86|8
2020.02.03 16:30:00|2.88|2.9|2.83|2.89|23
2020.02.03 17:30:00|2.88|2.88|2.86|2.86|3
2020.02.03 18:30:00|2.87|2.87|2.85|2.87|6
2020.02.03 19:30:00|2.86|2.86|2.84|2.85|4
2020.02.03 20:30:00|2.86|2.87|2.86|2.87|2
2020.02.03 21:30:00|2.86|2.88|2.86|2.87|5
2020.02.03 22:30:00|2.86|2.87|2.86|2.87|2
2020.02.04 16:30:00|2.88|2.93|2.88|2.93|25
2020.02.04 17:30:00|2.93|2.95|2.92|2.95|14
2020.02.04 18:30:00|2.96|2.96|2.93|2.95|14
2020.02.04 19:30:00|2.94|2.95|2.94|2.95|2
2020.02.04 20:30:00|2.96|2.96|2.96|2.96|1
2020.02.04 21:30:00|2.97|3|2.97|3|11
2020.02.04 22:30:00|2.99|3.01|2.99|3|8
2020.02.05 16:30:00|3.02|3.03|2.98|3|31
2020.02.05 17:30:00|3.01|3.05|3.01|3.05|9
2020.02.05 18:30:00|3.04|3.06|3.04|3.05|10
2020.02.05 19:30:00|3.04|3.04|3.03|3.03|4
2020.02.05 20:30:00|3.04|3.05|3.04|3.04|3
2020.02.05 21:30:00|3.05|3.06|3.04|3.05|10
2020.02.05 22:30:00|3.06|3.06|3.05|3.06|5
2020.02.06 16:30:00|3.07|3.12|3.03|3.12|35
2020.02.06 17:30:00|3.11|3.13|3.11|3.11|10
2020.02.06 18:30:00|3.1|3.12|3.1|3.11|5
2020.02.06 19:30:00|3.12|3.12|3.11|3.11|2
2020.02.06 20:30:00|3.12|3.12|3.11|3.12|3
2020.02.06 21:30:00|3.11|3.11|3.11|3.11|1
2020.02.06 22:30:00|3.1|3.1|3.1|3.1|1
2020.02.07 16:30:00|3.07|3.08|3.02|3.02|13
2020.02.07 17:30:00|3.01|3.04|2.99|3.03|20
2020.02.07 18:30:00|3.04|3.06|3.03|3.06|6
2020.02.07 20:30:00|3.05|3.05|2.98|2.98|19
2020.02.07 21:30:00|2.99|3.01|2.98|3.01|12
2020.02.07 22:30:00|3.02|3.02|3|3.01|6
2020.02.10 16:30:00|2.96|2.99|2.95|2.96|39
2020.02.10 17:30:00|2.95|2.96|2.94|2.94|4
2020.02.10 18:30:00|2.93|2.94|2.91|2.91|5
2020.02.10 19:30:00|2.9|2.92|2.9|2.92|3
2020.02.10 20:30:00|2.91|2.93|2.91|2.92|4
2020.02.10 21:30:00|2.91|2.91|2.9|2.9|4
2020.02.10 22:30:00|2.89|2.91|2.86|2.91|14
2020.02.11 16:30:00|2.92|2.94|2.88|2.92|37
2020.02.11 17:30:00|2.93|2.93|2.9|2.9|5
2020.02.11 18:30:00|2.91|2.94|2.91|2.94|4
2020.02.11 19:30:00|2.95|2.95|2.95|2.95|1
2020.02.11 20:30:00|2.94|2.94|2.92|2.92|3
2020.02.11 21:30:00|2.91|2.92|2.9|2.9|4
2020.02.11 22:30:00|2.89|2.9|2.83|2.87|20
2020.02.12 16:30:00|2.91|2.97|2.91|2.96|11
2020.02.12 17:30:00|2.95|2.95|2.93|2.93|5
2020.02.12 18:30:00|2.94|2.94|2.92|2.92|3
2020.02.12 19:30:00|2.93|2.93|2.91|2.91|5
2020.02.12 20:30:00|2.92|2.94|2.92|2.93|4
2020.02.12 21:30:00|2.94|2.94|2.93|2.93|2
2020.02.12 22:30:00|2.92|2.92|2.92|2.92|1
2020.02.13 16:30:00|2.9|2.93|2.89|2.93|27
2020.02.13 17:30:00|2.92|2.92|2.91|2.91|2
2020.02.13 18:30:00|2.92|2.94|2.92|2.94|3
2020.02.13 19:30:00|2.93|2.94|2.93|2.94|2
2020.02.13 20:30:00|2.95|2.95|2.95|2.95|1
2020.02.13 21:30:00|2.94|2.95|2.94|2.95|4
2020.02.13 22:30:00|2.94|2.94|2.92|2.93|5
2020.02.14 16:30:00|2.92|2.95|2.9|2.92|29
2020.02.14 17:30:00|2.91|2.91|2.86|2.88|12
2020.02.14 18:30:00|2.89|2.89|2.88|2.88|2
2020.02.14 19:30:00|2.87|2.88|2.86|2.88|4
2020.02.14 20:30:00|2.89|2.89|2.88|2.88|2
2020.02.14 21:30:00|2.87|2.87|2.84|2.84|6
2020.02.14 22:30:00|2.84|2.84|2.8|2.82|19
2020.02.18 16:30:00|2.81|2.86|2.81|2.82|34
2020.02.18 17:30:00|2.83|2.86|2.83|2.84|9
2020.02.18 18:30:00|2.85|2.85|2.84|2.84|5
2020.02.18 20:30:00|2.87|2.91|2.85|2.91|12
2020.02.18 21:30:00|2.92|2.97|2.91|2.96|21
2020.02.18 22:30:00|2.97|3.06|2.97|3.02|25
2020.02.19 16:30:00|1.97|1.99|1.78|1.78|128
2020.02.19 17:30:00|1.78|1.78|1.68|1.71|59
2020.02.19 18:30:00|1.7|1.83|1.69|1.79|73
2020.02.19 19:30:00|1.78|1.81|1.77|1.77|17
2020.02.19 20:30:00|1.78|1.78|1.74|1.74|7
2020.02.19 21:30:00|1.75|1.78|1.75|1.76|15
2020.02.19 22:30:00|1.75|1.75|1.68|1.68|13
2020.02.20 16:30:00|1.72|1.76|1.7|1.72|28
2020.02.20 17:30:00|1.73|1.73|1.71|1.72|4
2020.02.20 18:30:00|1.71|1.73|1.69|1.73|14
2020.02.20 19:30:00|1.72|1.73|1.72|1.72|3
2020.02.20 21:30:00|1.71|1.71|1.68|1.68|4
2020.02.21 16:30:00|1.67|1.67|1.55|1.64|83
2020.02.21 17:30:00|1.63|1.65|1.61|1.64|13
2020.02.21 18:30:00|1.63|1.63|1.62|1.62|2
2020.02.21 19:30:00|1.63|1.64|1.62|1.64|13
2020.02.21 20:30:00|1.63|1.64|1.62|1.63|7
2020.02.21 21:30:00|1.62|1.63|1.62|1.62|3
2020.02.24 16:30:00|1.53|1.56|1.53|1.55|19
2020.02.24 17:30:00|1.54|1.54|1.54|1.54|1
2020.02.24 18:30:00|1.53|1.53|1.5|1.5|6
2020.02.24 19:30:00|1.49|1.49|1.46|1.49|8
2020.02.24 20:30:00|1.5|1.56|1.5|1.55|8
2020.02.24 21:30:00|1.54|1.54|1.54|1.54|1
2020.02.25 16:30:00|1.55|1.56|1.51|1.51|7
2020.02.25 17:30:00|1.5|1.5|1.49|1.49|2
2020.02.25 18:30:00|1.48|1.48|1.48|1.48|1
2020.02.25 19:30:00|1.47|1.47|1.47|1.47|1
2020.02.25 20:30:00|1.46|1.46|1.41|1.41|7
2020.02.25 21:30:00|1.42|1.45|1.41|1.44|11
2020.02.25 22:30:00|1.46|1.46|1.46|1.46|3
2020.02.26 16:30:00|1.44|1.45|1.39|1.42|67
2020.02.26 17:30:00|1.43|1.45|1.41|1.42|12
2020.02.26 18:30:00|1.43|1.44|1.36|1.39|16
2020.02.26 19:30:00|1.4|1.4|1.38|1.38|4
2020.02.26 20:30:00|1.37|1.39|1.35|1.37|20
2020.02.26 21:30:00|1.36|1.38|1.36|1.38|5
2020.02.26 22:30:00|1.39|1.39|1.38|1.38|2
2020.02.27 16:30:00|1.29|1.33|1.27|1.29|34
2020.02.27 17:30:00|1.28|1.33|1.25|1.32|42
2020.02.27 18:30:00|1.33|1.43|1.33|1.39|55
2020.02.27 19:30:00|1.4|1.42|1.38|1.38|18
2020.02.27 20:30:00|1.37|1.37|1.35|1.37|11
2020.02.27 21:30:00|1.36|1.36|1.33|1.33|4
2020.02.27 22:30:00|1.34|1.34|1.3|1.3|5
2020.02.28 16:30:00|1.28|1.32|1.28|1.31|16
2020.02.28 17:30:00|1.3|1.32|1.29|1.3|20
2020.02.28 18:30:00|1.31|1.32|1.3|1.31|12
2020.02.28 19:30:00|1.32|1.34|1.31|1.33|6
2020.02.28 20:30:00|1.32|1.32|1.3|1.31|7
2020.02.28 21:30:00|1.32|1.33|1.29|1.29|12
2020.02.28 22:30:00|1.3|1.31|1.3|1.31|6
2020.03.02 16:30:00|1.36|1.36|1.24|1.26|28
2020.03.02 17:30:00|1.27|1.29|1.26|1.28|10
2020.03.02 18:30:00|1.27|1.27|1.26|1.26|2
2020.03.02 19:30:00|1.27|1.28|1.27|1.28|3
2020.03.02 20:30:00|1.27|1.27|1.26|1.27|3
2020.03.02 21:30:00|1.26|1.27|1.26|1.27|2
2020.03.02 22:30:00|1.28|1.28|1.27|1.27|2
2020.03.03 16:30:00|1.27|1.32|1.25|1.29|22
2020.03.03 17:30:00|1.27|1.28|1.26|1.26|12
2020.03.03 18:30:00|1.27|1.29|1.27|1.27|9
2020.03.03 19:30:00|1.26|1.26|1.25|1.25|2
2020.03.03 20:30:00|1.24|1.24|1.15|1.2|27
2020.03.03 21:30:00|1.21|1.21|1.2|1.21|3
2020.03.03 22:30:00|1.2|1.2|1.17|1.17|3
2020.03.04 16:30:00|1.21|1.22|1.18|1.21|18
2020.03.04 17:30:00|1.2|1.21|1.19|1.19|5
2020.03.04 18:30:00|1.18|1.18|1.17|1.17|2
2020.03.04 19:30:00|1.18|1.22|1.18|1.22|8
2020.03.04 20:30:00|1.23|1.23|1.22|1.23|4
2020.03.04 21:30:00|1.22|1.22|1.22|1.22|1
2020.03.04 22:30:00|1.21|1.21|1.21|1.21|1
2020.03.05 16:30:00|1.2|1.2|1.13|1.14|25
2020.03.05 17:30:00|1.14|1.15|1.12|1.14|13
2020.03.05 18:30:00|1.13|1.13|1.12|1.12|2
2020.03.05 19:30:00|1.11|1.14|1.09|1.12|8
2020.03.05 21:30:00|1.11|1.11|1.11|1.11|1
2020.03.06 16:30:00|1.08|1.12|1.06|1.11|20
2020.03.06 17:30:00|1.12|1.12|1.08|1.09|7
2020.03.06 20:30:00|1.08|1.08|1.08|1.08|1
2020.03.06 21:30:00|1.07|1.07|1.06|1.07|5
2020.03.09 15:30:00|0.97|1|0.97|0.98|6
2020.03.09 16:30:00|0.97|0.99|0.97|0.99|3
2020.03.09 17:30:00|1|1.01|1|1|6
2020.03.09 18:30:00|0.99|0.99|0.99|0.99|1
2020.03.09 19:30:00|0.98|0.98|0.96|0.96|5
2020.03.09 20:30:00|0.96|0.98|0.96|0.98|29
2020.03.09 21:30:00|0.97|0.97|0.95|0.95|4
2020.03.10 15:30:00|1|1.01|0.98|1.01|6
2020.03.10 16:30:00|1|1|0.98|0.98|3
2020.03.10 17:30:00|0.97|0.97|0.97|0.97|1
2020.03.10 18:30:00|0.96|0.96|0.96|0.96|2
2020.03.10 19:30:00|0.95|0.95|0.93|0.93|5
2020.03.10 20:30:00|0.93|0.98|0.93|0.97|11
2020.03.10 21:30:00|0.96|0.96|0.9399999999999999|0.95|12
2020.03.11 15:30:00|0.95|0.97|0.87|0.87|55
2020.03.11 16:30:00|0.86|0.86|0.84|0.84|10
2020.03.11 17:30:00|0.84|0.88|0.84|0.86|15
2020.03.11 18:30:00|0.85|0.85|0.85|0.85|4
2020.03.11 19:30:00|0.84|0.84|0.84|0.84|1
2020.03.11 20:30:00|0.83|0.83|0.79|0.8|34
2020.03.11 21:30:00|0.8|0.84|0.8|0.83|7
2020.03.12 15:30:00|0.72|0.72|0.64|0.68|25
2020.03.12 16:30:00|0.68|0.73|0.68|0.71|26
2020.03.12 17:30:00|0.72|0.78|0.72|0.76|32
2020.03.12 18:30:00|0.77|0.82|0.75|0.77|68
2020.03.12 19:30:00|0.76|0.77|0.76|0.77|14
2020.03.12 20:30:00|0.76|0.76|0.73|0.73|4
2020.03.12 21:30:00|0.72|0.72|0.6899999999999999|0.7|13
2020.03.13 15:30:00|0.76|0.8100000000000001|0.74|0.8|27
2020.03.13 16:30:00|0.79|0.79|0.76|0.76|9
2020.03.13 17:30:00|0.75|0.76|0.74|0.75|11
2020.03.13 18:30:00|0.76|0.8|0.76|0.78|35
2020.03.13 19:30:00|0.78|0.79|0.78|0.79|10
2020.03.13 20:30:00|0.78|0.79|0.78|0.79|5
2020.03.13 21:30:00|0.79|0.8|0.79|0.79|54
2020.03.16 15:30:00|0.71|0.77|0.67|0.6899999999999999|46
2020.03.16 16:30:00|0.6899999999999999|0.74|0.6899999999999999|0.74|35
2020.03.16 17:30:00|0.73|0.73|0.73|0.73|2
2020.03.16 18:30:00|0.72|0.72|0.7|0.7|3
2020.03.16 19:30:00|0.6899999999999999|0.7|0.6899999999999999|0.7|3
2020.03.16 20:30:00|0.6899999999999999|0.6899999999999999|0.68|0.68|2
2020.03.16 21:30:00|0.68|0.6899999999999999|0.67|0.67|7
2020.03.17 15:30:00|0.6899999999999999|0.6899999999999999|0.66|0.66|14
2020.03.17 16:30:00|0.66|0.67|0.63|0.67|17
2020.03.17 17:30:00|0.68|0.68|0.65|0.67|23
2020.03.17 18:30:00|0.66|0.66|0.64|0.64|4
2020.03.17 19:30:00|0.63|0.66|0.62|0.66|12
2020.03.17 20:30:00|0.65|0.65|0.65|0.65|1
2020.03.17 21:30:00|0.64|0.64|0.61|0.62|13
2020.03.18 15:30:00|0.6|0.6|0.5600000000000001|0.5600000000000001|47
2020.03.18 16:30:00|0.55|0.55|0.51|0.51|6
2020.03.18 17:30:00|0.5|0.53|0.47|0.49|43
2020.03.18 18:30:00|0.48|0.5|0.47|0.48|33
2020.03.18 19:30:00|0.47|0.48|0.46|0.46|29
2020.03.18 20:30:00|0.47|0.48|0.46|0.48|24
2020.03.19 15:30:00|0.47|0.48|0.46|0.48|23
2020.03.19 16:30:00|0.49|0.62|0.49|0.62|45
2020.03.19 17:30:00|0.61|0.62|0.55|0.57|132
2020.03.19 19:30:00|0.5600000000000001|0.58|0.5600000000000001|0.57|6
2020.03.19 20:30:00|0.58|0.58|0.5600000000000001|0.5600000000000001|9
2020.03.19 21:30:00|0.55|0.55|0.52|0.52|16
2020.03.20 15:30:00|0.59|0.6|0.53|0.5600000000000001|47
2020.03.20 16:30:00|0.5600000000000001|0.59|0.5600000000000001|0.57|15
2020.03.20 17:30:00|0.57|0.59|0.57|0.57|15
2020.03.20 18:30:00|0.58|0.58|0.55|0.55|8
2020.03.20 19:30:00|0.5600000000000001|0.57|0.55|0.55|11
2020.03.20 20:30:00|0.54|0.54|0.52|0.52|21
2020.03.20 21:30:00|0.53|0.5600000000000001|0.51|0.52|58
2020.03.23 15:30:00|0.55|0.6|0.55|0.6|33
2020.03.23 16:30:00|0.6|0.61|0.58|0.58|20
2020.03.23 17:30:00|0.57|0.58|0.57|0.57|14
2020.03.23 18:30:00|0.57|0.6|0.57|0.6|9
2020.03.23 19:30:00|0.59|0.59|0.58|0.59|11
2020.03.23 20:30:00|0.59|0.6|0.59|0.6|10
2020.03.23 21:30:00|0.59|0.6|0.59|0.6|5
2020.03.24 15:30:00|0.64|0.73|0.63|0.6899999999999999|133
2020.03.24 16:30:00|0.6899999999999999|0.74|0.6899999999999999|0.73|39
2020.03.24 17:30:00|0.73|0.76|0.72|0.76|57
2020.03.24 18:30:00|0.77|0.77|0.6899999999999999|0.74|63
2020.03.24 19:30:00|0.74|0.76|0.73|0.76|38
2020.03.24 20:30:00|0.75|0.78|0.75|0.77|73
2020.03.24 21:30:00|0.76|0.77|0.75|0.76|9
2020.03.25 15:30:00|0.88|0.88|0.71|0.77|166
2020.03.25 16:30:00|0.77|0.84|0.77|0.84|45
2020.03.25 17:30:00|0.85|0.87|0.84|0.87|58
2020.03.25 18:30:00|0.86|0.92|0.86|0.89|85
2020.03.25 19:30:00|0.88|0.9|0.86|0.88|63
2020.03.25 20:30:00|0.87|0.91|0.87|0.87|69
2020.03.25 21:30:00|0.87|0.89|0.86|0.87|12
2020.03.26 15:30:00|0.85|0.9399999999999999|0.79|0.91|186
2020.03.26 16:30:00|0.9|0.9399999999999999|0.88|0.9399999999999999|49
2020.03.26 17:30:00|0.95|0.96|0.91|0.92|76
2020.03.26 18:30:00|0.92|0.95|0.89|0.9|58
2020.03.26 19:30:00|0.89|0.92|0.88|0.92|63
2020.03.26 20:30:00|0.92|0.9399999999999999|0.88|0.9399999999999999|68
2020.03.26 21:30:00|0.9399999999999999|1.04|0.9399999999999999|0.97|73
2020.03.27 15:30:00|0.9399999999999999|1.06|0.9|1.04|205
2020.03.27 16:30:00|1.05|1.14|1.02|1.14|36
2020.03.27 17:30:00|1.15|1.22|1.1|1.22|45
2020.03.27 18:30:00|1.22|1.27|1.13|1.13|100
2020.03.27 19:30:00|1.16|1.18|1.13|1.17|40
2020.03.27 20:30:00|1.18|1.23|1.15|1.21|35
2020.03.27 21:30:00|1.2|1.39|1.14|1.28|402
2020.03.30 16:30:00|1.12|1.12|0.9|1.02|105
2020.03.30 17:30:00|1.01|1.01|0.97|0.98|8
2020.03.30 18:30:00|0.97|0.97|0.9399999999999999|0.9399999999999999|5
2020.03.30 19:30:00|0.9399999999999999|0.97|0.9399999999999999|0.95|27
2020.03.30 20:30:00|0.9399999999999999|0.9399999999999999|0.89|0.89|6
2020.03.30 21:30:00|0.89|0.96|0.89|0.93|44
2020.03.30 22:30:00|0.93|0.9399999999999999|0.93|0.93|15
2020.03.31 16:30:00|0.99|1|0.9399999999999999|0.98|33
2020.03.31 17:30:00|0.97|0.97|0.97|0.97|1
2020.03.31 18:30:00|0.96|0.97|0.95|0.95|15
2020.03.31 19:30:00|0.9399999999999999|0.9399999999999999|0.92|0.92|7
2020.03.31 20:30:00|0.91|0.92|0.9|0.92|7
2020.03.31 21:30:00|0.91|0.92|0.9|0.9|7
2020.03.31 22:30:00|0.9|0.96|0.9|0.96|16
2020.04.01 16:30:00|0.86|0.87|0.84|0.85|55
2020.04.01 17:30:00|0.85|0.9|0.85|0.88|35
2020.04.01 18:30:00|0.87|0.88|0.86|0.86|29
2020.04.01 19:30:00|0.85|0.86|0.85|0.85|11
2020.04.01 20:30:00|0.84|0.85|0.84|0.85|5
2020.04.01 21:30:00|0.84|0.84|0.83|0.83|2
2020.04.01 22:30:00|0.83|0.84|0.83|0.83|13
2020.04.02 16:30:00|0.84|0.84|0.79|0.83|44
2020.04.02 17:30:00|0.84|0.87|0.82|0.82|42
2020.04.02 18:30:00|0.82|0.83|0.8|0.8100000000000001|17
2020.04.02 19:30:00|0.8|0.8|0.78|0.78|7
2020.04.02 20:30:00|0.77|0.77|0.76|0.77|4
2020.04.02 21:30:00|0.76|0.77|0.76|0.77|26
2020.04.02 22:30:00|0.76|0.76|0.76|0.76|1
2020.04.03 16:30:00|0.79|0.8|0.73|0.73|72
2020.04.03 17:30:00|0.72|0.73|0.7|0.71|15
2020.04.03 18:30:00|0.7|0.7|0.6899999999999999|0.7|23
2020.04.03 19:30:00|0.71|0.71|0.7|0.7|12
2020.04.03 21:30:00|0.7|0.71|0.7|0.7|10
2020.04.03 22:30:00|0.6899999999999999|0.7|0.6899999999999999|0.7|13
2020.04.06 16:30:00|0.78|0.88|0.78|0.84|155
2020.04.06 17:30:00|0.83|0.84|0.8|0.8|45
2020.04.06 18:30:00|0.8100000000000001|0.83|0.8|0.82|40
2020.04.06 19:30:00|0.8100000000000001|0.82|0.8100000000000001|0.8100000000000001|19
2020.04.06 20:30:00|0.8|0.8|0.79|0.8|4
2020.04.06 21:30:00|0.8|0.8100000000000001|0.8|0.8100000000000001|32
2020.04.06 22:30:00|0.8|0.8100000000000001|0.79|0.8100000000000001|25
2020.04.07 16:30:00|0.89|0.9|0.85|0.86|68
2020.04.07 17:30:00|0.85|0.86|0.83|0.85|35
2020.04.07 18:30:00|0.85|0.87|0.85|0.85|12
2020.04.07 19:30:00|0.85|0.86|0.85|0.85|8
2020.04.07 20:30:00|0.84|0.84|0.83|0.84|11
2020.04.07 21:30:00|0.83|0.84|0.82|0.84|10
2020.04.07 22:30:00|0.85|0.85|0.83|0.83|46
2020.04.08 16:30:00|0.85|0.85|0.83|0.84|43
2020.04.08 17:30:00|0.83|0.84|0.82|0.83|45
2020.04.08 18:30:00|0.83|0.85|0.83|0.85|19
2020.04.08 19:30:00|0.85|0.86|0.85|0.86|14
2020.04.08 20:30:00|0.85|0.86|0.85|0.86|8
2020.04.08 21:30:00|0.86|0.89|0.86|0.88|30
2020.04.09 16:30:00|0.89|0.95|0.89|0.92|89
2020.04.09 17:30:00|0.93|0.93|0.89|0.9|39
2020.04.09 18:30:00|0.9|0.92|0.9|0.91|15
2020.04.09 19:30:00|0.91|0.92|0.89|0.9|15
2020.04.09 20:30:00|0.89|0.9|0.85|0.86|25
2020.04.09 21:30:00|0.86|0.88|0.85|0.87|26
