2020.09.18 16:30:00|279.34|279.47|275.92|279.14|4108
2020.09.18 17:30:00|279.14|279.19|276.31|276.7|4021
2020.09.18 18:30:00|276.75|277.53|275.88|276.75|3566
2020.09.18 19:30:00|276.76|276.76|271.98|272.09|4581
2020.09.18 20:30:00|272.09|272.13|270.64|271.9|4212
2020.09.18 21:30:00|271.91|274.52|271.78|274.33|3558
2020.09.18 22:30:00|274.34|275.51|274.04|275.05|4082
2020.09.21 16:30:00|271.95|272.43|268.4|268.95|6622
2020.09.21 17:30:00|268.86|269|266.38|266.85|5794
2020.09.21 18:30:00|266.79|269.05|266.42|268.48|4943
2020.09.21 19:30:00|268.48|268.91|267.49|268.91|4147
2020.09.21 20:30:00|268.91|269.3|267.63|267.93|4463
2020.09.21 21:30:00|267.89|270.16|267.18|269.91|4628
2020.09.21 22:30:00|269.94|272.21|269.61|272.15|4073
2020.09.22 16:30:00|272|272.78|270.49|272.61|4119
2020.09.22 17:30:00|272.61|272.81|270.65|271.29|3542
2020.09.22 18:30:00|271.31|272.35|270.74|272.06|2633
2020.09.22 19:30:00|272.07|272.81|271.57|272.72|2392
2020.09.22 20:30:00|272.7|273.12|272.08|272.51|3506
2020.09.22 21:30:00|272.52|272.76|271.51|272.73|4059
2020.09.22 22:30:00|272.73|273.38|272.22|273.09|3800
2020.09.23 16:30:00|274.89|276.39|272.2|272.99|3402
2020.09.23 17:30:00|273.03|273.34|270.67|271.39|4139
2020.09.23 18:30:00|271.38|271.53|269.19|269.65|4031
2020.09.23 19:30:00|269.65|270.39|269.51|269.91|3216
2020.09.23 20:30:00|269.9|270.16|266.44|266.51|4495
2020.09.23 21:30:00|266.5|267.21|264.52|266.15|6186
2020.09.23 22:30:00|266.15|266.54|265.04|266.31|5099
2020.09.24 16:30:00|266.02|267.22|263.82|265.47|3808
2020.09.24 17:30:00|265.48|267.51|263.42|266.89|4669
2020.09.24 18:30:00|266.89|267.82|266.13|266.43|3608
2020.09.24 19:30:00|266.43|268.89|265.42|268.64|3143
2020.09.24 20:30:00|268.65|269.22|266.71|267.27|3952
2020.09.24 21:30:00|267.26|268.51|264.91|265.33|5186
2020.09.24 22:30:00|265.29|266.55|264.79|265.2|4171
2020.09.25 16:30:00|264.7|265.7|263.61|265.27|4241
2020.09.25 17:30:00|265.27|267.2|264.94|266.74|3692
2020.09.25 18:30:00|266.76|267.16|265.58|265.94|2878
2020.09.25 19:30:00|265.95|266.89|265.55|266.86|2428
2020.09.25 20:30:00|266.87|268.87|266.56|268.76|2391
2020.09.25 21:30:00|268.77|269.66|267.77|269.37|3611
2020.09.25 22:30:00|269.36|269.36|267.89|268.07|3762
2020.09.28 16:30:00|271.89|272.77|269.76|272.06|3685
2020.09.28 17:30:00|271.99|272.71|271.32|272.3|3692
2020.09.28 18:30:00|272.32|273.11|271.5|271.65|2882
2020.09.28 19:30:00|271.72|272.73|271.43|272.73|2090
2020.09.28 20:30:00|272.75|273.64|272.75|273.51|2787
2020.09.28 21:30:00|273.52|273.74|272.63|273.37|4093
2020.09.28 22:30:00|273.37|273.37|271.59|271.81|3757
2020.09.29 16:30:00|271.89|273.08|270.96|272.43|2456
2020.09.29 17:30:00|272.43|272.78|271.8|272.23|2782
2020.09.29 18:30:00|272.23|272.3|270.64|271.63|2413
2020.09.29 19:30:00|271.63|272.31|271.3|272.31|1755
2020.09.29 20:30:00|272.31|272.57|271.9|272.51|2044
2020.09.29 21:30:00|272.54|273.33|272.42|272.79|2940
2020.09.29 22:30:00|272.78|273.11|271.6|271.66|3044
2020.09.30 16:30:00|272.1|275.69|272.1|275.1|3839
2020.09.30 17:30:00|275.14|277.45|274.9|277.33|3494
2020.09.30 18:30:00|277.29|278.02|276.95|277.48|2788
2020.09.30 19:30:00|277.43|277.88|276.85|277.63|3281
2020.09.30 20:30:00|277.63|279.44|276.43|277.45|3985
2020.09.30 21:30:00|277.43|277.43|274.03|275.43|7709
2020.09.30 22:30:00|275.44|277.81|274.7|277.58|5674
2020.10.01 16:30:00|278.72|279.44|275.37|276.97|4719
2020.10.01 17:30:00|276.96|278.69|276.78|277.66|4790
2020.10.01 18:30:00|277.67|278.19|276.97|278.15|3248
2020.10.01 19:30:00|278.19|278.77|276.76|277.1|2845
2020.10.01 20:30:00|277.13|277.48|275.41|277.01|5097
2020.10.01 21:30:00|277.01|278.46|276.64|276.68|2286
2020.10.01 22:30:00|276.68|277.28|275.86|277.17|2420
2020.10.02 16:30:00|274.34|277.3|274.31|276.51|4418
2020.10.02 17:30:00|276.51|278.19|275.55|277.51|3240
2020.10.02 18:30:00|277.51|279.43|275.74|278.88|4202
2020.10.02 19:30:00|279.02|279.85|278.66|279.66|2846
2020.10.02 20:30:00|279.68|280.36|277.89|280.1|2765
2020.10.02 21:30:00|280.16|280.56|279.45|280.19|3876
2020.10.02 22:30:00|280.21|280.52|278.65|278.86|3007
2020.10.05 16:30:00|279.84|281.26|279.2|280.64|2562
2020.10.05 17:30:00|280.64|281.44|280.57|280.87|2222
2020.10.05 18:30:00|280.93|281.17|279.43|279.56|1663
2020.10.05 19:30:00|279.56|280.03|279.55|279.78|1109
2020.10.05 20:30:00|279.78|280.88|279.54|280.8|1168
2020.10.05 21:30:00|280.84|281.78|280.67|281.59|1644
2020.10.05 22:30:00|281.58|281.97|281.3|281.59|1742
2020.10.06 16:30:00|282.25|282.39|280.17|280.76|2112
2020.10.06 17:30:00|280.76|281.03|279.11|279.8|1793
2020.10.06 18:30:00|279.84|280.4|278.86|279.63|1370
2020.10.06 19:30:00|279.63|280.8|279.57|280.24|1164
2020.10.06 20:30:00|280.24|280.88|279.78|280.75|1491
2020.10.06 21:30:00|280.76|281.8|275.32|276.34|6185
2020.10.06 22:30:00|276.42|277.65|275.32|275.98|3769
2020.10.07 16:30:00|279.93|282.64|279.35|281.67|3288
2020.10.07 17:30:00|281.68|282.18|279.91|280.52|1862
2020.10.07 18:30:00|280.56|281|279.7|280.12|1456
2020.10.07 19:30:00|280.12|280.65|280|280.24|1270
2020.10.07 20:30:00|280.24|282.57|280.24|282.41|1737
2020.10.07 21:30:00|282.41|283.51|282.02|283.14|1881
2020.10.07 22:30:00|283.15|283.4|281.83|282.31|1899
2020.10.08 16:30:00|283.08|283.08|280.65|281.01|2351
2020.10.08 17:30:00|281.05|282.32|281.01|282.18|1755
2020.10.08 18:30:00|282.19|283.03|281.35|282.94|1588
2020.10.08 19:30:00|282.94|283.69|282.55|283.66|999
2020.10.08 20:30:00|283.66|284.43|283.48|284.17|1451
2020.10.08 21:30:00|284.18|284.36|283.33|283.92|1651
2020.10.08 22:30:00|283.94|284.44|283.89|284.1|1515
2020.10.09 16:30:00|285.26|285.76|283.55|284.12|2172
2020.10.09 17:30:00|284.16|284.99|283.59|284.94|1440
2020.10.09 18:30:00|284.95|286.73|284.84|286|2010
2020.10.09 19:30:00|286.05|286.34|285.57|285.65|1260
2020.10.09 20:30:00|285.69|286.37|285.6|286.14|1329
2020.10.09 21:30:00|286.14|286.78|285.9|286.59|1776
2020.10.09 22:30:00|286.53|286.62|284.96|285.37|1920
2020.10.12 16:30:00|286.51|286.89|285.55|286.28|2300
2020.10.12 17:30:00|286.21|287.72|285.56|287.6|2148
2020.10.12 18:30:00|287.59|287.77|286.91|287.5|1574
2020.10.12 19:30:00|287.51|287.69|286.81|287.6|1874
2020.10.12 20:30:00|287.62|287.76|286.16|286.45|2029
2020.10.12 21:30:00|286.46|286.68|285.81|286.34|2840
2020.10.12 22:30:00|286.28|286.55|285.72|286.35|2641
2020.10.13 16:30:00|286.12|287.31|285.69|287.13|2885
2020.10.13 17:30:00|287.08|289.42|286.87|288.52|3076
2020.10.13 18:30:00|288.52|288.58|287.26|287.65|1763
2020.10.13 19:30:00|287.61|288.47|287.05|288.4|1847
2020.10.13 20:30:00|288.4|289.06|287.75|287.97|1992
2020.10.13 21:30:00|288.07|290.02|287.47|289.98|2384
2020.10.13 22:30:00|289.99|290.31|289.62|289.62|1853
2020.10.14 16:30:00|289.78|289.94|287.42|288.25|2080
2020.10.14 17:30:00|288.25|288.95|287.22|287.3|2062
2020.10.14 18:30:00|287.31|287.45|284.64|285.31|3177
2020.10.14 19:30:00|285.31|286.42|285.05|286.06|2771
2020.10.14 20:30:00|286.07|286.79|285.57|285.78|2225
2020.10.14 21:30:00|285.78|287.13|285.14|286.63|2983
2020.10.14 22:30:00|286.63|287.35|286.35|286.4|2723
2020.10.15 16:30:00|283.84|288.36|283.39|286.06|2903
2020.10.15 17:30:00|286.15|286.71|284.85|286.54|2671
2020.10.15 18:30:00|286.55|287.59|286.53|286.8|2234
2020.10.15 19:30:00|286.75|288.61|286.55|288.35|2364
2020.10.15 20:30:00|288.37|289.24|287.95|288.1|1988
2020.10.15 21:30:00|288.07|288.32|287.08|288.15|1772
2020.10.15 22:30:00|288.15|288.32|286.93|286.97|2372
2020.10.16 16:30:00|288.49|292.14|287.59|291.54|2827
2020.10.16 17:30:00|291.54|291.63|288.07|288.39|2066
2020.10.16 18:30:00|288.39|289.86|288.2|288.99|1545
2020.10.16 19:30:00|288.97|289.07|288.29|288.76|1928
2020.10.16 20:30:00|288.76|289.67|288.35|289.61|1473
2020.10.16 21:30:00|289.64|289.73|287.97|288.15|1590
2020.10.16 22:30:00|288.11|288.3|286.8|287.19|1909
2020.10.19 16:30:00|289.26|289.62|287.85|289.43|1996
2020.10.19 17:30:00|289.39|289.42|287.35|288.17|2623
2020.10.19 18:30:00|288.17|289.06|287.88|288.45|2298
2020.10.19 19:30:00|288.46|289.05|288.05|288.31|1569
2020.10.19 20:30:00|288.31|288.39|286.39|287|2430
2020.10.19 21:30:00|287|287|283.44|284.17|4713
2020.10.19 22:30:00|284.17|284.74|282.93|283.24|3186
2020.10.20 16:30:00|284.93|287.35|283.55|286.38|3160
2020.10.20 17:30:00|286.48|287.31|285.38|285.86|2987
2020.10.20 18:30:00|285.87|287.35|285.56|287.14|1976
2020.10.20 19:30:00|287.01|289.23|286.63|288.93|2629
2020.10.20 20:30:00|288.93|289.29|287.55|287.63|2515
2020.10.20 21:30:00|287.66|287.89|284.85|286.48|3453
2020.10.20 22:30:00|286.46|286.97|285.23|285.36|3475
2020.10.21 16:30:00|285.84|287.47|284.65|286.72|1916
2020.10.21 17:30:00|286.67|286.99|282.79|283.89|2305
2020.10.21 18:30:00|283.8|285.58|283.18|284.81|2620
2020.10.21 19:30:00|284.82|285.04|283.67|284.72|2428
2020.10.21 20:30:00|284.73|285.56|284.06|285.38|1884
2020.10.21 21:30:00|285.31|285.67|284.61|285.26|2052
2020.10.21 22:30:00|285.26|285.46|283.79|283.95|2394
2020.10.22 16:30:00|284.53|284.98|281.56|281.84|2367
2020.10.22 17:30:00|281.85|282.76|280.07|281.83|3005
2020.10.22 18:30:00|281.87|282.11|281.05|281.93|2201
2020.10.22 19:30:00|281.94|282.85|281.22|282.47|1619
2020.10.22 20:30:00|282.48|283.26|282.18|282.75|1426
2020.10.22 21:30:00|282.75|282.92|280.74|280.88|1689
2020.10.22 22:30:00|280.89|281.47|280.4|280.7|1960
2020.10.23 16:30:00|282.11|282.11|279.64|280.56|2295
2020.10.23 17:30:00|280.56|281.86|280.24|280.95|2200
2020.10.23 18:30:00|280.95|281.42|279.85|279.95|2086
2020.10.23 19:30:00|279.94|280.65|279.05|280.58|1696
2020.10.23 20:30:00|280.66|281.47|280.35|281.47|1043
2020.10.23 21:30:00|281.45|281.95|281.03|281.86|1428
2020.10.23 22:30:00|281.87|282.69|281.61|282.5|1714
2020.10.26 15:30:00|279.37|280.89|277.23|277.32|3286
2020.10.26 16:30:00|277.33|277.75|274.3|275.21|3918
2020.10.26 17:30:00|275.21|275.65|274.44|275.2|3677
2020.10.26 18:30:00|275.14|275.14|272.09|272.09|3326
2020.10.26 19:30:00|272.09|274.97|271.55|274.97|3084
2020.10.26 20:30:00|274.97|275.21|274.06|274.89|3302
2020.10.26 21:30:00|274.9|275.59|273.7|275.59|3145
2020.10.27 15:30:00|276.79|279.18|276.11|276.83|3138
2020.10.27 16:30:00|276.83|278.61|276.64|277.22|2689
2020.10.27 17:30:00|277.22|278.23|276.97|277.49|1909
2020.10.27 18:30:00|277.49|278.3|276.83|278.05|1725
2020.10.27 19:30:00|278.05|278.63|276.67|276.86|1888
2020.10.27 20:30:00|276.87|277.01|275.59|276.86|2638
2020.10.27 21:30:00|276.83|277.36|275.65|276.3|2072
2020.10.28 15:30:00|270.1|272.97|268.75|269.33|4335
2020.10.28 16:30:00|269.33|270.66|268.23|269.16|4616
2020.10.28 17:30:00|269.15|272.37|268.59|271.39|3411
2020.10.28 18:30:00|271.4|272.08|269.96|270.96|2846
2020.10.28 19:30:00|270.96|271.67|269.29|270.39|3108
2020.10.28 20:30:00|270.38|271.27|269.6|270.82|4168
2020.10.28 21:30:00|270.82|271.72|269.02|269.03|3706
2020.10.29 15:30:00|269.76|271.26|266.85|271.15|5728
2020.10.29 16:30:00|271.15|271.76|269.65|269.66|4049
2020.10.29 17:30:00|269.66|270.11|268.18|269.99|3685
2020.10.29 18:30:00|270|271.05|268.6|269.58|2782
2020.10.29 19:30:00|269.6|273.2|269.49|272.76|3012
2020.10.29 20:30:00|272.75|272.76|270.01|270.64|3781
2020.10.29 21:30:00|270.64|270.85|269.15|269.23|3628
2020.10.30 15:30:00|268.04|268.91|264.13|264.26|4707
2020.10.30 16:30:00|264.26|265.53|262.25|263.06|6370
2020.10.30 17:30:00|263.05|265.8|262.56|265.65|4303
2020.10.30 18:30:00|265.57|265.69|263.06|264.08|3589
2020.10.30 19:30:00|264.02|264.6|262.66|262.76|4732
2020.10.30 20:30:00|262.74|263.58|261.57|263.17|6499
2020.10.30 21:30:00|263.16|266.37|262.69|266.28|4924
2020.11.02 16:30:00|269.53|274.31|269.07|273.45|3846
2020.11.02 17:30:00|273.45|273.97|270.59|271.38|3392
2020.11.02 18:30:00|271.38|273.02|271.16|272.7|3470
2020.11.02 19:30:00|272.71|272.71|268.98|269.69|2807
2020.11.02 20:30:00|269.64|269.92|268.03|269.76|3019
2020.11.02 21:30:00|269.79|270.72|269.31|270.46|3755
2020.11.02 22:30:00|270.52|270.97|269.48|270.24|3420
2020.11.03 16:30:00|274.29|277.58|273.1|276.96|3236
2020.11.03 17:30:00|276.97|277.67|276.03|277.17|2708
2020.11.03 18:30:00|277.18|278.28|276.15|276.89|2441
2020.11.03 19:30:00|276.9|277.31|276.15|276.51|1857
2020.11.03 20:30:00|276.52|276.97|275.45|276.43|2494
2020.11.03 21:30:00|276.51|277.45|276.47|276.95|3282
2020.11.03 22:30:00|276.96|279.01|276.8|276.92|3912
2020.11.04 16:30:00|278.95|283.02|278.5|281.38|5184
2020.11.04 17:30:00|281.56|283.82|280.37|283.56|4037
2020.11.04 18:30:00|283.56|286.44|283.56|286.01|3597
2020.11.04 19:30:00|286.02|286.42|284.94|285.72|3354
2020.11.04 20:30:00|285.73|286.52|284.88|285.8|4008
2020.11.04 21:30:00|285.81|286.02|283.83|283.9|3781
2020.11.04 22:30:00|283.86|284.2|281.87|282.26|4286
2020.11.05 16:30:00|287.04|288.42|285.55|287.19|4563
2020.11.05 17:30:00|287.05|288.51|287.02|287.61|4052
2020.11.05 18:30:00|287.61|287.79|283.58|283.94|2971
2020.11.05 19:30:00|283.94|285.63|283.94|285.05|2313
2020.11.05 20:30:00|285.07|286.06|285.02|285.44|2720
2020.11.05 21:30:00|285.45|285.95|284.75|285.25|3439
2020.11.05 22:30:00|285.26|285.63|284.19|285.35|3540
2020.11.06 16:30:00|286.11|286.13|283.15|283.98|3509
2020.11.06 17:30:00|283.97|284.55|282.87|283.33|3735
2020.11.06 18:30:00|283.33|283.6|282.4|282.52|2676
2020.11.06 19:30:00|282.54|283.47|282.4|283.36|2207
2020.11.06 20:30:00|283.32|283.52|282.56|283.22|2070
2020.11.06 21:30:00|283.23|283.82|282.58|283.67|2871
2020.11.06 22:30:00|283.67|284.44|283.23|283.68|3165
2020.11.09 16:30:00|284.55|284.55|273.56|278.42|6738
2020.11.09 17:30:00|278.43|280.81|276.7|277.35|4789
2020.11.09 18:30:00|277.34|278.34|275.55|277.72|4238
2020.11.09 19:30:00|277.72|278.8|276.47|276.67|2380
2020.11.09 20:30:00|276.68|277.3|273.2|273.92|2969
2020.11.09 21:30:00|273.92|274.26|272.67|272.88|3603
2020.11.09 22:30:00|272.91|273.94|269.02|269.31|4177
2020.11.10 16:30:00|270.16|272.77|268.73|271.84|5131
2020.11.10 17:30:00|271.84|274.09|270.55|273.43|3941
2020.11.10 18:30:00|273.45|274.4|273.05|273.2|2204
2020.11.10 19:30:00|273.21|274.2|272.58|273.34|2847
2020.11.10 20:30:00|273.23|274.5|272.83|273.57|2997
2020.11.10 21:30:00|273.57|275.26|273.57|274.99|5900
2020.11.10 22:30:00|275|275.16|273.85|274.94|3838
2020.11.11 16:30:00|276.29|278.63|275.72|277.36|3445
2020.11.11 17:30:00|277.52|280.1|277.19|279.93|2335
2020.11.11 18:30:00|279.93|280.34|278.66|279.85|1803
2020.11.11 19:30:00|279.85|281.27|279.25|280.95|1561
2020.11.11 20:30:00|281.01|281.14|278.17|278.27|2017
2020.11.11 21:30:00|278.34|278.6|276.97|277|2737
2020.11.11 22:30:00|276.95|277.97|276.8|277.28|2293
2020.11.12 16:30:00|280.44|281.05|277.31|278.83|3361
2020.11.12 17:30:00|278.83|279.86|277.09|277.4|1816
2020.11.12 18:30:00|277.4|277.6|276.14|276.2|1680
2020.11.12 19:30:00|276.16|276.7|273.31|273.68|2646
2020.11.12 20:30:00|273.68|275.43|273.55|274.67|2410
2020.11.12 21:30:00|274.67|275.24|273.82|274.69|2939
2020.11.12 22:30:00|274.68|275.75|273.82|275.57|2765
2020.11.13 16:30:00|277.07|279.19|276.05|276.67|3116
2020.11.13 17:30:00|276.66|277.06|275.86|276.25|1926
2020.11.13 18:30:00|276.25|276.67|275.38|275.56|1427
2020.11.13 19:30:00|275.57|275.9|274.81|275.68|1572
2020.11.13 20:30:00|275.68|276.05|275.27|275.98|1805
2020.11.13 21:30:00|275.97|277.14|275.58|276.88|2048
2020.11.13 22:30:00|276.87|277.73|276.3|276.71|2140
2020.11.16 16:30:00|278.74|280.74|278.05|279.19|5067
2020.11.16 17:30:00|279.2|279.26|278.24|278.5|1999
2020.11.16 18:30:00|278.5|278.86|277.5|277.6|1460
2020.11.16 19:30:00|277.57|277.66|276.36|276.38|1719
2020.11.16 20:30:00|276.41|276.74|276.07|276.23|1846
2020.11.16 21:30:00|276.24|277.23|275.95|277.19|2814
2020.11.16 22:30:00|277.19|279.24|277.19|279.06|2740
2020.11.17 16:30:00|272.47|272.55|268.88|270.36|6448
2020.11.17 17:30:00|270.37|271.51|269.85|270.47|4913
2020.11.17 18:30:00|270.46|270.62|269.41|269.65|3926
2020.11.17 19:30:00|269.66|271.47|269.49|270.44|3381
2020.11.17 20:30:00|270.46|272|270.05|271.98|3381
2020.11.17 21:30:00|271.98|272.3|271.46|271.78|4045
2020.11.17 22:30:00|271.79|272.38|271.3|272.01|4189
2020.11.18 16:30:00|270.8|274.79|268.55|273.92|4706
2020.11.18 17:30:00|273.92|274.39|272.43|273.37|2203
2020.11.18 18:30:00|273.41|273.67|272.55|273.06|1732
2020.11.18 19:30:00|273.08|273.31|271.55|271.57|1681
2020.11.18 20:30:00|271.57|272.96|271.57|271.9|1688
2020.11.18 21:30:00|271.9|272.13|271.22|271.26|1999
2020.11.18 22:30:00|271.26|271.34|269.15|269.37|3129
2020.11.19 16:30:00|269.01|271.88|268.55|270.23|4640
2020.11.19 17:30:00|270.29|270.7|268.91|268.95|2755
2020.11.19 18:30:00|268.96|269.35|268.24|269.24|2569
2020.11.19 19:30:00|269.26|269.61|268.35|269.36|2860
2020.11.19 20:30:00|269.35|270.43|269.2|270.15|2137
2020.11.19 21:30:00|270.14|271.06|270.06|270.17|2705
2020.11.19 22:30:00|270.21|270.87|270.06|270.46|2377
2020.11.20 16:30:00|271.74|271.82|268.83|269.08|3187
2020.11.20 17:30:00|269.08|269.74|268.6|269.43|2461
2020.11.20 18:30:00|269.4|269.85|268.42|268.53|1782
2020.11.20 19:30:00|268.53|269.35|268.42|269.28|1329
2020.11.20 20:30:00|269.24|269.7|268.99|269.29|1348
2020.11.20 21:30:00|269.28|269.67|268.44|269.17|2538
2020.11.20 22:30:00|269.17|270.05|268.88|269.26|2380
2020.11.23 16:30:00|270.5|273.14|269.15|269.19|4148
2020.11.23 17:30:00|269.17|270.56|269.05|269.93|2725
2020.11.23 18:30:00|269.94|270.93|269.35|270.21|2598
2020.11.23 19:30:00|270.21|271.42|269.99|270.94|1361
2020.11.23 20:30:00|270.94|271.49|270.67|270.86|1874
2020.11.23 21:30:00|270.86|271.9|270.61|271.31|3014
2020.11.23 22:30:00|271.31|271.58|270.63|270.95|2573
2020.11.24 16:30:00|273.8|273.8|272.11|273.28|3198
2020.11.24 17:30:00|273.28|274.13|272.68|273.6|2064
2020.11.24 18:30:00|273.6|274.87|273.31|274.24|2139
2020.11.24 19:30:00|274.25|275.07|273.95|274.51|1812
2020.11.24 20:30:00|274.5|274.98|273.86|274.18|1986
2020.11.24 21:30:00|274.18|274.67|273.56|273.64|2158
2020.11.24 22:30:00|273.64|273.64|272.45|272.83|2563
2020.11.25 16:30:00|273.84|274.24|271.86|272.08|2763
2020.11.25 17:30:00|272.09|272.67|270.75|271.55|2090
2020.11.25 18:30:00|271.56|271.62|270.75|271.25|1480
2020.11.25 19:30:00|271.18|272.4|271.17|271.69|1191
2020.11.25 20:30:00|271.7|272.63|271.7|272.22|1347
2020.11.25 21:30:00|272.23|273.73|272.22|273.3|1778
2020.11.25 22:30:00|273.32|273.6|273.16|273.5|1464
2020.11.27 16:30:00|274.66|276.05|273.85|275.43|2474
2020.11.27 17:30:00|275.43|275.76|274.88|275|1702
2020.11.27 18:30:00|275|275|274.16|274.34|1926
2020.11.27 19:30:00|274.34|275.62|274.2|275.62|1095
2020.11.30 16:30:00|275.15|275.37|271.43|272.22|3719
2020.11.30 17:30:00|272.23|273.62|271.8|272.62|3367
2020.11.30 18:30:00|272.64|274.33|272.06|274.16|2525
2020.11.30 19:30:00|274.59|275.41|274.02|274.49|1485
2020.11.30 20:30:00|274.49|275.12|273.55|275.1|2500
2020.11.30 21:30:00|275.07|276.03|274.85|275.56|2786
2020.11.30 22:30:00|275.56|277.15|275.5|276.91|3094
2020.12.01 16:30:00|278.6|278.6|276.56|276.77|3283
2020.12.01 17:30:00|276.77|276.95|275.09|275.51|2757
2020.12.01 18:30:00|275.51|276.23|275.17|275.62|2399
2020.12.01 19:30:00|275.59|276.42|275.59|276.15|2015
2020.12.01 20:30:00|276.16|276.89|275.8|276.81|1621
2020.12.01 21:30:00|276.88|277.44|275.85|276.01|2253
2020.12.01 22:30:00|276.01|276.42|275.45|276.03|2056
2020.12.02 16:30:00|272.73|273.22|269.11|270.57|4459
2020.12.02 17:30:00|270.57|270.77|269.21|269.89|2635
2020.12.02 18:30:00|269.93|270.64|269.7|270.11|2107
2020.12.02 19:30:00|270.11|270.16|269.4|269.6|1687
2020.12.02 20:30:00|269.61|269.93|269.3|269.75|2093
2020.12.02 21:30:00|269.72|270.67|269.55|270.32|2172
2020.12.02 22:30:00|270.32|270.8|270.13|270.51|1992
2020.12.03 16:30:00|270.75|271.28|269.15|269.32|2676
2020.12.03 17:30:00|269.32|269.77|269.05|269.27|2144
2020.12.03 18:30:00|269.28|269.75|268.45|268.59|1720
2020.12.03 19:30:00|268.59|268.97|268.11|268.22|1533
2020.12.03 20:30:00|268.24|268.46|267.64|268.07|2045
2020.12.03 21:30:00|268.08|268.71|267.58|268.57|2080
2020.12.03 22:30:00|268.57|268.59|266.65|267.52|3183
2020.12.04 16:30:00|267.66|268.2|266.36|266.42|2875
2020.12.04 17:30:00|266.44|266.85|265.87|266.24|2445
2020.12.04 18:30:00|266.27|266.66|265.65|266.13|2193
2020.12.04 19:30:00|266.14|266.3|265.3|265.46|1726
2020.12.04 20:30:00|265.48|265.51|263.06|263.14|2901
2020.12.04 21:30:00|263.13|263.25|262.35|262.83|2590
2020.12.04 22:30:00|262.81|263.63|262.45|263.49|2239
2020.12.07 16:30:00|264.13|264.13|261.58|261.59|3402
2020.12.07 17:30:00|261.61|261.95|260.95|261.52|2358
2020.12.07 18:30:00|261.53|262.6|261.32|261.95|2004
2020.12.07 19:30:00|261.96|262.05|260.75|261.31|1809
2020.12.07 20:30:00|261.27|261.64|260.48|261.58|1916
2020.12.07 21:30:00|261.59|262.7|261.59|262.59|1876
2020.12.07 22:30:00|262.59|262.73|262.08|262.18|1923
2020.12.08 16:30:00|262|262|258.25|258.4|3745
2020.12.08 17:30:00|258.41|261.14|258.31|260.98|2196
2020.12.08 18:30:00|260.98|261.55|260.76|261.07|1468
2020.12.08 19:30:00|261.08|261.9|261.06|261.62|1289
2020.12.08 20:30:00|261.64|261.96|261.45|261.6|1206
2020.12.08 21:30:00|261.6|261.6|260.49|260.55|1761
2020.12.08 22:30:00|260.55|261.32|260.45|261.26|1374
2020.12.09 16:30:00|264.56|264.61|261.79|263.56|3810
2020.12.09 17:30:00|263.6|264.47|263.3|264.08|2689
2020.12.09 18:30:00|264.06|265.26|263.85|265|1709
2020.12.09 19:30:00|264.94|264.94|263.43|264.29|2252
2020.12.09 20:30:00|264.23|264.97|263.75|264.9|2579
2020.12.09 21:30:00|264.88|265.06|264.08|264.35|2358
2020.12.09 22:30:00|264.3|265.31|264.13|264.7|2276
2020.12.10 16:30:00|263.66|263.79|261.65|263.02|3531
2020.12.10 17:30:00|263.02|264.4|262.14|264.12|2970
2020.12.10 18:30:00|264.12|264.93|263.67|264.83|2038
2020.12.10 19:30:00|264.83|265.35|264.47|264.93|1889
2020.12.10 20:30:00|264.91|264.92|264.07|264.32|2229
2020.12.10 21:30:00|264.3|265.61|264.3|265.51|2266
2020.12.10 22:30:00|265.51|265.56|264.27|264.27|1918
2020.12.11 16:30:00|263.79|264.84|262.95|263.4|3344
2020.12.11 17:30:00|263.41|263.41|262.16|262.43|2159
2020.12.11 18:30:00|262.43|263.63|262.3|263.4|2316
2020.12.11 19:30:00|263.4|263.73|262.98|263.71|1529
2020.12.11 20:30:00|263.72|264.16|263.12|263.24|1876
2020.12.11 21:30:00|263.26|264.15|263.26|263.98|1858
2020.12.11 22:30:00|264|264.78|263.88|263.99|1645
2020.12.14 16:30:00|265.98|267.93|265.05|267.75|3120
2020.12.14 17:30:00|267.76|268.09|265.9|266.02|2590
2020.12.14 18:30:00|266.03|266.27|265.45|265.92|2618
2020.12.14 19:30:00|265.9|266.24|265.27|265.27|2105
2020.12.14 20:30:00|265.27|266.31|265.27|265.98|2012
2020.12.14 21:30:00|265.98|266.4|265.6|266.17|2367
2020.12.14 22:30:00|266.18|266.18|264.8|265.03|2646
2020.12.15 16:30:00|266.75|268|266.66|266.94|2897
2020.12.15 17:30:00|266.86|267.2|265.7|266.48|1760
2020.12.15 18:30:00|266.47|267.76|266.25|267.36|1508
2020.12.15 19:30:00|267.36|268.28|267.34|267.9|1313
2020.12.15 20:30:00|267.9|268.19|267.69|268.16|1173
2020.12.15 21:30:00|268.16|268.25|267.47|267.51|1483
2020.12.15 22:30:00|267.49|267.8|267.35|267.5|1401
2020.12.16 16:30:00|268.74|270.28|268.16|268.68|2801
2020.12.16 17:30:00|268.69|269.15|267.19|267.25|1767
2020.12.16 18:30:00|267.25|267.95|267.05|267.33|1693
2020.12.16 19:30:00|267.33|268.25|267.08|268.21|1693
2020.12.16 20:30:00|268.24|268.48|267.45|268.17|1725
2020.12.16 21:30:00|268.2|269.95|268.09|269.63|2308
2020.12.16 22:30:00|269.63|269.78|269.12|269.12|1689
2020.12.17 16:30:00|271.57|272.61|270.81|272.48|3357
2020.12.17 17:30:00|272.47|272.82|272.09|272.42|2226
2020.12.17 18:30:00|272.51|272.64|271.85|271.86|2319
2020.12.17 19:30:00|271.86|272.86|271.65|272.62|1521
2020.12.17 20:30:00|272.68|273.37|272.57|273.29|1549
2020.12.17 21:30:00|273.3|273.75|273.19|273.61|1881
2020.12.17 22:30:00|273.59|273.86|273.32|273.41|1585
2020.12.18 16:30:00|274.67|275.09|272.56|272.79|3396
2020.12.18 17:30:00|272.81|273.2|270.26|271.18|2330
2020.12.18 18:30:00|271.15|271.65|270.69|271.55|1360
2020.12.18 19:30:00|271.53|272.51|271.41|272.18|951
2020.12.18 20:30:00|272.15|272.53|271.61|271.88|1433
2020.12.18 21:30:00|271.89|271.95|271.17|271.64|1733
2020.12.18 22:30:00|271.65|272.97|270.42|270.51|2715
2020.12.21 16:30:00|268.52|269.34|265.43|266.65|4766
2020.12.21 17:30:00|266.65|268.82|265.81|268.57|4605
2020.12.21 18:30:00|268.64|271.08|268.64|271.04|2236
2020.12.21 19:30:00|271.06|271.27|270.32|271.08|2220
2020.12.21 20:30:00|271.07|271.44|270.55|271.11|2551
2020.12.21 21:30:00|271.11|271.31|270.09|270.32|2799
2020.12.21 22:30:00|270.31|270.45|269.37|270.45|3133
2020.12.22 16:30:00|269.48|270.1|268.05|269.25|2666
2020.12.22 17:30:00|269.25|270.86|269.08|270.6|2513
2020.12.22 18:30:00|270.59|270.63|269.11|269.91|1982
2020.12.22 19:30:00|269.91|270.36|269.47|270.18|1275
2020.12.22 20:30:00|270.22|270.32|269.45|270.14|1163
2020.12.22 21:30:00|270.13|270.14|269.31|269.64|2090
2020.12.22 22:30:00|269.67|269.88|269.15|269.53|2206
2020.12.23 16:30:00|270.12|270.25|267.73|268.36|3254
2020.12.23 17:30:00|268.36|269.21|268.36|269.1|1821
2020.12.23 18:30:00|269.14|269.19|268.43|268.95|1293
2020.12.23 19:30:00|268.96|269.53|268.91|269.47|1249
2020.12.23 20:30:00|269.47|269.75|269.42|269.66|1110
2020.12.23 21:30:00|269.68|269.92|269.5|269.65|1200
2020.12.23 22:30:00|269.65|270|269.23|269.24|2209
2020.12.24 16:30:00|269.39|270.34|268.99|269.77|1925
2020.12.24 17:30:00|269.76|270.21|269.05|269.69|1464
2020.12.24 18:30:00|269.66|270|269.12|269.58|1282
2020.12.24 19:30:00|269.61|270.87|269.48|270.43|974
2020.12.28 16:30:00|271.66|271.66|269.96|270.38|2930
2020.12.28 17:30:00|270.36|271.56|270.36|270.74|1998
2020.12.28 18:30:00|270.75|270.87|269.43|269.6|1813
2020.12.28 19:30:00|269.66|270.28|269.58|269.94|1091
2020.12.28 20:30:00|269.95|270.57|269.8|270.37|888
2020.12.28 21:30:00|270.36|270.51|269.37|269.38|1141
2020.12.28 22:30:00|269.36|269.4|268.79|268.8|1427
2020.12.29 16:30:00|270.2|270.2|266.96|267.47|3374
2020.12.29 17:30:00|267.47|267.65|266.2|266.93|2183
2020.12.29 18:30:00|266.97|266.99|265.75|265.78|1503
2020.12.29 19:30:00|265.83|265.83|264.6|265.49|2110
2020.12.29 20:30:00|265.49|265.5|264.86|265.33|1325
2020.12.29 21:30:00|265.3|266|265.13|265.85|1308
2020.12.29 22:30:00|265.83|266.26|265.57|265.67|1482
2020.12.30 16:30:00|266|266.03|264.43|265.25|2355
2020.12.30 17:30:00|265.26|266.54|265.25|266.48|2535
2020.12.30 18:30:00|266.44|266.79|265.7|265.73|1237
2020.12.30 19:30:00|265.71|265.83|265.28|265.35|1269
2020.12.30 20:30:00|265.35|265.97|265.25|265.34|1352
2020.12.30 21:30:00|265.33|265.68|264.6|264.78|1490
2020.12.30 22:30:00|264.79|265.57|264.68|264.71|1844
2020.12.31 16:30:00|265.12|265.12|263.31|263.61|2255
2020.12.31 17:30:00|263.61|263.95|263.11|263.16|1564
2020.12.31 18:30:00|263.16|264.09|263.12|264.04|1460
2020.12.31 19:30:00|264.04|264.56|264.03|264.33|1090
2020.12.31 20:30:00|264.33|264.52|264.14|264.23|572
2021.01.04 16:30:00|265.91|265.91|264.05|264.31|3604
2021.01.04 17:30:00|264.31|264.88|262.37|262.78|3869
2021.01.04 18:30:00|262.78|262.78|260.79|261.72|3917
2021.01.04 19:30:00|261.69|262.68|260.57|262.41|2947
2021.01.04 20:30:00|262.43|263.04|261.82|262.51|3348
2021.01.04 21:30:00|262.43|263.12|262.09|262.37|3943
2021.01.04 22:30:00|262.38|264.01|262.15|263.54|2374
2021.01.05 16:30:00|263.32|264.66|262.69|263.37|4058
2021.01.05 17:30:00|263.41|263.44|261.83|263.28|3761
2021.01.05 18:30:00|263.27|264.2|263.15|263.47|1897
2021.01.05 19:30:00|263.48|263.95|263.22|263.95|1602
2021.01.05 20:30:00|263.95|265.55|263.79|265.52|2078
2021.01.05 21:30:00|265.55|265.91|265.25|265.5|2145
2021.01.05 22:30:00|265.49|266.01|265.36|265.6|1715
2021.01.06 16:30:00|262.56|266.51|261.51|265.61|4140
2021.01.06 17:30:00|265.69|267.52|265.08|266.97|3266
2021.01.06 18:30:00|266.98|267.97|266.59|266.79|2608
2021.01.06 19:30:00|266.8|268.94|266.79|268.77|2369
2021.01.06 20:30:00|268.79|269.28|267.06|267.28|2617
2021.01.06 21:30:00|267.28|267.94|266.21|267|4768
2021.01.06 22:30:00|267|267.44|266.61|267.07|3715
2021.01.07 16:30:00|266.74|268.28|265.83|267.61|3471
2021.01.07 17:30:00|267.63|267.95|266.26|266.51|2297
2021.01.07 18:30:00|266.51|266.82|266.32|266.49|1380
2021.01.07 19:30:00|266.48|267.2|266.4|266.43|1537
2021.01.07 20:30:00|266.45|267.1|266.3|266.3|1716
2021.01.07 21:30:00|266.26|266.59|265.85|265.99|2378
2021.01.07 22:30:00|266.03|266.43|265.74|265.74|1454
2021.01.08 16:30:00|267.27|269.23|266.5|268.22|3977
2021.01.08 17:30:00|268.23|270.25|268.23|269.21|2998
2021.01.08 18:30:00|269.21|269.21|268.27|268.83|2385
2021.01.08 19:30:00|268.83|269.05|267.08|267.8|2602
2021.01.08 20:30:00|267.76|267.87|266.57|267.21|4463
2021.01.08 21:30:00|267.22|268.17|266.76|268.16|3315
2021.01.08 22:30:00|268.17|269.05|268.02|268.64|1850
2021.01.11 16:30:00|267.41|269.25|266.95|269.21|4207
2021.01.11 17:30:00|269.23|270.68|268.51|270.62|2879
2021.01.11 18:30:00|270.62|271.67|270.42|271.59|2045
2021.01.11 19:30:00|271.59|272.83|271.59|272.42|2002
2021.01.11 20:30:00|272.42|272.42|271.18|271.45|2217
2021.01.11 21:30:00|271.45|272.59|270.96|271|3190
2021.01.11 22:30:00|271|271.38|270.35|270.75|2629
2021.01.12 16:30:00|270.73|274.28|270.22|274.1|2857
2021.01.12 17:30:00|274.1|275.11|273.92|274.36|2416
2021.01.12 18:30:00|274.4|275.77|274.19|275.69|3109
2021.01.12 19:30:00|275.65|276.44|275.03|276.26|2454
2021.01.12 20:30:00|276.26|277.45|275.98|276.54|2146
2021.01.12 21:30:00|276.54|276.9|276.13|276.77|2564
2021.01.12 22:30:00|276.77|276.89|275.82|275.82|2013
2021.01.13 16:30:00|277.77|279.98|277.31|277.52|3489
2021.01.13 17:30:00|277.55|277.7|275.57|276.4|2204
2021.01.13 18:30:00|276.41|277.29|276.36|277.05|1757
2021.01.13 19:30:00|277.04|277.57|276.4|276.44|1844
2021.01.13 20:30:00|276.42|276.59|275.71|275.77|1881
2021.01.13 21:30:00|275.79|275.88|274.28|274.49|2129
2021.01.13 22:30:00|274.48|274.87|273.49|273.53|1760
2021.01.14 16:30:00|274.07|274.07|271.85|272.31|3305
2021.01.14 17:30:00|272.32|272.32|271.32|271.64|2071
2021.01.14 18:30:00|271.59|272.17|271.06|271.27|1473
2021.01.14 19:30:00|271.14|271.84|270.85|271.54|2500
2021.01.14 20:30:00|271.58|272.18|271|271.05|1865
2021.01.14 21:30:00|271.01|271.09|269.32|269.62|3134
2021.01.14 22:30:00|269.62|269.66|267.2|267.89|2790
2021.01.15 16:30:00|268.42|271.51|267.97|269.84|4660
2021.01.15 17:30:00|269.88|271.97|269.55|271.97|4136
2021.01.15 18:30:00|271.95|275.39|271.52|275.3|4074
2021.01.15 19:30:00|275.3|275.59|274.08|274.77|3081
2021.01.15 20:30:00|274.77|275.15|274.22|275.05|2071
2021.01.15 21:30:00|275.06|275.88|274.82|275.46|3050
2021.01.15 22:30:00|275.48|275.65|274.76|275.14|2518
2021.01.19 16:30:00|276.69|276.75|273.68|275.4|3838
2021.01.19 17:30:00|275.4|276.29|274.41|275.32|2314
2021.01.19 18:30:00|275.32|276.76|274.67|274.73|2216
2021.01.19 19:30:00|274.74|275.12|274.45|274.62|1908
2021.01.19 20:30:00|274.62|275.09|273.58|273.83|1314
2021.01.19 21:30:00|273.83|274.08|273.45|273.67|1787
2021.01.19 22:30:00|273.71|273.84|272.56|272.73|1516
2021.01.20 16:30:00|272.42|273.46|270.94|273.44|3714
2021.01.20 17:30:00|273.39|276.42|273.35|274.72|2947
2021.01.20 18:30:00|274.83|276.36|274.58|276.28|2155
2021.01.20 19:30:00|276.3|276.72|275.86|276.5|1693
2021.01.20 20:30:00|276.52|276.7|274.1|274.11|1818
2021.01.20 21:30:00|274.07|274.6|273.18|274.09|1861
2021.01.20 22:30:00|274.09|274.35|273.73|273.87|1550
2021.01.21 16:30:00|276.27|277.24|275.45|276.68|1188
2021.01.21 18:30:00|278.62|279.42|278.23|279.4|1183
2021.01.21 19:30:00|279.4|279.7|278.51|278.87|1405
2021.01.21 20:30:00|278.86|280.19|278.86|279.72|1543
2021.01.21 21:30:00|279.72|279.83|279.05|279.58|1527
2021.01.21 22:30:00|279.55|279.66|278.45|278.54|1224
2021.01.22 16:30:00|279.14|281.61|277.29|281.41|3502
2021.01.22 17:30:00|281.41|282.3|280.82|281.6|2145
2021.01.22 18:30:00|281.71|283.45|281.59|283.3|1302
2021.01.22 19:30:00|283.3|283.86|282.59|283.62|1292
2021.01.22 20:30:00|283.63|284.13|283.3|283.51|1536
2021.01.22 21:30:00|283.52|284.61|283.32|284.33|1692
2021.01.22 22:30:00|284.38|284.39|283.34|283.34|1429
2021.01.25 16:30:00|284.72|285.24|281.55|285.23|3833
2021.01.25 17:30:00|285.24|285.24|280.87|282.53|4639
2021.01.25 18:30:00|282.57|284.7|282.21|284.51|3824
2021.01.25 19:30:00|284.51|284.91|283.69|284.14|2663
2021.01.25 20:30:00|284.14|284.71|283.44|284.49|2341
2021.01.25 21:30:00|284.49|284.83|283.75|284.42|2228
2021.01.25 22:30:00|284.42|284.58|283.65|284.47|1805
2021.01.26 16:30:00|285.19|285.19|281.19|282.67|3370
2021.01.26 17:30:00|282.75|283.73|282.15|282.93|2833
2021.01.26 18:30:00|282.93|283.15|282.3|282.38|2060
2021.01.26 19:30:00|282.34|282.95|282.2|282.53|1549
2021.01.26 20:30:00|282.53|282.56|281.19|282.22|1946
2021.01.26 21:30:00|282.22|282.7|281.35|282.67|2099
2021.01.26 22:30:00|282.69|283.09|281.66|281.99|2048
2021.01.27 16:30:00|278.82|280.03|275.85|276.82|3965
2021.01.27 17:30:00|276.83|278.34|275.85|277.51|4258
2021.01.27 18:30:00|277.43|278.13|275.19|275.72|3292
2021.01.27 19:30:00|275.72|277.29|275.55|276.53|2579
2021.01.27 20:30:00|276.52|277.03|275.45|275.45|2783
2021.01.27 21:30:00|275.35|275.51|273.06|273.63|6859
2021.01.27 22:30:00|273.64|274.03|272.63|273.39|4496
2021.01.28 16:30:00|274.77|279.16|274.39|278.31|3774
2021.01.28 17:30:00|278.31|281.85|277.71|281.17|5314
2021.01.28 18:30:00|281.21|282.38|280.94|281.65|4009
2021.01.28 19:30:00|281.66|281.9|279.58|279.78|3187
2021.01.28 20:30:00|279.77|280.42|278.59|278.89|2983
2021.01.28 21:30:00|278.97|279.92|278.26|279.09|4613
2021.01.28 22:30:00|279.09|279.38|277.36|277.36|4159
2021.01.29 16:30:00|275.07|275.24|273.05|274.25|4462
2021.01.29 17:30:00|274.26|275.87|273.55|273.55|3768
2021.01.29 18:30:00|273.56|274.03|271.48|271.75|4083
2021.01.29 19:30:00|271.71|271.91|269.55|271.27|5327
2021.01.29 20:30:00|271.26|271.87|270.3|270.33|5093
2021.01.29 21:30:00|270.33|271.49|269.68|270.96|5352
2021.01.29 22:30:00|270.94|272.14|269.75|270.09|4062
2021.02.01 16:30:00|271.29|271.68|267.11|267.12|5234
2021.02.01 17:30:00|267.12|268.81|266.8|268.41|4030
2021.02.01 18:30:00|268.43|269.71|267.35|267.96|3190
2021.02.01 19:30:00|267.96|268.4|267.58|268.01|2168
2021.02.01 20:30:00|268.02|269.45|267.98|269.17|2268
2021.02.01 21:30:00|269.18|269.69|268.87|269.22|2335
2021.02.01 22:30:00|269.22|269.94|268.94|269.54|2339
2021.02.02 16:30:00|271.01|273.86|269.5|273.44|4153
2021.02.02 17:30:00|273.37|274.1|272.61|273.33|2594
2021.02.02 18:30:00|273.34|274.63|273.17|273.49|1961
2021.02.02 19:30:00|273.5|275.17|273.44|273.96|1589
2021.02.02 20:30:00|273.97|274.15|272.96|273.31|1509
2021.02.02 21:30:00|273.31|273.76|272.14|272.42|2058
2021.02.02 22:30:00|272.41|272.87|271.47|271.51|1790
2021.02.03 16:30:00|271.79|273.99|270.67|270.72|4176
2021.02.03 17:30:00|270.72|272.65|270.2|272.58|3090
2021.02.03 18:30:00|272.58|275.21|272.54|274.29|2033
2021.02.03 19:30:00|274.29|275.06|273.68|274.33|1992
2021.02.03 20:30:00|274.36|274.95|273|273.63|1683
2021.02.03 21:30:00|273.64|274.23|273.52|273.77|2035
2021.02.03 22:30:00|273.77|274.57|273.55|273.71|1800
2021.02.04 16:30:00|274.3|276.55|273.8|276.16|3181
2021.02.04 17:30:00|276.17|277.96|275.89|277.68|3577
2021.02.04 18:30:00|277.75|278.24|277.48|277.8|1942
2021.02.04 19:30:00|277.8|278.26|277.36|277.65|1423
2021.02.04 20:30:00|277.66|278.94|277.57|278.07|1266
2021.02.04 21:30:00|278.09|278.72|277.45|277.78|1502
2021.02.04 22:30:00|277.77|278.84|277.76|278.36|1900
2021.02.05 16:30:00|280.64|281.09|277.55|278.2|3615
2021.02.05 17:30:00|278.21|279.39|277.88|278.43|2267
2021.02.05 18:30:00|278.5|278.69|277.31|278.05|2047
2021.02.05 19:30:00|278.05|278.71|277.89|278.47|2066
2021.02.05 20:30:00|278.46|278.74|277.98|278.35|2000
2021.02.05 21:30:00|278.33|278.97|277.69|278.1|2166
2021.02.05 22:30:00|278.1|278.49|277.99|278.25|1704
2021.02.08 16:30:00|278.25|279.77|276.84|278.57|2977
2021.02.08 17:30:00|278.55|278.64|276.68|277.54|2063
2021.02.08 18:30:00|277.61|278.53|276.41|278.49|1978
2021.02.08 19:30:00|278.49|278.57|277.76|277.85|1248
2021.02.08 20:30:00|277.9|278.23|276.91|278.09|1609
2021.02.08 21:30:00|278.1|278.76|277.8|278.74|1332
2021.02.08 22:30:00|278.74|279.47|278.5|279.45|1215
2021.02.09 16:30:00|279.58|279.64|277.55|277.87|2741
2021.02.09 17:30:00|277.87|278.18|276.91|277.69|2248
2021.02.09 18:30:00|277.7|277.93|276.97|277.63|1461
2021.02.09 19:30:00|277.65|278.28|277.55|277.61|1240
2021.02.09 20:30:00|277.63|277.81|277.23|277.63|1404
2021.02.09 21:30:00|277.62|277.94|277.24|277.28|1091
2021.02.09 22:30:00|277.29|277.53|276.17|276.25|1274
2021.02.10 16:30:00|277.81|278.05|275.94|276.6|3542
2021.02.10 17:30:00|276.56|277.65|275.7|276.84|3577
2021.02.10 18:30:00|276.77|277.73|276.58|277.01|2469
2021.02.10 19:30:00|277.01|277.65|276.73|277.51|1846
2021.02.10 20:30:00|277.52|278.03|277.31|277.97|2007
2021.02.10 21:30:00|277.98|278.45|277.46|277.47|2262
2021.02.10 22:30:00|277.48|278.21|277.15|278.04|2263
2021.02.11 16:30:00|278.46|279.65|276.8|278.65|2803
2021.02.11 17:30:00|278.66|279.57|278.3|278.56|2354
2021.02.11 18:30:00|278.55|278.85|277.56|277.62|2800
2021.02.11 19:30:00|277.62|277.76|276.25|276.66|3451
2021.02.11 20:30:00|276.62|276.88|275.77|276.1|3068
2021.02.11 21:30:00|276.1|276.44|275.56|276.03|2525
2021.02.11 22:30:00|276.03|276.76|276.01|276.62|2094
2021.02.12 16:30:00|276.76|277.95|276.06|276.9|2854
2021.02.12 17:30:00|276.9|278.17|276.65|278|2198
2021.02.12 18:30:00|278|278.24|277.29|277.64|1331
2021.02.12 19:30:00|277.65|277.87|276.55|276.97|1502
2021.02.12 20:30:00|276.98|277.22|276.5|276.71|1267
2021.02.12 21:30:00|276.72|276.76|276.13|276.41|1332
2021.02.12 22:30:00|276.41|277.1|276.3|277.09|1229
2021.02.16 16:30:00|277.36|277.95|275.36|276.31|4549
2021.02.16 17:30:00|276.32|276.94|274.74|275.47|2971
2021.02.16 18:30:00|275.51|276.39|274.79|276.34|3356
2021.02.16 19:30:00|276.39|276.7|275.73|276.63|2419
2021.02.16 20:30:00|276.63|277.22|276.58|276.76|2077
2021.02.16 21:30:00|276.76|276.86|275|275.01|2335
2021.02.16 22:30:00|275.01|275.12|274.4|275.01|2254
2021.02.17 16:30:00|275.78|280.02|275.33|279.26|4706
2021.02.17 17:30:00|279.27|279.39|277.24|277.92|3315
2021.02.17 18:30:00|277.86|279.39|277.71|279.36|3138
2021.02.17 19:30:00|279.41|279.95|279.18|279.44|1964
2021.02.17 20:30:00|279.43|280.48|279.21|280.1|1843
2021.02.17 21:30:00|280.1|281.32|279.88|280.89|2204
2021.02.17 22:30:00|280.87|281.23|280.34|280.4|1714
2021.02.18 16:30:00|279.9|284.15|279.45|282.77|4640
2021.02.18 17:30:00|282.67|283.77|281.64|283.75|3505
2021.02.18 18:30:00|283.65|283.7|280.64|280.67|4021
2021.02.18 19:30:00|280.67|281.18|280.16|281.01|2820
2021.02.18 20:30:00|281.04|282.31|280.96|282.3|2262
2021.02.18 21:30:00|282.3|282.8|281.91|282.37|2337
2021.02.18 22:30:00|282.37|282.66|282.02|282.6|2067
2021.02.19 16:30:00|281.83|282.68|279.55|281.25|3795
2021.02.19 17:30:00|281.27|282.83|280.82|282.8|3535
2021.02.19 18:30:00|282.8|283.38|282.29|282.59|2859
2021.02.19 19:30:00|282.59|282.63|281.05|281.2|2615
2021.02.19 20:30:00|281.2|281.28|279.65|279.71|2612
2021.02.19 21:30:00|279.71|279.95|279.32|279.49|2681
2021.02.19 22:30:00|279.46|279.69|278.98|279.14|1999
2021.02.22 16:30:00|276.57|277.24|273.15|275.7|5907
2021.02.22 17:30:00|275.72|277.2|274.86|276.59|3399
2021.02.22 18:30:00|276.6|277.74|276.45|277.36|2419
2021.02.22 19:30:00|277.37|277.78|277.09|277.58|2029
2021.02.22 20:30:00|277.53|277.85|276.56|277.09|2141
2021.02.22 21:30:00|277.1|277.12|276.33|276.48|2365
2021.02.22 22:30:00|276.49|277.07|275.22|275.22|2443
2021.02.23 16:30:00|265.24|265.88|257.12|259.75|7607
2021.02.23 17:30:00|259.75|266.37|259.55|264.75|5886
2021.02.23 18:30:00|264.75|265.04|261.8|262.75|4905
2021.02.23 19:30:00|262.77|265.3|262.4|264.71|4357
2021.02.23 20:30:00|264.71|266.26|264.42|265.57|4143
2021.02.23 21:30:00|265.58|268.21|264.69|267.81|4807
2021.02.23 22:30:00|267.81|268.36|266.65|266.65|2953
2021.02.24 16:30:00|264.21|264.39|254.61|256.37|8788
2021.02.24 17:30:00|256.37|257.43|254.61|254.77|8750
2021.02.24 18:30:00|254.7|258.05|253.59|257.97|6430
2021.02.24 19:30:00|257.98|260.15|257.76|260.13|5317
2021.02.24 20:30:00|260.13|261.77|259.42|259.56|4234
2021.02.24 21:30:00|259.57|260.59|258.77|260.4|3999
2021.02.24 22:30:00|260.4|261.22|259.49|259.52|3533
2021.02.25 16:30:00|260.16|260.41|257.67|258.01|4078
2021.02.25 17:30:00|257.98|259.69|257.35|257.57|4574
2021.02.25 18:30:00|257.55|258.46|256.18|256.61|5015
2021.02.25 19:30:00|256.6|256.89|254.6|255.23|6757
2021.02.25 20:30:00|255.22|256.98|255.13|256.06|5795
2021.02.25 21:30:00|256.03|256.08|254.58|255.06|6205
2021.02.25 22:30:00|255.01|255.67|254.23|254.76|4991
2021.02.26 16:30:00|257.08|259.56|256.55|256.83|9065
2021.02.26 17:30:00|256.8|259.75|255.59|257.7|6546
2021.02.26 18:30:00|257.71|259.39|257.31|258.57|6042
2021.02.26 19:30:00|258.58|258.91|256.8|258.34|6149
2021.02.26 20:30:00|258.37|258.53|256.63|257.71|6112
2021.02.26 21:30:00|257.71|259.26|257.52|258.6|6493
2021.02.26 22:30:00|258.62|259.77|257.89|257.9|4421
2021.03.01 16:30:00|258.93|260.74|258.15|260.58|3754
2021.03.01 17:30:00|260.59|261.4|259.71|260.19|2153
2021.03.01 18:30:00|260.2|261.54|260.05|260.69|1809
2021.03.01 19:30:00|260.7|260.88|259.25|259.73|1806
2021.03.01 20:30:00|259.74|261.01|259.74|260.51|1709
2021.03.01 21:30:00|260.5|261.95|260.38|261.9|2128
2021.03.01 22:30:00|261.93|262|260.67|261.05|2140
2021.03.02 16:30:00|262.14|262.62|259.68|261.08|4267
2021.03.02 17:30:00|261.08|261.08|259.32|260.48|3568
2021.03.02 18:30:00|260.49|260.67|259.67|260.03|2308
2021.03.02 19:30:00|260.05|261.2|260|260.74|1823
2021.03.02 20:30:00|260.76|261.08|260.05|260.49|2093
2021.03.02 21:30:00|260.51|261.59|260.05|260.46|2246
2021.03.02 22:30:00|260.45|260.82|259.72|259.83|2353
2021.03.03 16:30:00|259.37|260.05|256.17|256.44|4715
2021.03.03 17:30:00|256.44|258.21|255.66|257.91|3457
2021.03.03 18:30:00|257.91|258.23|255.6|256.06|2804
2021.03.03 19:30:00|256.07|257.87|255.56|257.19|2445
2021.03.03 20:30:00|257.18|257.21|256.45|257.11|3381
2021.03.03 21:30:00|257.12|257.72|256.55|257.44|4229
2021.03.03 22:30:00|257.42|257.59|256.59|256.89|3176
2021.03.04 16:30:00|255.99|256.33|250.6|250.96|5480
2021.03.04 17:30:00|250.89|252.85|250.84|252.45|3745
2021.03.04 18:30:00|252.48|254.18|251.15|251.93|4146
2021.03.04 19:30:00|251.92|252.13|249.09|250.11|5858
2021.03.04 20:30:00|250.12|250.12|246.57|249.98|6830
2021.03.04 21:30:00|249.91|250.58|248.6|249.6|7011
2021.03.04 22:30:00|249.59|250.49|248.99|250.29|4676
2021.03.05 16:30:00|251.52|251.52|246.13|246.43|5709
2021.03.05 17:30:00|246.45|248.24|246.1|246.96|5064
2021.03.05 18:30:00|246.97|249.59|246.87|249.55|4340
2021.03.05 19:30:00|249.55|251.2|249.42|250.62|3581
2021.03.05 20:30:00|250.67|252.39|250.62|251.82|3882
2021.03.05 21:30:00|251.78|253.29|251.78|253.01|3823
2021.03.05 22:30:00|253.02|253.7|252.89|252.99|3142
2021.03.08 16:30:00|252.95|258.57|252.07|258.23|5416
2021.03.08 17:30:00|258.22|259.7|257.58|259.15|3924
2021.03.08 18:30:00|259.16|259.24|257.58|259.09|3861
2021.03.08 19:30:00|259.12|261.21|259.09|261.14|3160
2021.03.08 20:30:00|261.16|262.7|260.65|261.25|4161
2021.03.08 21:30:00|261.25|261.48|258.79|259.25|3644
2021.03.08 22:30:00|259.29|260.41|258.46|258.46|3119
2021.03.09 16:30:00|262.64|265.4|261.19|265.21|4689
2021.03.09 17:30:00|265.32|265.51|263.34|264.41|4003
2021.03.09 18:30:00|264.41|266.22|264.25|266.21|3061
2021.03.09 19:30:00|266.21|266.63|265.63|265.68|2514
2021.03.09 20:30:00|265.72|266.3|265.35|265.8|2236
2021.03.09 21:30:00|265.8|267.1|265.8|266.02|2908
2021.03.09 22:30:00|266.02|266.36|264.48|264.55|3031
2021.03.10 16:30:00|265.85|266.04|263.62|263.89|4325
2021.03.10 17:30:00|264|266.32|263.91|266.16|2948
2021.03.10 18:30:00|266.17|266.45|265.05|265.28|2800
2021.03.10 19:30:00|265.27|266.55|265.05|266.06|3809
2021.03.10 20:30:00|266.06|267.68|265.76|267.37|3673
2021.03.10 21:30:00|267.44|268.25|266.95|266.98|3633
2021.03.10 22:30:00|266.92|267.21|265.79|265.8|2547
2021.03.11 16:30:00|267.65|268.74|267.13|268.71|3993
2021.03.11 17:30:00|268.79|269.14|267.42|268.16|2949
2021.03.11 18:30:00|268.13|268.34|266.75|267.34|2157
2021.03.11 19:30:00|267.34|269.6|267.34|269.31|2550
2021.03.11 20:30:00|269.32|269.9|268.6|269.8|2258
2021.03.11 21:30:00|269.8|270.3|268.94|269.38|2731
2021.03.11 22:30:00|269.37|269.37|268.36|268.37|2047
2021.03.12 16:30:00|267.26|271.13|266.29|269.55|3794
2021.03.12 17:30:00|269.52|271.21|269.05|270.61|3236
2021.03.12 18:30:00|270.6|272.21|270.43|271.76|2267
2021.03.12 19:30:00|271.83|272.59|271.21|271.99|1732
2021.03.12 20:30:00|272.01|273.26|271.99|272.55|1803
2021.03.12 21:30:00|272.54|273.32|272.2|272.94|1887
2021.03.12 22:30:00|272.98|273.15|272.49|272.65|1886
2021.03.15 15:30:00|274.91|277.87|274.46|276.42|4543
2021.03.15 16:30:00|276.42|278.05|275.91|276.99|2810
2021.03.15 17:30:00|276.98|278.98|276.15|278.81|2517
2021.03.15 18:30:00|278.78|279.17|277.86|278.12|2096
2021.03.15 19:30:00|278.12|278.89|277.67|278.09|1795
2021.03.15 20:30:00|278.16|278.48|277.05|277.48|1964
2021.03.15 21:30:00|277.49|278.41|276.84|278.05|2120
2021.03.16 15:30:00|278.33|279.81|277.14|279.54|3796
2021.03.16 16:30:00|279.5|280.84|279.05|280.81|2632
2021.03.16 17:30:00|280.81|281.28|280.1|280.71|2573
2021.03.16 18:30:00|280.73|281.78|280.73|281.51|2445
2021.03.16 19:30:00|281.51|281.88|280.75|280.8|2825
2021.03.16 20:30:00|280.81|281.65|280.57|281.48|3233
2021.03.16 21:30:00|281.49|282.06|281.29|281.51|2975
2021.03.17 15:30:00|281.64|283.37|280.78|282.85|3822
2021.03.17 16:30:00|282.86|282.97|280.3|281.7|3268
2021.03.17 17:30:00|281.61|282.41|280.93|281.85|2007
2021.03.17 18:30:00|281.88|282.49|279.95|280.78|2864
2021.03.17 19:30:00|280.79|282.14|279.4|279.43|3726
2021.03.17 20:30:00|279.43|281.08|279.11|280.29|4473
2021.03.17 21:30:00|280.29|281|278.75|279.58|2574
2021.03.18 15:30:00|278.55|280.45|277.2|279.96|5606
2021.03.18 16:30:00|279.96|283.43|279.35|283.41|4037
2021.03.18 17:30:00|283.44|285|283.03|283.6|3499
2021.03.18 18:30:00|283.66|284.06|282.55|283.85|2654
2021.03.18 19:30:00|283.84|284.27|282.68|282.81|2446
2021.03.18 20:30:00|282.73|284.01|281.75|283.19|4958
2021.03.18 21:30:00|283.17|283.3|282.22|282.71|3870
2021.03.19 15:30:00|283.31|284.86|281.89|284.04|6130
2021.03.19 16:30:00|284.11|285.28|282.63|284.96|3784
2021.03.19 17:30:00|284.94|286.94|284.79|286.15|3308
2021.03.19 18:30:00|286.12|286.84|285.72|286.83|2429
2021.03.19 19:30:00|286.87|287.43|286.43|286.85|2677
2021.03.19 20:30:00|286.85|287.51|286.52|286.62|3125
2021.03.19 21:30:00|286.67|288.34|285.66|287.92|3679
2021.03.22 15:30:00|287.37|287.37|284.14|284.64|6398
2021.03.22 16:30:00|284.64|285.21|283.71|284.73|2720
2021.03.22 17:30:00|284.74|286.59|284.74|286.33|2206
2021.03.22 18:30:00|286.33|287.9|286.06|287.84|2355
2021.03.22 19:30:00|287.89|289.04|287.57|288.9|2474
2021.03.22 20:30:00|288.91|289.84|288.91|289.01|2776
2021.03.22 21:30:00|289.01|289.09|288.16|288.28|2446
2021.03.23 15:30:00|289.22|291.89|288.96|290.24|5006
2021.03.23 16:30:00|290.24|292.81|290.13|292.25|4412
2021.03.23 17:30:00|292.26|292.69|291.28|292.38|3764
2021.03.23 18:30:00|292.38|292.38|291.55|291.94|3056
2021.03.23 19:30:00|291.9|291.93|290.77|291.25|2798
2021.03.23 20:30:00|291.28|291.28|289.33|290.1|4390
2021.03.23 21:30:00|290.1|290.45|288.96|289.37|4125
2021.03.24 15:30:00|289.68|293.82|289.2|292.51|4980
2021.03.24 16:30:00|292.51|294.72|292.48|293.78|3695
2021.03.24 17:30:00|293.79|295.76|293.43|295.36|3249
2021.03.24 18:30:00|295.37|296.27|294.03|294.74|2761
2021.03.24 19:30:00|294.76|295.48|293.33|293.38|2982
2021.03.24 20:30:00|293.38|294.55|292.81|293.73|4726
2021.03.24 21:30:00|293.73|293.79|291.94|292.43|3561
2021.03.25 15:30:00|293.04|295.8|291.74|294.21|6642
2021.03.25 16:30:00|294.21|295.6|293.43|294.86|4494
2021.03.25 17:30:00|294.95|295.54|293.47|294.94|4494
2021.03.25 18:30:00|294.95|296.75|294.9|295.76|4082
2021.03.25 19:30:00|295.81|296.52|294.6|295.25|4715
2021.03.25 20:30:00|295.28|297.13|295.22|296.81|4906
2021.03.25 21:30:00|296.81|297.3|296.35|297.2|3392
2021.03.26 15:30:00|296.37|299.29|295.54|299.16|4947
2021.03.26 16:30:00|299.16|300.97|298.68|299.49|4008
2021.03.26 17:30:00|299.45|301.2|299.32|300.82|3383
2021.03.26 18:30:00|300.82|303.14|300.82|302.44|3685
2021.03.26 19:30:00|302.44|302.84|300.94|302.36|3826
2021.03.26 20:30:00|302.29|302.79|300.7|301.18|4732
2021.03.26 21:30:00|301.16|303.43|300.99|303.18|3207
2021.03.29 16:30:00|303.38|304.96|299.66|300.43|9006
2021.03.29 17:30:00|300.43|301.27|299.45|300.4|7680
2021.03.29 18:30:00|300.4|300.86|299.45|300.44|4943
2021.03.29 19:30:00|300.34|301.62|300.12|300.36|4346
2021.03.29 20:30:00|300.33|301.24|300.29|300.68|4256
2021.03.29 21:30:00|300.67|302.71|300.32|302.68|5470
2021.03.29 22:30:00|302.68|303.05|301.16|301.45|3920
2021.03.30 16:30:00|301.48|303.09|299.81|302.61|6088
2021.03.30 17:30:00|302.62|303.83|300.85|301.58|5218
2021.03.30 18:30:00|301.61|302.1|299.58|300.56|4151
2021.03.30 19:30:00|300.55|302.39|300.45|302.36|3910
2021.03.30 20:30:00|302.36|303.67|302.26|303.6|4519
2021.03.30 21:30:00|303.6|304.9|303.16|304.7|4018
2021.03.30 22:30:00|304.71|305.2|303.8|304.07|3663
2021.03.31 16:30:00|305.4|306.5|303.63|305.69|5900
2021.03.31 17:30:00|305.7|305.86|304.75|305.08|4219
2021.03.31 18:30:00|305.08|306.3|304.94|305.93|2865
2021.03.31 19:30:00|305.92|306.92|305.92|306.31|2177
2021.03.31 20:30:00|306.31|307.54|306.31|306.78|3006
2021.03.31 21:30:00|306.8|307.34|306.06|306.2|3589
2021.03.31 22:30:00|306.21|306.37|304.83|304.91|4612
2021.04.01 16:30:00|307.13|307.35|303.42|305.38|5987
2021.04.01 17:30:00|305.39|307.35|304.81|306.81|3541
2021.04.01 18:30:00|306.8|307.83|306.36|307.28|2598
2021.04.01 19:30:00|307.24|307.6|306.76|307.52|1821
2021.04.01 20:30:00|307.49|308.08|307.47|307.8|2515
2021.04.01 21:30:00|307.8|307.95|306.55|307.53|2641
2021.04.01 22:30:00|307.53|307.55|306.49|307.2|3384
2021.04.05 16:30:00|309.13|313.18|309.06|312.17|5978
2021.04.05 17:30:00|312.19|313.25|311.98|312.6|3459
2021.04.05 18:30:00|312.57|314.6|312.43|314.44|3044
2021.04.05 19:30:00|314.44|315.24|314.3|315.04|2571
2021.04.05 20:30:00|315.05|315.34|314.65|314.76|2279
2021.04.05 21:30:00|314.77|315.33|314.28|315.13|3054
2021.04.05 22:30:00|315.14|315.17|314.48|314.95|3117
2021.04.06 16:30:00|313.38|315.45|312.83|314.91|5148
2021.04.06 17:30:00|314.91|315.25|313.41|313.92|3625
2021.04.06 18:30:00|313.92|314.56|313.36|314.12|2558
2021.04.06 19:30:00|314.12|314.81|313.55|314.16|2576
2021.04.06 20:30:00|314.16|314.72|313.76|313.98|2239
2021.04.06 21:30:00|314|314.14|312.96|313.76|3525
2021.04.06 22:30:00|313.76|313.92|312.67|313.31|2953
2021.04.07 16:30:00|312.79|314.59|311.75|311.91|7135
2021.04.07 17:30:00|311.93|312.95|311.36|311.59|4352
2021.04.07 18:30:00|311.6|312.05|311.33|311.47|4522
2021.04.07 19:30:00|311.45|311.81|310.46|311.48|3955
2021.04.07 20:30:00|311.48|312.14|311.16|312.05|3150
2021.04.07 21:30:00|312.05|312.19|311.22|311.66|3502
2021.04.07 22:30:00|311.66|312.07|311.44|311.97|3226
2021.04.08 16:30:00|312.5|312.85|310.15|311.99|7821
2021.04.08 17:30:00|311.95|313.14|311.28|312.77|4685
2021.04.08 18:30:00|312.77|314.33|312.77|313.64|2696
2021.04.08 19:30:00|313.65|314.52|313.56|314.29|1763
2021.04.08 20:30:00|314.3|314.56|313.57|313.91|1576
2021.04.08 21:30:00|313.91|314.78|313.84|314.5|1970
2021.04.08 22:30:00|314.47|314.73|313.86|313.98|2436
2021.04.09 16:30:00|314.6|318.11|314.26|316.87|6091
2021.04.09 17:30:00|316.87|317.36|315.55|316.08|3590
2021.04.09 18:30:00|316.1|316.65|315.39|316.53|1886
2021.04.09 19:30:00|316.53|318.06|316.45|317.58|1542
2021.04.09 20:30:00|317.62|318.67|317.59|318.05|1938
2021.04.09 21:30:00|318.05|318.37|317.05|318.28|2087
2021.04.09 22:30:00|318.3|318.74|317.95|318.66|2778
2021.04.12 16:30:00|317.7|318.93|316.83|317.77|4633
2021.04.12 17:30:00|317.82|318.49|317.43|318.15|4029
2021.04.12 18:30:00|318.21|319.26|318.13|319.18|2687
2021.04.12 19:30:00|319.18|320.29|319.12|319.66|2107
2021.04.12 20:30:00|319.67|319.8|318.67|319.34|2374
2021.04.12 21:30:00|319.35|320.52|319.05|320.47|1705
2021.04.12 22:30:00|320.47|320.84|320.21|320.34|1847
2021.04.13 16:30:00|319.53|319.73|317.85|318.26|3163
2021.04.13 17:30:00|318.26|318.64|316.71|317.93|2474
2021.04.13 18:30:00|317.93|318.92|317.76|318.24|1899
2021.04.13 19:30:00|318.24|318.57|318|318.57|1526
2021.04.13 20:30:00|318.57|320.03|318.32|320|1496
2021.04.13 21:30:00|320|320.41|319.55|320.04|1436
2021.04.13 22:30:00|320.07|320.31|319.67|319.71|1627
2021.04.14 16:30:00|319.62|322.06|319.29|320.12|3761
2021.04.14 17:30:00|320.13|320.35|319.29|320.3|2722
2021.04.14 18:30:00|320.31|321.1|319.88|321.01|1472
2021.04.14 19:30:00|320.92|322.21|320.92|322.07|1646
2021.04.14 20:30:00|321.99|322.17|320.32|320.8|2866
2021.04.14 21:30:00|320.83|320.91|319.75|320.9|2715
2021.04.14 22:30:00|320.9|321|319.3|319.57|2495
2021.04.15 16:30:00|321.44|322.36|320.5|321.1|5023
2021.04.15 17:30:00|321.14|322.43|320.4|320.42|3286
2021.04.15 18:30:00|320.43|321|319.59|320.86|2422
2021.04.15 19:30:00|320.84|322.34|320.46|321.95|2255
2021.04.15 20:30:00|321.97|322.37|321.47|322.05|2302
2021.04.15 21:30:00|322.06|322.25|321.59|322.09|2341
2021.04.15 22:30:00|322.12|322.94|322|322.25|2473
2021.04.16 16:30:00|323.73|327.65|323.33|327.06|6635
2021.04.16 17:30:00|327.09|328.19|326.13|327|3964
2021.04.16 18:30:00|327.01|327.13|325.56|325.73|2630
2021.04.16 19:30:00|325.7|326.24|325.23|326.15|2481
2021.04.16 20:30:00|326.12|327.2|325.79|326.97|2689
2021.04.16 21:30:00|327.03|327.49|326.61|327.25|2783
2021.04.16 22:30:00|327.27|327.98|326.47|327.61|2929
2021.04.19 16:30:00|326.45|328.31|324.99|327.29|7189
2021.04.19 17:30:00|327.29|327.42|325.52|326.86|4611
2021.04.19 18:30:00|326.85|327.45|325.91|326.73|4630
2021.04.19 19:30:00|326.74|327.06|326.29|326.95|3540
2021.04.19 20:30:00|326.95|327.53|326.58|327.53|3038
2021.04.19 21:30:00|327.53|328.13|327.16|327.5|4011
2021.04.19 22:30:00|327.5|327.7|325.86|326.06|3195
2021.04.20 16:30:00|324.87|327.18|323.15|323.71|6349
2021.04.20 17:30:00|323.71|323.99|321.95|323.06|5388
2021.04.20 18:30:00|323.05|325.14|321.69|324.57|3969
2021.04.20 19:30:00|324.53|324.77|323.12|323.17|2883
2021.04.20 20:30:00|323.19|323.81|322.58|322.81|2819
2021.04.20 21:30:00|322.8|323.47|321.85|323.19|2860
2021.04.20 22:30:00|323.2|323.91|323.2|323.37|2218
2021.04.21 16:30:00|324.26|326.25|323.25|325.74|4718
2021.04.21 17:30:00|325.71|326.62|325.05|326.14|4014
2021.04.21 18:30:00|326.14|327.15|326.11|326.9|2980
2021.04.21 19:30:00|326.93|327.36|326.29|327.21|2366
2021.04.21 20:30:00|327.21|327.42|326.17|326.53|2261
2021.04.21 21:30:00|326.48|326.85|325.67|326.31|2199
2021.04.21 22:30:00|326.32|327.18|325.23|325.36|2430
2021.04.22 16:30:00|326.01|326.01|323.09|323.41|5860
2021.04.22 17:30:00|323.4|324.36|322.76|323.3|3034
2021.04.22 18:30:00|323.3|323.66|321.95|322.85|2710
2021.04.22 19:30:00|322.83|323.1|319.8|321.08|5924
2021.04.22 20:30:00|321.08|321.51|318.31|320.96|7471
2021.04.22 21:30:00|320.96|321.32|319.88|320.76|4519
2021.04.22 22:30:00|320.76|321.69|320.58|320.91|3451
2021.04.23 16:30:00|321.42|321.82|319.1|320.26|5454
2021.04.23 17:30:00|320.32|323.13|320.1|322.63|3775
2021.04.23 18:30:00|322.64|323.03|322.42|322.51|2268
2021.04.23 19:30:00|322.52|323.84|322.51|323.56|2256
2021.04.23 20:30:00|323.55|324.27|323.48|323.69|2210
2021.04.23 21:30:00|323.69|324.68|323.69|324.44|2719
2021.04.23 22:30:00|324.45|325.05|323.12|323.22|2967
2021.04.26 16:30:00|323.1|323.1|320.1|321.39|3717
2021.04.26 17:30:00|321.35|321.45|319.76|320.65|2197
2021.04.26 18:30:00|320.65|320.97|319.47|320.03|2102
2021.04.26 19:30:00|320.05|320.41|319.19|319.4|1275
2021.04.26 20:30:00|319.37|319.58|318.87|319.53|1050
2021.04.26 21:30:00|319.59|320.08|319.05|319.05|1114
2021.04.26 22:30:00|319.05|319.6|318.86|319.5|2021
2021.04.27 16:30:00|320.81|321.94|319.95|320.72|5341
2021.04.27 17:30:00|320.72|321.76|320.26|321.66|2772
2021.04.27 18:30:00|321.67|321.87|320.93|321.08|1870
2021.04.27 19:30:00|321.1|321.29|320.29|321.29|1775
2021.04.27 20:30:00|321.27|321.49|320.61|320.85|2270
2021.04.27 21:30:00|320.81|321.43|320.45|321.36|2396
2021.04.27 22:30:00|321.36|321.69|320.05|320.12|2261
2021.04.28 16:30:00|321.37|321.82|320.25|320.68|4264
2021.04.28 17:30:00|320.67|322.47|320.62|322.41|3131
2021.04.28 18:30:00|322.37|322.48|320.57|321.02|2987
2021.04.28 19:30:00|321.03|321.23|320.57|321.14|2258
2021.04.28 20:30:00|321.14|321.38|320.23|321.08|3427
2021.04.28 21:30:00|321.08|321.47|319.55|320.2|5670
2021.04.28 22:30:00|320.18|320.18|318.84|319.25|3423
2021.04.29 16:30:00|321.64|324.37|320.55|322.85|4948
2021.04.29 17:30:00|322.72|323.93|322.17|323.34|5096
2021.04.29 18:30:00|323.44|324.39|322.44|323.29|4828
2021.04.29 19:30:00|323.31|324.66|322.95|324.26|3446
2021.04.29 20:30:00|324.29|324.5|323.66|324.37|3413
2021.04.29 21:30:00|324.38|325.3|324.38|324.58|3832
2021.04.29 22:30:00|324.59|325.28|324.58|324.96|2629
2021.04.30 16:30:00|324.91|324.93|321.56|322.86|5513
2021.04.30 17:30:00|322.86|323.31|321.11|321.95|5178
2021.04.30 18:30:00|321.95|323|321.73|322.69|3245
2021.04.30 19:30:00|322.69|323.07|322.05|323.07|2935
2021.04.30 20:30:00|323.07|323.37|321.81|323.22|4050
2021.04.30 21:30:00|323.2|323.48|322.45|323.1|4048
