2021.07.02 12:15:00|28217.5|28280.37|28217.5|28274.87|4314
2021.07.02 13:15:00|28274.62|28317.12|28266.37|28311.87|3306
2021.07.02 14:15:00|28312.12|28324.37|28286.87|28298.37|3278
2021.07.02 15:15:00|28299.12|28362.12|28258.12|28341.37|7755
2021.07.02 16:15:00|28341.62|28389.62|28318.37|28333.12|9926
2021.07.02 17:15:00|28333.37|28358.87|28306.37|28348.87|6705
2021.07.02 18:15:00|28349.12|28367.62|28343.37|28352.37|4012
2021.07.02 19:15:00|28352.62|28371.62|28343.62|28370.62|3043
2021.07.02 20:15:00|28370.37|28415.12|28368.37|28413.37|2590
2021.07.02 21:15:00|28413.12|28416.87|28402.62|28405.62|1072
2021.07.05 04:15:00|28171.37|28328.62|27976.62|28306.37|29653
2021.07.05 05:15:00|28305.62|28317.12|28209.12|28231.62|13326
2021.07.05 06:15:00|28230.62|28238.87|28122.87|28175.78|6819
2021.07.05 07:15:00|28174.78|28199.77|28132.37|28139.62|3995
2021.07.05 08:15:00|28139.12|28152.62|28071.37|28133.12|14244
2021.07.05 09:15:00|28134.12|28173.87|28095.12|28099.87|12262
2021.07.05 10:15:00|28099.62|28156.87|28089.37|28145.37|11135
2021.07.05 11:15:00|28145.12|28178|28135|28156|3968
2021.07.05 12:15:00|28153|28182.62|28148.37|28176.62|3138
2021.07.05 13:15:00|28177.62|28197.62|28164.62|28190.62|2389
2021.07.05 14:15:00|28190.87|28193.62|28158.62|28162.62|2373
2021.07.05 15:15:00|28163.12|28170.12|28127.62|28136.37|3105
2021.07.05 16:15:00|28136.62|28137.87|28093.62|28098.87|3322
2021.07.05 17:15:00|28099.12|28114.25|28089.37|28103.37|2218
2021.07.05 18:15:00|28103.12|28111.12|28089.62|28099.62|2392
2021.07.05 19:15:00|28099.37|28115.37|28096.62|28107.62|863
2021.07.05 20:15:00|28108.37|28113.12|28103.62|28106.37|310
2021.07.05 21:15:00|28105.5|28111.5|28105.12|28106.12|233
2021.07.06 04:15:00|28112.63|28139.62|27879.62|28114.87|26599
2021.07.06 05:15:00|28115.37|28126.87|27899.37|27940.37|22425
2021.07.06 06:15:00|27939.87|27982.37|27895.87|27963|8275
2021.07.06 07:15:00|27963.5|28037.62|27958|28019.25|5824
2021.07.06 08:15:00|28019.37|28052.62|27923.62|27962.12|16970
2021.07.06 09:15:00|27961.12|28116.62|27951.12|28059.12|17759
2021.07.06 10:15:00|28058.87|28112.12|27998.37|28021.12|13610
2021.07.06 11:15:00|28021.87|28025.5|28002.5|28011.5|4469
2021.07.06 12:15:00|28009.5|28035.62|28003|28025.62|3630
2021.07.06 13:15:00|28025.37|28031.37|27960.62|27975.12|4074
2021.07.06 14:15:00|27975.37|27992.87|27969.62|27976.37|3526
2021.07.06 15:15:00|27975.87|28014.87|27966.62|27978.62|3736
2021.07.06 16:15:00|27978.87|28009|27935|27948|8772
2021.07.06 17:15:00|27948.87|27948.87|27861.5|27887|11517
2021.07.06 18:15:00|27885.12|27897.62|27834.5|27845|9810
2021.07.06 19:15:00|27844.5|27850|27795.5|27836.5|6466
2021.07.06 20:15:00|27837.12|27876|27833.5|27852|2655
2021.07.06 21:15:00|27851.5|27881.87|27850.5|27873.12|1569
2021.07.07 04:15:00|27780.13|27861.87|27679.62|27817.62|24601
2021.07.07 05:15:00|27818.12|27891.37|27721.87|27885.62|17990
2021.07.07 06:15:00|27885.87|27895.37|27802.87|27827|7370
2021.07.07 07:15:00|27827|27829|27726.37|27752.37|5485
2021.07.07 08:15:00|27752.62|27818.37|27695.87|27761.12|16682
2021.07.07 09:15:00|27761.37|27855.12|27752.62|27850.37|13437
2021.07.07 10:15:00|27850.62|27953.62|27845.12|27948.12|13782
2021.07.07 11:15:00|27948.37|27948.37|27838|27879|4094
2021.07.07 12:15:00|27877.5|27911.87|27875.37|27880.12|3313
2021.07.07 13:15:00|27880.62|27922.37|27871.12|27917.12|4287
2021.07.07 14:15:00|27916.87|27988.37|27905.12|27980.37|4600
2021.07.07 15:15:00|27980.87|27996.12|27935.37|27938.37|4972
2021.07.07 16:15:00|27938.62|27963.37|27853.87|27860.62|13423
2021.07.07 17:15:00|27860.37|27867.12|27725.37|27813.12|13372
2021.07.07 18:15:00|27813.62|27892.12|27810.87|27863.37|8619
2021.07.07 19:15:00|27863.62|27864.37|27834.87|27851.12|4623
2021.07.07 20:15:00|27850.87|27898.87|27823.37|27883.37|5015
2021.07.07 21:15:00|27883.87|27898.37|27850.87|27861.87|2452
2021.07.08 04:15:00|27821.37|27862.62|27511.62|27573.87|34508
2021.07.08 05:15:00|27574.37|27581.87|27325.87|27370.12|27297
2021.07.08 06:15:00|27369.5|27392.12|27315.62|27360|9908
2021.07.08 07:15:00|27360|27374|27217.37|27221.62|6429
2021.07.08 08:15:00|27221.37|27290.12|27180.62|27210.87|22181
2021.07.08 09:15:00|27210.62|27219.12|27090.12|27138.87|20046
2021.07.08 10:15:00|27138.37|27142.37|27055.12|27132.37|23058
2021.07.08 11:15:00|27131.87|27135|27053.51|27097|10945
2021.07.08 12:15:00|27097|27097|26989.12|26995.37|9185
2021.07.08 13:15:00|26995.62|27026|26929.62|27012.5|11878
2021.07.08 14:15:00|27012.12|27044.37|26975.12|26994.12|8859
2021.07.08 15:15:00|26995|27074.87|26991.87|27046.12|9957
2021.07.08 16:15:00|27045.87|27129.12|27033.87|27087.62|21627
2021.07.08 17:15:00|27087.37|27113|27036|27105.5|21388
2021.07.08 18:15:00|27104.87|27213|27094.5|27187.12|9655
2021.07.08 19:15:00|27188|27225.87|27177.12|27179.12|5625
2021.07.08 20:15:00|27180|27210.12|27172|27188.87|5525
2021.07.08 21:15:00|27189.37|27192.5|27137.5|27158|3003
2021.07.09 04:15:00|27124.88|27234.62|26845.87|27029.12|40818
2021.07.09 05:15:00|27029.37|27311.12|27008.62|27277.25|32657
2021.07.09 06:15:00|27277.37|27316.87|27203.87|27250|12447
2021.07.09 07:15:00|27250|27369.12|27222|27356.62|8328
2021.07.09 08:15:00|27356.87|27389.62|27306.12|27359.5|18501
2021.07.09 09:15:00|27358.12|27402.37|27268.12|27343|16273
2021.07.09 10:15:00|27343.5|27358.62|27234|27264.37|16346
2021.07.09 11:15:00|27263.87|27319.5|27227|27310.5|6005
2021.07.09 12:15:00|27310.5|27426|27258.5|27357|11459
2021.07.09 13:15:00|27356.12|27422.12|27354.5|27421.12|5605
2021.07.09 14:15:00|27420.87|27454.87|27394.5|27447.87|5280
2021.07.09 15:15:00|27448.12|27452.87|27415.87|27436.87|4228
2021.07.09 16:15:00|27436.62|27488|27388.5|27477.87|11246
2021.07.09 17:15:00|27477.37|27546.12|27476.5|27531.87|8695
2021.07.09 18:15:00|27531.12|27574.87|27515.5|27574.87|4067
2021.07.09 19:15:00|27575.12|27603.5|27574|27588.87|3580
2021.07.09 20:15:00|27589.5|27662.87|27588.87|27660.87|3065
2021.07.09 21:15:00|27661.87|27688.12|27653.12|27681.5|2533
2021.07.12 04:15:00|27579.63|27648.37|27340.5|27468.12|34024
2021.07.12 05:15:00|27467.62|27507.62|27397.5|27452|23556
2021.07.12 06:15:00|27452.62|27475.62|27358.5|27455|9878
2021.07.12 07:15:00|27455.28|27481.25|27444|27465.25|4471
2021.07.12 08:15:00|27464.75|27470.25|27375.37|27434.87|19883
2021.07.12 09:15:00|27435.37|27524.37|27421.62|27514.12|16885
2021.07.12 10:15:00|27513.87|27517.87|27411.87|27489.62|16414
2021.07.12 11:15:00|27489|27559|27483|27516|5140
2021.07.12 12:15:00|27516|27519|27432.87|27434.87|5172
2021.07.12 13:15:00|27434.37|27484.87|27426.5|27476.87|5493
2021.07.12 14:15:00|27477.12|27510.5|27474.5|27504.12|3875
2021.07.12 15:15:00|27504.5|27537.5|27494.87|27523.12|3347
2021.07.12 16:15:00|27524|27571.87|27509.87|27541.12|12798
2021.07.12 17:15:00|27541.5|27587.87|27524.5|27574|8133
2021.07.12 18:15:00|27573.5|27608.87|27565.12|27606.12|5333
2021.07.12 19:15:00|27605.87|27614.12|27594.87|27597.12|3210
2021.07.12 20:15:00|27597.5|27604.87|27579.5|27586.12|2812
2021.07.12 21:15:00|27587|27601.12|27585.87|27590.5|1066
2021.07.13 04:15:00|27630.38|27914.37|27577.37|27877.37|33798
2021.07.13 05:15:00|27877.87|27999.37|27876|27934.62|23027
2021.07.13 06:15:00|27934.12|28002.62|27933.62|27955|8530
2021.07.13 07:15:00|27955.5|27972.25|27868.12|27879.87|5992
2021.07.13 08:15:00|27880.12|27975.87|27858.62|27912.12|17451
2021.07.13 09:15:00|27912.5|27956.37|27873.37|27881.62|16897
2021.07.13 10:15:00|27881.37|27910.75|27842|27862|13715
2021.07.13 11:15:00|27862.12|27887.12|27843|27846|4091
2021.07.13 12:15:00|27846|27878.5|27841.87|27869.87|3971
2021.07.13 13:15:00|27869.37|27899|27868.5|27889.87|3118
2021.07.13 14:15:00|27889.62|27901.87|27873|27891.12|2824
2021.07.13 15:15:00|27892|27895.5|27724.5|27781.87|10841
2021.07.13 16:15:00|27781.37|27865.62|27774.5|27847.87|14970
2021.07.13 17:15:00|27848.5|27909.87|27846.5|27861.62|8405
2021.07.13 18:15:00|27861.87|27888.62|27854.62|27867.12|5221
2021.07.13 19:15:00|27867.5|27899.87|27855.12|27861.62|3515
2021.07.13 20:15:00|27860.87|27867.62|27792.62|27836.62|7733
2021.07.13 21:15:00|27836.37|27845.62|27813.5|27813.5|3227
2021.07.14 04:15:00|27837.37|27871.12|27692.37|27721.37|28673
2021.07.14 05:15:00|27721.87|27776.12|27652.87|27716.87|20708
2021.07.14 06:15:00|27715.87|27764.75|27707.87|27711|7177
2021.07.14 07:15:00|27711|27745.87|27676.12|27745.87|4989
2021.07.14 08:15:00|27746.37|27821.12|27706|27712.12|17424
2021.07.14 09:15:00|27711.5|27750.62|27682.87|27718.37|14588
2021.07.14 10:15:00|27718.87|27766.37|27712.12|27732.62|11551
2021.07.14 11:15:00|27732.87|27768|27721.62|27768|4031
2021.07.14 12:15:00|27768|27792.87|27768|27783.87|2968
2021.07.14 13:15:00|27783.62|27859.62|27780.5|27854.62|4053
2021.07.14 14:15:00|27855.12|27878.62|27842.12|27866.87|4048
2021.07.14 15:15:00|27867.5|27915.62|27845.12|27891.62|5565
2021.07.14 16:15:00|27891.87|27910.62|27802.12|27809.87|11250
2021.07.14 17:15:00|27810.12|27842.87|27790.5|27801.62|9572
2021.07.14 18:15:00|27800.87|27813.87|27720.62|27764.87|8937
2021.07.14 19:15:00|27764.37|27803.62|27758.87|27778.87|6067
2021.07.14 20:15:00|27778.62|27799.62|27762.87|27787.87|4634
2021.07.14 21:15:00|27788.12|27800.62|27774.62|27775.5|2058
2021.07.15 04:15:00|27644.38|27957.37|27643.62|27947.37|28888
2021.07.15 05:15:00|27947.62|28167.12|27947.62|28153.37|23824
2021.07.15 06:15:00|28154.87|28162.62|28091|28092|8005
2021.07.15 07:15:00|28091.5|28159.62|28072.25|28147.62|4581
2021.07.15 08:15:00|28148.12|28155.62|28029.12|28073.62|16739
2021.07.15 09:15:00|28071.87|28088.62|28004.37|28022.12|13129
2021.07.15 10:15:00|28022.62|28022.87|27929.37|27983.75|16282
2021.07.15 11:15:00|27983.87|28029.12|27935.5|27948.5|5584
2021.07.15 12:15:00|27948.5|28010.37|27939.37|27957.37|5404
2021.07.15 13:15:00|27956.87|27959.37|27904.62|27923.12|8131
2021.07.15 14:15:00|27923.87|27948.87|27881|27909.12|7942
2021.07.15 15:15:00|27908.87|27935.12|27876.87|27908.87|6422
2021.07.15 16:15:00|27908.62|27965.62|27861.37|27945.87|16582
2021.07.15 17:15:00|27946.12|27952.87|27872.12|27893.12|16082
2021.07.15 18:15:00|27893.62|27902.62|27836.62|27847.87|9575
2021.07.15 19:15:00|27847.62|27869.12|27837.5|27838.62|6998
2021.07.15 20:15:00|27838.87|27859.62|27804.87|27826.87|8674
2021.07.15 21:15:00|27826.62|27852.12|27821.12|27837.5|3103
2021.07.16 04:15:00|27840.38|27973.87|27815.62|27865.12|29203
2021.07.16 05:15:00|27865|27953.12|27858.87|27883.12|17542
2021.07.16 06:15:00|27883.37|28118.87|27879.12|27968.5|12849
2021.07.16 07:15:00|27968.5|28127.62|27967.5|28086.62|5167
2021.07.16 08:15:00|28085.87|28200.62|28030.37|28055.62|19824
2021.07.16 09:15:00|28055.87|28082.12|27999.75|28062.87|16432
2021.07.16 10:15:00|28062.62|28083.62|27982.62|28029.12|16712
2021.07.16 11:15:00|28029.37|28053.56|27996.62|28034.83|4942
2021.07.16 12:15:00|28031|28066.5|27982.5|27991.5|4863
2021.07.16 13:15:00|27991.87|27999.5|27964.87|27978|4882
2021.07.16 14:15:00|27977.87|27997|27953|27996.5|4026
2021.07.16 15:15:00|27995.87|28015.87|27987.37|28015.62|4480
2021.07.16 16:15:00|28015.87|28035.87|27857.62|27870.87|13441
2021.07.16 17:15:00|27870.62|27882.87|27811.62|27837.12|18458
2021.07.16 18:15:00|27836.87|27850|27813.12|27834.87|11126
2021.07.16 19:15:00|27835.5|27856.62|27826.12|27855.62|4771
2021.07.16 20:15:00|27855.87|27858.12|27780.12|27795.87|5034
2021.07.16 21:15:00|27796.12|27818.62|27779.62|27781.37|3341
2021.07.19 04:15:00|27680.13|27733.62|27407.12|27461.87|29790
2021.07.19 05:15:00|27461.62|27481.62|27340.62|27456.5|20663
2021.07.19 06:15:00|27457.12|27509.12|27410.62|27478|9408
2021.07.19 07:15:00|27478|27537.62|27446|27537.62|6028
2021.07.19 08:15:00|27537.37|27539.12|27389.12|27438.12|17635
2021.07.19 09:15:00|27437.87|27513.62|27434.12|27480.62|15393
2021.07.19 10:15:00|27481.12|27526.87|27432.37|27475.87|16927
2021.07.19 11:15:00|27475.62|27479.62|27285.82|27340.5|8452
2021.07.19 12:15:00|27340.5|27418.12|27315|27356.37|10701
2021.07.19 13:15:00|27355.37|27395.12|27336.87|27337.12|8155
2021.07.19 14:15:00|27337.37|27357.12|27266.12|27286.12|10300
2021.07.19 15:15:00|27285.87|27345.12|27256.62|27318.37|10308
2021.07.19 16:15:00|27318.87|27354.62|27173.12|27190.37|25490
2021.07.19 17:15:00|27190.62|27256.87|27159.12|27245.37|24911
2021.07.19 18:15:00|27245.87|27297|27233|27244.5|13377
2021.07.19 19:15:00|27244.12|27262|27178.87|27209.5|10123
2021.07.19 20:15:00|27209.12|27231.5|27184.12|27212.5|8727
2021.07.19 21:15:00|27213.12|27245.12|27194.5|27207.5|3733
2021.07.20 04:15:00|27356.88|27510|27319.87|27355.12|30128
2021.07.20 05:15:00|27355.37|27447.12|27263.37|27281.12|23922
2021.07.20 06:15:00|27279.62|27308.5|27094.37|27121|14602
2021.07.20 07:15:00|27122|27205.5|27092.5|27146.37|7145
2021.07.20 08:15:00|27146.62|27187.62|27103.87|27158.62|17123
2021.07.20 09:15:00|27158.37|27298.12|27146.62|27286.12|19041
2021.07.20 10:15:00|27284.87|27307.12|27195.5|27210.37|18869
2021.07.20 11:15:00|27210.12|27225|27136.5|27175.45|6250
2021.07.20 12:15:00|27176|27228|27089.62|27139.62|9392
2021.07.20 13:15:00|27139.87|27156.62|27099.62|27108.87|8048
2021.07.20 14:15:00|27109.5|27179.12|27105.87|27151.62|7337
2021.07.20 15:15:00|27151.87|27153.87|27081.62|27087.87|7648
2021.07.20 16:15:00|27087.62|27160.12|27031.87|27159.37|20066
2021.07.20 17:15:00|27159.87|27238.12|27159.12|27234.37|12182
2021.07.20 18:15:00|27234.62|27251.62|27192.87|27229.37|7416
2021.07.20 19:15:00|27229.62|27257.12|27212.87|27232.87|5172
2021.07.20 20:15:00|27232.37|27249.12|27206.12|27246.12|5307
2021.07.20 21:15:00|27246.37|27265.37|27246.37|27260.87|2352
2021.07.21 04:15:00|27267.13|27379.37|27132.37|27160.12|28642
2021.07.21 05:15:00|27159.87|27196.37|26907.12|27088.5|25265
2021.07.21 06:15:00|27089.37|27162.87|27089.12|27103.25|9954
2021.07.21 07:15:00|27104.25|27111.25|27055.5|27096.62|4983
2021.07.21 08:15:00|27096.12|27129.37|27021.87|27095.87|13949
2021.07.21 09:15:00|27096.37|27178.37|27050.5|27154.12|15101
2021.07.21 10:15:00|27155.12|27208.87|27124.12|27164.12|13881
2021.07.21 11:15:00|27164.37|27231|27159.37|27182|6338
2021.07.21 12:15:00|27182|27241.5|27182|27196.87|5333
2021.07.21 13:15:00|27196.37|27228.12|27183.87|27194.12|5169
2021.07.21 14:15:00|27193.87|27205.37|27121.87|27163.12|6074
2021.07.21 15:15:00|27162.87|27200.5|27153.37|27192.5|5711
2021.07.21 16:15:00|27192.87|27288.87|27176.62|27269.62|12105
2021.07.21 17:15:00|27269.87|27300.37|27236.12|27296.37|9225
2021.07.21 18:15:00|27297.87|27339.5|27294.62|27335.37|6360
2021.07.21 19:15:00|27335.87|27371.87|27335.37|27356.12|4283
2021.07.21 20:15:00|27355.5|27370.37|27352.37|27361.12|2655
2021.07.21 21:15:00|27360.5|27374.37|27351.12|27372.5|1373
2021.07.22 04:15:00|27420|27697.37|27398.87|27604.87|27169
2021.07.22 05:15:00|27605.12|27753.87|27593.62|27713.37|19788
2021.07.22 06:15:00|27713.12|27733.37|27683|27687|6131
2021.07.22 07:15:00|27686|27704|27604|27657.5|4454
2021.07.22 08:15:00|27657.62|27709.87|27651.75|27660.37|11362
2021.07.22 09:15:00|27660.12|27691.5|27626.37|27690.87|11177
2021.07.22 10:15:00|27690.62|27701.87|27659.37|27673.37|11027
2021.07.22 11:15:00|27673.12|27695.62|27664.5|27671.67|3486
2021.07.22 12:15:00|27670.5|27693.37|27660.37|27672.37|2962
2021.07.22 13:15:00|27672.12|27687.37|27661.37|27676.12|2674
2021.07.22 14:15:00|27675.87|27682.5|27646.37|27655.12|3440
2021.07.22 15:15:00|27655.37|27665.37|27596.87|27619.62|5101
2021.07.22 16:15:00|27619.87|27658.87|27586.87|27622.87|14870
2021.07.22 17:15:00|27623.12|27642.5|27593.37|27600.5|9681
2021.07.22 18:15:00|27601.12|27611.87|27533.37|27536.37|7104
2021.07.22 19:15:00|27536.12|27597.87|27520.12|27595.37|5025
2021.07.22 20:15:00|27595.12|27616.37|27588.37|27615.5|3143
2021.07.22 21:15:00|27615.87|27617.87|27604.37|27610.5|1556
2021.07.23 04:15:00|27682.13|27682.13|27434.87|27469.62|25611
2021.07.23 05:15:00|27469.5|27491.37|27398.37|27434.12|17308
2021.07.23 06:15:00|27434.37|27466.87|27377.12|27407|6773
2021.07.23 07:15:00|27406|27454.99|27346.37|27389.62|5138
2021.07.23 08:15:00|27389.5|27423.62|27366.12|27423.5|11142
2021.07.23 09:15:00|27423.12|27426.87|27253.87|27258.87|12821
2021.07.23 10:15:00|27258.62|27316.62|27187.37|27290.62|16239
2021.07.23 11:15:00|27291.12|27297.12|27242|27286|3553
2021.07.23 12:15:00|27285|27312.87|27272.5|27290.12|3418
2021.07.23 13:15:00|27289.5|27311.12|27272.5|27281.62|2543
2021.07.23 14:15:00|27282.5|27295.12|27269.12|27289.37|2936
2021.07.23 15:15:00|27289.62|27296.87|27160.12|27189.87|4297
2021.07.23 16:15:00|27189.62|27195.62|27031.62|27037.87|12817
2021.07.23 17:15:00|27036.87|27075.87|26994.37|27028.62|8557
2021.07.23 18:15:00|27028.87|27048.12|26987.37|27009.37|6045
2021.07.23 19:15:00|27009.12|27040.37|27001.37|27033.12|3383
2021.07.23 20:15:00|27032.87|27057.5|27021.5|27042.37|2910
2021.07.23 21:15:00|27041.5|27057|27022.37|27030.5|1614
2021.07.26 04:15:00|26794.63|26875.37|26579|26745.12|35657
2021.07.26 05:15:00|26745.37|26747.87|26510.37|26515.12|22875
2021.07.26 06:15:00|26515.62|26615.37|26463.12|26530|12516
2021.07.26 07:15:00|26530|26534|26405.37|26442.12|7233
2021.07.26 08:15:00|26442|26476.37|26341.37|26367.62|25228
2021.07.26 09:15:00|26366.87|26505.37|26333.12|26368.12|22252
2021.07.26 10:15:00|26368.37|26396.12|26129.87|26159.37|20184
2021.07.26 11:15:00|26158.87|26172.5|26099.62|26160.5|5770
2021.07.26 12:15:00|26166.5|26240.87|26166.5|26224.87|4898
2021.07.26 13:15:00|26224.62|26237.12|26195.37|26230.62|4690
2021.07.26 14:15:00|26230.87|26277.37|26219.87|26264.87|5452
2021.07.26 15:15:00|26264.62|26281.87|26199.62|26232.5|5378
2021.07.26 16:15:00|26233.12|26343.12|26196.12|26328.62|14662
2021.07.26 17:15:00|26327.37|26359.62|26288.87|26296.62|11411
2021.07.26 18:15:00|26296.12|26316.62|26223.62|26227.87|7272
2021.07.26 19:15:00|26228.12|26248.87|26163.87|26174.87|5353
2021.07.26 20:15:00|26174.62|26198.12|26124.87|26130.62|4363
2021.07.26 21:15:00|26130.87|26140.12|26110.87|26113.12|2276
2021.07.27 04:15:00|26033.63|26323.37|25976.12|26106.62|38228
2021.07.27 05:15:00|26105.87|26142.12|25725.62|26015.62|34047
2021.07.27 06:15:00|26014.12|26065.37|25861.62|25937|15976
2021.07.27 07:15:00|25937|25944|25737.12|25756.12|7719
2021.07.27 08:15:00|25755.87|25814.37|25508.87|25625.62|34882
2021.07.27 09:15:00|25626.87|25631.12|25025.87|25052.12|36071
2021.07.27 10:15:00|25051.62|25171.62|24743.12|25044.62|34950
2021.07.27 11:15:00|25044.12|25114.62|25022|25074.22|7787
2021.07.27 12:15:00|25036.5|25240.87|25036.5|25149.5|5816
2021.07.27 13:15:00|25149.12|25243.37|25147.12|25226.12|5035
2021.07.27 14:15:00|25226.5|25292.87|25224.37|25256.62|5429
2021.07.27 15:15:00|25257.12|25275.12|25204.37|25204.37|5516
2021.07.27 16:15:00|25204.12|25305.37|25148.37|25153.12|17707
2021.07.27 17:15:00|25152.5|25202.5|25082.37|25137.12|20311
2021.07.27 18:15:00|25137.62|25138.62|25006.12|25007.12|17294
2021.07.27 19:15:00|25008.12|25037.5|24960.62|24968.5|10272
2021.07.27 20:15:00|24969.5|25051.5|24910.5|25048.5|5377
2021.07.27 21:15:00|25047.5|25134.12|25047.5|25132.5|2037
2021.07.28 04:15:00|25553.63|25562.87|24940.12|25135.37|46702
2021.07.28 05:15:00|25132.37|25332.37|25103.62|25241.87|28864
2021.07.28 06:15:00|25241.37|25268.87|25026.87|25039.5|12957
2021.07.28 07:15:00|25039.5|25089.37|24906.12|25010.37|8349
2021.07.28 08:15:00|25010.12|25348.87|24856.37|25315.87|27004
2021.07.28 09:15:00|25318.12|25462.87|25290.87|25347.37|19734
2021.07.28 10:15:00|25347.87|25447.37|25259.25|25403.12|15336
2021.07.28 11:15:00|25404.12|25408.12|25360.12|25378|4434
2021.07.28 12:15:00|25377|25509.87|25375.5|25485.5|3875
2021.07.28 13:15:00|25486.37|25528.87|25442.5|25527.87|4087
2021.07.28 14:15:00|25528.12|25578.5|25497.87|25572.87|4077
2021.07.28 15:15:00|25572.12|25756.5|25520.5|25730.5|5859
2021.07.28 16:15:00|25730.37|25844.5|25675.5|25821.5|10923
2021.07.28 17:15:00|25820.5|25974.12|25803.5|25964.5|7401
2021.07.28 18:15:00|25963.5|26086.5|25963.5|26085.5|5141
2021.07.28 19:15:00|26086.5|26122.5|26047.5|26081.5|4288
2021.07.28 20:15:00|26080.5|26101.5|25992.5|26101.5|3150
2021.07.28 21:15:00|26101.87|26208|26076.5|26202|2041
2021.07.29 04:15:00|26026.13|26127.12|25799.37|25902.62|37892
2021.07.29 05:15:00|25903.12|26161.12|25843.37|26142.37|27398
2021.07.29 06:15:00|26142.12|26193.37|26052.12|26099|12276
2021.07.29 07:15:00|26100|26184.12|26060.87|26165.12|6584
2021.07.29 08:15:00|26163.12|26301.62|26100.12|26138.12|21912
2021.07.29 09:15:00|26138|26189.37|26055.37|26177.37|18432
2021.07.29 10:15:00|26176.37|26259.37|26140.62|26254.37|17052
2021.07.29 11:15:00|26254.12|26280|26226.62|26251|4130
2021.07.29 12:15:00|26235.5|26311.62|26231.37|26303.87|4836
2021.07.29 13:15:00|26304.12|26331.87|26178.62|26262.87|6276
2021.07.29 14:15:00|26261.87|26262.87|26207.12|26249.87|4464
2021.07.29 15:15:00|26249.37|26293.87|26224.62|26253.87|5191
2021.07.29 16:15:00|26254.37|26270.62|26034.87|26089.87|14404
2021.07.29 17:15:00|26088.87|26145.87|26080.62|26106.62|9686
2021.07.29 18:15:00|26107.87|26161.62|26086.37|26118.37|7236
2021.07.29 19:15:00|26118.87|26135.62|26076.37|26108.87|5314
2021.07.29 20:15:00|26109.37|26123.62|26095.37|26120.87|4437
2021.07.29 21:15:00|26119.87|26128.62|26099.62|26113.37|2054
2021.07.30 04:15:00|25968.87|26064.37|25855.87|25993.37|44435
2021.07.30 05:15:00|25992.37|26137.62|25941.12|25944.37|32536
2021.07.30 06:15:00|25944.87|25959.87|25697.12|25757|17230
2021.07.30 07:15:00|25757|25757|25645.62|25652.12|9276
2021.07.30 08:15:00|25652.37|25790.37|25611.12|25767.87|32149
2021.07.30 09:15:00|25768.37|25848.62|25741.87|25838.12|22915
2021.07.30 10:15:00|25837.62|25970.12|25788.12|25950.37|24819
2021.07.30 11:15:00|25951.87|25972|25885.5|25896.5|5391
2021.07.30 12:15:00|25896.5|25951.5|25805.62|25824.5|4644
2021.07.30 13:15:00|25824.87|25916.62|25815.87|25873.87|4522
2021.07.30 14:15:00|25873.62|25874.87|25802.5|25844.87|4903
2021.07.30 15:15:00|25844.62|25844.87|25773.62|25801.87|4824
2021.07.30 16:15:00|25801.5|26038.62|25801.5|26003.87|10760
2021.07.30 17:15:00|26004.5|26024.87|25934.12|25987.87|11913
2021.07.30 18:15:00|25988.12|26015.12|25971.87|26006.87|8458
2021.07.30 19:15:00|26007.5|26034.62|25992.62|26006.62|5254
2021.07.30 20:15:00|26005.5|26011.62|25957.12|25957.5|4295
2021.07.30 21:15:00|25958|25959.5|25886.62|25887.12|2789
2021.08.02 04:15:00|25982.88|26064.87|25719.62|25808.37|42458
2021.08.02 05:15:00|25808.12|26253.87|25778.62|26204.37|39428
2021.08.02 06:15:00|26203.37|26292.5|26162|26172|15155
2021.08.02 07:15:00|26172|26222.87|26123.12|26218.37|7993
2021.08.02 08:15:00|26218.87|26288.62|26157.87|26178.37|22667
2021.08.02 09:15:00|26177.37|26207.62|26137.12|26168.87|22263
2021.08.02 10:15:00|26169.37|26200.37|26096.87|26176.37|18695
2021.08.02 11:15:00|26176.87|26182|26149.87|26156|4323
2021.08.02 12:15:00|26156|26224.62|26156|26185.87|3912
2021.08.02 13:15:00|26185.62|26201|26128.5|26148.87|4787
2021.08.02 14:15:00|26149.5|26200.62|26141.62|26197.87|4424
2021.08.02 15:15:00|26196.5|26198.62|26131.62|26139.87|4503
2021.08.02 16:15:00|26139.62|26196.87|26126.12|26195.62|12653
2021.08.02 17:15:00|26194.5|26240.87|26176.12|26239.62|10280
2021.08.02 18:15:00|26239.87|26273.87|26147.12|26160.87|8712
2021.08.02 19:15:00|26160.62|26223.87|26156.62|26213.87|8333
2021.08.02 20:15:00|26214.5|26232.12|26174.87|26190.87|6181
2021.08.02 21:15:00|26191.5|26192.87|26162.87|26172.5|2668
2021.08.03 04:15:00|26141.5|26221.62|25792.37|25881.62|40216
2021.08.03 05:15:00|25881.12|25998.62|25756.87|25997.37|27495
2021.08.03 06:15:00|25999.12|26079.12|25943|25944|12501
2021.08.03 07:15:00|25944|26165.37|25936|26137.37|8918
2021.08.03 08:15:00|26137.62|26243.62|26078.62|26117.12|23412
2021.08.03 09:15:00|26117.37|26188.87|26088.87|26116.37|17573
2021.08.03 10:15:00|26117|26147.25|26064.12|26114.25|14807
2021.08.03 11:15:00|26114.37|26115|26088|26096|3448
2021.08.03 12:15:00|26100|26154.5|26079.5|26148.5|2037
2021.08.03 13:15:00|26148.87|26201|26105.5|26187.5|3051
2021.08.03 14:15:00|26186.5|26190.5|26125.5|26127.5|2085
2021.08.03 15:15:00|26126.12|26127.5|26071|26076.5|4310
2021.08.03 16:15:00|26077.5|26087.5|25963|25986.5|9887
2021.08.03 17:15:00|25987.12|26062|25977.5|26026.12|11150
2021.08.03 18:15:00|26026.5|26119.5|26003.5|26112.87|8633
2021.08.03 19:15:00|26112.37|26122.62|26097.5|26117.87|5326
2021.08.03 20:15:00|26118.5|26125.12|26089.37|26107.5|3641
2021.08.03 21:15:00|26108|26123.87|26105.12|26117.12|1568
2021.08.04 04:15:00|26180.38|26552.37|25972.37|26475.37|40333
2021.08.04 05:15:00|26474.12|26607.62|26457|26556.62|25656
2021.08.04 06:15:00|26557.37|26624.5|26551.12|26577|8679
2021.08.04 07:15:00|26577|26584|26495.62|26523.62|5950
2021.08.04 08:15:00|26524.12|26532.12|26419.62|26468.25|19922
2021.08.04 09:15:00|26468.87|26523.87|26335.62|26375.12|15884
2021.08.04 10:15:00|26375.37|26417.12|26349.87|26373.12|15813
2021.08.04 11:15:00|26372.62|26408.62|26363.87|26404|3745
2021.08.04 12:15:00|26404|26416.62|26381.37|26407.87|2255
2021.08.04 13:15:00|26407.62|26433.62|26387.87|26393.87|2622
2021.08.04 14:15:00|26393.62|26408.62|26348.12|26357.37|3511
2021.08.04 15:15:00|26356.87|26378.37|26329.62|26349.87|5519
2021.08.04 16:15:00|26350.12|26477.5|26337.87|26435.5|9327
2021.08.04 17:15:00|26435.87|26439.12|26364.5|26384.5|7912
2021.08.04 18:15:00|26385.12|26397.37|26339.87|26394.5|5514
2021.08.04 19:15:00|26395.12|26422.87|26382.62|26411.5|3548
2021.08.04 20:15:00|26410.87|26458.12|26409.5|26442.5|2544
2021.08.04 21:15:00|26443.12|26445.5|26418.5|26441.5|851
2021.08.05 04:15:00|26372.13|26515.37|26243.87|26430.37|36970
2021.08.05 05:15:00|26431.37|26518.12|26368.37|26408.87|26041
2021.08.05 06:15:00|26410.5|26466.62|26307.87|26336.5|12020
2021.08.05 07:15:00|26335.5|26403.37|26331.87|26392.37|6255
2021.08.05 08:15:00|26392.62|26408.37|26210.62|26212.62|22222
2021.08.05 09:15:00|26212.37|26242.12|26092.37|26220.37|24209
2021.08.05 10:15:00|26220.62|26221.37|26130.12|26137.37|15271
2021.08.05 11:15:00|26137.87|26176|26114.12|26167|4044
2021.08.05 12:15:00|26167|26202.62|26161.5|26200.87|2927
2021.08.05 13:15:00|26201.12|26208.62|26153.37|26164.87|3196
2021.08.05 14:15:00|26164.62|26199.87|26159.37|26189.62|2626
2021.08.05 15:15:00|26190.12|26193.62|26149.37|26179.62|3524
2021.08.05 16:15:00|26179.87|26259.62|26177.37|26259.62|9471
2021.08.05 17:15:00|26259.12|26293.62|26238.87|26282.87|7362
2021.08.05 18:15:00|26283.12|26301.62|26263.87|26277.62|4177
2021.08.05 19:15:00|26276.37|26283.62|26262.37|26268.37|2954
2021.08.05 20:15:00|26267.87|26283.37|26259.12|26259.87|2085
2021.08.05 21:15:00|26258.38|26263.37|26251.62|26255.37|942
2021.08.06 04:15:00|26205.62|26206.37|25934.37|26141.87|40300
2021.08.06 05:15:00|26142.87|26153.12|26018.37|26076.37|26384
2021.08.06 06:15:00|26076.62|26199.12|26064.87|26151.5|12701
2021.08.06 07:15:00|26150.5|26193.12|26132.62|26188.87|4920
2021.08.06 08:15:00|26188.37|26242.87|26080.62|26162.12|20548
2021.08.06 09:15:00|26162.62|26209.87|26152.37|26175.87|13075
2021.08.06 10:15:00|26176.12|26178.62|26121.37|26141.87|11595
2021.08.06 11:15:00|26142.37|26187.5|26135.37|26176|2459
2021.08.06 12:15:00|26176|26213.37|26171|26193.12|3470
2021.08.06 13:15:00|26193.62|26205.12|26184.37|26204.12|1745
2021.08.06 14:15:00|26204.87|26230.37|26192.37|26226.37|2452
2021.08.06 15:15:00|26225.62|26240.37|26144.12|26197.37|6846
2021.08.06 16:15:00|26196.62|26228.12|26146.87|26167.12|11181
2021.08.06 17:15:00|26167.62|26173.87|26002.87|26017.37|9648
2021.08.06 18:15:00|26018.12|26041.12|25994.62|26013.12|6557
2021.08.06 19:15:00|26013.37|26066.37|26010.87|26064.12|3949
2021.08.06 20:15:00|26064.62|26095.12|26060.12|26086.12|3092
2021.08.06 21:15:00|26086.37|26096.12|26075.87|26078.62|1514
2021.08.09 04:15:00|25870.13|26386.62|25844.87|26376.87|43242
2021.08.09 05:15:00|26378.12|26504.12|26334.62|26463.12|27088
2021.08.09 06:15:00|26463.87|26467.37|26361.62|26387.5|11330
2021.08.09 07:15:00|26387.5|26396.87|26318.37|26325.37|4583
2021.08.09 08:15:00|26325.5|26395.87|26300.37|26305.87|17020
2021.08.09 09:15:00|26306.12|26318.87|26219.37|26224.37|14843
2021.08.09 10:15:00|26224.12|26267.12|26191.62|26228.37|10953
2021.08.09 11:15:00|26228.87|26259.5|26225.12|26238.5|3063
2021.08.09 12:15:00|26238.5|26300.87|26238.5|26288.87|2309
2021.08.09 13:15:00|26288.37|26290.87|26256.87|26276.87|2065
2021.08.09 14:15:00|26277.87|26310.62|26255.87|26256.62|2759
2021.08.09 15:15:00|26256.87|26286.62|26244.87|26283.87|2595
2021.08.09 16:15:00|26283.37|26350.62|26256.62|26337.62|7783
2021.08.09 17:15:00|26337.37|26370.62|26310.87|26334.62|6391
2021.08.09 18:15:00|26334.87|26376.62|26331.62|26367.87|3892
2021.08.09 19:15:00|26368.37|26374.62|26348.62|26351.87|2374
2021.08.09 20:15:00|26351.12|26360.62|26330.62|26351.87|1836
2021.08.09 21:15:00|26351.62|26372.12|26340.37|26348.62|996
2021.08.10 04:15:00|26393.38|26412.87|26060.37|26135.37|36085
2021.08.10 05:15:00|26134.37|26367.62|26109.62|26289.62|24325
2021.08.10 06:15:00|26290.62|26336.37|26248.12|26313.5|8829
2021.08.10 07:15:00|26313.5|26354.62|26281|26345.62|4528
2021.08.10 08:15:00|26345.87|26460.62|26321.37|26445.37|20251
2021.08.10 09:15:00|26445.12|26549.12|26440.12|26502.37|18247
2021.08.10 10:15:00|26502.87|26529.12|26471.37|26488.37|12222
2021.08.10 11:15:00|26488.62|26513.5|26481.37|26495.5|3176
2021.08.10 12:15:00|26495.5|26516|26466.62|26474|1635
2021.08.10 13:15:00|26473.37|26488|26459|26487|1355
2021.08.10 14:15:00|26488|26493|26462|26466|1283
2021.08.10 15:15:00|26465.37|26473.62|26450.62|26469|1865
2021.08.10 16:15:00|26470|26486.5|26441|26451.62|5955
2021.08.10 17:15:00|26451|26466.62|26387.62|26390|7355
2021.08.10 18:15:00|26389.37|26434|26379.62|26431|4509
2021.08.10 19:15:00|26430.62|26456.62|26425|26435|3069
2021.08.10 20:15:00|26434.62|26446.37|26417.62|26422|2619
2021.08.10 21:15:00|26421.37|26456|26418.62|26451|1335
2021.08.11 04:15:00|26364.88|26718.12|26330.87|26716.37|34686
2021.08.11 05:15:00|26714.37|26754.12|26612.87|26675.87|21578
2021.08.11 06:15:00|26677.37|26688.37|26554.12|26576.5|9637
2021.08.11 07:15:00|26576.5|26609.12|26528|26554.87|4814
2021.08.11 08:15:00|26554.37|26603.87|26498.62|26522.37|15211
2021.08.11 09:15:00|26522.87|26590.62|26503.12|26578.37|12061
2021.08.11 10:15:00|26578.12|26592.12|26534.37|26578.37|10505
2021.08.11 11:15:00|26578.12|26582.62|26561.12|26573.5|2831
2021.08.11 12:15:00|26573.5|26620|26549.87|26554.87|1901
2021.08.11 13:15:00|26554.37|26586.62|26549.62|26575.87|1879
2021.08.11 14:15:00|26576.12|26606.87|26572.62|26593.87|1887
2021.08.11 15:15:00|26594.62|26765.87|26581.62|26706.37|6332
2021.08.11 16:15:00|26706.87|26710.87|26598.62|26600.87|9706
2021.08.11 17:15:00|26599.87|26626.87|26532.37|26534.87|6908
2021.08.11 18:15:00|26534.62|26566.87|26501.87|26543.87|6173
2021.08.11 19:15:00|26544.62|26626.87|26541.37|26605.37|4117
2021.08.11 20:15:00|26605.87|26608.37|26529.87|26549.87|2884
2021.08.11 21:15:00|26550.37|26560.87|26540.62|26557.87|1224
2021.08.12 04:15:00|26519.63|26642.87|26451.62|26554.62|30419
2021.08.12 05:15:00|26554.5|26649.62|26497.87|26586.87|24028
2021.08.12 06:15:00|26588.62|26598.87|26539.5|26548.5|9363
2021.08.12 07:15:00|26548.5|26586|26505.87|26549.62|5331
2021.08.12 08:15:00|26549.87|26567.12|26430.62|26516.37|19007
2021.08.12 09:15:00|26516.12|26516.37|26348.37|26392.12|13565
2021.08.12 10:15:00|26391.62|26447.37|26329.37|26425.37|11130
2021.08.12 11:15:00|26424.37|26432.5|26395.37|26427.5|2273
2021.08.12 12:15:00|26427.5|26458.62|26410|26456.62|2425
2021.08.12 13:15:00|26456.87|26466.87|26417.62|26432.87|1971
2021.08.12 14:15:00|26432.37|26437.62|26396.87|26406.87|2000
2021.08.12 15:15:00|26407.87|26408.37|26348.87|26373.37|3446
2021.08.12 16:15:00|26372.87|26388.87|26250.87|26266.87|8363
2021.08.12 17:15:00|26266.62|26299.87|26248.87|26278.87|6144
2021.08.12 18:15:00|26279.12|26316.87|26274.87|26311.87|4512
2021.08.12 19:15:00|26312.12|26315.62|26259.87|26263.87|2865
2021.08.12 20:15:00|26263.62|26285.37|26256.87|26281.87|1948
2021.08.12 21:15:00|26282.62|26290.87|26259.87|26270.87|925
2021.08.13 04:15:00|26192.62|26424.37|26119.62|26421.12|27948
2021.08.13 05:15:00|26421.62|26481.87|26147.62|26198.62|25490
2021.08.13 06:15:00|26198.37|26293.12|26164.87|26261.5|9602
2021.08.13 07:15:00|26260.5|26316.62|26236.37|26237.37|4247
2021.08.13 08:15:00|26235.87|26252.87|26161.87|26201.12|13928
2021.08.13 09:15:00|26201.37|26304.37|26192.37|26292.87|12654
2021.08.13 10:15:00|26293.12|26373.87|26269.37|26340.37|10687
2021.08.13 11:15:00|26339.87|26371.95|26335.87|26367.95|2494
2021.08.13 12:15:00|26361.5|26375.25|26332.62|26339.62|1840
2021.08.13 13:15:00|26339.87|26352.62|26326.87|26332.62|1315
2021.08.13 14:15:00|26333.12|26363.62|26325.87|26347.62|1751
2021.08.13 15:15:00|26347.87|26392.62|26342.62|26385.62|2124
2021.08.13 16:15:00|26386.12|26408.12|26296.87|26366.62|7067
2021.08.13 17:15:00|26366.37|26399.62|26343.62|26375.62|6143
2021.08.13 18:15:00|26376.12|26393.12|26360.62|26375.62|3228
2021.08.13 19:15:00|26376.12|26380.37|26352.87|26366.37|2265
2021.08.13 20:15:00|26365.87|26378.62|26354.62|26370.87|1822
2021.08.13 21:15:00|26371.12|26372.37|26351.12|26366.62|981
2021.08.16 04:15:00|26309.62|26416.62|26209.62|26240.87|35630
2021.08.16 05:15:00|26240.62|26296.87|26071.12|26176.12|26166
2021.08.16 06:15:00|26175.62|26196.12|26139.87|26183.5|8642
2021.08.16 07:15:00|26184.5|26219.37|26174.87|26191.12|4889
2021.08.16 08:15:00|26190.62|26205.37|26031.62|26045.12|15533
2021.08.16 09:15:00|26044.62|26152.62|26029.62|26147.37|17229
2021.08.16 10:15:00|26147.62|26186.62|26132.37|26138.37|12903
2021.08.16 11:15:00|26138.12|26140.37|26098.5|26106.5|2959
2021.08.16 12:15:00|26106.5|26161.62|26106.5|26126.62|3006
2021.08.16 13:15:00|26126.37|26176.12|26097.87|26166.37|4552
2021.08.16 14:15:00|26166.87|26173.62|26120.87|26139.87|3431
2021.08.16 15:15:00|26140.62|26160.62|26124.37|26156.87|3496
2021.08.16 16:15:00|26157.87|26165.87|26058.62|26086.62|10563
2021.08.16 17:15:00|26086.12|26111.62|26037.62|26111.62|11693
2021.08.16 18:15:00|26111.37|26167.87|26102.37|26142.87|6711
2021.08.16 19:15:00|26143.37|26160.62|26135.87|26140.12|4831
2021.08.16 20:15:00|26140.62|26173.87|26135.87|26164.62|3511
2021.08.16 21:15:00|26164.12|26169.87|26134.62|26142.62|1091
2021.08.17 04:15:00|26114.88|26239.62|26047.62|26103.37|30332
2021.08.17 05:15:00|26102.62|26211.12|26007.37|26068.37|23528
2021.08.17 06:15:00|26068.12|26068.37|25953.62|26004.5|10804
2021.08.17 07:15:00|26004.5|26014.5|25858.12|25861.12|6734
2021.08.17 08:15:00|25860.37|25883.37|25657.37|25663.87|26548
2021.08.17 09:15:00|25663.5|25716.62|25595.37|25669.62|24412
2021.08.17 10:15:00|25668.87|25750.37|25655.87|25702.12|17309
2021.08.17 11:15:00|25703.37|25763.5|25692.87|25747.5|3846
2021.08.17 12:15:00|25746.5|25770|25723|25747.62|3640
2021.08.17 13:15:00|25747|25752|25713.62|25721.62|3556
2021.08.17 14:15:00|25721|25726.87|25657.62|25695.62|4814
2021.08.17 15:15:00|25695|25710|25633.37|25653.5|5315
2021.08.17 16:15:00|25654.12|25742.87|25621|25730.87|14733
2021.08.17 17:15:00|25730.62|25808|25714.87|25756.62|13715
2021.08.17 18:15:00|25757.37|25793|25679.87|25697.62|9854
2021.08.17 19:15:00|25697|25699|25592|25655.12|10591
2021.08.17 20:15:00|25656|25677|25600|25671.37|4570
2021.08.17 21:15:00|25672|25680.62|25636.12|25649|1908
2021.08.18 04:15:00|25776.38|25917.5|25694.37|25848.62|40414
2021.08.18 05:15:00|25848.87|25929.62|25822.5|25890.87|28731
2021.08.18 06:15:00|25890.62|25952.87|25881.62|25905.5|12218
2021.08.18 07:15:00|25906.5|25998.37|25900|25995.37|7277
2021.08.18 08:15:00|25995.62|25999.62|25877.62|25913.87|21472
2021.08.18 09:15:00|25913.62|25914|25811.62|25822|16844
2021.08.18 10:15:00|25822.37|25842.62|25777.87|25822.87|13576
2021.08.18 11:15:00|25823.12|25838.87|25780.5|25824.22|4421
2021.08.18 12:15:00|25824|25865|25771.5|25787|2587
2021.08.18 13:15:00|25786.12|25843|25762|25829.5|3609
2021.08.18 14:15:00|25829.62|25846.87|25813|25819|2888
2021.08.18 15:15:00|25819.37|25833.5|25795.37|25805|3058
2021.08.18 16:15:00|25804.62|25879.12|25783.5|25859.5|9150
2021.08.18 17:15:00|25859.62|25863|25780.5|25812|8876
2021.08.18 18:15:00|25811.12|25850.37|25803|25836|7238
2021.08.18 19:15:00|25835.5|25836.5|25806|25826|5633
2021.08.18 20:15:00|25825.5|25912.5|25818.5|25828.5|3757
2021.08.18 21:15:00|25827.5|25889.12|25798.5|25847|3447
2021.08.19 04:15:00|25800.88|25801.5|25465.87|25515.75|42348
2021.08.19 05:15:00|25515|25517|25357.75|25361.75|30669
2021.08.19 06:15:00|25361.12|25432|25330.75|25375.5|15063
2021.08.19 07:15:00|25375.5|25400.62|25326.62|25398.62|6031
2021.08.19 08:15:00|25398.12|25555.62|25363.75|25368.87|26926
2021.08.19 09:15:00|25368.75|25385.62|25166|25229.62|28553
2021.08.19 10:15:00|25229.87|25289.12|25165.37|25243.62|24663
2021.08.19 11:15:00|25243.37|25252.5|25175.5|25176.5|8000
2021.08.19 12:15:00|25205|25308.87|25145|25275|7725
2021.08.19 13:15:00|25275.62|25298|25229.37|25246|5967
2021.08.19 14:15:00|25245.12|25279.5|25208|25256|5095
2021.08.19 15:15:00|25256.5|25312|25249.5|25310|5792
2021.08.19 16:15:00|25310.62|25406.5|25286.12|25382|16253
2021.08.19 17:15:00|25382.5|25412.5|25299.37|25312|13523
2021.08.19 18:15:00|25313|25404.5|25305.62|25380|11518
2021.08.19 19:15:00|25381|25396.87|25339.37|25346|8166
2021.08.19 20:15:00|25347|25366.5|25274.37|25285|9265
2021.08.19 21:15:00|25284|25300|25239.37|25275|5109
2021.08.20 04:15:00|25310.13|25331.5|24891.62|25121.62|45484
2021.08.20 05:15:00|25122.87|25168.87|24833.75|24889.62|36241
2021.08.20 06:15:00|24890.12|24930.37|24574.62|24720.5|23511
2021.08.20 07:15:00|24721.5|24782.87|24600.62|24743.37|9921
2021.08.20 08:15:00|24742.87|24947.62|24598.62|24942.75|32470
2021.08.20 09:15:00|24942.5|24958.87|24813|24853.75|23910
2021.08.20 10:15:00|24853.62|24889.62|24763.75|24820.87|17971
2021.08.20 11:15:00|24820.37|24840.5|24759.62|24813.5|6279
2021.08.20 12:15:00|24795|24896.87|24789|24870|5368
2021.08.20 13:15:00|24871|24904.5|24850.62|24856.5|3637
2021.08.20 14:15:00|24855.62|24908.5|24854|24882|3933
2021.08.20 15:15:00|24883|24967.5|24874.37|24966|5365
2021.08.20 16:15:00|24967|25127.5|24899|25086|13365
2021.08.20 17:15:00|25087|25124|25028.37|25054|10596
2021.08.20 18:15:00|25054.62|25099.5|25024.5|25058|7268
2021.08.20 19:15:00|25059|25104|25055|25091|5431
2021.08.20 20:15:00|25090.62|25093.5|25046|25058|3680
2021.08.20 21:15:00|25057|25066|25035.37|25036|2168
2021.08.23 04:15:00|25112.88|25463.12|25068.37|25427|46053
2021.08.23 05:15:00|25425.62|25462.87|25306.37|25320.62|31836
2021.08.23 06:15:00|25321.12|25362.62|25276.62|25329.95|15062
2021.08.23 07:15:00|25330.95|25349.5|25257.37|25301.62|7367
2021.08.23 08:15:00|25302.37|25321.62|25187.62|25202.62|23259
2021.08.23 09:15:00|25202.37|25216.87|25059|25060.37|22872
2021.08.23 10:15:00|25060.12|25128.87|25042.12|25111.62|20381
2021.08.23 11:15:00|25111.37|25136.5|25092.5|25117.5|4424
2021.08.23 12:15:00|25105|25163|25098.5|25142|2606
2021.08.23 13:15:00|25142.37|25187|25136.37|25179.37|2655
2021.08.23 14:15:00|25180.12|25219.5|25178|25216|3056
2021.08.23 15:15:00|25215.5|25235|25193.37|25194.37|3532
2021.08.23 16:15:00|25194.62|25247|25178|25228|9902
2021.08.23 17:15:00|25229|25262.5|25195|25226|7521
2021.08.23 18:15:00|25225.5|25257.5|25222.37|25234.37|4143
2021.08.23 19:15:00|25234|25304.5|25221.37|25301|3364
2021.08.23 20:15:00|25300.5|25325.5|25289.37|25321.37|2914
2021.08.23 21:15:00|25321.62|25349|25317.37|25347|2073
2021.08.24 04:15:00|25418.38|25594.12|25326.5|25467.62|42280
2021.08.24 05:15:00|25467.5|25533.62|25423.87|25494.37|28094
2021.08.24 06:15:00|25494.62|25544.37|25468.5|25473.5|11613
2021.08.24 07:15:00|25474.5|25502.62|25447.5|25491.37|4998
2021.08.24 08:15:00|25491.12|25587.62|25468.12|25499.12|23909
2021.08.24 09:15:00|25498.87|25636.87|25457.37|25630.12|20699
2021.08.24 10:15:00|25629.87|25714.37|25584.37|25650.87|18918
2021.08.24 11:15:00|25651.12|25664.62|25620.38|25652.38|4570
2021.08.24 12:15:00|25651.5|25651.5|25578.37|25584|3639
2021.08.24 13:15:00|25584.37|25595.5|25573.37|25582|3238
2021.08.24 14:15:00|25582.37|25624.62|25577|25612|2653
2021.08.24 15:15:00|25612.37|25624.5|25581.37|25611.37|4059
2021.08.24 16:15:00|25610.37|25746.5|25609.37|25690|11480
2021.08.24 17:15:00|25691|25778|25689.37|25777|7996
2021.08.24 18:15:00|25776|25789.5|25720|25731|6365
2021.08.24 19:15:00|25732|25741.5|25711.37|25711.37|3887
2021.08.24 20:15:00|25711.62|25746|25680|25733|2777
2021.08.24 21:15:00|25732|25737|25720.62|25730|952
2021.08.25 04:15:00|25806.5|25935.87|25678.62|25703.62|38906
2021.08.25 05:15:00|25703|25719.12|25516.37|25573.62|33642
2021.08.25 06:15:00|25573.37|25638|25560.87|25577.5|11691
2021.08.25 07:15:00|25578.38|25645.12|25573.5|25629.37|4904
2021.08.25 08:15:00|25629.62|25693.37|25610.12|25615.62|14889
2021.08.25 09:15:00|25615.5|25615.5|25519.62|25591.62|16287
2021.08.25 10:15:00|25591.37|25674|25552.12|25658.62|13936
2021.08.25 11:15:00|25658.5|25678.87|25617.5|25620.5|3377
2021.08.25 12:15:00|25653|25678|25639|25669.37|2467
2021.08.25 13:15:00|25669|25673.37|25610|25620|2605
2021.08.25 14:15:00|25621|25627.37|25587.37|25598.5|3130
2021.08.25 15:15:00|25599|25652|25598|25623.37|2652
2021.08.25 16:15:00|25624|25649|25553.62|25597|7922
2021.08.25 17:15:00|25598|25619|25559.87|25594|5588
2021.08.25 18:15:00|25592|25626.5|25580.37|25613.5|3537
2021.08.25 19:15:00|25613.87|25619|25575|25581|2515
2021.08.25 20:15:00|25581.37|25609|25575.37|25602|2166
2021.08.25 21:15:00|25602.62|25603|25579|25593|1240
2021.08.26 04:15:00|25558.88|25662.12|25478|25593.62|41002
2021.08.26 05:15:00|25595.12|25600.62|25311.5|25319.5|33480
2021.08.26 06:15:00|25319.62|25383.12|25275.62|25299.5|14199
2021.08.26 07:15:00|25299.5|25348.37|25268.87|25322.37|6172
2021.08.26 08:15:00|25324.12|25366.37|25246.87|25260.37|18251
2021.08.26 09:15:00|25260.62|25298.37|25212.87|25283.62|17755
2021.08.26 10:15:00|25283.5|25382.62|25270.87|25378.12|15193
2021.08.26 11:15:00|25378.37|25422.5|25270.5|25321.5|4712
2021.08.26 12:15:00|25321.5|25408.87|25321.5|25379.12|3487
2021.08.26 13:15:00|25379.62|25394.37|25366.62|25377.87|1864
2021.08.26 14:15:00|25377.37|25424.62|25375.12|25422.87|2759
2021.08.26 15:15:00|25422.37|25433.87|25370.12|25410.62|3904
2021.08.26 16:15:00|25410.87|25438.62|25384.62|25429.87|7995
2021.08.26 17:15:00|25429.12|25430.62|25325.62|25393.12|14040
2021.08.26 18:15:00|25393.37|25449.62|25384.87|25431.37|6973
2021.08.26 19:15:00|25431.12|25433.62|25410.62|25419.62|4070
2021.08.26 20:15:00|25419.87|25422.62|25354.62|25354.62|3800
2021.08.26 21:15:00|25354.87|25381.62|25352.87|25379.62|2343
2021.08.27 04:15:00|25347.5|25634.62|25275.37|25607.12|40949
2021.08.27 05:15:00|25606.87|25619.37|25506.37|25509.12|25713
2021.08.27 06:15:00|25508.87|25540.87|25455.37|25507.5|10035
2021.08.27 07:15:00|25508.28|25517.5|25409.87|25410.37|6301
2021.08.27 08:15:00|25409.87|25473.12|25396|25420.12|18718
2021.08.27 09:15:00|25420.37|25428.87|25293.12|25351.87|17663
2021.08.27 10:15:00|25351.37|25405.12|25317.12|25372.12|13941
2021.08.27 11:15:00|25372.62|25381.87|25329.5|25335.5|2955
2021.08.27 12:15:00|25332.75|25378.37|25332.75|25343.12|2812
2021.08.27 13:15:00|25343.62|25363.12|25333.87|25362.12|1574
2021.08.27 14:15:00|25362.62|25374.37|25341.12|25369.37|2674
2021.08.27 15:15:00|25368.37|25414.37|25362.87|25375.37|4367
2021.08.27 16:15:00|25374.87|25496.87|25339.87|25453.12|11763
2021.08.27 17:15:00|25453.37|25495.62|25396.87|25442.37|9764
2021.08.27 18:15:00|25441.87|25442.12|25403.62|25411.87|4523
2021.08.27 19:15:00|25411.62|25444.12|25404.62|25435.37|3168
2021.08.27 20:15:00|25434.62|25436.62|25406.62|25413.87|2158
2021.08.27 21:15:00|25413.37|25417.87|25408.62|25411.37|427
2021.08.30 04:15:00|25328.38|25460.87|25165.12|25330.37|35278
2021.08.30 05:15:00|25329.87|25514.12|25329.62|25355.12|29596
2021.08.30 06:15:00|25355.37|25448.87|25347.37|25422.5|11694
2021.08.30 07:15:00|25422|25476.12|25405|25454.12|5313
2021.08.30 08:15:00|25454.62|25559.87|25351.62|25364.62|24591
2021.08.30 09:15:00|25363.62|25466.12|25332.87|25443.87|16511
2021.08.30 10:15:00|25444.62|25495.12|25441.62|25473.62|12233
2021.08.30 11:15:00|25473.37|25515.62|25471.37|25493.5|2974
2021.08.30 12:15:00|25493.5|25513|25387|25418|4946
2021.08.30 13:15:00|25417|25447.5|25407|25430.62|2489
2021.08.30 14:15:00|25430.37|25439.5|25414.37|25432|2059
2021.08.30 15:15:00|25431.62|25434|25405.5|25433|2473
2021.08.30 16:15:00|25433.37|25433.5|25348.12|25365.62|10611
2021.08.30 17:15:00|25365.37|25425.75|25363.37|25422.37|7560
2021.08.30 18:15:00|25422.12|25447.87|25415.12|25445.12|5894
2021.08.30 19:15:00|25444.62|25477.87|25442.37|25470.12|3371
2021.08.30 20:15:00|25470.62|25503.62|25461.62|25491.12|2606
2021.08.30 21:15:00|25491.87|25507|25489.37|25500.62|1426
2021.08.31 04:15:00|25457.63|25526.62|25160.37|25171.12|40261
2021.08.31 05:15:00|25171.37|25206.87|25089.87|25112.12|28298
2021.08.31 06:15:00|25111.62|25164.5|25094.87|25161.5|11489
2021.08.31 07:15:00|25160.5|25375.87|25160.5|25324.62|9915
2021.08.31 08:15:00|25327.62|25710.37|25317.37|25704.87|29124
2021.08.31 09:15:00|25704.12|25796.12|25657.62|25726.62|25890
2021.08.31 10:15:00|25726.87|25877.12|25687.87|25856.62|18981
2021.08.31 11:15:00|25856.87|25871.12|25801.6|25843.5|4370
2021.08.31 12:15:00|25841.5|25841.5|25792.37|25802.12|4445
2021.08.31 13:15:00|25802.37|25808.62|25707.12|25727.37|7177
2021.08.31 14:15:00|25726.87|25745.37|25689.37|25719.37|6364
2021.08.31 15:15:00|25718.87|25738.87|25694.62|25722.12|5450
2021.08.31 16:15:00|25721.87|25804.12|25701.12|25707.37|15070
2021.08.31 17:15:00|25706.87|25746.62|25693.37|25698.37|11503
2021.08.31 18:15:00|25698.62|25755.37|25697.37|25745.12|6702
2021.08.31 19:15:00|25745.37|25759.87|25734.12|25748.62|4534
2021.08.31 20:15:00|25748.12|25757.62|25729.12|25754.37|3962
2021.08.31 21:15:00|25754.62|25776.37|25754.62|25774.87|1782
2021.09.01 04:15:00|25759.88|25927.12|25656.87|25820.62|42499
2021.09.01 05:15:00|25820.5|26013.87|25736.37|26009.12|36279
2021.09.01 06:15:00|26009.37|26061.12|25978.87|25983.5|16787
2021.09.01 07:15:00|25984|26047.87|25974.5|26000.62|8262
2021.09.01 08:15:00|25999.12|26042.37|25928.37|26001.62|22734
2021.09.01 09:15:00|26002.87|26055.87|25963.62|25963.87|16628
2021.09.01 10:15:00|25964.12|25994.87|25954.62|25977.87|12963
2021.09.01 11:15:00|25977.62|26010.5|25968.5|25970.5|2955
2021.09.01 12:15:00|25968.5|25994|25954.37|25966.37|3676
2021.09.01 13:15:00|25966.12|25987.62|25946.12|25975.12|2939
2021.09.01 14:15:00|25976.62|26010.87|25962.12|26010.87|2694
2021.09.01 15:15:00|26011.12|26046.87|25985.37|25997.37|6229
2021.09.01 16:15:00|25996.87|26115.62|25977.37|26112.12|13623
2021.09.01 17:15:00|26111.62|26163.37|26105.37|26131.12|9608
2021.09.01 18:15:00|26130.62|26180.87|26104.12|26172.37|6636
2021.09.01 19:15:00|26172.12|26200|26167.12|26180|3486
2021.09.01 20:15:00|26179.5|26187|26171|26179|2028
2021.09.01 21:15:00|26179.87|26182|26147.37|26157|1717
2021.09.02 04:15:00|26115.5|26312.37|26085.12|26286.62|42583
2021.09.02 05:15:00|26286.12|26319.62|26001|26009.87|34643
2021.09.02 06:15:00|26010.62|26075.37|25971.62|26029.5|14100
2021.09.02 07:15:00|26029.5|26046.87|25997.5|26007.87|6634
2021.09.02 08:15:00|26007|26016.62|25954.5|25973.62|20856
2021.09.02 09:15:00|25973.5|26102.87|25947.5|26042.87|17328
2021.09.02 10:15:00|26043.37|26084.12|26005.37|26080.87|13800
2021.09.02 11:15:00|26081.12|26084.62|26057.5|26059.5|3061
2021.09.02 12:15:00|26058.5|26131.12|26048|26113.62|3216
2021.09.02 13:15:00|26114.5|26122|26073.62|26076.87|3096
2021.09.02 14:15:00|26077|26080.37|26042.87|26045.87|2415
2021.09.02 15:15:00|26045.62|26080.37|26037.37|26049.12|3090
2021.09.02 16:15:00|26048.87|26076|25999.87|26024.62|10243
2021.09.02 17:15:00|26024.87|26096.37|26012.87|26070.62|8634
2021.09.02 18:15:00|26071.12|26097|26032.87|26039.87|5037
2021.09.02 19:15:00|26040|26041.87|25999.87|26002.62|3939
2021.09.02 20:15:00|26003.87|26004.12|25960.87|25976.62|6527
2021.09.02 21:15:00|25977|25978|25940.62|25945|2730
2021.09.03 04:15:00|25960.13|26034.62|25774.62|25973.12|38069
2021.09.03 05:15:00|25972.87|26019.37|25888.12|25923.12|36251
2021.09.03 06:15:00|25922.87|25942.62|25871.62|25915.5|14098
2021.09.03 07:15:00|25914.5|25935|25850.12|25869.12|6251
2021.09.03 08:15:00|25868.62|25923.62|25858.37|25878.12|17848
2021.09.03 09:15:00|25877.87|25891.12|25797.12|25862.12|16246
2021.09.03 10:15:00|25861.87|25935.12|25835.12|25915.12|14209
2021.09.03 11:15:00|25916.37|25917.37|25871.5|25877.72|2919
2021.09.03 12:15:00|25876.5|25900|25844.37|25877.62|2548
2021.09.03 13:15:00|25877.37|25900|25869.62|25886.62|2461
2021.09.03 14:15:00|25887.12|25910|25808.62|25867.62|3531
2021.09.03 15:15:00|25867.87|25929.12|25818.5|25899.62|9312
2021.09.03 16:15:00|25900.87|25928.37|25831.62|25916.87|16686
2021.09.03 17:15:00|25916|25940.37|25896.87|25908.62|9862
2021.09.03 18:15:00|25909.37|25913.87|25868.5|25892.12|6444
2021.09.03 19:15:00|25891.87|25934.12|25887.87|25933.87|4107
2021.09.03 20:15:00|25934.12|25934.12|25915.62|25925.87|3632
2021.09.03 21:15:00|25925.5|25930.12|25904.87|25907|1926
2021.09.06 04:15:00|25811.13|26087.12|25749.62|26041.12|41628
2021.09.06 05:15:00|26041.62|26077.12|25929.87|26053.62|32275
2021.09.06 06:15:00|26053.87|26058.62|25991.87|26002.5|10588
2021.09.06 07:15:00|26002.5|26082.87|25977.87|26073.62|6580
2021.09.06 08:15:00|26073.37|26133.12|26047.87|26073.37|19422
2021.09.06 09:15:00|26073.12|26133.87|26064.12|26101.37|13847
2021.09.06 10:15:00|26101.12|26155.12|26100.12|26136.37|12385
2021.09.06 11:15:00|26136.12|26145.12|26088.5|26118.5|2807
2021.09.06 12:15:00|26117.5|26178|26117.5|26172.87|2839
2021.09.06 13:15:00|26173.37|26202|26162.87|26197.87|3483
2021.09.06 14:15:00|26199.12|26200.37|26180.87|26188.62|2941
2021.09.06 15:15:00|26188.87|26190|26164.87|26173.62|2288
2021.09.06 16:15:00|26172.37|26200.37|26168.87|26178.87|2880
2021.09.06 17:15:00|26179.12|26188.75|26172.87|26180.62|2182
2021.09.06 18:15:00|26181.12|26199.37|26178.62|26195.87|2564
2021.09.06 19:15:00|26195|26197.87|26174|26182.62|1416
2021.09.06 20:15:00|26183|26188.12|26174.62|26188.12|469
2021.09.06 21:15:00|26187.88|26193.87|26178.62|26179|300
2021.09.07 04:15:00|26170.13|26304.37|26073.12|26302.12|38954
2021.09.07 05:15:00|26301.62|26408.87|26261.87|26359.62|27102
2021.09.07 06:15:00|26358.87|26361.87|26231.62|26294.5|12631
2021.09.07 07:15:00|26293|26356.37|26271.12|26354.62|6012
2021.09.07 08:15:00|26354.37|26403.62|26320.87|26385.62|20476
2021.09.07 09:15:00|26385.37|26436.62|26286|26322.87|19654
2021.09.07 10:15:00|26323.62|26347.12|26241.87|26269.37|13956
2021.09.07 11:15:00|26268.87|26282.37|26209.5|26224.5|4638
2021.09.07 12:15:00|26245|26270|26211.37|26232|4094
2021.09.07 13:15:00|26231.5|26262|26229|26252|3291
2021.09.07 14:15:00|26251.5|26272.5|26249.37|26253|2918
2021.09.07 15:15:00|26253.37|26273.5|26245|26246.5|2744
2021.09.07 16:15:00|26245.62|26330.5|26234.5|26293|11797
2021.09.07 17:15:00|26292.5|26323.25|26264.37|26279.37|8992
2021.09.07 18:15:00|26278.62|26327.5|26273.37|26315|7394
2021.09.07 19:15:00|26314.5|26340.5|26309.37|26328.37|4619
2021.09.07 20:15:00|26329|26356|26319.37|26346|2820
2021.09.07 21:15:00|26345|26353|26334.37|26348|2219
2021.09.08 04:15:00|26334.88|26516.62|26288.87|26461.62|37348
2021.09.08 05:15:00|26461.12|26461.12|26316.87|26326.87|27469
2021.09.08 06:15:00|26327.12|26353.62|26111.87|26148.15|16144
2021.09.08 07:15:00|26147.5|26214.62|26147.15|26166.37|6533
2021.09.08 08:15:00|26166.12|26281.87|26163.37|26235.87|19127
2021.09.08 09:15:00|26234.87|26266.62|26168.37|26176.5|18054
2021.09.08 10:15:00|26176.37|26251|26161.37|26225.5|19939
2021.09.08 11:15:00|26225.62|26288|26210.5|26279.5|6564
2021.09.08 12:15:00|26279.5|26308|26243|26302.37|4222
2021.09.08 13:15:00|26302|26349|26301.37|26347|4801
2021.09.08 14:15:00|26348|26350.5|26319.37|26329|4579
2021.09.08 15:15:00|26329.62|26345.37|26292|26307.37|5203
2021.09.08 16:15:00|26307.62|26330|26180|26202|11317
2021.09.08 17:15:00|26204|26212.5|26108.5|26144|13605
2021.09.08 18:15:00|26144.37|26165|26104|26144.5|10020
2021.09.08 19:15:00|26144.37|26165.5|26124.37|26127.5|6504
2021.09.08 20:15:00|26127.87|26153|26122.5|26148|5175
2021.09.08 21:15:00|26148.37|26151|26134.37|26147.5|1913
2021.09.09 04:15:00|26017.63|26082.37|25893.12|26036.12|41752
2021.09.09 05:15:00|26035.62|26058.37|25859.62|25914.62|28567
2021.09.09 06:15:00|25914.5|25916.37|25828.87|25879.62|13963
2021.09.09 07:15:00|25879.5|25880.62|25765.37|25813.5|7742
2021.09.09 08:15:00|25812.87|25824.62|25722.62|25821.5|23902
2021.09.09 09:15:00|25821.62|25841.37|25678.87|25723.5|21646
2021.09.09 10:15:00|25723.62|25773.12|25601.62|25702.87|29052
2021.09.09 11:15:00|25703.12|25706.62|25620.72|25625.72|5127
2021.09.09 12:15:00|25625.5|25721.37|25625.5|25688.5|4274
2021.09.09 13:15:00|25688.87|25712.5|25669.5|25701|3423
2021.09.09 14:15:00|25701.5|25769.5|25694.87|25754|4410
2021.09.09 15:15:00|25754.62|25779|25720.5|25770.37|4964
2021.09.09 16:15:00|25770.62|25822|25739.5|25814.5|11197
2021.09.09 17:15:00|25813.62|25871.5|25810.5|25869.37|9526
2021.09.09 18:15:00|25868.5|25875.5|25816|25835.37|7142
2021.09.09 19:15:00|25835|25854.5|25820|25854.37|5383
2021.09.09 20:15:00|25853.62|25854.5|25754.37|25788.37|8414
2021.09.09 21:15:00|25788|25797|25770|25779|2590
2021.09.10 04:15:00|25817.63|26123.87|25785.12|26023.12|39218
2021.09.10 05:15:00|26022.87|26152|26017.87|26104.87|32358
2021.09.10 06:15:00|26105.12|26136.37|26085.37|26102.5|10531
2021.09.10 07:15:00|26103.5|26172.37|26103.5|26157.5|5329
2021.09.10 08:15:00|26157.62|26184.37|26098|26109.5|19444
2021.09.10 09:15:00|26109.12|26137.37|26054.5|26093.62|17487
2021.09.10 10:15:00|26093|26189.87|26083.62|26168.87|16460
2021.09.10 11:15:00|26169.12|26199.17|26151.5|26181.17|4092
2021.09.10 12:15:00|26181|26181|26149|26173|2524
2021.09.10 13:15:00|26173.37|26207.62|26167.5|26185.37|2966
2021.09.10 14:15:00|26184.62|26192.5|26167.37|26173|3031
2021.09.10 15:15:00|26172|26172.37|26134.62|26148|3500
2021.09.10 16:15:00|26148.5|26175|26098.5|26110.37|10597
2021.09.10 17:15:00|26110.62|26117.37|25948|25955|14142
2021.09.10 18:15:00|25954|26033.5|25936|26030.37|11433
2021.09.10 19:15:00|26030.87|26038.5|26000.37|26012|4977
2021.09.10 20:15:00|26012.37|26016.5|25982.5|26000.37|4030
2021.09.10 21:15:00|26001|26002|25973.37|25989|2539
2021.09.13 04:15:00|25880.63|25912|25662.62|25766.12|40556
2021.09.13 05:15:00|25767.12|25776.37|25639.62|25692.12|25787
2021.09.13 06:15:00|25692|25746.37|25652|25665|10041
2021.09.13 07:15:00|25666|25676.5|25557.5|25572.12|9282
2021.09.13 08:15:00|25572|25649.37|25547.12|25615.12|22400
2021.09.13 09:15:00|25616.5|25692.5|25607.12|25688|17862
2021.09.13 10:15:00|25687.87|25810.37|25687.37|25784.12|17037
2021.09.13 11:15:00|25784.37|25816.12|25732|25758|4274
2021.09.13 12:15:00|25758|25820|25758|25809.5|2778
2021.09.13 13:15:00|25808.5|25844.87|25806.5|25819.5|2872
2021.09.13 14:15:00|25819.87|25830.5|25788.5|25818.5|3604
2021.09.13 15:15:00|25818.87|25836.87|25795.5|25826|3141
2021.09.13 16:15:00|25825.87|25850.5|25731.87|25744.87|15814
2021.09.13 17:15:00|25745.12|25870.5|25744.87|25829.5|14790
2021.09.13 18:15:00|25829|25875.87|25815.5|25874.87|11307
2021.09.13 19:15:00|25874.5|25899.87|25870.87|25890|6632
2021.09.13 20:15:00|25890.5|25892.87|25818.87|25824.5|6875
2021.09.13 21:15:00|25825.5|25827.5|25799.5|25813.5|2828
2021.09.14 04:15:00|25782|25886.62|25591.37|25660.12|42477
2021.09.14 05:15:00|25661.12|25832.12|25651.12|25686.5|29414
2021.09.14 06:15:00|25686|25776.12|25680.87|25737.5|11919
2021.09.14 07:15:00|25738.5|25770.87|25702|25739.12|6558
2021.09.14 08:15:00|25738.5|25771.37|25421|25433.12|26245
2021.09.14 09:15:00|25433|25498.12|25328.12|25413.37|25026
2021.09.14 10:15:00|25413.12|25463.62|25379.12|25447.37|14489
2021.09.14 11:15:00|25446.62|25470|25420.12|25457|3588
2021.09.14 12:15:00|25457|25472.87|25355.62|25382.62|3511
2021.09.14 13:15:00|25382.37|25408.87|25376.62|25405.87|2882
2021.09.14 14:15:00|25406.12|25423.87|25382.62|25390.62|4419
2021.09.14 15:15:00|25390.87|25480.87|25369.62|25469.62|7493
2021.09.14 16:15:00|25469.87|25482.62|25331.87|25358.87|13525
2021.09.14 17:15:00|25358.62|25387.37|25330.12|25379.87|12463
2021.09.14 18:15:00|25380.12|25409.62|25368.62|25408.87|7162
2021.09.14 19:15:00|25409.12|25416.62|25350.62|25356.87|6016
2021.09.14 20:15:00|25356.62|25392.87|25351.62|25378.87|5465
2021.09.14 21:15:00|25378.62|25378.62|25325.62|25328.87|3177
2021.09.15 04:15:00|25292.88|25337.5|25106.12|25250.37|33281
2021.09.15 05:15:00|25250.62|25412.87|25240.12|25291.37|32821
2021.09.15 06:15:00|25292.12|25301.12|25224.37|25273|11998
2021.09.15 07:15:00|25272|25288|25180.37|25191.12|5839
2021.09.15 08:15:00|25191.87|25203.87|24993.62|25020.62|26699
2021.09.15 09:15:00|25020.37|25103.12|24989.62|25077.37|21208
2021.09.15 10:15:00|25077.62|25105.62|24990.12|25024.37|14292
2021.09.15 11:15:00|25024.62|25055|25011.37|25038|3015
2021.09.15 12:15:00|25038|25058.62|25013.5|25049.62|2784
2021.09.15 13:15:00|25048.62|25053.62|25028.87|25035.87|2843
2021.09.15 14:15:00|25035.62|25045.62|25001.5|25029.62|3883
2021.09.15 15:15:00|25029.87|25036.12|24992.87|25021.5|4575
2021.09.15 16:15:00|25021.87|25044.12|24937.87|24971.87|15176
2021.09.15 17:15:00|24972.5|25032.62|24940.62|24940.62|13191
2021.09.15 18:15:00|24940.12|24974.87|24938.87|24951.87|7320
2021.09.15 19:15:00|24952.62|25010.87|24942.87|25005.87|5709
2021.09.15 20:15:00|25006.5|25025.62|24986.62|25015.62|4436
2021.09.15 21:15:00|25015.87|25051.62|25013.87|25044.87|2731
2021.09.16 04:15:00|25000.88|25055.87|24672.12|24683.37|35920
2021.09.16 05:15:00|24682.37|24850.12|24599.37|24671.62|29582
2021.09.16 06:15:00|24672.12|24707|24513.62|24528|13645
2021.09.16 07:15:00|24528|24656.87|24524.62|24633.87|6830
2021.09.16 08:15:00|24634.37|24650.87|24492.12|24544.37|19574
2021.09.16 09:15:00|24544.12|24611.62|24482.12|24601|18077
2021.09.16 10:15:00|24600.5|24675.62|24558|24637.87|15882
2021.09.16 11:15:00|24638.12|24657.62|24607.5|24624|3139
2021.09.16 12:15:00|24624|24654.37|24575.37|24609.12|3265
2021.09.16 13:15:00|24607.37|24658.37|24583.37|24657.37|3017
2021.09.16 14:15:00|24658.12|24664.12|24623.37|24647.12|3577
2021.09.16 15:15:00|24646.37|24647.37|24602.87|24628.12|4979
2021.09.16 16:15:00|24625.87|24642.37|24564.37|24615.37|14083
2021.09.16 17:15:00|24614.87|24683.12|24591.37|24666.12|12556
2021.09.16 18:15:00|24665.12|24688|24635.12|24679.5|6893
2021.09.16 19:15:00|24679.87|24691.87|24660.87|24677.5|3924
2021.09.16 20:15:00|24676.5|24713.5|24658.87|24711.5|3908
2021.09.16 21:15:00|24712.5|24715|24703.5|24712.5|1793
2021.09.17 04:15:00|24667.13|24823.37|24407.62|24790.37|42791
2021.09.17 05:15:00|24789.87|24793.12|24617.62|24756.12|32244
2021.09.17 06:15:00|24756.87|24807.12|24718|24749|12933
2021.09.17 07:15:00|24749.5|24806.5|24735.5|24766.12|6737
2021.09.17 08:15:00|24765.62|24837|24671.37|24730|23327
2021.09.17 09:15:00|24729.87|24816.12|24727.87|24779.12|18632
2021.09.17 10:15:00|24779|24928.5|24742|24905.12|18173
2021.09.17 11:15:00|24905.37|24926.12|24813.5|24814.5|4982
2021.09.17 12:15:00|24814.5|24888.5|24814.5|24855.5|5342
2021.09.17 13:15:00|24856.12|24864.5|24825.5|24845.87|4529
2021.09.17 14:15:00|24845.5|24886|24837.5|24879.87|3423
2021.09.17 15:15:00|24877.5|24916.5|24866.37|24876.5|3969
2021.09.17 16:15:00|24874.87|24882.87|24811.87|24825.5|10900
2021.09.17 17:15:00|24825|24856.87|24760.87|24784.87|11327
2021.09.17 18:15:00|24784.5|24809.87|24758.87|24801.5|9601
2021.09.17 19:15:00|24800.5|24837.87|24798.87|24800.5|6302
2021.09.17 20:15:00|24800|24805.5|24742.5|24777.5|5601
2021.09.17 21:15:00|24777|24788.5|24755.87|24780.5|2582
2021.09.20 04:15:00|24675|24680|24091.12|24109.62|39111
2021.09.20 05:15:00|24108.37|24123.62|23855.62|23958.12|31992
2021.09.20 06:15:00|23957.87|23992.87|23835.5|23912|13949
2021.09.20 07:15:00|23912|24040.5|23565.03|24006.5|7275
2021.09.20 08:15:00|24005.87|24154.5|23999|24041.12|23144
2021.09.20 09:15:00|24040.87|24076.5|23931.37|24038.37|24487
2021.09.20 10:15:00|24038|24095.37|24022|24084.12|23339
2021.09.20 11:15:00|24083.87|24111.5|24029.5|24071.22|7608
2021.09.20 12:15:00|24066|24066|23974.5|24011.5|4940
2021.09.20 13:15:00|24012.5|24044.87|24000.5|24028.87|3810
2021.09.20 14:15:00|24028.12|24028.12|23892|23920.5|6993
2021.09.20 15:15:00|23918.5|23992.87|23885.5|23992.87|6829
2021.09.20 16:15:00|23992.5|24081.5|23985|24038.5|17381
2021.09.20 17:15:00|24037.5|24048.87|23964|24000.5|14995
2021.09.20 18:15:00|24000|24017.87|23906.87|23922.5|11049
2021.09.20 19:15:00|23921.5|23925.87|23778.12|23804.5|9856
2021.09.20 20:15:00|23803.12|23852.87|23760|23764.5|7491
2021.09.20 21:15:00|23765.12|23770.87|23697.5|23709.5|4833
2021.09.21 04:15:00|23973|24181.37|23769.62|24124.12|44117
2021.09.21 05:15:00|24123.87|24135.5|23970.5|23979.87|21669
2021.09.21 06:15:00|23979.37|24035.5|23857.87|24004.45|14623
2021.09.21 07:15:00|24005.45|24013.5|23941.12|23971.12|5268
2021.09.21 08:15:00|23971|24072.5|23888.12|24070.5|20627
2021.09.21 09:15:00|24070.12|24100.87|24016|24094.87|17936
2021.09.21 10:15:00|24094.37|24262.37|24084.12|24138.12|24516
2021.09.21 11:15:00|24138.37|24228.25|24130|24141|6713
2021.09.21 12:15:00|24158.5|24199.87|24136.12|24156.5|3147
2021.09.21 13:15:00|24156.87|24173.87|24115|24116.87|2709
2021.09.21 14:15:00|24117.5|24176|23999.5|24007.5|4784
2021.09.21 15:15:00|24006.5|24108.5|23996.5|24062.5|5761
2021.09.21 16:15:00|24063.12|24172.87|24049.5|24111.5|15878
2021.09.21 17:15:00|24112.5|24122.5|24017.5|24065.5|15553
2021.09.21 18:15:00|24065.87|24120.87|24037.5|24116.5|10259
2021.09.21 19:15:00|24115.87|24151.87|24095.87|24129.5|9173
2021.09.21 20:15:00|24131.5|24131.5|24082.5|24112.5|7659
2021.09.21 21:15:00|24111.5|24117|24064.5|24083.5|3742
2021.09.23 04:15:00|24441|24791.37|24435|24648.12|46071
2021.09.23 05:15:00|24648.37|24656.37|24403|24432.5|31468
2021.09.23 06:15:00|24434.12|24498.87|24346|24369.37|15734
2021.09.23 07:15:00|24368.37|24429.5|24349.87|24357.75|6875
2021.09.23 08:15:00|24358.5|24462.25|24286.87|24372.25|23986
2021.09.23 09:15:00|24372.37|24466.12|24343.12|24450.25|18793
2021.09.23 10:15:00|24450.37|24520.5|24432|24511.25|14401
2021.09.23 11:15:00|24511.62|24557|24504.87|24552|4542
2021.09.23 12:15:00|24552|24651.87|24325.5|24410.5|7812
2021.09.23 13:15:00|24409.5|24465.12|24365.5|24392.5|5973
2021.09.23 14:15:00|24393.5|24447.5|24315|24315|4098
2021.09.23 15:15:00|24315.12|24362.5|24315.12|24341.5|3641
2021.09.23 16:15:00|24339.5|24457.5|24339.5|24438|9058
2021.09.23 17:15:00|24441.5|24448.5|24378|24396.5|6761
2021.09.23 18:15:00|24397.5|24407.5|24364|24394.5|4367
2021.09.23 19:15:00|24393.5|24460.5|24390.37|24447.5|3092
2021.09.23 20:15:00|24448.5|24486|24446.5|24459.5|2795
2021.09.23 21:15:00|24460.12|24473.5|24456|24457.5|1042
2021.09.24 04:15:00|24351.12|24590.12|24279.62|24474.12|40639
2021.09.24 05:15:00|24473.87|24598.5|24415.62|24466.37|30458
2021.09.24 06:15:00|24466.62|24505.12|24433.12|24456|11030
2021.09.24 07:15:00|24456|24473.62|24395.87|24451.37|5732
2021.09.24 08:15:00|24451.12|24507.25|24420.87|24453.12|17055
2021.09.24 09:15:00|24453|24454.5|24115.12|24166.62|22955
2021.09.24 10:15:00|24167.12|24205.87|24039.37|24165.5|25075
2021.09.24 11:15:00|24165.37|24208|24129.5|24152|6778
2021.09.24 12:15:00|24170.5|24192.5|24084.5|24097.5|5428
2021.09.24 13:15:00|24097.12|24200.5|24010.5|24012.12|4898
2021.09.24 14:15:00|24012|24040.5|23958.5|23989.5|5966
2021.09.24 15:15:00|23988.87|24012.5|23974.5|24004|4665
2021.09.24 16:15:00|24004.37|24058.87|23938.5|23940.5|13909
2021.09.24 17:15:00|23939.5|23995.87|23927.5|23987.5|12435
2021.09.24 18:15:00|23986.87|24030|23972.5|24022.5|7662
2021.09.24 19:15:00|24021.5|24041|23990|23996.5|4797
2021.09.24 20:15:00|23995.87|24002.37|23959|23960.5|4159
2021.09.24 21:15:00|23959.5|23975.87|23950.5|23959|2097
2021.09.27 04:15:00|24054.63|24476.87|24049.62|24421.12|42607
2021.09.27 05:15:00|24421.62|24494.37|24322.5|24432.25|31512
2021.09.27 06:15:00|24431.5|24438.87|24225.12|24257|16505
2021.09.27 07:15:00|24257|24282.5|24215.5|24273.25|6035
2021.09.27 08:15:00|24273.37|24359.37|24219|24294.87|20883
2021.09.27 09:15:00|24294.62|24307|24110.12|24116.12|18534
2021.09.27 10:15:00|24116.5|24186.87|24111|24127.12|14144
2021.09.27 11:15:00|24127.37|24179|24122.12|24175|3690
2021.09.27 12:15:00|24175|24215|24143.5|24186.5|4006
2021.09.27 13:15:00|24186.87|24202.12|24112.5|24145.12|4322
2021.09.27 14:15:00|24144.12|24170.5|24096.5|24107.5|4313
2021.09.27 15:15:00|24106.87|24138.5|24078.5|24125.5|5103
2021.09.27 16:15:00|24124.5|24175.5|24055.5|24163.5|13841
2021.09.27 17:15:00|24162.5|24217.37|24162.5|24200.5|10594
2021.09.27 18:15:00|24200.12|24237.12|24167.12|24219.12|9543
2021.09.27 19:15:00|24218.87|24263.5|24208.5|24249.5|5815
2021.09.27 20:15:00|24248.5|24297.12|24248.5|24288.5|4181
2021.09.27 21:15:00|24289|24295.5|24278.5|24286.5|1624
2021.09.28 04:15:00|24208.63|24454.87|24161.37|24429.87|39250
2021.09.28 05:15:00|24431.5|24628.62|24391.62|24599.12|24586
2021.09.28 06:15:00|24598.62|24633.37|24500|24514|8818
2021.09.28 07:15:00|24513|24544|24481.37|24533.87|5525
2021.09.28 08:15:00|24534|24642|24516.37|24568.87|17020
2021.09.28 09:15:00|24567.87|24661.62|24500.12|24541.87|19886
2021.09.28 10:15:00|24541.62|24560.12|24372.12|24383.5|18370
2021.09.28 11:15:00|24383.62|24490|24373.87|24450|6144
2021.09.28 12:15:00|24456|24461.5|24344.5|24358|3053
2021.09.28 13:15:00|24357.62|24391.62|24338|24345.62|2696
2021.09.28 14:15:00|24344.62|24387|24325|24362|3315
2021.09.28 15:15:00|24364|24384|24343|24381|2270
2021.09.28 16:15:00|24382|24399.37|24230.37|24234.37|6955
2021.09.28 17:15:00|24234.12|24270.37|24193.37|24193.37|10454
2021.09.28 18:15:00|24193.12|24212.87|24150.37|24196.87|6635
2021.09.28 19:15:00|24197.12|24214.87|24144.12|24161.87|4449
2021.09.28 20:15:00|24162.37|24198.62|24147.62|24151.12|3818
2021.09.28 21:15:00|24149.87|24229.37|24146.87|24227.37|1543
2021.09.29 04:15:00|24236.87|24288.37|23980.37|24261.37|41671
2021.09.29 05:15:00|24261.87|24400.12|24218.37|24291.62|29385
2021.09.29 06:15:00|24293.12|24375.62|24281.62|24310.5|14513
2021.09.29 07:15:00|24310.5|24400.12|24291.12|24328.87|10031
2021.09.29 08:15:00|24330.37|24616.37|24327.12|24581.37|30227
2021.09.29 09:15:00|24581.87|24649.62|24469.37|24544.12|24080
2021.09.29 10:15:00|24545.12|24657.62|24514.87|24515.62|20300
2021.09.29 11:15:00|24515.87|24568.5|24498.5|24566.5|5458
2021.09.29 12:15:00|24566.5|24566.5|24503.37|24521.87|4105
2021.09.29 13:15:00|24522.12|24538.62|24503.37|24507.62|3706
2021.09.29 14:15:00|24507.87|24545.12|24491.37|24533.87|4982
2021.09.29 15:15:00|24533.37|24534.62|24488.62|24497.87|5640
2021.09.29 16:15:00|24497.37|24520.62|24435.37|24478.62|17351
2021.09.29 17:15:00|24478.87|24510.62|24433.37|24433.37|15813
2021.09.29 18:15:00|24433.62|24435.12|24378.12|24391.62|11146
2021.09.29 19:15:00|24390.87|24394.62|24345.37|24363.62|9585
2021.09.29 20:15:00|24364.37|24403.87|24332.37|24403.87|8481
2021.09.29 21:15:00|24404.12|24422.62|24396.87|24420.37|3353
2021.09.30 04:15:00|24373.62|24537.12|24268.37|24291.62|43313
2021.09.30 05:15:00|24291.12|24445.62|24286.37|24373.37|29301
2021.09.30 06:15:00|24371.37|24405.12|24307.87|24400.5|10960
2021.09.30 07:15:00|24400.5|24468.37|24394.87|24419.87|7492
2021.09.30 08:15:00|24420.37|24526.62|24398.12|24526.12|19405
2021.09.30 09:15:00|24526.37|24613.37|24454.12|24481.12|21940
2021.09.30 10:15:00|24480.87|24537.62|24450.37|24526.87|17091
2021.09.30 11:15:00|24527.12|24534.12|24483.5|24505.5|5383
2021.09.30 12:15:00|24505.5|24538.37|24476|24485.87|4847
2021.09.30 13:15:00|24486.75|24486.75|24445.37|24482.62|6204
2021.09.30 14:15:00|24482.37|24498.12|24458.37|24479.62|5290
2021.09.30 15:15:00|24480|24527.87|24478.37|24496.87|5821
2021.09.30 16:15:00|24497.25|24619.87|24492.37|24547.62|19829
2021.09.30 17:15:00|24548|24559.12|24475.37|24528.87|20270
2021.09.30 18:15:00|24529.37|24585.12|24427.12|24446.37|14284
2021.09.30 19:15:00|24445.37|24517.12|24425.37|24498.62|12961
2021.09.30 20:15:00|24498.37|24525.62|24460.62|24523.12|9412
2021.09.30 21:15:00|24523.37|24543.87|24501.37|24536|4578
2021.10.04 04:15:00|24374.38|24391.37|23830.37|23925.37|39111
2021.10.04 05:15:00|23925.87|24098.87|23850.12|23944.62|23338
2021.10.04 06:15:00|23944.37|23992.37|23910.12|23950.5|9714
2021.10.04 07:15:00|23950.5|24071.62|23950.5|24050.37|7035
2021.10.04 08:15:00|24050.62|24073.62|23925.12|23935.12|15191
2021.10.04 09:15:00|23933.87|24015.37|23863.37|23981.12|17044
2021.10.04 10:15:00|23981.25|24019.12|23876.62|24013.62|19966
2021.10.04 11:15:00|24013.75|24044|23913.5|24025|7381
2021.10.04 12:15:00|24025|24067.12|23987|24055.37|6491
2021.10.04 13:15:00|24055|24074.37|24022.12|24026.37|6200
2021.10.04 14:15:00|24026|24068.12|24019.87|24064.37|6197
2021.10.04 15:15:00|24064.12|24091.12|24037|24062.12|5796
2021.10.04 16:15:00|24063|24069.37|23955.62|23979.37|16338
2021.10.04 17:15:00|23980|23984|23782.87|23831.12|19330
2021.10.04 18:15:00|23830.87|23871.62|23774|23864.37|14786
2021.10.04 19:15:00|23864.12|23916.37|23837.62|23913.37|11653
