2020.03.19 11:00:00|5.206|5.212|5.083|5.141|3682
2020.03.19 12:00:00|5.139|5.142|5.012|5.024|2140
2020.03.19 13:00:00|5.023|5.043|4.947|4.985|2167
2020.03.19 14:00:00|4.987|5.035|4.976|4.996|2417
2020.03.19 15:00:00|4.996|5.042|4.944|5.037|3927
2020.03.19 16:00:00|5.038|5.067|4.941|4.962|5623
2020.03.19 17:00:00|4.967|5.034|4.962|4.999|5328
2020.03.19 18:00:00|5|5.033|4.971|5.033|2438
2020.03.20 10:00:00|5.07|5.147|4.982|5.004|4215
2020.03.20 11:00:00|5.005|5.047|4.972|5.031|4237
2020.03.20 12:00:00|5.032|5.055|5.004|5.033|4283
2020.03.20 13:00:00|5.033|5.034|4.988|5.016|3165
2020.03.20 14:00:00|5.015|5.051|4.979|4.992|3655
2020.03.20 15:00:00|4.991|5.049|4.964|4.978|5606
2020.03.20 16:00:00|4.974|4.997|4.951|4.953|5779
2020.03.20 17:00:00|4.952|4.986|4.897|4.98|8649
2020.03.20 18:00:00|4.981|5|4.94|4.951|4162
2020.03.23 10:00:00|4.852|4.886|4.782|4.846|6729
2020.03.23 11:00:00|4.847|4.881|4.813|4.835|6241
2020.03.23 12:00:00|4.834|4.901|4.829|4.9|4577
2020.03.23 13:00:00|4.898|4.939|4.891|4.927|3431
2020.03.23 14:00:00|4.926|5.165|4.916|5.115|8141
2020.03.23 15:00:00|5.113|5.137|4.947|5.002|7423
2020.03.23 16:00:00|5.001|5.007|4.879|4.882|11519
2020.03.23 17:00:00|4.881|4.891|4.846|4.884|9295
2020.03.23 18:00:00|4.883|4.917|4.866|4.887|5311
2020.03.24 10:00:00|4.967|5.038|4.911|4.946|3270
2020.03.24 11:00:00|4.944|4.952|4.9|4.94|4301
2020.03.24 12:00:00|4.939|4.968|4.931|4.955|3001
2020.03.24 13:00:00|4.956|4.98|4.954|4.965|3096
2020.03.24 14:00:00|4.965|4.974|4.943|4.959|3574
2020.03.24 15:00:00|4.96|4.998|4.934|4.941|4732
2020.03.24 16:00:00|4.943|4.993|4.913|4.982|5478
2020.03.24 17:00:00|4.982|5.02|4.982|5.017|5447
2020.03.24 18:00:00|5.017|5.046|4.993|5.04|2088
2020.03.25 10:00:00|5.042|5.059|4.955|5.039|6267
2020.03.25 11:00:00|5.038|5.139|5.033|5.073|4477
2020.03.25 12:00:00|5.074|5.077|4.899|4.922|4176
2020.03.25 13:00:00|4.923|5.024|4.916|4.991|5439
2020.03.25 14:00:00|4.991|5.004|4.941|4.964|4282
2020.03.25 15:00:00|4.965|5.016|4.962|4.981|5550
2020.03.25 16:00:00|4.98|5.043|4.951|5.03|7013
2020.03.25 17:00:00|5.03|5.06|4.993|4.998|4618
2020.03.25 18:00:00|4.999|5.04|4.993|5.032|2021
2020.03.26 10:00:00|4.926|4.949|4.817|4.898|6399
2020.03.26 11:00:00|4.898|4.92|4.839|4.919|4924
2020.03.26 12:00:00|4.918|4.941|4.869|4.908|4255
2020.03.26 13:00:00|4.907|4.92|4.864|4.871|3370
2020.03.26 14:00:00|4.873|4.881|4.813|4.875|4265
2020.03.26 15:00:00|4.875|4.924|4.855|4.912|8152
2020.03.26 16:00:00|4.912|4.934|4.893|4.903|9252
2020.03.26 17:00:00|4.904|4.958|4.89|4.935|6723
2020.03.26 18:00:00|4.934|4.95|4.903|4.948|2740
2020.03.27 10:00:00|4.757|4.792|4.674|4.685|6215
2020.03.27 11:00:00|4.686|4.726|4.668|4.698|4918
2020.03.27 12:00:00|4.699|4.748|4.683|4.722|4087
2020.03.27 13:00:00|4.723|4.749|4.712|4.726|3746
2020.03.27 14:00:00|4.725|4.729|4.69|4.694|3446
2020.03.27 15:00:00|4.694|4.739|4.683|4.71|5342
2020.03.27 16:00:00|4.71|4.721|4.654|4.663|5083
2020.03.27 17:00:00|4.664|4.721|4.664|4.696|4131
2020.03.27 18:00:00|4.696|4.702|4.664|4.687|2532
2020.03.30 10:00:00|4.627|4.654|4.593|4.603|5606
2020.03.30 11:00:00|4.606|4.701|4.592|4.637|5213
2020.03.30 12:00:00|4.637|4.651|4.576|4.583|4449
2020.03.30 13:00:00|4.584|4.612|4.572|4.581|2880
2020.03.30 14:00:00|4.58|4.594|4.543|4.577|2984
2020.03.30 15:00:00|4.576|4.597|4.564|4.585|2849
2020.03.30 16:00:00|4.585|4.608|4.574|4.587|3783
2020.03.30 17:00:00|4.587|4.608|4.574|4.589|3753
2020.03.30 18:00:00|4.589|4.613|4.579|4.61|2140
2020.03.31 10:00:00|4.603|4.636|4.581|4.619|5052
2020.03.31 11:00:00|4.62|4.626|4.592|4.607|3129
2020.03.31 12:00:00|4.608|4.61|4.587|4.599|2449
2020.03.31 13:00:00|4.598|4.6|4.517|4.527|3493
2020.03.31 14:00:00|4.528|4.541|4.507|4.532|2473
2020.03.31 15:00:00|4.532|4.547|4.508|4.545|3740
2020.03.31 16:00:00|4.544|4.556|4.515|4.527|4566
2020.03.31 17:00:00|4.527|4.551|4.518|4.52|4432
2020.03.31 18:00:00|4.52|4.563|4.507|4.554|2581
2020.04.01 10:00:00|4.152|4.214|4.152|4.173|5185
2020.04.01 11:00:00|4.173|4.175|4.079|4.137|3153
2020.04.01 12:00:00|4.136|4.188|4.113|4.173|2491
2020.04.01 13:00:00|4.172|4.173|4.149|4.171|1906
2020.04.01 14:00:00|4.172|4.172|4.142|4.148|1678
2020.04.01 15:00:00|4.148|4.151|4.097|4.106|2589
2020.04.01 16:00:00|4.107|4.154|4.084|4.13|3985
2020.04.01 17:00:00|4.13|4.141|4.104|4.106|3705
2020.04.01 18:00:00|4.106|4.131|4.085|4.085|1864
2020.04.02 10:00:00|4.066|4.066|4.017|4.043|4145
2020.04.02 11:00:00|4.044|4.051|4.006|4.006|2201
2020.04.02 12:00:00|4.007|4.011|3.952|3.969|2123
2020.04.02 13:00:00|3.97|3.983|3.957|3.977|1715
2020.04.02 14:00:00|3.977|3.977|3.955|3.967|1457
2020.04.02 15:00:00|3.967|3.971|3.917|3.918|2901
2020.04.02 16:00:00|3.918|3.941|3.873|3.937|5489
2020.04.02 17:00:00|3.938|4.018|3.936|4.004|6348
2020.04.02 18:00:00|4.005|4.008|3.938|3.951|2442
2020.04.03 10:00:00|3.961|3.974|3.942|3.958|3252
2020.04.03 11:00:00|3.959|3.969|3.947|3.953|2261
2020.04.03 12:00:00|3.953|3.962|3.92|3.944|2057
2020.04.03 13:00:00|3.944|3.961|3.933|3.958|1887
2020.04.03 14:00:00|3.958|3.973|3.95|3.968|1675
2020.04.03 15:00:00|3.967|3.972|3.933|3.968|2897
2020.04.03 16:00:00|3.969|3.982|3.96|3.974|3828
2020.04.03 17:00:00|3.974|3.996|3.964|3.996|3373
2020.04.03 18:00:00|3.995|4.001|3.964|3.968|1646
2020.04.06 10:00:00|4.111|4.115|4.058|4.065|3163
2020.04.06 11:00:00|4.065|4.093|4.056|4.091|2756
2020.04.06 12:00:00|4.091|4.169|4.083|4.149|2315
2020.04.06 13:00:00|4.149|4.158|4.129|4.152|1406
2020.04.06 14:00:00|4.151|4.155|4.127|4.142|1450
2020.04.06 15:00:00|4.14|4.171|4.129|4.166|1487
2020.04.06 16:00:00|4.166|4.187|4.141|4.147|2610
2020.04.06 17:00:00|4.147|4.156|4.123|4.149|2969
2020.04.06 18:00:00|4.15|4.151|4.135|4.142|1309
2020.04.07 10:00:00|4.166|4.201|4.157|4.193|5461
2020.04.07 11:00:00|4.192|4.204|4.169|4.172|2864
2020.04.07 12:00:00|4.173|4.178|4.15|4.16|2744
2020.04.07 13:00:00|4.159|4.203|4.156|4.2|2762
2020.04.07 14:00:00|4.201|4.22|4.193|4.199|1683
2020.04.07 15:00:00|4.198|4.223|4.189|4.217|1785
2020.04.07 16:00:00|4.218|4.247|4.214|4.243|3322
2020.04.07 17:00:00|4.243|4.243|4.153|4.169|5354
2020.04.07 18:00:00|4.168|4.194|4.163|4.192|2442
2020.04.08 10:00:00|4.175|4.19|4.167|4.167|4119
2020.04.08 11:00:00|4.168|4.179|4.131|4.149|2703
2020.04.08 12:00:00|4.15|4.172|4.135|4.154|2089
2020.04.08 13:00:00|4.154|4.179|4.154|4.177|1500
2020.04.08 14:00:00|4.176|4.193|4.172|4.185|1550
2020.04.08 15:00:00|4.184|4.197|4.173|4.181|1616
2020.04.08 16:00:00|4.182|4.203|4.137|4.139|3460
2020.04.08 17:00:00|4.139|4.169|4.139|4.169|2946
2020.04.08 18:00:00|4.168|4.193|4.16|4.185|1697
2020.04.09 10:00:00|4.228|4.271|4.204|4.265|5941
2020.04.09 11:00:00|4.266|4.273|4.235|4.239|3030
2020.04.09 12:00:00|4.238|4.245|4.165|4.174|3470
2020.04.09 13:00:00|4.174|4.183|4.155|4.171|2541
2020.04.09 14:00:00|4.172|4.207|4.166|4.174|3473
2020.04.09 15:00:00|4.175|4.207|4.16|4.195|3164
2020.04.09 16:00:00|4.196|4.262|4.193|4.254|4988
2020.04.09 17:00:00|4.256|4.269|4.23|4.262|4818
2020.04.09 18:00:00|4.261|4.262|4.238|4.252|2219
2020.04.14 10:00:00|4.278|4.284|4.249|4.264|2649
2020.04.14 11:00:00|4.264|4.282|4.26|4.281|1613
2020.04.14 12:00:00|4.283|4.317|4.277|4.298|1387
2020.04.14 13:00:00|4.298|4.309|4.287|4.298|780
2020.04.14 14:00:00|4.297|4.301|4.276|4.28|1069
2020.04.14 15:00:00|4.28|4.296|4.274|4.283|2009
2020.04.14 16:00:00|4.284|4.309|4.28|4.301|3802
2020.04.14 17:00:00|4.302|4.314|4.268|4.269|3174
2020.04.14 18:00:00|4.268|4.275|4.253|4.266|1994
2020.04.15 10:00:00|4.212|4.215|4.174|4.175|2885
2020.04.15 11:00:00|4.176|4.194|4.104|4.112|2484
2020.04.15 12:00:00|4.112|4.113|4.076|4.085|1519
2020.04.15 13:00:00|4.084|4.088|4.067|4.085|1085
2020.04.15 14:00:00|4.085|4.093|4.068|4.073|933
2020.04.15 15:00:00|4.073|4.078|4.057|4.062|1294
2020.04.15 16:00:00|4.062|4.111|4.059|4.096|3651
2020.04.15 17:00:00|4.095|4.106|4.076|4.083|3460
2020.04.15 18:00:00|4.082|4.086|4.062|4.081|1550
2020.04.16 10:00:00|4.117|4.12|4.085|4.088|3705
2020.04.16 11:00:00|4.089|4.1|4.063|4.063|2307
2020.04.16 12:00:00|4.063|4.068|4.037|4.059|1918
2020.04.16 13:00:00|4.059|4.063|4.047|4.052|1810
2020.04.16 14:00:00|4.052|4.064|4.045|4.047|1409
2020.04.16 15:00:00|4.048|4.052|4.03|4.049|1517
2020.04.16 16:00:00|4.048|4.062|4.018|4.019|2070
2020.04.16 17:00:00|4.019|4.052|4.008|4.046|2762
2020.04.16 18:00:00|4.048|4.074|4.044|4.069|1425
2020.04.17 10:00:00|4.096|4.128|4.084|4.088|4063
2020.04.17 11:00:00|4.088|4.112|4.085|4.093|2361
2020.04.17 12:00:00|4.093|4.166|4.089|4.151|2882
2020.04.17 13:00:00|4.15|4.157|4.14|4.154|2040
2020.04.17 14:00:00|4.155|4.167|4.14|4.157|1383
2020.04.17 15:00:00|4.156|4.166|4.132|4.133|1521
2020.04.17 16:00:00|4.134|4.145|4.118|4.13|2788
2020.04.17 17:00:00|4.131|4.142|4.111|4.122|2347
2020.04.17 18:00:00|4.122|4.136|4.11|4.121|1412
2020.04.20 10:00:00|4.158|4.165|4.131|4.146|2368
2020.04.20 11:00:00|4.145|4.147|4.135|4.144|1731
2020.04.20 12:00:00|4.144|4.147|4.115|4.119|1375
2020.04.20 13:00:00|4.12|4.126|4.099|4.104|1444
2020.04.20 14:00:00|4.105|4.119|4.085|4.103|2217
2020.04.20 15:00:00|4.104|4.127|4.102|4.124|1604
2020.04.20 16:00:00|4.124|4.156|4.121|4.152|2421
2020.04.20 17:00:00|4.151|4.171|4.142|4.165|2570
2020.04.20 18:00:00|4.164|4.171|4.152|4.155|1022
2020.04.21 10:00:00|4.086|4.094|4.059|4.064|2872
2020.04.21 11:00:00|4.063|4.08|4.062|4.069|1796
2020.04.21 12:00:00|4.07|4.076|4.04|4.052|2382
2020.04.21 13:00:00|4.053|4.061|4.025|4.028|2420
2020.04.21 14:00:00|4.028|4.03|4.006|4.015|1275
2020.04.21 15:00:00|4.015|4.029|4|4.003|1378
2020.04.21 16:00:00|4.003|4.046|4.003|4.04|2485
2020.04.21 17:00:00|4.04|4.043|4.017|4.02|2888
2020.04.21 18:00:00|4.019|4.021|3.994|3.998|862
2020.04.22 10:00:00|4.057|4.073|4.045|4.053|2871
2020.04.22 11:00:00|4.052|4.091|4.047|4.09|1687
2020.04.22 12:00:00|4.09|4.091|4.063|4.075|1385
2020.04.22 13:00:00|4.076|4.078|4.044|4.052|1195
2020.04.22 14:00:00|4.052|4.056|4.045|4.046|1132
2020.04.22 15:00:00|4.045|4.069|4.035|4.061|1398
2020.04.22 16:00:00|4.062|4.077|4.041|4.043|2379
2020.04.22 17:00:00|4.042|4.061|4.036|4.043|2609
2020.04.22 18:00:00|4.042|4.055|4.039|4.051|937
2020.04.23 10:00:00|4.044|4.053|4.029|4.037|2623
2020.04.23 11:00:00|4.036|4.045|4.017|4.023|1699
2020.04.23 12:00:00|4.022|4.032|4.011|4.021|985
2020.04.23 13:00:00|4.02|4.039|4.004|4.03|1266
2020.04.23 14:00:00|4.031|4.053|4.031|4.034|1274
2020.04.23 15:00:00|4.033|4.042|4.023|4.038|1216
2020.04.23 16:00:00|4.039|4.07|4.034|4.048|2443
2020.04.23 17:00:00|4.048|4.094|4.04|4.084|2608
2020.04.23 18:00:00|4.085|4.086|4.071|4.077|796
2020.04.24 10:00:00|4.041|4.058|4.027|4.043|2506
2020.04.24 11:00:00|4.043|4.056|4.034|4.051|1151
2020.04.24 12:00:00|4.051|4.097|4.051|4.078|1320
2020.04.24 13:00:00|4.077|4.096|4.064|4.096|1098
2020.04.24 14:00:00|4.095|4.106|4.079|4.08|1181
2020.04.24 15:00:00|4.081|4.083|4.066|4.074|1140
2020.04.24 16:00:00|4.073|4.08|4.059|4.061|1588
2020.04.24 17:00:00|4.06|4.062|4.037|4.042|1784
2020.04.24 18:00:00|4.042|4.044|4.017|4.018|950
2020.04.27 10:00:00|4.092|4.106|4.073|4.1|2232
2020.04.27 11:00:00|4.099|4.1|4.085|4.097|1311
2020.04.27 12:00:00|4.096|4.108|4.094|4.103|1061
2020.04.27 13:00:00|4.102|4.107|4.088|4.09|893
2020.04.27 14:00:00|4.078|4.117|4.07|4.113|761
2020.04.27 15:00:00|4.112|4.119|4.107|4.109|970
2020.04.27 16:00:00|4.109|4.116|4.078|4.088|2173
2020.04.27 17:00:00|4.089|4.106|4.083|4.105|1845
2020.04.27 18:00:00|4.105|4.137|4.103|4.132|998
2020.04.28 10:00:00|4.082|4.126|4.078|4.123|1793
2020.04.28 11:00:00|4.124|4.141|4.102|4.117|1256
2020.04.28 12:00:00|4.117|4.155|4.115|4.151|1505
2020.04.28 13:00:00|4.152|4.152|4.119|4.122|910
2020.04.28 14:00:00|4.121|4.134|4.097|4.133|672
2020.04.28 15:00:00|4.133|4.142|4.122|4.142|686
2020.04.28 16:00:00|4.141|4.191|4.14|4.161|1454
2020.04.28 17:00:00|4.161|4.208|4.148|4.151|2346
2020.04.28 18:00:00|4.152|4.188|4.149|4.188|1134
2020.04.29 10:00:00|4.158|4.181|4.151|4.163|2887
2020.04.29 11:00:00|4.162|4.179|4.138|4.14|1811
2020.04.29 12:00:00|4.141|4.171|4.141|4.161|1386
2020.04.29 13:00:00|4.162|4.163|4.139|4.154|1005
2020.04.29 14:00:00|4.153|4.18|4.152|4.18|1042
2020.04.29 15:00:00|4.18|4.238|4.18|4.238|2456
2020.04.29 16:00:00|4.238|4.277|4.237|4.272|2641
2020.04.29 17:00:00|4.271|4.274|4.252|4.266|2379
2020.04.29 18:00:00|4.266|4.283|4.258|4.279|1203
2020.04.30 10:00:00|4.318|4.35|4.281|4.318|4126
2020.04.30 11:00:00|4.319|4.328|4.301|4.318|2312
2020.04.30 12:00:00|4.319|4.326|4.306|4.31|1494
2020.04.30 13:00:00|4.309|4.313|4.23|4.231|1919
2020.04.30 14:00:00|4.23|4.234|4.174|4.181|2282
2020.04.30 15:00:00|4.182|4.212|4.164|4.168|2595
2020.04.30 16:00:00|4.168|4.169|4.119|4.138|3814
2020.04.30 17:00:00|4.139|4.147|4.118|4.119|3480
2020.04.30 18:00:00|4.119|4.129|4.093|4.093|1926
2020.05.01 10:00:00|4.003|4.004|3.961|3.981|1498
2020.05.01 11:00:00|3.982|4.029|3.981|4|1127
2020.05.01 12:00:00|4.001|4.011|3.974|4.009|901
2020.05.01 13:00:00|4.008|4.024|4.005|4.017|553
2020.05.01 14:00:00|4.018|4.04|4.012|4.04|689
2020.05.01 15:00:00|4.04|4.042|4.016|4.03|562
2020.05.01 16:00:00|4.03|4.05|4.021|4.023|1642
2020.05.01 17:00:00|4.027|4.048|4.027|4.037|2201
2020.05.01 18:00:00|4.038|4.042|4.012|4.017|836
2020.05.04 10:00:00|4.003|4.007|3.983|3.993|3178
2020.05.04 11:00:00|3.994|4.001|3.971|3.979|2221
2020.05.04 12:00:00|3.98|3.98|3.951|3.971|1589
2020.05.04 13:00:00|3.971|3.986|3.963|3.983|1290
2020.05.04 14:00:00|3.983|3.991|3.963|3.987|1188
2020.05.04 15:00:00|3.986|4.002|3.97|3.991|1281
2020.05.04 16:00:00|3.991|3.997|3.968|3.974|2279
2020.05.04 17:00:00|3.974|3.989|3.965|3.973|2697
2020.05.04 18:00:00|3.974|3.977|3.952|3.952|1676
2020.05.05 10:00:00|4.013|4.053|4.012|4.034|2343
2020.05.05 11:00:00|4.034|4.044|3.975|3.976|3339
2020.05.05 12:00:00|3.975|4|3.971|3.992|2376
2020.05.05 13:00:00|3.991|3.996|3.967|3.978|1756
2020.05.05 14:00:00|3.978|3.982|3.967|3.974|1241
2020.05.05 15:00:00|3.973|3.997|3.973|3.995|1169
2020.05.05 16:00:00|3.994|4.004|3.99|4.003|2044
2020.05.05 17:00:00|4.004|4.012|3.99|3.996|1762
2020.05.05 18:00:00|3.997|4.016|3.992|4.012|801
2020.05.06 10:00:00|4.041|4.057|4.027|4.03|1582
2020.05.06 11:00:00|4.029|4.058|4.027|4.043|1786
2020.05.06 12:00:00|4.043|4.058|4.037|4.05|1513
2020.05.06 13:00:00|4.051|4.064|4.044|4.051|1059
2020.05.06 14:00:00|4.051|4.053|4.034|4.036|756
2020.05.06 15:00:00|4.037|4.041|4.02|4.024|1099
2020.05.06 16:00:00|4.025|4.031|4.006|4.011|1968
2020.05.06 17:00:00|4.011|4.034|4.006|4.017|2402
2020.05.06 18:00:00|4.017|4.02|4.005|4.018|1107
2020.05.07 10:00:00|4.026|4.054|4.023|4.043|2013
2020.05.07 11:00:00|4.043|4.063|4.036|4.059|1510
2020.05.07 12:00:00|4.06|4.069|4.049|4.064|1212
2020.05.07 13:00:00|4.064|4.069|4.047|4.051|1130
2020.05.07 14:00:00|4.051|4.084|4.05|4.078|1181
2020.05.07 15:00:00|4.079|4.081|4.052|4.069|1189
2020.05.07 16:00:00|4.07|4.117|4.063|4.113|2301
2020.05.07 17:00:00|4.113|4.122|4.101|4.105|1852
2020.05.07 18:00:00|4.105|4.127|4.105|4.127|846
2020.05.11 10:00:00|4.151|4.171|4.14|4.168|1893
2020.05.11 11:00:00|4.167|4.167|4.108|4.119|1343
2020.05.11 12:00:00|4.119|4.119|4.088|4.103|1106
2020.05.11 13:00:00|4.104|4.104|4.086|4.097|969
2020.05.11 14:00:00|4.097|4.101|4.078|4.083|1023
2020.05.11 15:00:00|4.084|4.095|4.081|4.093|1057
2020.05.11 16:00:00|4.092|4.104|4.082|4.087|1493
2020.05.11 17:00:00|4.088|4.106|4.087|4.087|1422
2020.05.11 18:00:00|4.087|4.109|4.082|4.103|932
2020.05.12 10:00:00|4.07|4.102|4.05|4.099|2504
2020.05.12 11:00:00|4.099|4.139|4.092|4.133|1281
2020.05.12 12:00:00|4.133|4.137|4.112|4.13|1329
2020.05.12 13:00:00|4.131|4.134|4.117|4.13|1279
2020.05.12 14:00:00|4.129|4.156|4.12|4.145|1343
2020.05.12 15:00:00|4.145|4.159|4.13|4.156|1234
2020.05.12 16:00:00|4.157|4.161|4.118|4.132|2308
2020.05.12 17:00:00|4.133|4.138|4.107|4.112|2107
2020.05.12 18:00:00|4.113|4.123|4.107|4.119|1107
2020.05.13 10:00:00|4.089|4.102|4.074|4.077|3760
2020.05.13 11:00:00|4.077|4.084|4.054|4.054|1801
2020.05.13 12:00:00|4.054|4.08|4.053|4.072|1520
2020.05.13 13:00:00|4.073|4.083|4.064|4.083|1206
2020.05.13 14:00:00|4.083|4.085|4.064|4.072|1052
2020.05.13 15:00:00|4.072|4.075|4.052|4.055|1155
2020.05.13 16:00:00|4.054|4.063|4.038|4.048|3441
2020.05.13 17:00:00|4.049|4.07|4.048|4.055|2444
2020.05.13 18:00:00|4.054|4.067|4.042|4.05|1330
2020.05.14 10:00:00|4.028|4.048|4.014|4.031|2841
2020.05.14 11:00:00|4.032|4.032|3.991|3.999|2341
2020.05.14 12:00:00|3.999|4.005|3.986|3.994|1704
2020.05.14 13:00:00|3.995|3.996|3.978|3.993|1222
2020.05.14 14:00:00|3.994|3.994|3.958|3.962|1231
2020.05.14 15:00:00|3.962|3.967|3.923|3.93|1626
2020.05.14 16:00:00|3.93|3.949|3.917|3.922|3170
2020.05.14 17:00:00|3.922|3.986|3.92|3.972|2854
2020.05.14 18:00:00|3.973|3.997|3.971|3.979|2418
2020.05.15 10:00:00|4.01|4.042|4.003|4.016|2586
2020.05.15 11:00:00|4.016|4.018|3.997|4.005|1558
2020.05.15 12:00:00|4.006|4.026|4|4.004|1663
2020.05.15 13:00:00|4.004|4.006|3.961|3.964|1822
2020.05.15 14:00:00|3.965|3.967|3.939|3.954|2178
2020.05.15 15:00:00|3.955|3.971|3.949|3.96|1991
2020.05.15 16:00:00|3.961|3.989|3.953|3.981|2568
2020.05.15 17:00:00|3.982|4.001|3.977|3.993|2329
2020.05.15 18:00:00|3.994|3.994|3.978|3.986|1161
2020.05.18 10:00:00|4.037|4.061|4.024|4.048|2045
2020.05.18 11:00:00|4.049|4.061|4.028|4.03|1384
2020.05.18 12:00:00|4.03|4.035|4.011|4.023|993
2020.05.18 13:00:00|4.022|4.023|4.009|4.016|763
2020.05.18 14:00:00|4.016|4.031|4.006|4.031|944
2020.05.18 15:00:00|4.03|4.075|4.03|4.075|1183
2020.05.18 16:00:00|4.074|4.124|4.07|4.093|2636
2020.05.18 17:00:00|4.092|4.112|4.083|4.109|1610
2020.05.18 18:00:00|4.109|4.151|4.107|4.142|1183
2020.05.19 10:00:00|4.152|4.171|4.135|4.154|3964
2020.05.19 11:00:00|4.154|4.156|4.12|4.145|3083
2020.05.19 12:00:00|4.145|4.148|4.11|4.114|2039
2020.05.19 13:00:00|4.115|4.116|4.095|4.103|1755
2020.05.19 14:00:00|4.103|4.128|4.1|4.11|1451
2020.05.19 15:00:00|4.111|4.118|4.099|4.109|1072
2020.05.19 16:00:00|4.11|4.111|4.07|4.083|1903
2020.05.19 17:00:00|4.082|4.101|4.073|4.1|2341
2020.05.19 18:00:00|4.1|4.118|4.094|4.117|1176
2020.05.20 10:00:00|4.071|4.085|4.038|4.044|3427
2020.05.20 11:00:00|4.043|4.092|4.043|4.069|2307
2020.05.20 12:00:00|4.07|4.079|4.058|4.075|1720
2020.05.20 13:00:00|4.076|4.086|4.072|4.082|1284
2020.05.20 14:00:00|4.081|4.098|4.079|4.088|982
2020.05.20 15:00:00|4.089|4.107|4.088|4.094|1097
2020.05.20 16:00:00|4.094|4.114|4.091|4.101|1949
2020.05.20 17:00:00|4.102|4.124|4.1|4.121|1940
2020.05.20 18:00:00|4.122|4.13|4.108|4.128|843
2020.05.21 10:00:00|4.078|4.093|4.069|4.07|1648
2020.05.21 11:00:00|4.072|4.082|4.039|4.047|1572
2020.05.21 12:00:00|4.048|4.054|4.01|4.014|1295
2020.05.21 13:00:00|4.013|4.023|4.001|4.002|1025
2020.05.21 14:00:00|4.002|4.006|3.978|3.981|1161
2020.05.21 15:00:00|3.98|3.988|3.969|3.974|1043
2020.05.21 16:00:00|3.975|4.007|3.97|4.006|2452
2020.05.21 17:00:00|4.007|4.022|3.989|3.998|2159
2020.05.21 18:00:00|3.997|3.997|3.98|3.99|1175
2020.05.22 10:00:00|3.809|3.813|3.723|3.782|6064
2020.05.22 11:00:00|3.783|3.8|3.757|3.759|3845
2020.05.22 12:00:00|3.76|3.788|3.752|3.774|2441
2020.05.22 13:00:00|3.775|3.839|3.774|3.833|2335
2020.05.22 14:00:00|3.833|3.842|3.809|3.839|1677
2020.05.22 15:00:00|3.84|3.85|3.817|3.827|1799
2020.05.22 16:00:00|3.827|3.843|3.818|3.83|3091
2020.05.22 17:00:00|3.829|3.83|3.797|3.799|3613
2020.05.22 18:00:00|3.799|3.807|3.793|3.798|1433
2020.05.26 10:00:00|3.866|3.895|3.857|3.878|3257
2020.05.26 11:00:00|3.877|3.883|3.836|3.837|1971
2020.05.26 12:00:00|3.838|3.844|3.829|3.837|1175
2020.05.26 13:00:00|3.837|3.839|3.815|3.824|1094
2020.05.26 14:00:00|3.824|3.831|3.815|3.823|982
2020.05.26 15:00:00|3.823|3.837|3.815|3.835|842
2020.05.26 16:00:00|3.836|3.848|3.825|3.844|1452
2020.05.26 17:00:00|3.844|3.861|3.841|3.857|1424
2020.05.26 18:00:00|3.857|3.877|3.857|3.874|984
2020.05.27 10:00:00|3.859|3.923|3.849|3.917|3536
2020.05.27 11:00:00|3.917|3.955|3.915|3.945|1776
2020.05.27 12:00:00|3.944|3.977|3.941|3.967|2179
2020.05.27 13:00:00|3.968|3.985|3.961|3.974|1335
2020.05.27 14:00:00|3.974|3.977|3.956|3.966|1254
2020.05.27 15:00:00|3.967|3.98|3.962|3.967|1191
2020.05.27 16:00:00|3.966|3.984|3.939|3.948|1701
2020.05.27 17:00:00|3.947|3.965|3.934|3.953|2114
2020.05.27 18:00:00|3.954|3.97|3.951|3.963|1232
2020.05.28 10:00:00|3.931|3.94|3.857|3.877|3952
2020.05.28 11:00:00|3.878|3.907|3.797|3.799|2879
2020.05.28 12:00:00|3.8|3.831|3.788|3.796|2820
2020.05.28 13:00:00|3.795|3.828|3.794|3.828|1450
2020.05.28 14:00:00|3.828|3.851|3.817|3.847|1192
2020.05.28 15:00:00|3.846|3.852|3.832|3.832|1066
2020.05.28 16:00:00|3.831|3.847|3.817|3.842|2301
2020.05.28 17:00:00|3.842|3.843|3.809|3.813|2192
2020.05.28 18:00:00|3.814|3.832|3.809|3.832|1167
2020.05.29 10:00:00|3.765|3.771|3.731|3.758|3073
2020.05.29 11:00:00|3.758|3.769|3.745|3.748|1704
2020.05.29 12:00:00|3.749|3.752|3.737|3.745|1209
2020.05.29 13:00:00|3.744|3.747|3.737|3.738|1100
2020.05.29 14:00:00|3.737|3.749|3.728|3.742|1222
2020.05.29 15:00:00|3.741|3.747|3.73|3.731|1109
2020.05.29 16:00:00|3.73|3.74|3.716|3.727|1691
2020.05.29 17:00:00|3.728|3.728|3.693|3.696|1601
2020.05.29 18:00:00|3.697|3.708|3.69|3.692|1368
2020.06.01 10:00:00|3.772|3.813|3.766|3.781|2643
2020.06.01 11:00:00|3.781|3.799|3.745|3.771|2561
2020.06.01 12:00:00|3.77|3.771|3.739|3.751|1547
2020.06.01 13:00:00|3.751|3.766|3.745|3.753|1025
2020.06.01 14:00:00|3.754|3.764|3.751|3.753|592
2020.06.01 15:00:00|3.754|3.762|3.739|3.739|788
2020.06.01 16:00:00|3.738|3.773|3.734|3.772|1670
2020.06.01 17:00:00|3.772|3.792|3.766|3.787|1465
2020.06.01 18:00:00|3.787|3.795|3.779|3.793|666
2020.06.02 10:00:00|3.8|3.823|3.775|3.817|2376
2020.06.02 11:00:00|3.818|3.88|3.816|3.848|2423
2020.06.02 12:00:00|3.849|3.861|3.837|3.853|2007
2020.06.02 13:00:00|3.853|3.869|3.849|3.853|1207
2020.06.02 14:00:00|3.853|3.859|3.834|3.844|924
2020.06.02 15:00:00|3.844|3.848|3.826|3.842|1012
2020.06.02 16:00:00|3.842|3.851|3.827|3.843|1709
2020.06.02 17:00:00|3.844|3.854|3.834|3.851|1432
2020.06.02 18:00:00|3.852|3.853|3.837|3.839|959
2020.06.03 10:00:00|3.871|3.906|3.866|3.904|2053
2020.06.03 11:00:00|3.905|3.937|3.904|3.935|2174
2020.06.03 12:00:00|3.935|3.946|3.924|3.928|1498
2020.06.03 13:00:00|3.928|3.937|3.914|3.92|1779
2020.06.03 14:00:00|3.91|3.939|3.904|3.928|1303
2020.06.03 15:00:00|3.928|3.948|3.922|3.944|1298
2020.06.03 16:00:00|3.943|3.99|3.943|3.983|1989
2020.06.03 17:00:00|3.984|4.025|3.983|4.014|2677
2020.06.03 18:00:00|4.013|4.03|4.011|4.022|1235
2020.06.04 10:00:00|3.987|4.002|3.974|3.998|2280
2020.06.04 11:00:00|3.998|4.029|3.995|3.997|2230
2020.06.04 12:00:00|3.997|4.003|3.963|3.971|1770
2020.06.04 13:00:00|3.972|3.987|3.968|3.986|1221
2020.06.04 14:00:00|3.986|4.016|3.971|3.997|1696
2020.06.04 15:00:00|3.997|4.007|3.946|3.964|2950
2020.06.04 16:00:00|3.965|3.989|3.954|3.986|3074
2020.06.04 17:00:00|3.985|4.008|3.985|3.999|1985
2020.06.04 18:00:00|3.998|4|3.967|3.973|1198
2020.06.05 10:00:00|4.057|4.127|4.053|4.121|3067
2020.06.05 11:00:00|4.122|4.13|4.093|4.114|2426
2020.06.05 12:00:00|4.115|4.129|4.108|4.117|1550
2020.06.05 13:00:00|4.117|4.127|4.101|4.123|1356
2020.06.05 14:00:00|4.123|4.178|4.104|4.173|1169
2020.06.05 15:00:00|4.173|4.232|4.167|4.232|2617
2020.06.05 16:00:00|4.232|4.268|4.213|4.219|4474
2020.06.05 17:00:00|4.218|4.242|4.18|4.2|2988
2020.06.05 18:00:00|4.201|4.233|4.199|4.227|1162
2020.06.08 10:00:00|4.145|4.167|4.136|4.166|2584
2020.06.08 11:00:00|4.167|4.193|4.161|4.191|1937
2020.06.08 12:00:00|4.192|4.212|4.18|4.181|1620
2020.06.08 13:00:00|4.18|4.187|4.17|4.182|1231
2020.06.08 14:00:00|4.181|4.199|4.176|4.194|1041
2020.06.08 15:00:00|4.193|4.205|4.177|4.204|1377
2020.06.08 16:00:00|4.205|4.223|4.176|4.183|2349
2020.06.08 17:00:00|4.184|4.184|4.131|4.17|2846
2020.06.08 18:00:00|4.169|4.196|4.167|4.189|1321
2020.06.09 10:00:00|4.159|4.169|4.093|4.093|3533
2020.06.09 11:00:00|4.094|4.117|4.034|4.049|3966
2020.06.09 12:00:00|4.05|4.104|4.044|4.084|2819
2020.06.09 13:00:00|4.084|4.096|4.065|4.074|2319
2020.06.09 14:00:00|4.075|4.093|4.06|4.076|1617
2020.06.09 15:00:00|4.076|4.079|4.038|4.039|1321
2020.06.09 16:00:00|4.038|4.066|4.033|4.049|2625
2020.06.09 17:00:00|4.049|4.059|4.031|4.047|2357
2020.06.09 18:00:00|4.045|4.06|4.041|4.048|1398
2020.06.10 10:00:00|4.021|4.037|3.994|4.024|3189
2020.06.10 11:00:00|4.024|4.024|3.987|4|2081
2020.06.10 12:00:00|4|4.002|3.975|3.979|1846
2020.06.10 13:00:00|3.979|3.996|3.969|3.99|1554
2020.06.10 14:00:00|3.99|4.015|3.978|4.013|1284
2020.06.10 15:00:00|4.012|4.028|3.998|4.027|1359
2020.06.10 16:00:00|4.027|4.038|4.006|4.02|1829
2020.06.10 17:00:00|4.021|4.026|3.989|3.996|2032
2020.06.10 18:00:00|3.995|4.01|3.992|4|1039
2020.06.11 10:00:00|3.891|3.908|3.852|3.856|4029
2020.06.11 11:00:00|3.857|3.876|3.843|3.848|2260
2020.06.11 12:00:00|3.847|3.865|3.842|3.864|1495
2020.06.11 13:00:00|3.864|3.867|3.844|3.85|1559
2020.06.11 14:00:00|3.849|3.853|3.807|3.816|1283
2020.06.11 15:00:00|3.816|3.821|3.786|3.792|1436
2020.06.11 16:00:00|3.792|3.814|3.779|3.806|2826
2020.06.11 17:00:00|3.806|3.81|3.773|3.778|2338
2020.06.11 18:00:00|3.777|3.786|3.767|3.771|1137
2020.06.12 10:00:00|3.763|3.818|3.749|3.796|5080
2020.06.12 11:00:00|3.797|3.842|3.781|3.831|2987
2020.06.12 12:00:00|3.831|3.836|3.796|3.815|2431
2020.06.12 13:00:00|3.815|3.831|3.796|3.806|2203
2020.06.12 14:00:00|3.805|3.825|3.791|3.791|1736
2020.06.12 15:00:00|3.792|3.816|3.777|3.803|1737
2020.06.12 16:00:00|3.803|3.847|3.802|3.825|3115
2020.06.12 17:00:00|3.826|3.836|3.783|3.786|2872
2020.06.12 18:00:00|3.786|3.802|3.775|3.783|1751
2020.06.15 10:00:00|3.745|3.787|3.739|3.749|3176
2020.06.15 11:00:00|3.75|3.781|3.734|3.773|1994
2020.06.15 12:00:00|3.773|3.773|3.739|3.749|1888
2020.06.15 13:00:00|3.748|3.755|3.724|3.729|1626
2020.06.15 14:00:00|3.729|3.756|3.723|3.745|1643
2020.06.15 15:00:00|3.744|3.747|3.725|3.732|1452
2020.06.15 16:00:00|3.733|3.745|3.717|3.724|2651
2020.06.15 17:00:00|3.725|3.766|3.719|3.754|2461
2020.06.15 18:00:00|3.755|3.776|3.754|3.755|1426
2020.06.16 10:00:00|3.797|3.829|3.788|3.807|3771
2020.06.16 11:00:00|3.807|3.829|3.801|3.813|2741
2020.06.16 12:00:00|3.823|3.848|3.822|3.831|1997
2020.06.16 13:00:00|3.83|3.85|3.823|3.841|1418
2020.06.16 14:00:00|3.841|3.843|3.822|3.837|1014
2020.06.16 15:00:00|3.838|3.904|3.838|3.891|1838
2020.06.16 16:00:00|3.891|3.893|3.87|3.883|2444
2020.06.16 17:00:00|3.882|3.893|3.823|3.823|3381
2020.06.16 18:00:00|3.824|3.838|3.804|3.835|3691
2020.06.17 10:00:00|3.845|3.885|3.845|3.865|3060
2020.06.17 11:00:00|3.864|3.886|3.851|3.856|2371
2020.06.17 12:00:00|3.857|3.859|3.834|3.837|1611
2020.06.17 13:00:00|3.837|3.848|3.828|3.832|1095
2020.06.17 14:00:00|3.832|3.835|3.801|3.811|1253
2020.06.17 15:00:00|3.811|3.835|3.811|3.824|1030
2020.06.17 16:00:00|3.825|3.831|3.813|3.826|1843
2020.06.17 17:00:00|3.825|3.828|3.807|3.822|2337
2020.06.17 18:00:00|3.823|3.827|3.812|3.815|921
2020.06.18 10:00:00|3.791|3.813|3.782|3.809|1797
2020.06.18 11:00:00|3.809|3.863|3.793|3.856|2394
2020.06.18 12:00:00|3.857|3.859|3.819|3.825|2312
2020.06.18 13:00:00|3.825|3.825|3.805|3.811|2096
2020.06.18 14:00:00|3.811|3.813|3.773|3.782|2193
2020.06.18 15:00:00|3.782|3.792|3.776|3.787|1796
2020.06.18 16:00:00|3.787|3.809|3.782|3.798|2143
2020.06.18 17:00:00|3.799|3.817|3.795|3.807|2693
2020.06.18 18:00:00|3.806|3.809|3.796|3.796|836
2020.06.19 10:00:00|3.855|3.873|3.853|3.86|1852
2020.06.19 11:00:00|3.859|3.873|3.848|3.87|1437
2020.06.19 12:00:00|3.871|3.891|3.855|3.88|3214
2020.06.19 13:00:00|3.88|3.904|3.867|3.899|1793
2020.06.19 14:00:00|3.899|3.905|3.888|3.904|999
2020.06.19 15:00:00|3.904|3.932|3.897|3.925|1225
2020.06.19 16:00:00|3.925|3.926|3.905|3.907|1487
2020.06.19 17:00:00|3.908|3.912|3.895|3.902|1486
2020.06.19 18:00:00|3.901|3.905|3.892|3.895|984
2020.06.22 10:00:00|3.818|3.837|3.802|3.814|1881
2020.06.22 11:00:00|3.815|3.846|3.8|3.838|2146
2020.06.22 12:00:00|3.838|3.851|3.821|3.823|1721
2020.06.22 13:00:00|3.823|3.835|3.811|3.819|1121
2020.06.22 14:00:00|3.817|3.831|3.808|3.83|929
2020.06.22 15:00:00|3.829|3.836|3.817|3.822|869
2020.06.22 16:00:00|3.823|3.832|3.81|3.82|1961
2020.06.22 17:00:00|3.818|3.832|3.799|3.799|1553
2020.06.22 18:00:00|3.8|3.81|3.795|3.81|589
2020.06.23 10:00:00|3.812|3.856|3.803|3.853|2043
2020.06.23 11:00:00|3.853|3.868|3.835|3.835|1423
2020.06.23 12:00:00|3.836|3.867|3.835|3.862|791
2020.06.23 13:00:00|3.862|3.876|3.856|3.875|713
2020.06.23 14:00:00|3.875|3.9|3.87|3.895|580
2020.06.23 15:00:00|3.894|3.903|3.885|3.885|636
2020.06.23 16:00:00|3.886|3.894|3.874|3.879|1323
2020.06.23 17:00:00|3.88|3.883|3.849|3.86|1424
2020.06.23 18:00:00|3.86|3.879|3.853|3.876|663
2020.06.24 10:00:00|3.835|3.85|3.813|3.822|2501
2020.06.24 11:00:00|3.821|3.822|3.786|3.811|1340
2020.06.24 12:00:00|3.81|3.812|3.77|3.793|1439
2020.06.24 13:00:00|3.794|3.8|3.787|3.794|846
2020.06.24 14:00:00|3.794|3.805|3.792|3.797|495
2020.06.24 15:00:00|3.797|3.822|3.795|3.821|509
2020.06.24 16:00:00|3.819|3.839|3.812|3.82|1519
2020.06.24 17:00:00|3.82|3.833|3.815|3.825|1759
2020.06.24 18:00:00|3.824|3.828|3.803|3.806|989
2020.06.25 10:00:00|3.776|3.778|3.72|3.759|2552
2020.06.25 11:00:00|3.76|3.808|3.757|3.794|1772
2020.06.25 12:00:00|3.795|3.802|3.777|3.785|1215
2020.06.25 13:00:00|3.785|3.815|3.776|3.812|1185
2020.06.25 14:00:00|3.812|3.812|3.785|3.786|754
2020.06.25 15:00:00|3.787|3.793|3.768|3.775|931
2020.06.25 16:00:00|3.774|3.832|3.774|3.823|2190
2020.06.25 17:00:00|3.823|3.863|3.82|3.839|2522
2020.06.25 18:00:00|3.839|3.853|3.834|3.851|1094
2020.06.26 10:00:00|3.845|3.861|3.823|3.824|2188
2020.06.26 11:00:00|3.825|3.867|3.808|3.86|1300
2020.06.26 12:00:00|3.86|3.878|3.856|3.867|1378
2020.06.26 13:00:00|3.867|3.882|3.863|3.88|926
2020.06.26 14:00:00|3.879|3.887|3.872|3.875|695
2020.06.26 15:00:00|3.875|3.884|3.862|3.865|790
2020.06.26 16:00:00|3.865|3.871|3.837|3.843|2044
2020.06.26 17:00:00|3.844|3.844|3.807|3.816|1947
2020.06.26 18:00:00|3.816|3.819|3.804|3.812|857
2020.06.29 10:00:00|3.765|3.787|3.747|3.762|2601
2020.06.29 11:00:00|3.761|3.804|3.754|3.803|1569
2020.06.29 12:00:00|3.802|3.805|3.788|3.795|1177
2020.06.29 13:00:00|3.796|3.801|3.778|3.8|1157
2020.06.29 14:00:00|3.799|3.828|3.799|3.827|838
2020.06.29 15:00:00|3.827|3.837|3.823|3.834|985
2020.06.29 16:00:00|3.833|3.836|3.815|3.828|1887
2020.06.29 17:00:00|3.828|3.864|3.828|3.851|2000
2020.06.29 18:00:00|3.852|3.855|3.841|3.853|825
2020.06.30 10:00:00|3.818|3.837|3.778|3.8|1763
2020.06.30 11:00:00|3.8|3.804|3.761|3.767|1024
2020.06.30 12:00:00|3.767|3.786|3.761|3.786|802
2020.06.30 13:00:00|3.785|3.796|3.778|3.782|708
2020.06.30 14:00:00|3.782|3.807|3.768|3.792|543
2020.06.30 15:00:00|3.792|3.795|3.774|3.779|601
2020.06.30 16:00:00|3.779|3.785|3.759|3.763|1378
2020.06.30 17:00:00|3.762|3.773|3.755|3.771|1304
2020.06.30 18:00:00|3.772|3.789|3.77|3.784|964
2020.07.01 10:00:00|3.768|3.777|3.743|3.75|743
2020.07.01 11:00:00|3.75|3.767|3.731|3.736|554
2020.07.01 12:00:00|3.737|3.751|3.719|3.722|1169
2020.07.01 13:00:00|3.721|3.747|3.712|3.713|1571
2020.07.01 14:00:00|3.713|3.715|3.693|3.709|1250
2020.07.01 15:00:00|3.708|3.741|3.705|3.735|1236
2020.07.01 16:00:00|3.736|3.754|3.731|3.749|1610
2020.07.01 17:00:00|3.749|3.77|3.737|3.746|1853
2020.07.01 18:00:00|3.747|3.748|3.72|3.725|757
2020.07.02 10:00:00|3.795|3.849|3.785|3.847|2295
2020.07.02 11:00:00|3.847|3.877|3.835|3.863|1284
2020.07.02 12:00:00|3.863|3.867|3.845|3.848|908
2020.07.02 13:00:00|3.849|3.855|3.826|3.855|842
2020.07.02 14:00:00|3.855|3.855|3.831|3.838|662
2020.07.02 15:00:00|3.838|3.88|3.826|3.88|1066
2020.07.02 16:00:00|3.881|3.887|3.861|3.885|1270
2020.07.02 17:00:00|3.886|3.895|3.871|3.872|1508
2020.07.02 18:00:00|3.872|3.882|3.86|3.882|726
2020.07.03 10:00:00|3.894|3.904|3.861|3.873|1921
2020.07.03 11:00:00|3.873|3.874|3.84|3.85|1141
2020.07.03 12:00:00|3.85|3.851|3.817|3.817|770
2020.07.03 13:00:00|3.816|3.837|3.805|3.836|844
2020.07.03 14:00:00|3.835|3.836|3.812|3.818|557
2020.07.03 15:00:00|3.817|3.824|3.807|3.811|569
2020.07.03 16:00:00|3.812|3.83|3.811|3.816|714
2020.07.03 17:00:00|3.816|3.82|3.796|3.817|916
2020.07.03 18:00:00|3.816|3.823|3.814|3.818|455
2020.07.06 10:00:00|4.012|4.076|4.003|4.058|3321
2020.07.06 11:00:00|4.057|4.059|4.02|4.023|1951
2020.07.06 12:00:00|4.023|4.054|4.02|4.05|1081
2020.07.06 13:00:00|4.05|4.069|4.033|4.04|1021
2020.07.06 14:00:00|4.041|4.044|4.022|4.03|700
2020.07.06 15:00:00|4.03|4.043|4.022|4.037|771
2020.07.06 16:00:00|4.038|4.077|4.029|4.073|1482
2020.07.06 17:00:00|4.075|4.082|4.057|4.068|1913
2020.07.06 18:00:00|4.068|4.087|4.064|4.085|721
2020.07.07 10:00:00|4|4.006|3.973|3.986|2258
2020.07.07 11:00:00|3.986|3.996|3.968|3.986|1387
2020.07.07 12:00:00|3.986|3.999|3.977|3.99|1016
2020.07.07 13:00:00|3.991|4|3.974|3.994|1249
2020.07.07 14:00:00|3.994|4.005|3.977|3.978|781
2020.07.07 15:00:00|3.979|3.983|3.955|3.964|666
2020.07.07 16:00:00|3.963|3.97|3.954|3.958|1600
2020.07.07 17:00:00|3.957|3.969|3.95|3.957|1130
2020.07.07 18:00:00|3.957|3.957|3.945|3.948|476
2020.07.08 10:00:00|3.835|3.839|3.798|3.802|2271
2020.07.08 11:00:00|3.802|3.815|3.78|3.791|1157
2020.07.08 12:00:00|3.789|3.813|3.783|3.809|876
2020.07.08 13:00:00|3.807|3.85|3.799|3.837|948
2020.07.08 14:00:00|3.836|3.84|3.818|3.819|544
2020.07.08 15:00:00|3.819|3.825|3.81|3.819|723
2020.07.08 16:00:00|3.819|3.838|3.811|3.834|1044
2020.07.08 17:00:00|3.833|3.839|3.814|3.823|894
2020.07.08 18:00:00|3.824|3.828|3.809|3.826|788
2020.07.09 10:00:00|3.767|3.79|3.76|3.789|2079
2020.07.09 11:00:00|3.789|3.795|3.776|3.776|1145
2020.07.09 12:00:00|3.775|3.784|3.761|3.774|890
2020.07.09 13:00:00|3.775|3.784|3.768|3.784|602
2020.07.09 14:00:00|3.784|3.8|3.78|3.786|563
2020.07.09 15:00:00|3.785|3.786|3.771|3.778|547
2020.07.09 16:00:00|3.776|3.779|3.752|3.758|1254
2020.07.09 17:00:00|3.756|3.762|3.734|3.736|1062
2020.07.09 18:00:00|3.735|3.739|3.723|3.735|974
2020.07.10 10:00:00|3.724|3.726|3.702|3.721|1944
2020.07.10 11:00:00|3.722|3.741|3.709|3.714|1408
2020.07.10 12:00:00|3.714|3.717|3.7|3.712|865
2020.07.10 13:00:00|3.712|3.726|3.712|3.715|661
2020.07.10 14:00:00|3.715|3.726|3.712|3.717|668
2020.07.10 15:00:00|3.717|3.739|3.707|3.734|848
2020.07.10 16:00:00|3.735|3.771|3.733|3.762|1688
2020.07.10 17:00:00|3.761|3.778|3.754|3.772|1361
2020.07.10 18:00:00|3.771|3.777|3.769|3.771|535
2020.07.13 10:00:00|3.815|3.834|3.809|3.813|1545
2020.07.13 11:00:00|3.812|3.82|3.774|3.778|1050
2020.07.13 12:00:00|3.779|3.794|3.778|3.786|701
2020.07.13 13:00:00|3.787|3.793|3.775|3.792|659
2020.07.13 14:00:00|3.792|3.806|3.784|3.799|758
2020.07.13 15:00:00|3.8|3.805|3.794|3.8|587
2020.07.13 16:00:00|3.801|3.806|3.777|3.777|1220
2020.07.13 17:00:00|3.778|3.795|3.773|3.793|1151
2020.07.13 18:00:00|3.792|3.807|3.788|3.807|841
2020.07.14 10:00:00|3.78|3.805|3.767|3.779|1801
2020.07.14 11:00:00|3.778|3.83|3.777|3.822|1027
2020.07.14 12:00:00|3.822|3.845|3.822|3.845|719
2020.07.14 13:00:00|3.845|3.855|3.829|3.852|798
2020.07.14 14:00:00|3.853|3.853|3.826|3.837|712
2020.07.14 15:00:00|3.837|3.846|3.813|3.818|789
2020.07.14 16:00:00|3.818|3.834|3.804|3.828|1905
2020.07.14 17:00:00|3.828|3.839|3.818|3.827|1680
2020.07.14 18:00:00|3.827|3.834|3.819|3.824|1245
2020.07.15 10:00:00|3.789|3.819|3.787|3.803|1764
2020.07.15 11:00:00|3.803|3.813|3.764|3.767|1419
2020.07.15 12:00:00|3.768|3.781|3.747|3.775|992
2020.07.15 13:00:00|3.776|3.819|3.767|3.815|1509
2020.07.15 14:00:00|3.815|3.844|3.801|3.836|1241
2020.07.15 15:00:00|3.835|3.852|3.831|3.846|882
2020.07.15 16:00:00|3.845|3.852|3.834|3.846|1423
2020.07.15 17:00:00|3.847|3.874|3.838|3.863|1264
2020.07.15 18:00:00|3.864|3.866|3.854|3.861|861
2020.07.16 10:00:00|3.84|3.862|3.827|3.829|2335
2020.07.16 11:00:00|3.829|3.834|3.799|3.814|1282
2020.07.16 12:00:00|3.813|3.841|3.805|3.839|1010
2020.07.16 13:00:00|3.84|3.844|3.816|3.831|851
2020.07.16 14:00:00|3.83|3.84|3.815|3.83|780
2020.07.16 15:00:00|3.829|3.839|3.822|3.836|743
2020.07.16 16:00:00|3.836|3.851|3.834|3.844|1388
2020.07.16 17:00:00|3.844|3.862|3.839|3.858|1237
2020.07.16 18:00:00|3.857|3.863|3.849|3.849|507
2020.07.17 10:00:00|3.821|3.836|3.789|3.792|1622
2020.07.17 11:00:00|3.79|3.798|3.759|3.761|881
2020.07.17 12:00:00|3.761|3.793|3.746|3.786|1026
2020.07.17 13:00:00|3.785|3.811|3.785|3.799|580
2020.07.17 14:00:00|3.798|3.798|3.773|3.781|456
2020.07.17 15:00:00|3.781|3.805|3.779|3.801|448
2020.07.17 16:00:00|3.8|3.808|3.788|3.789|958
2020.07.17 17:00:00|3.788|3.795|3.776|3.789|1100
2020.07.17 18:00:00|3.789|3.796|3.782|3.786|550
2020.07.20 10:00:00|3.76|3.768|3.742|3.755|1731
2020.07.20 11:00:00|3.756|3.76|3.727|3.756|1144
2020.07.20 12:00:00|3.757|3.768|3.747|3.75|708
2020.07.20 13:00:00|3.751|3.753|3.723|3.725|664
2020.07.20 14:00:00|3.725|3.734|3.714|3.715|553
2020.07.20 15:00:00|3.716|3.72|3.704|3.717|672
2020.07.20 16:00:00|3.718|3.728|3.708|3.72|1730
2020.07.20 17:00:00|3.719|3.734|3.714|3.73|1095
2020.07.20 18:00:00|3.73|3.741|3.729|3.737|467
2020.07.21 10:00:00|3.756|3.825|3.749|3.814|3742
2020.07.21 11:00:00|3.815|3.871|3.812|3.862|1650
2020.07.21 12:00:00|3.861|3.872|3.851|3.856|978
2020.07.21 13:00:00|3.856|3.862|3.846|3.851|656
2020.07.21 14:00:00|3.849|3.857|3.837|3.846|629
2020.07.21 15:00:00|3.846|3.849|3.823|3.826|660
2020.07.21 16:00:00|3.825|3.83|3.812|3.823|1111
2020.07.21 17:00:00|3.822|3.824|3.771|3.8|1443
2020.07.21 18:00:00|3.801|3.807|3.791|3.806|796
2020.07.22 10:00:00|3.798|3.803|3.735|3.738|3085
2020.07.22 11:00:00|3.739|3.758|3.722|3.725|1783
2020.07.22 12:00:00|3.725|3.727|3.711|3.725|1157
2020.07.22 13:00:00|3.724|3.724|3.699|3.708|964
2020.07.22 14:00:00|3.706|3.719|3.697|3.716|653
2020.07.22 15:00:00|3.716|3.717|3.705|3.711|859
2020.07.22 16:00:00|3.71|3.726|3.701|3.713|1117
2020.07.22 17:00:00|3.714|3.716|3.701|3.713|1179
2020.07.22 18:00:00|3.712|3.714|3.702|3.709|694
2020.07.23 10:00:00|3.692|3.7|3.677|3.698|2071
2020.07.23 11:00:00|3.697|3.72|3.69|3.697|1519
2020.07.23 12:00:00|3.698|3.712|3.691|3.693|742
2020.07.23 13:00:00|3.694|3.697|3.675|3.689|676
2020.07.23 14:00:00|3.68|3.715|3.68|3.705|537
2020.07.23 15:00:00|3.705|3.709|3.691|3.696|1010
2020.07.23 16:00:00|3.694|3.711|3.682|3.684|1218
2020.07.23 17:00:00|3.684|3.688|3.672|3.673|1139
2020.07.23 18:00:00|3.674|3.678|3.669|3.674|492
2020.07.24 10:00:00|3.63|3.653|3.628|3.65|2158
2020.07.24 11:00:00|3.648|3.658|3.636|3.644|1062
2020.07.24 12:00:00|3.645|3.656|3.63|3.653|758
2020.07.24 13:00:00|3.653|3.67|3.649|3.657|880
2020.07.24 14:00:00|3.657|3.667|3.655|3.664|643
2020.07.24 15:00:00|3.665|3.669|3.653|3.653|515
2020.07.24 16:00:00|3.653|3.672|3.648|3.67|985
2020.07.24 17:00:00|3.671|3.674|3.655|3.658|810
2020.07.24 18:00:00|3.657|3.66|3.641|3.646|465
2020.07.27 10:00:00|3.541|3.55|3.528|3.542|1949
2020.07.27 11:00:00|3.542|3.547|3.527|3.532|1092
2020.07.27 12:00:00|3.532|3.546|3.531|3.546|758
2020.07.27 13:00:00|3.546|3.547|3.537|3.543|559
2020.07.27 14:00:00|3.543|3.546|3.532|3.542|511
2020.07.27 15:00:00|3.541|3.546|3.535|3.545|592
2020.07.27 16:00:00|3.544|3.545|3.529|3.531|1143
2020.07.27 17:00:00|3.532|3.545|3.529|3.535|714
2020.07.27 18:00:00|3.536|3.539|3.529|3.532|359
2020.07.28 10:00:00|3.457|3.494|3.457|3.484|2059
2020.07.28 11:00:00|3.485|3.528|3.479|3.51|1012
2020.07.28 12:00:00|3.509|3.521|3.476|3.478|692
2020.07.28 13:00:00|3.477|3.489|3.464|3.489|652
2020.07.28 14:00:00|3.489|3.5|3.488|3.496|576
2020.07.28 15:00:00|3.495|3.519|3.494|3.507|774
2020.07.28 16:00:00|3.507|3.518|3.496|3.503|946
2020.07.28 17:00:00|3.503|3.522|3.503|3.517|1068
2020.07.28 18:00:00|3.516|3.529|3.515|3.526|648
2020.07.29 10:00:00|3.555|3.576|3.55|3.554|1815
2020.07.29 11:00:00|3.554|3.567|3.548|3.567|720
2020.07.29 12:00:00|3.566|3.576|3.561|3.571|573
2020.07.29 13:00:00|3.572|3.575|3.56|3.575|554
2020.07.29 14:00:00|3.574|3.599|3.572|3.595|667
2020.07.29 15:00:00|3.594|3.601|3.588|3.598|507
2020.07.29 16:00:00|3.597|3.619|3.587|3.615|1096
2020.07.29 17:00:00|3.616|3.619|3.598|3.619|986
2020.07.29 18:00:00|3.618|3.626|3.615|3.624|398
2020.07.30 10:00:00|3.591|3.598|3.523|3.552|2550
2020.07.30 11:00:00|3.552|3.554|3.505|3.505|1592
2020.07.30 12:00:00|3.504|3.521|3.488|3.51|1187
2020.07.30 13:00:00|3.51|3.517|3.483|3.494|1024
2020.07.30 14:00:00|3.494|3.503|3.482|3.495|839
2020.07.30 15:00:00|3.496|3.496|3.448|3.452|1170
2020.07.30 16:00:00|3.451|3.476|3.448|3.45|1360
2020.07.30 17:00:00|3.449|3.455|3.435|3.45|1712
2020.07.30 18:00:00|3.45|3.469|3.449|3.461|832
2020.07.31 10:00:00|3.425|3.446|3.4|3.441|3429
2020.07.31 11:00:00|3.442|3.459|3.433|3.438|1436
2020.07.31 12:00:00|3.437|3.438|3.399|3.4|1041
2020.07.31 13:00:00|3.401|3.435|3.4|3.434|904
2020.07.31 14:00:00|3.433|3.441|3.419|3.421|771
2020.07.31 15:00:00|3.421|3.432|3.41|3.428|636
2020.07.31 16:00:00|3.427|3.441|3.414|3.43|1382
2020.07.31 17:00:00|3.428|3.436|3.411|3.434|1604
2020.07.31 18:00:00|3.433|3.443|3.425|3.435|946
2020.08.03 10:00:00|3.288|3.289|3.234|3.279|3178
2020.08.03 11:00:00|3.28|3.299|3.227|3.227|2018
2020.08.03 12:00:00|3.227|3.231|3.19|3.227|1612
2020.08.03 13:00:00|3.226|3.266|3.222|3.253|1176
2020.08.03 14:00:00|3.254|3.297|3.247|3.292|1272
2020.08.03 15:00:00|3.292|3.304|3.28|3.299|1027
2020.08.03 16:00:00|3.3|3.308|3.287|3.307|1516
2020.08.03 17:00:00|3.307|3.346|3.306|3.339|1854
2020.08.03 18:00:00|3.339|3.342|3.319|3.327|629
2020.08.04 10:00:00|3.321|3.346|3.3|3.322|2699
2020.08.04 11:00:00|3.323|3.329|3.299|3.308|1687
2020.08.04 12:00:00|3.307|3.308|3.277|3.283|1137
2020.08.04 13:00:00|3.283|3.318|3.274|3.314|1224
2020.08.04 14:00:00|3.314|3.323|3.311|3.321|1060
2020.08.04 15:00:00|3.32|3.339|3.317|3.327|1002
2020.08.04 16:00:00|3.327|3.364|3.324|3.361|1260
2020.08.04 17:00:00|3.361|3.373|3.357|3.372|851
2020.08.04 18:00:00|3.373|3.373|3.358|3.36|377
2020.08.05 10:00:00|3.338|3.347|3.329|3.338|2417
2020.08.05 11:00:00|3.338|3.346|3.322|3.324|1122
2020.08.05 12:00:00|3.325|3.327|3.31|3.316|780
2020.08.05 13:00:00|3.317|3.319|3.3|3.311|654
2020.08.05 14:00:00|3.311|3.311|3.299|3.303|409
2020.08.05 15:00:00|3.304|3.305|3.286|3.287|626
2020.08.05 16:00:00|3.287|3.322|3.286|3.313|857
2020.08.05 17:00:00|3.314|3.326|3.311|3.326|924
2020.08.05 18:00:00|3.327|3.339|3.326|3.337|357
2020.08.06 10:00:00|3.287|3.307|3.267|3.29|2073
2020.08.06 11:00:00|3.29|3.29|3.263|3.269|1114
2020.08.06 12:00:00|3.269|3.277|3.257|3.264|581
2020.08.06 13:00:00|3.263|3.266|3.219|3.223|893
2020.08.06 14:00:00|3.223|3.226|3.206|3.213|791
2020.08.06 15:00:00|3.212|3.228|3.207|3.228|771
2020.08.06 16:00:00|3.227|3.245|3.221|3.242|887
2020.08.06 17:00:00|3.241|3.26|3.239|3.244|940
2020.08.06 18:00:00|3.245|3.248|3.24|3.244|303
2020.08.07 10:00:00|3.231|3.24|3.214|3.24|1580
2020.08.07 11:00:00|3.239|3.253|3.229|3.234|886
2020.08.07 12:00:00|3.235|3.236|3.215|3.227|699
2020.08.07 13:00:00|3.227|3.242|3.22|3.24|606
2020.08.07 14:00:00|3.241|3.242|3.221|3.222|417
2020.08.07 15:00:00|3.221|3.239|3.217|3.224|644
2020.08.07 16:00:00|3.222|3.251|3.218|3.243|803
2020.08.07 17:00:00|3.243|3.26|3.239|3.251|573
2020.08.07 18:00:00|3.252|3.258|3.249|3.252|278
2020.08.10 10:00:00|3.256|3.292|3.25|3.273|2362
2020.08.10 11:00:00|3.273|3.275|3.231|3.241|1338
2020.08.10 12:00:00|3.241|3.255|3.238|3.255|686
2020.08.10 13:00:00|3.255|3.273|3.252|3.271|604
2020.08.10 14:00:00|3.271|3.274|3.25|3.252|591
2020.08.10 15:00:00|3.252|3.265|3.251|3.263|620
2020.08.10 16:00:00|3.263|3.29|3.261|3.285|963
2020.08.10 17:00:00|3.285|3.296|3.283|3.289|926
2020.08.10 18:00:00|3.29|3.298|3.286|3.298|396
2020.08.11 10:00:00|3.335|3.37|3.333|3.367|2261
2020.08.11 11:00:00|3.366|3.434|3.365|3.434|1086
2020.08.11 12:00:00|3.434|3.456|3.419|3.452|1188
2020.08.11 13:00:00|3.453|3.461|3.448|3.461|639
2020.08.11 14:00:00|3.461|3.47|3.435|3.439|670
2020.08.11 15:00:00|3.44|3.441|3.422|3.429|468
2020.08.11 16:00:00|3.43|3.44|3.414|3.418|968
2020.08.11 17:00:00|3.418|3.453|3.409|3.452|1260
2020.08.11 18:00:00|3.452|3.453|3.441|3.449|575
2020.08.12 10:00:00|3.497|3.544|3.497|3.537|1958
2020.08.12 11:00:00|3.537|3.552|3.526|3.552|1025
2020.08.12 12:00:00|3.552|3.57|3.552|3.57|586
2020.08.12 13:00:00|3.57|3.582|3.565|3.582|573
2020.08.12 14:00:00|3.581|3.595|3.575|3.578|584
2020.08.12 15:00:00|3.577|3.587|3.572|3.577|508
2020.08.12 16:00:00|3.578|3.586|3.568|3.572|887
2020.08.12 17:00:00|3.572|3.587|3.569|3.576|1056
2020.08.12 18:00:00|3.575|3.581|3.566|3.578|573
2020.08.13 10:00:00|3.5|3.509|3.478|3.499|2118
2020.08.13 11:00:00|3.499|3.511|3.493|3.502|866
2020.08.13 12:00:00|3.501|3.512|3.497|3.498|693
2020.08.13 13:00:00|3.499|3.508|3.488|3.489|568
2020.08.13 14:00:00|3.49|3.491|3.474|3.483|620
2020.08.13 15:00:00|3.483|3.484|3.466|3.478|647
2020.08.13 16:00:00|3.478|3.479|3.46|3.47|947
2020.08.13 17:00:00|3.469|3.471|3.442|3.446|931
2020.08.13 18:00:00|3.446|3.45|3.442|3.444|419
2020.08.14 10:00:00|3.439|3.446|3.402|3.41|1877
2020.08.14 11:00:00|3.41|3.412|3.357|3.367|1245
2020.08.14 12:00:00|3.366|3.383|3.357|3.383|782
2020.08.14 13:00:00|3.382|3.386|3.367|3.385|615
2020.08.14 14:00:00|3.385|3.393|3.382|3.389|518
2020.08.14 15:00:00|3.388|3.398|3.382|3.382|579
2020.08.14 16:00:00|3.383|3.392|3.374|3.386|836
2020.08.14 17:00:00|3.386|3.409|3.386|3.398|839
2020.08.14 18:00:00|3.398|3.409|3.398|3.402|494
2020.08.17 10:00:00|3.41|3.416|3.378|3.403|2050
2020.08.17 11:00:00|3.403|3.403|3.383|3.394|1422
2020.08.17 12:00:00|3.393|3.415|3.384|3.385|851
2020.08.17 13:00:00|3.384|3.412|3.383|3.412|524
2020.08.17 14:00:00|3.412|3.412|3.397|3.4|628
2020.08.17 15:00:00|3.399|3.41|3.392|3.397|601
2020.08.17 16:00:00|3.397|3.408|3.387|3.391|958
2020.08.17 17:00:00|3.392|3.397|3.387|3.388|730
2020.08.17 18:00:00|3.389|3.394|3.381|3.393|274
2020.08.18 10:00:00|3.348|3.355|3.327|3.345|2148
2020.08.18 11:00:00|3.345|3.365|3.344|3.354|1102
2020.08.18 12:00:00|3.355|3.376|3.347|3.371|846
2020.08.18 13:00:00|3.372|3.388|3.363|3.387|659
2020.08.18 14:00:00|3.387|3.387|3.365|3.366|550
2020.08.18 15:00:00|3.366|3.369|3.349|3.349|537
2020.08.18 16:00:00|3.347|3.349|3.326|3.33|1096
2020.08.18 17:00:00|3.329|3.33|3.306|3.31|864
2020.08.18 18:00:00|3.31|3.316|3.309|3.31|278
2020.08.19 10:00:00|3.299|3.336|3.297|3.32|1798
2020.08.19 11:00:00|3.319|3.323|3.306|3.319|861
2020.08.19 12:00:00|3.32|3.333|3.32|3.327|703
2020.08.19 13:00:00|3.328|3.328|3.317|3.325|456
2020.08.19 14:00:00|3.325|3.325|3.297|3.319|393
2020.08.19 15:00:00|3.318|3.323|3.308|3.315|352
2020.08.19 16:00:00|3.316|3.343|3.311|3.338|830
2020.08.19 17:00:00|3.337|3.346|3.33|3.345|545
2020.08.19 18:00:00|3.344|3.353|3.34|3.352|271
2020.08.20 10:00:00|3.301|3.321|3.29|3.307|2683
2020.08.20 11:00:00|3.307|3.308|3.272|3.291|1639
2020.08.20 12:00:00|3.292|3.304|3.291|3.296|701
2020.08.20 13:00:00|3.296|3.309|3.293|3.305|611
2020.08.20 14:00:00|3.304|3.306|3.291|3.293|472
2020.08.20 15:00:00|3.294|3.302|3.285|3.292|540
2020.08.20 16:00:00|3.292|3.302|3.285|3.302|722
2020.08.20 17:00:00|3.303|3.306|3.294|3.296|766
2020.08.20 18:00:00|3.295|3.297|3.288|3.29|386
2020.08.21 10:00:00|3.285|3.287|3.257|3.282|2604
2020.08.21 11:00:00|3.283|3.283|3.254|3.263|973
2020.08.21 12:00:00|3.262|3.284|3.255|3.264|942
2020.08.21 13:00:00|3.263|3.271|3.255|3.262|674
2020.08.21 14:00:00|3.261|3.268|3.251|3.252|592
2020.08.21 15:00:00|3.252|3.257|3.242|3.249|842
2020.08.21 16:00:00|3.248|3.28|3.247|3.273|820
2020.08.21 17:00:00|3.274|3.28|3.264|3.279|606
2020.08.21 18:00:00|3.28|3.285|3.274|3.276|420
2020.08.24 10:00:00|3.337|3.342|3.323|3.327|1753
2020.08.24 11:00:00|3.327|3.342|3.318|3.339|1058
2020.08.24 12:00:00|3.338|3.343|3.33|3.332|621
2020.08.24 13:00:00|3.333|3.337|3.323|3.332|448
2020.08.24 14:00:00|3.332|3.336|3.325|3.331|432
2020.08.24 15:00:00|3.328|3.331|3.316|3.32|436
2020.08.24 16:00:00|3.321|3.337|3.31|3.335|940
2020.08.24 17:00:00|3.336|3.364|3.333|3.363|1123
2020.08.24 18:00:00|3.363|3.375|3.362|3.373|642
2020.08.25 10:00:00|3.396|3.415|3.378|3.379|1765
2020.08.25 11:00:00|3.378|3.38|3.342|3.353|846
2020.08.25 12:00:00|3.352|3.364|3.346|3.362|708
2020.08.25 13:00:00|3.363|3.367|3.353|3.364|570
2020.08.25 14:00:00|3.364|3.37|3.358|3.359|446
2020.08.25 15:00:00|3.359|3.365|3.345|3.347|540
2020.08.25 16:00:00|3.348|3.368|3.339|3.356|1263
2020.08.25 17:00:00|3.356|3.363|3.34|3.35|1564
2020.08.25 18:00:00|3.35|3.351|3.338|3.343|528
2020.08.26 10:00:00|3.313|3.342|3.308|3.327|1899
2020.08.26 11:00:00|3.326|3.332|3.311|3.313|971
2020.08.26 12:00:00|3.314|3.329|3.31|3.314|650
2020.08.26 13:00:00|3.314|3.316|3.305|3.306|508
2020.08.26 14:00:00|3.297|3.31|3.297|3.304|406
2020.08.26 15:00:00|3.303|3.321|3.303|3.317|511
2020.08.26 16:00:00|3.317|3.323|3.303|3.313|958
2020.08.26 17:00:00|3.314|3.315|3.291|3.296|882
2020.08.26 18:00:00|3.296|3.306|3.296|3.306|343
2020.08.27 10:00:00|3.251|3.261|3.235|3.249|1567
2020.08.27 11:00:00|3.248|3.25|3.227|3.248|921
2020.08.27 12:00:00|3.248|3.252|3.235|3.249|726
2020.08.27 13:00:00|3.25|3.274|3.25|3.274|703
2020.08.27 14:00:00|3.275|3.276|3.253|3.254|524
2020.08.27 15:00:00|3.255|3.278|3.253|3.268|476
2020.08.27 16:00:00|3.269|3.301|3.262|3.293|1406
2020.08.27 17:00:00|3.289|3.3|3.283|3.291|1182
2020.08.27 18:00:00|3.292|3.293|3.274|3.277|469
2020.08.28 10:00:00|3.316|3.321|3.283|3.3|2678
2020.08.28 11:00:00|3.299|3.347|3.296|3.327|1417
2020.08.28 12:00:00|3.328|3.337|3.315|3.331|938
2020.08.28 13:00:00|3.332|3.334|3.31|3.312|749
2020.08.28 14:00:00|3.311|3.318|3.303|3.316|561
2020.08.28 15:00:00|3.316|3.325|3.309|3.323|781
2020.08.28 16:00:00|3.324|3.334|3.314|3.321|979
2020.08.28 17:00:00|3.321|3.323|3.291|3.304|1014
2020.08.28 18:00:00|3.304|3.307|3.292|3.294|536
2020.09.01 10:00:00|3.213|3.228|3.189|3.212|2479
2020.09.01 11:00:00|3.213|3.219|3.177|3.181|1621
2020.09.01 12:00:00|3.18|3.192|3.168|3.178|1112
2020.09.01 13:00:00|3.177|3.19|3.175|3.185|836
2020.09.01 14:00:00|3.185|3.188|3.173|3.175|577
2020.09.01 15:00:00|3.176|3.181|3.166|3.167|559
2020.09.01 16:00:00|3.167|3.167|3.146|3.16|1484
2020.09.01 17:00:00|3.16|3.186|3.157|3.16|1608
2020.09.01 18:00:00|3.161|3.167|3.16|3.163|511
2020.09.02 10:00:00|3.182|3.219|3.174|3.2|2203
2020.09.02 11:00:00|3.198|3.228|3.191|3.224|1601
2020.09.02 12:00:00|3.225|3.227|3.203|3.209|1024
2020.09.02 13:00:00|3.21|3.221|3.205|3.207|639
2020.09.02 14:00:00|3.205|3.217|3.204|3.206|507
2020.09.02 15:00:00|3.207|3.209|3.183|3.186|526
2020.09.02 16:00:00|3.187|3.204|3.179|3.204|1212
2020.09.02 17:00:00|3.204|3.222|3.189|3.208|1373
2020.09.02 18:00:00|3.208|3.214|3.196|3.204|608
2020.09.03 10:00:00|3.204|3.243|3.196|3.239|2865
2020.09.03 11:00:00|3.239|3.262|3.232|3.233|1378
2020.09.03 12:00:00|3.232|3.24|3.222|3.223|1015
2020.09.03 13:00:00|3.223|3.232|3.217|3.22|583
2020.09.03 14:00:00|3.211|3.237|3.207|3.22|702
2020.09.03 15:00:00|3.219|3.231|3.219|3.221|593
2020.09.03 16:00:00|3.221|3.232|3.203|3.224|1699
2020.09.03 17:00:00|3.224|3.231|3.193|3.202|2434
2020.09.03 18:00:00|3.202|3.204|3.165|3.171|1328
2020.09.04 10:00:00|3.171|3.216|3.161|3.214|2575
2020.09.04 11:00:00|3.213|3.213|3.189|3.19|1244
2020.09.04 12:00:00|3.189|3.217|3.186|3.216|830
2020.09.04 13:00:00|3.216|3.23|3.208|3.225|668
2020.09.04 14:00:00|3.225|3.226|3.203|3.207|1096
2020.09.04 15:00:00|3.207|3.229|3.206|3.209|1085
2020.09.04 16:00:00|3.208|3.239|3.207|3.226|1627
2020.09.04 17:00:00|3.226|3.238|3.187|3.19|2668
2020.09.04 18:00:00|3.188|3.193|3.178|3.185|1338
2020.09.07 10:00:00|3.208|3.228|3.194|3.204|2271
2020.09.07 11:00:00|3.205|3.211|3.168|3.171|1272
2020.09.07 12:00:00|3.172|3.193|3.163|3.184|835
2020.09.07 13:00:00|3.184|3.205|3.181|3.191|675
2020.09.07 14:00:00|3.191|3.205|3.185|3.204|683
2020.09.07 15:00:00|3.205|3.213|3.203|3.212|517
2020.09.07 16:00:00|3.211|3.226|3.209|3.216|507
2020.09.07 17:00:00|3.217|3.233|3.215|3.23|543
2020.09.07 18:00:00|3.231|3.236|3.224|3.228|310
2020.09.08 10:00:00|3.235|3.261|3.223|3.24|3008
2020.09.08 11:00:00|3.239|3.244|3.197|3.199|1517
2020.09.08 12:00:00|3.198|3.224|3.196|3.221|1061
2020.09.08 13:00:00|3.221|3.233|3.208|3.21|851
2020.09.08 14:00:00|3.21|3.22|3.195|3.22|751
2020.09.08 15:00:00|3.219|3.22|3.195|3.2|1082
2020.09.08 16:00:00|3.199|3.214|3.195|3.204|2570
2020.09.08 17:00:00|3.204|3.212|3.185|3.194|2005
2020.09.08 18:00:00|3.195|3.216|3.192|3.205|854
2020.09.09 10:00:00|3.215|3.263|3.214|3.245|2619
2020.09.09 11:00:00|3.246|3.26|3.232|3.233|2058
2020.09.09 12:00:00|3.233|3.252|3.223|3.251|1316
2020.09.09 13:00:00|3.25|3.256|3.233|3.237|794
2020.09.09 14:00:00|3.236|3.26|3.228|3.257|748
2020.09.09 15:00:00|3.258|3.259|3.247|3.259|903
2020.09.09 16:00:00|3.258|3.278|3.255|3.278|1688
2020.09.09 17:00:00|3.278|3.28|3.255|3.265|1146
