2020.09.18 16:30:00|147.02|147.46|146.13|147.32|3741
2020.09.18 17:30:00|147.34|148.14|147.13|148.05|4624
2020.09.18 18:30:00|148.07|149.47|147.96|149.18|4377
2020.09.18 19:30:00|149.17|149.39|148.31|148.44|4649
2020.09.18 20:30:00|148.44|148.47|147.69|148.46|3991
2020.09.18 21:30:00|148.44|149.1|148.12|149.05|3418
2020.09.18 22:30:00|149.05|149.58|148.81|149.05|3070
2020.09.21 16:30:00|147.66|147.84|144.81|145.46|7647
2020.09.21 17:30:00|145.41|145.68|144.54|144.73|7058
2020.09.21 18:30:00|144.72|144.84|144.1|144.15|6646
2020.09.21 19:30:00|144.15|144.15|143.09|143.87|5641
2020.09.21 20:30:00|143.85|143.85|142.98|143.19|6363
2020.09.21 21:30:00|143.19|144.32|142.91|144.16|5335
2020.09.21 22:30:00|144.16|144.99|143.9|144.98|3856
2020.09.22 16:30:00|144.65|145.26|144.2|144.55|5108
2020.09.22 17:30:00|144.54|144.61|143.62|144.27|4062
2020.09.22 18:30:00|144.28|144.75|143.93|144.56|2679
2020.09.22 19:30:00|144.57|144.67|144.29|144.53|2237
2020.09.22 20:30:00|144.51|144.76|144.43|144.6|2829
2020.09.22 21:30:00|144.61|144.78|144.45|144.71|2892
2020.09.22 22:30:00|144.71|144.79|144.07|144.11|3259
2020.09.23 16:30:00|146.88|146.94|145.53|145.95|5278
2020.09.23 17:30:00|145.96|146.37|145.49|145.71|4655
2020.09.23 18:30:00|145.71|146.11|145.53|146.04|4127
2020.09.23 19:30:00|146.04|146.76|145.89|145.91|3527
2020.09.23 20:30:00|145.91|145.93|144.93|145.11|4439
2020.09.23 21:30:00|145.11|145.21|144.48|144.88|7064
2020.09.23 22:30:00|144.87|144.92|144.31|144.31|4765
2020.09.24 16:30:00|144.52|144.53|143.33|143.72|5685
2020.09.24 17:30:00|143.72|143.8|143.08|143.51|4568
2020.09.24 18:30:00|143.51|144.62|143.38|144.5|3726
2020.09.24 19:30:00|144.51|144.73|144.07|144.58|3590
2020.09.24 20:30:00|144.58|144.99|144.53|144.71|4060
2020.09.24 21:30:00|144.7|144.8|143.82|143.9|5946
2020.09.24 22:30:00|143.9|144.79|143.87|144.42|4389
2020.09.25 16:30:00|143.82|145.32|143.66|144.65|4795
2020.09.25 17:30:00|144.64|145.17|144.33|144.71|4132
2020.09.25 18:30:00|144.71|145.1|144.41|144.61|2600
2020.09.25 19:30:00|144.62|144.78|144.51|144.62|2301
2020.09.25 20:30:00|144.63|145.27|144.61|145.1|2115
2020.09.25 21:30:00|145.11|145.97|144.76|145.86|3586
2020.09.25 22:30:00|145.88|145.94|145|145.36|3356
2020.09.28 16:30:00|146.78|147.94|146.11|147.56|3622
2020.09.28 17:30:00|147.57|147.72|146.84|147.1|3544
2020.09.28 18:30:00|147.1|147.61|146.99|147.27|2801
2020.09.28 19:30:00|147.27|147.49|147.22|147.3|1589
2020.09.28 20:30:00|147.31|147.97|147.31|147.92|1975
2020.09.28 21:30:00|147.92|148.04|147.28|147.46|2835
2020.09.28 22:30:00|147.45|147.46|146.75|146.87|2772
2020.09.29 16:30:00|146.95|147.67|146.77|147.52|3617
2020.09.29 17:30:00|147.54|147.59|146.55|146.56|3400
2020.09.29 18:30:00|146.55|146.89|146|146.22|2665
2020.09.29 19:30:00|146.21|146.48|145.8|146.15|2080
2020.09.29 20:30:00|146.16|146.68|146.11|146.47|2170
2020.09.29 21:30:00|146.47|146.54|146.06|146.28|2092
2020.09.29 22:30:00|146.28|146.9|146.28|146.75|2600
2020.09.30 16:30:00|147.49|147.92|146.61|146.87|4188
2020.09.30 17:30:00|146.88|148.5|146.59|148.41|3601
2020.09.30 18:30:00|148.42|149.09|147.82|149.04|2374
2020.09.30 19:30:00|149.02|149.04|148.37|148.54|2320
2020.09.30 20:30:00|148.54|149.47|148.29|148.94|3487
2020.09.30 21:30:00|148.94|149.06|147.86|147.99|7766
2020.09.30 22:30:00|148|149.17|147.85|148.73|4573
2020.10.01 16:30:00|148.89|149.35|147.16|147.85|5589
2020.10.01 17:30:00|147.85|148.6|147.66|148.19|5611
2020.10.01 18:30:00|148.2|148.21|147.41|148.09|2653
2020.10.01 19:30:00|148.07|148.16|147.27|147.31|2235
2020.10.01 20:30:00|147.32|147.35|146.27|146.73|5755
2020.10.01 21:30:00|146.73|147.02|146.37|146.43|3236
2020.10.01 22:30:00|146.44|147.1|146.21|147.03|2595
2020.10.02 16:30:00|146.14|146.95|145.72|145.91|4191
2020.10.02 17:30:00|145.91|146.66|145.58|146.43|3440
2020.10.02 18:30:00|146.43|147.14|146.09|146.95|4412
2020.10.02 19:30:00|146.97|148.15|146.97|148.07|3520
2020.10.02 20:30:00|148.08|148.12|147.12|147.48|3359
2020.10.02 21:30:00|147.48|147.83|146.71|146.87|4101
2020.10.02 22:30:00|146.88|147.09|145.91|145.94|2536
2020.10.05 16:30:00|146.7|147.23|146.15|147.23|2642
2020.10.05 17:30:00|147.25|147.34|146.9|147.27|2128
2020.10.05 18:30:00|147.28|147.42|146.94|147.14|1686
2020.10.05 19:30:00|147.15|147.26|146.92|146.98|1440
2020.10.05 20:30:00|146.99|147.18|146.9|147.13|1546
2020.10.05 21:30:00|147.15|147.95|147.11|147.88|2102
2020.10.05 22:30:00|147.86|148.12|147.72|147.89|2075
2020.10.06 16:30:00|147.98|148.15|147.08|147.16|2316
2020.10.06 17:30:00|147.17|147.52|146.76|147.41|2415
2020.10.06 18:30:00|147.4|147.58|147.25|147.43|1694
2020.10.06 19:30:00|147.45|148.05|147.45|147.77|1706
2020.10.06 20:30:00|147.79|147.91|147.53|147.88|1940
2020.10.06 21:30:00|147.88|148.14|145.78|145.81|5472
2020.10.06 22:30:00|145.81|146.4|145.61|145.81|3877
2020.10.07 16:30:00|146.5|146.63|145.56|146.44|3065
2020.10.07 17:30:00|146.44|147.12|146.42|146.94|2004
2020.10.07 18:30:00|146.95|147.06|146.63|146.93|1681
2020.10.07 19:30:00|146.94|147.13|146.65|146.8|1242
2020.10.07 20:30:00|146.81|147.9|146.73|147.85|1800
2020.10.07 21:30:00|147.86|147.88|147.64|147.75|1975
2020.10.07 22:30:00|147.76|147.97|147.52|147.52|2285
2020.10.08 16:30:00|148.08|149.58|147.76|149.15|3408
2020.10.08 17:30:00|149.1|149.23|148.47|148.66|2566
2020.10.08 18:30:00|148.66|148.71|148.33|148.53|2070
2020.10.08 19:30:00|148.52|148.74|148.42|148.71|1176
2020.10.08 20:30:00|148.71|148.91|148.65|148.87|1187
2020.10.08 21:30:00|148.88|148.96|148.68|148.79|2080
2020.10.08 22:30:00|148.79|148.8|148.42|148.59|1899
2020.10.09 16:30:00|149.34|150.27|149.16|150.01|2618
2020.10.09 17:30:00|150.02|150.88|149.94|150.75|1880
2020.10.09 18:30:00|150.75|151.22|150.6|150.83|2345
2020.10.09 19:30:00|150.84|150.96|150.28|150.4|1599
2020.10.09 20:30:00|150.41|150.67|150.27|150.61|1452
2020.10.09 21:30:00|150.62|150.78|150.35|150.71|1910
2020.10.09 22:30:00|150.71|150.74|150.26|150.67|1872
2020.10.12 16:30:00|150.87|152.89|150.87|152.57|3038
2020.10.12 17:30:00|152.56|152.76|152.02|152.38|2105
2020.10.12 18:30:00|152.39|152.7|151.81|152.11|1898
2020.10.12 19:30:00|152.09|152.34|151.65|152.12|1871
2020.10.12 20:30:00|152.13|152.27|151.89|152.03|2269
2020.10.12 21:30:00|152.01|152.42|151.87|152.25|2455
2020.10.12 22:30:00|152.25|152.41|151.58|151.59|2364
2020.10.13 16:30:00|148.15|149.83|147.63|148.68|6069
2020.10.13 17:30:00|148.69|148.76|147.81|148.37|3236
2020.10.13 18:30:00|148.39|149.01|148.25|148.6|2541
2020.10.13 19:30:00|148.61|148.67|147.98|148.05|2818
2020.10.13 20:30:00|148.05|148.11|147.55|147.63|2903
2020.10.13 21:30:00|147.63|148.35|147.51|148.21|3234
2020.10.13 22:30:00|148.22|148.46|147.98|148.05|1672
2020.10.14 16:30:00|148.5|148.74|147.58|147.62|3473
2020.10.14 17:30:00|147.63|148.36|147.4|147.72|2630
2020.10.14 18:30:00|147.73|148.22|147.12|148.07|3488
2020.10.14 19:30:00|148.07|148.33|147.84|147.92|2684
2020.10.14 20:30:00|147.93|148.18|147.87|147.95|1991
2020.10.14 21:30:00|147.95|148.35|147.69|148.13|3095
2020.10.14 22:30:00|148.11|148.26|147.79|147.81|2012
2020.10.15 16:30:00|147.17|147.17|146.07|146.94|3490
2020.10.15 17:30:00|146.95|147.09|146.13|146.68|3006
2020.10.15 18:30:00|146.69|147.13|146.29|147.03|2099
2020.10.15 19:30:00|147.03|147.64|146.87|147.55|2003
2020.10.15 20:30:00|147.54|147.62|146.97|147.02|1447
2020.10.15 21:30:00|147.01|147.37|146.86|147.13|1468
2020.10.15 22:30:00|147.14|147.36|146.83|146.91|1311
2020.10.16 16:30:00|146.95|148.26|146.95|148.24|2553
2020.10.16 17:30:00|148.24|148.47|147.7|148.16|2593
2020.10.16 18:30:00|148.16|148.41|147.8|148.29|1494
2020.10.16 19:30:00|148.29|148.39|148.06|148.17|1534
2020.10.16 20:30:00|148.18|148.4|148.07|148.26|1242
2020.10.16 21:30:00|148.27|148.32|147.64|147.81|2124
2020.10.16 22:30:00|147.79|148.01|147.71|147.89|1648
2020.10.19 16:30:00|148.42|148.63|146.91|147.01|3130
2020.10.19 17:30:00|147.01|147.31|146.06|146.48|3122
2020.10.19 18:30:00|146.51|146.72|145.94|145.95|2664
2020.10.19 19:30:00|145.94|146.24|145.81|145.83|1744
2020.10.19 20:30:00|145.83|145.84|144.59|144.97|2332
2020.10.19 21:30:00|144.96|144.96|144.11|144.48|4198
2020.10.19 22:30:00|144.48|144.69|143.88|144.04|1964
2020.10.20 16:30:00|144.91|145.48|144.17|144.85|2119
2020.10.20 17:30:00|144.85|145.19|144.35|144.41|3073
2020.10.20 18:30:00|144.42|144.82|144.22|144.6|2040
2020.10.20 19:30:00|144.58|145.42|144.47|145.33|2340
2020.10.20 20:30:00|145.34|145.5|144.71|144.73|2325
2020.10.20 21:30:00|144.74|144.9|143.86|144.49|3336
2020.10.20 22:30:00|144.46|144.79|143.99|144.27|2629
2020.10.21 16:30:00|144.45|145.08|144.04|144.42|2344
2020.10.21 17:30:00|144.41|144.77|143.92|144.08|1977
2020.10.21 18:30:00|144.07|144.9|143.98|144.32|2073
2020.10.21 19:30:00|144.33|144.35|143.81|144.02|2445
2020.10.21 20:30:00|144.03|144.36|143.88|144.23|2348
2020.10.21 21:30:00|144.22|144.24|143.81|144.06|2304
2020.10.21 22:30:00|144.04|144.92|143.66|143.66|2629
2020.10.22 16:30:00|143.96|144.44|143.66|144.2|2531
2020.10.22 17:30:00|144.2|145.08|144.14|144.82|2679
2020.10.22 18:30:00|144.83|144.85|144.19|144.36|1697
2020.10.22 19:30:00|144.36|144.71|144.13|144.33|1374
2020.10.22 20:30:00|144.35|145.28|144.32|145.27|1654
2020.10.22 21:30:00|145.28|145.43|144.89|145.1|1597
2020.10.22 22:30:00|145.09|145.23|144.77|144.95|1705
2020.10.23 16:30:00|145.66|147.2|145.46|145.56|2943
2020.10.23 17:30:00|145.56|145.72|144.84|144.86|1959
2020.10.23 18:30:00|144.85|145.06|144.33|144.45|2375
2020.10.23 19:30:00|144.45|144.52|144.08|144.35|1685
2020.10.23 20:30:00|144.33|144.68|144.2|144.67|1437
2020.10.23 21:30:00|144.69|145.28|144.58|145.17|1894
2020.10.23 22:30:00|145.18|145.22|144.84|144.99|1837
2020.10.26 15:30:00|144.24|144.24|142.93|143.23|3318
2020.10.26 16:30:00|143.23|143.23|142.5|142.88|4031
2020.10.26 17:30:00|142.89|143.32|142.65|143.2|3797
2020.10.26 18:30:00|143.2|143.55|142.88|143.01|3567
2020.10.26 19:30:00|143|143.36|142.75|143.33|3697
2020.10.26 20:30:00|143.34|143.39|142.86|143.22|4901
2020.10.26 21:30:00|143.23|143.7|142.75|143.7|3480
2020.10.27 15:30:00|143.52|144.01|142.92|143.09|4186
2020.10.27 16:30:00|143.08|143.49|142.86|143.19|3070
2020.10.27 17:30:00|143.2|143.98|143.02|143.74|2369
2020.10.27 18:30:00|143.73|143.74|143.08|143.58|1972
2020.10.27 19:30:00|143.57|143.76|143.25|143.45|2002
2020.10.27 20:30:00|143.45|143.62|142.95|143.28|3213
2020.10.27 21:30:00|143.27|143.36|142.67|142.85|2577
2020.10.28 15:30:00|140.31|141.36|138.63|138.84|4082
2020.10.28 16:30:00|138.83|139.22|137.94|138.4|4065
2020.10.28 17:30:00|138.4|139.4|138.16|138.99|3419
2020.10.28 18:30:00|138.98|139.06|138.26|138.74|3401
2020.10.28 19:30:00|138.72|138.87|137.95|138.49|3954
2020.10.28 20:30:00|138.49|139.02|138.15|138.9|4243
2020.10.28 21:30:00|138.91|139.34|137.91|138.02|4183
2020.10.29 15:30:00|137.89|137.94|135.78|137.32|5216
2020.10.29 16:30:00|137.36|137.43|136.31|136.32|3823
2020.10.29 17:30:00|136.34|136.83|136.01|136.64|3168
2020.10.29 18:30:00|136.65|137.22|136.55|137.2|2423
2020.10.29 19:30:00|137.21|138.43|137.2|138.12|2954
2020.10.29 20:30:00|138.12|138.37|137.35|137.71|3415
2020.10.29 21:30:00|137.71|137.91|136.87|136.87|2898
2020.10.30 15:30:00|136.5|137.29|135.76|135.88|3957
2020.10.30 16:30:00|135.87|136.08|135.16|135.54|4752
2020.10.30 17:30:00|135.54|136.54|135.11|136.34|3058
2020.10.30 18:30:00|136.33|136.35|135.41|135.53|2543
2020.10.30 19:30:00|135.52|135.83|135.05|135.15|3397
2020.10.30 20:30:00|135.15|135.48|134.57|135.25|4999
2020.10.30 21:30:00|135.26|136.8|135.03|136.73|3511
2020.11.02 16:30:00|138.46|138.71|137.35|138|3724
2020.11.02 17:30:00|138|138.07|137.23|137.95|3122
2020.11.02 18:30:00|137.97|138|137.36|137.6|2869
2020.11.02 19:30:00|137.6|137.85|137.31|137.59|3296
2020.11.02 20:30:00|137.58|137.77|137.25|137.61|3860
2020.11.02 21:30:00|137.61|138.66|137.45|138.41|3325
2020.11.02 22:30:00|138.42|138.75|137.65|138.37|3511
2020.11.03 16:30:00|139.59|140.46|139.26|139.97|3723
2020.11.03 17:30:00|139.96|140.26|139.41|140.14|3150
2020.11.03 18:30:00|140.15|140.69|139.15|139.21|3169
2020.11.03 19:30:00|139.21|139.3|138.48|138.67|3074
2020.11.03 20:30:00|138.68|138.79|138.02|138.16|4308
2020.11.03 21:30:00|138.17|138.5|137.52|137.89|4807
2020.11.03 22:30:00|137.9|138.91|137.89|138.15|4159
2020.11.04 16:30:00|139.76|142.18|139.74|141.27|6759
2020.11.04 17:30:00|141.28|142.27|140.77|141|4845
2020.11.04 18:30:00|141|141.44|140.69|141.13|4208
2020.11.04 19:30:00|141.15|141.51|140.27|140.31|4943
2020.11.04 20:30:00|140.3|140.55|140.01|140.09|5067
2020.11.04 21:30:00|140.09|140.16|138.95|139.06|5955
2020.11.04 22:30:00|139.08|139.4|138.45|139.03|4297
2020.11.05 16:30:00|140.8|141.55|139.05|141.05|5324
2020.11.05 17:30:00|141.05|141.46|140.3|140.42|3385
2020.11.05 18:30:00|140.41|140.82|139|139.06|2754
2020.11.05 19:30:00|139.07|140.28|139.05|140.03|3045
2020.11.05 20:30:00|140.04|140.44|139.9|140.15|2836
2020.11.05 21:30:00|140.16|140.65|139.94|140.17|4646
2020.11.05 22:30:00|140.18|140.21|139.43|139.47|3825
2020.11.06 16:30:00|140|141.99|139.35|141.64|3519
2020.11.06 17:30:00|141.63|142.93|141.32|142.32|3522
2020.11.06 18:30:00|142.33|142.46|141.81|142.05|2374
2020.11.06 19:30:00|142.06|142.48|141.88|142.08|1713
2020.11.06 20:30:00|142.08|142.49|141.99|142.36|2126
2020.11.06 21:30:00|142.37|142.53|141.69|142.25|2705
2020.11.06 22:30:00|142.25|142.71|141.88|141.98|2334
2020.11.09 16:30:00|148.12|148.68|144.67|145.09|7871
2020.11.09 17:30:00|145.09|146.77|144.76|146.04|5047
2020.11.09 18:30:00|146.06|147.03|145.59|146.72|4242
2020.11.09 19:30:00|146.72|147.92|146.59|147.65|3509
2020.11.09 20:30:00|147.67|147.78|147|147.24|3160
2020.11.09 21:30:00|147.24|147.7|147|147.19|4384
2020.11.09 22:30:00|147.21|147.76|145.73|145.75|3982
2020.11.10 16:30:00|146.48|147.42|145.96|146.86|5353
2020.11.10 17:30:00|146.88|147.44|146.68|146.9|4052
2020.11.10 18:30:00|146.89|147.77|146.13|147.59|2776
2020.11.10 19:30:00|147.59|147.65|147.14|147.38|2236
2020.11.10 20:30:00|147.36|148.32|147.32|148.01|3023
2020.11.10 21:30:00|147.99|148.46|147.93|148.27|3890
2020.11.10 22:30:00|148.26|148.44|147.92|148.01|3000
2020.11.11 16:30:00|148.75|148.75|146.61|147.03|2690
2020.11.11 17:30:00|147.04|148.11|147|148.06|2175
2020.11.11 18:30:00|148.06|148.14|147.7|148.04|1542
2020.11.11 19:30:00|148.05|148.26|147.8|147.86|1315
2020.11.11 20:30:00|147.87|147.92|147.27|147.29|1894
2020.11.11 21:30:00|147.3|147.87|146.98|147.55|2428
2020.11.11 22:30:00|147.55|147.87|147.47|147.53|2226
2020.11.12 16:30:00|146.84|147.78|146.48|147.24|3244
2020.11.12 17:30:00|147.24|148.09|147.18|148.04|2174
2020.11.12 18:30:00|148.02|148.39|147.86|147.93|2376
2020.11.12 19:30:00|147.93|148.01|147.2|147.39|2866
2020.11.12 20:30:00|147.38|147.76|147.26|147.44|2839
2020.11.12 21:30:00|147.43|147.65|146.8|146.82|3798
2020.11.12 22:30:00|146.83|148.16|146.73|148.04|2812
2020.11.13 16:30:00|148.83|149.21|148.16|148.91|2351
2020.11.13 17:30:00|148.92|149.88|148.88|149.52|2009
2020.11.13 18:30:00|149.51|149.64|149.18|149.33|1511
2020.11.13 19:30:00|149.33|149.73|149.09|149.67|1652
2020.11.13 20:30:00|149.65|149.72|149.03|149.71|2273
2020.11.13 21:30:00|149.72|149.77|149.36|149.69|2379
2020.11.13 22:30:00|149.67|150.15|149.62|149.66|2379
2020.11.16 16:30:00|150.77|150.83|149.86|150.8|4042
2020.11.16 17:30:00|150.8|151.03|150.33|150.82|2637
2020.11.16 18:30:00|150.82|150.82|149.95|149.98|1859
2020.11.16 19:30:00|150|150.12|149.8|149.84|1811
2020.11.16 20:30:00|149.84|150.07|149.55|149.88|1920
2020.11.16 21:30:00|149.88|150.12|149.57|149.76|2359
2020.11.16 22:30:00|149.77|150.72|149.75|150.67|2310
2020.11.17 16:30:00|149.53|150.05|148.87|149.72|3773
2020.11.17 17:30:00|149.73|150.16|149.05|150.12|3041
2020.11.17 18:30:00|150.11|150.37|149.77|150.31|3291
2020.11.17 19:30:00|150.31|150.31|149.58|149.68|2155
2020.11.17 20:30:00|149.67|149.87|149.47|149.67|2151
2020.11.17 21:30:00|149.68|149.95|149.48|149.52|2413
2020.11.17 22:30:00|149.5|149.62|149.03|149.1|2441
2020.11.18 16:30:00|148.97|149.06|148.1|148.95|2983
2020.11.18 17:30:00|148.96|149.5|148.68|148.68|1905
2020.11.18 18:30:00|148.7|148.86|148.34|148.72|1634
2020.11.18 19:30:00|148.7|148.81|148.23|148.29|1167
2020.11.18 20:30:00|148.29|148.47|147.89|147.93|2040
2020.11.18 21:30:00|147.94|148.34|147.84|148.04|2720
2020.11.18 22:30:00|148.02|148.11|147.12|147.12|2946
2020.11.19 16:30:00|147.14|147.14|145.49|145.57|5601
2020.11.19 17:30:00|145.55|146.37|145.33|146.08|3076
2020.11.19 18:30:00|146.06|146.09|145.43|145.89|2810
2020.11.19 19:30:00|145.91|146.2|145.73|146.1|2301
2020.11.19 20:30:00|146.11|146.54|145.97|146.31|1840
2020.11.19 21:30:00|146.31|146.99|146.29|146.67|3408
2020.11.19 22:30:00|146.66|147.05|146.6|146.82|2659
2020.11.20 16:30:00|146.93|147.65|146.11|146.53|4260
2020.11.20 17:30:00|146.52|147.01|146.12|146.86|3076
2020.11.20 18:30:00|146.87|147.07|146.34|146.44|2428
2020.11.20 19:30:00|146.43|146.79|146.21|146.62|1990
2020.11.20 20:30:00|146.61|146.71|146.43|146.46|1750
2020.11.20 21:30:00|146.46|146.66|145.87|146.05|3069
2020.11.20 22:30:00|146.06|146.62|145.96|146.12|3726
2020.11.23 16:30:00|145.59|145.65|144.41|144.46|4151
2020.11.23 17:30:00|144.45|144.69|143.65|143.85|3722
2020.11.23 18:30:00|143.85|143.88|143.36|143.63|3479
2020.11.23 19:30:00|143.64|143.73|143.31|143.32|1583
2020.11.23 20:30:00|143.33|143.34|142.88|142.92|1971
2020.11.23 21:30:00|142.92|143.71|142.79|143.49|2580
2020.11.23 22:30:00|143.5|143.76|143.36|143.6|2298
2020.11.24 16:30:00|143.86|144.5|143.35|143.7|4000
2020.11.24 17:30:00|143.71|144.14|143.41|143.98|2674
2020.11.24 18:30:00|143.98|144.35|143.62|143.69|2778
2020.11.24 19:30:00|143.7|143.83|143.42|143.46|1622
2020.11.24 20:30:00|143.47|143.93|143.41|143.5|2571
2020.11.24 21:30:00|143.49|143.82|143.35|143.63|2951
2020.11.24 22:30:00|143.63|143.73|143.38|143.6|2754
2020.11.25 16:30:00|143.57|143.79|142.79|142.83|3881
2020.11.25 17:30:00|142.84|143.24|142.62|142.84|2215
2020.11.25 18:30:00|142.83|143.04|142.61|142.84|1767
2020.11.25 19:30:00|142.85|143.36|142.81|143.06|1491
2020.11.25 20:30:00|143.03|143.19|142.91|142.97|1734
2020.11.25 21:30:00|142.98|143.4|142.75|143.33|2569
2020.11.25 22:30:00|143.34|143.6|143.2|143.43|2020
2020.11.27 16:30:00|143.75|144.35|142.97|143.84|2378
2020.11.27 17:30:00|143.81|144|143.45|143.83|1437
2020.11.27 18:30:00|143.85|143.89|143.31|143.36|1886
2020.11.27 19:30:00|143.37|143.99|143.3|143.91|917
2020.11.30 16:30:00|143.9|144.13|142.8|143.55|4404
2020.11.30 17:30:00|143.53|143.9|143.06|143.28|3853
2020.11.30 18:30:00|143.27|143.66|143.14|143.15|2131
2020.11.30 19:30:00|143.16|143.48|143.13|143.4|1690
2020.11.30 20:30:00|143.4|143.43|143.02|143.3|1855
2020.11.30 21:30:00|143.29|143.76|143.09|143.65|3740
2020.11.30 22:30:00|143.65|144.58|143.58|144.49|3816
2020.12.01 16:30:00|145.88|148.86|145.57|148.72|5602
2020.12.01 17:30:00|148.72|148.78|147.69|148.01|4397
2020.12.01 18:30:00|148.01|148.58|147.19|147.33|3199
2020.12.01 19:30:00|147.33|147.49|147.1|147.49|1778
2020.12.01 20:30:00|147.5|147.9|147.22|147.63|2279
2020.12.01 21:30:00|147.63|148.04|147.19|147.36|3539
2020.12.01 22:30:00|147.36|147.63|147.2|147.2|1710
2020.12.02 16:30:00|147.53|149.45|147.49|148.52|4922
2020.12.02 17:30:00|148.52|148.52|147.69|147.89|3804
2020.12.02 18:30:00|147.91|148.12|147.78|147.94|2833
2020.12.02 19:30:00|147.93|148.18|147.91|147.99|1695
2020.12.02 20:30:00|148|148.12|147.91|148.03|1895
2020.12.02 21:30:00|148.03|148.21|147.93|147.96|2373
2020.12.02 22:30:00|147.95|148.06|147.63|147.89|2137
2020.12.03 16:30:00|147.74|148.25|147.4|147.97|4693
2020.12.03 17:30:00|147.98|148.47|147.95|148.21|3576
2020.12.03 18:30:00|148.21|148.37|147.57|147.76|2482
2020.12.03 19:30:00|147.76|148.02|147.72|147.76|1950
2020.12.03 20:30:00|147.75|148.65|147.75|148.59|2355
2020.12.03 21:30:00|148.58|149.32|148.45|149.21|3457
2020.12.03 22:30:00|149.21|149.27|148.15|148.69|4971
2020.12.04 16:30:00|149.31|150.01|149.27|149.39|4468
2020.12.04 17:30:00|149.4|149.88|149.29|149.7|3160
2020.12.04 18:30:00|149.71|149.87|149.63|149.83|1665
2020.12.04 19:30:00|149.84|149.89|149.65|149.73|1986
2020.12.04 20:30:00|149.74|149.97|149.62|149.76|1483
2020.12.04 21:30:00|149.75|149.83|149.46|149.67|2787
2020.12.04 22:30:00|149.67|150.02|149.65|149.97|2411
2020.12.07 16:30:00|149.64|149.64|148.63|148.94|3680
2020.12.07 17:30:00|148.95|149.35|148.72|148.72|2686
2020.12.07 18:30:00|148.72|149.39|148.58|149.19|2153
2020.12.07 19:30:00|149.18|149.65|148.87|148.92|2267
2020.12.07 20:30:00|148.93|148.97|148.61|148.8|2220
2020.12.07 21:30:00|148.79|149|148.53|148.65|2280
2020.12.07 22:30:00|148.64|148.88|148.25|148.66|2865
2020.12.08 16:30:00|149.79|151.88|149.28|151.13|5118
2020.12.08 17:30:00|151.11|151.47|150.8|151.34|3298
2020.12.08 18:30:00|151.35|151.68|150.87|151.6|2811
2020.12.08 19:30:00|151.6|151.88|151.36|151.42|2862
2020.12.08 20:30:00|151.43|151.52|151.06|151.35|2713
2020.12.08 21:30:00|151.36|151.38|151|151.35|2803
2020.12.08 22:30:00|151.35|151.59|151.16|151.29|2570
2020.12.09 16:30:00|152.54|153.13|151.55|152.02|4593
2020.12.09 17:30:00|152.03|152.3|151.5|151.81|3674
2020.12.09 18:30:00|151.82|152.16|151.63|152.04|3623
2020.12.09 19:30:00|152.06|152.38|151.68|152.03|3674
2020.12.09 20:30:00|152.03|152.37|151.79|152.34|4181
2020.12.09 21:30:00|152.33|152.89|152.01|152.83|3957
2020.12.09 22:30:00|152.83|153.24|152.83|152.85|2781
2020.12.10 16:30:00|152.57|152.57|151.56|151.8|7147
2020.12.10 17:30:00|151.8|152.08|151.61|152.03|4244
2020.12.10 18:30:00|152.03|152.29|151.68|151.79|3061
2020.12.10 19:30:00|151.79|151.95|151.71|151.75|3518
2020.12.10 20:30:00|151.75|151.76|151.44|151.5|3148
2020.12.10 21:30:00|151.49|152.54|151.44|152.54|4316
2020.12.10 22:30:00|152.55|152.71|151.97|152.01|2344
2020.12.11 16:30:00|151.67|152.16|150.96|152|3952
2020.12.11 17:30:00|152|152.83|151.95|152.71|2941
2020.12.11 18:30:00|152.7|152.91|152.05|152.27|2537
2020.12.11 19:30:00|152.27|152.94|152.21|152.52|1855
2020.12.11 20:30:00|152.52|153.13|152.47|152.89|2585
2020.12.11 21:30:00|152.88|153.15|152.78|152.97|3184
2020.12.11 22:30:00|152.97|153.07|152.59|152.65|1944
2020.12.14 16:30:00|152.57|153.2|152.34|152.85|3588
2020.12.14 17:30:00|152.87|152.88|151.39|151.67|3037
2020.12.14 18:30:00|151.65|151.69|150.88|151.1|2921
2020.12.14 19:30:00|151.1|151.43|150.87|150.87|2389
2020.12.14 20:30:00|150.88|150.9|150.3|150.6|2548
2020.12.14 21:30:00|150.58|150.61|149.98|150.18|2411
2020.12.14 22:30:00|150.18|150.18|148.77|148.77|2260
2020.12.15 16:30:00|149.34|150.45|149.28|149.9|3041
2020.12.15 17:30:00|149.89|150.07|149.55|149.65|2262
2020.12.15 18:30:00|149.65|150.18|149.64|149.89|1663
2020.12.15 19:30:00|149.91|150.47|149.85|150.16|2174
2020.12.15 20:30:00|150.17|150.4|149.81|150.18|1628
2020.12.15 21:30:00|150.19|150.38|149.85|149.85|1377
2020.12.15 22:30:00|149.85|150.31|149.84|150.3|1285
2020.12.16 16:30:00|150.12|150.66|149.32|150.52|3938
2020.12.16 17:30:00|150.51|150.6|149.92|150.16|2000
2020.12.16 18:30:00|150.16|150.21|149.69|149.74|960
2020.12.16 19:30:00|149.69|150.02|149.63|150|960
2020.12.16 20:30:00|150.01|150.04|149.7|149.82|1270
2020.12.16 21:30:00|149.83|150.35|149.76|150.04|1670
2020.12.16 22:30:00|150.03|150.13|149.3|149.34|1417
2020.12.17 16:30:00|149.78|151.5|149.73|151.38|3162
2020.12.17 17:30:00|151.36|152.49|151.35|152.05|2522
2020.12.17 18:30:00|152.06|152.41|151.89|152.22|2005
2020.12.17 19:30:00|152.23|152.66|152.01|152.55|1649
2020.12.17 20:30:00|152.54|153.33|152.51|153.19|1566
2020.12.17 21:30:00|153.2|153.6|153.19|153.55|1736
2020.12.17 22:30:00|153.54|153.63|153.22|153.42|1619
2020.12.18 16:30:00|153.3|153.31|151.42|151.67|4237
2020.12.18 17:30:00|151.67|152.56|151.6|152.2|3219
2020.12.18 18:30:00|152.22|152.72|152.16|152.68|2146
2020.12.18 19:30:00|152.67|152.76|152.28|152.56|1473
2020.12.18 20:30:00|152.56|152.61|152.14|152.33|2240
2020.12.18 21:30:00|152.32|153|152.25|152.77|2836
2020.12.18 22:30:00|152.78|154.83|152.78|154.14|3674
2020.12.21 16:30:00|151.81|152.01|149.78|150.38|8623
2020.12.21 17:30:00|150.38|151.47|150.11|151.28|7631
2020.12.21 18:30:00|151.3|152.37|151.05|152.31|4152
2020.12.21 19:30:00|152.29|152.77|152.1|152.61|5576
2020.12.21 20:30:00|152.61|153.15|152.58|152.85|4754
2020.12.21 21:30:00|152.86|153.07|152.52|152.77|5158
2020.12.21 22:30:00|152.77|152.87|152|152.71|3939
2020.12.22 16:30:00|152.46|152.71|151.6|152.5|2685
2020.12.22 17:30:00|152.51|153.36|152.42|153.35|1947
2020.12.22 18:30:00|153.36|153.64|152.81|152.94|2193
2020.12.22 19:30:00|152.94|153.16|152.82|153.08|1537
2020.12.22 20:30:00|153.09|153.3|152.4|152.58|1361
2020.12.22 21:30:00|152.58|152.68|151.93|152.13|2068
2020.12.22 22:30:00|152.14|152.55|151.94|152.47|1732
2020.12.23 16:30:00|152.73|153.35|152.17|152.47|3384
2020.12.23 17:30:00|152.46|152.65|151.81|151.93|1919
2020.12.23 18:30:00|151.9|152.23|151.65|152.08|1423
2020.12.23 19:30:00|152.09|152.47|152.07|152.23|1308
2020.12.23 20:30:00|152.24|152.35|152.1|152.12|1213
2020.12.23 21:30:00|152.12|152.42|152.12|152.27|1485
2020.12.23 22:30:00|152.27|152.32|151.69|151.69|2111
2020.12.24 16:30:00|151.82|152.77|151.71|152.69|3169
2020.12.24 17:30:00|152.69|152.69|151.93|152.33|1565
2020.12.24 18:30:00|152.33|152.33|151.77|152.28|1372
2020.12.24 19:30:00|152.28|152.45|152.15|152.25|1453
2020.12.28 16:30:00|153.08|153.61|152.04|153.12|4525
2020.12.28 17:30:00|153.13|153.19|152.71|152.85|2043
2020.12.28 18:30:00|152.84|153.03|152.52|152.61|1669
2020.12.28 19:30:00|152.62|152.78|152.51|152.72|1352
2020.12.28 20:30:00|152.73|152.91|152.63|152.8|1347
2020.12.28 21:30:00|152.8|152.94|152.68|152.77|1382
2020.12.28 22:30:00|152.76|153.03|152.71|152.95|1519
2020.12.29 16:30:00|153.72|154.65|153.58|154.52|4694
2020.12.29 17:30:00|154.53|154.54|153.52|154.47|3162
2020.12.29 18:30:00|154.47|154.59|153.97|153.98|1904
2020.12.29 19:30:00|153.97|154.12|153.59|154.11|3425
2020.12.29 20:30:00|154.09|154.13|153.86|153.93|2499
2020.12.29 21:30:00|153.93|154.18|153.79|154.12|2413
2020.12.29 22:30:00|154.11|154.34|153.84|153.84|1704
2020.12.30 16:30:00|154.42|155.24|154.41|155.07|3819
2020.12.30 17:30:00|155.07|155.67|155|155.57|2351
2020.12.30 18:30:00|155.58|155.88|155.43|155.8|2058
2020.12.30 19:30:00|155.8|156.06|155.65|155.86|1939
2020.12.30 20:30:00|155.87|155.98|155.61|155.83|2187
2020.12.30 21:30:00|155.84|156.05|155.68|155.91|1998
2020.12.30 22:30:00|155.91|156.11|155.72|155.81|2066
2020.12.31 16:30:00|155.92|156.28|155.56|155.69|2755
2020.12.31 17:30:00|155.68|155.72|154.85|155.18|1895
2020.12.31 18:30:00|155.18|155.77|155.16|155.68|1501
2020.12.31 19:30:00|155.68|155.89|155.63|155.79|959
2020.12.31 20:30:00|155.81|156.01|155.77|155.98|517
2021.01.04 16:30:00|156.88|156.88|155.37|155.54|5286
2021.01.04 17:30:00|155.53|155.94|155|155.52|5926
2021.01.04 18:30:00|155.52|155.52|154.04|154.82|6091
2021.01.04 19:30:00|154.82|154.84|153.88|154.67|3736
2021.01.04 20:30:00|154.65|155|154.4|154.97|3049
2021.01.04 21:30:00|154.95|155.68|154.54|155.64|5264
2021.01.04 22:30:00|155.64|156.7|155.61|156.19|3366
2021.01.05 16:30:00|156.48|156.75|155.17|155.59|3920
2021.01.05 17:30:00|155.57|155.61|154.8|155.34|3672
2021.01.05 18:30:00|155.33|156.46|155.32|156.43|2427
2021.01.05 19:30:00|156.44|157.49|156.44|157.44|2210
2021.01.05 20:30:00|157.46|158.43|157.28|158.22|2805
2021.01.05 21:30:00|158.23|158.39|157.65|158|3213
2021.01.05 22:30:00|157.99|158.4|157.75|158.05|1494
2021.01.06 16:30:00|157.27|159.59|156.86|158.71|3262
2021.01.06 17:30:00|158.67|159.42|158.53|159.14|2310
2021.01.06 18:30:00|159.14|159.15|158.61|158.71|2083
2021.01.06 19:30:00|158.71|159.7|158.7|159.7|2389
2021.01.06 20:30:00|159.7|159.98|158.91|159.04|3202
2021.01.06 21:30:00|159.04|159.78|158.97|159.58|6567
2021.01.06 22:30:00|159.59|159.86|159.01|159.56|4130
2021.01.07 16:30:00|158.84|160.45|158.05|160.04|2659
2021.01.07 17:30:00|160.05|160.63|159.35|159.61|1540
2021.01.07 18:30:00|159.63|159.96|159.46|159.84|910
2021.01.07 19:30:00|159.85|160.21|159.62|159.86|1545
2021.01.07 20:30:00|159.86|160.19|159.85|160.05|1773
2021.01.07 21:30:00|160.06|160.42|159.9|160.39|1998
2021.01.07 22:30:00|160.4|160.78|160.06|160.23|1590
2021.01.08 16:30:00|160.51|160.83|160.12|160.12|2933
2021.01.08 17:30:00|160.12|160.18|159.63|159.94|2721
2021.01.08 18:30:00|159.94|160.07|159.74|159.78|2471
2021.01.08 19:30:00|159.78|159.86|159.62|159.8|1572
2021.01.08 20:30:00|159.79|159.9|159.67|159.77|3036
2021.01.08 21:30:00|159.77|160.13|159.7|159.8|3479
2021.01.08 22:30:00|159.82|160.14|159.75|159.78|2062
2021.01.11 16:30:00|160.62|160.88|159.52|160.63|3689
2021.01.11 17:30:00|160.62|161.03|160.48|160.95|1982
2021.01.11 18:30:00|160.95|161.06|160.2|160.33|1788
2021.01.11 19:30:00|160.35|160.5|160.22|160.25|1448
2021.01.11 20:30:00|160.25|160.26|159.14|159.31|2316
2021.01.11 21:30:00|159.31|159.79|159.2|159.27|2790
2021.01.11 22:30:00|159.28|159.38|158.55|158.98|2806
2021.01.12 16:30:00|158.98|158.98|157.8|158.03|3141
2021.01.12 17:30:00|158.06|158.65|157.56|157.84|2853
2021.01.12 18:30:00|157.85|157.93|157.13|157.33|2615
2021.01.12 19:30:00|157.32|157.7|157.08|157.68|2163
2021.01.12 20:30:00|157.68|158.57|157.64|158.25|2338
2021.01.12 21:30:00|158.26|158.41|157.77|158.3|2599
2021.01.12 22:30:00|158.29|158.63|157.91|157.91|2088
2021.01.13 16:30:00|157.73|158.05|156.5|156.71|3043
2021.01.13 17:30:00|156.71|157.45|156.69|157.18|2047
2021.01.13 18:30:00|157.19|157.67|157.15|157.56|1802
2021.01.13 19:30:00|157.56|157.92|157.26|157.62|1704
2021.01.13 20:30:00|157.62|158.19|157.5|157.88|2106
2021.01.13 21:30:00|157.88|158.02|157.58|157.73|1748
2021.01.13 22:30:00|157.73|157.84|157.55|157.66|1238
2021.01.14 16:30:00|160.12|161.34|159.35|160.22|4344
2021.01.14 17:30:00|160.23|160.96|159.76|160.52|2917
2021.01.14 18:30:00|160.52|161.12|160.26|160.99|2217
2021.01.14 19:30:00|160.96|161.7|160.89|161.11|2397
2021.01.14 20:30:00|161.1|161.16|160.67|160.71|2058
2021.01.14 21:30:00|160.7|160.8|160.23|160.8|2654
2021.01.14 22:30:00|160.8|160.9|160.29|160.33|2656
2021.01.15 16:30:00|160.5|160.55|158.85|158.98|4082
2021.01.15 17:30:00|159|160.84|158.91|160.76|3045
2021.01.15 18:30:00|160.77|161.07|160.47|161.01|2546
2021.01.15 19:30:00|161.01|161.14|160.7|160.75|2295
2021.01.15 20:30:00|160.76|160.8|160.25|160.49|2126
2021.01.15 21:30:00|160.5|160.71|160.2|160.49|2742
2021.01.15 22:30:00|160.5|160.5|159.82|160.01|2689
2021.01.19 16:30:00|161.76|162.39|160.85|162.39|3721
2021.01.19 17:30:00|162.39|162.39|161.51|161.73|2625
2021.01.19 18:30:00|161.74|162.27|161.55|162.03|1971
2021.01.19 19:30:00|162.03|162.4|161.83|162.24|1619
2021.01.19 20:30:00|162.24|162.68|162|162.35|1763
2021.01.19 21:30:00|162.34|162.38|161.7|162.01|1932
2021.01.19 22:30:00|162.03|162.78|161.99|162.51|1732
2021.01.20 16:30:00|162.67|163.82|161.53|162.63|2886
2021.01.20 17:30:00|162.64|163.17|161.95|161.96|2327
2021.01.20 18:30:00|161.99|162.87|161.92|162.58|1556
2021.01.20 19:30:00|162.59|163.3|162.59|163.05|1295
2021.01.20 20:30:00|163.02|163.04|162.55|162.62|1237
2021.01.20 21:30:00|162.62|162.83|162.03|162.2|1834
2021.01.20 22:30:00|162.21|162.41|162.03|162.08|1685
2021.01.21 16:30:00|161.82|161.96|159.85|159.85|1579
2021.01.21 18:30:00|160.65|161.11|160.56|160.66|902
2021.01.21 19:30:00|160.65|161.22|160.35|161.2|1569
2021.01.21 20:30:00|161.21|161.63|160.78|161.01|1841
2021.01.21 21:30:00|161.04|162.04|161.03|161.38|1344
2021.01.21 22:30:00|161.4|162.02|161.3|161.48|1256
2021.01.22 16:30:00|161.76|163.28|161.6|162.6|3602
2021.01.22 17:30:00|162.62|163.67|162.62|163.42|2120
2021.01.22 18:30:00|163.43|164.66|163.37|164.64|2303
2021.01.22 19:30:00|164.65|164.88|164.11|164.32|1982
2021.01.22 20:30:00|164.32|164.53|163.76|163.77|1827
2021.01.22 21:30:00|163.77|164.02|163.52|163.72|1911
2021.01.22 22:30:00|163.72|163.89|163.3|163.3|1825
2021.01.25 16:30:00|164.92|165.14|163.4|164.2|4561
2021.01.25 17:30:00|164.21|164.93|164.1|164.79|4259
2021.01.25 18:30:00|164.79|165.81|164.25|164.28|3461
2021.01.25 19:30:00|164.29|165.49|164.23|165.27|3662
2021.01.25 20:30:00|165.27|165.47|164.91|165.43|2391
2021.01.25 21:30:00|165.42|165.64|164.94|165.12|2422
2021.01.25 22:30:00|165.12|165.77|164.7|165.69|1896
2021.01.26 16:30:00|169.82|173.32|169.14|170.15|5756
2021.01.26 17:30:00|170.19|170.97|169.61|170.58|2693
2021.01.26 18:30:00|170.57|171.06|169.36|170.91|2671
2021.01.26 19:30:00|170.91|171.05|169.5|169.67|2340
2021.01.26 20:30:00|169.68|170.68|169.67|170.09|1822
2021.01.26 21:30:00|170.09|170.26|169.6|170.11|2136
2021.01.26 22:30:00|170.1|170.3|169.6|170.17|1622
2021.01.27 16:30:00|168.18|170.54|167.96|170.1|6334
2021.01.27 17:30:00|170.1|170.64|168.98|169.15|4478
2021.01.27 18:30:00|169.16|169.39|168.36|168.73|3275
2021.01.27 19:30:00|168.73|168.92|168.1|168.23|2384
2021.01.27 20:30:00|168.23|168.53|167.93|168.26|3598
2021.01.27 21:30:00|168.25|168.52|167.27|167.5|5398
2021.01.27 22:30:00|167.51|167.86|167.2|167.51|4182
2021.01.28 16:30:00|168.18|169.7|167.91|168.65|3671
2021.01.28 17:30:00|168.68|169.23|168.41|169.08|2564
2021.01.28 18:30:00|169.1|169.81|168.79|169.73|2245
2021.01.28 19:30:00|169.76|170.57|169.72|170.21|2238
2021.01.28 20:30:00|170.22|170.57|169.77|169.86|2375
2021.01.28 21:30:00|169.9|170.14|169.45|169.6|2970
2021.01.28 22:30:00|169.61|169.63|168.66|168.71|3016
2021.01.29 16:30:00|164.82|165.6|161.77|164.16|7118
2021.01.29 17:30:00|164.18|165.39|162.65|162.77|4213
2021.01.29 18:30:00|162.75|162.77|161.77|161.81|3552
2021.01.29 19:30:00|161.78|161.87|160.34|161.82|4260
2021.01.29 20:30:00|161.84|162.93|161.59|162.55|3161
2021.01.29 21:30:00|162.53|163.9|162.23|162.94|3741
2021.01.29 22:30:00|162.94|163.79|162.59|162.6|3755
2021.02.01 16:30:00|164.37|164.79|162.8|162.97|4791
2021.02.01 17:30:00|162.94|163.52|162.93|163.16|2505
2021.02.01 18:30:00|163.17|163.96|163.13|163.61|1968
2021.02.01 19:30:00|163.64|163.84|163.31|163.44|1648
2021.02.01 20:30:00|163.44|163.56|163|163.36|1689
2021.02.01 21:30:00|163.35|163.71|163.1|163.31|1190
2021.02.01 22:30:00|163.31|163.32|162.35|162.35|1540
2021.02.02 16:30:00|162.85|163.3|162.18|162.46|4307
2021.02.02 17:30:00|162.46|162.89|161.86|162.39|2656
2021.02.02 18:30:00|162.4|162.79|162.18|162.19|2014
2021.02.02 19:30:00|162.2|162.39|162.14|162.21|1450
2021.02.02 20:30:00|162.22|162.4|161.98|162.35|1535
2021.02.02 21:30:00|162.36|162.48|162.04|162.38|1553
2021.02.02 22:30:00|162.38|162.48|160.93|160.93|2175
2021.02.03 16:30:00|160.92|161.03|159.76|159.8|4703
2021.02.03 17:30:00|159.83|159.99|159.32|159.63|2916
2021.02.03 18:30:00|159.64|160.19|159.53|159.65|2084
2021.02.03 19:30:00|159.65|160.16|159.43|160.03|2025
2021.02.03 20:30:00|160.01|160.77|159.94|160.62|1939
2021.02.03 21:30:00|160.62|160.92|160.39|160.75|2242
2021.02.03 22:30:00|160.73|160.83|160.22|160.22|2271
2021.02.04 16:30:00|160.3|161.32|159.52|160.64|3252
2021.02.04 17:30:00|160.66|161.37|160.41|161|2291
2021.02.04 18:30:00|161|161.23|160.85|161.12|1510
2021.02.04 19:30:00|161.1|161.76|160.86|161.54|1309
2021.02.04 20:30:00|161.55|161.83|161.35|161.45|1217
2021.02.04 21:30:00|161.46|161.63|161.02|161.33|1338
2021.02.04 22:30:00|161.33|161.73|160.82|161.62|1387
2021.02.05 16:30:00|164.5|164.9|163.58|164.12|4344
2021.02.05 17:30:00|164.14|164.76|163.87|164.05|2512
2021.02.05 18:30:00|164.08|164.49|163.91|164.1|1690
2021.02.05 19:30:00|164.08|164.34|164.01|164.05|1434
2021.02.05 20:30:00|164.05|164.26|163.63|164.05|1476
2021.02.05 21:30:00|164.03|164.47|163.89|164.28|1630
2021.02.05 22:30:00|164.28|164.59|164.07|164.16|1632
2021.02.08 16:30:00|164.99|165|163.62|164.14|4807
2021.02.08 17:30:00|164.16|164.54|163.91|164.37|2739
2021.02.08 18:30:00|164.37|164.54|164.03|164.26|1980
2021.02.08 19:30:00|164.26|164.4|164.13|164.29|1493
2021.02.08 20:30:00|164.3|164.69|164.2|164.21|1299
2021.02.08 21:30:00|164.2|164.32|164.07|164.3|1216
2021.02.08 22:30:00|164.31|164.67|164.13|164.58|1327
2021.02.09 16:30:00|165.09|165.96|164.71|165.89|3296
2021.02.09 17:30:00|165.89|166.32|165.59|165.97|2402
2021.02.09 18:30:00|165.97|165.97|165.35|165.85|1855
2021.02.09 19:30:00|165.85|166.19|165.75|165.91|1715
2021.02.09 20:30:00|165.91|166.07|165.76|165.99|1189
2021.02.09 21:30:00|165.99|166.31|165.9|165.98|1674
2021.02.09 22:30:00|165.98|166.15|165.75|165.95|1459
2021.02.10 16:30:00|166.76|167.35|166.06|166.12|3640
2021.02.10 17:30:00|166.13|166.42|165.44|166|3845
2021.02.10 18:30:00|166.01|166.17|165.73|165.93|2292
2021.02.10 19:30:00|165.94|166.06|165.78|166.01|1528
2021.02.10 20:30:00|165.99|166.19|165.86|166.15|1828
2021.02.10 21:30:00|166.16|166.65|166.12|166.48|1841
2021.02.10 22:30:00|166.49|166.62|166.26|166.52|1799
2021.02.11 16:30:00|167.01|167.08|165.97|166.49|3552
2021.02.11 17:30:00|166.49|166.74|165.94|166.01|1723
2021.02.11 18:30:00|166.01|166.47|165.84|165.94|1715
2021.02.11 19:30:00|165.97|166.03|165.51|165.96|1836
2021.02.11 20:30:00|165.96|165.96|165.35|165.73|1365
2021.02.11 21:30:00|165.73|166.27|165.67|166.04|1495
2021.02.11 22:30:00|166.06|166.5|165.73|165.76|2119
2021.02.12 16:30:00|164.26|166.06|164.26|165.33|3294
2021.02.12 17:30:00|165.35|166.41|165.1|166.16|1826
2021.02.12 18:30:00|166.19|166.41|165.93|165.93|1300
2021.02.12 19:30:00|165.93|166.15|165.68|165.96|1288
2021.02.12 20:30:00|165.98|166.08|165.57|165.71|1259
2021.02.12 21:30:00|165.71|166.15|165.54|165.96|1225
2021.02.12 22:30:00|165.96|166.58|165.9|166.33|1876
2021.02.16 16:30:00|166.23|166.33|164.8|165.44|3597
2021.02.16 17:30:00|165.44|165.54|164.88|164.95|2460
2021.02.16 18:30:00|164.94|164.98|164.37|164.94|2299
2021.02.16 19:30:00|164.94|165.1|164.66|164.95|1419
2021.02.16 20:30:00|164.96|165.1|164.77|165.09|1044
2021.02.16 21:30:00|165.07|165.09|164.66|164.77|1414
2021.02.16 22:30:00|164.78|165.09|164.65|164.82|1335
2021.02.17 16:30:00|164.84|165.2|164.1|165.09|4107
2021.02.17 17:30:00|165.09|165.61|164.92|165.46|3446
2021.02.17 18:30:00|165.47|165.82|165.23|165.27|2644
2021.02.17 19:30:00|165.27|165.33|164.92|165.02|1441
2021.02.17 20:30:00|165.02|165.24|164.87|164.88|1814
2021.02.17 21:30:00|164.89|165.36|164.69|165.34|1767
2021.02.17 22:30:00|165.34|165.6|165.22|165.37|1384
2021.02.18 16:30:00|165.18|165.4|164.05|165.37|4555
2021.02.18 17:30:00|165.36|165.9|164.94|165.01|2321
2021.02.18 18:30:00|165.02|165.34|164.85|165.27|1798
2021.02.18 19:30:00|165.26|165.6|165.08|165.56|1428
2021.02.18 20:30:00|165.56|165.68|165.3|165.53|1706
2021.02.18 21:30:00|165.53|165.68|165.35|165.6|1532
2021.02.18 22:30:00|165.6|165.69|165.43|165.48|1443
2021.02.19 16:30:00|165.29|165.29|163.8|164.24|4078
2021.02.19 17:30:00|164.24|164.3|163.77|164.19|1907
2021.02.19 18:30:00|164.17|164.52|163.88|164.14|1853
2021.02.19 19:30:00|164.14|164.15|163.47|163.56|1705
2021.02.19 20:30:00|163.55|163.73|163.45|163.5|1359
2021.02.19 21:30:00|163.51|163.62|163.32|163.55|1129
2021.02.19 22:30:00|163.55|163.62|162.65|162.71|1375
2021.02.22 16:30:00|160.84|160.98|160.03|160.45|3967
2021.02.22 17:30:00|160.44|160.99|160.36|160.82|2758
2021.02.22 18:30:00|160.83|160.87|160.39|160.65|1728
2021.02.22 19:30:00|160.64|161.21|160.58|161.17|1601
2021.02.22 20:30:00|161.16|161.72|161.11|161.7|1491
2021.02.22 21:30:00|161.66|161.92|161.56|161.92|1692
2021.02.22 22:30:00|161.92|162.28|161.5|161.53|2022
2021.02.23 16:30:00|160.73|162.89|160.15|160.46|6911
2021.02.23 17:30:00|160.47|161.2|160.22|160.68|3553
2021.02.23 18:30:00|160.69|161.04|160.25|160.39|2574
2021.02.23 19:30:00|160.41|160.87|160.41|160.72|2724
2021.02.23 20:30:00|160.75|161.17|160.45|160.46|2009
2021.02.23 21:30:00|160.47|161.05|160.33|160.9|2541
2021.02.23 22:30:00|160.91|160.93|160.19|160.19|2033
2021.02.24 16:30:00|161.01|161.98|160.67|161.54|5295
2021.02.24 17:30:00|161.55|162.4|161.41|162.15|3299
2021.02.24 18:30:00|162.16|162.76|162.01|162.65|2211
2021.02.24 19:30:00|162.66|163.47|162.59|163.34|2228
2021.02.24 20:30:00|163.34|164.13|163.34|163.66|2578
2021.02.24 21:30:00|163.67|163.68|162.99|163.2|2686
2021.02.24 22:30:00|163.21|163.25|162.32|162.32|1608
2021.02.25 16:30:00|162.68|163.44|162.37|162.89|4359
2021.02.25 17:30:00|162.86|163.11|162.56|162.99|3661
2021.02.25 18:30:00|162.98|163.08|162.34|162.78|3447
2021.02.25 19:30:00|162.78|162.78|161.82|162.17|5018
2021.02.25 20:30:00|162.17|162.77|161.83|162.75|3708
2021.02.25 21:30:00|162.74|162.79|161.87|161.97|4556
2021.02.25 22:30:00|161.96|162.78|161.75|162.48|4034
2021.02.26 16:30:00|161.77|161.8|158.36|158.36|5223
2021.02.26 17:30:00|158.36|159.46|158.36|158.51|4751
2021.02.26 18:30:00|158.5|159.95|158.4|159.75|3198
2021.02.26 19:30:00|159.76|160.11|159.38|160.07|2771
2021.02.26 20:30:00|160.08|160.11|158.47|158.87|3388
2021.02.26 21:30:00|158.87|159.98|158.77|159.51|3551
2021.02.26 22:30:00|159.49|159.78|157.75|157.79|3482
2021.03.01 16:30:00|161.02|161.22|159.85|160.06|5510
2021.03.01 17:30:00|160.07|160.38|159.46|159.53|3068
2021.03.01 18:30:00|159.54|160.34|159.51|159.63|2133
2021.03.01 19:30:00|159.63|159.81|159.06|159.54|1975
2021.03.01 20:30:00|159.55|160|159.4|159.6|2061
2021.03.01 21:30:00|159.61|159.66|159.1|159.3|2210
2021.03.01 22:30:00|159.31|159.32|158.84|159.03|2019
2021.03.02 16:30:00|159.81|160.49|158.59|158.62|4872
2021.03.02 17:30:00|158.62|158.98|158.36|158.93|3346
2021.03.02 18:30:00|158.94|159.25|158.52|159.11|2839
2021.03.02 19:30:00|159.11|159.36|158.99|159.17|2378
2021.03.02 20:30:00|159.18|159.35|158.96|159.13|2520
2021.03.02 21:30:00|159.14|159.49|158.93|159|2175
2021.03.02 22:30:00|159.01|159.2|158.72|158.75|2221
2021.03.03 16:30:00|158|158.53|155.85|156.13|5291
2021.03.03 17:30:00|156.13|156.7|155.82|156.68|3763
2021.03.03 18:30:00|156.69|156.95|156.45|156.46|2388
2021.03.03 19:30:00|156.46|156.75|156.12|156.6|2028
2021.03.03 20:30:00|156.6|156.92|156.27|156.76|3067
2021.03.03 21:30:00|156.73|156.76|156.25|156.39|3769
2021.03.03 22:30:00|156.4|156.65|155.84|155.85|2730
2021.03.04 16:30:00|155.24|155.55|154.33|154.6|6384
2021.03.04 17:30:00|154.62|155.03|154.26|154.96|4770
2021.03.04 18:30:00|154.97|155.13|153.54|153.54|5595
2021.03.04 19:30:00|153.54|153.54|151.9|152.38|7183
2021.03.04 20:30:00|152.36|152.85|151.21|152.78|7602
2021.03.04 21:30:00|152.73|152.92|151.76|152.04|6709
2021.03.04 22:30:00|152.03|152.86|151.98|152.74|4722
2021.03.05 16:30:00|153.81|154.98|152.86|154.59|5952
2021.03.05 17:30:00|154.58|155.42|153.87|155.33|5269
2021.03.05 18:30:00|155.34|155.47|154.19|155.13|3860
2021.03.05 19:30:00|155.13|155.19|154.44|155.06|3173
2021.03.05 20:30:00|155.06|155.63|154.86|155.63|2862
2021.03.05 21:30:00|155.6|156.02|155.56|155.9|2799
2021.03.05 22:30:00|155.91|156.41|155.58|155.73|3023
2021.03.08 16:30:00|156.6|157.43|155.7|157.26|5069
2021.03.08 17:30:00|157.27|158|156.92|157.97|3336
2021.03.08 18:30:00|157.98|158.38|157.8|158.32|2967
2021.03.08 19:30:00|158.31|158.79|158.26|158.76|2247
2021.03.08 20:30:00|158.75|159.06|158.14|158.22|3463
2021.03.08 21:30:00|158.19|158.26|157.52|157.62|3749
2021.03.08 22:30:00|157.64|157.94|157.02|157.02|2918
2021.03.09 16:30:00|157.75|160.45|157.65|159.07|4968
2021.03.09 17:30:00|159.08|159.28|158.52|159.21|3102
2021.03.09 18:30:00|159.22|159.49|158.95|159.22|2238
2021.03.09 19:30:00|159.22|159.52|158.7|158.77|2564
2021.03.09 20:30:00|158.77|158.9|158.41|158.52|2175
2021.03.09 21:30:00|158.53|158.8|157.96|158.08|2597
2021.03.09 22:30:00|158.09|158.21|157.49|157.49|2452
2021.03.10 16:30:00|158.37|158.96|157.08|158.83|4492
2021.03.10 17:30:00|158.85|159.58|158.33|159.23|3690
2021.03.10 18:30:00|159.25|159.32|158.59|159.06|2774
2021.03.10 19:30:00|159.05|159.64|158.94|159.22|3612
2021.03.10 20:30:00|159.23|159.29|158.82|158.82|3058
2021.03.10 21:30:00|158.82|159.32|158.76|159.27|2566
2021.03.10 22:30:00|159.28|159.3|158.78|158.82|1850
2021.03.11 16:30:00|159.46|159.66|158.66|159.43|5853
2021.03.11 17:30:00|159.43|160.05|159.2|159.69|4677
2021.03.11 18:30:00|159.7|160.21|159.48|159.88|3266
2021.03.11 19:30:00|159.9|160.33|159.82|160.02|2644
2021.03.11 20:30:00|160.02|160.37|159.57|159.58|3320
2021.03.11 21:30:00|159.59|159.74|158.9|158.91|2965
2021.03.11 22:30:00|158.92|159.02|158.76|158.85|1988
2021.03.12 16:30:00|159.11|160.05|159.11|159.4|7494
2021.03.12 17:30:00|159.4|159.77|158.97|159.43|6228
2021.03.12 18:30:00|159.43|159.58|158.92|159.03|4018
2021.03.12 19:30:00|159.02|159.51|158.97|159.49|3027
2021.03.12 20:30:00|159.49|159.93|159.3|159.73|2677
2021.03.12 21:30:00|159.73|159.82|159.29|159.53|3176
2021.03.12 22:30:00|159.54|159.79|159.24|159.28|2559
2021.03.15 15:30:00|159.19|159.35|158.38|158.52|5339
2021.03.15 16:30:00|158.52|159.11|158.25|158.95|2878
2021.03.15 17:30:00|158.96|159.51|158.6|159.47|2477
2021.03.15 18:30:00|159.48|159.8|159.35|159.57|1446
2021.03.15 19:30:00|159.56|160.28|159.56|160.08|1670
2021.03.15 20:30:00|160.08|160.15|159.55|159.75|1571
2021.03.15 21:30:00|159.75|160.39|159.49|160.12|1365
2021.03.16 15:30:00|160.49|160.88|160.12|160.42|4447
2021.03.16 16:30:00|160.42|160.77|159.97|160.61|2423
2021.03.16 17:30:00|160.61|161.2|160.58|160.97|2435
2021.03.16 18:30:00|160.96|161.07|160.78|160.79|2111
2021.03.16 19:30:00|160.8|160.86|160.42|160.84|2515
2021.03.16 20:30:00|160.83|161.26|160.72|160.88|3498
2021.03.16 21:30:00|160.9|161.43|160.88|161.08|2500
2021.03.17 15:30:00|160.81|160.81|159.28|160.23|5829
2021.03.17 16:30:00|160.2|160.8|160.17|160.75|3995
2021.03.17 17:30:00|160.74|161.32|160.65|161.02|2355
2021.03.17 18:30:00|161.03|161.03|160.61|160.84|2206
2021.03.17 19:30:00|160.85|161.46|160.57|160.87|4304
2021.03.17 20:30:00|160.86|161.1|160.42|160.51|5711
2021.03.17 21:30:00|160.52|160.84|160.41|160.51|2499
2021.03.18 15:30:00|159.99|160.87|159.85|160.07|7014
2021.03.18 16:30:00|160.07|160.51|159.7|160.41|4362
2021.03.18 17:30:00|160.41|161.24|160.21|160.93|3411
2021.03.18 18:30:00|160.92|160.99|160.49|160.81|3730
2021.03.18 19:30:00|160.81|161.11|160.25|160.3|3412
2021.03.18 20:30:00|160.3|160.48|159.92|160.45|7591
2021.03.18 21:30:00|160.45|160.53|160.02|160.18|5190
2021.03.19 15:30:00|160.8|161.1|159.19|159.63|5714
2021.03.19 16:30:00|159.63|160.22|159.21|160.07|3683
2021.03.19 17:30:00|160.07|161.14|159.93|160.32|2709
2021.03.19 18:30:00|160.31|160.37|159.95|160.08|2282
2021.03.19 19:30:00|160.08|160.25|159.88|160.19|2423
2021.03.19 20:30:00|160.2|160.46|159.98|160.3|2175
2021.03.19 21:30:00|160.31|161.14|159.3|159.87|3183
2021.03.22 15:30:00|158.33|160.29|157.75|160.08|6321
2021.03.22 16:30:00|160.09|160.14|159.61|159.68|3475
2021.03.22 17:30:00|159.68|159.8|159.46|159.71|2518
2021.03.22 18:30:00|159.72|159.84|159.26|159.44|2298
2021.03.22 19:30:00|159.43|159.82|159.36|159.78|2073
2021.03.22 20:30:00|159.78|160.07|159.72|160.03|2503
2021.03.22 21:30:00|160.03|160.38|159.91|160.25|1985
2021.03.23 15:30:00|159.67|160.04|158.6|159.65|3866
2021.03.23 16:30:00|159.66|160.09|159.53|159.88|3085
2021.03.23 17:30:00|159.9|160.55|159.86|160.23|2603
2021.03.23 18:30:00|160.24|160.72|159.96|160.69|2321
2021.03.23 19:30:00|160.69|160.92|160.44|160.87|2691
2021.03.23 20:30:00|160.87|160.95|159.4|159.52|3882
2021.03.23 21:30:00|159.53|160.27|159.48|160.1|3116
2021.03.24 15:30:00|159.86|161.62|159.52|160.96|5031
2021.03.24 16:30:00|160.99|161.58|160.84|161.27|3627
2021.03.24 17:30:00|161.28|161.92|161.25|161.71|2946
2021.03.24 18:30:00|161.73|161.94|161.31|161.65|3716
2021.03.24 19:30:00|161.64|162.08|161.17|161.72|3632
2021.03.24 20:30:00|161.72|162.22|161.67|161.95|4609
2021.03.24 21:30:00|161.96|162.11|161.61|161.65|3039
2021.03.25 15:30:00|161.6|161.6|160.37|161.18|5832
2021.03.25 16:30:00|161.16|161.87|161.06|161.46|4867
2021.03.25 17:30:00|161.46|161.5|160.44|160.44|4758
2021.03.25 18:30:00|160.45|160.9|160.38|160.85|3857
2021.03.25 19:30:00|160.86|161.39|160.84|161.27|3644
2021.03.25 20:30:00|161.27|161.59|161.21|161.49|4732
2021.03.25 21:30:00|161.47|162|161.47|161.71|2814
2021.03.26 15:30:00|161.75|162.42|161.27|161.63|4511
2021.03.26 16:30:00|161.63|162.14|161.12|162.04|3207
2021.03.26 17:30:00|162.06|162.74|161.94|162.72|2743
2021.03.26 18:30:00|162.73|163.36|162.69|163.32|2236
2021.03.26 19:30:00|163.34|164.3|163.32|164.29|2572
2021.03.26 20:30:00|164.28|164.37|163.58|163.63|3692
2021.03.26 21:30:00|163.63|164.83|163.6|164.64|2805
2021.03.29 16:30:00|164.3|165.04|164.06|164.83|7274
2021.03.29 17:30:00|164.82|165.89|164.76|165.82|5348
2021.03.29 18:30:00|165.84|166.36|165.71|166.31|3963
2021.03.29 19:30:00|166.3|166.78|166.23|166.34|3287
2021.03.29 20:30:00|166.34|166.63|165.76|166.16|3476
2021.03.29 21:30:00|166.16|166.45|165.76|165.98|3122
2021.03.29 22:30:00|165.98|166.16|165.6|165.73|1894
2021.03.30 16:30:00|165.27|165.37|164.37|165.31|6684
2021.03.30 17:30:00|165.31|165.31|163.96|164.57|4624
2021.03.30 18:30:00|164.57|164.82|164.25|164.55|3456
2021.03.30 19:30:00|164.54|164.83|164.5|164.74|2586
2021.03.30 20:30:00|164.72|165|164.63|164.86|2262
2021.03.30 21:30:00|164.85|165.1|164.72|165.03|2424
2021.03.30 22:30:00|165.04|165.05|164.42|164.61|2086
2021.03.31 16:30:00|164.43|164.7|163.45|164.32|4211
2021.03.31 17:30:00|164.32|164.67|164.11|164.59|3335
2021.03.31 18:30:00|164.59|165.14|164.57|164.81|2435
2021.03.31 19:30:00|164.82|165.07|164.71|164.86|2164
2021.03.31 20:30:00|164.87|165.14|164.85|164.94|2054
2021.03.31 21:30:00|164.94|165.08|164.3|164.36|2488
2021.03.31 22:30:00|164.35|164.82|163.86|164.01|3835
2021.04.01 16:30:00|163.52|163.52|162|162.28|6625
2021.04.01 17:30:00|162.26|163.19|162.2|163|3677
2021.04.01 18:30:00|163.01|163.42|162.93|163.12|2927
2021.04.01 19:30:00|163.13|163.56|163.11|163.5|2325
2021.04.01 20:30:00|163.51|163.59|163.11|163.13|1757
2021.04.01 21:30:00|163.13|163.13|162.48|162.79|1451
2021.04.01 22:30:00|162.79|162.99|162.52|162.54|2006
2021.04.05 16:30:00|163.5|164.48|163.45|163.71|7103
2021.04.05 17:30:00|163.71|164.12|163.5|163.69|3931
2021.04.05 18:30:00|163.7|164.05|163|163.29|3063
2021.04.05 19:30:00|163.28|163.54|162.57|162.61|3103
2021.04.05 20:30:00|162.61|162.92|162.61|162.84|3761
2021.04.05 21:30:00|162.83|163.19|162.4|162.86|3242
2021.04.05 22:30:00|162.86|163.35|162.82|163.02|2589
2021.04.06 16:30:00|163.62|163.99|162.75|163.76|4823
2021.04.06 17:30:00|163.77|164.25|163.62|163.86|3286
2021.04.06 18:30:00|163.87|164.06|163.72|163.81|2757
2021.04.06 19:30:00|163.83|164|163.55|163.61|2249
2021.04.06 20:30:00|163.6|163.69|163.16|163.19|2185
2021.04.06 21:30:00|163.18|163.35|162.94|163.19|2439
2021.04.06 22:30:00|163.2|163.2|162.78|163.1|2419
2021.04.07 16:30:00|163.41|164.02|163.05|163.37|5092
2021.04.07 17:30:00|163.41|163.84|163.29|163.51|2868
2021.04.07 18:30:00|163.49|163.63|163.35|163.36|3262
2021.04.07 19:30:00|163.37|163.52|163.27|163.44|2784
2021.04.07 20:30:00|163.44|163.49|163.07|163.2|2760
2021.04.07 21:30:00|163.2|163.3|163.13|163.21|2652
2021.04.07 22:30:00|163.2|163.38|163.13|163.33|2077
2021.04.08 16:30:00|163.54|163.85|162.8|163.55|4461
2021.04.08 17:30:00|163.55|163.76|163.04|163.18|2510
2021.04.08 18:30:00|163.19|163.3|163|163.26|1811
2021.04.08 19:30:00|163.27|163.52|163.21|163.35|1463
2021.04.08 20:30:00|163.34|163.41|162.98|163.02|1675
2021.04.08 21:30:00|163.02|163.03|162.84|162.85|1406
2021.04.08 22:30:00|162.85|162.86|162.6|162.69|1496
2021.04.09 16:30:00|161.82|162.65|160.63|161.19|4932
2021.04.09 17:30:00|161.19|161.23|160.17|160.37|3210
2021.04.09 18:30:00|160.38|160.73|159.83|159.86|2179
2021.04.09 19:30:00|159.86|159.95|159.61|159.63|1786
2021.04.09 20:30:00|159.64|160.11|159.52|160.04|1478
2021.04.09 21:30:00|160.05|160.4|159.95|160.35|1373
2021.04.09 22:30:00|160.37|161.01|160.31|160.9|1593
2021.04.12 16:30:00|160.5|161.78|160.08|160.9|4476
2021.04.12 17:30:00|160.91|161.26|160.7|161.19|2600
2021.04.12 18:30:00|161.2|161.56|161.18|161.42|2327
2021.04.12 19:30:00|161.41|161.72|161.34|161.39|2111
2021.04.12 20:30:00|161.4|161.52|161.2|161.31|2341
2021.04.12 21:30:00|161.31|161.35|161.03|161.03|2111
2021.04.12 22:30:00|161.04|161.48|161.04|161.39|2079
2021.04.13 16:30:00|157.33|158.6|156.72|157.4|9814
2021.04.13 17:30:00|157.4|157.43|156.68|157.03|5232
2021.04.13 18:30:00|157.04|158.01|156.95|157.98|3008
2021.04.13 19:30:00|157.96|158.24|157.79|158.14|2428
2021.04.13 20:30:00|158.14|158.84|158.09|158.8|1960
2021.04.13 21:30:00|158.81|159.68|158.79|159.22|2196
2021.04.13 22:30:00|159.23|159.48|159.08|159.21|1619
2021.04.14 16:30:00|157.79|158.99|157.42|158.95|5760
2021.04.14 17:30:00|158.95|159.31|158.67|159.22|3640
2021.04.14 18:30:00|159.21|159.53|159.09|159.38|2372
2021.04.14 19:30:00|159.38|159.54|159.15|159.51|2049
2021.04.14 20:30:00|159.52|159.84|159.39|159.48|3176
2021.04.14 21:30:00|159.48|159.73|159.35|159.67|2797
2021.04.14 22:30:00|159.66|159.77|159.53|159.69|2005
2021.04.15 16:30:00|160.62|161.49|160.22|161.36|3859
2021.04.15 17:30:00|161.37|162.14|161.27|161.72|2811
2021.04.15 18:30:00|161.72|161.76|161.07|161.21|1961
2021.04.15 19:30:00|161.21|161.6|160.97|161.4|1709
2021.04.15 20:30:00|161.41|161.42|160.45|160.52|2008
2021.04.15 21:30:00|160.53|160.74|159.99|160.28|2115
2021.04.15 22:30:00|160.29|160.48|159.98|160.14|1685
2021.04.16 16:30:00|161.11|161.62|160.3|160.57|5090
2021.04.16 17:30:00|160.58|161.11|160.32|161.04|2992
2021.04.16 18:30:00|161.05|161.53|160.95|161.4|1777
2021.04.16 19:30:00|161.4|161.73|161.38|161.46|1507
2021.04.16 20:30:00|161.47|162.01|161.32|161.97|1747
2021.04.16 21:30:00|161.98|162.13|161.84|162.09|1524
2021.04.16 22:30:00|162.1|162.25|161.85|161.98|1292
2021.04.19 16:30:00|161.82|162.27|160.57|161.77|5062
2021.04.19 17:30:00|161.77|162.62|161.76|162.36|3130
2021.04.19 18:30:00|162.36|162.85|162.13|162.44|3407
2021.04.19 19:30:00|162.43|162.46|162.04|162.16|2434
2021.04.19 20:30:00|162.17|162.35|161.85|162.35|1821
2021.04.19 21:30:00|162.35|162.68|162.21|162.36|1977
2021.04.19 22:30:00|162.36|162.72|162.26|162.42|2171
2021.04.20 16:30:00|161.37|165.2|160.95|165.2|5107
2021.04.20 17:30:00|165.19|166.7|164.95|166.4|5673
2021.04.20 18:30:00|166.41|167.19|166.1|166.6|3997
2021.04.20 19:30:00|166.59|167.38|166.51|167.11|2452
2021.04.20 20:30:00|167.1|167.52|166.39|166.48|2585
2021.04.20 21:30:00|166.48|166.56|165.83|166.07|1997
2021.04.20 22:30:00|166.06|166.27|165.65|166.17|1616
2021.04.21 16:30:00|166.02|166.41|165.01|165.73|4672
2021.04.21 17:30:00|165.78|166.15|165.62|165.88|2334
2021.04.21 18:30:00|165.9|166.27|165.72|165.77|1650
2021.04.21 19:30:00|165.75|166.3|165.65|166.26|1302
2021.04.21 20:30:00|166.27|166.52|165.96|166.03|1281
2021.04.21 21:30:00|166.02|166.42|165.98|166.38|1134
2021.04.21 22:30:00|166.4|166.66|166.29|166.33|1663
2021.04.22 16:30:00|165.86|165.91|164.65|164.99|4988
2021.04.22 17:30:00|165|166.02|164.82|165.32|2990
2021.04.22 18:30:00|165.33|165.93|165.26|165.72|2810
2021.04.22 19:30:00|165.71|165.74|164.65|164.88|5022
2021.04.22 20:30:00|164.88|165.03|164.36|164.67|6709
2021.04.22 21:30:00|164.66|165.11|164.56|164.92|3386
2021.04.22 22:30:00|164.92|165.2|164.83|164.93|2662
2021.04.23 16:30:00|164.21|164.79|163.9|164.49|4473
2021.04.23 17:30:00|164.49|165.79|164.38|165.3|3118
2021.04.23 18:30:00|165.31|165.68|165.15|165.56|1637
2021.04.23 19:30:00|165.56|165.8|165.31|165.35|1352
2021.04.23 20:30:00|165.36|165.57|165.22|165.42|1255
2021.04.23 21:30:00|165.43|165.7|165.25|165.68|1668
2021.04.23 22:30:00|165.69|165.73|165.15|165.18|1921
2021.04.26 16:30:00|164.81|164.89|163.86|163.97|4957
2021.04.26 17:30:00|163.95|164.5|163.91|163.98|2676
2021.04.26 18:30:00|164|164.23|163.7|163.9|1606
2021.04.26 19:30:00|163.89|164.14|163.68|163.79|1520
2021.04.26 20:30:00|163.79|163.93|163.5|163.53|1181
2021.04.26 21:30:00|163.53|163.98|163.5|163.79|1547
2021.04.26 22:30:00|163.8|164.12|163.73|163.86|2143
2021.04.27 16:30:00|163.4|163.57|162.2|163.11|7735
2021.04.27 17:30:00|163.13|163.56|162.51|162.59|2470
2021.04.27 18:30:00|162.59|162.75|162.43|162.63|1598
2021.04.27 19:30:00|162.63|163.24|162.6|163.19|1464
2021.04.27 20:30:00|163.17|163.32|163.01|163.15|1683
2021.04.27 21:30:00|163.15|163.48|163.06|163.25|1831
2021.04.27 22:30:00|163.26|163.32|162.84|162.89|1190
2021.04.28 16:30:00|162.14|162.96|161.66|162.11|5662
2021.04.28 17:30:00|162.12|162.46|161.93|162|2575
2021.04.28 18:30:00|162|162.01|161.62|161.72|1887
2021.04.28 19:30:00|161.72|161.84|161.4|161.52|1126
2021.04.28 20:30:00|161.53|161.89|161.45|161.59|2754
2021.04.28 21:30:00|161.6|162.15|161.42|161.69|3283
2021.04.28 22:30:00|161.67|162.11|161.58|161.67|1720
2021.04.29 16:30:00|162.05|162.29|161.65|162.02|6749
2021.04.29 17:30:00|162.02|162.6|161.71|162.3|4395
2021.04.29 18:30:00|162.31|162.92|162.16|162.87|3875
2021.04.29 19:30:00|162.88|163.49|162.66|163.26|2958
2021.04.29 20:30:00|163.28|163.62|163.1|163.59|2295
2021.04.29 21:30:00|163.6|163.85|163.54|163.65|3191
2021.04.29 22:30:00|163.64|164|163.57|163.94|2632
2021.04.30 16:30:00|163.81|164.06|162.9|163.44|5995
2021.04.30 17:30:00|163.44|163.61|163.05|163.21|4578
2021.04.30 18:30:00|163.2|163.55|163.09|163.49|3421
2021.04.30 19:30:00|163.49|163.62|163.27|163.42|3018
2021.04.30 20:30:00|163.41|163.56|162.99|163.04|2790
2021.04.30 21:30:00|163.04|163.05|162.43|162.91|1686
