2021.02.15 12:00:00|30120.5|30150.5|30110.5|30131.5|635
2021.02.15 13:00:00|30131.5|30140.5|30110.5|30130.5|517
2021.02.15 14:00:00|30135.5|30163|30100.5|30110.5|463
2021.02.15 15:00:00|30105.5|30175.5|30100.5|30165.5|511
2021.02.15 16:00:00|30165.5|30215.5|30140.5|30215.5|679
2021.02.15 17:00:00|30216.5|30275.5|30210.5|30270.5|934
2021.02.15 18:00:00|30275.5|30285.5|30230.5|30255.5|930
2021.02.15 19:00:00|30253|30255.5|30225.5|30235.5|416
2021.02.16 01:00:00|30240.5|30280.5|30175.5|30185.5|952
2021.02.16 02:00:00|30185.5|30480.5|30185.5|30375.5|6791
2021.02.16 03:00:00|30375.5|30490.5|30360.5|30436.5|3578
2021.02.16 04:00:00|30440.5|30576.5|30430.5|30541.5|2305
2021.02.16 05:00:00|30545.5|30626.5|30520.5|30620.5|2589
2021.02.16 06:00:00|30621.5|30665.5|30580.5|30655.5|2384
2021.02.16 07:00:00|30655.5|30720.5|30296.5|30456.5|7327
2021.02.16 08:00:00|30450.5|30615.5|30440.5|30591.5|2246
2021.02.16 09:00:00|30591.5|30610.5|30530.5|30535.5|1679
2021.02.16 10:00:00|30540.5|30570.5|30470.5|30505.5|2643
2021.02.16 11:00:00|30500.5|30520.5|30420.5|30485.5|1313
2021.02.16 12:00:00|30485.5|30520.5|30475.5|30490.5|1009
2021.02.16 13:00:00|30490.5|30525.5|30440.5|30525.5|1116
2021.02.16 14:00:00|30525.5|30586.5|30500.5|30545.5|1521
2021.02.16 15:00:00|30545.5|30555.5|30495.5|30505.5|1549
2021.02.16 16:00:00|30510.5|30525.5|30455.5|30500.5|3858
2021.02.16 17:00:00|30500.5|30550.5|30440.5|30505.5|3628
2021.02.16 18:00:00|30500.5|30515.5|30435.5|30455.5|3675
2021.02.16 19:00:00|30455.5|30480.5|30395.5|30470.5|3199
2021.02.16 20:00:00|30475.5|30495.5|30435.5|30440.5|1455
2021.02.16 21:00:00|30440.5|30470.5|30425.5|30450.5|1239
2021.02.16 22:00:00|30445.5|30455.5|30400.5|30420.5|1233
2021.02.16 23:00:00|30415.5|30435.5|30405.5|30435.5|134
2021.02.17 01:00:00|30438|30455.5|30310.5|30325.5|1076
2021.02.17 02:00:00|30325.5|30396.5|30165.5|30265.5|5996
2021.02.17 03:00:00|30266.5|30271.5|30190.5|30221.5|3611
2021.02.17 04:00:00|30221.5|30281.5|30180.5|30266.5|2379
2021.02.17 05:00:00|30260.5|30361.5|30250.5|30331.5|2193
2021.02.17 06:00:00|30331.5|30331.5|30270.5|30281.5|1686
2021.02.17 07:00:00|30281.5|30366.5|30280.5|30306.5|2370
2021.02.17 08:00:00|30295.5|30421.5|30290.5|30390.5|1288
2021.02.17 09:00:00|30390|30405.5|30355.5|30365.5|1282
2021.02.17 10:00:00|30365.5|30440.5|30305.5|30430.5|3583
2021.02.17 11:00:00|30425.5|30430.5|30350.5|30366.5|2090
2021.02.17 12:00:00|30365.5|30410.5|30355.5|30375.5|1163
2021.02.17 13:00:00|30370.5|30395.5|30345.5|30395.5|1272
2021.02.17 14:00:00|30390.5|30415.5|30380.5|30395.5|812
2021.02.17 15:00:00|30402|30405.5|30330.5|30360.5|2046
2021.02.17 16:00:00|30355.5|30375.5|30215.5|30296.5|6517
2021.02.17 17:00:00|30296.5|30340.5|30210.5|30271.5|7051
2021.02.17 18:00:00|30271.5|30285.5|30150.5|30221.5|5925
2021.02.17 19:00:00|30221.5|30271.5|30210.5|30251.5|2138
2021.02.17 20:00:00|30255.5|30295.5|30250.5|30261.5|1994
2021.02.17 21:00:00|30261.5|30341.5|30260.5|30336.5|1867
2021.02.17 22:00:00|30330.5|30441.5|30326.5|30351.5|1498
2021.02.17 23:00:00|30350.5|30373|30330.5|30350.5|225
2021.02.18 01:00:00|30372.5|30391.5|30345.5|30350.5|807
2021.02.18 02:00:00|30345.5|30571.5|30290.5|30383.5|7117
2021.02.18 03:00:00|30383.5|30413.5|30235.5|30330.5|4390
2021.02.18 04:00:00|30325.5|30385.5|30305.5|30380.5|2572
2021.02.18 05:00:00|30380.5|30390.5|30180.5|30240.5|3278
2021.02.18 06:00:00|30240.5|30246.5|30135.5|30231.5|3088
2021.02.18 07:00:00|30235.5|30280.5|30200.5|30245.5|3051
2021.02.18 08:00:00|30250.5|30290.5|30220.5|30231.5|1087
2021.02.18 09:00:00|30230.5|30235.5|30165.5|30170.5|1557
2021.02.18 10:00:00|30170.5|30230.5|30094.5|30230.5|3431
2021.02.18 11:00:00|30225.5|30240.5|30110.5|30180.5|1590
2021.02.18 12:00:00|30180.5|30210.5|30105.5|30105.5|1281
2021.02.18 13:00:00|30105.5|30115.5|30055.5|30080.5|1807
2021.02.18 14:00:00|30085.5|30115.5|30060.5|30080.5|1173
2021.02.18 15:00:00|30080.5|30095.5|29990.5|30000.5|2225
2021.02.18 16:00:00|29995.5|30055.5|29955.5|30045.5|5668
2021.02.18 17:00:00|30041.5|30050.5|29895.5|29970.5|6090
2021.02.18 18:00:00|29970.5|30045.5|29960.5|29990.5|3584
2021.02.18 19:00:00|29990.5|30015.5|29946.5|29995.5|2289
2021.02.18 20:00:00|29990.5|30050.5|29980.5|30035.5|1735
2021.02.18 21:00:00|30035.5|30115.5|30035.5|30105.5|1185
2021.02.18 22:00:00|30101.5|30135.5|30075.5|30130.5|1226
2021.02.18 23:00:00|30135.5|30140.5|30115.5|30115.5|162
2021.02.19 01:00:00|30123|30150.5|29975.5|29980.5|877
2021.02.19 02:00:00|29970.5|30136.5|29970.5|30111.5|3766
2021.02.19 03:00:00|30110.5|30165.5|29925.5|29995.5|5560
2021.02.19 04:00:00|29995.5|29995.5|29750.5|29815.5|4659
2021.02.19 05:00:00|29813.5|29935.5|29800.5|29890.5|4099
2021.02.19 06:00:00|29885.5|30000.5|29850.5|29946.5|3031
2021.02.19 07:00:00|29950.5|30041.5|29930.5|30005.5|3197
2021.02.19 08:00:00|30005.5|30075.5|29975.5|30070.5|1355
2021.02.19 09:00:00|30075.5|30091.5|30050.5|30070.5|1198
2021.02.19 10:00:00|30065.5|30110.5|30015.5|30100.5|3452
2021.02.19 11:00:00|30100.5|30185.5|30080.5|30150.5|2324
2021.02.19 12:00:00|30155.5|30195.5|30135.5|30190.5|1815
2021.02.19 13:00:00|30190.5|30200.5|30110.5|30115.5|1065
2021.02.19 14:00:00|30115.5|30205.5|30115.5|30190.5|1242
2021.02.19 15:00:00|30190.5|30260.5|30185.5|30240.5|1383
2021.02.19 16:00:00|30235.5|30240.5|30170.5|30230.5|3572
2021.02.19 17:00:00|30235.5|30295.5|30205.5|30290.5|2740
2021.02.19 18:00:00|30295.5|30321.5|30280.5|30300.5|1396
2021.02.19 19:00:00|30295.5|30310.5|30210.5|30220.5|2512
2021.02.19 20:00:00|30215.5|30250.5|30175.5|30250.5|2628
2021.02.19 21:00:00|30245.5|30255.5|30180.5|30215.5|2189
2021.02.19 22:00:00|30215.5|30240.5|30180.5|30205.5|1456
2021.02.19 23:00:00|30205.5|30205.5|30160.5|30165.5|335
2021.02.22 01:00:00|30253.5|30304.5|30169.5|30294.5|1271
2021.02.22 02:00:00|30299.5|30410.5|30289.5|30399.5|3339
2021.02.22 03:00:00|30399.5|30459.5|30304.5|30320.5|3186
2021.02.22 04:00:00|30319.5|30369.5|30144.5|30189.5|4278
2021.02.22 05:00:00|30189.5|30219.5|30071.5|30199.5|3702
2021.02.22 06:00:00|30199.5|30309.5|30194.5|30239.5|2684
2021.02.22 07:00:00|30239.5|30264.5|30154.5|30159.5|4383
2021.02.22 08:00:00|30159.5|30234.5|30144.5|30219.5|1560
2021.02.22 09:00:00|30214.5|30224.5|30064.5|30114.5|2580
2021.02.22 10:00:00|30114.5|30124.5|29974.5|30024.5|6668
2021.02.22 11:00:00|30024.5|30094.5|30019.5|30065.5|3287
2021.02.22 12:00:00|30069.5|30099.5|30059.5|30074.5|1685
2021.02.22 13:00:00|30074.5|30109.5|30044.5|30075.5|1926
2021.02.22 14:00:00|30074.5|30099.5|30024.5|30049.5|1828
2021.02.22 15:00:00|30049.5|30059.5|29994.5|30034.5|2123
2021.02.22 16:00:00|30034.5|30059.5|29979.5|30049.5|4595
2021.02.22 17:00:00|30049.5|30079.5|30004.5|30064.5|4708
2021.02.22 18:00:00|30059.5|30129.5|30039.5|30119.5|3329
2021.02.22 19:00:00|30119.5|30129.5|30074.5|30124.5|2057
2021.02.22 20:00:00|30129.5|30174.5|30109.5|30164.5|899
2021.02.22 21:00:00|30166.5|30169.5|30139.5|30139.5|819
2021.02.22 22:00:00|30140.5|30144.5|29974.5|29989.5|1573
2021.02.22 23:00:00|29989.5|30024.5|29979.5|29979.5|294
2021.02.23 01:00:00|29999.5|30049.5|29979.5|30000.5|377
2021.02.23 02:00:00|29999.5|30025.5|29929.5|29950.5|1131
2021.02.23 03:00:00|29950.5|30089.5|29945.5|30070.5|1188
2021.02.23 04:00:00|30070.5|30120.5|30050.5|30099.5|1004
2021.02.23 05:00:00|30099.5|30104.5|30024.5|30074.5|758
2021.02.23 06:00:00|30079.5|30109.5|30059.5|30104.5|359
2021.02.23 07:00:00|30104.5|30134.5|30099.5|30104.5|745
2021.02.23 08:00:00|30104.5|30128.5|30069.5|30089.5|463
2021.02.23 09:00:00|30091|30119.5|30054.5|30114.5|637
2021.02.23 10:00:00|30114.5|30144.5|30019.5|30024.5|2246
2021.02.23 11:00:00|30024.5|30024.5|29914.5|29935.5|2520
2021.02.23 12:00:00|29935.5|29944.5|29799.5|29884.5|3620
2021.02.23 13:00:00|29883.5|29924.5|29839.5|29909.5|1764
2021.02.23 14:00:00|29914.5|29959.5|29904.5|29949.5|1282
2021.02.23 15:00:00|29944.5|29949.5|29904.5|29939.5|1405
2021.02.23 16:00:00|29939.5|29939.5|29649.5|29754.5|4441
2021.02.23 17:00:00|29749.5|29970.5|29739.5|29930.5|5820
2021.02.23 18:00:00|29934.5|29985.5|29869.5|29874.5|3534
2021.02.23 19:00:00|29874.5|29904.5|29824.5|29829.5|2698
2021.02.23 20:00:00|29824.5|29939.5|29814.5|29929.5|2013
2021.02.23 21:00:00|29924.5|30019.5|29914.5|30014.5|1573
2021.02.23 22:00:00|30009.5|30094.5|29989.5|30004.5|1621
2021.02.23 23:00:00|29999.5|30014.5|29969.5|29984.5|301
2021.02.24 01:00:00|29999.5|30064.5|29944.5|30000.5|1490
2021.02.24 02:00:00|29999.5|30079.5|29839.5|29885.5|5026
2021.02.24 03:00:00|29889.5|30059.5|29879.5|29974.5|6273
2021.02.24 04:00:00|29974.5|29994.5|29859.5|29919.5|4519
2021.02.24 05:00:00|29919.5|29949.5|29819.5|29869.5|4629
2021.02.24 06:00:00|29869.5|29924.5|29829.5|29835.5|2567
2021.02.24 07:00:00|29839.5|29849.5|29674.5|29679.5|5928
2021.02.24 08:00:00|29679.5|29709.5|29619.5|29679.5|2086
2021.02.24 09:00:00|29679.5|29750.5|29679.5|29745.5|2088
2021.02.24 10:00:00|29739.5|29845.5|29724.5|29835.5|4881
2021.02.24 11:00:00|29835.5|29889.5|29810.5|29874.5|2725
2021.02.24 12:00:00|29874.5|29914.5|29859.5|29860.5|1873
2021.02.24 13:00:00|29864.5|29890.5|29839.5|29874.5|1727
2021.02.24 14:00:00|29869.5|29959.5|29869.5|29939.5|1951
2021.02.24 15:00:00|29934.5|29949.5|29789.5|29819.5|2721
2021.02.24 16:00:00|29814.5|29859.5|29774.5|29814.5|9566
2021.02.24 17:00:00|29819.5|29959.5|29769.5|29939.5|8162
2021.02.24 18:00:00|29939.5|30029.5|29939.5|30004.5|3590
2021.02.24 19:00:00|30008.5|30054.5|30004.5|30039.5|1826
2021.02.24 20:00:00|30039.5|30114.5|30024.5|30110.5|1767
2021.02.24 21:00:00|30114.5|30114.5|30069.5|30099.5|1910
2021.02.24 22:00:00|30099.5|30124.5|30059.5|30064.5|1150
2021.02.24 23:00:00|30059.5|30085.5|30044.5|30045.5|185
2021.02.25 01:00:00|30032.5|30228.5|30032.5|30203.5|1405
2021.02.25 02:00:00|30197.5|30212.5|30102.5|30182.5|3010
2021.02.25 03:00:00|30183.5|30198.5|30117.5|30167.5|4186
2021.02.25 04:00:00|30167.5|30187.5|30147.5|30162.5|2070
2021.02.25 05:00:00|30162.5|30187.5|30132.5|30142.5|1834
2021.02.25 06:00:00|30142.5|30157.5|30077.5|30108.5|1693
2021.02.25 07:00:00|30107.5|30187.5|30092.5|30182.5|2414
2021.02.25 08:00:00|30177.5|30227.5|30167.5|30203.5|1595
2021.02.25 09:00:00|30207.5|30207.5|30152.5|30182.5|1193
2021.02.25 10:00:00|30186.5|30222.5|30122.5|30177.5|3297
2021.02.25 11:00:00|30172.5|30182.5|30112.5|30147.5|2405
2021.02.25 12:00:00|30147.5|30187.5|30127.5|30177.5|1574
2021.02.25 13:00:00|30177.5|30187.5|30097.5|30112.5|1886
2021.02.25 14:00:00|30117.5|30127.5|30079.5|30102.5|1537
2021.02.25 15:00:00|30098.5|30137.5|30072.5|30117.5|1654
2021.02.25 16:00:00|30117.5|30157.5|30087.5|30122.5|2866
2021.02.25 17:00:00|30117.5|30122.5|29947.5|30012.5|7742
2021.02.25 18:00:00|30012.5|30047.5|29877.5|29887.5|6995
2021.02.25 19:00:00|29887.5|29917.5|29792.5|29792.5|9150
2021.02.25 20:00:00|29792.5|29837.5|29727.5|29768.5|10808
2021.02.25 21:00:00|29767.5|29862.5|29742.5|29742.5|5582
2021.02.25 22:00:00|29737.5|29767.5|29497.5|29592.5|6538
2021.02.25 23:00:00|29592.5|29657.5|29577.5|29577.5|486
2021.02.26 01:00:00|29555|29662.5|29542.5|29612.5|1446
2021.02.26 02:00:00|29607.5|29632.5|29207.5|29468.5|6827
2021.02.26 03:00:00|29468.5|29563.5|29342.5|29427.5|10426
2021.02.26 04:00:00|29428.5|29458.5|29352.5|29413.5|6403
2021.02.26 05:00:00|29417.5|29477.5|29332.5|29357.5|5057
2021.02.26 06:00:00|29357.5|29382.5|29159.5|29222.5|5727
2021.02.26 07:00:00|29222.5|29227.5|28982.5|28987.5|8983
2021.02.26 08:00:00|28988.5|29262.5|28972.5|29207.5|4603
2021.02.26 09:00:00|29212.5|29307.5|29147.5|29272.5|4528
2021.02.26 10:00:00|29272.5|29492.5|29232.5|29457.5|7100
2021.02.26 11:00:00|29452.5|29492.5|29407.5|29452.5|4075
2021.02.26 12:00:00|29448.5|29457.5|29372.5|29377.5|3697
2021.02.26 13:00:00|29372.5|29412.5|29202.5|29267.5|4910
2021.02.26 14:00:00|29267.5|29417.5|29267.5|29332.5|5519
2021.02.26 15:00:00|29327.5|29447.5|29292.5|29442.5|5620
2021.02.26 16:00:00|29441.5|29457.5|29277.5|29287.5|9658
2021.02.26 17:00:00|29287.5|29362.5|29122.5|29297.5|16030
2021.02.26 18:00:00|29297.5|29417.5|29257.5|29377.5|10155
2021.02.26 19:00:00|29382.5|29462.5|29357.5|29387.5|6716
2021.02.26 20:00:00|29387.5|29442.5|29317.5|29332.5|5991
2021.02.26 21:00:00|29337.5|29372.5|29277.5|29372.5|7111
2021.02.26 22:00:00|29367.5|29462.5|29257.5|29262.5|4028
2021.02.26 23:00:00|29262.5|29272.5|29182.5|29232.5|438
2021.03.01 01:00:00|29325|29628.5|29307.5|29592.5|2478
2021.03.01 02:00:00|29582.5|29683.5|29472.5|29588.5|4246
2021.03.01 03:00:00|29592.5|29647.5|29532.5|29627.5|4384
2021.03.01 04:00:00|29628.5|29653.5|29587.5|29592.5|2566
2021.03.01 05:00:00|29587.5|29617.5|29537.5|29547.5|2389
2021.03.01 06:00:00|29542.5|29612.5|29542.5|29568.5|2121
2021.03.01 07:00:00|29572.5|29682.5|29567.5|29667.5|3327
2021.03.01 08:00:00|29667.5|29707.5|29547.5|29582.5|2251
2021.03.01 09:00:00|29582.5|29632.5|29567.5|29607.5|1896
2021.03.01 10:00:00|29602.5|29642.5|29527.5|29532.5|3734
2021.03.01 11:00:00|29532.5|29572.5|29517.5|29552.5|1977
2021.03.01 12:00:00|29552.5|29567.5|29517.5|29552.5|1132
2021.03.01 13:00:00|29557.5|29557.5|29477.5|29502.5|1381
2021.03.01 14:00:00|29502.5|29553.5|29497.5|29547.5|1288
2021.03.01 15:00:00|29542.5|29567.5|29532.5|29542.5|1243
2021.03.01 16:00:00|29542.5|29637.5|29527.5|29637.5|3870
2021.03.01 17:00:00|29641.5|29787.5|29612.5|29782.5|3714
2021.03.01 18:00:00|29787.5|29792.5|29747.5|29777.5|2183
2021.03.01 19:00:00|29777.5|29797.5|29752.5|29752.5|1326
2021.03.01 20:00:00|29752.5|29852.5|29751.5|29832.5|1728
2021.03.01 21:00:00|29827.5|29892.5|29822.5|29872.5|991
2021.03.01 22:00:00|29872.5|29927.5|29822.5|29897.5|1625
2021.03.01 23:00:00|29892.5|29922.5|29882.5|29902.5|224
2021.03.02 01:00:00|29927.5|30017.5|29912.5|29943.5|1127
2021.03.02 02:00:00|29947.5|30002.5|29772.5|29803.5|4679
2021.03.02 03:00:00|29802.5|29817.5|29552.5|29567.5|5655
2021.03.02 04:00:00|29568.5|29637.5|29402.5|29437.5|5599
2021.03.02 05:00:00|29437.5|29478.5|29302.5|29457.5|5878
2021.03.02 06:00:00|29458.5|29527.5|29397.5|29437.5|3518
2021.03.02 07:00:00|29437.5|29447.5|29337.5|29422.5|5423
2021.03.02 08:00:00|29407.5|29527.5|29387.5|29487.5|2261
2021.03.02 09:00:00|29482.5|29512.5|29426.5|29426.5|1895
2021.03.02 10:00:00|29427.5|29552.5|29402.5|29417.5|3737
2021.03.02 11:00:00|29417.5|29487.5|29332.5|29452.5|3554
2021.03.02 12:00:00|29452.5|29527.5|29442.5|29512.5|2338
2021.03.02 13:00:00|29507.5|29577.5|29497.5|29557.5|2128
2021.03.02 14:00:00|29557.5|29587.5|29547.5|29567.5|1182
2021.03.02 15:00:00|29562.5|29582.5|29507.5|29577.5|1412
2021.03.02 16:00:00|29577.5|29622.5|29492.5|29562.5|4407
2021.03.02 17:00:00|29557.5|29587.5|29467.5|29527.5|6567
2021.03.02 18:00:00|29526.5|29542.5|29472.5|29502.5|5252
2021.03.02 19:00:00|29497.5|29602.5|29492.5|29577.5|2037
2021.03.02 20:00:00|29577.5|29637.5|29577.5|29607.5|1488
2021.03.02 21:00:00|29607.5|29622.5|29537.5|29582.5|2366
2021.03.02 22:00:00|29582.5|29612.5|29472.5|29512.5|2616
2021.03.02 23:00:00|29512.5|29532.5|29442.5|29442.5|537
2021.03.03 01:00:00|29512.5|29612.5|29507.5|29518.5|1099
2021.03.03 02:00:00|29517.5|29543.5|29327.5|29418.5|4203
2021.03.03 03:00:00|29418.5|29437.5|29342.5|29402.5|4362
2021.03.03 04:00:00|29407.5|29517.5|29382.5|29497.5|2675
2021.03.03 05:00:00|29498.5|29532.5|29457.5|29477.5|1987
2021.03.03 06:00:00|29477.5|29498.5|29442.5|29472.5|1457
2021.03.03 07:00:00|29473.5|29607.5|29467.5|29567.5|2718
2021.03.03 08:00:00|29567.5|29617.5|29517.5|29587.5|1539
2021.03.03 09:00:00|29592.5|29683.5|29582.5|29652.5|1311
2021.03.03 10:00:00|29647.5|29732.5|29647.5|29707.5|2605
2021.03.03 11:00:00|29702.5|29757.5|29692.5|29737.5|1443
2021.03.03 12:00:00|29742.5|29747.5|29707.5|29737.5|1034
2021.03.03 13:00:00|29735|29737.5|29697.5|29732.5|1159
2021.03.03 14:00:00|29732.5|29737.5|29677.5|29687.5|1223
2021.03.03 15:00:00|29687.5|29687.5|29472.5|29542.5|4035
2021.03.03 16:00:00|29537.5|29597.5|29467.5|29498.5|6457
2021.03.03 17:00:00|29498.5|29547.5|29397.5|29527.5|10086
2021.03.03 18:00:00|29522.5|29562.5|29507.5|29537.5|4626
2021.03.03 19:00:00|29532.5|29547.5|29482.5|29487.5|2436
2021.03.03 20:00:00|29482.5|29532.5|29437.5|29447.5|3502
2021.03.03 21:00:00|29447.5|29472.5|29377.5|29462.5|5008
2021.03.03 22:00:00|29462.5|29467.5|29262.5|29282.5|3159
2021.03.03 23:00:00|29282.5|29312.5|29252.5|29282.5|481
2021.03.04 01:00:00|29316.5|29332.5|29172.5|29177.5|1924
2021.03.04 02:00:00|29172.5|29277.5|29107.5|29202.5|5442
2021.03.04 03:00:00|29202.5|29212.5|29052.5|29087.5|6417
2021.03.04 04:00:00|29082.5|29102.5|28970.5|29001.5|5216
2021.03.04 05:00:00|29001.5|29051.5|28750.5|28755.5|5371
2021.03.04 06:00:00|28755.5|28910.5|28700.5|28900.5|4298
2021.03.04 07:00:00|28905.5|28995.5|28860.5|28915.5|4918
2021.03.04 08:00:00|28915.5|29025.5|28905.5|28985.5|2233
2021.03.04 09:00:00|28985.5|29075.5|28965.5|29050.5|1859
2021.03.04 10:00:00|29045.5|29135.5|29045.5|29110.5|3894
2021.03.04 11:00:00|29110.5|29125.5|28905.5|28975.5|3377
2021.03.04 12:00:00|28980.5|28995.5|28910.5|28970.5|3183
2021.03.04 13:00:00|28970.5|29045.5|28915.5|29035.5|2395
2021.03.04 14:00:00|29035.5|29075.5|29020.5|29070.5|1770
2021.03.04 15:00:00|29065.5|29135.5|29030.5|29115.5|2372
2021.03.04 16:00:00|29115.5|29200.5|29030.5|29055.5|5637
2021.03.04 17:00:00|29055.5|29210.5|28990.5|29195.5|8583
2021.03.04 18:00:00|29190.5|29280.5|29150.5|29245.5|6183
2021.03.04 19:00:00|29245.5|29285.5|28925.5|28955.5|12240
2021.03.04 20:00:00|28955.5|29030.5|28770.5|28775.5|11935
2021.03.04 21:00:00|28775.5|29050.5|28775.5|29010.5|9666
2021.03.04 22:00:00|29010.5|29025.5|28850.5|28910.5|6598
2021.03.04 23:00:00|28910.5|28960.5|28910.5|28930.5|383
2021.03.05 01:00:00|28918|28925.5|28720.5|28720.5|1498
2021.03.05 02:00:00|28720.5|28750.5|28405.5|28485.5|6491
2021.03.05 03:00:00|28485.5|28495.5|28295.5|28365.5|10581
2021.03.05 04:00:00|28366.5|28495.5|28290.5|28485.5|7230
2021.03.05 05:00:00|28490.5|28735.5|28470.5|28730.5|7138
2021.03.05 06:00:00|28730.5|28851.5|28646.5|28651.5|6105
2021.03.05 07:00:00|28646.5|28850.5|28605.5|28846.5|9065
2021.03.05 08:00:00|28846.5|28861.5|28720.5|28786.5|2733
2021.03.05 09:00:00|28786.5|28816.5|28670.5|28726.5|2786
2021.03.05 10:00:00|28726.5|28766.5|28625.5|28751.5|8086
2021.03.05 11:00:00|28745.5|28776.5|28680.5|28746.5|4828
2021.03.05 12:00:00|28750.5|28796.5|28721.5|28771.5|2757
2021.03.05 13:00:00|28766.5|28880.5|28760.5|28865.5|2071
2021.03.05 14:00:00|28860.5|28890.5|28820.5|28875.5|1869
2021.03.05 15:00:00|28880.5|29035.5|28722.5|28985.5|6788
2021.03.05 16:00:00|28985.5|29105.5|28865.5|28895.5|10278
2021.03.05 17:00:00|28890.5|28940.5|28735.5|28750.5|13961
2021.03.05 18:00:00|28750.5|28785.5|28595.5|28780.5|13192
2021.03.05 19:00:00|28780.5|28925.5|28760.5|28895.5|7026
2021.03.05 20:00:00|28890.5|29020.5|28840.5|28990.5|7934
2021.03.05 21:00:00|28990.5|29120.5|28950.5|29110.5|5844
2021.03.05 22:00:00|29115.5|29185.5|29110.5|29165.5|4496
2021.03.05 23:00:00|29165.5|29205.5|29160.5|29200.5|170
2021.03.08 01:00:00|29322.5|29465.5|29275.5|29316.5|2557
2021.03.08 02:00:00|29316.5|29321.5|29060.5|29145.5|6230
2021.03.08 03:00:00|29145.5|29195.5|29045.5|29125.5|7743
2021.03.08 04:00:00|29120.5|29141.5|28885.5|28950.5|7541
2021.03.08 05:00:00|28950.5|28960.5|28735.5|28780.5|7703
2021.03.08 06:00:00|28780.5|28816.5|28680.5|28741.5|5727
2021.03.08 07:00:00|28741.5|28770.5|28630.5|28710.5|7828
2021.03.08 08:00:00|28705.5|28810.5|28705.5|28744.5|2479
2021.03.08 09:00:00|28744.5|28804.5|28667.5|28703.5|2149
2021.03.08 10:00:00|28697.5|28742.5|28587.5|28732.5|6427
2021.03.08 11:00:00|28732.5|28742.5|28552.5|28642.5|5691
2021.03.08 12:00:00|28637.5|28708.5|28607.5|28698.5|4062
2021.03.08 13:00:00|28702.5|28787.5|28687.5|28787.5|4145
2021.03.08 14:00:00|28783.5|28812.5|28712.5|28762.5|4234
2021.03.08 15:00:00|28762.5|28887.5|28747.5|28882.5|3810
2021.03.08 16:00:00|28882.5|29002.5|28827.5|28892.5|9253
2021.03.08 17:00:00|28892.5|29062.5|28857.5|29027.5|11604
2021.03.08 18:00:00|29027.5|29062.5|28952.5|28952.5|7914
2021.03.08 19:00:00|28947.5|29092.5|28942.5|29032.5|5673
2021.03.08 20:00:00|29032.5|29072.5|28907.5|28917.5|4077
2021.03.08 21:00:00|28912.5|28992.5|28857.5|28887.5|5309
2021.03.08 22:00:00|28882.5|28887.5|28782.5|28817.5|4904
2021.03.08 23:00:00|28817.5|28852.5|28807.5|28842.5|554
2021.03.09 01:00:00|28887.5|28968.5|28742.5|28748.5|2366
2021.03.09 02:00:00|28742.5|28823.5|28597.5|28683.5|7314
2021.03.09 03:00:00|28682.5|28902.5|28635.5|28670.5|9654
2021.03.09 04:00:00|28671.5|28852.5|28665.5|28832.5|8369
2021.03.09 05:00:00|28832.5|29032.5|28827.5|28980.5|6304
2021.03.09 06:00:00|28984.5|29044.5|28859.5|28959.5|4133
2021.03.09 07:00:00|28960.5|29044.5|28944.5|28999.5|6531
2021.03.09 08:00:00|29004.5|29084.5|28979.5|28984.5|2491
2021.03.09 09:00:00|28989.5|29004.5|28914.5|28985.5|2815
2021.03.09 10:00:00|28979.5|29055.5|28949.5|29025.5|5713
2021.03.09 11:00:00|29025.5|29150.5|29015.5|29115.5|2914
2021.03.09 12:00:00|29115.5|29195.5|29109.5|29140.5|2910
2021.03.09 13:00:00|29135.5|29215.5|29134.5|29165.5|2986
2021.03.09 14:00:00|29169.5|29184.5|29109.5|29139.5|2206
2021.03.09 15:00:00|29139.5|29184.5|29119.5|29159.5|2502
2021.03.09 16:00:00|29164.5|29189.5|29074.5|29169.5|5980
2021.03.09 17:00:00|29174.5|29234.5|29144.5|29214.5|6269
2021.03.09 18:00:00|29214.5|29239.5|29174.5|29224.5|3362
2021.03.09 19:00:00|29229.5|29264.5|29209.5|29229.5|1547
2021.03.09 20:00:00|29229.5|29269.5|29229.5|29259.5|1946
2021.03.09 21:00:00|29264.5|29270.5|29219.5|29234.5|1428
2021.03.09 22:00:00|29239.5|29264.5|29189.5|29199.5|1854
2021.03.09 23:00:00|29199.5|29204.5|29154.5|29184.5|395
2021.03.10 01:00:00|29214.5|29254.5|29144.5|29170.5|1470
2021.03.10 02:00:00|29165.5|29229.5|28964.5|28965.5|5323
2021.03.10 03:00:00|28965.5|29080.5|28944.5|29015.5|6142
2021.03.10 04:00:00|29014.5|29119.5|28984.5|29100.5|4336
2021.03.10 05:00:00|29099.5|29129.5|29014.5|29019.5|3221
2021.03.10 06:00:00|29014.5|29134.5|28959.5|29049.5|3094
2021.03.10 07:00:00|29044.5|29069.5|28964.5|29024.5|4679
2021.03.10 08:00:00|29029.5|29064.5|28964.5|28979.5|1497
2021.03.10 09:00:00|28979.5|29009.5|28964.5|28989.5|1574
2021.03.10 10:00:00|28984.5|29082.5|28954.5|29077.5|3835
2021.03.10 11:00:00|29077.5|29097.5|29057.5|29088.5|2446
2021.03.10 12:00:00|29088.5|29108.5|29052.5|29053.5|1544
2021.03.10 13:00:00|29052.5|29078.5|29017.5|29062.5|1961
2021.03.10 14:00:00|29060.5|29087.5|29042.5|29062.5|1781
2021.03.10 15:00:00|29057.5|29127.5|29017.5|29117.5|3694
2021.03.10 16:00:00|29117.5|29177.5|29087.5|29147.5|2727
2021.03.10 17:00:00|29147.5|29182.5|29057.5|29122.5|3894
2021.03.10 18:00:00|29127.5|29172.5|29082.5|29162.5|3049
2021.03.10 19:00:00|29157.5|29172.5|29112.5|29157.5|1322
2021.03.10 20:00:00|29162.5|29172.5|29072.5|29112.5|3765
2021.03.10 21:00:00|29112.5|29172.5|29102.5|29137.5|1308
2021.03.10 22:00:00|29132.5|29172.5|29097.5|29107.5|1076
2021.03.10 23:00:00|29102.5|29122.5|29092.5|29107.5|157
2021.03.11 01:00:00|29132.5|29152.5|29022.5|29037.5|1363
2021.03.11 02:00:00|29032.5|29157.5|28997.5|29092.5|3354
2021.03.11 03:00:00|29092.5|29172.5|29067.5|29168.5|3417
2021.03.11 04:00:00|29172.5|29202.5|29152.5|29193.5|2396
2021.03.11 05:00:00|29197.5|29227.5|29137.5|29142.5|2340
2021.03.11 06:00:00|29142.5|29182.5|29127.5|29177.5|1659
2021.03.11 07:00:00|29172.5|29252.5|29157.5|29232.5|3378
2021.03.11 08:00:00|29232.5|29297.5|29187.5|29297.5|1635
2021.03.11 09:00:00|29292.5|29347.5|29267.5|29332.5|1551
2021.03.11 10:00:00|29332.5|29342.5|29287.5|29312.5|3319
2021.03.11 11:00:00|29312.5|29367.5|29307.5|29317.5|2019
2021.03.11 12:00:00|29317.5|29327.5|29294.5|29312.5|1335
2021.03.11 13:00:00|29312.5|29317.5|29287.5|29297.5|1324
2021.03.11 14:00:00|29292.5|29337.5|29282.5|29317.5|1746
2021.03.11 15:00:00|29317.5|29337.5|29292.5|29322.5|2161
2021.03.11 16:00:00|29317.5|29332.5|29282.5|29327.5|3079
2021.03.11 17:00:00|29327.5|29347.5|29262.5|29332.5|2355
2021.03.11 18:00:00|29327.5|29372.5|29327.5|29338.5|1373
2021.03.11 19:00:00|29342.5|29362.5|29317.5|29332.5|1722
2021.03.11 20:00:00|29332.5|29347.5|29283.5|29292.5|2192
2021.03.11 21:00:00|29292.5|29312.5|29252.5|29257.5|1985
2021.03.11 22:00:00|29253.5|29292.5|29242.5|29277.5|1998
2021.03.11 23:00:00|29273.5|29303.5|29263.5|29302.5|365
2021.03.12 01:00:00|29332|29487.5|29332|29357.5|1784
2021.03.12 02:00:00|29327.5|29377.5|29202.5|29252.5|4512
2021.03.12 03:00:00|29252.5|29412.5|29242.5|29397.5|4260
2021.03.12 04:00:00|29398.5|29553.5|29393.5|29482.5|3939
2021.03.12 05:00:00|29483.5|29602.5|29468.5|29598.5|2528
2021.03.12 06:00:00|29602.5|29737.5|29592.5|29727.5|2403
2021.03.12 07:00:00|29727.5|29747.5|29662.5|29697.5|4001
2021.03.12 08:00:00|29702.5|29768.5|29697.5|29708.5|2090
2021.03.12 09:00:00|29707.5|29727.5|29597.5|29607.5|2474
2021.03.12 10:00:00|29607.5|29622.5|29512.5|29547.5|3932
2021.03.12 11:00:00|29542.5|29587.5|29536.5|29566.5|2017
2021.03.12 12:00:00|29571.5|29607.5|29536.5|29587.5|1459
2021.03.12 13:00:00|29587.5|29587.5|29532.5|29547.5|1700
2021.03.12 14:00:00|29552.5|29616.5|29547.5|29612.5|1207
2021.03.12 15:00:00|29620|29642.5|29587.5|29587.5|1421
2021.03.12 16:00:00|29587.5|29637.5|29572.5|29627.5|3242
2021.03.12 17:00:00|29627.5|29637.5|29577.5|29602.5|3125
2021.03.12 18:00:00|29602.5|29617.5|29582.5|29602.5|2194
2021.03.12 19:00:00|29602.5|29637.5|29587.5|29617.5|1157
2021.03.12 20:00:00|29612.5|29672.5|29592.5|29657.5|946
2021.03.12 21:00:00|29662.5|29682.5|29657.5|29677.5|734
2021.03.12 22:00:00|29682.5|29722.5|29672.5|29712.5|874
2021.03.12 23:00:00|29707.5|29722.5|29682.5|29687.5|171
2021.03.15 00:00:00|29787.5|29832.5|29730|29732.5|266
2021.03.15 01:00:00|29737.5|29847.5|29737.5|29822.5|1237
2021.03.15 02:00:00|29822.5|29892.5|29697.5|29787.5|5452
2021.03.15 03:00:00|29787.5|29847.5|29762.5|29832.5|3734
2021.03.15 04:00:00|29837.5|29862.5|29777.5|29802.5|2426
2021.03.15 05:00:00|29802.5|29812.5|29667.5|29747.5|2083
2021.03.15 06:00:00|29752.5|29782.5|29707.5|29772.5|1265
2021.03.15 07:00:00|29772.5|29792.5|29727.5|29747.5|2566
2021.03.15 08:00:00|29757.5|29782.5|29684.5|29722.5|1417
2021.03.15 09:00:00|29722.5|29737.5|29687.5|29732.5|1196
2021.03.15 10:00:00|29732.5|29777.5|29717.5|29767.5|2531
2021.03.15 11:00:00|29772.5|29807.5|29762.5|29782.5|1212
2021.03.15 12:00:00|29777.5|29782.5|29742.5|29757.5|997
2021.03.15 13:00:00|29752.5|29762.5|29712.5|29717.5|922
2021.03.15 14:00:00|29717.5|29722.5|29702.5|29722.5|1032
2021.03.15 15:00:00|29717.5|29747.5|29712.5|29747.5|2244
2021.03.15 16:00:00|29742.5|29747.5|29697.5|29727.5|1855
2021.03.15 17:00:00|29722.5|29737.5|29587.5|29637.5|2393
2021.03.15 18:00:00|29632.5|29717.5|29632.5|29712.5|1338
2021.03.15 19:00:00|29712.5|29742.5|29707.5|29742.5|952
2021.03.15 20:00:00|29745|29757.5|29737.5|29742.5|409
2021.03.15 21:00:00|29742.5|29807.5|29727.5|29802.5|805
2021.03.15 22:00:00|29802.5|29837.5|29802.5|29827.5|205
2021.03.16 00:00:00|29822.5|29847.5|29812.5|29817.5|107
2021.03.16 01:00:00|29812.5|29852.5|29742.5|29767.5|1540
2021.03.16 02:00:00|29767.5|29857.5|29752.5|29822.5|4093
2021.03.16 03:00:00|29822.5|30032.5|29822.5|29978.5|3990
2021.03.16 04:00:00|29982.5|29988.5|29917.5|29987.5|2533
2021.03.16 05:00:00|29987.5|30017.5|29922.5|29947.5|2067
2021.03.16 06:00:00|29944.5|29953.5|29897.5|29933.5|1860
2021.03.16 07:00:00|29937.5|29942.5|29897.5|29917.5|2147
2021.03.16 08:00:00|29917.5|29943.5|29872.5|29942.5|1259
2021.03.16 09:00:00|29938.5|29942.5|29887.5|29892.5|951
2021.03.16 10:00:00|29892.5|29902.5|29852.5|29867.5|2565
2021.03.16 11:00:00|29863.5|29897.5|29842.5|29857.5|1325
2021.03.16 12:00:00|29862.5|29892.5|29857.5|29887.5|782
2021.03.16 13:00:00|29887.5|29932.5|29887.5|29932.5|946
2021.03.16 14:00:00|29937.5|29942.5|29907.5|29907.5|1037
2021.03.16 15:00:00|29911.5|29917.5|29882.5|29902.5|1983
2021.03.16 16:00:00|29898.5|29932.5|29882.5|29903.5|1419
2021.03.16 17:00:00|29907.5|29942.5|29882.5|29942.5|1426
2021.03.16 18:00:00|29950|29955|29902.5|29927.5|1189
2021.03.16 19:00:00|29932.5|29942.5|29897.5|29897.5|1381
2021.03.16 20:00:00|29898.5|29907.5|29822.5|29862.5|2662
2021.03.16 21:00:00|29858.5|29897.5|29837.5|29872.5|1840
2021.03.16 22:00:00|29868.5|29877.5|29837.5|29837.5|330
2021.03.17 00:00:00|29834.5|29852.5|29827|29827.5|94
2021.03.17 01:00:00|29822|29857|29797.5|29813.5|1320
2021.03.17 02:00:00|29812.5|29933.5|29807.5|29898.5|5565
2021.03.17 03:00:00|29902.5|29987.5|29897.5|29982.5|3551
2021.03.17 04:00:00|29983.5|29983.5|29907.5|29928.5|1904
2021.03.17 05:00:00|29928.5|29932.5|29822.5|29848.5|2564
2021.03.17 06:00:00|29848.5|29892.5|29822.5|29888.5|1568
2021.03.17 07:00:00|29888.5|29907.5|29832.5|29903.5|2157
2021.03.17 08:00:00|29907.5|29912.5|29872.5|29883.5|903
2021.03.17 09:00:00|29885|29897.5|29867.5|29887.5|603
2021.03.17 10:00:00|29887.5|29912.5|29877.5|29898.5|2541
2021.03.17 11:00:00|29902.5|29907.5|29882.5|29902.5|944
2021.03.17 12:00:00|29900|29917.5|29892.5|29892.5|1048
2021.03.17 13:00:00|29892|29902.5|29837.5|29843.5|1806
2021.03.17 14:00:00|29842.5|29877.5|29832.5|29867.5|1584
2021.03.17 15:00:00|29867.5|29892.5|29847.5|29887.5|2117
2021.03.17 16:00:00|29882.5|29887.5|29832.5|29852.5|2502
2021.03.17 17:00:00|29847.5|29892.5|29832.5|29882.5|2058
2021.03.17 18:00:00|29882.5|29895|29842.5|29847.5|1094
2021.03.17 19:00:00|29842.5|29877.5|29842.5|29847.5|1047
2021.03.17 20:00:00|29847.5|30032.5|29847.5|29997.5|7754
2021.03.17 21:00:00|29997.5|30022.5|29962.5|29992.5|3593
2021.03.17 22:00:00|29987.5|30018.5|29977.5|29982.5|669
2021.03.18 00:00:00|29995|30022.5|29992.5|30017.5|150
2021.03.18 01:00:00|30022|30187.5|30007.5|30152.5|3724
2021.03.18 02:00:00|30152.5|30467.5|30152.5|30462.5|8310
2021.03.18 03:00:00|30467.5|30488.5|30347.5|30383.5|4771
2021.03.18 04:00:00|30383.5|30427.5|30357.5|30402.5|2351
2021.03.18 05:00:00|30402.5|30402.5|30032.5|30148.5|8471
2021.03.18 06:00:00|30143.5|30207.5|30087.5|30193.5|3241
2021.03.18 07:00:00|30197.5|30262.5|30167.5|30222.5|3045
2021.03.18 08:00:00|30222.5|30292.5|30167.5|30267.5|1863
2021.03.18 09:00:00|30267.5|30272.5|30162.5|30192.5|2682
2021.03.18 10:00:00|30197.5|30217.5|30072.5|30102.5|3862
2021.03.18 11:00:00|30097.5|30152.5|30097.5|30147.5|2510
2021.03.18 12:00:00|30145.5|30172.5|30132.5|30157.5|1824
2021.03.18 13:00:00|30157.5|30167.5|30092.5|30117.5|2429
2021.03.18 14:00:00|30117.5|30132.5|30092.5|30122.5|2156
2021.03.18 15:00:00|30122.5|30142.5|30052.5|30122.5|3671
2021.03.18 16:00:00|30120.5|30182.5|30097.5|30152.5|4540
2021.03.18 17:00:00|30152.5|30197.5|30147.5|30192.5|1446
2021.03.18 18:00:00|30192.5|30227.5|30102.5|30122.5|1389
2021.03.18 19:00:00|30122.5|30187.5|30112.5|30182.5|1491
2021.03.18 20:00:00|30186.5|30186.5|30002.5|30057.5|4443
2021.03.18 21:00:00|30058.5|30067.5|29897.5|29902.5|5679
2021.03.18 22:00:00|29902.5|29967.5|29902.5|29932.5|578
2021.03.19 00:00:00|29944.5|30037.5|29927.5|29962.5|360
2021.03.19 01:00:00|29962.5|29972.5|29867.5|29887.5|1726
2021.03.19 02:00:00|29882.5|30047.5|29867.5|30022.5|6582
2021.03.19 03:00:00|30022.5|30042.5|29932.5|29998.5|4685
2021.03.19 04:00:00|29997.5|29998.5|29897.5|29908.5|4190
2021.03.19 05:00:00|29912.5|30047.5|29672.5|29733.5|5120
2021.03.19 06:00:00|29737.5|29893.5|29618.5|29848.5|5601
2021.03.19 07:00:00|29847.5|29868.5|29727.5|29807.5|4425
2021.03.19 08:00:00|29807.5|29808.5|29632.5|29688.5|3005
2021.03.19 09:00:00|29688.5|29772.5|29677.5|29742.5|3184
2021.03.19 10:00:00|29737.5|29802.5|29727.5|29752.5|5290
2021.03.19 11:00:00|29752.5|29762.5|29692.5|29737.5|2671
2021.03.19 12:00:00|29737.5|29747.5|29662.5|29687.5|2636
2021.03.19 13:00:00|29682.5|29687.5|29547.5|29582.5|2596
2021.03.19 14:00:00|29582.5|29597.5|29522.5|29557.5|2353
2021.03.19 15:00:00|29552.5|29552.5|29097.5|29302.5|10701
2021.03.19 16:00:00|29302.5|29372.5|29172.5|29357.5|8894
2021.03.19 17:00:00|29357.5|29397.5|29257.5|29388.5|5649
2021.03.19 18:00:00|29388.5|29438.5|29377.5|29437.5|3584
2021.03.19 19:00:00|29437.5|29483.5|29407.5|29473.5|2723
2021.03.19 20:00:00|29477.5|29518.5|29462.5|29513.5|2792
2021.03.19 21:00:00|29507.5|29572.5|29487.5|29528.5|3592
2021.03.19 22:00:00|29527.5|29538.5|29453.5|29463.5|585
2021.03.22 00:00:00|29413.5|29442.5|29402.5|29428.5|184
2021.03.22 01:00:00|29432.5|29468.5|29277.5|29333.5|2265
2021.03.22 02:00:00|29347.5|29383.5|29153.5|29203.5|7887
2021.03.22 03:00:00|29207.5|29287.5|29097.5|29283.5|4879
2021.03.22 04:00:00|29283.5|29293.5|29112.5|29208.5|3546
2021.03.22 05:00:00|29208.5|29278.5|29162.5|29163.5|2440
2021.03.22 06:00:00|29167.5|29353.5|29157.5|29233.5|2210
2021.03.22 07:00:00|29233.5|29253.5|29147.5|29182.5|3500
2021.03.22 08:00:00|29183.5|29193.5|29082.5|29138.5|1785
2021.03.22 09:00:00|29142.5|29148.5|28902.5|28948.5|3584
2021.03.22 10:00:00|28948.5|29051.5|28905.5|28996.5|4466
2021.03.22 11:00:00|28991.5|29036.5|28955.5|29026.5|2454
2021.03.22 12:00:00|29030.5|29086.5|29025.5|29076.5|1266
2021.03.22 13:00:00|29075.5|29146.5|29067.5|29136.5|1502
2021.03.22 14:00:00|29136.5|29141.5|29090.5|29116.5|1264
2021.03.22 15:00:00|29111.5|29226.5|29090.5|29191.5|2680
2021.03.22 16:00:00|29191.5|29266.5|29160.5|29231.5|3333
2021.03.22 17:00:00|29225.5|29286.5|29220.5|29261.5|1544
2021.03.22 18:00:00|29265.5|29341.5|29240.5|29341.5|1589
2021.03.22 19:00:00|29345.5|29396.5|29340.5|29386.5|1448
2021.03.22 20:00:00|29381.5|29401.5|29370.5|29376.5|901
2021.03.22 21:00:00|29373|29381.5|29250.5|29286.5|1147
2021.03.22 22:00:00|29290.5|29301.5|29245.5|29260.5|334
2021.03.23 00:00:00|29247.5|29267.5|29241.5|29242.5|177
2021.03.23 01:00:00|29241.5|29387.5|29216.5|29377.5|1508
2021.03.23 02:00:00|29372.5|29497.5|29246.5|29292.5|4177
2021.03.23 03:00:00|29286.5|29407.5|29271.5|29342.5|3632
2021.03.23 04:00:00|29346.5|29352.5|29156.5|29192.5|2588
2021.03.23 05:00:00|29192.5|29202.5|29072.5|29132.5|2058
2021.03.23 06:00:00|29132.5|29172.5|29021.5|29032.5|2112
2021.03.23 07:00:00|29027.5|29117.5|28997.5|29017.5|3086
2021.03.23 08:00:00|29012.5|29017.5|28937.5|29007.5|1303
2021.03.23 09:00:00|29001.5|29077.5|28997.5|29032.5|1548
2021.03.23 10:00:00|29027.5|29052.5|28926.5|29047.5|3766
2021.03.23 11:00:00|29047.5|29057.5|28946.5|28957.5|2419
2021.03.23 12:00:00|28957.5|28962.5|28847.5|28917.5|2725
2021.03.23 13:00:00|28921.5|28972.5|28892.5|28932.5|1950
2021.03.23 14:00:00|28932.5|29022.5|28932.5|29002.5|1891
2021.03.23 15:00:00|29002.5|29032.5|28976.5|29027.5|2831
2021.03.23 16:00:00|29021.5|29067.5|28952.5|29037.5|3359
2021.03.23 17:00:00|29037.5|29102.5|29027.5|29057.5|2843
2021.03.23 18:00:00|29061.5|29087.5|29021.5|29082.5|3805
2021.03.23 19:00:00|29082.5|29102.5|29001.5|29012.5|2078
2021.03.23 20:00:00|29016.5|29027.5|28896.5|28897.5|2578
2021.03.23 21:00:00|28901.5|28932.5|28791.5|28847.5|4557
2021.03.23 22:00:00|28847.5|28857.5|28802.5|28831.5|398
2021.03.24 00:00:00|28826.5|28832.5|28787.5|28817.5|390
2021.03.24 01:00:00|28811.5|28822.5|28721.5|28742.5|1569
2021.03.24 02:00:00|28741.5|28857.5|28652.5|28687.5|5197
2021.03.24 03:00:00|28687.5|28727.5|28481.5|28497.5|4488
2021.03.24 04:00:00|28491.5|28532.5|28431.5|28497.5|4659
2021.03.24 05:00:00|28497.5|28597.5|28427.5|28547.5|4076
2021.03.24 06:00:00|28547.5|28562.5|28401.5|28467.5|3031
2021.03.24 07:00:00|28467.5|28522.5|28367.5|28407.5|4613
2021.03.24 08:00:00|28407.5|28422.5|28271.5|28387.5|2194
2021.03.24 09:00:00|28382.5|28422.5|28337.5|28352.5|2229
2021.03.24 10:00:00|28352.5|28522.5|28296.5|28507.5|5066
2021.03.24 11:00:00|28507.5|28562.5|28502.5|28547.5|2482
2021.03.24 12:00:00|28547.5|28582.5|28491.5|28522.5|2004
2021.03.24 13:00:00|28522.5|28567.5|28491.5|28497.5|1681
2021.03.24 14:00:00|28497.5|28542.5|28491.5|28537.5|1320
2021.03.24 15:00:00|28532.5|28612.5|28517.5|28525.25|2981
2021.03.24 16:00:00|28521.5|28646.5|28520.25|28630.25|4472
2021.03.24 17:00:00|28632.25|28672.5|28606.5|28627.5|2732
2021.03.24 18:00:00|28627.5|28687.5|28626.5|28667.5|2611
2021.03.24 19:00:00|28667.5|28667.5|28577.5|28657.5|3344
2021.03.24 20:00:00|28657.5|28667.5|28556.5|28562.5|3503
2021.03.24 21:00:00|28562.5|28607.5|28491.5|28502.5|4066
2021.03.24 22:00:00|28496.5|28502.5|28446.5|28481.5|953
2021.03.25 00:00:00|28476.5|28509|28471.5|28486.5|110
2021.03.25 01:00:00|28496.5|28557.5|28436.5|28447.5|1014
2021.03.25 02:00:00|28442.5|28642.5|28442.5|28612.5|6538
2021.03.25 03:00:00|28612.5|28617.5|28397.5|28507.5|5372
2021.03.25 04:00:00|28507.5|28762.5|28491.5|28707.5|4496
2021.03.25 05:00:00|28711.5|28727.5|28581.5|28652.5|3507
2021.03.25 06:00:00|28652.5|28702.5|28611.5|28677.5|1834
2021.03.25 07:00:00|28677.5|28821.5|28671.5|28712.5|4720
2021.03.25 08:00:00|28712.5|28817.5|28686.5|28787.5|1879
2021.03.25 09:00:00|28791.5|28812.5|28751.5|28776.5|1404
2021.03.25 10:00:00|28771.5|28981.5|28731.5|28946.5|4640
2021.03.25 11:00:00|28941.5|28942.5|28871.5|28886.5|2435
2021.03.25 12:00:00|28886.5|28946.5|28886.5|28926.5|1152
2021.03.25 13:00:00|28921.5|28931.5|28701.5|28711.5|3855
2021.03.25 14:00:00|28706.5|28776.5|28661.5|28691.5|4183
2021.03.25 15:00:00|28691.5|28761.5|28661.5|28746.5|6142
2021.03.25 16:00:00|28746.5|28821.5|28656.5|28716.5|7465
2021.03.25 17:00:00|28716.5|28851.5|28666.5|28846.5|6140
2021.03.25 18:00:00|28846.5|28961.5|28841.5|28952.5|4007
2021.03.25 19:00:00|28952.5|29011.5|28921.5|28946.5|5086
2021.03.25 20:00:00|28941.5|29026.5|28916.5|29016.5|4641
2021.03.25 21:00:00|29016.5|29081.5|29011.5|29046.5|3302
2021.03.25 22:00:00|29046.5|29080|29036.5|29051.5|460
2021.03.26 00:00:00|29046.5|29051.5|29016.5|29046.5|34
2021.03.26 01:00:00|29051.5|29181.5|29036.5|29067.5|1457
2021.03.26 02:00:00|29066.5|29246.5|28995.5|29031.5|7994
2021.03.26 03:00:00|29025.5|29091.5|28940.5|29086.5|5996
2021.03.26 04:00:00|29086.5|29216.5|29075.5|29186.5|3324
2021.03.26 05:00:00|29190.5|29256.5|29135.5|29166.5|2543
2021.03.26 06:00:00|29166.5|29201.5|29145.5|29191.5|1781
2021.03.26 07:00:00|29195.5|29206.5|29115.5|29186.5|3290
2021.03.26 08:00:00|29180.5|29296.5|29175.5|29241.5|1622
2021.03.26 09:00:00|29243.75|29291.5|29235.5|29271.5|1181
2021.03.26 10:00:00|29271.5|29316.5|29231.5|29256.25|3275
2021.03.26 11:00:00|29258.25|29271.5|29210.5|29246.5|1777
2021.03.26 12:00:00|29246.5|29261.5|29210.5|29246.5|1366
2021.03.26 13:00:00|29246.5|29291.5|29231.5|29276.5|1354
2021.03.26 14:00:00|29276.5|29281.5|29229.25|29256.5|1262
2021.03.26 15:00:00|29256.5|29346.5|29245.5|29339.25|2396
2021.03.26 16:00:00|29341.5|29436.5|29339.25|29366.5|2534
2021.03.26 17:00:00|29366.5|29386.5|29325.5|29351.5|2331
2021.03.26 18:00:00|29355.5|29391.5|29330.5|29366.5|1676
2021.03.26 19:00:00|29366.5|29391.5|29340.5|29381.5|1414
2021.03.26 20:00:00|29375.5|29391.5|29306.5|29391.5|3357
2021.03.26 21:00:00|29385.5|29600.5|29385.5|29586.5|3278
2021.03.26 22:00:00|29586.5|29636.5|29570.5|29601.5|725
2021.03.29 01:00:00|29570.5|29613|29555.5|29556.5|252
2021.03.29 02:00:00|29550.5|29606.5|29530.5|29531.5|1184
2021.03.29 03:00:00|29530.5|29571.5|29355.5|29381.5|7070
2021.03.29 04:00:00|29381.5|29471.5|29340.5|29456.5|5008
2021.03.29 05:00:00|29456.5|29510.5|29435.5|29471.5|3024
2021.03.29 06:00:00|29475.5|29570.5|29405.5|29561.5|2652
2021.03.29 07:00:00|29561.5|29571.5|29480.5|29521.5|2572
2021.03.29 08:00:00|29520.5|29531.5|29180.5|29326.5|10243
2021.03.29 09:00:00|29330.5|29386.5|29225.5|29371.5|2687
2021.03.29 10:00:00|29371.5|29446.5|29340.5|29396.5|2936
2021.03.29 11:00:00|29390.5|29401.5|29330.5|29366.5|2410
2021.03.29 12:00:00|29363|29450.5|29345.5|29441.5|1430
2021.03.29 13:00:00|29435.5|29456.5|29411.5|29421.5|1083
2021.03.29 14:00:00|29421.5|29453|29405.5|29411.5|1201
2021.03.29 15:00:00|29411.5|29421.5|29385.5|29411.5|1276
2021.03.29 16:00:00|29411.5|29496.5|29390.5|29441.5|2728
2021.03.29 17:00:00|29435.5|29456.5|29370.5|29391.5|5594
2021.03.29 18:00:00|29385.5|29451.5|29355.5|29446.5|2825
2021.03.29 19:00:00|29446.5|29535.5|29405.5|29526.5|1991
2021.03.29 20:00:00|29530.5|29586.5|29515.5|29541.5|2691
2021.03.29 21:00:00|29541.5|29546.5|29475.5|29491.5|3108
2021.03.29 22:00:00|29491.5|29556.5|29486.5|29521.5|3593
2021.03.29 23:00:00|29520.5|29531.5|29501.5|29505.5|268
2021.03.30 01:00:00|29358|29380.5|29355.5|29360.5|63
2021.03.30 02:00:00|29360.5|29451.5|29335.5|29391.5|1282
2021.03.30 03:00:00|29390.5|29476.5|29305.5|29361.5|6762
2021.03.30 04:00:00|29361.5|29396.5|29270.5|29326.5|3766
2021.03.30 05:00:00|29326.5|29391.5|29315.5|29361.5|2081
2021.03.30 06:00:00|29361.5|29431.5|29360.5|29416.5|1907
2021.03.30 07:00:00|29416.5|29421.5|29366.5|29386.5|1260
2021.03.30 08:00:00|29386.5|29431.5|29336.5|29406.5|2467
2021.03.30 09:00:00|29406.5|29481.5|29405.5|29451.5|1462
2021.03.30 10:00:00|29451.5|29536.5|29450.5|29486.5|1733
2021.03.30 11:00:00|29480.5|29511.5|29450.5|29456.5|1555
2021.03.30 12:00:00|29456.5|29481.5|29450.5|29466.5|846
2021.03.30 13:00:00|29470.5|29491.5|29456.5|29471.5|891
2021.03.30 14:00:00|29465.5|29471.5|29390.5|29409.25|1700
2021.03.30 15:00:00|29405.5|29431.5|29340.5|29381.5|1209
2021.03.30 16:00:00|29375.5|29401.5|29310.5|29331.5|2500
2021.03.30 17:00:00|29331.5|29425.5|29310.5|29395.5|4214
2021.03.30 18:00:00|29395.5|29430.5|29355.5|29360.5|2358
2021.03.30 19:00:00|29360.5|29380.5|29335.5|29365.5|1421
2021.03.30 20:00:00|29360.5|29391.5|29335.5|29370.5|980
2021.03.30 21:00:00|29370.5|29405.5|29360.5|29400.5|1244
2021.03.30 22:00:00|29400.5|29416.5|29336.5|29391.5|1915
2021.03.30 23:00:00|29391.5|29395.5|29306.5|29325.5|374
2021.03.31 01:00:00|29307.5|29313.5|29267.5|29293.5|81
2021.03.31 02:00:00|29293.5|29393.5|29237.5|29273.5|1143
2021.03.31 03:00:00|29273.5|29333.5|29147.5|29313.5|6630
2021.03.31 04:00:00|29313.5|29318.5|29187.5|29208.5|4307
2021.03.31 05:00:00|29208.5|29222.5|29157.5|29203.5|2104
2021.03.31 06:00:00|29203.5|29268.5|29192.5|29218.5|2336
2021.03.31 07:00:00|29218.5|29248.5|29162.5|29193.5|1715
2021.03.31 08:00:00|29193.5|29293.5|29168.5|29218.5|3330
2021.03.31 09:00:00|29213.5|29223.5|29130.75|29203.5|1837
2021.03.31 10:00:00|29203.5|29238.5|29192.5|29223.5|1306
2021.03.31 11:00:00|29223.5|29253.5|29168.5|29196.25|1570
2021.03.31 12:00:00|29198.5|29228.5|29186.25|29223.5|895
2021.03.31 13:00:00|29227.5|29233.5|29207.5|29228.5|677
2021.03.31 14:00:00|29228.5|29263.5|29217.5|29258.5|596
2021.03.31 15:00:00|29258.5|29273.5|29243.5|29253.5|936
2021.03.31 16:00:00|29247.5|29318.5|29247.5|29293.5|1636
2021.03.31 17:00:00|29293.5|29348.5|29267.5|29328.5|1741
2021.03.31 18:00:00|29328.5|29353.5|29307.5|29348.5|1844
2021.03.31 19:00:00|29355|29408.5|29347.5|29403.5|644
2021.03.31 20:00:00|29402.5|29433.5|29397.5|29418.5|669
2021.03.31 21:00:00|29412.5|29428.5|29402.5|29413.5|1253
2021.03.31 22:00:00|29408.5|29428|29337.5|29338.5|2033
2021.03.31 23:00:00|29338.5|29378.5|29338.5|29342.5|454
2021.04.01 01:00:00|29365|29392.5|29362.5|29387.5|23
2021.04.01 02:00:00|29395|29457.5|29382.5|29433.5|1000
2021.04.01 03:00:00|29437.5|29553.5|29402.5|29543.5|5731
2021.04.01 04:00:00|29543.5|29578.5|29483.5|29518.5|3374
2021.04.01 05:00:00|29522.5|29552.5|29348.5|29388.5|2417
2021.04.01 06:00:00|29392.5|29402.5|29303.5|29363.5|2591
2021.04.01 07:00:00|29363.5|29398.5|29337.5|29388.5|1775
2021.04.01 08:00:00|29388.5|29438.5|29363.5|29422.5|2032
2021.04.01 09:00:00|29418.5|29457.5|29386.25|29453.5|1076
2021.04.01 10:00:00|29447.5|29502.5|29417.5|29492.5|1368
2021.04.01 11:00:00|29497.5|29512.5|29452.5|29477.5|945
2021.04.01 12:00:00|29477.5|29502.5|29472.5|29492.5|817
2021.04.01 13:00:00|29491.5|29491.5|29447.5|29447.5|591
2021.04.01 14:00:00|29452.5|29505|29452.5|29497.5|407
2021.04.01 15:00:00|29497.5|29517.5|29487.5|29517.5|656
2021.04.01 16:00:00|29521.5|29527.5|29492.5|29495.25|941
2021.04.01 17:00:00|29500.75|29577.5|29492.5|29553.5|1455
2021.04.01 18:00:00|29557.5|29565|29537.5|29557.5|1010
2021.04.01 19:00:00|29558.5|29623.5|29553.5|29608.5|903
2021.04.01 20:00:00|29607.5|29622.5|29577.5|29617.5|702
2021.04.01 21:00:00|29612.5|29643|29612.5|29632.5|268
2021.04.01 22:00:00|29627.5|29715.25|29622.5|29670.25|674
2021.04.01 23:00:00|29672.5|29712.5|29672.5|29697.5|250
2021.04.02 01:00:00|29687.5|29690|29662.5|29662.5|28
2021.04.02 02:00:00|29660|29773.5|29657.5|29743.25|913
2021.04.02 03:00:00|29745.75|29833.5|29742.5|29758.5|5417
2021.04.02 04:00:00|29762.5|29798.5|29727.5|29728.5|1535
2021.04.02 05:00:00|29728.5|29758.5|29687.5|29738.5|847
2021.04.02 06:00:00|29738.5|29758.5|29708.5|29753.5|870
2021.04.02 07:00:00|29753.5|29818.5|29753.5|29803.5|1094
2021.04.02 08:00:00|29803.5|29863.5|29787.5|29858.5|1837
2021.04.02 09:00:00|29858.5|29938.5|29852.5|29902.5|1105
2021.04.02 10:00:00|29906|29957.5|29902.5|29933.5|597
2021.04.02 11:00:00|29933.5|29977.5|29902.5|29917.5|574
2021.04.02 12:00:00|29912.5|29930.75|29891.5|29930.25|177
2021.04.02 13:00:00|29932.5|29962.5|29925.25|29960.25|176
2021.04.02 14:00:00|29965.75|29992.5|29950.25|29987.5|191
2021.04.02 15:00:00|29990.25|30090.25|29958.5|30060.25|1325
2021.04.02 16:00:00|30057.5|30077.5|30027.5|30037.5|359
2021.04.05 01:00:00|30032.5|30035|29977.5|29987.5|222
2021.04.05 02:00:00|29985|30137.5|29982.5|30097.5|1237
2021.04.05 03:00:00|30102.5|30207.5|30017.5|30142.5|4967
2021.04.05 04:00:00|30137.5|30147.5|30047.5|30097.5|1988
2021.04.05 05:00:00|30097.5|30102.5|30067.5|30072.5|982
2021.04.05 06:00:00|30077.5|30132.5|30072.5|30127.5|1166
2021.04.05 07:00:00|30127.5|30132.5|30077.5|30087.5|832
2021.04.05 08:00:00|30087.5|30137.5|30062.5|30077.5|1366
2021.04.05 09:00:00|30077.5|30092.5|30057.5|30082.5|734
2021.04.05 10:00:00|30077.5|30097.5|30052.5|30092.5|305
2021.04.05 11:00:00|30092.5|30097.5|30062.5|30072.5|304
2021.04.05 12:00:00|30067.5|30092.5|30062.5|30082.5|143
2021.04.05 13:00:00|30085|30112.5|30077.5|30102.5|195
2021.04.05 14:00:00|30100|30117.5|30077.5|30087.5|176
2021.04.05 15:00:00|30090|30102.5|30082.5|30097.5|198
2021.04.05 16:00:00|30097.5|30107.5|30062.5|30070.25|608
2021.04.05 17:00:00|30075.25|30092.5|30022.5|30072.5|1132
2021.04.05 18:00:00|30067.5|30112.5|30067.5|30107.5|654
2021.04.05 19:00:00|30112.5|30157.5|30102.5|30132.5|486
2021.04.05 20:00:00|30127.5|30152.5|30112.5|30152.5|401
2021.04.05 21:00:00|30147.5|30152.5|30127.5|30132.5|360
2021.04.05 22:00:00|30127.5|30217.5|30122.5|30177.5|1182
2021.04.05 23:00:00|30177.5|30237.5|30177.5|30227.5|222
2021.04.06 01:00:00|30242.5|30252.5|30222.5|30247.5|120
2021.04.06 02:00:00|30252.5|30272.5|30212.5|30222.5|885
2021.04.06 03:00:00|30222.5|30227.5|30042.5|30067.5|4311
2021.04.06 04:00:00|30062.5|30083.5|29837.5|29872.5|2613
2021.04.06 05:00:00|29877.5|29903.5|29802.5|29868.5|2656
2021.04.06 06:00:00|29875|29877.5|29708.5|29748.5|3444
2021.04.06 07:00:00|29752.5|29802.5|29702.5|29757.5|2550
2021.04.06 08:00:00|29757.5|29758.5|29662.5|29708.5|3140
2021.04.06 09:00:00|29707.5|29748.5|29682.5|29732.5|1507
2021.04.06 10:00:00|29732.5|29792.5|29682.5|29767.5|2597
2021.04.06 11:00:00|29762.5|29812.5|29737.5|29792.5|1591
2021.04.06 12:00:00|29787.5|29822.5|29777.5|29802.5|1011
2021.04.06 13:00:00|29802.5|29832.5|29792.5|29802.5|1095
2021.04.06 14:00:00|29802.5|29822.5|29772.5|29817.5|769
2021.04.06 15:00:00|29812.5|29817.5|29657.5|29672.5|1323
2021.04.06 16:00:00|29672.5|29722.5|29637.5|29712.5|2795
2021.04.06 17:00:00|29712.5|29747.5|29697.5|29738.5|1915
2021.04.06 18:00:00|29738.5|29777.5|29702.5|29763.5|1464
2021.04.06 19:00:00|29767.5|29772.5|29717.5|29732.5|985
2021.04.06 20:00:00|29727.5|29742.5|29677.5|29697.5|1911
2021.04.06 21:00:00|29697.5|29722.5|29652.5|29652.5|1153
2021.04.06 22:00:00|29652.5|29677.5|29607.5|29677.5|2041
2021.04.06 23:00:00|29677.5|29677.5|29617.5|29617.5|266
2021.04.07 01:00:00|29642.5|29642.5|29612.5|29622.5|74
2021.04.07 02:00:00|29617.5|29757.5|29617.5|29747.5|1141
2021.04.07 03:00:00|29747.5|29862.5|29697.5|29802.5|4839
2021.04.07 04:00:00|29797.5|29803.5|29507.5|29583.5|4569
2021.04.07 05:00:00|29582.5|29723.5|29577.5|29688.5|3520
2021.04.07 06:00:00|29692.5|29798.5|29672.5|29788.5|1927
2021.04.07 07:00:00|29787.5|29803.5|29702.5|29733.5|1313
2021.04.07 08:00:00|29733.5|29753.5|29687.5|29728.5|1860
2021.04.07 09:00:00|29728.5|29737.5|29682.5|29688.5|974
2021.04.07 10:00:00|29692.5|29717.5|29662.5|29682.5|1425
2021.04.07 11:00:00|29682.5|29697.5|29637.5|29647.5|1221
2021.04.07 12:00:00|29652.5|29677.5|29592.5|29617.5|1224
2021.04.07 13:00:00|29622.5|29642.5|29607.5|29607.5|795
2021.04.07 14:00:00|29602.5|29642.5|29602.5|29607.5|622
2021.04.07 15:00:00|29602.5|29611.5|29547.5|29558.5|1061
2021.04.07 16:00:00|29562.5|29642.5|29557.5|29620.75|1545
2021.04.07 17:00:00|29615.75|29682.5|29602.5|29667.5|1974
2021.04.07 18:00:00|29667.5|29677.5|29587.5|29617.5|1662
2021.04.07 19:00:00|29612.5|29632.5|29582.5|29612.5|1577
2021.04.07 20:00:00|29612.5|29648.5|29612.5|29642.5|1207
2021.04.07 21:00:00|29640.75|29662.5|29627.5|29632.5|1012
2021.04.07 22:00:00|29632.5|29677.5|29622.5|29677.5|1144
2021.04.07 23:00:00|29677.5|29698.5|29657.5|29657.5|213
2021.04.08 01:00:00|29662.5|29677.5|29662.5|29667.5|35
2021.04.08 02:00:00|29675|29722.5|29647.5|29647.5|915
2021.04.08 03:00:00|29652.5|29662.5|29502.5|29537.5|5548
2021.04.08 04:00:00|29537.5|29657.5|29522.5|29593.5|3123
2021.04.08 05:00:00|29588.5|29648.5|29572.5|29638.5|1551
2021.04.08 06:00:00|29638.5|29647.5|29572.5|29613.5|1500
2021.04.08 07:00:00|29607.5|29648.5|29597.5|29623.5|1005
2021.04.08 08:00:00|29623.5|29738.5|29618.5|29728.5|2244
2021.04.08 09:00:00|29728.5|29728.5|29622.5|29622.5|1315
2021.04.08 10:00:00|29622.5|29637.5|29587.5|29602.5|1484
2021.04.08 11:00:00|29597.5|29617.5|29542.5|29577.5|1495
2021.04.08 12:00:00|29582.5|29612.5|29572.5|29612.5|1122
2021.04.08 13:00:00|29617.5|29622.5|29592.5|29597.5|798
2021.04.08 14:00:00|29597.5|29602.5|29572.5|29577.5|1264
2021.04.08 15:00:00|29577.5|29587.5|29542.5|29577.5|1297
2021.04.08 16:00:00|29580|29607.5|29537.5|29592.5|1929
2021.04.08 17:00:00|29592.5|29632.5|29567.5|29617.5|2281
2021.04.08 18:00:00|29620|29667.5|29612.5|29657.5|1495
2021.04.08 19:00:00|29657.5|29667.5|29647.5|29662.5|554
2021.04.08 20:00:00|29665|29667.5|29627.5|29637.5|622
2021.04.08 21:00:00|29632.5|29672.5|29632.5|29662.5|375
2021.04.08 22:00:00|29662.5|29697.5|29662.5|29692.5|901
2021.04.08 23:00:00|29697.5|29767.5|29692.5|29757.5|308
2021.04.09 01:00:00|29762.5|29817.5|29762.5|29817.5|93
2021.04.09 02:00:00|29820|29902.5|29787.5|29888.5|2077
2021.04.09 03:00:00|29892.5|30067.5|29847.5|29967.5|8470
2021.04.09 04:00:00|29972.5|29983.5|29822.5|29827.5|4235
2021.04.09 05:00:00|29827.5|29838.5|29777.5|29783.5|2216
2021.04.09 06:00:00|29783.5|29838.5|29752.5|29828.5|1724
2021.04.09 07:00:00|29827.5|29938.5|29802.5|29888.5|1351
2021.04.09 08:00:00|29892.5|29897.5|29772.5|29788.5|2220
2021.04.09 09:00:00|29787.5|29792.5|29752.5|29762.5|892
2021.04.09 10:00:00|29762.5|29817.5|29742.5|29807.5|1260
2021.04.09 11:00:00|29802.5|29817.5|29747.5|29807.5|1295
2021.04.09 12:00:00|29802.5|29817.5|29782.5|29817.5|1257
2021.04.09 13:00:00|29812.5|29847.5|29812.5|29827.5|1184
2021.04.09 14:00:00|29822.5|29885|29822.5|29857.5|982
2021.04.09 15:00:00|29852.5|29857.5|29807.5|29812.5|1289
2021.04.09 16:00:00|29817.5|29862.5|29802.5|29847.5|1269
2021.04.09 17:00:00|29847.5|29868.5|29807.5|29817.5|1756
2021.04.09 18:00:00|29817.5|29837.5|29802.5|29817.5|831
2021.04.09 19:00:00|29812.5|29840|29812.5|29832.5|513
2021.04.09 20:00:00|29827.5|29842.5|29812.5|29832.5|312
2021.04.09 21:00:00|29827.5|29845|29827.5|29832.5|491
2021.04.09 22:00:00|29837.5|29922.5|29822.5|29917.5|997
2021.04.09 23:00:00|29912.5|29942.5|29907.5|29940.25|447
2021.04.12 01:00:00|29920|29967.5|29917.5|29942.5|105
2021.04.12 02:00:00|29942.5|29982.5|29857.5|29867.5|1358
2021.04.12 03:00:00|29862.5|29882.5|29712.5|29753.5|5564
2021.04.12 04:00:00|29753.5|29783.5|29678.5|29703.5|3568
2021.04.12 05:00:00|29707.5|29708.5|29587.5|29603.5|2257
2021.04.12 06:00:00|29603.5|29618.5|29567.5|29603.5|1759
2021.04.12 07:00:00|29603.5|29628.5|29532.5|29538.5|1336
2021.04.12 08:00:00|29542.5|29593.5|29532.5|29543.5|1709
2021.04.12 09:00:00|29542.5|29622.5|29537.5|29613.5|1252
2021.04.12 10:00:00|29613.5|29628.5|29567.5|29598.5|2176
2021.04.12 11:00:00|29602.5|29633.5|29573.5|29621.25|1420
2021.04.12 12:00:00|29623.5|29643.5|29602.5|29638.5|1354
2021.04.12 13:00:00|29640|29653.5|29612.5|29628.5|921
2021.04.12 14:00:00|29628.5|29663.5|29627.5|29633.5|930
2021.04.12 15:00:00|29633.5|29638.5|29612.5|29623.5|831
2021.04.12 16:00:00|29623.5|29648.5|29582.5|29588.5|2532
2021.04.12 17:00:00|29588.5|29603.5|29528.5|29563.5|2095
2021.04.12 18:00:00|29563.5|29592.5|29532.5|29583.5|1798
2021.04.12 19:00:00|29583.5|29593.5|29557.5|29578.25|735
2021.04.12 20:00:00|29580.75|29593.5|29547.5|29553.5|727
2021.04.12 21:00:00|29547.5|29563.5|29537.5|29548.5|898
2021.04.12 22:00:00|29543.5|29623.5|29542.5|29613.5|1380
2021.04.12 23:00:00|29613.5|29618.5|29572.5|29572.5|369
2021.04.13 01:00:00|29567.5|29577.5|29557.5|29567.5|52
2021.04.13 02:00:00|29570|29668.5|29567.5|29623.5|1403
2021.04.13 03:00:00|29627.5|29753.5|29567.5|29738.5|4769
2021.04.13 04:00:00|29738.5|29848.5|29722.5|29823.5|3285
2021.04.13 05:00:00|29823.5|29872.5|29822.5|29853.5|1880
2021.04.13 06:00:00|29853.5|29897.5|29828.5|29838.5|1416
2021.04.13 07:00:00|29838.5|29852.5|29762.5|29793.5|1335
2021.04.13 08:00:00|29797.5|29797.5|29722.5|29753.25|2733
2021.04.13 09:00:00|29757.5|29792.5|29737.5|29787.5|974
2021.04.13 10:00:00|29782.5|29792.5|29697.5|29737.5|1019
2021.04.13 11:00:00|29742.5|29757.5|29722.5|29725.25|1024
2021.04.13 12:00:00|29730.25|29772.5|29722.5|29767.5|795
2021.04.13 13:00:00|29767.5|29772.5|29707.5|29712.5|893
2021.04.13 14:00:00|29707.5|29708.5|29552.5|29658.5|4788
2021.04.13 15:00:00|29652.5|29728.5|29652.5|29728.5|2674
2021.04.13 16:00:00|29723.5|29743.5|29672.5|29743.5|2950
2021.04.13 17:00:00|29738.5|29763.5|29722.5|29753.5|2792
2021.04.13 18:00:00|29753.5|29775|29738.5|29753.5|1815
2021.04.13 19:00:00|29753.5|29758.5|29712.5|29718.5|1321
2021.04.13 20:00:00|29718.5|29798.5|29702.5|29788.5|920
2021.04.13 21:00:00|29788.5|29816.5|29787.5|29811.5|1369
2021.04.13 22:00:00|29811.5|29846.5|29811.5|29822.5|1374
2021.04.13 23:00:00|29821.5|29831.5|29806.5|29806.5|395
2021.04.14 01:00:00|29821.5|29826.5|29796.5|29811.5|32
2021.04.14 02:00:00|29809|29834|29716.5|29727.5|986
2021.04.14 03:00:00|29726.5|29726.5|29555.5|29589.75|4590
2021.04.14 04:00:00|29586.5|29672.5|29586.5|29652.5|2910
2021.04.14 05:00:00|29654.75|29672.5|29601.5|29617.5|1704
2021.04.14 06:00:00|29617.5|29636.5|29591.5|29602.5|1244
2021.04.14 07:00:00|29602.5|29677.5|29597.5|29672.5|949
2021.04.14 08:00:00|29676.5|29682.5|29609.75|29632.5|1863
2021.04.14 09:00:00|29636.5|29636.5|29589.75|29627.5|862
2021.04.14 10:00:00|29631.5|29641.5|29601.5|29606.5|1138
2021.04.14 11:00:00|29609|29649|29606.5|29639.75|853
2021.04.14 12:00:00|29636.5|29646.5|29626.5|29631.5|623
2021.04.14 13:00:00|29629|29629|29586.5|29601.5|706
2021.04.14 14:00:00|29596.5|29631.5|29596.5|29626.5|584
2021.04.14 15:00:00|29631.5|29631.5|29576.5|29586.5|930
2021.04.14 16:00:00|29581.5|29667.5|29581.5|29666.5|1602
2021.04.14 17:00:00|29671.5|29697.5|29646.5|29676.5|2155
2021.04.14 18:00:00|29680.5|29731.5|29666.5|29706.5|1871
2021.04.14 19:00:00|29711.5|29726.5|29671.5|29721.5|1277
2021.04.14 20:00:00|29716.5|29726.5|29649.25|29661.5|1111
2021.04.14 21:00:00|29662.25|29664.25|29606.5|29611.5|3222
2021.04.14 22:00:00|29606.5|29646.5|29586.5|29601.5|3122
2021.04.14 23:00:00|29606.5|29619|29596.5|29611.5|390
2021.04.15 01:00:00|29614|29624|29611.5|29619.5|28
2021.04.15 02:00:00|29624|29624|29516.5|29551.5|791
2021.04.15 03:00:00|29551.5|29781.5|29541.5|29746.5|4318
2021.04.15 04:00:00|29746.5|29756.5|29683.5|29717.5|3033
2021.04.15 05:00:00|29716.5|29721.5|29595.5|29606.5|2224
2021.04.15 06:00:00|29605.5|29633.5|29586.5|29628.5|1548
2021.04.15 07:00:00|29627.5|29656|29621.5|29638.5|1069
2021.04.15 08:00:00|29635.5|29648.5|29606.5|29644.75|1805
2021.04.15 09:00:00|29642.75|29654|29601.5|29649.5|914
2021.04.15 10:00:00|29652|29698.5|29646.5|29695.5|1090
2021.04.15 11:00:00|29696.5|29726|29686.5|29693.5|728
2021.04.15 12:00:00|29693.5|29706.5|29681.5|29701.5|546
2021.04.15 13:00:00|29703|29730.5|29692.5|29723.5|418
2021.04.15 14:00:00|29722.5|29722.5|29676.5|29701.5|462
2021.04.15 15:00:00|29701.5|29741.5|29691.5|29721.5|723
2021.04.15 16:00:00|29721.5|29727.5|29686.5|29697.5|1051
2021.04.15 17:00:00|29698.5|29744.25|29691.5|29736.5|866
2021.04.15 18:00:00|29736.5|29746.5|29716.5|29731.5|604
2021.04.15 19:00:00|29731.5|29766.5|29729.5|29756.5|209
2021.04.15 20:00:00|29756.5|29766.5|29731.5|29736.5|556
2021.04.15 21:00:00|29739|29751.5|29716.5|29731.5|643
2021.04.15 22:00:00|29729.5|29761.5|29716.5|29746.5|717
2021.04.15 23:00:00|29751|29763|29736.5|29748.5|202
2021.04.16 01:00:00|29736.5|29781.5|29731.5|29776|58
2021.04.16 02:00:00|29776.5|29826.5|29723.5|29806.5|929
2021.04.16 03:00:00|29801.5|29801.5|29612.5|29628.5|4556
2021.04.16 04:00:00|29627.5|29706|29615.5|29678.5|3172
2021.04.16 05:00:00|29675.5|29702|29627.5|29673.5|2120
2021.04.16 06:00:00|29672.5|29773.5|29672.5|29673.5|1487
2021.04.16 07:00:00|29673.5|29692.5|29621.5|29673.5|1263
2021.04.16 08:00:00|29671.5|29718.5|29657.5|29703.5|1534
2021.04.16 09:00:00|29701.5|29728.5|29681.5|29713.5|986
2021.04.16 10:00:00|29714.5|29763.5|29702.5|29723.5|1369
2021.04.16 11:00:00|29723.5|29728.5|29703.5|29725.75|1016
2021.04.16 12:00:00|29728.5|29758.5|29717.5|29748.5|1069
2021.04.16 13:00:00|29749.5|29763.5|29739.5|29741.5|579
2021.04.16 14:00:00|29742.5|29751.5|29730.5|29751.5|419
2021.04.16 15:00:00|29753|29781|29750.5|29776.5|454
2021.04.16 16:00:00|29776.5|29791.5|29724.5|29731.25|1265
2021.04.16 17:00:00|29730.75|29761.5|29723.5|29746.5|1176
2021.04.16 18:00:00|29751|29761.5|29741.5|29756.5|770
2021.04.16 19:00:00|29758.5|29766.5|29739.5|29749.5|345
2021.04.16 20:00:00|29746.5|29756.5|29738.5|29751.5|192
2021.04.16 21:00:00|29752.5|29782.5|29744.5|29780.5|376
2021.04.16 22:00:00|29776.5|29791|29769.5|29788.5|654
2021.04.16 23:00:00|29786.5|29802.25|29776|29796.5|316
2021.04.19 01:00:00|29759|29801.5|29746.5|29776.5|68
2021.04.19 02:00:00|29778|29778|29691.5|29696.5|730
2021.04.19 03:00:00|29691.5|29696.5|29511.5|29646.5|4624
2021.04.19 04:00:00|29646.5|29732.5|29600.5|29717.5|2856
2021.04.19 05:00:00|29716.5|29751.5|29703.5|29711.5|1950
2021.04.19 06:00:00|29708.5|29806.5|29705.5|29761.5|1763
2021.04.19 07:00:00|29761.5|29763.5|29717.5|29721.5|760
2021.04.19 08:00:00|29720.5|29746.5|29645.5|29671.5|2153
2021.04.19 09:00:00|29670.5|29716.5|29641.5|29696.5|1126
2021.04.19 10:00:00|29696.5|29715.5|29646.5|29651.5|1182
2021.04.19 11:00:00|29651.5|29656.5|29621.5|29632.5|1171
2021.04.19 12:00:00|29631.5|29641.5|29590.5|29623.5|823
2021.04.19 13:00:00|29621.5|29652.5|29606.5|29624.5|658
2021.04.19 14:00:00|29626.5|29626.5|29586|29591.5|842
2021.04.19 15:00:00|29591|29606|29566.5|29601.5|1043
2021.04.19 16:00:00|29601|29611.5|29581.5|29582.5|1233
2021.04.19 17:00:00|29580.5|29581|29398.5|29449.5|4142
2021.04.19 18:00:00|29449.5|29461.5|29362.5|29383.5|3897
2021.04.19 19:00:00|29381.5|29391.5|29186.5|29232.5|4761
2021.04.19 20:00:00|29230.5|29327.5|29210.5|29317.5|2571
2021.04.19 21:00:00|29316.5|29342.5|29266.5|29307.5|2348
2021.04.19 22:00:00|29305.5|29342.5|29271.5|29340.5|2661
2021.04.19 23:00:00|29340.5|29351.5|29299.5|29316.5|310
2021.04.20 01:00:00|29301.5|29356.5|29296.5|29354.5|52
2021.04.20 02:00:00|29351.5|29404.5|29301.5|29330.5|1611
2021.04.20 03:00:00|29331.5|29351.5|29081.5|29092.5|6433
2021.04.20 04:00:00|29092.5|29201.25|29072.5|29165.5|5130
2021.04.20 05:00:00|29163.5|29165|29091.5|29105.5|2809
2021.04.20 06:00:00|29103.5|29167.5|29089.5|29105.5|2355
2021.04.20 07:00:00|29096.5|29109.5|28997.5|29065.5|2409
2021.04.20 08:00:00|29062.5|29105.5|29030.5|29090.25|3405
2021.04.20 09:00:00|29090.75|29164|29039.5|29139|2780
2021.04.20 10:00:00|29137.5|29169|29068.5|29079|2690
2021.04.20 11:00:00|29078|29104|29033.5|29043|3167
2021.04.20 12:00:00|29043.5|29048.5|28819|28843.5|5079
2021.04.20 13:00:00|28844|28853.5|28743.5|28823.5|5220
2021.04.20 14:00:00|28824|28828.5|28688.5|28743|4492
2021.04.20 15:00:00|28743.5|28774.5|28723.5|28763.5|2472
2021.04.20 16:00:00|28764|28858.5|28757.5|28783.5|5371
2021.04.20 17:00:00|28783|28798.5|28543.5|28583|8462
2021.04.20 18:00:00|28581|28638|28508.5|28558.5|8132
2021.04.20 19:00:00|28559|28632.5|28553.5|28607.5|3068
2021.04.20 20:00:00|28606.5|28622.5|28548.5|28583|2971
2021.04.20 21:00:00|28582.5|28596.5|28528.5|28543.5|2013
2021.04.20 22:00:00|28544.5|28673|28544.5|28621|2944
2021.04.20 23:00:00|28623|28628|28568.5|28571.5|749
2021.04.21 01:00:00|28586.5|28643|28586.5|28640.5|141
2021.04.21 02:00:00|28651|28667.5|28563.5|28596.5|2014
2021.04.21 03:00:00|28594.5|28775.5|28553.5|28636.5|8443
2021.04.21 04:00:00|28634.5|28641.5|28499.5|28511.5|5949
2021.04.21 05:00:00|28508.5|28511|28413.5|28481.5|4768
2021.04.21 06:00:00|28482.5|28557|28394.5|28506.5|4126
2021.04.21 07:00:00|28508.5|28621.5|28470.5|28541.5|4152
2021.04.21 08:00:00|28541.5|28551.5|28454.5|28485.25|4071
2021.04.21 09:00:00|28483.25|28601.5|28456.5|28583|2450
2021.04.21 10:00:00|28582.5|28665.5|28556.5|28656.5|3219
2021.04.21 11:00:00|28656.5|28686.5|28573.5|28631.5|2309
2021.04.21 12:00:00|28629.5|28641|28546.5|28557.5|1732
2021.04.21 13:00:00|28556.5|28641.5|28529.5|28641.5|2283
2021.04.21 14:00:00|28643|28646.5|28589.5|28601.5|1429
2021.04.21 15:00:00|28599|28601|28499.5|28508.5|1808
2021.04.21 16:00:00|28509.5|28636.75|28478.5|28636.75|3848
2021.04.21 17:00:00|28637.75|28705.5|28633.5|28680.5|4512
2021.04.21 18:00:00|28680.5|28783.5|28673.5|28770.5|2365
2021.04.21 19:00:00|28773.5|28810.5|28758.5|28770.5|1588
2021.04.21 20:00:00|28770.5|28810.5|28769.5|28810.5|1316
2021.04.21 21:00:00|28812.5|28830|28789.5|28809.5|755
2021.04.21 22:00:00|28809.5|28884.5|28804.5|28879.5|1556
2021.04.21 23:00:00|28878.5|28878.5|28838.5|28838.5|281
2021.04.22 01:00:00|28848.5|28873.5|28838.5|28843.5|67
2021.04.22 02:00:00|28838.5|28899.5|28794.5|28889.5|1575
2021.04.22 03:00:00|28889.5|28939.5|28783.5|28855.5|5017
2021.04.22 04:00:00|28853.5|29054.5|28838.5|28975.5|5803
2021.04.22 05:00:00|28972.5|29108.5|28968.5|29103.5|3047
2021.04.22 06:00:00|29101.5|29118.5|29030.5|29064.5|1706
2021.04.22 07:00:00|29063.5|29121.5|29038.5|29108.5|2006
2021.04.22 08:00:00|29108.5|29168.5|29063.5|29153.5|2598
2021.04.22 09:00:00|29153.5|29183.5|29106.5|29180.5|1786
2021.04.22 10:00:00|29183.5|29203.5|29128.5|29133.5|1572
2021.04.22 11:00:00|29133|29178|29088.5|29098.5|1474
2021.04.22 12:00:00|29098.5|29153.5|29092.5|29148.5|780
2021.04.22 13:00:00|29148.5|29153.5|29093.5|29106.5|766
2021.04.22 14:00:00|29106.5|29113.5|29083|29100.5|681
2021.04.22 15:00:00|29100.5|29178.5|29100.5|29146.5|969
2021.04.22 16:00:00|29143.5|29159.5|29078.5|29103|2086
2021.04.22 17:00:00|29101.5|29148.5|29023.5|29095.5|2957
2021.04.22 18:00:00|29098.5|29138.5|29083.5|29126.5|1401
2021.04.22 19:00:00|29126.5|29149|29093.5|29148.5|883
2021.04.22 20:00:00|29147.5|29148.5|28857.5|28869.5|10617
2021.04.22 21:00:00|28870.5|28979.5|28838.5|28949.5|5055
2021.04.22 22:00:00|28949.5|28984.5|28853.5|28908|4765
2021.04.22 23:00:00|28907.5|28918|28880.5|28908.5|589
2021.04.23 01:00:00|28896|28948.5|28893.5|28943.5|85
2021.04.23 02:00:00|28943.5|28948.5|28813.5|28887.5|1621
2021.04.23 03:00:00|28883.5|28953.5|28753.5|28953.5|5599
2021.04.23 04:00:00|28958.5|29023.5|28928.5|28985.5|3643
2021.04.23 05:00:00|28978.5|29008.5|28938.5|28973.5|1917
2021.04.23 06:00:00|28972.5|28989.5|28923.5|28928.5|1198
2021.04.23 07:00:00|28928.5|28998.5|28917.5|28938.5|1094
2021.04.23 08:00:00|28938.5|28998.5|28928.5|28998.5|1417
2021.04.23 09:00:00|28998.5|29003.5|28937.5|28953.5|1026
2021.04.23 10:00:00|28953.5|29033.5|28953.5|29031.75|1870
2021.04.23 11:00:00|29031.25|29031.25|28976.75|28998.5|1017
2021.04.23 12:00:00|28999.5|29003.5|28947.5|28965.5|690
2021.04.23 13:00:00|28966.5|28993.5|28956.5|28978.5|749
2021.04.23 14:00:00|28978.5|28983.5|28943.5|28953.5|571
2021.04.23 15:00:00|28953.5|28963.5|28848.5|28863.5|1184
2021.04.23 16:00:00|28868.5|28983.5|28867.5|28983.5|2049
2021.04.23 17:00:00|28988|29132.5|28973.5|29127.5|3485
2021.04.23 18:00:00|29131.5|29149.5|29100|29120|1610
2021.04.23 19:00:00|29120.5|29148|29117.5|29138.5|845
2021.04.23 20:00:00|29141|29143|29112.5|29132.5|609
2021.04.23 21:00:00|29136|29182.5|29129.5|29182.5|601
2021.04.23 22:00:00|29187.5|29302.5|29184.5|29207.5|2667
2021.04.23 23:00:00|29207.5|29217.5|29154.5|29154.5|531
