2020.11.04 17:00:00|296.25|298.6|296.15|298.15|277
2020.11.04 18:00:00|298.2|298.65|297.35|297.75|148
2020.11.05 10:00:00|299.04|301.75|298.95|300.75|251
2020.11.05 11:00:00|300.9|302.45|299.55|302.15|208
2020.11.05 12:00:00|302.04|302.85|300.84|301.35|159
2020.11.05 13:00:00|301.05|302.05|301.04|301.75|169
2020.11.05 14:00:00|301.75|301.75|300.75|301.25|170
2020.11.05 15:00:00|301.14|301.4|299.65|299.75|131
2020.11.05 16:00:00|299.84|299.85|298.24|298.75|159
2020.11.05 17:00:00|298.85|298.95|296.85|297.35|154
2020.11.05 18:00:00|297.54|297.55|296.85|297.15|68
2020.11.06 10:00:00|297.14|297.35|294.84|294.95|192
2020.11.06 11:00:00|295.04|295.75|293.15|293.15|137
2020.11.06 12:00:00|293.24|295.25|293.15|294.85|154
2020.11.06 13:00:00|295.05|295.2|294.04|294.7|107
2020.11.06 14:00:00|294.75|294.95|293.85|293.95|114
2020.11.06 15:00:00|293.79|295.5|293.35|295.15|172
2020.11.06 16:00:00|295.5|296.45|294.05|295.35|162
2020.11.06 17:00:00|295.45|296.95|295.14|296.15|129
2020.11.06 18:00:00|296.25|297|296.25|296.65|51
2020.11.09 10:00:00|299.54|302.05|299.15|300.15|289
2020.11.09 11:00:00|300.05|300.65|299.55|300.35|204
2020.11.09 12:00:00|300.4|301.25|300.15|300.65|124
2020.11.09 13:00:00|300.54|310.85|300.05|307.45|300
2020.11.09 14:00:00|307.05|312.35|304.05|311.75|820
2020.11.09 15:00:00|311.55|314.35|309.05|313.55|655
2020.11.09 16:00:00|313.75|319.25|311.25|311.95|800
2020.11.09 17:00:00|312.25|315.15|309.75|311.15|519
2020.11.09 18:00:00|311.05|312.25|309.6|311.05|252
2020.11.10 10:00:00|310.44|311.4|308.75|311.4|491
2020.11.10 11:00:00|311.5|314.05|311.35|312.75|382
2020.11.10 12:00:00|312.65|312.95|311.25|312.45|262
2020.11.10 13:00:00|312.35|314.75|312.35|313.75|183
2020.11.10 14:00:00|313.8|314.1|311.75|311.75|156
2020.11.10 15:00:00|311.85|312.45|311.25|312.05|223
2020.11.10 16:00:00|311.95|315.15|311.35|315.15|402
2020.11.10 17:00:00|314.95|315.55|313.65|314.05|342
2020.11.10 18:00:00|314.15|316.35|314.05|316.25|170
2020.11.11 10:00:00|316.24|320.85|316.15|319.8|438
2020.11.11 11:00:00|319.95|319.95|318.25|318.35|198
2020.11.11 12:00:00|318.65|319.7|317.95|319.35|138
2020.11.11 13:00:00|319.15|319.45|317.45|318.85|184
2020.11.11 14:00:00|318.9|319.85|318.75|319.55|130
2020.11.11 15:00:00|319.25|319.85|318.75|319.05|139
2020.11.11 16:00:00|319.15|319.65|317.85|318.85|193
2020.11.11 17:00:00|318.95|320.45|318.65|320.15|227
2020.11.11 18:00:00|320.05|320.25|318.95|319.65|110
2020.11.12 10:00:00|317.94|318.95|317.25|318.25|204
2020.11.12 11:00:00|318.34|321.15|318.34|320.35|127
2020.11.12 12:00:00|320.44|320.45|318.55|319.35|136
2020.11.12 13:00:00|319.4|320.25|318.74|319.65|111
2020.11.12 14:00:00|319.8|320.05|318.95|319.05|139
2020.11.12 15:00:00|319.15|319.95|318.65|319.85|130
2020.11.12 16:00:00|319.64|320.15|318.75|319.4|152
2020.11.12 17:00:00|319.45|319.75|318.55|318.85|118
2020.11.12 18:00:00|318.75|319.55|318.14|319.45|63
2020.11.13 10:00:00|318.04|318.65|316.35|316.65|198
2020.11.13 11:00:00|316.54|317.35|316.24|317.15|127
2020.11.13 12:00:00|317.04|317.05|316.15|316.65|112
2020.11.13 13:00:00|316.45|316.45|314.95|315.45|129
2020.11.13 14:00:00|315.35|315.95|314.44|315.15|127
2020.11.13 15:00:00|314.94|315.85|314.84|315.8|90
2020.11.13 16:00:00|315.75|315.95|314.95|315.75|132
2020.11.13 17:00:00|315.65|315.65|314.7|315.5|173
2020.11.13 18:00:00|315.45|315.85|315.15|315.55|107
2020.11.16 10:00:00|314.1|318.05|313.75|316.15|336
2020.11.16 11:00:00|316.25|317.15|316.04|317.1|150
2020.11.16 12:00:00|317.05|317.65|316.89|317.35|106
2020.11.16 13:00:00|317.25|320.45|317.25|320.05|154
2020.11.16 14:00:00|319.85|320.65|318.84|320.5|234
2020.11.16 15:00:00|320.45|320.55|319.15|319.75|154
2020.11.16 16:00:00|319.65|320.6|319.45|319.9|209
2020.11.16 17:00:00|319.85|320.55|319.25|319.25|248
2020.11.16 18:00:00|319.35|319.35|317.9|318.55|118
2020.11.17 10:00:00|317.24|319.75|316.95|319.05|190
2020.11.17 11:00:00|319.15|320.35|318.44|318.55|108
2020.11.17 12:00:00|318.64|318.85|317.75|317.85|117
2020.11.17 13:00:00|317.74|317.85|315.55|316.55|146
2020.11.17 14:00:00|316.64|316.75|315.85|315.95|96
2020.11.17 15:00:00|315.84|316.65|315.64|316.6|123
2020.11.17 16:00:00|316.55|317.35|315.85|316.25|155
2020.11.17 17:00:00|316.35|317.05|316.15|316.75|146
2020.11.17 18:00:00|316.85|317.25|316.65|316.85|106
2020.11.18 10:00:00|314.74|316.15|313.85|315.35|187
2020.11.18 11:00:00|315.25|315.85|314.39|315.25|102
2020.11.18 12:00:00|315.34|316.55|315.34|316.15|108
2020.11.18 13:00:00|316.05|317.15|315.85|316.05|119
2020.11.18 14:00:00|316.1|316.65|315.75|315.95|77
2020.11.18 15:00:00|316.04|316.05|314.55|314.65|94
2020.11.18 16:00:00|314.74|314.85|312.05|312.95|132
2020.11.18 17:00:00|313.04|314.15|312.75|313.25|121
2020.11.18 18:00:00|313.15|313.85|313.15|313.85|52
2020.11.19 10:00:00|313.49|314.75|311.25|311.65|222
2020.11.19 11:00:00|311.75|312.15|311.05|311.85|155
2020.11.19 12:00:00|311.94|312.7|311.25|312.25|151
2020.11.19 13:00:00|312.5|312.7|311.89|312.15|151
2020.11.19 14:00:00|312.24|312.55|311.54|312.45|137
2020.11.19 15:00:00|312.35|312.6|311.04|311.2|129
2020.11.19 16:00:00|311.14|312|311|311.65|140
2020.11.19 17:00:00|311.75|312.38|311.15|311.65|154
2020.11.19 18:00:00|311.55|311.65|310.25|310.25|104
2020.11.20 10:00:00|310|311.95|309.95|311.75|221
2020.11.20 11:00:00|311.94|312.65|311.35|312.55|91
2020.11.20 12:00:00|312.64|314.15|312.55|313.45|231
2020.11.20 13:00:00|313.55|314.25|312.05|312.55|116
2020.11.20 14:00:00|312.45|312.55|311.94|312.35|80
2020.11.20 15:00:00|312.44|312.9|311.55|311.85|110
2020.11.20 16:00:00|311.75|312.15|310.75|311.15|141
2020.11.20 17:00:00|311.05|311.65|310.25|311.5|115
2020.11.20 18:00:00|311.54|311.95|311.15|311.85|48
2020.11.23 10:00:00|311.9|312.95|311.75|312.95|193
2020.11.23 11:00:00|312.85|313.15|312.15|312.35|122
2020.11.23 12:00:00|312.24|312.8|311.05|311.25|96
2020.11.23 13:00:00|311.14|311.35|310.25|310.55|101
2020.11.23 14:00:00|310.44|311|310.14|310.9|83
2020.11.23 15:00:00|310.94|311.2|310|310.55|169
2020.11.23 16:00:00|310.64|310.65|308.5|308.65|120
2020.11.23 17:00:00|308.55|308.98|307.5|308.1|170
2020.11.23 18:00:00|308.05|308.05|306.7|307.45|112
2020.11.24 10:00:00|306.54|307.05|303.35|303.45|191
2020.11.24 11:00:00|303.24|303.55|302.44|303.35|128
2020.11.24 12:00:00|303.24|303.45|301.35|301.85|124
2020.11.24 13:00:00|301.94|302.45|300.4|300.4|166
2020.11.24 14:00:00|300.45|300.65|298.85|299.65|215
2020.11.24 15:00:00|299.6|300.45|298.75|299.85|170
2020.11.24 16:00:00|299.64|300.85|298.95|299.35|195
2020.11.24 17:00:00|299.24|299.25|296.24|296.45|213
2020.11.24 18:00:00|296.34|296.75|295.85|296.65|133
2020.11.25 10:00:00|295.84|300.3|295.35|299.95|201
2020.11.25 11:00:00|299.75|300.05|298.35|299.95|127
2020.11.25 12:00:00|299.99|301.95|299.95|301.95|131
2020.11.25 13:00:00|302.05|303.65|301.95|303.25|119
2020.11.25 14:00:00|303.34|303.7|300.75|300.85|118
2020.11.25 15:00:00|300.74|301.85|300.74|300.95|122
2020.11.25 16:00:00|301.04|303.65|300.84|302.95|119
2020.11.25 17:00:00|303|303.65|302.55|302.55|126
2020.11.25 18:00:00|302.65|303.3|302.35|303.25|91
2020.11.26 10:00:00|305.94|307.45|305.14|306.15|183
2020.11.26 11:00:00|306.25|306.25|304.65|304.95|107
2020.11.26 12:00:00|305.05|305.85|304.65|305.85|92
2020.11.26 13:00:00|306.15|307.05|305.95|306.55|103
2020.11.26 14:00:00|306.45|306.85|306.14|306.75|62
2020.11.26 15:00:00|306.84|307.2|306.34|306.35|78
2020.11.26 16:00:00|306.45|306.75|305.95|306.45|82
2020.11.26 17:00:00|306.55|306.65|305.15|305.15|81
2020.11.26 18:00:00|305.24|305.85|304.95|305.73|57
2020.11.27 10:00:00|305.94|308.85|305.55|308.85|184
2020.11.27 11:00:00|308.75|309.15|307.64|307.85|127
2020.11.27 12:00:00|307.8|308.75|307.25|308.75|131
2020.11.27 13:00:00|308.8|309.65|308.44|309.15|104
2020.11.27 14:00:00|309.09|309.25|308.15|308.15|93
2020.11.27 15:00:00|308.1|308.5|307.65|308.15|92
2020.11.27 16:00:00|308.24|309.65|308.24|309.15|100
2020.11.27 17:00:00|309.05|309.25|308.15|308.8|130
2020.11.27 18:00:00|308.85|309.45|308.7|309.35|74
2020.11.30 10:00:00|308.44|309.25|306.65|308.1|226
2020.11.30 11:00:00|308.1|308.8|307.94|308.45|144
2020.11.30 12:00:00|308.34|308.65|307.5|307.75|109
2020.11.30 13:00:00|307.9|308|306.44|307.6|116
2020.11.30 14:00:00|307.54|308.65|307.35|307.35|89
2020.11.30 15:00:00|307.45|308.35|307.35|308.35|90
2020.11.30 16:00:00|308.09|308.35|307.34|308.25|137
2020.11.30 17:00:00|308.15|309.05|307.95|308.55|112
2020.11.30 18:00:00|308.45|308.75|306.45|306.45|64
2020.12.01 10:00:00|308.14|308.4|304.65|306.15|191
2020.12.01 11:00:00|306.19|306.85|305.35|305.55|121
2020.12.01 12:00:00|305.64|306.85|305.14|306.45|102
2020.12.01 13:00:00|306.35|306.55|305.55|305.75|81
2020.12.01 14:00:00|305.7|306|304.45|304.75|107
2020.12.01 15:00:00|304.94|305.25|304.45|305.15|64
2020.12.01 16:00:00|305.4|306.85|304.65|306.35|143
2020.12.01 17:00:00|306.85|306.85|306|306.35|137
2020.12.01 18:00:00|306.45|306.85|306.25|306.85|94
2020.12.02 10:00:00|305.94|306.85|304.35|305.85|189
2020.12.02 11:00:00|306.05|307.15|305.75|306.05|139
2020.12.02 12:00:00|306.3|306.45|305.84|306.25|133
2020.12.02 13:00:00|306.14|306.45|305.74|306.05|100
2020.12.02 14:00:00|306.1|306.4|305.74|306.05|116
2020.12.02 15:00:00|306.14|306.55|305.59|306.2|127
2020.12.02 16:00:00|306.15|306.45|305.95|306.15|156
2020.12.02 17:00:00|306.2|306.2|304.15|305.25|154
2020.12.02 18:00:00|305.34|305.85|305.34|305.75|50
2020.12.03 10:00:00|307.7|308.85|305.04|305.05|189
2020.12.03 11:00:00|305.09|305.65|303.15|303.15|121
2020.12.03 12:00:00|303.25|305.05|303.25|305.05|88
2020.12.03 13:00:00|305.15|305.65|304.75|305.15|82
2020.12.03 14:00:00|305.25|305.75|305.14|305.65|56
2020.12.03 15:00:00|305.54|305.7|305.15|305.45|72
2020.12.03 16:00:00|305.64|306.6|305.64|305.95|71
2020.12.03 17:00:00|306.05|306.05|304.89|305.05|97
2020.12.03 18:00:00|304.94|305.05|304.34|304.75|38
2020.12.04 10:00:00|305.7|307.35|305.14|305.15|168
2020.12.04 11:00:00|305.25|305.55|304.04|304.05|115
2020.12.04 12:00:00|304.15|304.15|302.84|303.65|87
2020.12.04 13:00:00|303.54|304.15|303.04|303.45|69
2020.12.04 14:00:00|303.34|303.85|302.84|302.85|75
2020.12.04 15:00:00|302.94|303.35|302.55|303.35|81
2020.12.04 16:00:00|303.25|304.45|303.04|304.05|93
2020.12.04 17:00:00|303.94|305.15|303.94|304.55|101
2020.12.04 18:00:00|304.59|305.35|304.5|305.3|50
2020.12.07 10:00:00|305.75|306.1|302.15|303.5|212
2020.12.07 11:00:00|303.55|304.9|303.55|304.75|151
2020.12.07 12:00:00|304.64|304.65|303.64|303.95|105
2020.12.07 13:00:00|304.3|304.45|303.54|304.25|89
2020.12.07 14:00:00|304.34|304.35|303.7|304.05|74
2020.12.07 15:00:00|304.15|304.15|302.75|303.55|69
2020.12.07 16:00:00|303.64|304|302.85|303.85|120
2020.12.07 17:00:00|303.95|304.25|303.04|303.05|85
2020.12.07 18:00:00|302.94|304.05|302.85|304.05|66
2020.12.08 10:00:00|304.14|304.9|303.45|303.65|195
2020.12.08 11:00:00|303.8|304.05|301.75|302.15|129
2020.12.08 12:00:00|302.25|302.5|301.6|302.2|115
2020.12.08 13:00:00|302.09|302.7|301.95|301.95|114
2020.12.08 14:00:00|302.15|302.5|301.69|302.45|105
2020.12.08 15:00:00|302.55|302.95|302.35|302.75|88
2020.12.08 16:00:00|302.84|304.4|302.64|303.85|106
2020.12.08 17:00:00|303.79|304.45|303.14|304.45|95
2020.12.08 18:00:00|304.55|305.1|304.25|304.55|78
2020.12.09 10:00:00|305.74|305.95|302.85|303.05|216
2020.12.09 11:00:00|303.1|303.7|301.85|302.25|106
2020.12.09 12:00:00|302.14|302.45|300.94|301.05|100
2020.12.09 13:00:00|300.94|301.2|300.25|300.55|87
2020.12.09 14:00:00|300.34|300.95|300.14|300.9|76
2020.12.09 15:00:00|300.94|301.95|300.85|301.85|113
2020.12.09 16:00:00|301.8|302.25|300.84|300.85|138
2020.12.09 17:00:00|300.95|301.35|300.15|300.95|104
2020.12.09 18:00:00|301.04|301.85|301.04|301.85|38
2020.12.10 10:00:00|304.14|305.65|302.85|302.85|191
2020.12.10 11:00:00|302.94|304.25|302.94|303.75|116
2020.12.10 12:00:00|303.84|304.15|303.14|303.45|85
2020.12.10 13:00:00|303.55|303.95|302.95|303.95|94
2020.12.10 14:00:00|304|304|302.45|302.9|148
2020.12.10 15:00:00|302.84|303.65|301.65|301.85|130
2020.12.10 16:00:00|301.75|303.75|301.75|303.55|153
2020.12.10 17:00:00|303.65|304.25|301.85|302|155
2020.12.10 18:00:00|301.95|302.1|301.5|301.5|83
2020.12.11 10:00:00|302.04|302.05|299.95|300.15|187
2020.12.11 11:00:00|300.35|301.55|300.05|300.85|103
2020.12.11 12:00:00|300.94|301.15|299.84|300.05|87
2020.12.11 13:00:00|300|300.25|299.05|300.25|127
2020.12.11 14:00:00|300.14|300.8|300.14|300.55|83
2020.12.11 15:00:00|300.64|301.25|300.24|301.15|72
2020.12.11 16:00:00|301.05|301.65|300.35|301.45|106
2020.12.11 17:00:00|301.55|302.35|300.84|302.25|112
2020.12.11 18:00:00|302.34|302.65|301.15|301.55|50
2020.12.14 10:00:00|301.8|303|301.65|302.6|242
2020.12.14 11:00:00|302.55|302.8|301.75|302.15|103
2020.12.14 12:00:00|302.24|303.65|302.05|303.55|85
2020.12.14 13:00:00|303.64|304.45|303.64|304.35|76
2020.12.14 14:00:00|304.45|305.4|304.24|305.05|86
2020.12.14 15:00:00|304.94|305.15|304.39|304.45|73
2020.12.14 16:00:00|304.4|305.25|304.15|304.95|78
2020.12.14 17:00:00|304.85|304.95|303.75|304.55|99
2020.12.14 18:00:00|304.45|304.45|303.34|303.35|37
2020.12.15 10:00:00|303.04|304.35|302.75|304.15|174
2020.12.15 11:00:00|304.04|304.95|303.75|304.75|124
2020.12.15 12:00:00|304.84|305.85|304.7|305.15|161
2020.12.15 13:00:00|305.35|305.55|304.24|304.55|63
2020.12.15 14:00:00|304.64|304.65|302.95|303.1|98
2020.12.15 15:00:00|303.05|304.2|302.55|304.2|78
2020.12.15 16:00:00|304.25|304.45|302.65|303.15|133
2020.12.15 17:00:00|303.25|303.98|302.84|303.45|123
2020.12.15 18:00:00|303.34|303.75|302.75|303.05|133
2020.12.16 10:00:00|304.24|306.55|303.75|306.15|197
2020.12.16 11:00:00|306.05|306.85|305.65|305.75|145
2020.12.16 12:00:00|305.85|306.45|305.54|306.25|126
2020.12.16 13:00:00|306.19|306.55|305.15|305.15|88
2020.12.16 14:00:00|305.04|306.35|304.94|306.15|93
2020.12.16 15:00:00|306.09|306.45|305.35|305.75|99
2020.12.16 16:00:00|305.79|306.25|305.05|305.95|88
2020.12.16 17:00:00|306.04|309.55|306.04|309.55|132
2020.12.16 18:00:00|309.6|309.85|308.45|309.25|71
2020.12.17 10:00:00|310.9|310.95|307.74|307.75|193
2020.12.17 11:00:00|307.64|308.05|306.95|306.95|107
2020.12.17 12:00:00|307.04|307.35|306.34|306.75|97
2020.12.17 13:00:00|306.64|306.95|305.84|305.85|73
2020.12.17 14:00:00|306|306.05|305.75|306|55
2020.12.17 15:00:00|305.95|306.45|305.54|305.65|74
2020.12.17 16:00:00|305.75|307.1|305.34|305.85|124
2020.12.17 17:00:00|305.95|307.05|305.35|305.45|132
2020.12.17 18:00:00|305.55|305.9|305.25|305.25|59
2020.12.18 10:00:00|303.9|305.85|303.8|305.55|163
2020.12.18 11:00:00|305.65|306.3|305.14|305.25|158
2020.12.18 12:00:00|305.29|305.85|303.54|303.95|242
2020.12.18 13:00:00|303.85|305.3|303.14|304.45|126
2020.12.18 14:00:00|304.54|304.7|303.95|304.25|67
2020.12.18 15:00:00|304.29|304.85|303.94|304.4|125
2020.12.18 16:00:00|304.34|304.65|303.54|304.25|213
2020.12.18 17:00:00|304.15|304.38|303.25|303.4|149
2020.12.18 18:00:00|303.35|304.65|303.3|304.65|89
2020.12.21 10:00:00|302.1|302.55|298.64|298.85|242
2020.12.21 11:00:00|298.9|298.9|296.94|297.25|219
2020.12.21 12:00:00|297.15|297.9|294.05|294.95|344
2020.12.21 13:00:00|294.75|297.85|294.75|296.95|187
2020.12.21 14:00:00|297.34|297.65|296.74|297.15|189
2020.12.21 15:00:00|297.05|297.4|295.95|296.25|199
2020.12.21 16:00:00|296.15|296.7|294.45|294.45|219
2020.12.21 17:00:00|294.83|295.65|294.05|295.45|164
2020.12.21 18:00:00|295.35|295.95|294.95|295.45|92
2020.12.22 10:00:00|298.2|302.2|298|301.55|251
2020.12.22 11:00:00|301.65|301.85|300.25|300.55|150
2020.12.22 12:00:00|300.65|301.3|299.94|300.15|131
2020.12.22 13:00:00|300.3|301.3|300.24|300.75|87
2020.12.22 14:00:00|300.9|301.25|300.64|301.05|94
2020.12.22 15:00:00|301|302.05|300.95|301.8|104
2020.12.22 16:00:00|301.7|302.5|301.45|301.55|165
2020.12.22 17:00:00|301.5|301.85|300.15|301.75|160
2020.12.22 18:00:00|301.8|302.5|301.5|302.15|154
2020.12.23 10:00:00|302.54|304.05|302.54|302.9|139
2020.12.23 11:00:00|302.75|303.75|302.75|303.75|64
2020.12.23 12:00:00|303.65|303.95|303.34|303.65|58
2020.12.23 13:00:00|303.74|303.75|303.04|303.55|42
2020.12.23 14:00:00|303.45|303.85|303.15|303.65|61
2020.12.23 15:00:00|303.74|304.15|303.44|303.75|58
2020.12.23 16:00:00|303.84|304.75|303.44|303.65|83
2020.12.23 17:00:00|303.54|303.55|302.65|302.75|116
2020.12.23 18:00:00|302.84|304.55|302.84|304.35|63
2020.12.24 10:00:00|303.74|303.75|302.54|303.45|62
2020.12.24 11:00:00|303.09|303.65|303.05|303.45|34
2020.12.24 12:00:00|303.64|303.75|302.84|302.95|30
2020.12.24 13:00:00|302.84|302.95|302.34|302.35|29
2020.12.24 14:00:00|302.24|302.35|301.15|301.15|40
2020.12.28 10:00:00|303.74|304.95|300.95|303.45|164
2020.12.28 11:00:00|303.7|305.95|303.04|305.95|103
2020.12.28 12:00:00|306.04|307.7|306|307.55|83
2020.12.28 13:00:00|307.64|308.3|307.04|307.55|69
2020.12.28 14:00:00|307.49|308.3|307.49|307.55|29
2020.12.28 15:00:00|307.44|307.9|307.39|307.65|83
2020.12.28 16:00:00|307.54|308.25|307.34|308.2|66
2020.12.28 17:00:00|308.14|309.35|308.14|308.95|77
2020.12.28 18:00:00|308.84|309.35|308.35|308.55|43
2020.12.29 10:00:00|308.6|311.5|307.24|311.15|175
2020.12.29 11:00:00|311.05|312.4|310.95|312.15|124
2020.12.29 12:00:00|312.24|312.25|311.04|311.2|86
2020.12.29 13:00:00|311.4|312.15|310.94|311.8|87
2020.12.29 14:00:00|311.85|311.95|311.24|311.85|77
2020.12.29 15:00:00|311.94|312.3|311.74|312.25|64
2020.12.29 16:00:00|312.14|312.85|311.15|311.4|74
2020.12.29 17:00:00|311.33|312.15|311.14|311.35|129
2020.12.29 18:00:00|311.25|311.33|310.44|310.85|66
2020.12.30 10:00:00|310.84|312.75|310.75|312.3|141
2020.12.30 11:00:00|312.39|313.25|312.24|312.95|98
2020.12.30 12:00:00|312.9|313.1|311.85|311.85|100
2020.12.30 13:00:00|312|312.6|311.64|311.75|64
2020.12.30 14:00:00|311.84|312.75|311.45|312.05|65
2020.12.30 15:00:00|311.94|312.45|311.25|311.65|89
2020.12.30 16:00:00|311.75|312.45|311.65|312.25|68
2020.12.30 17:00:00|312.3|313.05|311.85|311.85|75
2020.12.30 18:00:00|311.95|313.65|311.84|312.75|58
2020.12.31 10:00:00|311.4|311.75|310.15|311.15|87
2020.12.31 11:00:00|311.24|312.1|311.24|311.45|56
2020.12.31 12:00:00|311.54|312.1|311.34|312.1|61
2020.12.31 13:00:00|312.15|313.55|312.04|313.45|77
2020.12.31 14:00:00|313.65|313.85|311.35|311.55|54
2021.01.04 10:00:00|313.95|313.95|313.05|313.55|19
2021.01.04 11:00:00|312.14|312.15|312.14|312.15|2
2021.01.04 12:00:00|314.65|315.45|314.65|314.95|15
2021.01.04 13:00:00|314.84|315.15|314.84|315.15|8
2021.01.04 14:00:00|314.34|314.6|313.94|314.35|10
2021.01.04 15:00:00|313.84|314.75|313.84|314.65|15
2021.01.04 16:00:00|315.19|315.2|314.04|314.25|37
2021.01.04 17:00:00|314.14|314.25|312.44|312.45|8
2021.01.04 18:00:00|311.94|312.05|311.14|311.9|19
2021.01.05 10:00:00|310.64|311.25|309.94|310.75|20
2021.01.05 11:00:00|310.84|311.25|309.94|310.85|24
2021.01.05 12:00:00|310.44|310.45|310.44|310.45|2
2021.01.05 14:00:00|309.59|309.6|309.3|309.4|12
2021.01.05 15:00:00|310.2|310.3|309.1|309.1|24
2021.01.05 16:00:00|309.15|310.25|308.65|309.85|159
2021.01.05 17:00:00|310.05|310.05|306.9|306.95|215
2021.01.05 18:00:00|307|307.35|306.39|307.25|105
2021.01.06 10:00:00|307.34|307.45|305.15|306.65|241
2021.01.06 11:00:00|306.75|307.75|306.35|307.45|124
2021.01.06 12:00:00|307.35|307.85|306.65|306.75|145
2021.01.06 13:00:00|306.65|306.65|305.25|305.85|135
2021.01.06 14:00:00|305.74|305.85|304.65|304.65|81
2021.01.06 15:00:00|304.75|305.35|304.65|305.35|103
2021.01.06 16:00:00|305.44|307.15|304.74|307.05|122
2021.01.06 17:00:00|306.94|307.7|305.95|307.45|193
2021.01.06 18:00:00|307.55|309.05|307.55|309|137
2021.01.07 10:00:00|309.34|310.55|308.05|308.55|215
2021.01.07 11:00:00|308.44|308.8|307.1|307.65|140
2021.01.07 12:00:00|307.55|308.85|307.39|308.35|110
2021.01.07 13:00:00|308.15|308.95|307.25|307.25|134
2021.01.07 14:00:00|307.15|308.15|307.15|307.65|93
2021.01.07 15:00:00|307.54|307.7|307.04|307.25|82
2021.01.07 16:00:00|307.14|307.4|306.45|306.75|252
2021.01.07 17:00:00|306.65|307.35|306.45|307.05|249
2021.01.07 18:00:00|307.15|307.55|306.85|307.35|148
2021.01.08 10:00:00|308.04|310.15|307.34|307.65|210
2021.01.08 11:00:00|307.7|307.75|305.95|306.15|141
2021.01.08 12:00:00|306.04|306.15|304.94|305.65|128
2021.01.08 13:00:00|305.55|305.95|304.94|304.95|91
2021.01.08 14:00:00|305.05|305.3|304.04|304.15|77
2021.01.08 15:00:00|304.24|304.35|302.65|302.75|108
2021.01.08 16:00:00|302.65|304.05|302.35|302.95|134
2021.01.08 17:00:00|302.84|303.95|302.45|303.95|118
2021.01.08 18:00:00|303.84|305.15|303.84|305.15|70
2021.01.11 10:00:00|305.94|306.35|302.9|304.15|200
2021.01.11 11:00:00|304.25|305.55|304.25|305.15|107
2021.01.11 12:00:00|305.19|306.25|305.05|305.95|84
2021.01.11 13:00:00|305.84|306.25|305.65|306.05|75
2021.01.11 14:00:00|305.94|306|304.95|304.95|101
2021.01.11 15:00:00|304.85|305.35|304.75|304.8|98
2021.01.11 16:00:00|304.75|305.95|304.3|305.95|160
2021.01.11 17:00:00|306.05|306.05|304.6|304.8|132
2021.01.11 18:00:00|304.84|305.6|304.35|305.45|93
2021.01.12 10:00:00|302.35|302.95|300.8|300.9|184
2021.01.12 11:00:00|300.95|301.15|299.65|300.55|165
2021.01.12 12:00:00|300.45|300.65|299.05|299.95|151
2021.01.12 13:00:00|300.04|300.15|298.95|299.45|101
2021.01.12 14:00:00|299.49|299.85|299.39|299.75|77
2021.01.12 15:00:00|299.64|299.95|299.25|299.65|71
2021.01.12 16:00:00|299.74|300.15|298.74|299.65|126
2021.01.12 17:00:00|299.75|299.85|298.94|299.45|115
2021.01.12 18:00:00|299.5|300.55|299.3|299.9|111
2021.01.13 10:00:00|300.09|301.4|298.44|299|218
2021.01.13 11:00:00|298.95|300.2|298.94|299.05|120
2021.01.13 12:00:00|299.25|300.45|298.45|298.65|115
2021.01.13 13:00:00|298.74|299.15|297.75|298.95|116
2021.01.13 14:00:00|299.05|299.45|298.55|299|116
2021.01.13 15:00:00|298.95|300.15|298.94|300.15|90
2021.01.13 16:00:00|300.1|301.45|300.05|301.15|147
2021.01.13 17:00:00|301.24|301.7|300.85|301.55|123
2021.01.13 18:00:00|301.65|301.65|300.8|301.25|86
2021.01.14 10:00:00|300.64|300.65|298.65|299.35|203
2021.01.14 11:00:00|299.44|300.15|299.14|299.85|108
2021.01.14 12:00:00|299.74|300.05|298.55|298.65|107
2021.01.14 13:00:00|298.74|299.25|298.45|298.85|104
2021.01.14 14:00:00|298.9|298.9|297.9|298.25|86
2021.01.14 15:00:00|298.34|298.85|298.09|298.35|86
2021.01.14 16:00:00|298.44|299.45|298.15|298.3|157
2021.01.14 17:00:00|298.35|298.55|297.55|298.15|130
2021.01.14 18:00:00|298.05|298.15|297.45|297.55|93
2021.01.15 10:00:00|295.44|297|295.05|296.85|176
2021.01.15 11:00:00|296.75|297.55|295.95|296.9|139
2021.01.15 12:00:00|296.94|297.05|295.95|296.15|167
2021.01.15 13:00:00|296.1|296.75|295.85|296.55|100
2021.01.15 14:00:00|296.45|296.65|295.34|295.35|86
2021.01.15 15:00:00|295.44|296.25|295.44|296.05|73
2021.01.15 16:00:00|296.09|297.4|295.7|297.25|153
2021.01.15 17:00:00|297.35|297.65|295.35|297.05|176
2021.01.15 18:00:00|297.1|297.65|296.5|297.55|106
2021.01.18 10:00:00|297.04|298.45|296.55|296.95|127
2021.01.18 11:00:00|297.14|297.65|296.65|296.65|95
2021.01.18 12:00:00|296.74|297.65|296.54|297.55|77
2021.01.18 13:00:00|297.64|298.25|296.95|297.35|69
2021.01.18 14:00:00|297.4|298.15|297.25|297.65|77
2021.01.18 15:00:00|297.54|297.75|296.94|297.15|72
2021.01.18 16:00:00|297.09|297.85|297.09|297.45|89
2021.01.18 17:00:00|297.34|297.5|296.95|296.95|88
2021.01.18 18:00:00|297.04|297.05|296.45|296.75|63
2021.01.19 10:00:00|296.49|298.35|295.7|295.85|231
2021.01.19 11:00:00|295.8|296.45|295.3|296|147
2021.01.19 12:00:00|296.05|296.45|295.8|296.1|117
2021.01.19 13:00:00|296.04|296.65|296|296.6|118
2021.01.19 14:00:00|296.54|297.15|296.25|296.85|118
2021.01.19 15:00:00|296.95|297.25|296.25|296.45|121
2021.01.19 16:00:00|296.5|297.2|295.95|296.7|144
2021.01.19 17:00:00|296.75|297.65|296.54|297.15|218
2021.01.19 18:00:00|297.04|297.45|296.7|297.05|100
2021.01.20 10:00:00|296.74|298.45|295.85|296.65|191
2021.01.20 11:00:00|296.84|297|295.69|295.85|141
2021.01.20 12:00:00|296.04|296.4|295.04|295.05|105
2021.01.20 13:00:00|294.94|294.95|293.85|293.85|70
2021.01.20 14:00:00|294.05|294.85|293.85|293.85|118
2021.01.20 15:00:00|293.74|294.2|293.74|294|105
2021.01.20 16:00:00|294.04|294.15|293.25|293.6|128
2021.01.20 17:00:00|293.65|294.25|293.04|293.85|182
2021.01.20 18:00:00|293.9|294.15|293.3|293.45|123
2021.01.21 10:00:00|293.94|295.15|293.55|294.25|184
2021.01.21 11:00:00|294.4|294.85|293.45|294.35|103
2021.01.21 12:00:00|294.29|294.4|293.85|294.05|67
2021.01.21 13:00:00|293.94|294.75|293.75|294.75|81
2021.01.21 14:00:00|294.8|294.8|293.24|293.25|86
2021.01.21 15:00:00|293.44|293.75|292.55|293.05|132
2021.01.21 16:00:00|293.24|294.15|293.15|293.85|118
2021.01.22 10:00:00|294.64|296.05|293.25|295.65|279
2021.01.22 11:00:00|295.84|296.15|292.75|293.65|198
2021.01.22 12:00:00|293.6|293.95|292.95|293.35|147
2021.01.22 13:00:00|293.25|294.35|292.95|294.15|143
2021.01.22 14:00:00|294.24|294.95|294.15|294.75|85
2021.01.22 15:00:00|294.64|295.15|294.44|294.75|80
2021.01.22 16:00:00|294.84|296.05|294.84|295.15|151
2021.01.22 17:00:00|295.04|296|295.04|295.45|160
2021.01.22 18:00:00|295.5|296.05|295.5|295.85|74
2021.01.25 10:00:00|296.55|296.65|295.45|295.85|135
2021.01.25 11:00:00|295.75|295.85|294.75|295.15|146
2021.01.25 12:00:00|295.24|295.7|295.14|295.45|96
2021.01.25 13:00:00|295.34|296.05|295.15|295.25|101
2021.01.25 14:00:00|295.3|296|294.7|295.15|163
2021.01.25 15:00:00|295.05|295.75|294.15|295.35|145
2021.01.25 16:00:00|295.54|296.2|295.15|296.15|141
2021.01.25 17:00:00|296.25|299.65|296.25|298.55|291
2021.01.25 18:00:00|298.45|299.05|297.5|298.35|182
2021.01.26 10:00:00|299.54|302|299.54|301.45|223
2021.01.26 11:00:00|301.54|302.55|301.25|301.5|142
2021.01.26 12:00:00|301.44|301.95|301.25|301.45|150
2021.01.26 13:00:00|301.39|302.15|301.34|301.75|101
2021.01.26 14:00:00|301.64|301.85|300.64|300.95|118
2021.01.26 15:00:00|300.8|301.1|300.1|300.35|113
2021.01.26 16:00:00|300.3|300.65|299.2|299.85|179
2021.01.26 17:00:00|299.75|302.05|299.75|301.85|192
2021.01.26 18:00:00|301.95|302.15|301.35|302.05|94
2021.01.27 10:00:00|300.29|302.35|299.75|300.75|279
2021.01.27 11:00:00|300.55|301.45|300.1|300.35|150
2021.01.27 12:00:00|300.44|300.6|299.45|300.55|98
2021.01.27 13:00:00|300.5|300.65|298.94|299.55|120
2021.01.27 14:00:00|299.64|299.75|296.84|296.85|143
2021.01.27 15:00:00|296.89|298.35|296.84|297.15|152
2021.01.27 16:00:00|297.25|297.65|296.05|297.05|223
2021.01.27 17:00:00|297.1|298.3|296.45|298.15|265
2021.01.27 18:00:00|298.05|298.15|297.05|297.45|99
2021.01.28 10:00:00|298.34|298.65|296.55|297.15|318
2021.01.28 11:00:00|297.24|297.75|296.05|297.55|185
2021.01.28 12:00:00|297.65|297.85|296.4|297.35|167
2021.01.28 13:00:00|297.25|298.55|297.05|297.75|147
2021.01.28 14:00:00|297.65|298.05|296.35|296.45|170
2021.01.28 15:00:00|296.35|297.05|295.85|297|185
2021.01.28 16:00:00|297.1|297.15|295.85|296.35|236
2021.01.28 17:00:00|296.44|298.15|296.44|297.1|203
2021.01.28 18:00:00|297.15|297.4|296.6|297.35|94
2021.01.29 10:00:00|292.75|293.05|291.35|292.75|292
2021.01.29 11:00:00|292.8|293.45|291.74|292.55|185
2021.01.29 12:00:00|292.45|293.05|291.95|292.95|181
2021.01.29 13:00:00|293|294.25|292.94|293.65|119
2021.01.29 14:00:00|293.24|293.75|292.65|292.65|142
2021.01.29 15:00:00|292.7|292.9|291.05|291.45|220
2021.01.29 16:00:00|291.55|291.75|290.7|291.15|152
2021.01.29 17:00:00|291.04|292.95|290.7|292.25|194
2021.01.29 18:00:00|292.35|292.35|290.35|290.65|139
2021.02.01 10:00:00|292.24|296.55|292.24|293.65|241
2021.02.01 11:00:00|293.6|294.95|293.55|294.95|118
2021.02.01 12:00:00|294.84|296.65|294.54|295.45|109
2021.02.01 13:00:00|295.39|297.15|295.35|296.35|143
2021.02.01 14:00:00|296.45|296.75|295.65|296.1|98
2021.02.01 15:00:00|296.15|296.25|295.64|295.75|89
2021.02.01 16:00:00|295.84|296.35|295.15|295.15|175
2021.02.01 17:00:00|295.05|296.35|294.75|295.55|152
2021.02.01 18:00:00|295.65|296.65|295.15|296.45|115
2021.02.02 10:00:00|296.74|298.25|296.55|298.05|227
2021.02.02 11:00:00|298.09|301.25|298.09|300.65|192
2021.02.02 12:00:00|300.45|300.45|299.05|299.35|128
2021.02.02 13:00:00|299.44|299.65|298.6|298.85|105
2021.02.02 14:00:00|298.8|299.45|298.4|298.45|137
2021.02.02 15:00:00|298.34|299.05|297.74|298.75|130
2021.02.02 16:00:00|298.65|299.55|298.54|299.25|238
2021.02.02 17:00:00|299.3|299.85|299.05|299.7|199
2021.02.02 18:00:00|299.65|300.05|299.2|299.25|115
2021.02.03 10:00:00|299.64|299.95|298.34|299.15|159
2021.02.03 11:00:00|299.04|299.05|297.65|298.15|97
2021.02.03 12:00:00|298.04|298.1|295.65|296.2|183
2021.02.03 13:00:00|296.04|298.2|295.95|297.95|116
2021.02.03 14:00:00|297.85|297.95|296.99|297.85|80
2021.02.03 15:00:00|297.9|298.55|297.65|298.4|103
2021.02.03 16:00:00|298.45|298.45|295.75|295.8|156
2021.02.03 17:00:00|295.85|295.85|293.75|295.05|154
2021.02.03 18:00:00|294.95|295.85|294.9|295.25|78
2021.02.04 10:00:00|293.79|296.45|293.55|294.85|203
2021.02.04 11:00:00|294.95|295.15|293.85|294.85|146
2021.02.04 12:00:00|294.75|295.75|294.55|295.1|88
2021.02.04 13:00:00|295.04|295.65|294.8|294.85|92
2021.02.04 14:00:00|294.75|295.75|294.74|295.55|131
2021.02.04 15:00:00|295.64|297.35|295.45|296.95|112
2021.02.04 16:00:00|296.89|297.05|295.7|295.85|142
2021.02.04 17:00:00|295.79|297.25|295.65|296.75|212
2021.02.04 18:00:00|296.65|297.45|296.65|297.15|112
2021.02.05 10:00:00|298.54|298.55|296.4|296.45|159
2021.02.05 11:00:00|296.35|296.7|295.5|295.55|133
2021.02.05 12:00:00|295.59|297.15|295.55|296.5|105
2021.02.05 13:00:00|296.55|299.35|296.55|299.3|138
2021.02.05 14:00:00|299.4|303.15|299.35|303.05|303
2021.02.05 15:00:00|302.99|306.45|302.99|306.45|329
2021.02.05 16:00:00|306.4|306.4|303.95|304.1|249
2021.02.05 17:00:00|304.15|304.3|302.65|303.75|159
2021.02.05 18:00:00|303.8|303.95|303.25|303.9|128
2021.02.08 10:00:00|308.84|309.35|307.15|308.15|364
2021.02.08 11:00:00|308.05|309.05|307.85|308.6|173
2021.02.08 12:00:00|308.64|308.95|306.75|307.25|130
2021.02.08 13:00:00|307.14|307.65|307.04|307.25|98
2021.02.08 14:00:00|307.19|307.55|307.04|307.35|72
2021.02.08 15:00:00|307.45|307.75|306.7|307.15|97
2021.02.08 16:00:00|307.04|307.85|306.75|307.15|171
2021.02.08 17:00:00|307.3|309.35|307.25|308.95|248
2021.02.08 18:00:00|308.9|309.15|307.55|307.95|140
2021.02.09 10:00:00|309.1|310.45|307.75|308.2|212
2021.02.09 11:00:00|308.15|309.25|307.85|308.45|142
2021.02.09 12:00:00|308.35|308.55|307.35|308.45|130
2021.02.09 13:00:00|308.4|308.9|308.15|308.85|104
2021.02.09 14:00:00|308.74|309.55|308.55|309.15|101
2021.02.09 15:00:00|309.24|309.65|309.04|309.5|102
2021.02.09 16:00:00|309.45|310|308.55|309.85|161
2021.02.09 17:00:00|309.8|311.95|309.8|311.65|183
2021.02.09 18:00:00|311.7|312.3|311.55|311.75|143
2021.02.10 10:00:00|311.29|312.65|310.45|312.35|179
2021.02.10 11:00:00|312.45|312.7|311.55|311.75|128
2021.02.10 12:00:00|311.64|312.05|310.94|311.75|109
2021.02.10 13:00:00|311.8|313.4|311.8|312.55|102
2021.02.10 14:00:00|312.6|312.6|311.45|311.7|72
2021.02.10 15:00:00|311.64|312.3|311.25|312.15|83
2021.02.10 16:00:00|312.19|312.5|310.84|311.25|127
2021.02.10 17:00:00|311.35|312.15|310.75|311.25|198
2021.02.10 18:00:00|311.14|311.65|310.75|311.05|94
2021.02.11 10:00:00|310.14|310.55|308.75|310.25|135
2021.02.11 11:00:00|310.04|310.75|309.14|310.55|80
2021.02.11 12:00:00|310.44|310.5|308.85|309.75|93
2021.02.11 13:00:00|309.9|310.15|309.65|310.15|68
2021.02.11 14:00:00|310|311.45|309.34|311.45|78
2021.02.11 15:00:00|311.35|312.5|310.94|312.05|117
2021.02.11 16:00:00|311.95|311.95|310.4|310.45|152
2021.02.11 17:00:00|310.65|311.35|308.95|309.15|176
2021.02.11 18:00:00|309.1|309.25|308.35|308.85|115
2021.02.12 10:00:00|313.1|315.1|311.15|314.95|447
2021.02.12 11:00:00|314.85|318.05|314.15|317.35|300
2021.02.12 12:00:00|317.25|317.9|313.15|313.25|204
2021.02.12 13:00:00|313.15|315.5|312.7|314.05|203
2021.02.12 14:00:00|314.1|315.85|313.44|315.8|140
2021.02.12 15:00:00|315.75|316.55|315.5|315.95|146
2021.02.12 16:00:00|316.04|317.25|315.45|316.85|143
2021.02.12 17:00:00|316.7|318.7|316.55|318.5|236
2021.02.12 18:00:00|318.55|319.25|318.25|319.25|164
2021.02.15 10:00:00|317.14|317.55|311.05|312.25|468
2021.02.15 11:00:00|312.3|314.45|312.05|313.55|258
2021.02.15 12:00:00|313.6|315.05|313.44|314.45|155
2021.02.15 13:00:00|314.5|315.65|314.5|315.55|145
2021.02.15 14:00:00|315.45|315.45|313.75|313.75|102
2021.02.15 15:00:00|313.85|314.5|313.8|314.35|86
2021.02.15 16:00:00|314.25|315.1|314.1|314.55|140
2021.02.15 17:00:00|314.5|315.65|314.3|315.45|129
2021.02.15 18:00:00|315.34|315.55|314.7|315.05|102
2021.02.16 10:00:00|313.54|314.25|310.85|311.4|229
2021.02.16 11:00:00|311.35|311.75|310.9|311.35|161
2021.02.16 12:00:00|311.4|312.45|311.35|312.45|96
2021.02.16 13:00:00|312.4|312.4|310.95|311.45|106
2021.02.16 14:00:00|311.39|311.55|311.1|311.45|75
2021.02.16 15:00:00|311.4|312.1|311.15|311.6|118
2021.02.16 16:00:00|311.64|311.95|311.1|311.25|154
2021.02.16 17:00:00|311.35|312.15|311.1|312.15|160
2021.02.16 18:00:00|312.09|312.85|312|312.75|98
2021.02.17 10:00:00|312.04|314.85|311.25|313.65|395
2021.02.17 11:00:00|313.55|314.5|313.25|314.4|165
2021.02.17 12:00:00|314.35|316.05|313.95|315.35|160
2021.02.17 13:00:00|315.4|316.05|314.7|314.85|118
2021.02.17 14:00:00|314.74|315.45|314.7|315.35|70
2021.02.17 15:00:00|315.4|315.75|315|315.4|145
2021.02.17 16:00:00|315.44|315.75|315.05|315.35|234
2021.02.17 17:00:00|315.4|317.35|315.25|316.45|265
2021.02.17 18:00:00|316.5|317.05|316.15|317.05|144
2021.02.18 10:00:00|317.24|318.9|315.84|318.45|251
2021.02.18 11:00:00|318.55|318.6|317.35|318.05|110
2021.02.18 12:00:00|317.95|318.35|316.55|316.55|122
2021.02.18 13:00:00|316.35|317.35|315.85|317.25|104
2021.02.18 14:00:00|317.29|318.15|316.84|317.45|91
2021.02.18 15:00:00|317.55|317.65|316.65|316.95|100
2021.02.18 16:00:00|316.9|318|316.55|317.75|147
2021.02.18 17:00:00|317.8|317.8|317.05|317.35|120
2021.02.18 18:00:00|317.4|317.75|316.15|316.35|70
2021.02.19 10:00:00|319.55|319.75|316.54|317.25|283
2021.02.19 11:00:00|317.2|318.35|316.35|317.7|175
2021.02.19 12:00:00|317.75|319.25|317.35|318.55|169
2021.02.19 13:00:00|318.6|318.6|317.45|317.75|101
2021.02.19 14:00:00|317.8|319.4|317.8|318.85|84
2021.02.19 15:00:00|318.89|318.95|317.6|317.8|123
2021.02.19 16:00:00|317.75|318.1|317|317.65|249
2021.02.19 17:00:00|317.5|317.5|316.05|316.75|211
2021.02.19 18:00:00|316.7|317|316.49|316.85|106
2021.02.22 10:00:00|312.84|314.15|311.15|311.3|178
2021.02.22 11:00:00|311.35|311.95|310.85|311.85|114
2021.02.22 12:00:00|311.95|312.6|311.45|312.6|94
2021.02.22 13:00:00|312.44|312.45|311.84|312.3|69
2021.02.22 14:00:00|312.35|312.45|310.95|311.05|107
2021.02.22 15:00:00|310.95|312.85|310.75|312.65|97
2021.02.22 16:00:00|312.74|313.35|312.15|312.65|130
2021.02.22 17:00:00|312.75|312.95|311.5|311.95|148
2021.02.22 18:00:00|311.9|311.95|310.85|311.25|211
2021.02.23 10:00:00|310.74|311.35|308.65|309.55|203
2021.02.23 11:00:00|309.5|310.65|309.25|309.35|136
2021.02.23 12:00:00|309.3|311.25|309.2|311.15|114
2021.02.23 13:00:00|311.25|311.25|310|310.35|95
2021.02.23 14:00:00|310.44|311.25|310.34|310.85|110
2021.02.23 15:00:00|310.8|311.05|310.4|310.55|98
2021.02.23 16:00:00|310.5|310.65|308.8|309.35|184
2021.02.23 17:00:00|309.3|311.55|309.25|310.75|226
2021.02.23 18:00:00|310.7|311.45|310.55|310.75|97
2021.02.24 10:00:00|311.29|311.85|309.75|310.25|233
2021.02.24 11:00:00|310.14|311.45|309.65|311.45|143
2021.02.24 12:00:00|311.55|312.35|309.85|310.05|134
2021.02.24 13:00:00|309.85|309.85|308.05|308.35|168
2021.02.24 14:00:00|308.45|309.35|308.35|308.45|98
2021.02.24 15:00:00|308.55|308.7|306.8|306.95|121
2021.02.24 16:00:00|307.05|307.25|304.85|305.15|266
2021.02.24 17:00:00|305.05|307.4|305.05|307.1|295
2021.02.24 18:00:00|307.15|308.45|307.1|307.45|108
2021.02.25 10:00:00|307.44|308.25|306.25|306.45|193
2021.02.25 11:00:00|306.35|309.45|306.35|309.45|150
2021.02.25 12:00:00|309.54|309.95|308.05|308.15|110
2021.02.25 13:00:00|308.24|308.5|306.55|306.95|129
2021.02.25 14:00:00|306.84|307|306.25|307|96
2021.02.25 15:00:00|306.95|306.95|306.15|306.55|93
2021.02.25 16:00:00|306.49|308.25|306.05|307.15|142
2021.02.25 17:00:00|307.1|308.75|307.05|308.25|200
2021.02.25 18:00:00|308.3|308.4|307.45|307.45|135
2021.02.26 10:00:00|305.69|307.25|304.45|307.05|212
2021.02.26 11:00:00|307.1|307.55|305.85|306.45|151
2021.02.26 12:00:00|306.34|306.85|305.75|305.95|157
2021.02.26 13:00:00|305.85|305.95|304.85|304.85|138
2021.02.26 14:00:00|304.75|305.85|304.45|304.55|93
2021.02.26 15:00:00|304.44|305.05|304.15|304.8|141
2021.02.26 16:00:00|304.85|304.95|303.05|303.65|181
2021.02.26 17:00:00|303.54|303.8|302.35|303.2|243
2021.02.26 18:00:00|303.35|303.65|301.95|302|155
2021.03.01 10:00:00|306.24|307.2|305.45|306.45|157
2021.03.01 11:00:00|306.55|306.8|305.45|305.8|161
2021.03.01 12:00:00|305.84|306.15|305.45|306.1|109
2021.03.01 13:00:00|306.05|306.05|304.45|304.85|105
2021.03.01 14:00:00|305|305|304.44|304.85|96
2021.03.01 15:00:00|304.75|305.15|304.4|304.7|100
2021.03.01 16:00:00|304.75|305.4|304.55|304.75|153
2021.03.01 17:00:00|304.6|306.05|303.75|305.6|181
2021.03.01 18:00:00|305.55|305.95|305.45|305.85|101
2021.03.02 10:00:00|307.74|310.35|307.5|308.1|273
2021.03.02 11:00:00|308.05|308.6|307.44|308.55|155
2021.03.02 12:00:00|308.39|309.3|308.34|309.3|90
2021.03.02 13:00:00|309.24|309.75|308.9|309.25|108
2021.03.02 14:00:00|309.35|309.4|308.6|308.8|115
2021.03.02 15:00:00|308.84|309.5|308.44|309.35|131
2021.03.02 16:00:00|309.24|310.95|309.2|310.9|187
2021.03.02 17:00:00|311|311.25|309.65|309.95|215
2021.03.02 18:00:00|309.9|309.9|309.15|309.3|131
2021.03.03 10:00:00|310.34|310.65|309.25|309.35|233
2021.03.03 11:00:00|309.24|309.65|308.45|308.55|128
2021.03.03 12:00:00|308.65|309.05|308.35|308.85|88
2021.03.03 13:00:00|308.79|308.85|308.24|308.25|83
2021.03.03 14:00:00|308.35|308.65|307.99|308.35|85
2021.03.03 15:00:00|308.44|308.85|307.65|308.05|137
2021.03.03 16:00:00|308|308.15|305.3|305.45|184
2021.03.03 17:00:00|305.54|307.55|305|307.25|213
2021.03.03 18:00:00|307.35|308.05|307.25|307.75|100
2021.03.04 10:00:00|308.14|309.75|307.75|309.45|291
2021.03.04 11:00:00|309.49|309.65|307.5|308.15|142
2021.03.04 12:00:00|308.24|310.05|307.45|309.95|130
2021.03.04 13:00:00|310.05|310.05|309.15|309.75|98
2021.03.04 14:00:00|309.84|310.65|309.34|310.2|112
2021.03.04 15:00:00|310.24|310.4|309.75|310|88
2021.03.04 16:00:00|310.04|310.2|308.65|310.1|272
2021.03.04 17:00:00|310.05|311.5|309.95|310.85|307
2021.03.04 18:00:00|310.8|311.1|310.15|310.75|141
2021.03.05 10:00:00|309.44|309.65|306.75|307.65|167
2021.03.05 11:00:00|307.55|307.7|306.15|306.95|118
2021.03.05 12:00:00|307.15|307.85|306.45|306.45|111
2021.03.05 13:00:00|306.55|308.75|306.55|307.65|120
2021.03.05 14:00:00|307.55|309.35|307.55|309.05|102
2021.03.05 15:00:00|309.15|310.35|308.65|309.8|187
2021.03.05 16:00:00|309.95|310.1|309.05|309.75|217
2021.03.05 17:00:00|309.7|310.55|309.15|310.25|291
2021.03.05 18:00:00|310.15|310.55|309.35|309.65|137
2021.03.08 10:00:00|308.84|308.85|305.05|305.75|196
2021.03.08 11:00:00|305.7|305.7|304.1|305.05|218
2021.03.08 12:00:00|305.14|305.95|305.14|305.75|173
2021.03.08 13:00:00|305.84|307.3|305.25|307.05|172
2021.03.08 14:00:00|307.15|307.5|306.55|307.35|160
2021.03.08 15:00:00|307.3|308.05|307.15|307.55|133
2021.03.08 16:00:00|307.7|308.25|306.85|307.75|328
2021.03.08 17:00:00|307.8|309.3|307.4|308|351
2021.03.08 18:00:00|308.05|309.55|307.95|309.05|131
2021.03.09 10:00:00|308.84|309.55|307.25|308.05|230
2021.03.09 11:00:00|308|309.05|307.44|308.65|178
2021.03.09 12:00:00|308.54|309.55|308.34|309.55|143
2021.03.09 13:00:00|309.49|310.75|309.2|310.35|131
2021.03.09 14:00:00|310.3|311.4|310.25|311.25|205
2021.03.09 15:00:00|311.15|312.3|311.05|311.5|145
2021.03.09 16:00:00|311.55|313.35|311.55|312.75|255
2021.03.09 17:00:00|312.65|312.65|311.15|311.3|158
2021.03.09 18:00:00|311.25|312.05|311.05|311.75|118
2021.03.10 10:00:00|312.74|314.5|312.05|314.25|196
2021.03.10 11:00:00|314.35|314.6|313.25|314.05|123
2021.03.10 12:00:00|314.14|314.2|313.45|313.95|93
2021.03.10 13:00:00|313.84|314.15|313.4|314.1|112
2021.03.10 14:00:00|313.94|315.3|313.7|315.25|126
2021.03.10 15:00:00|315.3|316.55|314.74|316.45|106
2021.03.10 16:00:00|316.54|316.95|315.05|316.55|182
2021.03.10 17:00:00|316.6|317.45|315.65|317.25|207
2021.03.10 18:00:00|317.2|318.05|317.14|317.85|153
2021.03.11 10:00:00|319.39|321.65|317.65|318.25|283
2021.03.11 11:00:00|317.95|320.15|317.95|320.15|157
2021.03.11 12:00:00|320.25|320.85|319.74|320.1|168
2021.03.11 13:00:00|320.04|320.15|319.4|319.5|122
2021.03.11 14:00:00|319.45|319.95|318.85|319.65|162
2021.03.11 15:00:00|319.7|320.15|318.5|318.7|148
2021.03.11 16:00:00|318.64|319.45|318.35|318.75|203
2021.03.11 17:00:00|318.7|319.95|318.7|319.55|187
2021.03.11 18:00:00|319.5|320.8|319.45|320.35|114
2021.03.12 10:00:00|320.44|321.45|319.95|319.95|198
2021.03.12 11:00:00|320.05|320.55|319.35|319.55|139
2021.03.12 12:00:00|319.65|320.55|318.79|320.55|156
2021.03.12 13:00:00|320.65|321.15|320.15|321.15|111
2021.03.12 14:00:00|321.1|321.7|320.85|321.65|80
2021.03.12 15:00:00|321.69|322.85|321.69|322.15|177
2021.03.12 16:00:00|322.09|322.15|320.55|321.75|196
2021.03.12 17:00:00|321.85|323.25|321.85|322.7|209
2021.03.12 18:00:00|322.75|322.75|321.8|321.95|118
2021.03.15 10:00:00|323.54|324.65|322.65|323.65|182
2021.03.15 11:00:00|323.7|323.7|321.4|321.45|115
2021.03.15 12:00:00|321.34|322.15|321.19|321.95|109
2021.03.15 13:00:00|321.84|322.95|321.84|322.15|146
2021.03.15 14:00:00|322.19|322.7|322.04|322.55|69
2021.03.15 15:00:00|322.59|322.75|321.15|321.45|107
2021.03.15 16:00:00|321.34|321.9|320.95|321.8|136
2021.03.15 17:00:00|321.75|322.05|320.9|321.15|167
2021.03.15 18:00:00|321.2|321.35|320|320.65|95
2021.03.16 10:00:00|321.14|321.55|318.7|319.4|220
2021.03.16 11:00:00|319.35|321.05|319.3|320.45|195
2021.03.16 12:00:00|320.5|321.1|320.15|320.45|156
2021.03.16 13:00:00|320.55|321.35|320.25|321.25|123
2021.03.16 14:00:00|321.35|321.65|321|321.25|112
2021.03.16 15:00:00|321.29|321.3|320.39|321.2|133
2021.03.16 16:00:00|321.15|322.55|321.15|322.5|181
2021.03.16 17:00:00|322.45|323.2|322.05|322.4|232
2021.03.16 18:00:00|322.45|323.45|322.45|323.35|125
2021.03.17 10:00:00|323.94|324.95|321.75|324.95|204
2021.03.17 11:00:00|324.85|324.85|323.25|324.45|117
2021.03.17 12:00:00|324.54|324.85|323.55|323.85|135
2021.03.17 13:00:00|323.75|324.75|323.74|324.2|115
2021.03.17 14:00:00|324.15|325.95|324.15|325.7|114
2021.03.17 15:00:00|325.64|325.75|324.45|325.35|171
2021.03.17 16:00:00|325.39|326.15|324.35|326.05|187
2021.03.17 17:00:00|326.15|326.2|325.45|326|134
2021.03.17 18:00:00|325.94|326.15|325.7|325.95|82
2021.03.18 10:00:00|325.24|325.35|323.25|324.25|232
2021.03.18 11:00:00|324.35|325.7|324.25|324.95|136
2021.03.18 12:00:00|324.99|325.65|324.25|324.35|122
2021.03.18 13:00:00|324.25|324.3|322.84|323.1|100
2021.03.18 14:00:00|323.05|323.55|322.7|322.7|137
2021.03.18 15:00:00|322.65|323.85|322.15|323.65|193
2021.03.18 16:00:00|323.6|323.65|322.4|322.4|177
2021.03.18 17:00:00|322.45|322.85|321.94|322.2|179
2021.03.18 18:00:00|322.15|322.55|322.1|322.35|100
2021.03.19 10:00:00|320.74|323.05|320.55|321.25|227
2021.03.19 11:00:00|321.3|321.9|320.65|321.25|155
2021.03.19 12:00:00|321.35|322.25|320.25|322.15|277
2021.03.19 13:00:00|322.25|323.45|322.25|322.95|158
2021.03.19 14:00:00|322.85|323.25|322.1|322.75|123
2021.03.19 15:00:00|322.65|323.15|320.5|321.25|226
2021.03.19 16:00:00|321.15|321.65|320.6|321.35|313
2021.03.19 17:00:00|321.45|321.45|319.65|321.35|234
2021.03.19 18:00:00|321.45|321.55|320.95|321.15|128
2021.03.22 10:00:00|318.85|319.45|316.85|318.15|217
2021.03.22 11:00:00|318.24|319.75|317.95|319.65|166
2021.03.22 12:00:00|319.54|319.9|319.35|319.75|104
2021.03.22 13:00:00|319.64|320.75|319.64|320.3|119
2021.03.22 14:00:00|320.35|320.65|319.95|320.25|70
2021.03.22 15:00:00|320.19|320.6|319.74|320.55|101
2021.03.22 16:00:00|320.44|322.25|320.3|322.05|128
2021.03.22 17:00:00|321.94|322.05|320.65|320.85|111
2021.03.22 18:00:00|320.74|321.45|320.54|321.25|85
2021.03.23 10:00:00|320.24|322.05|319.65|321.95|164
2021.03.23 11:00:00|322.04|323.15|321|322.35|141
2021.03.23 12:00:00|322.24|323.05|322.1|322.85|143
2021.03.23 13:00:00|322.9|323.15|322.25|322.25|78
2021.03.23 14:00:00|322.09|322.3|321.55|322.05|76
2021.03.23 15:00:00|321.99|322.35|321.44|322.35|100
2021.03.23 16:00:00|322.44|322.8|321.8|322.75|190
2021.03.23 17:00:00|322.85|322.95|322.1|322.1|145
2021.03.23 18:00:00|322.14|322.15|321.64|321.85|79
2021.03.24 10:00:00|320.74|321.15|319.75|320.75|254
2021.03.24 11:00:00|320.84|320.85|318.85|319.55|120
2021.03.24 12:00:00|319.64|319.95|318.35|319|114
2021.03.24 13:00:00|318.95|319.15|318.35|318.45|86
2021.03.24 14:00:00|318.34|318.85|318.15|318.55|97
2021.03.24 15:00:00|318.44|318.9|317.6|318.05|139
2021.03.24 16:00:00|318|318.55|317.45|317.55|161
2021.03.24 17:00:00|317.59|318.35|317.35|317.85|193
2021.03.24 18:00:00|317.8|318|317.4|317.55|93
2021.03.25 10:00:00|316.54|321.35|316.2|321.25|295
2021.03.25 11:00:00|321.44|322.6|321.3|322.45|171
2021.03.25 12:00:00|322.34|323.15|322.14|322.85|113
2021.03.25 13:00:00|322.89|323.65|320.9|321.25|172
2021.03.25 14:00:00|321.14|322.35|321.14|322.35|177
2021.03.25 15:00:00|322.25|323.35|322.25|323.35|176
2021.03.25 16:00:00|323.45|323.55|322.45|323.15|194
2021.03.25 17:00:00|323.05|323.25|321.15|322.1|219
2021.03.25 18:00:00|322.04|322.05|320.85|321.25|98
2021.03.26 10:00:00|322.04|323.55|321.85|322.15|155
2021.03.26 11:00:00|322.24|322.45|321.64|322.35|77
2021.03.26 12:00:00|322.24|323.25|322.14|322.75|99
2021.03.26 13:00:00|322.8|323.05|321.35|322.85|105
2021.03.26 14:00:00|322.9|323.5|322.64|323.25|99
2021.03.26 15:00:00|323.15|323.95|322.6|323.45|153
2021.03.26 16:00:00|323.55|323.65|321.65|322.05|169
2021.03.26 17:00:00|322.15|322.95|321.95|322.6|121
2021.03.26 18:00:00|322.64|323.35|322.64|323.25|86
2021.03.29 10:00:00|325.44|326.45|325.25|325.55|155
2021.03.29 11:00:00|325.65|325.7|324.95|325.35|128
2021.03.29 12:00:00|325.24|326.15|325.2|325.8|92
2021.03.29 13:00:00|325.84|326.75|325.79|326.65|107
2021.03.29 14:00:00|326.6|327.05|326.24|326.55|89
2021.03.29 15:00:00|326.44|326.45|325.19|325.5|105
2021.03.29 16:00:00|325.44|327.35|325.35|326.75|156
2021.03.29 17:00:00|326.79|327.5|326.7|327.1|150
2021.03.29 18:00:00|327.14|327.2|326.44|326.95|93
2021.03.30 10:00:00|327.64|327.95|326.35|326.75|198
2021.03.30 11:00:00|326.69|326.75|325.05|325.65|168
2021.03.30 12:00:00|325.69|326.85|325.69|326.75|92
2021.03.30 13:00:00|326.69|326.7|325.55|325.65|89
2021.03.30 14:00:00|325.7|325.9|325.09|325.45|93
2021.03.30 15:00:00|325.35|325.75|325.15|325.65|110
2021.03.30 16:00:00|325.74|327.7|325.64|327.1|147
2021.03.30 17:00:00|327.15|327.9|326.75|327.55|140
2021.03.30 18:00:00|327.45|328.05|327.05|327.65|98
2021.03.31 10:00:00|327.74|328.75|326.55|326.95|217
2021.03.31 11:00:00|327.05|327.55|326.75|327.3|119
2021.03.31 12:00:00|327.34|327.85|326.8|327.75|138
2021.03.31 13:00:00|327.69|327.95|326.34|326.65|111
2021.03.31 14:00:00|326.75|327.85|326.25|327.7|98
2021.03.31 15:00:00|327.74|327.95|326.85|326.95|90
2021.03.31 16:00:00|326.9|327.05|325.65|325.9|136
2021.03.31 17:00:00|325.95|326.75|325.65|326.45|134
2021.03.31 18:00:00|326.34|326.85|326.15|326.55|105
2021.04.01 10:00:00|327.61|327.62|323.85|324.25|269
2021.04.01 11:00:00|324.3|325.1|323.9|325.05|214
2021.04.01 12:00:00|324.99|325.45|324.75|324.97|246
2021.04.01 13:00:00|325|325.12|323.45|323.55|192
2021.04.01 14:00:00|323.59|323.77|323.14|323.32|187
2021.04.01 15:00:00|323.35|323.9|323.2|323.2|214
2021.04.01 16:00:00|323.17|323.32|322.25|322.55|255
2021.04.01 17:00:00|322.5|323.1|322.27|322.9|244
2021.04.01 18:00:00|322.95|323.25|322.7|322.95|202
2021.04.06 10:00:00|325.69|329.02|325.69|327.92|428
2021.04.06 11:00:00|327.95|328.05|326.6|327.2|213
2021.04.06 12:00:00|327.24|327.6|326.85|327.2|191
2021.04.06 13:00:00|327.25|327.85|327.12|327.6|187
2021.04.06 14:00:00|327.65|328.5|327.65|328.4|156
2021.04.06 15:00:00|328.35|328.47|327.37|327.6|177
2021.04.06 16:00:00|327.75|328.7|327.6|328.15|302
2021.04.06 17:00:00|328.07|331|327.85|331|308
2021.04.06 18:00:00|330.95|331.1|330.5|331.1|174
2021.04.07 10:00:00|330.54|330.55|327.7|329|299
2021.04.07 11:00:00|329.01|329.3|328.52|329.2|148
2021.04.07 12:00:00|329.24|329.9|328.9|329|135
2021.04.07 13:00:00|328.96|329.25|328.5|328.6|115
2021.04.07 14:00:00|328.54|328.97|328.24|328.25|109
2021.04.07 15:00:00|328.19|329.1|328.19|329.1|145
2021.04.07 16:00:00|329.05|331.12|329.05|330.6|232
2021.04.07 17:00:00|330.55|331.22|329.92|330.45|245
2021.04.07 18:00:00|330.4|330.95|330.22|330.55|128
2021.04.08 10:00:00|331.04|333.45|330.95|332.75|279
2021.04.08 11:00:00|332.8|334.65|332.8|334.52|214
2021.04.08 12:00:00|334.55|334.7|333.5|334|147
2021.04.08 13:00:00|334.04|334.85|333.25|334.1|199
2021.04.08 14:00:00|334.05|334.95|334.05|334.95|218
2021.04.08 15:00:00|334.89|336.1|334.66|335.5|226
2021.04.08 16:00:00|335.55|338.62|335.34|338.6|385
2021.04.08 17:00:00|338.65|339.45|338.3|339.42|518
2021.04.08 18:00:00|339.4|339.65|338.45|339.4|288
2021.04.09 10:00:00|339.24|339.35|336.4|339.25|333
2021.04.09 11:00:00|339.4|340.85|338.81|340.2|221
2021.04.09 12:00:00|340.15|340.2|338.75|340.2|267
2021.04.09 13:00:00|340.15|340.9|340|340.2|259
2021.04.09 14:00:00|340.25|340.5|339.85|340.05|142
2021.04.09 15:00:00|340.02|340.55|339.8|340.55|153
2021.04.09 16:00:00|340.5|340.5|338.55|338.6|237
2021.04.09 17:00:00|338.5|338.85|338.3|338.7|304
2021.04.09 18:00:00|338.74|338.9|338.1|338.8|213
2021.04.12 10:00:00|338.01|338.95|337.3|338|335
2021.04.12 11:00:00|337.89|338.35|337.57|337.8|214
2021.04.12 12:00:00|337.81|338.2|337.45|338.1|189
2021.04.12 13:00:00|338.14|338.17|337.29|337.3|155
2021.04.12 14:00:00|337.26|337.6|337|337.05|136
2021.04.12 15:00:00|337.07|337.75|336.9|337.2|175
2021.04.12 16:00:00|337.25|337.7|336.2|337.35|247
2021.04.12 17:00:00|337.32|337.95|337.15|337.65|228
2021.04.12 18:00:00|337.6|337.65|337.35|337.4|97
2021.04.13 10:00:00|337.94|339.05|337.55|338.9|254
2021.04.13 11:00:00|338.95|339.05|337.42|337.85|168
2021.04.13 12:00:00|337.8|338.5|337.15|337.6|226
2021.04.13 13:00:00|337.62|338.05|337.45|337.52|175
2021.04.13 14:00:00|337.6|339.15|337.15|338.55|287
2021.04.13 15:00:00|338.51|339.05|338.07|338.85|198
2021.04.13 16:00:00|338.8|340.35|338.7|340.25|234
2021.04.13 17:00:00|340.15|341.12|339.7|339.9|283
2021.04.13 18:00:00|339.95|340.45|339.77|340.35|110
2021.04.14 10:00:00|343.15|343.67|339.87|340.7|476
2021.04.14 11:00:00|340.67|341.55|340.67|341.27|338
2021.04.14 12:00:00|341.37|341.4|340.3|341|191
2021.04.14 13:00:00|340.79|340.95|339.95|340.37|194
2021.04.14 14:00:00|340.34|340.37|339.39|339.5|173
2021.04.14 15:00:00|339.46|340.05|339.34|340.05|188
2021.04.14 16:00:00|340.1|340.4|339.85|340|279
2021.04.14 17:00:00|340.04|340.1|338.25|338.32|257
2021.04.14 18:00:00|338.35|339.35|338.32|339.35|160
2021.04.15 10:00:00|339.14|340.6|337.6|340.6|253
2021.04.15 11:00:00|340.9|341.85|340.8|341.27|204
2021.04.15 12:00:00|341.24|341.6|340.35|340.7|165
2021.04.15 13:00:00|340.85|341.4|340.65|341.37|112
2021.04.15 14:00:00|341.4|341.65|340.67|341.45|218
2021.04.15 15:00:00|341.42|341.6|340.65|341|192
2021.04.15 16:00:00|341.01|342.65|340.84|342.15|221
2021.04.15 17:00:00|342.1|342.67|341.9|342.07|234
2021.04.15 18:00:00|342.1|342.25|341.67|341.95|132
2021.04.16 10:00:00|333.35|338.65|331.65|336.95|848
2021.04.16 11:00:00|337|337.15|335.32|336|407
2021.04.16 12:00:00|336.05|337.07|334.95|335.1|578
2021.04.16 13:00:00|335.12|335.52|334.45|335.15|223
2021.04.16 14:00:00|335.17|335.85|334.8|334.85|218
2021.04.16 15:00:00|334.8|337.6|334.75|337.5|196
2021.04.16 16:00:00|337.52|338.6|337.45|337.45|386
2021.04.16 17:00:00|337.47|338.7|336.65|336.77|296
2021.04.16 18:00:00|336.8|337.4|336|336.1|188
2021.04.19 10:00:00|336.36|338.6|336.25|336.87|430
2021.04.19 11:00:00|336.9|339|336.72|338.87|256
2021.04.19 12:00:00|338.81|340.32|338.7|339.75|290
2021.04.19 13:00:00|339.72|340.6|339.72|339.8|226
2021.04.19 14:00:00|339.82|339.9|339.05|339.35|202
2021.04.19 15:00:00|339.4|339.9|339.2|339.65|223
2021.04.19 16:00:00|339.62|340.12|338.9|338.9|238
2021.04.19 17:00:00|338.85|340|338.8|339.75|317
2021.04.19 18:00:00|339.7|339.9|339.15|339.65|221
2021.04.20 10:00:00|339.24|339.65|337.32|338.05|322
2021.04.20 11:00:00|338|338.8|337.6|338.15|249
2021.04.20 12:00:00|338.09|339.4|337.87|338.7|270
2021.04.20 13:00:00|338.8|339.75|338.4|339|210
2021.04.20 14:00:00|338.94|339.2|337.94|338.8|161
2021.04.20 15:00:00|338.85|339|338.25|338.3|171
2021.04.20 16:00:00|338.25|338.9|338.1|338.7|228
2021.04.20 17:00:00|338.65|338.97|337.27|338.05|264
2021.04.20 18:00:00|338.07|338.35|337.3|337.8|216
2021.04.21 10:00:00|338.34|342.3|338.1|341.75|474
2021.04.21 11:00:00|341.7|342.15|339.3|339.67|321
2021.04.21 12:00:00|339.65|340.72|339.65|340.37|321
2021.04.21 13:00:00|340.35|342.2|339.97|342.15|340
2021.04.21 14:00:00|342.1|342.1|341.15|341.5|265
2021.04.21 15:00:00|341.55|341.7|339.45|339.95|176
2021.04.21 16:00:00|340|342.3|340|342.3|320
2021.04.21 17:00:00|342.25|342.35|341.15|341.35|262
2021.04.21 18:00:00|341.3|343.05|341.2|343|168
2021.04.22 10:00:00|342.14|346.35|341.95|346.07|354
2021.04.22 11:00:00|346.17|346.8|345.67|345.75|312
2021.04.22 12:00:00|345.8|346.5|345.4|345.8|247
2021.04.22 13:00:00|345.82|346.35|345.52|345.85|171
2021.04.22 14:00:00|345.9|346.75|345.84|346|164
2021.04.22 15:00:00|346.04|347.05|345.64|346.4|225
2021.04.22 16:00:00|346.35|347.75|345.65|347.7|310
2021.04.22 17:00:00|347.65|348.65|347.5|347.72|299
2021.04.22 18:00:00|347.75|348.05|347.45|347.75|169
2021.04.23 10:00:00|349.29|350.4|347.85|350.1|421
2021.04.23 11:00:00|350.05|350.2|347.8|347.8|264
2021.04.23 12:00:00|347.85|348.25|347.2|347.2|232
2021.04.23 13:00:00|347.25|347.37|345.65|346|225
2021.04.23 14:00:00|345.97|346.22|345.45|345.65|182
2021.04.23 15:00:00|345.62|345.8|344.9|345.15|278
2021.04.23 16:00:00|345.2|345.32|343.9|344.35|354
2021.04.23 17:00:00|344.3|345.75|343.55|345.25|325
