2020.08.21 18:00:00|8.59|8.630000000000001|8.59|8.619999999999999|28
2020.08.24 10:00:00|8.720000000000001|8.73|8.49|8.6|141
2020.08.24 11:00:00|8.609999999999999|8.619999999999999|8.550000000000001|8.59|105
2020.08.24 12:00:00|8.59|8.609999999999999|8.539999999999999|8.56|39
2020.08.24 13:00:00|8.57|8.609999999999999|8.539999999999999|8.6|35
2020.08.24 14:00:00|8.6|8.609999999999999|8.56|8.58|25
2020.08.24 15:00:00|8.56|8.57|8.48|8.5|63
2020.08.24 16:00:00|8.48|8.51|8.460000000000001|8.5|61
2020.08.24 17:00:00|8.5|8.66|8.5|8.619999999999999|99
2020.08.24 18:00:00|8.630000000000001|8.699999999999999|8.619999999999999|8.699999999999999|31
2020.08.25 10:00:00|8.83|9.050000000000001|8.789999999999999|8.92|214
2020.08.25 11:00:00|8.890000000000001|8.94|8.83|8.880000000000001|127
2020.08.25 12:00:00|8.880000000000001|8.92|8.85|8.880000000000001|49
2020.08.25 13:00:00|8.880000000000001|8.94|8.859999999999999|8.93|66
2020.08.25 14:00:00|8.91|8.970000000000001|8.9|8.93|64
2020.08.25 15:00:00|8.91|8.98|8.880000000000001|8.890000000000001|78
2020.08.25 16:00:00|8.869999999999999|8.94|8.85|8.91|64
2020.08.25 17:00:00|8.890000000000001|8.92|8.77|8.81|105
2020.08.25 18:00:00|8.82|8.84|8.800000000000001|8.82|50
2020.08.26 10:00:00|8.699999999999999|8.880000000000001|8.65|8.859999999999999|125
2020.08.26 11:00:00|8.869999999999999|8.9|8.81|8.82|76
2020.08.26 12:00:00|8.800000000000001|8.81|8.73|8.75|49
2020.08.26 13:00:00|8.76|8.77|8.720000000000001|8.720000000000001|52
2020.08.26 14:00:00|8.74|8.75|8.699999999999999|8.710000000000001|32
2020.08.26 15:00:00|8.710000000000001|8.710000000000001|8.66|8.69|43
2020.08.26 16:00:00|8.67|8.73|8.67|8.69|56
2020.08.26 17:00:00|8.67|8.73|8.65|8.720000000000001|61
2020.08.26 18:00:00|8.720000000000001|8.76|8.710000000000001|8.74|25
2020.08.27 10:00:00|8.710000000000001|8.76|8.68|8.699999999999999|93
2020.08.27 11:00:00|8.67|8.720000000000001|8.640000000000001|8.69|62
2020.08.27 12:00:00|8.69|8.699999999999999|8.65|8.67|50
2020.08.27 13:00:00|8.65|8.720000000000001|8.65|8.710000000000001|40
2020.08.27 14:00:00|8.69|8.710000000000001|8.67|8.68|29
2020.08.27 15:00:00|8.68|8.73|8.67|8.73|43
2020.08.27 16:00:00|8.720000000000001|8.960000000000001|8.710000000000001|8.94|87
2020.08.27 17:00:00|8.93|9.050000000000001|8.93|9|148
2020.08.27 18:00:00|8.99|9.02|8.94|8.960000000000001|39
2020.08.28 10:00:00|9.08|9.130000000000001|8.859999999999999|8.94|202
2020.08.28 11:00:00|8.949999999999999|9.039999999999999|8.93|9|103
2020.08.28 12:00:00|9|9.029999999999999|8.960000000000001|9.02|65
2020.08.28 13:00:00|9|9.029999999999999|8.960000000000001|9.01|56
2020.08.28 14:00:00|8.99|9.050000000000001|8.99|9.039999999999999|46
2020.08.28 15:00:00|9.039999999999999|9.050000000000001|8.99|9|26
2020.08.28 16:00:00|9|9.029999999999999|8.98|9.02|48
2020.08.28 17:00:00|9.02|9.029999999999999|8.970000000000001|9.01|57
2020.08.28 18:00:00|9.01|9.02|8.98|8.99|30
2020.08.31 10:00:00|9|9.01|8.9|8.94|98
2020.08.31 11:00:00|8.94|9|8.93|8.970000000000001|51
2020.08.31 12:00:00|8.970000000000001|8.98|8.91|8.93|37
2020.08.31 13:00:00|8.93|8.970000000000001|8.890000000000001|8.94|50
2020.08.31 14:00:00|8.94|8.970000000000001|8.890000000000001|8.91|43
2020.08.31 15:00:00|8.890000000000001|8.92|8.85|8.880000000000001|39
2020.08.31 16:00:00|8.880000000000001|8.890000000000001|8.710000000000001|8.75|73
2020.08.31 17:00:00|8.75|8.81|8.699999999999999|8.81|82
2020.08.31 18:00:00|8.800000000000001|8.81|8.720000000000001|8.73|60
2020.09.01 10:00:00|8.65|8.699999999999999|8.49|8.550000000000001|161
2020.09.01 11:00:00|8.56|8.58|8.5|8.52|88
2020.09.01 12:00:00|8.52|8.56|8.48|8.5|54
2020.09.01 13:00:00|8.48|8.539999999999999|8.48|8.52|49
2020.09.01 14:00:00|8.529999999999999|8.529999999999999|8.43|8.460000000000001|54
2020.09.01 15:00:00|8.460000000000001|8.49|8.43|8.43|50
2020.09.01 16:00:00|8.42|8.43|8.369999999999999|8.43|104
2020.09.01 17:00:00|8.43|8.609999999999999|8.43|8.550000000000001|106
2020.09.01 18:00:00|8.56|8.59|8.539999999999999|8.59|28
2020.09.02 10:00:00|8.619999999999999|8.66|8.51|8.52|128
2020.09.02 11:00:00|8.52|8.56|8.48|8.539999999999999|88
2020.09.02 12:00:00|8.539999999999999|8.59|8.52|8.56|68
2020.09.02 13:00:00|8.56|8.65|8.56|8.609999999999999|49
2020.09.02 14:00:00|8.609999999999999|8.630000000000001|8.550000000000001|8.57|49
2020.09.02 15:00:00|8.550000000000001|8.56|8.42|8.44|76
2020.09.02 16:00:00|8.42|8.44|8.380000000000001|8.41|66
2020.09.02 17:00:00|8.42|8.49|8.390000000000001|8.48|72
2020.09.02 18:00:00|8.49|8.49|8.42|8.449999999999999|27
2020.09.03 10:00:00|8.56|8.859999999999999|8.56|8.85|177
2020.09.03 11:00:00|8.84|8.93|8.84|8.92|92
2020.09.03 12:00:00|8.9|8.98|8.9|8.949999999999999|63
2020.09.03 13:00:00|8.93|9.029999999999999|8.93|8.99|57
2020.09.03 14:00:00|8.949999999999999|9.09|8.949999999999999|9.09|76
2020.09.03 15:00:00|9.07|9.17|9.07|9.15|58
2020.09.03 16:00:00|9.15|9.17|9.09|9.130000000000001|83
2020.09.03 17:00:00|9.130000000000001|9.140000000000001|8.93|8.99|144
2020.09.03 18:00:00|8.98|8.98|8.84|8.890000000000001|66
2020.09.04 10:00:00|8.92|9.56|8.859999999999999|9.529999999999999|238
2020.09.04 11:00:00|9.51|9.550000000000001|9.26|9.289999999999999|175
2020.09.04 12:00:00|9.300000000000001|9.4|9.27|9.4|103
2020.09.04 13:00:00|9.41|9.44|9.32|9.390000000000001|80
2020.09.04 14:00:00|9.34|9.41|9.27|9.279999999999999|113
2020.09.04 15:00:00|9.289999999999999|9.32|9.18|9.18|108
2020.09.04 16:00:00|9.18|9.220000000000001|9.09|9.119999999999999|102
2020.09.04 17:00:00|9.130000000000001|9.19|9.039999999999999|9.08|141
2020.09.04 18:00:00|9.09|9.119999999999999|9.039999999999999|9.1|67
2020.09.07 10:00:00|9.210000000000001|9.24|8.98|8.99|231
2020.09.07 11:00:00|8.99|9|8.800000000000001|8.85|120
2020.09.07 12:00:00|8.84|8.970000000000001|8.800000000000001|8.970000000000001|96
2020.09.07 13:00:00|8.98|9.08|8.960000000000001|8.98|83
2020.09.07 14:00:00|8.99|9.06|8.960000000000001|9.039999999999999|107
2020.09.07 15:00:00|9.039999999999999|9.07|8.99|9.02|188
2020.09.07 16:00:00|9|9.01|8.94|8.970000000000001|63
2020.09.07 17:00:00|8.949999999999999|9|8.92|8.94|92
2020.09.07 18:00:00|8.949999999999999|8.970000000000001|8.92|8.949999999999999|39
2020.09.08 10:00:00|8.960000000000001|9.050000000000001|8.74|9|167
2020.09.08 11:00:00|9.029999999999999|9.039999999999999|8.83|8.880000000000001|117
2020.09.08 12:00:00|8.869999999999999|8.890000000000001|8.789999999999999|8.84|64
2020.09.08 13:00:00|8.84|8.890000000000001|8.84|8.85|81
2020.09.08 14:00:00|8.869999999999999|8.869999999999999|8.81|8.859999999999999|52
2020.09.08 15:00:00|8.869999999999999|8.869999999999999|8.74|8.779999999999999|74
2020.09.08 16:00:00|8.76|8.84|8.73|8.83|102
2020.09.08 17:00:00|8.82|8.84|8.73|8.789999999999999|109
2020.09.08 18:00:00|8.789999999999999|8.83|8.779999999999999|8.779999999999999|42
2020.09.09 10:00:00|8.74|8.74|8.51|8.52|157
2020.09.09 11:00:00|8.5|8.58|8.5|8.52|100
2020.09.09 12:00:00|8.5|8.57|8.470000000000001|8.56|73
2020.09.09 13:00:00|8.539999999999999|8.609999999999999|8.529999999999999|8.56|63
2020.09.09 14:00:00|8.539999999999999|8.699999999999999|8.529999999999999|8.699999999999999|86
2020.09.09 15:00:00|8.699999999999999|8.710000000000001|8.66|8.67|55
2020.09.09 16:00:00|8.67|8.77|8.67|8.710000000000001|84
2020.09.09 17:00:00|8.710000000000001|8.73|8.66|8.68|78
2020.09.09 18:00:00|8.68|8.75|8.68|8.75|51
2020.09.10 10:00:00|8.66|8.76|8.630000000000001|8.65|121
2020.09.10 11:00:00|8.640000000000001|8.65|8.49|8.529999999999999|83
2020.09.10 12:00:00|8.51|8.630000000000001|8.5|8.619999999999999|88
2020.09.10 13:00:00|8.6|8.630000000000001|8.56|8.6|70
2020.09.10 14:00:00|8.58|8.65|8.58|8.630000000000001|63
2020.09.10 15:00:00|8.630000000000001|8.69|8.630000000000001|8.67|47
2020.09.10 16:00:00|8.67|8.85|8.67|8.83|90
2020.09.10 17:00:00|8.81|8.83|8.609999999999999|8.619999999999999|111
2020.09.10 18:00:00|8.6|8.68|8.6|8.65|40
2020.09.11 10:00:00|8.6|8.619999999999999|8.5|8.56|136
2020.09.11 11:00:00|8.58|8.59|8.470000000000001|8.49|61
2020.09.11 12:00:00|8.48|8.5|8.42|8.44|38
2020.09.11 13:00:00|8.43|8.49|8.390000000000001|8.48|48
2020.09.11 14:00:00|8.48|8.529999999999999|8.44|8.449999999999999|53
2020.09.11 15:00:00|8.449999999999999|8.470000000000001|8.42|8.449999999999999|32
2020.09.11 16:00:00|8.449999999999999|8.470000000000001|8.4|8.4|35
2020.09.11 17:00:00|8.4|8.49|8.390000000000001|8.42|83
2020.09.11 18:00:00|8.42|8.470000000000001|8.42|8.470000000000001|28
2020.09.14 10:00:00|8.550000000000001|8.75|8.470000000000001|8.59|156
2020.09.14 11:00:00|8.59|8.640000000000001|8.49|8.5|141
2020.09.14 12:00:00|8.52|8.539999999999999|8.460000000000001|8.52|91
2020.09.14 13:00:00|8.5|8.57|8.5|8.57|61
2020.09.14 14:00:00|8.59|8.67|8.56|8.66|56
2020.09.14 15:00:00|8.66|8.76|8.66|8.720000000000001|64
2020.09.14 16:00:00|8.73|8.74|8.59|8.619999999999999|76
2020.09.14 17:00:00|8.619999999999999|8.68|8.619999999999999|8.66|47
2020.09.14 18:00:00|8.640000000000001|8.65|8.619999999999999|8.65|24
2020.09.15 10:00:00|8.66|8.67|8.48|8.550000000000001|155
2020.09.15 11:00:00|8.539999999999999|8.609999999999999|8.539999999999999|8.58|66
2020.09.15 12:00:00|8.58|8.619999999999999|8.539999999999999|8.57|49
2020.09.15 13:00:00|8.550000000000001|8.57|8.529999999999999|8.56|45
2020.09.15 14:00:00|8.539999999999999|8.57|8.52|8.550000000000001|28
2020.09.15 15:00:00|8.529999999999999|8.609999999999999|8.529999999999999|8.59|54
2020.09.15 16:00:00|8.59|8.59|8.5|8.51|54
2020.09.15 17:00:00|8.5|8.6|8.48|8.56|78
2020.09.15 18:00:00|8.56|8.6|8.550000000000001|8.6|35
2020.09.16 10:00:00|8.51|8.52|8.289999999999999|8.4|145
2020.09.16 11:00:00|8.4|8.5|8.390000000000001|8.44|101
2020.09.16 12:00:00|8.449999999999999|8.529999999999999|8.44|8.52|66
2020.09.16 13:00:00|8.51|8.52|8.460000000000001|8.5|50
2020.09.16 14:00:00|8.48|8.5|8.44|8.470000000000001|50
2020.09.16 15:00:00|8.449999999999999|8.470000000000001|8.43|8.470000000000001|41
2020.09.16 16:00:00|8.460000000000001|8.5|8.449999999999999|8.470000000000001|53
2020.09.16 17:00:00|8.449999999999999|8.65|8.449999999999999|8.640000000000001|121
2020.09.16 18:00:00|8.65|8.74|8.65|8.710000000000001|85
2020.09.17 10:00:00|8.529999999999999|8.75|8.470000000000001|8.68|200
2020.09.17 11:00:00|8.67|8.84|8.67|8.83|143
2020.09.17 12:00:00|8.83|8.880000000000001|8.82|8.880000000000001|92
2020.09.17 13:00:00|8.890000000000001|8.92|8.859999999999999|8.880000000000001|89
2020.09.17 14:00:00|8.92|8.93|8.869999999999999|8.9|84
2020.09.17 15:00:00|8.9|8.970000000000001|8.880000000000001|8.94|69
2020.09.17 16:00:00|8.94|9.07|8.94|8.99|137
2020.09.17 17:00:00|8.99|9.09|8.960000000000001|8.98|125
2020.09.17 18:00:00|8.99|9.039999999999999|8.99|9.01|69
2020.09.18 10:00:00|8.91|8.970000000000001|8.720000000000001|8.859999999999999|158
2020.09.18 11:00:00|8.81|8.85|8.68|8.699999999999999|108
2020.09.18 12:00:00|8.69|8.74|8.619999999999999|8.65|148
2020.09.18 13:00:00|8.65|8.68|8.57|8.66|125
2020.09.18 14:00:00|8.59|8.76|8.27|8.69|85
2020.09.18 15:00:00|8.710000000000001|8.710000000000001|8.619999999999999|8.619999999999999|78
2020.09.18 16:00:00|8.6|8.66|8.6|8.640000000000001|124
2020.09.18 17:00:00|8.640000000000001|8.800000000000001|8.619999999999999|8.630000000000001|162
2020.09.18 18:00:00|8.630000000000001|8.66|8.58|8.59|99
2020.09.21 10:00:00|8.52|8.52|7.98|7.99|323
2020.09.21 11:00:00|7.98|7.99|7.88|7.89|159
2020.09.21 12:00:00|7.89|7.94|7.8|7.82|157
2020.09.21 13:00:00|7.82|7.93|7.8|7.88|138
2020.09.21 14:00:00|7.91|8.01|7.86|7.99|118
2020.09.21 15:00:00|7.99|8.029999999999999|7.95|7.98|93
2020.09.21 16:00:00|7.98|7.99|7.83|7.87|182
2020.09.21 17:00:00|7.86|7.87|7.65|7.76|227
2020.09.21 18:00:00|7.76|7.8|7.73|7.74|105
2020.09.22 10:00:00|7.84|7.84|7.52|7.59|219
2020.09.22 11:00:00|7.6|7.66|7.46|7.48|146
2020.09.22 12:00:00|7.46|7.55|7.45|7.51|129
2020.09.22 13:00:00|7.51|7.62|7.49|7.59|129
2020.09.22 14:00:00|7.6|7.65|7.51|7.51|122
2020.09.22 15:00:00|7.49|7.54|7.39|7.4|112
2020.09.22 16:00:00|7.39|7.49|7.35|7.43|118
2020.09.22 17:00:00|7.43|7.43|7.32|7.32|136
2020.09.22 18:00:00|7.31|7.42|7.31|7.41|84
2020.09.23 10:00:00|7.46|7.77|7.33|7.75|230
2020.09.23 11:00:00|7.74|7.83|7.74|7.77|133
2020.09.23 12:00:00|7.77|7.79|7.66|7.67|108
2020.09.23 13:00:00|7.68|7.75|7.64|7.72|104
2020.09.23 14:00:00|7.76|7.78|7.71|7.74|99
2020.09.23 15:00:00|7.76|7.76|7.67|7.71|78
2020.09.23 16:00:00|7.7|7.77|7.64|7.67|102
2020.09.23 17:00:00|7.67|7.74|7.6|7.61|161
2020.09.23 18:00:00|7.62|7.62|7.51|7.52|90
2020.09.24 10:00:00|7.4|7.41|7.16|7.4|211
2020.09.24 11:00:00|7.41|7.41|7.32|7.36|153
2020.09.24 12:00:00|7.36|7.45|7.32|7.43|66
2020.09.24 13:00:00|7.45|7.48|7.39|7.4|106
2020.09.24 14:00:00|7.39|7.46|7.35|7.43|79
2020.09.24 15:00:00|7.4|7.41|7.28|7.3|80
2020.09.24 16:00:00|7.3|7.34|7.22|7.28|141
2020.09.24 17:00:00|7.29|7.38|7.21|7.25|135
2020.09.24 18:00:00|7.25|7.3|7.21|7.27|75
2020.09.25 10:00:00|7.25|7.26|6.95|6.96|224
2020.09.25 11:00:00|6.96|7.02|6.86|6.92|174
2020.09.25 12:00:00|6.91|6.93|6.82|6.86|154
2020.09.25 13:00:00|6.86|6.95|6.84|6.93|129
2020.09.25 14:00:00|6.92|6.96|6.88|6.93|144
2020.09.25 15:00:00|6.94|7|6.91|6.95|120
2020.09.25 16:00:00|6.95|7.1|6.95|7.09|158
2020.09.25 17:00:00|7.07|7.1|7.01|7.02|130
