2020.08.21 22:30:00|211.16|211.49|211.06|211.3|1453
2020.08.24 16:30:00|211.94|212.62|210.67|212.21|2384
2020.08.24 17:30:00|212.2|213.25|212.2|212.85|1459
2020.08.24 18:30:00|212.83|212.85|211.97|212.29|1270
2020.08.24 19:30:00|212.29|212.81|212.21|212.53|1082
2020.08.24 20:30:00|212.53|212.59|211.19|211.23|1160
2020.08.24 21:30:00|211.25|211.6|211.14|211.5|1235
2020.08.24 22:30:00|211.5|212.36|211.44|212.36|1410
2020.08.25 16:30:00|213.29|213.65|212.44|213.47|2988
2020.08.25 17:30:00|213.44|213.77|213.02|213.24|1484
2020.08.25 18:30:00|213.24|213.29|212.2|212.44|1824
2020.08.25 19:30:00|212.46|213.07|212.37|212.46|1492
2020.08.25 20:30:00|212.46|212.5|211.98|212.3|1129
2020.08.25 21:30:00|212.3|212.37|211.97|212.33|1243
2020.08.25 22:30:00|212.31|212.44|212.06|212.41|1416
2020.08.26 16:30:00|212.04|213.36|211.33|213.35|2050
2020.08.26 17:30:00|213.36|213.64|212.3|212.87|1474
2020.08.26 18:30:00|212.84|213.54|212.68|213.28|1407
2020.08.26 19:30:00|213.28|213.91|213.15|213.19|1273
2020.08.26 20:30:00|213.2|214.1|213.17|214.08|1181
2020.08.26 21:30:00|214.07|214.19|213.59|214.07|1786
2020.08.26 22:30:00|214.06|214.14|213.45|213.49|1785
2020.08.27 16:30:00|213.88|215.78|213.53|215.74|2642
2020.08.27 17:30:00|215.65|215.85|213.82|213.93|2373
2020.08.27 18:30:00|214.01|214.41|213.14|213.27|2146
2020.08.27 19:30:00|213.28|213.48|212.48|213.23|2513
2020.08.27 20:30:00|213.25|213.75|213.03|213.3|1808
2020.08.27 21:30:00|213.29|213.49|213.06|213.19|1618
2020.08.27 22:30:00|213.2|213.53|211.88|211.89|2012
2020.08.28 16:30:00|211.67|213.6|211.6|213.39|3156
2020.08.28 17:30:00|213.41|214.3|212.83|214.27|2156
2020.08.28 18:30:00|214.25|215.07|214.12|214.84|1354
2020.08.28 19:30:00|214.84|215.76|214.79|215.07|1383
2020.08.28 20:30:00|215.08|215.63|214.88|215.57|1379
2020.08.28 21:30:00|215.58|216.47|215.55|216.09|1494
2020.08.28 22:30:00|216.09|216.12|214.6|214.64|2147
2020.08.31 16:30:00|213.44|214.58|212.47|213.58|2406
2020.08.31 17:30:00|213.58|214.25|213.18|213.71|1904
2020.08.31 18:30:00|213.71|214.74|213.71|214.47|1643
2020.08.31 19:30:00|214.49|214.6|213.88|214.11|1377
2020.08.31 20:30:00|214.11|214.34|213.73|213.88|1363
2020.08.31 21:30:00|213.91|214.21|213.43|213.84|1694
2020.08.31 22:30:00|213.85|214.58|213.28|213.28|2220
2020.09.01 16:30:00|210.61|213.38|210.38|213.3|2901
2020.09.01 17:30:00|213.3|213.3|210.78|211.1|2228
2020.09.01 18:30:00|211.08|212.15|210.79|211.81|1713
2020.09.01 19:30:00|211.81|212.34|211.7|211.92|1067
2020.09.01 20:30:00|211.92|212.29|211.76|212.12|1079
2020.09.01 21:30:00|212.09|212.16|211.66|211.79|1051
2020.09.01 22:30:00|211.8|212.54|211.46|212.45|1069
2020.09.02 16:30:00|213.42|215.5|212.85|215.11|2943
2020.09.02 17:30:00|215.09|216.08|215.07|215.56|2129
2020.09.02 18:30:00|215.56|215.7|215.1|215.54|1641
2020.09.02 19:30:00|215.55|216.08|215.4|215.97|1329
2020.09.02 20:30:00|215.94|216.44|215.62|215.93|1412
2020.09.02 21:30:00|215.91|216.14|215.55|216.09|1426
2020.09.02 22:30:00|216.1|216.9|215.93|215.99|1569
2020.09.03 16:30:00|217.42|217.63|215.8|216.64|3112
2020.09.03 17:30:00|216.59|217.72|213.41|213.87|4362
2020.09.03 18:30:00|213.87|215.44|213.45|214.9|4211
2020.09.03 19:30:00|214.89|214.99|212.95|213.99|4139
2020.09.03 20:30:00|213.99|213.99|212.66|213.05|4189
2020.09.03 21:30:00|213.01|214.13|211.64|212|4721
2020.09.03 22:30:00|211.99|213.9|211.89|213.55|3913
2020.09.04 16:30:00|216.06|216.36|215.37|216.07|454
2020.09.04 17:30:00|211.83|213.2|210.79|211.31|3473
2020.09.04 18:30:00|211.3|212.46|210.52|212.4|4452
2020.09.04 19:30:00|212.41|213.1|211.8|212.35|3190
2020.09.04 20:30:00|212.35|212.93|211.88|212.63|3367
2020.09.04 21:30:00|212.59|213.84|212.29|212.93|4470
2020.09.04 22:30:00|212.93|213|211.28|211.51|3650
2020.09.08 16:30:00|210.98|214.81|210.98|214.78|5141
2020.09.08 17:30:00|214.72|215.88|213.69|215.14|5421
2020.09.08 18:30:00|215.09|215.37|214.01|214.55|4226
2020.09.08 19:30:00|214.56|215.61|214.33|215.12|2908
2020.09.08 20:30:00|215.11|216.05|214.67|214.7|2685
2020.09.08 21:30:00|214.72|214.94|213.58|214.92|5174
2020.09.08 22:30:00|214.93|214.98|213.13|213.22|3933
2020.09.09 16:30:00|214.45|217.26|214.08|216.93|3732
2020.09.09 17:30:00|216.92|217.53|216.42|216.94|2187
2020.09.09 18:30:00|216.95|216.95|216.38|216.44|1600
2020.09.09 19:30:00|216.46|217.54|216.46|217.43|1460
2020.09.09 20:30:00|217.45|217.92|216.99|217.08|1812
2020.09.09 21:30:00|217.09|217.34|216.68|216.82|1892
2020.09.09 22:30:00|216.79|216.96|215.04|215.53|2876
2020.09.10 16:30:00|216.15|219.16|215.95|216.87|2743
2020.09.10 17:30:00|216.87|218.58|216.22|218.54|2852
2020.09.10 18:30:00|218.52|219.22|217.3|217.52|2906
2020.09.10 19:30:00|217.52|218.67|217.28|218.35|2772
2020.09.10 20:30:00|218.35|218.61|217.04|217.11|3498
2020.09.10 21:30:00|217.11|217.99|215.67|216.35|5363
2020.09.10 22:30:00|216.36|217.43|216.06|216.92|3836
2020.09.11 16:30:00|218.22|218.4|215.95|217.28|4060
2020.09.11 17:30:00|217.29|218.82|217.15|217.76|3010
2020.09.11 18:30:00|217.75|218.31|217.08|218|2053
2020.09.11 19:30:00|218|218|216.47|216.54|3004
2020.09.11 20:30:00|216.55|217.72|216.17|217.19|2798
2020.09.11 21:30:00|217.19|218.66|217.15|218.56|3849
2020.09.11 22:30:00|218.55|218.92|217.72|217.8|3028
2020.09.14 16:30:00|219.28|221.88|219.28|221.58|2652
2020.09.14 17:30:00|221.61|222.34|220.3|220.79|1580
2020.09.14 18:30:00|220.8|221.39|220.54|220.67|1229
2020.09.14 19:30:00|220.68|220.74|219.44|219.94|1251
2020.09.14 20:30:00|219.99|220.29|219.54|220|1474
2020.09.14 21:30:00|220.03|220.36|219.38|219.85|2492
2020.09.14 22:30:00|219.86|220.87|219.67|220.41|2385
2020.09.15 16:30:00|221.4|223.45|221.39|223.16|2333
2020.09.15 17:30:00|223.21|223.41|221.93|222.51|1916
2020.09.15 18:30:00|222.5|222.9|221.65|221.96|1359
2020.09.15 19:30:00|221.95|222.68|221.83|222.37|1050
2020.09.15 20:30:00|222.39|222.45|221.46|222.37|1177
2020.09.15 21:30:00|222.35|222.45|221.59|221.61|1694
2020.09.15 22:30:00|221.61|222.24|221.23|222.1|1746
2020.09.16 16:30:00|222.09|223.6|221.11|223.3|2674
2020.09.16 17:30:00|223.37|224.55|222.6|224.51|1933
2020.09.16 18:30:00|224.52|225.08|223.78|224.06|1545
2020.09.16 19:30:00|224.05|225.16|223.89|224.92|1185
2020.09.16 20:30:00|224.87|225.97|224.42|225.84|1666
2020.09.16 21:30:00|225.85|226.53|224.46|224.8|3297
2020.09.16 22:30:00|224.8|225.55|224.12|224.59|3109
2020.09.17 16:30:00|222.99|223.52|221.7|222.47|3404
2020.09.17 17:30:00|222.44|223.12|221.86|221.98|2446
2020.09.17 18:30:00|221.98|222.56|220.5|220.79|2365
2020.09.17 19:30:00|220.79|221.58|220.29|220.4|2384
2020.09.17 20:30:00|220.45|221.38|220.29|220.89|1565
2020.09.17 21:30:00|220.89|221.42|220.39|220.91|2559
2020.09.17 22:30:00|220.88|222.98|220.83|222.43|2600
2020.09.18 16:30:00|221.94|223.17|221.94|223|2449
2020.09.18 17:30:00|223|223.05|221.27|222.35|2264
2020.09.18 18:30:00|222.39|222.98|221.81|222.37|2155
2020.09.18 19:30:00|222.38|222.39|221.39|221.39|2184
2020.09.18 20:30:00|221.39|221.39|220.13|220.76|2305
2020.09.18 21:30:00|220.76|221.32|220.49|221.21|2112
2020.09.18 22:30:00|221.19|221.29|219.95|220.11|2062
2020.09.21 16:30:00|217.31|217.84|213.86|214.15|4792
2020.09.21 17:30:00|214.1|215.56|213.24|213.91|4042
2020.09.21 18:30:00|213.9|215.81|213.85|215.19|3326
2020.09.21 19:30:00|215.2|215.5|214.38|215.5|2763
2020.09.21 20:30:00|215.49|215.7|214.07|214.36|3089
2020.09.21 21:30:00|214.36|215.69|213.73|215.29|3408
2020.09.21 22:30:00|215.3|216.35|214.94|216.13|2925
2020.09.22 16:30:00|215.66|216.68|215.15|216.35|3028
2020.09.22 17:30:00|216.35|216.35|214.66|215.01|2926
2020.09.22 18:30:00|215.02|215.59|214.4|215.08|2036
2020.09.22 19:30:00|215.1|215.35|214.62|215.33|1637
2020.09.22 20:30:00|215.33|216.3|215.28|215.86|1624
2020.09.22 21:30:00|215.87|216.04|215.44|216.03|1893
2020.09.22 22:30:00|216.04|216.57|215.58|216.13|2154
2020.09.23 16:30:00|217.82|218.77|217.07|217.66|2571
2020.09.23 17:30:00|217.67|218.24|216.76|218|2475
2020.09.23 18:30:00|217.99|218.32|217.51|218.07|2184
2020.09.23 19:30:00|218.07|219.52|218.01|218.83|1916
2020.09.23 20:30:00|218.83|218.87|216.46|216.73|2268
2020.09.23 21:30:00|216.68|216.97|214.29|214.83|4050
2020.09.23 22:30:00|214.83|215.09|214.08|214.74|3803
2020.09.24 16:30:00|214.35|216.04|213.37|214.88|3332
2020.09.24 17:30:00|214.93|215.51|213.91|215.23|2861
2020.09.24 18:30:00|215.16|217.23|214.82|216.88|2564
2020.09.24 19:30:00|216.92|218.19|216.33|217.88|2524
2020.09.24 20:30:00|217.9|218.24|216.55|216.78|2407
2020.09.24 21:30:00|216.78|217.25|215.53|215.7|4010
2020.09.24 22:30:00|215.67|216.22|215.48|215.88|3699
2020.09.25 16:30:00|215.31|215.62|213.46|215.15|2978
2020.09.25 17:30:00|215.15|216.58|214.36|216.39|2543
2020.09.25 18:30:00|216.43|216.63|215.48|216.23|1747
2020.09.25 19:30:00|216.23|216.96|216.12|216.69|1657
2020.09.25 20:30:00|216.71|217.96|216.65|217.84|1441
2020.09.25 21:30:00|217.82|219.09|217.42|218.63|2251
2020.09.25 22:30:00|218.63|218.65|217.72|218.06|2351
2020.09.28 16:30:00|220.28|221.49|218.85|219.85|3085
2020.09.28 17:30:00|219.86|220.73|219.36|220.7|2952
2020.09.28 18:30:00|220.71|221.42|220.65|220.96|2152
2020.09.28 19:30:00|220.95|221.75|220.84|221.45|1694
2020.09.28 20:30:00|221.44|221.8|221.03|221.24|1652
2020.09.28 21:30:00|221.24|221.62|220.77|220.91|2304
2020.09.28 22:30:00|220.9|220.9|219.66|219.93|2946
2020.09.29 16:30:00|220.03|220.76|219.17|219.39|3183
2020.09.29 17:30:00|219.39|219.78|219|219.06|2880
2020.09.29 18:30:00|219.07|219.19|218.29|218.64|2548
2020.09.29 19:30:00|218.63|219.64|218.46|219.55|2908
2020.09.29 20:30:00|219.53|220.2|219.41|220|2772
2020.09.29 21:30:00|219.99|220.14|219|219.1|2916
2020.09.29 22:30:00|219.1|219.21|218.45|218.47|2204
2020.09.30 16:30:00|219.02|220.8|218.83|220.39|3735
2020.09.30 17:30:00|220.43|221.83|220.4|221.76|3117
2020.09.30 18:30:00|221.76|222.03|220.97|221.34|1759
2020.09.30 19:30:00|221.35|221.68|220.86|221.07|1801
2020.09.30 20:30:00|221.08|221.77|219.96|220.64|2726
2020.09.30 21:30:00|220.61|220.69|218.19|219.1|6421
2020.09.30 22:30:00|219.13|220.18|218.83|219.36|4896
2020.10.01 16:30:00|220.95|222.84|220.12|221.01|4686
2020.10.01 17:30:00|221.01|221.77|220.39|220.9|4754
2020.10.01 18:30:00|220.93|221.27|219.85|220.44|3386
2020.10.01 19:30:00|220.45|220.67|219.08|219.19|2432
2020.10.01 20:30:00|219.19|219.38|217.63|218.57|5271
2020.10.01 21:30:00|218.55|219.58|218.54|218.75|3855
2020.10.01 22:30:00|218.75|219.51|218.59|219.44|3096
2020.10.02 16:30:00|217.36|219.12|217.36|218.44|4059
2020.10.02 17:30:00|218.44|221.29|218.12|221.15|3896
2020.10.02 18:30:00|221.15|222.79|220.34|222.36|3982
2020.10.02 19:30:00|222.37|223.07|222.15|222.84|3173
2020.10.02 20:30:00|222.85|222.95|221.57|222.58|3209
2020.10.02 21:30:00|222.59|222.94|222|222.83|4621
2020.10.02 22:30:00|222.83|223.15|222.44|222.53|3358
2020.10.05 16:30:00|224.45|226.12|224.45|224.64|2705
2020.10.05 17:30:00|224.65|225.8|224.6|225.57|1837
2020.10.05 18:30:00|225.59|225.59|225.02|225.09|969
2020.10.05 19:30:00|225.08|225.63|224.6|224.94|997
2020.10.05 20:30:00|224.93|225.28|224.65|225.13|1019
2020.10.05 21:30:00|225.14|226.32|225.13|226.2|1370
2020.10.05 22:30:00|226.21|226.32|225.74|225.89|1401
2020.10.06 16:30:00|226.2|227.32|225.42|227.23|1059
2020.10.06 17:30:00|227.25|227.37|225.66|227|1805
2020.10.06 18:30:00|226.98|227.39|226.4|226.55|1302
2020.10.06 19:30:00|226.56|227.31|226.36|227.09|1019
2020.10.06 20:30:00|227.09|227.8|226.55|227.78|1192
2020.10.06 21:30:00|227.79|228.47|223.3|224.28|4256
2020.10.06 22:30:00|224.28|224.74|223.49|223.79|3224
2020.10.07 16:30:00|225.92|226.44|224.94|226.06|1577
2020.10.07 17:30:00|226.08|227.22|225.16|227.16|1603
2020.10.07 18:30:00|227.2|228.21|226.81|227.3|1420
2020.10.07 19:30:00|227.31|228|227.02|227.58|839
2020.10.07 20:30:00|227.6|228.19|227.53|227.82|1386
2020.10.07 21:30:00|227.84|227.89|227.41|227.42|1199
2020.10.07 22:30:00|227.45|227.48|226.19|226.21|1646
2020.10.08 16:30:00|225.87|226.89|224.52|224.55|2601
2020.10.08 17:30:00|224.56|225.87|224.3|224.97|1759
2020.10.08 18:30:00|224.98|226.07|224.1|226.01|1690
2020.10.08 19:30:00|226.01|226.51|225.86|225.98|1033
2020.10.08 20:30:00|225.97|226.55|225.94|226.3|973
2020.10.08 21:30:00|226.31|226.31|225.16|225.53|1335
2020.10.08 22:30:00|225.54|225.77|225.33|225.65|1233
2020.10.09 16:30:00|226.61|227.01|225.09|225.13|1519
2020.10.09 17:30:00|225.1|225.71|224.96|225.01|1266
2020.10.09 18:30:00|224.99|225.46|224.72|224.81|1698
2020.10.09 19:30:00|224.81|225.01|223.34|223.54|1350
2020.10.09 20:30:00|223.56|223.77|223.35|223.47|1244
2020.10.09 21:30:00|223.49|223.7|222.97|223.61|1445
2020.10.09 22:30:00|223.62|224.67|223.53|224.65|1238
2020.10.12 16:30:00|224.35|224.45|222.96|223.89|1409
2020.10.12 17:30:00|223.87|225.3|223.28|225.23|1060
2020.10.12 18:30:00|225.26|225.98|225.07|225.82|1020
2020.10.12 19:30:00|225.82|225.87|225.05|225.72|854
2020.10.12 20:30:00|225.73|225.85|225.31|225.57|1066
2020.10.12 21:30:00|225.61|226.34|225.31|226.22|1221
2020.10.12 22:30:00|226.24|226.24|225.68|225.86|1576
2020.10.13 16:30:00|225.39|226.77|224.72|226.35|2142
2020.10.13 17:30:00|226.35|227.9|226.23|227.16|1506
2020.10.13 18:30:00|227.22|228.39|226.85|227.75|1230
2020.10.13 19:30:00|227.69|227.75|226.85|227.2|1293
2020.10.13 20:30:00|227.2|227.27|226.32|226.32|1222
2020.10.13 21:30:00|226.35|227.3|225.99|226.97|1466
2020.10.13 22:30:00|226.98|227.6|226.98|227.14|1265
2020.10.14 16:30:00|227.62|228.93|227.22|228.25|1720
2020.10.14 17:30:00|228.25|229.27|228.25|228.49|1393
2020.10.14 18:30:00|228.49|228.49|227.12|227.63|2119
2020.10.14 19:30:00|227.61|228.41|227.5|227.84|1831
2020.10.14 20:30:00|227.84|228.23|227.61|227.83|1355
2020.10.14 21:30:00|227.83|228.29|227.19|227.84|1800
2020.10.14 22:30:00|227.79|228.14|227.39|227.42|1662
2020.10.15 16:30:00|225.92|228.1|225.42|227.2|2106
2020.10.15 17:30:00|227.2|228.15|226.45|228.02|1630
2020.10.15 18:30:00|228.02|228.37|227.52|228.21|1461
2020.10.15 19:30:00|228.22|229.02|228.06|228.78|1502
2020.10.15 20:30:00|228.75|229.52|228.57|229.5|1140
2020.10.15 21:30:00|229.5|229.5|228.36|229.09|1188
2020.10.15 22:30:00|229.1|229.83|229.1|229.5|1495
2020.10.16 16:30:00|229.87|231.63|228.85|231.53|1626
2020.10.16 17:30:00|231.53|231.7|229.71|230.09|1431
2020.10.16 18:30:00|230.05|230.85|229.75|230.63|1075
2020.10.16 19:30:00|230.6|230.9|230.17|230.61|1152
2020.10.16 20:30:00|230.64|230.92|230.45|230.56|1058
2020.10.16 21:30:00|230.57|230.75|229.85|229.91|1379
2020.10.16 22:30:00|229.91|229.94|229.21|229.21|1452
2020.10.19 16:30:00|229.61|230.61|228.55|229.96|1454
2020.10.19 17:30:00|229.98|229.98|228.47|228.77|1424
2020.10.19 18:30:00|228.75|229.03|228.27|228.6|1487
2020.10.19 19:30:00|228.57|228.91|228.27|228.42|1072
2020.10.19 20:30:00|228.43|228.52|227.3|227.54|1483
2020.10.19 21:30:00|227.54|227.54|225.19|225.91|2905
2020.10.19 22:30:00|225.91|226.18|224.97|225.83|1929
2020.10.20 16:30:00|226.4|228.27|226.15|227.44|2124
2020.10.20 17:30:00|227.44|228.17|227.16|227.68|1532
2020.10.20 18:30:00|227.7|228.76|227.45|228.24|1174
2020.10.20 19:30:00|228.24|229.82|228.22|229.66|1480
2020.10.20 20:30:00|229.68|229.72|228.46|228.52|1365
2020.10.20 21:30:00|228.53|228.59|226.63|228.24|2256
2020.10.20 22:30:00|228.23|228.39|227.28|227.28|2097
2020.10.21 16:30:00|227.16|229.16|227.13|228.97|1484
2020.10.21 17:30:00|228.91|229.1|227.4|227.58|1433
2020.10.21 18:30:00|227.59|228.9|227.45|228.3|1699
2020.10.21 19:30:00|228.31|228.41|227.35|228.21|1638
2020.10.21 20:30:00|228.22|228.67|227.85|228.65|1633
2020.10.21 21:30:00|228.64|228.75|228.03|228.66|1377
2020.10.21 22:30:00|228.68|228.85|227.75|227.93|1896
2020.10.22 16:30:00|227.82|228.88|226.85|226.91|1341
2020.10.22 17:30:00|226.98|228.43|226.64|228.18|1805
2020.10.22 18:30:00|228.18|228.27|226.93|227.17|1269
2020.10.22 19:30:00|227.2|228.66|227.01|228.31|972
2020.10.22 20:30:00|228.28|228.84|228.08|228.54|957
2020.10.22 21:30:00|228.54|228.77|228.25|228.71|1010
2020.10.22 22:30:00|228.72|229.21|228.71|229|1232
2020.10.23 16:30:00|229.9|230.02|228.23|229.44|1735
2020.10.23 17:30:00|229.43|229.6|228.27|228.53|1801
2020.10.23 18:30:00|228.51|228.55|227.67|227.75|1293
2020.10.23 19:30:00|227.72|228.23|227.62|228.16|1098
2020.10.23 20:30:00|228.21|228.92|228.08|228.92|809
2020.10.23 21:30:00|228.92|228.98|228.45|228.46|984
2020.10.23 22:30:00|228.47|228.85|228.2|228.53|1256
2020.10.26 15:30:00|226.21|226.85|225.11|225.16|2746
2020.10.26 16:30:00|225.16|225.41|223.47|223.65|2937
2020.10.26 17:30:00|223.68|223.68|222.17|222.39|2818
2020.10.26 18:30:00|222.39|222.39|221|221.08|2549
2020.10.26 19:30:00|221.03|222.26|220.79|222.19|2529
2020.10.26 20:30:00|222.21|223.19|221.85|223.16|3193
2020.10.26 21:30:00|223.16|224.19|222.77|224.1|2944
2020.10.27 15:30:00|224.1|225.05|223.1|223.27|2957
2020.10.27 16:30:00|223.27|224.09|222.71|222.75|2372
2020.10.27 17:30:00|222.75|223.95|222.72|223.35|2022
2020.10.27 18:30:00|223.34|223.66|222.5|223.59|1967
2020.10.27 19:30:00|223.57|223.97|222.67|222.94|1521
2020.10.27 20:30:00|222.94|223.47|222.51|223.27|2304
2020.10.27 21:30:00|223.29|223.48|222.63|222.79|2224
2020.10.28 15:30:00|218.55|220.26|217.22|217.46|3139
2020.10.28 16:30:00|217.48|217.86|216.19|216.6|3028
2020.10.28 17:30:00|216.6|217.62|216.04|216.45|2466
2020.10.28 18:30:00|216.45|216.73|214.26|215.09|2848
2020.10.28 19:30:00|215.03|215.69|214.52|215.61|2425
2020.10.28 20:30:00|215.6|216.04|215.04|215.82|3079
2020.10.28 21:30:00|215.82|216.37|214.35|214.43|3495
2020.10.29 15:30:00|214.97|216.76|212.86|216.69|3600
2020.10.29 16:30:00|216.77|217.25|215.88|216.16|3002
2020.10.29 17:30:00|216.2|216.28|214.5|214.92|2435
2020.10.29 18:30:00|214.91|215.55|214.03|215.36|1698
2020.10.29 19:30:00|215.37|217.44|215.14|217.23|1883
2020.10.29 20:30:00|217.24|217.27|215.17|215.49|2664
2020.10.29 21:30:00|215.51|215.7|214.84|214.84|2491
2020.10.30 15:30:00|213.51|214.81|211.64|211.93|2750
2020.10.30 16:30:00|211.92|212.27|209.68|210.52|3116
2020.10.30 17:30:00|210.51|212.83|210.01|212.69|2086
2020.10.30 18:30:00|212.69|212.74|211.24|211.92|1617
2020.10.30 19:30:00|211.92|212.56|210.72|211.32|2463
2020.10.30 20:30:00|211.32|211.63|210|211.14|2864
2020.10.30 21:30:00|211.15|212.93|210.77|212.91|3078
2020.11.02 16:30:00|214.54|216.09|213.73|215.61|4359
2020.11.02 17:30:00|215.6|215.6|212.47|213.37|3931
2020.11.02 18:30:00|213.38|214.44|212.77|213.18|3026
2020.11.02 19:30:00|213.18|213.26|211.05|211.66|2626
2020.11.02 20:30:00|211.66|211.76|210.59|211.46|2848
2020.11.02 21:30:00|211.46|212.71|211.13|212.44|3194
2020.11.02 22:30:00|212.49|212.83|211.72|212.23|2893
2020.11.03 16:30:00|214.58|217.28|213.81|216.79|2857
2020.11.03 17:30:00|216.81|217.52|215.97|216.82|2561
2020.11.03 18:30:00|216.86|217.27|216.21|216.62|1744
2020.11.03 19:30:00|216.62|216.85|216.11|216.49|1497
2020.11.03 20:30:00|216.5|216.73|215.76|216.48|2222
2020.11.03 21:30:00|216.49|217.26|216.18|216.79|2467
2020.11.03 22:30:00|216.83|217.9|216.43|216.65|2667
2020.11.04 16:30:00|213.15|218.85|213.15|217.25|4943
2020.11.04 17:30:00|217.26|218.49|216.52|218.42|3745
2020.11.04 18:30:00|218.42|219.3|217.94|218.39|3344
2020.11.04 19:30:00|218.39|218.62|217.06|217.31|2922
2020.11.04 20:30:00|217.29|217.8|216.65|216.86|3015
2020.11.04 21:30:00|216.86|216.99|214.72|214.76|3471
2020.11.04 22:30:00|214.76|215.73|214.23|214.71|3271
2020.11.05 16:30:00|216.32|217.86|215.01|216.44|3652
2020.11.05 17:30:00|216.37|216.94|214.85|216.37|2621
2020.11.05 18:30:00|216.39|216.61|214.52|214.6|2244
2020.11.05 19:30:00|214.65|215.86|214.53|215.79|2042
2020.11.05 20:30:00|215.8|216.58|215.61|216.24|1708
2020.11.05 21:30:00|216.22|216.35|214.81|215.08|2315
2020.11.05 22:30:00|215.09|216.39|214.69|216.3|2406
2020.11.06 16:30:00|215.73|216.72|214.1|216.43|3628
2020.11.06 17:30:00|216.39|216.65|214.85|215.31|2604
2020.11.06 18:30:00|215.31|216.95|215.27|215.74|1888
2020.11.06 19:30:00|215.77|216.83|215.45|216.53|1304
2020.11.06 20:30:00|216.52|217.7|216.41|217.56|1249
2020.11.06 21:30:00|217.56|217.66|216.02|216.23|1801
2020.11.06 22:30:00|216.22|216.46|215.77|216.41|1799
2020.11.09 16:30:00|223|224.25|215.67|219.38|3929
2020.11.09 17:30:00|219.38|220.33|206.97|210.74|3817
2020.11.09 18:30:00|210.6|214.51|210.5|213.04|4784
2020.11.09 19:30:00|212.93|215.21|212.85|214.62|3131
2020.11.09 20:30:00|214.63|216.71|213.67|214.26|2969
2020.11.09 21:30:00|214.2|215.14|213.74|213.81|3370
2020.11.09 22:30:00|213.82|214.68|212.38|212.83|2941
2020.11.10 16:30:00|215.45|215.64|211.61|211.74|4173
2020.11.10 17:30:00|211.74|212.51|211.15|211.86|2934
2020.11.10 18:30:00|211.79|213.42|211.62|212.9|2483
2020.11.10 19:30:00|212.92|213.17|212.14|212.97|2415
2020.11.10 20:30:00|212.91|214.43|212.4|213.6|2696
2020.11.10 21:30:00|213.61|213.98|212.88|213.68|3609
2020.11.10 22:30:00|213.68|213.69|212.29|213.01|2367
2020.11.11 16:30:00|214.24|217.57|214.15|216.44|3526
2020.11.11 17:30:00|216.45|217.77|216.23|217.64|2527
2020.11.11 18:30:00|217.65|219.07|217.49|218.27|1867
2020.11.11 19:30:00|218.28|218.62|217.94|218.41|1372
2020.11.11 20:30:00|218.41|218.56|217.34|217.38|1654
2020.11.11 21:30:00|217.38|217.68|216.85|216.93|2029
2020.11.11 22:30:00|216.93|217.97|216.85|217.66|1854
2020.11.12 16:30:00|217.09|217.47|214.45|214.64|4251
2020.11.12 17:30:00|214.64|214.87|213.25|213.77|2418
2020.11.12 18:30:00|213.78|213.78|212.1|212.3|2590
2020.11.12 19:30:00|212.3|212.53|210.85|210.85|3229
2020.11.12 20:30:00|210.82|212.14|210.73|211.37|2565
2020.11.12 21:30:00|211.36|212|210.89|211.66|3038
2020.11.12 22:30:00|211.66|212.92|211.46|212.87|2695
2020.11.13 16:30:00|213.49|214.21|212.51|213.9|3158
2020.11.13 17:30:00|213.85|214.07|212.8|212.95|2045
2020.11.13 18:30:00|212.95|213.69|212.66|212.86|1522
2020.11.13 19:30:00|212.86|213.12|212.22|212.42|1346
2020.11.13 20:30:00|212.43|212.75|212.16|212.53|1303
2020.11.13 21:30:00|212.54|212.88|212.24|212.39|1704
2020.11.13 22:30:00|212.41|213.25|212.33|213.18|1843
2020.11.16 16:30:00|214.75|215.75|213.44|213.9|5418
2020.11.16 17:30:00|213.91|214.72|213.72|214.61|2373
2020.11.16 18:30:00|214.58|214.92|214.08|214.81|1831
2020.11.16 19:30:00|214.81|216.01|214.78|215.55|3041
2020.11.16 20:30:00|215.57|215.98|215.15|215.32|2550
2020.11.16 21:30:00|215.32|215.89|215.05|215.68|3763
2020.11.16 22:30:00|215.69|216.48|215.51|216.47|3647
2020.11.17 16:30:00|215.3|216.15|213.85|214.53|3271
2020.11.17 17:30:00|214.54|214.95|214.4|214.68|1737
2020.11.17 18:30:00|214.69|216.04|214.61|216.01|1566
2020.11.17 19:30:00|216.01|216.15|215.42|215.63|1348
2020.11.17 20:30:00|215.64|217.21|215.45|216.47|1416
2020.11.17 21:30:00|216.48|216.73|215.69|215.91|1600
2020.11.17 22:30:00|215.89|216.05|215.49|215.84|1880
2020.11.18 16:30:00|216.42|216.96|215.78|216.34|2050
2020.11.18 17:30:00|216.27|217.66|216.11|217.2|1476
2020.11.18 18:30:00|217.2|217.29|216.65|216.89|1080
2020.11.18 19:30:00|216.89|217.06|216.48|216.48|904
2020.11.18 20:30:00|216.48|216.75|215.86|216.1|1686
2020.11.18 21:30:00|216.09|216.85|215.94|216.02|1942
2020.11.18 22:30:00|216.02|216.06|215.19|215.33|2961
2020.11.19 16:30:00|214.73|215.19|214.07|214.36|3037
2020.11.19 17:30:00|214.35|214.8|213.75|213.98|1938
2020.11.19 18:30:00|213.99|214.29|213.36|213.91|1698
2020.11.19 19:30:00|213.92|213.94|213.15|213.87|1463
2020.11.19 20:30:00|213.88|214.41|213.87|214.32|1187
2020.11.19 21:30:00|214.29|215.14|214.29|214.81|1609
2020.11.19 22:30:00|214.81|215.3|214.65|214.96|1490
2020.11.20 16:30:00|214.35|214.67|213.42|214|2210
2020.11.20 17:30:00|214.04|214.7|213.62|214.6|1317
2020.11.20 18:30:00|214.6|214.92|214.25|214.33|1006
2020.11.20 19:30:00|214.35|214.35|213.68|214.29|1025
2020.11.20 20:30:00|214.3|214.49|214.07|214.15|975
2020.11.20 21:30:00|214.14|214.42|213.6|214.01|1627
2020.11.20 22:30:00|214|215.05|213.7|213.97|1828
2020.11.23 16:30:00|215.16|216.22|214.85|215.45|3112
2020.11.23 17:30:00|215.41|216.05|214.91|215.05|2376
2020.11.23 18:30:00|215.06|215.8|214.48|215.79|2801
2020.11.23 19:30:00|215.78|216.55|215.72|216.23|1254
2020.11.23 20:30:00|216.26|216.69|216.06|216.66|1557
2020.11.23 21:30:00|216.66|217.18|216.49|216.64|2259
2020.11.23 22:30:00|216.64|217.42|216.21|216.89|1831
2020.11.24 16:30:00|218.26|221.1|218.07|219.97|2674
2020.11.24 17:30:00|219.97|220.18|219.45|219.72|2163
2020.11.24 18:30:00|219.74|220.42|219.26|219.45|1737
2020.11.24 19:30:00|219.46|219.97|219|219.56|1480
2020.11.24 20:30:00|219.57|220.14|219.45|219.63|1824
2020.11.24 21:30:00|219.74|220.21|219.56|219.99|1895
2020.11.24 22:30:00|219.98|219.99|219.26|219.55|1843
2020.11.25 16:30:00|219.74|220.26|217.9|218.22|2411
2020.11.25 17:30:00|218.25|218.66|217.76|218.64|1494
2020.11.25 18:30:00|218.62|218.99|218.08|218.94|1239
2020.11.25 19:30:00|218.94|219.4|218.67|218.86|1078
2020.11.25 20:30:00|218.86|219.36|218.82|219.31|1305
2020.11.25 21:30:00|219.32|219.75|219.14|219.61|1680
2020.11.25 22:30:00|219.61|219.68|219.05|219.19|1556
2020.11.27 16:30:00|218.97|219.44|218.48|218.84|2464
2020.11.27 17:30:00|218.84|219.17|218.2|218.3|1489
2020.11.27 18:30:00|218.3|218.41|217.48|217.59|1617
2020.11.27 19:30:00|217.61|218.48|217.51|218.18|974
2020.11.30 16:30:00|216.64|217.13|214.5|214.81|2846
2020.11.30 17:30:00|214.79|215.21|214.25|214.73|2525
2020.11.30 18:30:00|214.68|215.13|214.47|214.95|1689
2020.11.30 19:30:00|215.02|215.59|214.98|215.42|1013
2020.11.30 20:30:00|215.43|215.97|215.17|215.9|1238
2020.11.30 21:30:00|215.9|216.33|215.52|215.78|1631
2020.11.30 22:30:00|215.78|217.37|215.77|217.28|1825
2020.12.01 16:30:00|218.3|218.43|216.5|217.06|2560
2020.12.01 17:30:00|217.07|217.19|216.17|216.45|2072
2020.12.01 18:30:00|216.45|216.57|215.35|215.58|1938
2020.12.01 19:30:00|215.6|216|215.55|215.95|1333
2020.12.01 20:30:00|215.96|216.15|215.69|216.01|1408
2020.12.01 21:30:00|216|216|215.36|215.54|2135
2020.12.01 22:30:00|215.54|216.21|215.46|215.97|1819
2020.12.02 16:30:00|213.64|213.69|211.75|212.26|3374
2020.12.02 17:30:00|212.28|212.28|209.16|209.18|2711
2020.12.02 18:30:00|209.18|210.54|208.9|209.75|1872
2020.12.02 19:30:00|209.73|209.74|209.35|209.58|1390
2020.12.02 20:30:00|209.58|209.74|209.08|209.59|1759
2020.12.02 21:30:00|209.58|210.09|209.43|209.84|2106
2020.12.02 22:30:00|209.82|210.97|209.75|210.6|1928
2020.12.03 16:30:00|210.79|212.47|210.4|211.55|2587
2020.12.03 17:30:00|211.56|213.08|211.12|212.72|1809
2020.12.03 18:30:00|212.72|212.88|211.89|211.89|1417
2020.12.03 19:30:00|211.86|212.02|211.55|211.82|1246
2020.12.03 20:30:00|211.82|211.92|211.28|211.35|1204
2020.12.03 21:30:00|211.33|211.43|211.23|211.41|1080
2020.12.03 22:30:00|211.43|211.45|210.35|211.3|2417
2020.12.04 16:30:00|211.67|213.21|211.5|211.52|2268
2020.12.04 17:30:00|211.53|211.76|210.93|211.5|1634
2020.12.04 18:30:00|211.55|211.92|211.41|211.55|1144
2020.12.04 19:30:00|211.51|211.63|210.66|210.75|1131
2020.12.04 20:30:00|210.75|211.24|210.7|210.95|1151
2020.12.04 21:30:00|210.94|211.16|210.47|210.52|1230
2020.12.04 22:30:00|210.51|210.65|209.95|210.56|1704
2020.12.07 16:30:00|207.63|208.6|205.99|207.38|4123
2020.12.07 17:30:00|207.38|208.69|207.03|207.81|1923
2020.12.07 18:30:00|207.84|207.96|207.13|207.2|1466
2020.12.07 19:30:00|207.21|207.54|207.06|207.15|1270
2020.12.07 20:30:00|207.15|207.57|207.11|207.32|1394
2020.12.07 21:30:00|207.31|208.1|207.28|207.94|1312
2020.12.07 22:30:00|207.92|208.91|207.91|208.71|1743
2020.12.08 16:30:00|207.28|207.65|206.49|206.73|2052
2020.12.08 17:30:00|206.75|208.47|206.67|207.98|1525
2020.12.08 18:30:00|208.01|208.91|207.86|208.31|995
2020.12.08 19:30:00|208.31|208.65|208.3|208.62|763
2020.12.08 20:30:00|208.63|208.81|208.48|208.77|805
2020.12.08 21:30:00|208.75|208.78|208.21|208.24|1228
2020.12.08 22:30:00|208.22|208.4|208.02|208.23|1236
2020.12.09 16:30:00|208.87|209.32|207.15|208.04|2523
2020.12.09 17:30:00|208.04|208.42|207.52|207.96|1596
2020.12.09 18:30:00|207.97|208.58|207.85|208.29|1384
2020.12.09 19:30:00|208.29|208.35|207.6|207.89|1843
2020.12.09 20:30:00|207.86|209.11|207.81|208.96|2261
2020.12.09 21:30:00|208.95|209.08|208.43|208.49|2206
2020.12.09 22:30:00|208.49|209.05|208.4|208.61|2123
2020.12.10 16:30:00|208.25|208.34|207.26|207.55|2247
2020.12.10 17:30:00|207.55|207.93|207.25|207.39|1649
2020.12.10 18:30:00|207.4|207.46|206.88|206.97|1461
2020.12.10 19:30:00|206.97|207.29|206.92|207.2|1175
2020.12.10 20:30:00|207.19|207.37|206.97|207.28|1124
2020.12.10 21:30:00|207.28|208.19|207.2|208.07|1756
2020.12.10 22:30:00|208.1|208.15|207.75|207.92|1163
2020.12.11 16:30:00|207.67|208.7|206.95|206.96|2477
2020.12.11 17:30:00|206.98|207.21|206.66|206.7|1479
2020.12.11 18:30:00|206.7|207.36|206.56|206.9|1556
2020.12.11 19:30:00|206.86|207.41|206.68|207.13|1043
2020.12.11 20:30:00|207.19|207.42|207.13|207.2|1146
2020.12.11 21:30:00|207.2|207.6|207.01|207.08|1512
2020.12.11 22:30:00|207.1|207.75|207|207.6|1735
2020.12.14 16:30:00|210.28|213.76|210.28|213.65|2995
2020.12.14 17:30:00|213.71|214.56|212.47|212.62|2193
2020.12.14 18:30:00|212.62|212.84|212.16|212.36|1969
2020.12.14 19:30:00|212.38|212.64|212.1|212.35|1618
2020.12.14 20:30:00|212.36|213.08|212.25|212.87|1641
2020.12.14 21:30:00|212.87|213.27|212.53|212.89|1962
2020.12.14 22:30:00|212.9|212.96|211.73|211.73|1905
2020.12.15 16:30:00|213.1|214.8|212.42|214.45|2780
2020.12.15 17:30:00|214.45|214.6|214.06|214.56|2241
2020.12.15 18:30:00|214.56|215.57|214.33|215.07|1743
2020.12.15 19:30:00|215.09|216.06|215.02|215.62|1461
2020.12.15 20:30:00|215.63|215.94|214.98|215.06|1237
2020.12.15 21:30:00|215.06|215.66|214.79|214.81|1448
2020.12.15 22:30:00|214.81|214.98|214.65|214.69|1380
2020.12.16 16:30:00|215.13|217.32|214.85|216.02|2371
2020.12.16 17:30:00|216.02|216.53|215.02|215.11|1416
2020.12.16 18:30:00|215.05|215.29|214.1|214.71|1124
2020.12.16 19:30:00|214.69|214.7|214.04|214.19|1143
2020.12.16 20:30:00|214.21|214.42|213.62|214.01|1541
2020.12.16 21:30:00|214.04|214.77|213.98|214.48|2223
2020.12.16 22:30:00|214.48|214.62|213.51|213.53|1446
2020.12.17 16:30:00|215.44|215.46|213.96|213.99|2595
2020.12.17 17:30:00|213.99|214.54|213.8|213.98|1614
2020.12.17 18:30:00|214.02|214.1|213.5|213.5|1164
2020.12.17 19:30:00|213.51|214|213.45|213.85|1052
2020.12.17 20:30:00|213.85|214.01|213.36|213.91|1160
2020.12.17 21:30:00|213.91|214.23|213.63|213.84|1358
2020.12.17 22:30:00|213.84|214.27|213.76|214.04|1398
2020.12.18 16:30:00|214.33|216.34|214.33|214.86|2563
2020.12.18 17:30:00|214.86|214.87|213.96|214.27|1782
2020.12.18 18:30:00|214.27|214.57|213.79|214.4|1007
2020.12.18 19:30:00|214.4|214.58|214.12|214.19|889
2020.12.18 20:30:00|214.19|214.25|213.67|213.94|1095
2020.12.18 21:30:00|213.94|214.23|213.8|213.96|1367
2020.12.18 22:30:00|213.96|216.53|213.96|214.76|2116
2020.12.21 16:30:00|210.26|210.87|207.86|209.18|3853
2020.12.21 17:30:00|209.06|210.7|208.82|210.65|3019
2020.12.21 18:30:00|210.67|211.7|210.67|211.67|2154
2020.12.21 19:30:00|211.7|212.2|211.54|212.14|1858
2020.12.21 20:30:00|212.11|212.34|211.87|211.91|1689
2020.12.21 21:30:00|211.87|212.3|211.62|211.75|2064
2020.12.21 22:30:00|211.74|211.78|211.23|211.52|2121
2020.12.22 16:30:00|210.78|211.57|210.17|211.57|2873
2020.12.22 17:30:00|211.6|211.96|211.1|211.91|1915
2020.12.22 18:30:00|211.92|212.07|211.19|211.84|1805
2020.12.22 19:30:00|211.86|212.42|211.84|212.36|1431
2020.12.22 20:30:00|212.37|212.73|211.86|211.89|1427
2020.12.22 21:30:00|211.9|212.28|211.56|211.86|2052
2020.12.22 22:30:00|211.85|212.05|211.57|211.7|1623
2020.12.23 16:30:00|212.27|212.57|211.57|211.65|2433
2020.12.23 17:30:00|211.65|212.46|211.64|212.42|1240
2020.12.23 18:30:00|212.38|212.84|212.1|212.78|1013
2020.12.23 19:30:00|212.82|213.15|212.78|213|774
2020.12.23 20:30:00|213|213.27|212.83|212.9|799
2020.12.23 21:30:00|212.91|212.97|212.29|212.36|781
2020.12.23 22:30:00|212.36|212.45|211.8|211.8|1280
2020.12.24 16:30:00|212.07|212.56|211.9|212.04|2067
2020.12.24 17:30:00|212.04|212.14|211.43|211.47|1123
2020.12.24 18:30:00|211.47|211.65|210.97|211.26|1295
2020.12.24 19:30:00|211.26|211.8|211.13|211.27|1131
2020.12.28 16:30:00|212.62|213.99|212.03|213.97|2751
2020.12.28 17:30:00|213.97|214.7|213.96|214.21|1306
2020.12.28 18:30:00|214.2|214.2|213.41|213.5|947
2020.12.28 19:30:00|213.49|213.64|213.22|213.29|781
2020.12.28 20:30:00|213.31|213.96|213.25|213.91|885
2020.12.28 21:30:00|213.92|214.16|213.69|213.77|873
2020.12.28 22:30:00|213.73|214.09|213.57|213.87|1301
2020.12.29 16:30:00|214.5|215.58|213.42|213.61|2778
2020.12.29 17:30:00|213.58|213.6|212.6|213.06|1580
2020.12.29 18:30:00|213.06|213.2|212.4|212.87|1353
2020.12.29 19:30:00|212.76|212.84|212.28|212.75|1523
2020.12.29 20:30:00|212.73|212.97|212.35|212.51|1193
2020.12.29 21:30:00|212.52|212.84|212.39|212.71|1362
2020.12.29 22:30:00|212.71|212.86|212.49|212.56|1397
2020.12.30 16:30:00|212.66|213.12|212.1|212.17|2414
2020.12.30 17:30:00|212.17|212.53|211.65|212.28|1657
2020.12.30 18:30:00|212.29|212.65|211.99|211.99|1431
2020.12.30 19:30:00|212|212.32|211.89|211.98|981
2020.12.30 20:30:00|211.98|212.02|211.49|211.59|995
2020.12.30 21:30:00|211.58|211.75|211.4|211.58|1119
2020.12.30 22:30:00|211.58|211.97|211.14|211.34|1752
2020.12.31 16:30:00|211.08|212.06|210.6|211.28|1916
2020.12.31 17:30:00|211.36|211.74|210.87|210.95|1174
2020.12.31 18:30:00|210.98|212.3|210.95|212.12|1579
2020.12.31 19:30:00|212.12|213.16|212.11|213.03|1269
2020.12.31 20:30:00|213.03|213.03|212.71|212.96|583
2021.01.04 16:30:00|214.05|214.11|209.54|209.77|4314
2021.01.04 17:30:00|209.8|210.26|208.1|208.98|4634
2021.01.04 18:30:00|208.93|209.35|208.06|208.76|3654
2021.01.04 19:30:00|208.74|209.53|208.28|209.48|2751
2021.01.04 20:30:00|209.45|210.12|209.07|209.66|2500
2021.01.04 21:30:00|209.67|210.08|209.22|209.71|4818
2021.01.04 22:30:00|209.71|210.78|209.57|209.97|3033
2021.01.05 16:30:00|210.65|211.17|209.85|210.19|3311
2021.01.05 17:30:00|210.19|210.63|209.44|210.38|2208
2021.01.05 18:30:00|210.39|210.89|210.15|210.44|1342
2021.01.05 19:30:00|210.44|210.74|210.23|210.31|1068
2021.01.05 20:30:00|210.32|211.41|210.11|211.3|1313
2021.01.05 21:30:00|211.3|211.79|211.1|211.21|1594
2021.01.05 22:30:00|211.21|211.65|211.05|211.33|1418
2021.01.06 16:30:00|209.95|211.49|208.88|210.76|3156
2021.01.06 17:30:00|210.77|211.11|210.36|210.93|2225
2021.01.06 18:30:00|210.94|211.09|210.18|210.49|1930
2021.01.06 19:30:00|210.5|211.05|210.45|210.85|1633
2021.01.06 20:30:00|210.87|211.01|210.21|210.45|1735
2021.01.06 21:30:00|210.45|210.94|209.86|210.59|3443
2021.01.06 22:30:00|210.59|211.18|210.43|210.85|2619
2021.01.07 16:30:00|212.02|212.59|210.38|212.27|2559
2021.01.07 17:30:00|212.25|212.86|211.88|212|1343
2021.01.07 18:30:00|212.06|212.59|212|212.35|1189
2021.01.07 19:30:00|212.35|212.9|212.34|212.59|1337
2021.01.07 20:30:00|212.61|212.94|212.47|212.64|1113
2021.01.07 21:30:00|212.66|212.95|212.16|212.19|1510
2021.01.07 22:30:00|212.2|212.35|211.84|211.84|1450
2021.01.08 16:30:00|212.09|214.57|212.09|214.3|2775
2021.01.08 17:30:00|214.3|214.96|214.1|214.26|1745
2021.01.08 18:30:00|214.25|215.26|213.86|215.08|1544
2021.01.08 19:30:00|215.08|215.35|214.65|215.18|1938
2021.01.08 20:30:00|215.14|215.16|214.46|214.96|2418
2021.01.08 21:30:00|214.97|215.62|214.69|215.57|1849
2021.01.08 22:30:00|215.61|215.92|215.44|215.72|1674
2021.01.11 16:30:00|214.9|215.83|213.35|215.22|2610
2021.01.11 17:30:00|215.22|215.26|214.27|215|1522
2021.01.11 18:30:00|215|215.05|214.19|214.26|1125
2021.01.11 19:30:00|214.27|214.73|213.86|213.93|1412
2021.01.11 20:30:00|213.93|213.93|212.9|213.63|1464
2021.01.11 21:30:00|213.63|214.26|213.6|213.87|1894
2021.01.11 22:30:00|213.87|214.19|213.58|214.01|1978
2021.01.12 16:30:00|213.7|214.07|212.4|213.2|2090
2021.01.12 17:30:00|213.23|213.29|211.13|211.35|1868
2021.01.12 18:30:00|211.38|211.68|210.81|211.64|1713
2021.01.12 19:30:00|211.62|211.62|210.84|211.28|1650
2021.01.12 20:30:00|211.33|211.88|211.22|211.31|1408
2021.01.12 21:30:00|211.31|211.6|210.84|210.88|2019
2021.01.12 22:30:00|210.88|211.66|210.77|211.43|1149
2021.01.13 16:30:00|211.32|211.55|210.75|211.52|2818
2021.01.13 17:30:00|211.56|212.02|211.25|211.93|1506
2021.01.13 18:30:00|211.91|212.41|211.59|212.33|1012
2021.01.13 19:30:00|212.28|212.94|212.22|212.3|1220
2021.01.13 20:30:00|212.28|212.47|211.88|212.13|1537
2021.01.13 21:30:00|212.14|212.18|211.62|211.86|1150
2021.01.13 22:30:00|211.89|212.22|211.75|211.91|1484
2021.01.14 16:30:00|211.94|212.48|210.88|210.9|1977
2021.01.14 17:30:00|210.9|211.14|210.36|210.88|1655
2021.01.14 18:30:00|210.88|210.93|210.25|210.32|1053
2021.01.14 19:30:00|210.3|210.38|209.65|209.77|1394
2021.01.14 20:30:00|209.75|209.89|209.1|209.13|1312
2021.01.14 21:30:00|209.12|209.24|208.28|208.53|2279
2021.01.14 22:30:00|208.53|208.76|207.86|208.34|2205
2021.01.15 16:30:00|207.84|209.33|207.25|208.42|2974
2021.01.15 17:30:00|208.38|209.72|208.24|209.6|2437
2021.01.15 18:30:00|209.6|209.72|208.92|209.62|1817
2021.01.15 19:30:00|209.62|210.03|209.49|209.91|1256
2021.01.15 20:30:00|209.89|210.09|209.55|209.93|1461
2021.01.15 21:30:00|209.93|210.52|209.77|210.26|1634
