2020.02.05 18:30:00|366.71|369.24|364.31|368.12|4746
2020.02.05 19:30:00|368.12|368.77|366.37|367.73|4128
2020.02.05 20:30:00|367.73|370.9|367.69|369.08|4490
2020.02.05 21:30:00|369.03|370.57|368.31|369.79|4857
2020.02.05 22:30:00|369.79|369.98|368.75|369.59|3085
2020.02.06 16:30:00|362.36|371.14|362.25|367.62|7190
2020.02.06 17:30:00|367.62|368.72|365.81|365.98|6284
2020.02.06 18:30:00|365.98|368.04|364.5|366.82|5196
2020.02.06 19:30:00|366.83|367.66|365.85|366.42|3481
2020.02.06 20:30:00|366.42|367.45|365.41|366.29|3658
2020.02.06 21:30:00|366.3|366.6|364.91|365.23|3685
2020.02.06 22:30:00|365.23|366.65|365.18|366.58|2553
2020.02.07 16:30:00|364.35|366.43|363.25|365.86|5349
2020.02.07 17:30:00|365.87|369.46|365.86|369.14|5087
2020.02.07 18:30:00|369.16|370.49|368.33|370.36|4312
2020.02.07 19:30:00|370.37|371.11|369.15|370.84|3918
2020.02.07 20:30:00|370.86|371.46|367.35|368.45|5235
2020.02.07 21:30:00|368.45|369.31|366.11|366.69|5314
2020.02.07 22:30:00|366.7|367.28|366.1|366.69|3066
2020.02.10 16:30:00|364.27|374.35|362.25|371.92|8822
2020.02.10 17:30:00|371.92|372.58|369.45|371.92|6328
2020.02.10 18:30:00|371.83|373.17|370.16|370.18|4813
2020.02.10 19:30:00|370.18|371.25|369.45|370.5|3565
2020.02.10 20:30:00|370.5|371.12|369.3|369.54|3388
2020.02.10 21:30:00|369.52|371.65|369.25|369.59|4029
2020.02.10 22:30:00|369.6|370.58|368.88|370.53|3023
2020.02.11 16:30:00|372.47|377.83|369.44|376.66|8232
2020.02.11 17:30:00|376.66|376.84|374.53|376.63|5733
2020.02.11 18:30:00|376.64|376.67|373.47|375.5|5050
2020.02.11 19:30:00|375.51|377.08|375.3|376.24|3640
2020.02.11 20:30:00|376.31|376.49|373.44|374.17|4269
2020.02.11 21:30:00|374.17|375.03|372.31|373.02|5284
2020.02.11 22:30:00|373.02|374.08|372.82|373.22|3172
2020.02.12 16:30:00|375.64|379.73|375.64|377.79|6934
2020.02.12 17:30:00|377.79|378.69|376.92|378.01|5098
2020.02.12 18:30:00|378.01|378.27|377.01|378.13|3121
2020.02.12 19:30:00|378.17|380.3|377.97|379.92|3806
2020.02.12 20:30:00|379.93|380.2|378.25|378.55|3203
2020.02.12 21:30:00|378.54|379.68|377.87|378.5|3652
2020.02.12 22:30:00|378.51|379.95|378.19|379.85|2702
2020.02.13 16:30:00|376.72|384.78|376.38|383.8|7854
2020.02.13 17:30:00|383.8|385.01|381.85|383|5664
2020.02.13 18:30:00|383|384.19|381.3|381.9|4323
2020.02.13 19:30:00|381.9|383.01|381.3|383|4095
2020.02.13 20:30:00|383|383.77|382.44|383.28|4002
2020.02.13 21:30:00|383.31|383.69|381.72|382.68|3714
2020.02.13 22:30:00|382.68|382.93|381.13|381.15|3057
2020.02.14 16:30:00|381.09|384.15|380.83|382.98|7285
2020.02.14 17:30:00|382.98|384.85|382.27|383.58|6707
2020.02.14 18:30:00|383.58|383.69|382.5|382.91|4535
2020.02.14 19:30:00|382.91|383.25|380.86|381.66|4807
2020.02.14 20:30:00|381.66|382.1|380.55|381.03|4864
2020.02.14 21:30:00|381.03|381.6|379.33|379.43|5209
2020.02.14 22:30:00|379.38|380.58|379.18|379.84|3166
2020.02.18 16:30:00|379.79|387.68|379.79|386.81|7381
2020.02.18 17:30:00|386.55|388.64|385.03|385.51|6218
2020.02.18 18:30:00|385.5|386.98|383.64|386.39|5049
2020.02.18 19:30:00|386.4|387.96|386.39|387.57|3502
2020.02.18 20:30:00|387.6|388.59|386.83|388.34|3074
2020.02.18 21:30:00|388.34|389.22|387.85|388.3|3769
2020.02.18 22:30:00|388.3|389.24|387.25|387.42|2809
2020.02.19 16:30:00|386.82|392.55|385.87|389.96|8225
2020.02.19 17:30:00|389.96|390.66|386.75|386.9|5533
2020.02.19 18:30:00|386.91|387.65|385.57|387.07|4544
2020.02.19 19:30:00|387.07|388.49|386.75|388.41|3049
2020.02.19 20:30:00|388.41|388.49|387.35|387.42|3446
2020.02.19 21:30:00|387.42|388.02|385.77|385.87|3600
2020.02.19 22:30:00|385.87|386.59|384.6|386.29|3630
2020.02.20 16:30:00|387.52|389.23|385.57|386.62|6594
2020.02.20 17:30:00|386.63|387.52|380.86|380.86|5803
2020.02.20 18:30:00|380.86|382.89|376.15|380.32|8013
2020.02.20 19:30:00|380.39|383|379.81|382.19|5076
2020.02.20 20:30:00|382.2|383.98|381.21|383.23|4295
2020.02.20 21:30:00|383.21|385.63|383.17|385.62|4209
2020.02.20 22:30:00|385.62|386.19|384.76|385.95|2814
2020.02.21 16:30:00|386.01|386.79|380.75|382.06|9102
2020.02.21 17:30:00|382.22|383.97|380.35|383.51|7311
2020.02.21 18:30:00|383.52|384.13|381.09|381.42|6345
2020.02.21 19:30:00|381.43|382.38|380.51|380.62|5848
2020.02.21 20:30:00|380.62|380.73|378.25|379.01|8123
2020.02.21 21:30:00|378.76|380.3|378.45|378.84|6489
2020.02.21 22:30:00|378.85|379.96|377.65|379.52|4136
2020.02.24 16:30:00|362.73|371.87|362.64|369.64|13472
2020.02.24 17:30:00|369.63|371.63|367.51|367.7|8714
2020.02.24 18:30:00|367.71|368.04|364.29|365.96|9665
2020.02.24 19:30:00|365.96|366.79|363.54|366.47|7776
2020.02.24 20:30:00|366.47|369.97|365.78|369.71|7360
2020.02.24 21:30:00|369.71|372.47|369.35|370.68|7333
2020.02.24 22:30:00|370.69|370.85|368.05|368.72|4533
2020.02.25 16:30:00|373.15|375.13|365.24|366.18|10284
2020.02.25 17:30:00|366.18|366.41|359.01|361.8|10416
2020.02.25 18:30:00|361.81|364.95|361.21|362.73|9750
2020.02.25 19:30:00|362.74|363.93|360.33|361.69|9039
2020.02.25 20:30:00|361.69|363.75|357.97|358.15|9201
2020.02.25 21:30:00|358.15|362.74|357.44|359.01|12491
2020.02.25 22:30:00|359.01|360.15|357.47|360.09|6320
2020.02.26 16:30:00|371.13|377.84|367|377.84|12417
2020.02.26 17:30:00|377.6|379.16|375.31|377.94|10483
2020.02.26 18:30:00|377.94|378.15|370.26|373.44|9983
2020.02.26 19:30:00|373.44|378.38|373.35|378.26|7975
2020.02.26 20:30:00|378.27|378.27|372.25|377.11|9723
2020.02.26 21:30:00|377.11|380.37|375.42|379.75|10485
2020.02.26 22:30:00|379.75|381.74|379.06|379.48|5371
2020.02.27 16:30:00|376.26|391.17|371.31|384.92|14377
2020.02.27 17:30:00|384.93|390.66|379.17|386.28|13429
2020.02.27 18:30:00|386.27|389.02|383.97|387.01|11666
2020.02.27 19:30:00|387.01|389.4|384.87|385.05|11667
2020.02.27 20:30:00|385.06|385.32|375.42|381.59|13154
2020.02.27 21:30:00|381.59|381.63|375.82|375.82|10228
2020.02.27 22:30:00|375.83|377.17|371.92|372.28|6636
2020.02.28 16:30:00|373.71|376.18|360.35|360.45|12617
2020.02.28 17:30:00|360.45|366.38|358.25|366.37|13525
2020.02.28 18:30:00|366.38|371.46|362.26|365.97|11199
2020.02.28 19:30:00|365.99|367.91|362.37|362.37|9989
2020.02.28 20:30:00|362.45|362.45|356.5|358.75|10446
2020.02.28 21:30:00|358.96|363.06|356.85|358.35|11827
2020.02.28 22:30:00|358.35|365.91|358.35|365.9|6144
2020.03.02 16:30:00|372.26|374.93|364.25|368.74|10408
2020.03.02 17:30:00|368.76|373.32|366.39|372.04|10724
2020.03.02 18:30:00|372.06|376.14|371.06|373.16|9872
2020.03.02 19:30:00|373.16|375.16|371.09|371.77|8726
2020.03.02 20:30:00|371.78|373.86|370.77|372.33|9266
2020.03.02 21:30:00|372.34|374.82|369.06|374.47|9647
2020.03.02 22:30:00|374.48|380.73|374.19|380.47|5399
2020.03.03 16:30:00|379.75|387.3|377.28|383.75|10327
2020.03.03 17:30:00|383.78|393.14|380.85|381.35|11322
2020.03.03 18:30:00|381.35|386.23|380.25|382.78|9333
2020.03.03 19:30:00|382.86|385.66|374.32|376.24|8742
2020.03.03 20:30:00|376.24|378.39|367.9|370.26|9398
2020.03.03 21:30:00|370.26|373.94|367.14|373.03|10531
2020.03.03 22:30:00|373.03|373.05|367.5|368.11|5632
2020.03.04 16:30:00|378.08|378.42|370.25|376.1|9807
2020.03.04 17:30:00|376.1|376.44|373.21|375.74|7183
2020.03.04 18:30:00|375.74|376.14|373.07|375.94|7000
2020.03.04 19:30:00|375.92|381.97|375.01|380.83|6618
2020.03.04 20:30:00|380.84|382.49|379.75|381.89|6752
2020.03.04 21:30:00|381.9|382.34|377.25|380.83|6810
2020.03.04 22:30:00|380.84|383.27|380.4|383.21|5019
2020.03.05 16:30:00|379.5|386.56|374.25|384.25|10968
2020.03.05 17:30:00|384.26|391.03|383.25|389.73|10442
2020.03.05 18:30:00|389.6|390.09|382.43|383.65|7924
2020.03.05 19:30:00|383.44|384.05|373.99|376.81|9891
2020.03.05 20:30:00|376.81|379.58|373.33|374.02|8600
2020.03.05 21:30:00|373.95|375.54|368.39|368.51|9871
2020.03.05 22:30:00|368.39|372.97|368.35|372.86|6538
2020.03.06 16:30:00|366.81|370.1|357.85|369.28|10302
2020.03.06 17:30:00|369.29|370.56|363.42|365.25|8738
2020.03.06 18:30:00|365.25|367.52|359.05|360.31|7791
2020.03.06 19:30:00|360.31|363.96|359.82|362.09|7742
2020.03.06 20:30:00|362.11|363.56|358.27|359.48|6781
2020.03.06 21:30:00|359.48|363.64|356.6|362.06|8768
2020.03.06 22:30:00|362.07|370.8|361.5|369.6|5778
2020.03.09 15:30:00|342|356.71|341.63|349.54|8141
2020.03.09 16:30:00|349.53|352.36|346.32|350.82|11473
2020.03.09 17:30:00|350.82|354.64|349.83|350.81|10187
2020.03.09 18:30:00|350.82|351.93|347.88|348.49|8420
2020.03.09 19:30:00|348.47|348.59|343.19|343.83|9823
2020.03.09 20:30:00|343.84|349.23|342.25|347.74|10121
2020.03.09 21:30:00|347.75|352.07|346.01|346.88|5898
2020.03.10 15:30:00|355.86|361.93|353.19|357.92|11167
2020.03.10 16:30:00|357.93|358.53|349.09|350.16|10565
2020.03.10 17:30:00|350.18|357.01|347.58|352.58|9284
2020.03.10 18:30:00|352.33|355.82|350.92|354.77|8870
2020.03.10 19:30:00|354.75|356.47|350.3|352.02|8830
2020.03.10 20:30:00|352.02|361.56|351.27|358.9|10753
2020.03.10 21:30:00|358.9|363.71|357.44|363.14|6100
2020.03.11 15:30:00|361.33|361.33|354.26|354.84|8534
2020.03.11 16:30:00|354.82|360.05|352.95|356.56|9898
2020.03.11 17:30:00|356.57|360.76|356.16|357.48|9405
2020.03.11 18:30:00|357.44|358.24|352.27|353.77|8970
2020.03.11 19:30:00|353.77|354.47|349.77|350.28|8590
2020.03.11 20:30:00|350.31|352.1|344.54|346.27|12421
2020.03.11 21:30:00|346.21|351.55|345.53|350.14|6422
2020.03.12 15:30:00|322.11|335.1|316.1|329.94|9564
2020.03.12 16:30:00|330.06|333.31|323.92|324.95|13497
2020.03.12 17:30:00|324.95|327.18|313.96|318.43|12309
2020.03.12 18:30:00|318.6|331.23|307.06|319.32|11834
2020.03.12 19:30:00|319.32|321.77|315.32|318.38|11850
2020.03.12 20:30:00|318.38|318.85|311.75|313.99|10424
2020.03.12 21:30:00|313.99|319.09|311.42|316.06|6233
2020.03.13 15:30:00|329.1|329.16|314.75|324.14|9456
2020.03.13 16:30:00|324.15|325.41|313.27|313.38|6289
2020.03.13 17:30:00|313.4|315.29|306.98|311.23|9517
2020.03.13 18:30:00|311.24|318.09|311.16|317.97|9967
2020.03.13 19:30:00|317.97|322.74|315.72|316.07|9182
2020.03.13 20:30:00|316.24|320.65|312.25|319.7|8632
2020.03.13 21:30:00|319.71|331.94|313.05|331.92|5186
2020.03.16 15:30:00|305|314.46|298.9|310.32|9404
2020.03.16 16:30:00|310.32|331.65|310.32|331.07|12161
2020.03.16 17:30:00|331.07|333.89|315.89|316.57|11286
2020.03.16 18:30:00|316.57|322.64|314.75|314.75|10428
2020.03.16 19:30:00|314.75|314.92|309.78|313.82|9769
2020.03.16 20:30:00|314.06|318.95|309.8|310.13|12991
2020.03.16 21:30:00|310.13|310.47|294.5|294.5|5944
2020.03.17 15:30:00|304.04|312.72|290|312.23|10879
2020.03.17 16:30:00|312.23|318.28|310.05|313.25|11613
2020.03.17 17:30:00|313.25|322.2|311.05|316.34|10460
2020.03.17 18:30:00|316.34|317.57|308.35|311.15|8356
2020.03.17 19:30:00|311.15|321.02|311.07|319.15|10438
2020.03.17 20:30:00|319.31|320.74|313.75|317.74|10176
2020.03.17 21:30:00|317.74|321.88|315|319.45|6667
2020.03.18 15:30:00|302.33|330.84|302.33|328.8|13015
2020.03.18 16:30:00|328.77|331.06|320.02|324.34|11832
2020.03.18 17:30:00|324.34|326.58|318.75|321.72|11016
2020.03.18 18:30:00|321.75|322.24|306.05|309.8|7763
2020.03.18 19:30:00|309.78|315.05|303|306.28|9521
2020.03.18 20:30:00|306.28|317.47|303|305.78|8938
2020.03.18 21:30:00|305.79|317.97|305.33|315.22|5479
2020.03.19 15:30:00|318.76|342.72|316.57|338.11|11566
2020.03.19 16:30:00|338.12|342.41|328.81|341.03|8901
2020.03.19 17:30:00|341.05|341.12|332.25|336.56|7637
2020.03.19 18:30:00|336.57|343.07|332.26|340.43|6721
2020.03.19 19:30:00|340.43|344.54|339.56|341.34|6810
2020.03.19 20:30:00|341.36|348.07|335.07|339.36|8874
2020.03.19 21:30:00|339.36|340.67|331.04|331.05|5440
2020.03.20 15:30:00|340.71|346.82|332.77|341.47|9546
2020.03.20 16:30:00|341.47|349.61|337.83|341.96|8202
2020.03.20 17:30:00|341.95|345.5|332.88|334.07|8267
2020.03.20 18:30:00|334.09|344.45|333.75|340.79|7136
2020.03.20 19:30:00|340.85|345.33|338.75|340.66|7059
2020.03.20 20:30:00|340.66|341.76|334.75|336.02|8337
2020.03.20 21:30:00|336.02|338.59|331.75|332.2|5535
2020.03.23 15:30:00|351.15|359.51|340.63|358.09|14183
2020.03.23 16:30:00|358.35|359.65|348.79|348.84|12276
2020.03.23 17:30:00|348.84|357.35|347.75|352.35|11370
2020.03.23 18:30:00|352.48|365.72|351.03|359.67|11714
2020.03.23 19:30:00|359.52|362.26|351.55|356.08|10812
2020.03.23 20:30:00|356.09|362.28|353.45|357.6|10274
2020.03.23 21:30:00|357.77|364.59|357.28|359.81|7895
2020.03.24 15:30:00|370.83|372.09|361.4|364.14|10679
2020.03.24 16:30:00|364.09|364.31|357.07|362.18|9243
2020.03.24 17:30:00|362.18|362.49|353.06|357.67|8779
2020.03.24 18:30:00|357.73|360.81|354.32|356.91|8052
2020.03.24 19:30:00|356.91|357.61|352.78|355.66|7856
2020.03.24 20:30:00|355.65|359.22|353.75|356.86|9782
2020.03.24 21:30:00|356.73|357.37|353.6|355.67|5831
2020.03.25 15:30:00|357.8|361.35|345.28|352.53|11366
2020.03.25 16:30:00|352.57|355.02|349.8|350.16|9300
2020.03.25 17:30:00|350.15|354.57|346.27|352.29|7981
2020.03.25 18:30:00|352.29|354.68|349.75|350.47|8428
2020.03.25 19:30:00|350.6|354.26|345.8|348.75|8530
2020.03.25 20:30:00|348.73|350.49|345|345.25|9636
2020.03.25 21:30:00|345.25|347.07|338.95|341.97|6405
2020.03.26 15:30:00|348.47|353.96|345.24|349.85|10412
2020.03.26 16:30:00|349.9|353.67|347.49|352.9|8701
2020.03.26 17:30:00|352.91|353.53|348.75|349.15|8200
2020.03.26 18:30:00|349.29|350.97|347.1|350.62|7596
2020.03.26 19:30:00|350.62|354.97|348.5|353.17|7471
2020.03.26 20:30:00|353.25|357.6|353.03|357.36|8022
2020.03.26 21:30:00|357.36|363.2|355.64|362|6676
2020.03.27 15:30:00|360.4|360.72|352.75|357.44|8231
2020.03.27 16:30:00|357.44|366.24|356.63|361.99|7734
2020.03.27 17:30:00|361.99|364.55|359.35|360.24|6989
2020.03.27 18:30:00|360.23|363.33|359.98|361.94|5479
2020.03.27 19:30:00|361.94|365.65|361.51|364.13|7158
2020.03.27 20:30:00|364.14|368.21|364.14|365.69|7994
2020.03.27 21:30:00|365.69|365.93|355.75|356.63|6412
2020.03.30 16:30:00|362.27|373.15|360.91|370.71|9464
2020.03.30 17:30:00|370.85|377.28|369.26|376|8173
2020.03.30 18:30:00|375.99|376.23|369.63|373.97|6709
2020.03.30 19:30:00|373.99|374.21|369.75|371.38|6219
2020.03.30 20:30:00|371.38|371.8|368.63|371.27|6525
2020.03.30 21:30:00|371.28|373.58|369.89|372.31|6746
2020.03.30 22:30:00|372.31|373.49|367.86|370|5692
2020.03.31 16:30:00|367.76|382.67|367.05|380.85|10096
2020.03.31 17:30:00|380.85|381.66|376.13|377.98|7107
2020.03.31 18:30:00|377.81|379.57|373.76|374.96|6524
2020.03.31 19:30:00|374.96|376.4|372.8|374.67|6053
2020.03.31 20:30:00|374.69|376.75|373.25|375.29|5573
2020.03.31 21:30:00|375.3|375.81|366.03|367.11|6587
2020.03.31 22:30:00|367.13|378.07|367.03|374.96|5770
2020.04.01 16:30:00|376.91|379.25|367.53|368.63|10311
2020.04.01 17:30:00|368.64|372.29|368.11|369.35|6764
2020.04.01 18:30:00|369.36|370.18|366.25|367.03|6014
2020.04.01 19:30:00|367.02|367.56|360.77|364.49|7226
2020.04.01 20:30:00|364.5|367.03|363.16|364.22|6508
2020.04.01 21:30:00|364.22|365.6|362.25|363.26|6471
2020.04.01 22:30:00|363.34|364.66|360.91|363.93|5102
2020.04.02 16:30:00|364.62|368.18|359.77|364.63|8389
2020.04.02 17:30:00|364.99|369.2|363.76|364.46|7366
2020.04.02 18:30:00|364.46|367.61|364.1|366.4|6262
2020.04.02 19:30:00|366.42|368.52|363.15|364.08|5482
2020.04.02 20:30:00|364.09|365.2|360.05|362.1|5885
2020.04.02 21:30:00|361.97|366.99|360.75|366.48|7287
2020.04.02 22:30:00|366.5|370.68|364.75|369.36|5262
2020.04.03 16:30:00|367.42|370.1|361.05|361.97|6525
2020.04.03 17:30:00|361.97|364.01|358.93|360.36|6118
2020.04.03 18:30:00|360.44|362.26|358.48|359.12|5030
2020.04.03 19:30:00|359.2|361.52|358.33|359.62|4962
2020.04.03 20:30:00|359.62|360.47|357.25|360.3|4767
2020.04.03 21:30:00|360.3|361.29|357.85|360.68|5845
2020.04.03 22:30:00|360.69|362.68|358.75|361.49|4576
2020.04.06 16:30:00|363.12|374.31|361.46|369.68|8718
2020.04.06 17:30:00|369.71|371.75|367.45|371.75|5653
2020.04.06 18:30:00|371.75|372.77|369.91|372.36|4675
2020.04.06 19:30:00|372.36|373.79|370.75|371.95|4499
2020.04.06 20:30:00|372.13|374.92|371.9|373.76|3760
2020.04.06 21:30:00|373.77|376.64|373.58|374.61|5007
2020.04.06 22:30:00|374.61|379.96|374.25|379|5367
2020.04.07 16:30:00|378.11|380.89|369.06|371.62|9433
2020.04.07 17:30:00|371.62|375.2|369.25|374.87|7085
2020.04.07 18:30:00|374.87|378.11|374.45|377.56|6088
2020.04.07 19:30:00|377.38|380.27|376.95|377.98|5595
2020.04.07 20:30:00|377.98|378.05|373.09|374.43|5077
2020.04.07 21:30:00|374.43|375.56|370.98|371.07|6570
2020.04.07 22:30:00|371.08|375.4|370.76|371.69|5011
2020.04.08 16:30:00|375.95|377.67|369.97|371.78|7884
2020.04.08 17:30:00|371.66|374.25|369.29|373.43|6379
2020.04.08 18:30:00|373.43|374.02|369.77|371.04|6086
2020.04.08 19:30:00|371.06|373.51|370.61|371.66|5591
2020.04.08 20:30:00|371.68|372.49|369.75|371.45|5505
2020.04.08 21:30:00|371.47|372.65|368.63|369.63|6108
2020.04.08 22:30:00|369.7|371.68|368.03|370.75|6518
2020.04.09 16:30:00|369.24|370.5|363.66|365.57|8487
2020.04.09 17:30:00|365.57|367.51|362.78|364.62|6430
2020.04.09 18:30:00|364.62|369.99|364.11|368.83|6441
2020.04.09 19:30:00|368.83|371.55|367.99|371.55|6010
2020.04.09 20:30:00|371.55|371.71|368.36|368.83|6665
2020.04.09 21:30:00|368.8|370.39|366.9|369.2|7647
2020.04.09 22:30:00|369.2|371.01|368.25|371.01|5293
2020.04.13 16:30:00|368.55|383.57|368.31|382.49|9271
2020.04.13 17:30:00|382.49|386.96|381.78|386.38|7866
2020.04.13 18:30:00|386.39|395.58|386.26|391.12|9054
2020.04.13 19:30:00|391.13|393.96|390.05|391.93|5764
2020.04.13 20:30:00|391.88|395.65|391.54|395.54|5913
2020.04.13 21:30:00|395.55|398.96|395.33|398.23|8078
2020.04.13 22:30:00|398.33|400.24|395.5|396.3|6198
2020.04.14 16:30:00|395.54|408.77|394.58|408.53|12400
2020.04.14 17:30:00|408.52|410.26|402.96|406.57|10044
2020.04.14 18:30:00|406.57|416.92|405.97|415.36|8051
2020.04.14 19:30:00|415.36|416.83|411.78|414.22|5288
2020.04.14 20:30:00|414.24|417.46|413.02|417.42|5242
2020.04.14 21:30:00|417.43|417.52|412.91|413.82|6380
2020.04.14 22:30:00|413.79|415.37|412.75|413.09|4895
2020.04.15 16:30:00|415.76|427.35|412.17|426.3|13841
2020.04.15 17:30:00|426.3|430.56|424.57|427.66|10104
2020.04.15 18:30:00|427.66|433.69|426.76|433.44|7620
2020.04.15 19:30:00|433.31|433.78|424.3|429.51|7971
2020.04.15 20:30:00|429.52|434.14|428.76|433.15|6857
2020.04.15 21:30:00|433.15|434.61|428.81|429.79|7157
2020.04.15 22:30:00|429.79|430.03|424.4|426.52|6444
2020.04.16 16:30:00|435.84|444.58|431.25|443.76|12480
2020.04.16 17:30:00|443.67|449.24|441.8|447.29|9979
2020.04.16 18:30:00|447.29|447.98|440.52|442.75|8969
2020.04.16 19:30:00|442.76|444.64|438.13|441.44|8294
2020.04.16 20:30:00|441.48|442.77|437.83|440.05|6596
2020.04.16 21:30:00|440.05|442|433.2|436.73|8689
2020.04.16 22:30:00|436.76|439.58|435.52|438.66|5465
2020.04.17 16:30:00|427.41|431.65|420.25|428.9|13702
2020.04.17 17:30:00|428.93|429.72|414.75|417.32|11153
2020.04.17 18:30:00|417.32|421.11|416.29|420.15|8925
2020.04.17 19:30:00|420.23|421.74|418.79|418.79|6258
2020.04.17 20:30:00|418.79|420.34|417.1|417.55|6335
2020.04.17 21:30:00|417.43|420.17|414.37|420.14|7280
2020.04.17 22:30:00|420.15|422.73|418.99|422.72|5938
2020.04.20 16:30:00|437.16|441.69|430.19|440.81|13938
2020.04.20 17:30:00|440.96|444.15|440.1|440.91|10420
2020.04.20 18:30:00|440.91|442.42|438.27|438.36|7379
2020.04.20 19:30:00|438.44|439.51|434.93|437.57|5877
2020.04.20 20:30:00|437.57|441.06|437.13|437.26|7301
2020.04.20 21:30:00|437.31|440.52|432.93|437.37|10205
2020.04.20 22:30:00|437.38|438.53|436.14|437.13|6668
2020.04.21 16:30:00|442.96|446.39|433.05|436.89|14900
2020.04.21 17:30:00|436.75|437.2|425.25|426.82|13820
2020.04.21 18:30:00|426.82|433.06|426.56|429.55|11631
2020.04.21 19:30:00|429.56|436.37|427.25|436.01|10367
2020.04.21 20:30:00|436.02|439.07|431.85|438.33|11276
2020.04.21 21:30:00|438.48|441.13|436.75|440.36|13248
2020.04.21 22:30:00|440.37|443.46|428.47|433.75|9291
2020.04.22 16:30:00|426.25|426.72|412.75|422.54|12845
2020.04.22 17:30:00|422.77|429.44|420.65|423.05|7982
2020.04.22 18:30:00|423.12|425.64|421.01|421.35|8733
2020.04.22 19:30:00|421.35|422.47|419.36|421.16|8524
2020.04.22 20:30:00|421.18|426.03|420.88|425|8649
2020.04.22 21:30:00|425.01|427.22|421.95|423.15|9778
2020.04.22 22:30:00|423.27|424.6|419.4|420.6|6603
2020.04.23 16:30:00|420.36|438.06|420.25|434.08|16074
2020.04.23 17:30:00|434.07|435.09|430.5|432.8|9022
2020.04.23 18:30:00|432.8|434.45|429.65|434.14|7799
2020.04.23 19:30:00|434.15|434.19|424.75|428.2|10659
2020.04.23 20:30:00|428.2|429.63|424.58|427.71|9412
2020.04.23 21:30:00|427.71|429.74|425.41|425.83|8404
2020.04.23 22:30:00|425.82|426.69|424.26|426.15|5606
2020.04.24 16:30:00|425.56|425.56|415.63|422.93|13276
2020.04.24 17:30:00|422.75|426.83|420.8|422.98|8917
2020.04.24 18:30:00|422.99|424.72|421.8|422.62|6574
2020.04.24 19:30:00|422.63|423.65|421.76|422.19|4564
2020.04.24 20:30:00|422.26|422.37|419.8|421.69|5919
2020.04.24 21:30:00|421.69|425.11|421.44|424.19|6948
2020.04.24 22:30:00|424.19|425.09|423.78|424.52|5445
2020.04.27 16:30:00|423.76|428.34|420.52|425.4|9978
2020.04.27 17:30:00|425.4|428.7|424.56|427.79|6556
2020.04.27 18:30:00|427.79|428.32|423.27|423.91|6485
2020.04.27 19:30:00|423.96|426.73|423.05|424.06|6014
2020.04.27 20:30:00|424.01|424.03|421.52|422.43|5882
2020.04.27 21:30:00|422.44|424.02|421.87|422.84|5948
2020.04.27 22:30:00|422.92|424.77|420.76|420.91|4483
2020.04.28 16:30:00|417.25|417.95|403.21|405.44|15350
2020.04.28 17:30:00|405.45|408.63|404.31|406.89|11274
2020.04.28 18:30:00|406.94|407.22|402.95|404.99|8801
2020.04.28 19:30:00|404.88|408.33|404.35|407.27|6478
2020.04.28 20:30:00|407.28|407.69|405.42|406.5|5457
2020.04.28 21:30:00|406.5|406.92|404.75|405.92|7148
2020.04.28 22:30:00|405.92|406.67|402.66|403.24|5784
2020.04.29 16:30:00|398|413.05|393.27|412.55|13481
2020.04.29 17:30:00|412.56|413.48|408.89|410.76|9098
2020.04.29 18:30:00|410.76|411.74|406.52|408.08|7711
2020.04.29 19:30:00|408.08|409.05|405.38|407.33|6745
2020.04.29 20:30:00|407.33|412.02|407.22|411.94|6666
2020.04.29 21:30:00|411.95|414.38|410.9|414.28|8166
2020.04.29 22:30:00|414.28|415.55|410.28|411.27|5627
2020.04.30 16:30:00|410.87|424.08|410.38|421.86|13901
2020.04.30 17:30:00|421.91|423.2|417.95|418.26|9155
2020.04.30 18:30:00|418.33|420.23|414.82|415.24|7540
2020.04.30 19:30:00|415.24|417.41|414.39|416.63|5368
2020.04.30 20:30:00|416.63|418.08|415.68|416.71|5206
2020.04.30 21:30:00|416.71|419.59|415.83|417.94|7061
2020.04.30 22:30:00|417.96|420.26|416.58|419.55|5778
2020.05.01 16:30:00|417.5|427.61|414.98|423.03|12109
2020.05.01 17:30:00|423.04|424.04|419.22|419.78|7770
2020.05.01 18:30:00|419.82|419.98|411.77|413.25|8711
2020.05.01 19:30:00|413.25|414.57|411.48|414.06|6011
2020.05.01 20:30:00|414.01|417.62|412.4|417.42|5783
2020.05.01 21:30:00|417.33|418.26|415.03|416.17|5806
2020.05.01 22:30:00|416.17|416.18|413.75|415.01|5496
2020.05.04 16:30:00|415.1|424.73|414.45|423.59|10553
2020.05.04 17:30:00|423.61|427.55|422.82|426.4|8434
2020.05.04 18:30:00|426.4|428.28|425.3|426.43|6358
2020.05.04 19:30:00|426.43|426.52|420.56|422.04|5621
2020.05.04 20:30:00|422.05|423.67|421.26|423.41|4277
2020.05.04 21:30:00|423.27|426.49|423.11|425.54|6210
2020.05.04 22:30:00|425.62|427.78|424.95|427.53|4818
2020.05.05 16:30:00|427.61|428.34|421.29|425.76|8580
2020.05.05 17:30:00|425.76|430.69|424.97|429.15|7093
2020.05.05 18:30:00|429.01|430.19|427.81|428.8|4334
2020.05.05 19:30:00|428.85|429.95|425.35|425.79|4816
2020.05.05 20:30:00|425.79|428.73|425.56|428.36|3578
2020.05.05 21:30:00|428.36|429.17|424.98|425.12|5360
2020.05.05 22:30:00|425.12|425.52|422|423.9|6354
2020.05.06 16:30:00|426.28|434.68|426.02|432.14|9362
2020.05.06 17:30:00|432.16|435.64|431.87|432.88|6514
2020.05.06 18:30:00|432.88|435.17|431.95|434.28|5651
2020.05.06 19:30:00|434.28|438.19|433.88|437.46|6060
2020.05.06 20:30:00|437.45|439.37|436.33|437.29|5238
2020.05.06 21:30:00|437.29|438.87|436.67|437.09|6295
2020.05.06 22:30:00|437.03|437.06|433.75|433.95|5609
2020.05.07 16:30:00|435.67|436.69|430.27|433.68|8879
2020.05.07 17:30:00|433.74|436.25|431.3|435.45|6184
2020.05.07 18:30:00|435.46|436.87|433.31|436.28|4909
2020.05.07 19:30:00|436.28|438.48|435.32|438.4|4656
2020.05.07 20:30:00|438.4|438.6|434.62|435.39|4321
2020.05.07 21:30:00|435.39|437.16|434.55|435.24|5685
2020.05.07 22:30:00|435.24|436.42|434.05|436.2|4746
2020.05.08 16:30:00|434.44|441.59|433.35|441.48|7025
2020.05.08 17:30:00|441.31|441.72|438.75|439.37|4194
2020.05.08 18:30:00|439.38|440.76|439.08|439.68|3464
2020.05.08 19:30:00|439.62|440.25|437.28|437.32|2855
2020.05.08 20:30:00|437.35|438.11|435.77|437.53|3662
2020.05.08 21:30:00|437.53|437.86|433.75|435.02|4217
2020.05.08 22:30:00|435.02|435.66|434.26|435.24|3938
2020.05.11 16:30:00|436.14|444.08|435.81|442.51|7910
2020.05.11 17:30:00|442.51|443.88|440.64|443.23|5134
2020.05.11 18:30:00|443.25|443.33|438.95|440.84|5378
2020.05.11 19:30:00|440.84|444.47|440.19|444.08|4109
2020.05.11 20:30:00|444.08|444.6|442.59|442.7|4175
2020.05.11 21:30:00|442.67|443.31|441.56|441.99|5292
2020.05.11 22:30:00|441.97|442.97|439.85|439.97|4833
2020.05.12 16:30:00|440.9|443.11|437.1|439.43|7593
2020.05.12 17:30:00|439.43|443.24|438.85|442.16|5006
2020.05.12 18:30:00|442.16|443.81|440.26|443.59|3751
2020.05.12 19:30:00|443.59|443.77|440.55|440.75|3382
2020.05.12 20:30:00|440.75|442.47|439.76|440.74|4027
2020.05.12 21:30:00|440.75|441.03|436.45|436.99|5728
2020.05.12 22:30:00|436.99|437.2|431.08|431.86|5855
2020.05.13 16:30:00|434.94|442.78|432.55|442.2|7429
2020.05.13 17:30:00|442.2|446.66|439.95|440.76|7056
2020.05.13 18:30:00|440.77|440.96|426.89|432.24|9925
2020.05.13 19:30:00|432.25|436.37|430.62|433.29|8031
2020.05.13 20:30:00|433.29|435.8|431.83|434.23|5698
2020.05.13 21:30:00|434.33|436.6|431.75|433.51|6239
2020.05.13 22:30:00|433.47|438.62|433.03|438|5199
2020.05.14 16:30:00|445.96|451.81|440.79|441.31|12192
2020.05.14 17:30:00|441.31|443.63|432.63|435.29|9347
2020.05.14 18:30:00|435.29|438.03|432.57|437.9|9108
2020.05.14 19:30:00|437.91|440.54|436.91|440.06|7143
2020.05.14 20:30:00|440.06|441.49|438.24|441.05|7680
2020.05.14 21:30:00|441.05|441.07|437.75|440.58|8292
2020.05.14 22:30:00|440.57|441.69|438.75|441.65|6208
2020.05.15 16:30:00|441.9|443.63|437.32|438.61|8603
2020.05.15 17:30:00|438.62|439.93|437.25|438.41|5796
2020.05.15 18:30:00|438.41|444.21|437.75|443.83|5049
2020.05.15 19:30:00|443.84|447.67|443.25|446.37|5915
2020.05.15 20:30:00|446.37|447.3|443.96|447.14|4969
2020.05.15 21:30:00|447.15|452.39|445.37|451.49|6921
2020.05.15 22:30:00|451.28|454.74|449.38|454.03|5844
2020.05.18 16:30:00|449.25|453.82|442.98|452.77|9754
2020.05.18 17:30:00|452.95|453.93|449.78|452.22|5598
2020.05.18 18:30:00|452.22|456.04|451.51|454.1|5040
2020.05.18 19:30:00|454.08|454.55|450.25|454.16|3638
2020.05.18 20:30:00|454.08|454.08|451.36|452.39|3798
2020.05.18 21:30:00|452.4|452.7|450.25|452.22|4087
2020.05.18 22:30:00|452.22|453.69|451.45|452.03|4459
2020.05.19 16:30:00|452.76|458.64|452.33|454.94|6664
2020.05.19 17:30:00|454.96|455.3|451.76|452.95|4483
2020.05.19 18:30:00|452.96|452.99|450.1|451.99|4656
2020.05.19 19:30:00|451.99|454.35|451.75|454.06|3571
2020.05.19 20:30:00|454.05|455.32|453.85|454.61|2981
2020.05.19 21:30:00|454.57|456.51|451.65|452.94|5429
2020.05.19 22:30:00|452.94|453.22|450.4|450.69|5139
2020.05.20 16:30:00|454.23|455.37|446.36|447.84|6119
2020.05.20 17:30:00|447.84|450.37|446.03|448.46|5484
2020.05.20 18:30:00|448.45|450.04|447.63|448.8|4472
2020.05.20 19:30:00|448.8|449.64|446.75|447.42|5430
2020.05.20 20:30:00|447.47|448.13|445.09|445.09|5025
2020.05.20 21:30:00|445.09|446.93|443.75|446.78|5274
2020.05.20 22:30:00|446.77|447.61|446.02|447.42|4534
2020.05.21 16:30:00|447|447.28|431.96|436.88|10134
2020.05.21 17:30:00|436.59|436.77|430.43|432.75|7167
2020.05.21 18:30:00|432.76|434.35|431.94|432.47|4825
2020.05.21 19:30:00|432.48|432.52|430|432.27|5237
2020.05.21 20:30:00|432.26|434.06|431.75|433.79|4249
2020.05.21 21:30:00|433.76|435.91|432.75|435.19|5496
2020.05.21 22:30:00|435.19|436.39|434.43|436|5031
2020.05.22 16:30:00|435.57|438.67|431.25|433.11|6934
2020.05.22 17:30:00|433.12|433.12|429.97|430.64|5235
2020.05.22 18:30:00|430.61|433.43|429.18|431.37|3846
2020.05.22 19:30:00|431.37|433.03|431.3|432.71|2711
2020.05.22 20:30:00|432.71|433.25|431.64|432.55|2690
2020.05.22 21:30:00|432.46|432.66|427.37|427.74|4436
2020.05.22 22:30:00|427.74|428.87|426.9|428.76|3466
2020.05.26 16:30:00|425.41|425.41|416.3|421.35|9082
2020.05.26 17:30:00|421.35|422.27|418.25|419.11|6539
2020.05.26 18:30:00|419.1|419.47|415.92|417|5349
2020.05.26 19:30:00|417.04|417.72|415.86|417.27|4100
2020.05.26 20:30:00|417.19|417.3|414.75|415.96|4165
2020.05.26 21:30:00|415.97|416.58|414.25|414.48|4729
2020.05.26 22:30:00|414.48|415.42|412.89|414.45|5976
2020.05.27 16:30:00|409.44|414.64|403.3|403.73|8436
2020.05.27 17:30:00|403.72|405.14|397.57|401.27|6926
2020.05.27 18:30:00|401.31|408.26|399.25|406.56|5543
2020.05.27 19:30:00|406.48|412.31|406.06|411.8|4402
2020.05.27 20:30:00|411.69|416.39|409.63|414.55|4974
2020.05.27 21:30:00|414.55|418|413.6|417.98|5260
2020.05.27 22:30:00|417.93|419.67|416.41|419.4|4695
2020.05.28 16:30:00|417.06|420.85|413.54|416.06|7490
2020.05.28 17:30:00|416.07|417.74|414.51|416.32|4830
2020.05.28 18:30:00|416.34|422.08|415.7|420.45|4723
2020.05.28 19:30:00|420.46|421.81|419.1|419.85|3880
2020.05.28 20:30:00|419.86|421.6|417.35|417.82|3821
2020.05.28 21:30:00|417.79|419.18|415.38|415.44|5374
2020.05.28 22:30:00|415.44|415.71|411.22|413.08|5972
2020.05.29 16:30:00|415.62|419.89|411.97|414.99|8268
2020.05.29 17:30:00|415|416.64|412.96|413.7|7823
2020.05.29 18:30:00|413.69|415.25|412.5|413.11|6222
2020.05.29 19:30:00|413.11|414.47|411.5|413.11|5129
2020.05.29 20:30:00|413.1|415|412.62|414.56|4879
2020.05.29 21:30:00|414.6|417.07|411.75|416.61|8168
2020.05.29 22:30:00|416.55|419.83|415.76|419.51|6022
2020.06.01 16:30:00|418.44|421.36|415.66|419.11|7143
2020.06.01 17:30:00|419.1|422.36|418.43|419.99|5390
2020.06.01 18:30:00|419.99|421.72|419.76|420.99|3065
2020.06.01 19:30:00|420.99|423.95|420.88|423.6|3368
2020.06.01 20:30:00|423.61|424.44|422.55|424.35|2860
2020.06.01 21:30:00|424.34|425.22|423.75|424.87|3810
2020.06.01 22:30:00|424.88|426.41|424.28|425.64|3424
2020.06.02 16:30:00|425.36|427.25|422.25|426.75|6650
2020.06.02 17:30:00|426.79|426.79|418.95|421.48|8258
2020.06.02 18:30:00|421.48|422.84|420.75|422.61|5237
2020.06.02 19:30:00|422.61|423.55|422.25|422.68|3955
2020.06.02 20:30:00|422.69|424.79|422.54|423.64|3477
2020.06.02 21:30:00|423.66|425.67|423.28|425.18|4733
2020.06.02 22:30:00|425.18|427.2|424.8|427.05|3804
2020.06.03 16:30:00|424.06|424.28|420.1|421.66|7734
2020.06.03 17:30:00|421.74|422.76|419.96|421.32|4386
2020.06.03 18:30:00|421.33|421.46|418.44|418.98|4704
2020.06.03 19:30:00|418.98|420.79|417.8|420.74|4094
2020.06.03 20:30:00|420.85|423.12|420.65|422.45|4754
2020.06.03 21:30:00|422.45|424.11|422.25|424.09|4688
2020.06.03 22:30:00|424.09|424.13|421.14|421.61|4165
2020.06.04 16:30:00|421.72|428.4|421.3|422.13|5866
2020.06.04 17:30:00|422.13|422.37|415.1|416.45|5231
2020.06.04 18:30:00|416.45|419.75|416.25|418.15|4253
2020.06.04 19:30:00|418.15|418.42|416.4|416.41|4610
2020.06.04 20:30:00|416.55|416.63|413.6|413.78|3379
2020.06.04 21:30:00|413.86|414.15|409.78|412.3|6728
2020.06.04 22:30:00|412.29|414.32|411.07|414.16|4528
2020.06.05 16:30:00|405.58|415.73|404|412.74|11507
2020.06.05 17:30:00|412.75|415.8|412.23|413.78|6929
2020.06.05 18:30:00|413.84|418.81|413.31|418.29|6162
2020.06.05 19:30:00|418.31|418.32|415.85|417.71|4233
2020.06.05 20:30:00|417.73|418.09|415.31|415.92|4388
2020.06.05 21:30:00|415.97|419.89|415|419.71|5257
2020.06.05 22:30:00|419.72|419.95|417.18|419.15|5725
2020.06.08 16:30:00|415.95|416.03|406.11|408.73|7037
2020.06.08 17:30:00|408.73|412.47|407.92|411.34|5074
2020.06.08 18:30:00|411.27|411.72|409.55|411.23|3561
2020.06.08 19:30:00|411.23|414.99|411.05|414.83|4031
2020.06.08 20:30:00|414.83|418.84|414.78|417.45|3739
2020.06.08 21:30:00|417.45|418.65|415.22|418.29|3789
2020.06.08 22:30:00|418.3|420.52|418.26|419.27|3068
2020.06.09 16:30:00|420.33|430.75|420.07|424.89|8734
2020.06.09 17:30:00|424.9|431.68|424.81|430.03|6045
2020.06.09 18:30:00|430.06|430.58|427.26|429.81|4299
2020.06.09 19:30:00|429.8|431.7|428.99|431.29|4287
2020.06.09 20:30:00|431.18|431.88|428.75|429.98|3881
2020.06.09 21:30:00|429.98|434.03|429.88|433.65|4506
2020.06.09 22:30:00|433.66|434.33|432.5|433.62|4569
2020.06.10 16:30:00|437.49|439.27|431.75|432.61|8525
2020.06.10 17:30:00|432.61|436.51|432.48|433.56|8032
2020.06.10 18:30:00|433.51|434.34|430.26|434.27|6896
2020.06.10 19:30:00|434.26|435.34|433.12|433.26|5442
2020.06.10 20:30:00|433.26|437.92|430.95|437.85|6387
2020.06.10 21:30:00|437.87|438.12|433.6|436.54|8985
2020.06.10 22:30:00|436.55|437.07|434.07|434.15|5227
2020.06.11 16:30:00|430.69|445.15|429.76|442.58|9408
2020.06.11 17:30:00|442.57|445.28|438.85|440.01|7832
2020.06.11 18:30:00|440.11|440.86|434.95|436.03|8717
2020.06.11 19:30:00|435.79|437.95|433.75|436.15|8493
2020.06.11 20:30:00|436.15|437.93|430.39|432.23|6893
2020.06.11 21:30:00|432.23|432.64|423.83|424.67|10314
2020.06.11 22:30:00|424.67|428.45|423.75|425.25|7221
2020.06.12 16:30:00|427.43|433.7|426.07|426.1|7760
2020.06.12 17:30:00|426.1|428.78|418.75|420.75|8971
2020.06.12 18:30:00|420.75|422.96|417.75|418.74|8046
2020.06.12 19:30:00|418.55|419.62|415.83|416.91|8589
2020.06.12 20:30:00|416.91|417.35|412.12|414.47|10237
2020.06.12 21:30:00|414.47|416.71|412.34|413.49|10381
2020.06.12 22:30:00|413.49|419.18|412.93|417.47|7085
2020.06.15 16:30:00|419.96|424.05|415.05|420.85|9060
2020.06.15 17:30:00|420.76|423.78|418.13|418.92|8083
2020.06.15 18:30:00|418.92|422.64|418.55|421.66|7851
2020.06.15 19:30:00|421.67|421.86|420.04|420.85|5760
2020.06.15 20:30:00|420.85|425.49|420.59|424.75|9615
2020.06.15 21:30:00|424.75|425.38|421.25|423.14|10621
2020.06.15 22:30:00|423.14|426.18|422.41|425.01|7078
2020.06.16 16:30:00|425.9|437.56|425.65|432.21|9370
2020.06.16 17:30:00|432.24|434.38|428|433.07|7826
2020.06.16 18:30:00|433.12|434.5|430.11|432.2|6818
2020.06.16 19:30:00|432.19|435.56|432.05|434.71|7400
2020.06.16 20:30:00|434.69|435.95|433.25|434.38|8246
2020.06.16 21:30:00|434.38|435.22|431.97|433.78|9063
2020.06.16 22:30:00|433.79|436.26|433.15|436.22|7083
2020.06.17 16:30:00|440.05|446.63|439.75|442.11|8500
2020.06.17 17:30:00|442.14|447.17|441.03|446.6|6929
2020.06.17 18:30:00|446.61|448.72|446.15|447.63|6156
2020.06.17 19:30:00|447.61|449.67|447.56|449.2|4527
2020.06.17 20:30:00|449.2|449.69|447.37|448.69|5237
2020.06.17 21:30:00|448.71|450.19|445.65|446.43|9304
2020.06.17 22:30:00|446.42|448.1|445.28|447.52|7194
2020.06.18 16:30:00|448|452.35|442.58|444.25|7862
2020.06.18 17:30:00|444.25|445.89|442.85|444.88|7683
2020.06.18 18:30:00|444.88|445.72|443.27|444.83|7121
2020.06.18 19:30:00|445|447.04|444.48|446.38|5778
2020.06.18 20:30:00|446.4|448.48|444.75|445.49|4840
2020.06.18 21:30:00|445.49|446.73|444.8|446.5|5441
2020.06.18 22:30:00|446.49|449.74|446.07|449.33|4369
2020.06.19 16:30:00|449.4|452.31|446.41|448.66|6533
2020.06.19 17:30:00|448.53|449.67|447.64|448.73|4757
2020.06.19 18:30:00|448.73|449.11|445.19|447.95|6986
2020.06.19 19:30:00|447.92|451.45|447.75|449.09|6729
2020.06.19 20:30:00|449.09|449.98|446.89|447.55|8352
2020.06.19 21:30:00|447.57|451.97|447.17|451.4|6813
2020.06.19 22:30:00|451.42|453.7|450.39|453.07|6010
2020.06.22 16:30:00|454.89|465.34|453.96|460.47|10391
2020.06.22 17:30:00|460.47|461.39|455.75|459.61|7789
2020.06.22 18:30:00|459.61|463.24|458.97|462.4|5524
2020.06.22 19:30:00|462.4|464.36|461.48|463.93|4874
2020.06.22 20:30:00|463.81|465.02|463.34|463.75|5299
2020.06.22 21:30:00|463.75|466.9|463.62|465.65|6527
2020.06.22 22:30:00|465.65|468.26|465.46|467.8|5487
2020.06.23 16:30:00|465.76|469.65|465.22|468.44|6235
2020.06.23 17:30:00|468.3|472.45|467.3|472.15|5977
2020.06.23 18:30:00|472.26|473.09|469.75|470.56|4841
2020.06.23 19:30:00|470.57|472.92|469.95|471.71|3792
2020.06.23 20:30:00|471.8|473.68|469.46|470.71|4091
2020.06.23 21:30:00|470.63|472.09|467.12|467.13|6248
2020.06.23 22:30:00|467.12|467.66|464.25|466.04|6141
2020.06.24 16:30:00|468.44|471.75|460.87|465.01|8369
2020.06.24 17:30:00|465.03|465.15|455.8|457.96|9622
2020.06.24 18:30:00|457.89|458.26|453.75|456.66|8720
2020.06.24 19:30:00|456.68|458.98|455.49|456.61|6926
2020.06.24 20:30:00|456.71|459.14|455.75|458.84|8316
2020.06.24 21:30:00|458.75|460.58|457.38|459.22|9824
2020.06.24 22:30:00|459.22|460.09|456.93|457.13|6815
2020.06.25 16:30:00|459.44|464.94|453.47|463.54|8675
2020.06.25 17:30:00|463.54|465.66|460.49|464.31|6681
2020.06.25 18:30:00|464.31|466.41|462.49|463.96|5349
2020.06.25 19:30:00|463.97|464.5|461.33|461.44|4048
2020.06.25 20:30:00|461.36|463.78|461.1|462.41|4178
2020.06.25 21:30:00|462.42|465.84|461.1|465.12|5718
2020.06.25 22:30:00|465.12|466.75|464.73|465.86|4851
2020.06.26 16:30:00|465.28|467.7|455.58|457.26|6712
2020.06.26 17:30:00|457.29|457.43|451.15|455.33|6729
2020.06.26 18:30:00|455.34|456.65|450.98|453.05|5889
2020.06.26 19:30:00|452.96|454.27|451.26|452.38|5512
2020.06.26 20:30:00|452.29|453.51|449.22|449.66|6143
2020.06.26 21:30:00|449.66|449.73|443.75|444.8|9087
2020.06.26 22:30:00|444.68|444.82|441.95|442.78|7592
2020.06.29 16:30:00|444.78|445.24|431.89|441.76|8110
2020.06.29 17:30:00|441.75|443.28|437.35|441.84|6024
2020.06.29 18:30:00|441.85|444.03|441.04|442.96|5515
2020.06.29 19:30:00|443.04|444.74|442.4|443.8|3601
2020.06.29 20:30:00|443.88|447.34|443.55|445.73|3422
2020.06.29 21:30:00|445.69|446.34|442.58|443.66|3712
2020.06.29 22:30:00|443.66|447.09|443.66|447.07|3677
2020.06.30 16:30:00|447.49|453.34|446.75|448.37|6867
2020.06.30 17:30:00|448.11|452.85|448.1|451.3|4299
2020.06.30 18:30:00|451.25|453.05|450.13|452.79|3509
2020.06.30 19:30:00|452.79|454.88|452.15|453.91|4178
2020.06.30 20:30:00|453.88|455.95|453.39|455.9|3695
2020.06.30 21:30:00|455.91|457.22|454.62|456.3|4215
2020.06.30 22:30:00|456.31|456.98|454.41|454.63|4921
2020.07.01 16:30:00|457.02|463.85|453.75|463.64|7155
2020.07.01 17:30:00|463.67|472.09|463.29|470.56|6611
2020.07.01 18:30:00|470.57|478.13|468.4|477.26|7493
2020.07.01 19:30:00|477.28|479.12|475.56|478.99|6044
2020.07.01 20:30:00|478.99|481.15|477.86|479.71|5031
2020.07.01 21:30:00|479.75|486.85|478.89|485.52|7267
2020.07.01 22:30:00|485.34|487.86|484.64|485.37|5586
2020.07.02 16:30:00|484.5|491.79|477.46|479.99|11325
2020.07.02 17:30:00|479.88|484.65|475.6|475.96|7531
2020.07.02 18:30:00|475.96|481.28|475.75|479.19|5104
2020.07.02 19:30:00|479.19|480.53|477.5|480.17|4129
2020.07.02 20:30:00|480.18|480.55|477.79|479.77|3857
2020.07.02 21:30:00|479.83|481.07|478.21|478.75|4061
2020.07.02 22:30:00|478.76|480.21|475.25|475.94|4441
2020.07.06 16:30:00|481.05|491.74|479.55|491.41|7857
2020.07.06 17:30:00|491.41|499.07|490.49|498.61|6243
2020.07.06 18:30:00|498.72|499.11|493.8|495.34|4787
2020.07.06 19:30:00|495.34|496.02|489.22|492.31|3920
2020.07.06 20:30:00|492.32|493.2|487.86|489.88|4255
2020.07.06 21:30:00|489.92|494.43|489.84|492.83|5476
2020.07.06 22:30:00|492.84|495.2|491.97|493.57|4929
2020.07.07 16:30:00|496.14|504.28|490.75|495.75|12032
2020.07.07 17:30:00|495.8|499.64|494.14|497.58|6696
2020.07.07 18:30:00|497.59|498.53|493.4|494.3|5125
2020.07.07 19:30:00|494.14|495.58|491.97|492.92|4967
2020.07.07 20:30:00|492.92|496.49|491.25|491.3|4914
2020.07.07 21:30:00|491.3|494.2|490.58|493.32|6470
2020.07.07 22:30:00|493.34|495.37|492.15|492.76|4708
2020.07.08 16:30:00|495.52|503.04|494.8|498.54|7320
2020.07.08 17:30:00|498.53|499.98|493.55|495.26|6478
2020.07.08 18:30:00|495.26|500.01|493.95|499.05|4919
2020.07.08 19:30:00|499.05|502.75|498.83|502.61|3963
2020.07.08 20:30:00|502.55|504.74|499.74|501.16|4801
2020.07.08 21:30:00|501.16|504.43|499.74|502.43|4640
2020.07.08 22:30:00|502.43|503.05|501.58|502.48|3758
2020.07.09 16:30:00|506.81|509.2|500.75|504.87|6567
2020.07.09 17:30:00|504.87|505.51|495.36|498.33|8026
2020.07.09 18:30:00|498.58|503.4|496.34|501.59|5473
2020.07.09 19:30:00|501.52|504.4|500.87|502.8|4528
2020.07.09 20:30:00|502.89|506.72|501.21|506.53|3543
2020.07.09 21:30:00|506.6|509.6|505.81|506.25|5576
2020.07.09 22:30:00|506.06|508.93|505.56|507.72|5714
2020.07.10 16:30:00|518.96|525.02|511.01|523.25|14806
2020.07.10 17:30:00|523.2|526.65|521.33|525.95|10720
2020.07.10 18:30:00|525.95|538.5599999999999|525.78|538.4400000000001|12379
2020.07.10 19:30:00|538.33|549.1900000000001|536|547.87|13031
2020.07.10 20:30:00|547.87|555.47|545.58|548.86|14904
2020.07.10 21:30:00|548.87|549.79|541|545.53|12525
2020.07.10 22:30:00|545.53|549.3200000000001|544.05|548.27|7161
2020.07.13 16:30:00|561.9|574.9|556.0700000000001|565.4400000000001|17523
2020.07.13 17:30:00|565.4400000000001|569.71|559.83|568.33|11691
2020.07.13 18:30:00|568.52|571.29|564.95|565.9|10154
2020.07.13 19:30:00|565.91|566.11|558.75|564.59|9855
2020.07.13 20:30:00|564.63|565.53|548.5|548.85|11931
2020.07.13 21:30:00|548.85|552.9299999999999|537.75|538.83|14739
2020.07.13 22:30:00|538.83|539.34|520.75|524.75|8640
2020.07.14 16:30:00|507.86|524.41|490.24|502.85|19150
2020.07.14 17:30:00|502.85|513.8|501.41|511.21|15009
2020.07.14 18:30:00|511.04|519.8099999999999|509.31|516.12|12449
2020.07.14 19:30:00|516.12|517.75|506.79|513.8099999999999|10151
2020.07.14 20:30:00|513.8200000000001|521.16|513.66|518.66|10285
2020.07.14 21:30:00|518.6799999999999|519.38|511.75|517.28|10790
2020.07.14 22:30:00|517.28|525.1799999999999|516.78|524.74|7643
2020.07.15 16:30:00|517.23|525.61|512.79|517.85|13698
2020.07.15 17:30:00|517.85|523.9400000000001|512.9299999999999|516.95|12231
2020.07.15 18:30:00|516.95|517.38|509.92|513.35|10958
2020.07.15 19:30:00|513.35|520.59|512.47|520.47|10388
2020.07.15 20:30:00|520.48|528.59|518.99|525.75|9797
2020.07.15 21:30:00|525.75|527.14|519.48|522.99|11969
2020.07.15 22:30:00|523.01|523.49|520.75|522.79|6800
2020.07.16 16:30:00|528.36|528.79|513.15|516.01|8282
2020.07.16 17:30:00|516.01|516.48|504.11|512.64|8624
2020.07.16 18:30:00|512.67|521.3099999999999|511.94|517.9|12647
2020.07.16 19:30:00|517.9|532.29|517.14|531.47|13411
2020.07.16 20:30:00|531.47|535.16|526.3|532.2|16537
2020.07.16 21:30:00|532.21|533.5599999999999|524.25|530.23|14257
2020.07.16 22:30:00|530.24|531.09|523.36|527.22|9588
2020.07.17 16:30:00|500.28|501.99|483.82|485.96|18961
2020.07.17 17:30:00|486.11|494.79|484.25|494.06|10625
2020.07.17 18:30:00|494.06|495.02|488.43|490.57|9152
2020.07.17 19:30:00|490.66|492.4|488.55|489.98|6576
2020.07.17 20:30:00|490.03|491.09|487.71|490.23|6558
2020.07.17 21:30:00|490.23|493.1|489.03|489.75|7005
2020.07.17 22:30:00|489.76|492.84|488.63|492.65|5625
2020.07.20 16:30:00|491.31|501.2|483.95|499.53|18555
2020.07.20 17:30:00|499.69|500.29|493.83|495.42|14257
2020.07.20 18:30:00|495.42|496.15|492.04|492.65|11562
2020.07.20 19:30:00|492.63|497.68|490.83|497.58|9951
2020.07.20 20:30:00|497.58|498.29|495.13|498.16|8881
2020.07.20 21:30:00|498.15|500.74|497.67|500.42|8589
2020.07.20 22:30:00|500.43|504.18|500.42|502.1|7548
2020.07.21 16:30:00|503.55|505.15|494.86|498.79|16690
2020.07.21 17:30:00|498.8|499.55|493.55|494.44|13745
2020.07.21 18:30:00|494.44|495.46|488.86|492.47|13361
2020.07.21 19:30:00|492.48|494.05|490.75|493.4|9758
2020.07.21 20:30:00|493.25|495.79|492.12|494.99|9041
2020.07.21 21:30:00|494.98|495.15|489.24|489.72|12115
2020.07.21 22:30:00|489.77|491.59|488.28|489.75|8840
2020.07.22 16:30:00|491.43|496.88|490.35|492.15|11504
2020.07.22 17:30:00|492.15|494.51|487.5|490.79|11779
2020.07.22 18:30:00|490.83|493.59|489.26|491.77|9221
2020.07.22 19:30:00|491.77|492.17|488.5|489.13|6586
2020.07.22 20:30:00|489.16|489.46|486.95|488.12|7820
2020.07.22 21:30:00|488.12|490.56|487.67|488.43|7271
2020.07.22 22:30:00|488.43|490.47|488.35|489.39|6030
2020.07.23 16:30:00|489.13|490.47|484.26|486.73|11313
2020.07.23 17:30:00|486.92|487|484.3|485.66|8824
2020.07.23 18:30:00|485.66|487.64|481.16|482.27|9975
2020.07.23 19:30:00|482.26|484.33|479.31|482.18|10856
2020.07.23 20:30:00|482.18|482.73|471.76|476.2|14485
2020.07.23 21:30:00|476.2|478.28|473.98|475.97|12918
2020.07.23 22:30:00|475.97|477.41|474.49|477.41|8293
2020.07.24 16:30:00|470.43|482|470.26|480.91|14092
2020.07.24 17:30:00|480.91|486.76|477.45|485.85|13354
2020.07.24 18:30:00|485.72|485.9|478.56|480.98|11268
2020.07.24 19:30:00|480.98|481.62|476.25|479.12|9327
2020.07.24 20:30:00|479.12|482.65|477.54|482.62|8328
2020.07.24 21:30:00|482.62|482.64|478.82|479.32|10967
2020.07.24 22:30:00|479.32|480.55|478.76|480.29|6838
2020.07.27 16:30:00|484.76|487.51|482.22|484.85|12212
2020.07.27 17:30:00|484.86|488.64|483.84|484.72|12434
2020.07.27 18:30:00|484.72|488.24|482.9|487.41|10980
2020.07.27 19:30:00|487.41|494.44|486.58|492.6|10706
2020.07.27 20:30:00|492.61|494.57|490.54|494.44|10147
2020.07.27 21:30:00|494.45|496.56|492.95|495.86|11804
2020.07.27 22:30:00|495.88|496.33|494.75|495.69|6318
2020.07.28 16:30:00|495.06|496.24|488.07|490.63|12412
2020.07.28 17:30:00|490.63|492.07|488.76|491.28|9784
2020.07.28 18:30:00|491.28|495.09|490.89|492.64|8579
2020.07.28 19:30:00|492.64|494.69|491.06|493.33|6607
2020.07.28 20:30:00|493.46|495.25|491.95|492.16|6139
2020.07.28 21:30:00|492.15|492.35|488.28|489.15|7532
2020.07.28 22:30:00|489.09|489.82|487.45|487.86|6662
2020.07.29 16:30:00|490.55|494.53|488.35|489.11|9745
2020.07.29 17:30:00|489.25|492.59|488.62|490.07|9073
2020.07.29 18:30:00|490.07|490.37|485.75|486.87|9243
2020.07.29 19:30:00|486.92|487.87|484.75|485.16|6664
2020.07.29 20:30:00|485.16|487.57|484.72|486.29|4869
2020.07.29 21:30:00|486.29|488.9|483.75|485.24|8536
2020.07.29 22:30:00|485.24|486.71|483.9|484.21|5310
2020.07.30 16:30:00|482.35|485.39|477.26|480.04|13633
2020.07.30 17:30:00|480.04|483.36|479.15|482.67|11601
2020.07.30 18:30:00|482.69|487.56|482.26|486.19|11299
2020.07.30 19:30:00|486.22|487.4|485.5|487.13|10174
2020.07.30 20:30:00|487.13|488.04|484.64|484.66|9310
2020.07.30 21:30:00|484.81|486.9|483.68|486.67|8762
2020.07.30 22:30:00|486.65|486.73|485.05|485.44|6514
2020.07.31 16:30:00|486.56|492.7|485.25|487.25|13862
2020.07.31 17:30:00|487.25|494.51|487.25|491.98|10543
2020.07.31 18:30:00|492.03|492.84|486.83|487.32|10237
2020.07.31 19:30:00|487.32|487.98|484.78|487.67|11133
2020.07.31 20:30:00|487.69|487.73|484.09|485.6|9148
2020.07.31 21:30:00|485.6|488.07|484.66|486.92|9399
2020.07.31 22:30:00|486.9|488.58|484.8|488.49|6003
2020.08.03 16:30:00|491.17|499.4|490.25|495.35|11888
2020.08.03 17:30:00|495.35|496.77|494.02|496.34|9202
2020.08.03 18:30:00|496.32|501.48|495.89|501.16|7286
2020.08.03 19:30:00|501.16|502.82|499.49|502.09|7266
2020.08.03 20:30:00|502.09|502.4|498.27|499.12|6728
2020.08.03 21:30:00|499.12|500.27|497|498.16|7133
2020.08.03 22:30:00|498.17|499.58|496.63|498.37|5710
2020.08.04 16:30:00|500.26|508.64|498.81|507.13|15158
2020.08.04 17:30:00|507.13|508.14|503.58|504.48|9346
2020.08.04 18:30:00|504.52|507.1|502.95|505.05|8007
2020.08.04 19:30:00|504.95|508.17|503.52|506.95|7229
2020.08.04 20:30:00|506.96|510.04|506.27|506.27|7854
2020.08.04 21:30:00|506.28|508.66|504.31|507.49|9312
2020.08.04 22:30:00|507.5|509.63|507.06|509.43|5868
2020.08.05 16:30:00|506.25|509.54|504.4|505.52|10717
2020.08.05 17:30:00|505.52|505.92|502.83|503.88|8668
2020.08.05 18:30:00|503.89|505.46|502.43|503.3|6997
2020.08.05 19:30:00|503.3|505.4|502.86|504.36|5593
2020.08.05 20:30:00|504.38|506.5|504.31|505.39|5397
2020.08.05 21:30:00|505.4|505.94|502.25|502.36|6965
2020.08.05 22:30:00|502.43|502.98|500.95|502.02|6275
2020.08.06 16:30:00|502.8|504.12|498.55|502.81|8598
2020.08.06 17:30:00|502.79|503.26|498.39|501.98|7928
2020.08.06 18:30:00|501.98|504.62|501.92|503.3|8755
2020.08.06 19:30:00|503.42|506.59|503.21|505.84|7225
2020.08.06 20:30:00|505.86|507.65|504.6|507.51|6683
2020.08.06 21:30:00|507.5|510.51|506.95|508.75|8772
2020.08.06 22:30:00|508.76|509.74|507.75|508.74|5365
2020.08.07 16:30:00|504.65|507.96|499.35|500.76|10748
2020.08.07 17:30:00|500.83|503.04|499.56|500.01|8215
2020.08.07 18:30:00|500.02|501.37|497.38|498.3|7669
2020.08.07 19:30:00|498.32|498.39|487.63|489.63|10867
2020.08.07 20:30:00|489.63|492.16|486.75|486.99|8684
2020.08.07 21:30:00|486.99|492.2|486.35|490.76|8484
2020.08.07 22:30:00|490.76|494.79|490.5|494.55|5489
2020.08.10 16:30:00|493.5|496.9|486.25|487.01|11500
2020.08.10 17:30:00|486.97|487|478.22|483.26|12626
2020.08.10 18:30:00|483.26|485.37|480.8|482.17|7612
2020.08.10 19:30:00|482.17|488.71|481.98|487.43|7178
2020.08.10 20:30:00|487.44|487.83|483.31|484.16|7641
2020.08.10 21:30:00|484.16|486.25|482.79|483.31|7442
2020.08.10 22:30:00|483.31|485.59|482.29|482.74|6631
2020.08.11 16:30:00|477.3|477.81|471.4|473.93|13894
2020.08.11 17:30:00|473.79|480.62|472.45|478.59|9948
2020.08.11 18:30:00|478.67|479.17|474.84|476.25|7569
2020.08.11 19:30:00|476.25|476.79|472.54|473.16|5720
2020.08.11 20:30:00|473.18|473.79|469.34|469.34|6576
2020.08.11 21:30:00|469.34|472.93|468.68|471.29|9735
2020.08.11 22:30:00|471.25|471.26|466.14|466.8|8460
2020.08.12 16:30:00|471.5|481.17|471.23|476.45|12852
2020.08.12 17:30:00|476.45|478.87|474.76|478.05|8586
2020.08.12 18:30:00|478.05|479.71|477.25|479.26|7013
2020.08.12 19:30:00|479.31|482.12|478.27|478.72|6215
2020.08.12 20:30:00|478.72|480.69|478.41|479.41|5256
2020.08.12 21:30:00|479.47|479.74|475.47|476.04|6564
2020.08.12 22:30:00|476.05|476.28|473.15|475.01|5374
2020.08.13 16:30:00|476.92|481.59|476.03|480.6|11913
2020.08.13 17:30:00|480.6|482.64|479.75|479.87|7289
2020.08.13 18:30:00|479.87|483.6|479.25|483.44|6208
2020.08.13 19:30:00|483.49|484.16|480.75|480.81|6175
2020.08.13 20:30:00|480.82|482.19|478.09|479.88|7005
2020.08.13 21:30:00|479.96|482.52|478.81|482.36|8525
2020.08.13 22:30:00|482.43|482.48|480.26|481.07|5088
2020.08.14 16:30:00|482.77|488.07|480.3|480.49|10395
2020.08.14 17:30:00|480.49|484.09|479.88|482.06|7342
2020.08.14 18:30:00|482.14|482.83|480.25|481.76|5449
2020.08.14 19:30:00|481.84|483.84|481.11|482.24|4147
2020.08.14 20:30:00|482.24|482.57|480.64|481.25|4075
2020.08.14 21:30:00|481.28|482.13|480.25|480.53|3560
2020.08.14 22:30:00|480.53|483.04|480.26|482.43|3839
2020.08.17 16:30:00|482.65|485.87|480.97|482.73|7406
2020.08.17 17:30:00|482.74|482.99|479.25|479.63|7710
2020.08.17 18:30:00|479.64|482.02|478.76|481.44|6266
2020.08.17 19:30:00|481.44|482.82|481.24|482.03|3864
2020.08.17 20:30:00|482.03|484.25|481.81|483.8|3311
2020.08.17 21:30:00|483.8|484.17|482.76|483.92|3254
2020.08.17 22:30:00|483.93|484.1|481.95|482.09|3694
2020.08.18 16:30:00|484.1|490.42|482.4|485.31|9931
2020.08.18 17:30:00|485.45|489.68|485|488.96|6558
2020.08.18 18:30:00|488.96|493.7|488.48|492.96|5766
2020.08.18 19:30:00|492.87|493.71|490.95|493.45|4934
2020.08.18 20:30:00|493.46|493.75|491.63|493.34|3789
2020.08.18 21:30:00|493.26|495.01|492.3|493.31|4444
2020.08.18 22:30:00|493.31|493.87|490.88|491.6|4313
2020.08.19 16:30:00|492.14|494.03|483.55|488.83|11753
2020.08.19 17:30:00|488.83|489.46|486.31|488.25|6575
2020.08.19 18:30:00|488.25|490.77|488.25|488.91|5796
2020.08.19 19:30:00|488.98|489.55|487.25|489.36|4425
2020.08.19 20:30:00|489.15|490.35|484.26|485.19|6167
2020.08.19 21:30:00|485.19|486.5|484.15|484.49|7389
2020.08.19 22:30:00|484.52|485.33|483.25|484.29|6107
2020.08.20 16:30:00|484.49|493.88|483.38|493.05|7913
2020.08.20 17:30:00|493.04|496.76|492.55|496.27|6352
2020.08.20 18:30:00|496.28|497.51|495.3|496.02|5011
2020.08.20 19:30:00|496.02|496.4|493.97|495.99|3351
2020.08.20 20:30:00|495.99|496.32|493.41|495.86|4198
2020.08.20 21:30:00|495.85|497.55|494.75|496.82|3847
2020.08.20 22:30:00|496.82|498.63|496.15|497.64|3750
2020.08.21 16:30:00|496.76|497.5|490.65|494.91|11252
2020.08.21 17:30:00|494.99|496.42|491.78|493.52|6630
2020.08.21 18:30:00|493.64|494.2|491.89|494.06|4140
2020.08.21 19:30:00|494.11|494.11|491.7|492.35|3394
2020.08.21 20:30:00|492.35|493.38|490.85|491.49|4183
2020.08.21 21:30:00|491.35|492.74|491.27|492.57|3818
2020.08.21 22:30:00|492.47|492.58|490.17|491.91|3366
2020.08.24 16:30:00|494.35|500.61|490.76|491.9|12988
2020.08.24 17:30:00|491.87|491.91|482.78|483.21|10460
2020.08.24 18:30:00|483.22|488.29|483.08|487.06|6553
2020.08.24 19:30:00|486.92|489.79|486.45|487.07|4857
2020.08.24 20:30:00|487.07|487.3|485.7|485.86|4022
2020.08.24 21:30:00|485.86|487.32|484.26|487.3|5282
2020.08.24 22:30:00|487.35|488.67|486.31|488.67|4419
2020.08.25 16:30:00|485.76|492.15|484.77|486.5|7856
2020.08.25 17:30:00|486.5|491.21|486.31|488.69|5877
2020.08.25 18:30:00|488.75|489.03|485.93|486.78|4716
2020.08.25 19:30:00|486.78|487.21|484.82|486.21|3294
2020.08.25 20:30:00|486.21|488.59|486|488.52|2727
2020.08.25 21:30:00|488.53|489.95|487.36|489.1|3582
2020.08.25 22:30:00|489.1|490.21|488.48|490.16|3174
2020.08.26 16:30:00|494.17|514.42|493.93|513.89|15536
2020.08.26 17:30:00|513.88|527.67|512.88|527.52|9116
2020.08.26 18:30:00|527.49|537.52|526.8099999999999|536.77|10720
2020.08.26 19:30:00|536.77|548.11|534.1799999999999|546.33|13526
2020.08.26 20:30:00|546.3|548.7|540.04|544.4|12587
2020.08.26 21:30:00|544.47|545.45|536.8200000000001|545.21|12471
2020.08.26 22:30:00|545.29|548.12|543.35|547.23|6783
2020.08.27 16:30:00|535.75|540.4|526.25|533.4|18789
2020.08.27 17:30:00|533.24|537.12|530.9|533.35|10296
2020.08.27 18:30:00|533.41|534.63|526.95|528.01|9068
2020.08.27 19:30:00|527.9400000000001|528.52|520.91|524.86|13309
2020.08.27 20:30:00|524.86|527.4400000000001|522.87|526.99|9983
2020.08.27 21:30:00|527.1900000000001|527.75|523.3|526.05|9220
2020.08.27 22:30:00|526.0599999999999|528.4299999999999|525.05|526.02|6895
2020.08.28 16:30:00|530.75|538.45|528.55|531.12|10307
2020.08.28 17:30:00|531.13|531.13|524.22|527.71|7444
2020.08.28 18:30:00|527.75|528.0700000000001|525.25|525.28|4392
2020.08.28 19:30:00|525.29|525.92|521.86|522.0599999999999|4686
2020.08.28 20:30:00|522.0599999999999|524.52|522.0599999999999|523.0599999999999|5461
2020.08.28 21:30:00|523.0599999999999|524.34|521.97|522.1799999999999|6023
2020.08.28 22:30:00|522.1799999999999|523.65|521.7|523.58|4644
2020.08.31 16:30:00|520.63|526.53|517.3099999999999|519|9658
2020.08.31 17:30:00|519|525.74|517.75|520.42|8643
2020.08.31 18:30:00|520.42|522.17|519.55|521.25|6184
2020.08.31 19:30:00|521.33|528|520.24|527.9|4866
2020.08.31 20:30:00|527.9|531.53|525.98|529.67|6390
2020.08.31 21:30:00|529.67|531.61|528.37|529.8200000000001|5951
2020.08.31 22:30:00|529.83|531.1900000000001|529.01|529.01|5208
2020.09.01 16:30:00|532.98|551.62|532.15|549.09|15306
2020.09.01 17:30:00|549.1|552.6799999999999|544.37|547.64|10837
2020.09.01 18:30:00|547.64|552.75|545.75|552.23|7236
2020.09.01 19:30:00|552.22|556.65|548.25|555.3099999999999|8168
2020.09.01 20:30:00|555.33|557.04|551.42|552.66|7979
2020.09.01 21:30:00|552.63|555.55|550.5|554.83|5773
2020.09.01 22:30:00|554.84|556.5700000000001|553.4299999999999|556.3|4503
2020.09.02 16:30:00|554.08|555.96|537.08|545.55|12944
2020.09.02 17:30:00|545.55|549.6|543.02|545.98|11363
2020.09.02 18:30:00|545.98|549.6900000000001|542.3|548.48|9864
2020.09.02 19:30:00|548.5|553.15|548.48|552.48|6189
2020.09.02 20:30:00|552.53|553.08|548.75|551.4400000000001|6216
2020.09.02 21:30:00|551.45|553.72|550.9|551.28|5801
2020.09.02 22:30:00|551.27|552.76|549.75|552.49|5519
2020.09.03 16:30:00|541.49|553.33|538.78|540.28|11213
2020.09.03 17:30:00|539.72|541.11|526.25|530.91|11013
2020.09.03 18:30:00|530.91|531.86|525.02|525.36|13317
2020.09.03 19:30:00|525.38|527.48|520.95|527.46|13010
2020.09.03 20:30:00|527.47|527.47|523.95|525.39|11423
2020.09.03 21:30:00|525.39|527.7|521.77|522.64|12200
2020.09.03 22:30:00|522.64|527.75|522.42|525.5|8295
2020.09.04 16:30:00|519.27|526.87|495.96|496.51|17040
2020.09.04 17:30:00|496.51|499.67|485.48|494.1|16072
2020.09.04 18:30:00|494.1|506.46|492.75|505.79|13666
2020.09.04 19:30:00|505.79|508.3|497.38|500.12|12572
2020.09.04 20:30:00|500.07|507.15|499.3|507.01|11323
2020.09.04 21:30:00|507.01|517.5|506.02|516.51|14554
2020.09.04 22:30:00|516.45|517.34|513.4299999999999|515.78|8873
2020.09.08 16:30:00|495.12|521.1|494.87|519.62|14256
2020.09.08 17:30:00|519.62|521.52|512.96|514.3099999999999|9905
2020.09.08 18:30:00|514.3099999999999|515.66|508.35|512.59|8299
2020.09.08 19:30:00|512.59|516.76|510.82|511.81|8210
2020.09.08 20:30:00|511.81|515.2|509.6|509.92|9733
2020.09.08 21:30:00|509.92|509.92|504.04|509.6|12424
2020.09.08 22:30:00|509.61|510.89|504.75|506.36|6691
2020.09.09 16:30:00|515.9|516.92|502.5|508.22|11132
2020.09.09 17:30:00|508.21|511.86|504.75|507.29|8276
2020.09.09 18:30:00|507.48|509.87|505.12|508.96|5575
2020.09.09 19:30:00|509.05|509.74|505.88|506.15|5678
2020.09.09 20:30:00|506.16|506.38|495.86|497.88|10630
2020.09.09 21:30:00|497.88|498.48|492.3|497.06|11105
2020.09.09 22:30:00|497.05|502.67|496.78|499.64|7599
2020.09.10 16:30:00|500.87|505.78|498.55|498.78|9487
2020.09.10 17:30:00|498.76|503.19|493.19|499.01|8918
2020.09.10 18:30:00|499.01|500.5|492.76|493.76|7213
2020.09.10 19:30:00|493.76|495.28|490.5|495.07|8023
2020.09.10 20:30:00|495.07|495.86|484.75|484.97|9160
2020.09.10 21:30:00|484.98|488.49|478.49|479.8|11138
2020.09.10 22:30:00|479.79|483.31|478.75|479.8|8104
2020.09.11 16:30:00|484.97|493.26|482.75|487.99|12626
2020.09.11 17:30:00|487.99|490.76|484.6|485.34|9836
2020.09.11 18:30:00|485.34|485.34|479.75|482.2|9114
2020.09.11 19:30:00|482.05|482.05|476.87|478.45|10207
2020.09.11 20:30:00|478.45|483.18|476.56|481.05|9564
2020.09.11 21:30:00|481.05|484.47|479.81|483.62|9410
2020.09.11 22:30:00|483.65|484.6|480.25|481.72|7016
2020.09.14 16:30:00|483.49|488.48|478.95|485.75|12018
2020.09.14 17:30:00|485.85|487.27|479.3|481.35|10758
2020.09.14 18:30:00|481.36|481.75|472.98|474.49|10365
2020.09.14 19:30:00|474.5|476.49|471.87|473.63|9563
2020.09.14 20:30:00|473.45|477.85|471.05|475.41|9601
2020.09.14 21:30:00|475.41|476.65|473.25|475.95|10107
