2020.02.05 18:30:00|249.73|249.97|248.42|249.74|6628
2020.02.05 19:30:00|249.7|250.08|248.79|249.34|5403
2020.02.05 20:30:00|249.35|249.63|248.15|249.03|5473
2020.02.05 21:30:00|249.03|251.29|248.94|250.64|5718
2020.02.05 22:30:00|250.64|250.78|249.82|250.41|5116
2020.02.06 16:30:00|250.4|251.57|248.62|250.1|11368
2020.02.06 17:30:00|250.1|251.96|249.85|251.85|10022
2020.02.06 18:30:00|251.86|253.02|251.41|252.97|7556
2020.02.06 19:30:00|252.97|253.67|252.51|252.54|5160
2020.02.06 20:30:00|252.53|253.4|252.44|252.99|4945
2020.02.06 21:30:00|252.99|253.27|252.32|253.01|4995
2020.02.06 22:30:00|253.01|253.85|252.99|253.74|3290
2020.02.07 16:30:00|251.48|253.02|250.32|251.94|8574
2020.02.07 17:30:00|251.93|253.32|251.9|252.7|6723
2020.02.07 18:30:00|252.68|253.14|252.07|253.06|4466
2020.02.07 19:30:00|253.06|253.18|252.24|252.45|3811
2020.02.07 20:30:00|252.47|252.8|250.56|251.33|6232
2020.02.07 21:30:00|251.33|251.71|250.72|250.81|5609
2020.02.07 22:30:00|250.8|251.56|250.74|251.41|4132
2020.02.10 16:30:00|252.73|258.59|252.73|256.67|12675
2020.02.10 17:30:00|256.67|258.38|256.47|258.37|7814
2020.02.10 18:30:00|258.41|259.68|258.04|259.42|6051
2020.02.10 19:30:00|259.42|260.85|258.72|260.19|5400
2020.02.10 20:30:00|260.22|261.73|259.94|261.57|4884
2020.02.10 21:30:00|261.57|262.06|260.79|261.57|5496
2020.02.10 22:30:00|261.59|262.59|261.17|262.43|4827
2020.02.11 16:30:00|265.88|272.05|264.63|270.05|14880
2020.02.11 17:30:00|270.05|272.31|270.05|271.41|9279
2020.02.11 18:30:00|271.41|271.62|269.18|269.36|8806
2020.02.11 19:30:00|269.37|270.09|268.64|269.81|5183
2020.02.11 20:30:00|269.8|269.91|265.83|266.21|8719
2020.02.11 21:30:00|266.19|268.06|265.5|266.01|9545
2020.02.11 22:30:00|266|268.23|265.97|267.79|6173
2020.02.12 16:30:00|270.02|271.78|268.24|270|12335
2020.02.12 17:30:00|270|272.07|269.62|271.71|7255
2020.02.12 18:30:00|271.72|271.74|270.34|271.04|5358
2020.02.12 19:30:00|271.02|272.07|270.58|270.93|5006
2020.02.12 20:30:00|270.9|271.35|270.82|270.91|3917
2020.02.12 21:30:00|270.9|271.81|270.7|271.66|5229
2020.02.12 22:30:00|271.67|272.61|271.41|271.9|4864
2020.02.13 16:30:00|269.47|272.51|268.94|272.45|11132
2020.02.13 17:30:00|272.47|273.27|271.69|272.5|7918
2020.02.13 18:30:00|272.5|273.3|272.15|273.07|5544
2020.02.13 19:30:00|273.08|273.2|270.34|271.43|6199
2020.02.13 20:30:00|271.43|272.11|270.82|271.97|5635
2020.02.13 21:30:00|272.01|272.75|270.63|270.84|6377
2020.02.13 22:30:00|270.84|271.14|270.07|270.62|5319
2020.02.14 16:30:00|286.83|291.75|285.83|288.71|15811
2020.02.14 17:30:00|288.72|294.74|288.52|292.54|12621
2020.02.14 18:30:00|292.55|293.05|288.75|290.26|9720
2020.02.14 19:30:00|290.27|290.78|288.34|290.14|7149
2020.02.14 20:30:00|290.15|291.08|288.78|289.5|6445
2020.02.14 21:30:00|289.47|290.8|289.17|289.85|6056
2020.02.14 22:30:00|289.82|290.61|289.34|289.82|4002
2020.02.18 16:30:00|285.38|291.35|284.68|288.11|14395
2020.02.18 17:30:00|287.95|292.17|287.57|290.05|10671
2020.02.18 18:30:00|290.05|290.71|288.14|290.71|8139
2020.02.18 19:30:00|290.71|293.78|290.71|292.81|6507
2020.02.18 20:30:00|292.81|294.49|292.14|294.43|7083
2020.02.18 21:30:00|294.43|296.81|294.07|295.38|8855
2020.02.18 22:30:00|295.37|297.1|295.21|296.42|5343
2020.02.19 16:30:00|304.08|311.56|302.9|311.08|18148
2020.02.19 17:30:00|311.11|311.47|308.65|310.71|9788
2020.02.19 18:30:00|310.71|312.75|310.57|312.16|7847
2020.02.19 19:30:00|312.17|313.03|311.67|312.83|6241
2020.02.19 20:30:00|312.83|312.92|311.24|311.88|5779
2020.02.19 21:30:00|311.9|312.79|311.52|311.83|5743
2020.02.19 22:30:00|311.83|315.15|311.67|315.11|4994
2020.02.20 16:30:00|313.37|316.12|308.22|313.7|15159
2020.02.20 17:30:00|313.71|315.47|305.7|305.92|14737
2020.02.20 18:30:00|305.9|306.32|296.17|303.22|21749
2020.02.20 19:30:00|303.24|308.41|303.21|307.76|11736
2020.02.20 20:30:00|307.76|308.72|305.61|307.72|9502
2020.02.20 21:30:00|307.73|309.79|307.71|309.67|8648
2020.02.20 22:30:00|309.67|310.23|308.16|308.73|5488
2020.02.21 16:30:00|304.76|304.9|296.57|298.95|20567
2020.02.21 17:30:00|298.94|299.09|295.09|299.05|16329
2020.02.21 18:30:00|299.04|299.74|296.71|296.79|10770
2020.02.21 19:30:00|296.79|297.17|293.63|294.68|12972
2020.02.21 20:30:00|294.68|294.75|290.48|292.5|13162
2020.02.21 21:30:00|292.49|293.92|290.57|291.37|9802
2020.02.21 22:30:00|291.38|294.48|290.82|293.48|5978
2020.02.24 16:30:00|268.59|281.63|268.59|277.64|23158
2020.02.24 17:30:00|277.65|279.75|274.83|278.68|18269
2020.02.24 18:30:00|278.68|279.08|274.94|275.55|17038
2020.02.24 19:30:00|275.49|276.2|272.42|274.16|15719
2020.02.24 20:30:00|274.16|275.3|272.45|274.95|14651
2020.02.24 21:30:00|274.91|278.72|274.39|275.89|15623
2020.02.24 22:30:00|275.9|275.98|273.32|273.32|8995
2020.02.25 16:30:00|278.34|278.34|265.35|266.43|22137
2020.02.25 17:30:00|266.44|267.16|257.72|259.97|22303
2020.02.25 18:30:00|260|264.26|259.1|262.78|18171
2020.02.25 19:30:00|262.79|264.53|260.82|262.8|15650
2020.02.25 20:30:00|262.8|264.17|259.94|260.55|17588
2020.02.25 21:30:00|260.68|265.61|260.35|260.83|21173
2020.02.25 22:30:00|260.83|263.37|259.33|261.9|12912
2020.02.26 16:30:00|265.26|273.4|263.82|272.38|23792
2020.02.26 17:30:00|272.35|275.23|272.02|274.04|19640
2020.02.26 18:30:00|274.02|274.19|265.52|268.59|17326
2020.02.26 19:30:00|268.59|270.58|268.24|269.58|14155
2020.02.26 20:30:00|269.58|269.64|264.97|267.11|18449
2020.02.26 21:30:00|267.07|269.83|266.37|268.28|19408
2020.02.26 22:30:00|268.28|268.47|267.11|267.57|10848
2020.02.27 16:30:00|258.32|260.86|250.92|251.57|23116
2020.02.27 17:30:00|251.5|259.59|248.7|255.16|22305
2020.02.27 18:30:00|255.16|262.56|254.27|261.58|20276
2020.02.27 19:30:00|261.58|266.72|261.13|262.02|18556
2020.02.27 20:30:00|262.02|263.36|258.33|261.53|18040
2020.02.27 21:30:00|261.52|262.09|258.08|258.08|16642
2020.02.27 22:30:00|258.08|259.04|253.32|253.43|11749
2020.02.28 16:30:00|245.06|255.43|244.71|250.95|18392
2020.02.28 17:30:00|250.95|262.45|250.44|262.37|18701
2020.02.28 18:30:00|262.37|272.11|259.4|264.71|20117
2020.02.28 19:30:00|264.72|268.35|261.12|261.25|16682
2020.02.28 20:30:00|261.25|263.54|255.88|261.6|16324
2020.02.28 21:30:00|261.61|265.48|257.6|259.26|16392
2020.02.28 22:30:00|259.28|267.49|258.47|267.49|10302
2020.03.02 16:30:00|275.19|275.19|261.32|262.68|13866
2020.03.02 17:30:00|262.68|273.81|260.82|272.16|16555
2020.03.02 18:30:00|272.17|274.97|268.62|270.62|15142
2020.03.02 19:30:00|270.62|273.97|269.18|270.09|12091
2020.03.02 20:30:00|270.09|271.7|269.09|269.32|13475
2020.03.02 21:30:00|269.32|272.29|266.27|272.06|13532
2020.03.02 22:30:00|272.07|275.76|271.18|275.74|8480
2020.03.03 16:30:00|278.24|280.72|271.32|276.56|17787
2020.03.03 17:30:00|276.57|280.16|269.07|270.13|16715
2020.03.03 18:30:00|270.13|276.5|269.82|272.88|15245
2020.03.03 19:30:00|272.89|274.67|267.2|268.34|14736
2020.03.03 20:30:00|268.35|269.6|262.18|264.9|17747
2020.03.03 21:30:00|264.83|267.52|262.5|267.32|17400
2020.03.03 22:30:00|267.34|268.71|263.82|266.82|9021
2020.03.04 16:30:00|270.8|275.86|266.88|275.34|16963
2020.03.04 17:30:00|275.34|275.71|271.9|275.01|14537
2020.03.04 18:30:00|275.05|276.56|272.91|276.12|12938
2020.03.04 19:30:00|276.13|279.78|274.83|278.46|11767
2020.03.04 20:30:00|278.47|280.37|278.12|279.76|12085
2020.03.04 21:30:00|279.77|280.78|276.94|280.78|11929
2020.03.04 22:30:00|280.8|284.65|280.37|284.59|9273
2020.03.05 16:30:00|277.34|279.91|273.36|278.05|15066
2020.03.05 17:30:00|278.05|282.9|277.92|282.11|13492
2020.03.05 18:30:00|282.12|282.37|276.89|277.94|11054
2020.03.05 19:30:00|277.88|278.69|272.02|274.37|13310
2020.03.05 20:30:00|274.36|276.7|272.41|272.76|13398
2020.03.05 21:30:00|272.67|275.08|271.32|271.83|14312
2020.03.05 22:30:00|271.76|274.96|271.32|273.47|9361
2020.03.06 16:30:00|265.9|267.52|259.42|265.81|15480
2020.03.06 17:30:00|265.9|268.13|262|262.68|13851
2020.03.06 18:30:00|262.69|263.66|260.22|260.74|13554
2020.03.06 19:30:00|260.78|264.35|260.45|262.7|11920
2020.03.06 20:30:00|262.65|263.42|259.24|260.13|11313
2020.03.06 21:30:00|260.13|261.24|257.82|259.74|13612
2020.03.06 22:30:00|259.72|266.73|259.26|266.34|8738
2020.03.09 15:30:00|240.1|252.32|238|250.05|12524
2020.03.09 16:30:00|249.98|252.76|246.32|251.41|17601
2020.03.09 17:30:00|251.4|259.17|249.96|256.39|16025
2020.03.09 18:30:00|256.42|257.53|253.95|254.09|12621
2020.03.09 19:30:00|254.09|254.18|246.92|246.92|14555
2020.03.09 20:30:00|246.92|250.65|245.82|248.76|15312
2020.03.09 21:30:00|248.77|249.97|244.83|244.83|10315
2020.03.10 15:30:00|255.26|258.32|251.82|256.34|17327
2020.03.10 16:30:00|256.36|256.44|246.6|248.18|17392
2020.03.10 17:30:00|248.19|253.98|245.62|250.58|12841
2020.03.10 18:30:00|250.59|252.68|249.64|252.26|12707
2020.03.10 19:30:00|252.27|253.72|249.89|251.62|11604
2020.03.10 20:30:00|251.63|258.48|251.38|256.2|16041
2020.03.10 21:30:00|256.27|259.8|255.68|259.54|9243
2020.03.11 15:30:00|253.32|256.31|250.42|253.17|14414
2020.03.11 16:30:00|253.14|254.79|250.59|250.95|16169
2020.03.11 17:30:00|250.95|255.92|250.74|253.52|16917
2020.03.11 18:30:00|253.41|254.03|248.02|250.25|17351
2020.03.11 19:30:00|250.26|250.61|246.57|247.01|17650
2020.03.11 20:30:00|247.01|248.49|242.32|244.47|19656
2020.03.11 21:30:00|244.48|248.53|243.96|246.69|10948
2020.03.12 15:30:00|226.1|235.49|223.09|230.79|13051
2020.03.12 16:30:00|230.83|232.91|226.4|227.2|17157
2020.03.12 17:30:00|227.2|228.46|217.46|222.67|15830
2020.03.12 18:30:00|222.67|235.49|220.32|227.35|14653
2020.03.12 19:30:00|227.35|228.62|222.42|223.61|14798
2020.03.12 20:30:00|223.61|226.37|220.62|221.05|14814
2020.03.12 21:30:00|221.06|223.66|216.81|216.82|8804
2020.03.13 15:30:00|233.01|235.86|224.82|227.95|14082
2020.03.13 16:30:00|227.96|229.46|223.62|223.62|11261
2020.03.13 17:30:00|223.62|224.26|219.37|221.96|14073
2020.03.13 18:30:00|221.93|228.1|221.83|227.79|14682
2020.03.13 19:30:00|227.74|228.77|221.99|222.15|13179
2020.03.13 20:30:00|222.11|227.24|221.44|225.48|14433
2020.03.13 21:30:00|225.47|239.24|220.82|239.18|8451
2020.03.16 15:30:00|209.01|218.47|207.6|211.98|12853
2020.03.16 16:30:00|211.99|225.45|211.98|225.24|17943
2020.03.16 17:30:00|225.24|225.82|219.19|221.11|14458
2020.03.16 18:30:00|221.11|221.82|214.82|214.82|13388
2020.03.16 19:30:00|214.82|215.88|208.95|210.93|12342
2020.03.16 20:30:00|210.93|214.01|208.32|210.2|15840
2020.03.16 21:30:00|210.21|210.34|194.82|194.82|8020
2020.03.17 15:30:00|203.18|205.69|190.82|198.5|14728
2020.03.17 16:30:00|198.51|217.45|197.57|213.31|16949
2020.03.17 17:30:00|213.32|219.5|210.16|212.42|15788
2020.03.17 18:30:00|212.42|215.45|207.82|211.2|13045
2020.03.17 19:30:00|211.2|218.6|210.13|217.54|13497
2020.03.17 20:30:00|217.56|219.5|212.22|213.97|13955
2020.03.17 21:30:00|213.97|220.5|213.26|217.26|8999
2020.03.18 15:30:00|198.98|209.63|198.96|204.58|14869
2020.03.18 16:30:00|204.58|206.35|198.62|200.16|12895
2020.03.18 17:30:00|200.13|205.82|198.72|200.94|13763
2020.03.18 18:30:00|200.97|201.72|189.82|189.82|9753
2020.03.18 19:30:00|189.8|192.58|180.5|182.85|14064
2020.03.18 20:30:00|182.82|192.55|180.93|187.76|14519
2020.03.18 21:30:00|187.76|204.18|187.37|202.64|9075
2020.03.19 15:30:00|199.99|210.27|192.95|206.83|11491
2020.03.19 16:30:00|206.84|209.05|198.95|209.05|8602
2020.03.19 17:30:00|209.05|209.59|201.93|204.34|8263
2020.03.19 18:30:00|204.35|207.95|202.85|206.37|6994
2020.03.19 19:30:00|206.37|213.34|206.2|211.94|6974
2020.03.19 20:30:00|211.93|216.42|209.61|214.38|9210
2020.03.19 21:30:00|214.4|215.62|212.32|212.57|6936
2020.03.20 15:30:00|220.5|230.01|220.32|228.82|13184
2020.03.20 16:30:00|228.83|229.97|221.32|222.67|11271
2020.03.20 17:30:00|222.67|224.83|212.32|213.42|11223
2020.03.20 18:30:00|213.42|219.18|213.12|216.55|9718
2020.03.20 19:30:00|216.55|219.35|212.59|212.97|8636
2020.03.20 20:30:00|212.97|214.15|205.82|210.33|11286
2020.03.20 21:30:00|210.33|212.08|204.87|205.24|6755
2020.03.23 15:30:00|204.43|211.74|198.34|210.33|13375
2020.03.23 16:30:00|210.33|211.81|201.15|202.32|12794
2020.03.23 17:30:00|202.33|208.01|200.16|206.26|12946
2020.03.23 18:30:00|206.26|216.17|204.82|211.83|12880
2020.03.23 19:30:00|211.82|214.26|207|210.69|11675
2020.03.23 20:30:00|210.71|212.7|207.63|208.55|11346
2020.03.23 21:30:00|208.55|213.57|206.84|212.33|7707
2020.03.24 15:30:00|235.89|246.08|232.2|243.47|17790
2020.03.24 16:30:00|243.47|250.78|242.4|250.11|13568
2020.03.24 17:30:00|250.13|252.42|249.04|250.87|14270
2020.03.24 18:30:00|250.83|250.86|240.82|243.24|14199
2020.03.24 19:30:00|243.24|245.83|237.4|242.46|12598
2020.03.24 20:30:00|242.32|248.99|241.32|247.23|13299
2020.03.24 21:30:00|247.26|248.99|245.55|248.47|10392
2020.03.25 15:30:00|250.51|260.21|243.45|248.81|16625
2020.03.25 16:30:00|248.81|256.39|248.19|254.85|12735
2020.03.25 17:30:00|254.86|256.28|251.15|255.15|10315
2020.03.25 18:30:00|255.02|261.06|253.15|259.87|11253
2020.03.25 19:30:00|259.85|261.57|256.2|259.32|12197
2020.03.25 20:30:00|259.32|259.89|255.55|256.28|12787
2020.03.25 21:30:00|256.28|257.69|244.82|245.3|8753
2020.03.26 15:30:00|254.83|257.35|249.82|256.12|13000
2020.03.26 16:30:00|256.17|260.62|256.07|260.26|11553
2020.03.26 17:30:00|260.25|261.97|256.58|258.88|10668
2020.03.26 18:30:00|258.88|259.85|253.41|253.45|10318
2020.03.26 19:30:00|253.41|255.56|251.09|254.14|10262
2020.03.26 20:30:00|254.15|256.2|251.62|253.39|10359
2020.03.26 21:30:00|253.41|257.4|251.6|257.14|8740
2020.03.27 15:30:00|250.88|256.14|248.82|251.82|13554
2020.03.27 16:30:00|251.83|255.72|250.17|253.76|10209
2020.03.27 17:30:00|253.76|254.6|251.37|252.85|8877
2020.03.27 18:30:00|252.83|256.76|252.37|254.82|8713
2020.03.27 19:30:00|254.82|260.73|254.57|258.07|12683
2020.03.27 20:30:00|258.07|262.83|256.92|261.42|11136
2020.03.27 21:30:00|261.22|261.67|251.54|252.3|8995
2020.03.30 16:30:00|256.24|261.64|253.33|260.44|10763
2020.03.30 17:30:00|260.44|262.7|258.62|262.04|10103
2020.03.30 18:30:00|262.04|263.55|260.53|263.26|9707
2020.03.30 19:30:00|263.32|264.8|262.39|264.22|8981
2020.03.30 20:30:00|264.23|265.35|262.86|264.27|10104
2020.03.30 21:30:00|264.27|264.96|261.82|262.76|10542
2020.03.30 22:30:00|262.76|265.71|261.99|265.15|7784
2020.03.31 16:30:00|266.55|274.75|265.88|273.45|14496
2020.03.31 17:30:00|273.41|275.11|270.37|271.25|12538
2020.03.31 18:30:00|271.24|271.52|262.82|263.98|11028
2020.03.31 19:30:00|264.02|267.07|261.22|262.03|11405
2020.03.31 20:30:00|261.95|265.5|261.22|263.98|9761
2020.03.31 21:30:00|263.97|264.36|257.57|258.99|10646
2020.03.31 22:30:00|258.96|264.59|258.32|263.22|8758
2020.04.01 16:30:00|257.12|259.05|251.52|255.07|12121
2020.04.01 17:30:00|255.07|261.07|254.82|257.4|9793
2020.04.01 18:30:00|257.4|257.5|251.99|252.11|8137
2020.04.01 19:30:00|252.09|253.04|249.27|250.59|9201
2020.04.01 20:30:00|250.59|251.97|249.44|250.49|8193
2020.04.01 21:30:00|250.46|250.46|243.69|243.69|8922
2020.04.01 22:30:00|243.69|244.73|241.1|242.9|7048
2020.04.02 16:30:00|246.3|249.5|242.02|247.67|12617
2020.04.02 17:30:00|247.67|252.7|247.03|251.08|13477
2020.04.02 18:30:00|251.09|254.26|250.71|250.86|11295
2020.04.02 19:30:00|250.86|252.62|247.82|248.29|10799
2020.04.02 20:30:00|248.3|249.52|245.62|247.39|11121
2020.04.02 21:30:00|247.4|253|246.13|251.97|12128
2020.04.02 22:30:00|251.96|255.77|250.87|255.05|7456
2020.04.03 16:30:00|251.84|255.32|247.02|248.62|11551
2020.04.03 17:30:00|248.64|249.08|243.51|246.05|10969
2020.04.03 18:30:00|246.06|246.79|242.71|242.94|7965
2020.04.03 19:30:00|242.87|243.54|239.95|240.25|9175
2020.04.03 20:30:00|240.25|241.83|238.2|241.69|10092
2020.04.03 21:30:00|241.69|243.42|240.12|241.57|10441
2020.04.03 22:30:00|241.57|244.57|239.76|243.72|7514
2020.04.06 16:30:00|254.01|262.48|252.82|260.22|12415
2020.04.06 17:30:00|260.24|262.3|259.36|262.09|8881
2020.04.06 18:30:00|262.1|262.27|259.72|261.91|7464
2020.04.06 19:30:00|261.95|263.23|261.12|262.03|6633
2020.04.06 20:30:00|262.04|264.1|261.87|262.88|6179
2020.04.06 21:30:00|262.94|264.88|262.43|264.8|7442
2020.04.06 22:30:00|264.8|269.1|264.37|267.83|6757
2020.04.07 16:30:00|274.8|277.19|264.16|264.68|22696
2020.04.07 17:30:00|264.69|267.1|261.15|265.77|19544
2020.04.07 18:30:00|265.78|271.32|265.63|269.64|15289
2020.04.07 19:30:00|269.64|269.81|265.56|266.12|13548
2020.04.07 20:30:00|266.14|266.67|261.54|262.01|14858
2020.04.07 21:30:00|262.01|262.44|257.08|258.25|17909
2020.04.07 22:30:00|258.18|262.78|257.97|258.14|11883
2020.04.08 16:30:00|262.36|265.52|260.42|262.86|14669
2020.04.08 17:30:00|262.86|266.11|261.9|265.63|11539
2020.04.08 18:30:00|265.65|267.11|264.17|265.42|10694
2020.04.08 19:30:00|265.43|266.91|264.9|265.38|10412
2020.04.08 20:30:00|265.39|266.7|263.41|266.4|10705
2020.04.08 21:30:00|266.44|267.75|265.19|266.13|11356
2020.04.08 22:30:00|266.12|267.32|264.37|266.34|9552
2020.04.09 16:30:00|269.45|271.86|261.69|264.09|11938
2020.04.09 17:30:00|264.1|265.59|261.56|264.28|10123
2020.04.09 18:30:00|264.28|266.79|263.49|264.62|8691
2020.04.09 19:30:00|264.62|267.56|263.48|266.96|7755
2020.04.09 20:30:00|266.95|267.33|261.42|262.25|10958
2020.04.09 21:30:00|262.23|263.46|260.2|261.9|14155
2020.04.09 22:30:00|261.91|263.3|260.7|262.54|8495
2020.04.13 16:30:00|258.28|264.13|257.05|262.24|11645
2020.04.13 17:30:00|262.26|264.88|261.48|263.97|10080
2020.04.13 18:30:00|263.98|266.35|263.24|264.47|8900
2020.04.13 19:30:00|264.48|265.05|263.25|264.03|7013
2020.04.13 20:30:00|264.03|266.62|263.7|266.18|8141
2020.04.13 21:30:00|266.23|268.46|265.92|268.36|9169
2020.04.13 22:30:00|268.37|269.98|268.08|269.67|7841
2020.04.14 16:30:00|274.83|281.24|273.65|281.15|12786
2020.04.14 17:30:00|281.17|281.75|277.03|280.76|10095
2020.04.14 18:30:00|280.77|284.54|280.73|283.8|9956
2020.04.14 19:30:00|283.82|284.64|282.15|282.58|7326
2020.04.14 20:30:00|282.58|285.1|282.58|284.59|7395
2020.04.14 21:30:00|284.59|284.74|282.03|283.54|8419
2020.04.14 22:30:00|283.53|284.31|282.5|283.81|6683
2020.04.15 16:30:00|276.33|280.05|275.13|277.04|11790
2020.04.15 17:30:00|277.04|281.71|276.67|280.22|9008
2020.04.15 18:30:00|280.23|280.94|278.42|280.69|6856
2020.04.15 19:30:00|280.69|282.38|280.53|281.14|6675
2020.04.15 20:30:00|281.14|282.9|280.82|282.85|6381
2020.04.15 21:30:00|282.85|283.91|281.71|282.04|8229
2020.04.15 22:30:00|282.04|282.51|280.21|280.66|7096
2020.04.16 16:30:00|288.36|294.54|286.45|294.06|14733
2020.04.16 17:30:00|294.07|298.74|292.48|297.75|11517
2020.04.16 18:30:00|297.73|298.54|291.93|292.46|11092
2020.04.16 19:30:00|292.46|293.45|289.33|292.82|11618
2020.04.16 20:30:00|292.89|293.53|289.37|291.76|8967
2020.04.16 21:30:00|291.75|294.38|290.7|293.43|10163
2020.04.16 22:30:00|293.44|295.5|293.28|294.52|7441
2020.04.17 16:30:00|296.8|297.75|292.53|294.23|16026
2020.04.17 17:30:00|294.28|294.48|287.49|288.2|11121
2020.04.17 18:30:00|288.2|290.22|287.49|288.65|9434
2020.04.17 19:30:00|288.73|290.36|288.02|288.13|6833
2020.04.17 20:30:00|288.14|289.65|287.5|288.29|7274
2020.04.17 21:30:00|288.3|289.93|286.71|289.85|7625
2020.04.17 22:30:00|289.84|293.33|289.74|291.99|7061
2020.04.20 16:30:00|285.87|290.8|285.81|290.19|12072
2020.04.20 17:30:00|290.17|293.31|289.99|290.84|9192
2020.04.20 18:30:00|290.85|292.24|289.72|291.65|6681
2020.04.20 19:30:00|291.67|293.25|290.33|290.89|6042
2020.04.20 20:30:00|290.89|292.29|288.67|288.76|6530
2020.04.20 21:30:00|288.78|291.06|286.22|287.82|11362
2020.04.20 22:30:00|287.82|288.61|286.4|286.54|6965
2020.04.21 16:30:00|281.49|284.54|276.37|277.95|12140
2020.04.21 17:30:00|277.94|277.98|266.88|268.59|14968
2020.04.21 18:30:00|268.64|271.29|268.28|269.28|11520
2020.04.21 19:30:00|269.28|274.09|268.74|273.75|9370
2020.04.21 20:30:00|273.75|275.78|272.6|274.61|9890
2020.04.21 21:30:00|274.62|275.05|269.5|271.78|9890
2020.04.21 22:30:00|271.78|273.59|268.41|269.01|8298
2020.04.22 16:30:00|278.14|283.53|275.22|281.68|12113
2020.04.22 17:30:00|281.82|283.67|279.95|280.48|8372
2020.04.22 18:30:00|280.48|283.54|280.33|282.44|5655
2020.04.22 19:30:00|282.32|284.01|281.68|283.63|5188
2020.04.22 20:30:00|283.63|285.61|283.09|285|5595
2020.04.22 21:30:00|285|287.63|285|286.93|7029
2020.04.22 22:30:00|286.93|287.63|285.69|285.79|6158
2020.04.23 16:30:00|286.77|291.74|286.11|291.54|10874
2020.04.23 17:30:00|291.56|292.9|289.15|290.84|8983
2020.04.23 18:30:00|290.85|290.94|288.67|290.39|6785
2020.04.23 19:30:00|290.39|290.91|282.69|286.08|10656
2020.04.23 20:30:00|286.09|287.56|283.54|285.79|9334
2020.04.23 21:30:00|285.75|287.26|284.07|284.97|7418
2020.04.23 22:30:00|284.97|286.17|283.42|283.82|6657
2020.04.24 16:30:00|284.4|284.76|280.42|283.71|9889
2020.04.24 17:30:00|283.78|286.31|282.99|284.62|8269
2020.04.24 18:30:00|284.62|287.92|283.98|287.8|6862
2020.04.24 19:30:00|287.8|288.04|285.3|286.15|5302
2020.04.24 20:30:00|286.18|289.27|285.86|288.1|6084
2020.04.24 21:30:00|288.1|288.72|286.75|288.15|7239
2020.04.24 22:30:00|288.17|289.37|287.55|289.37|5998
2020.04.27 16:30:00|294.08|303.23|293.84|300.37|11833
2020.04.27 17:30:00|300.37|300.56|296.47|299.91|7472
2020.04.27 18:30:00|299.84|300.69|296.85|297.46|5651
2020.04.27 19:30:00|297.52|298.86|295.24|296.25|5460
2020.04.27 20:30:00|296.24|297.07|294.93|296.03|5781
2020.04.27 21:30:00|296.04|297.89|295.58|296.79|5845
2020.04.27 22:30:00|296.81|297.8|296.38|296.72|4985
2020.04.28 16:30:00|303.16|303.78|294.87|296.04|10614
2020.04.28 17:30:00|296.07|297.8|290.92|294.37|10311
2020.04.28 18:30:00|294.31|295.4|291.87|292.74|7685
2020.04.28 19:30:00|292.74|295.28|292.33|295.04|6270
2020.04.28 20:30:00|295.05|297.37|294.41|296.66|6544
2020.04.28 21:30:00|296.65|296.93|293.37|294.3|6983
2020.04.28 22:30:00|294.17|294.52|291.04|291.11|5636
2020.04.29 16:30:00|295.29|298.32|293.57|298.12|10174
2020.04.29 17:30:00|298.1|299.86|297.6|299.64|8481
2020.04.29 18:30:00|299.62|300.37|298.32|298.42|6391
2020.04.29 19:30:00|298.42|298.95|296|296.23|5514
2020.04.29 20:30:00|296.23|298.04|295.46|297.49|6186
2020.04.29 21:30:00|297.53|300.15|297.04|300.09|7789
2020.04.29 22:30:00|300.09|300.1|297.38|298.08|5934
2020.04.30 16:30:00|296.2|298.23|294.2|295.5|12159
2020.04.30 17:30:00|295.59|295.86|292.68|294.95|10003
2020.04.30 18:30:00|294.96|296.33|291.93|292.3|9328
2020.04.30 19:30:00|292.31|293.84|291.54|293.21|7314
2020.04.30 20:30:00|293.21|294.96|292.2|294.1|7134
2020.04.30 21:30:00|293.97|295.82|292.89|294.75|7338
2020.04.30 22:30:00|294.76|295.14|291.58|291.89|6907
2020.05.01 16:30:00|284.3|288.56|283.19|284.2|8974
2020.05.01 17:30:00|284.25|286.13|283.31|283.59|6651
2020.05.01 18:30:00|283.58|284.04|280.71|281.62|7059
2020.05.01 19:30:00|281.62|282.81|280.66|281.79|5826
2020.05.01 20:30:00|281.8|284.23|281.08|284.15|5808
2020.05.01 21:30:00|284.12|284.99|282.71|282.97|6736
2020.05.01 22:30:00|282.89|283.13|281.67|282.53|6245
2020.05.04 16:30:00|281.35|288.92|280.88|288.24|11978
2020.05.04 17:30:00|288.21|289.44|286.18|288.7|7834
2020.05.04 18:30:00|288.74|290.45|288.18|288.68|6628
2020.05.04 19:30:00|288.69|288.79|285.74|286.62|6132
2020.05.04 20:30:00|286.62|288.52|286.62|288.04|5196
2020.05.04 21:30:00|288.03|290.08|286.98|289.92|6463
2020.05.04 22:30:00|289.92|291.63|289.62|291.1|5821
2020.05.05 16:30:00|294.63|297.38|292.82|294.37|10116
2020.05.05 17:30:00|294.37|297.65|293.72|297.63|7269
2020.05.05 18:30:00|297.62|298.45|296.23|296.88|5236
2020.05.05 19:30:00|296.9|297.91|296.09|297.86|5036
2020.05.05 20:30:00|297.77|298.87|297.22|298.77|4907
2020.05.05 21:30:00|298.78|299.98|295.32|295.64|7210
2020.05.05 22:30:00|295.64|295.64|291.1|293.31|8661
2020.05.06 16:30:00|296.62|300.44|296.17|299.68|10243
2020.05.06 17:30:00|299.65|301.81|298.83|299.82|7620
2020.05.06 18:30:00|299.86|300.81|299.16|299.67|6923
2020.05.06 19:30:00|299.67|300.68|298.91|299.43|5321
2020.05.06 20:30:00|299.51|301.36|299.37|299.72|5523
2020.05.06 21:30:00|299.73|300.66|298.88|299.66|7026
2020.05.06 22:30:00|299.67|299.67|297.15|297.42|6559
2020.05.07 16:30:00|303.53|307.18|301.09|303.39|13881
2020.05.07 17:30:00|303.43|304.32|301.62|303.79|8999
2020.05.07 18:30:00|303.78|305.79|303.09|305.66|7012
2020.05.07 19:30:00|305.67|306.62|304.89|306.29|6438
2020.05.07 20:30:00|306.32|306.81|304.04|304.9|6532
2020.05.07 21:30:00|304.9|306.08|304.22|305.53|7833
2020.05.07 22:30:00|305.53|305.6|304.17|304.69|6509
2020.05.08 16:30:00|307.16|312.24|306.15|312.13|9887
2020.05.08 17:30:00|312.13|312.52|310.49|311.04|7337
2020.05.08 18:30:00|311.04|312.45|310.66|311.58|5398
2020.05.08 19:30:00|311.58|311.97|309.92|310.1|4044
2020.05.08 20:30:00|310.09|310.35|308.69|309.75|5020
2020.05.08 21:30:00|309.72|310.78|308.96|310.63|5086
2020.05.08 22:30:00|310.63|312.46|310.45|312.33|4967
2020.05.11 16:30:00|311.92|321.26|310.96|319.85|12027
2020.05.11 17:30:00|319.85|321.96|319.02|321.93|7857
2020.05.11 18:30:00|321.9|323.36|320.9|322.75|6820
2020.05.11 19:30:00|322.74|323.22|321.35|323.17|4918
2020.05.11 20:30:00|323.18|323.91|322.52|323.27|5525
2020.05.11 21:30:00|323.27|324.28|323.12|323.85|5652
2020.05.11 22:30:00|323.84|324.23|322.33|322.41|5474
2020.05.12 16:30:00|324.86|326.67|318.02|322.98|11170
2020.05.12 17:30:00|322.97|325.15|322.37|323.51|7183
2020.05.12 18:30:00|323.56|324.12|322.51|323.68|4905
2020.05.12 19:30:00|323.64|325.47|320.44|321.08|6136
2020.05.12 20:30:00|321.13|323.59|320.45|322.29|5592
2020.05.12 21:30:00|322.29|322.34|316.7|318.03|6970
2020.05.12 22:30:00|318.05|318.5|311.68|311.7|7076
2020.05.13 16:30:00|316.92|322.47|311.09|322|11945
2020.05.13 17:30:00|322.01|322.9|315.24|316.63|10924
2020.05.13 18:30:00|316.63|317.13|303.52|307.98|12813
2020.05.13 19:30:00|307.98|310.39|305.82|307.61|9107
2020.05.13 20:30:00|307.62|309.28|304.82|307.64|8069
2020.05.13 21:30:00|307.6|309.31|304.82|306.75|8707
2020.05.13 22:30:00|306.75|311.63|305.83|310.82|6447
2020.05.14 16:30:00|315.79|317.3|307.63|307.82|13005
2020.05.14 17:30:00|307.83|315.21|307.32|311.94|11668
2020.05.14 18:30:00|311.94|314.11|309.16|310.35|10981
2020.05.14 19:30:00|310.35|314.48|310.22|314.43|9017
2020.05.14 20:30:00|314.33|314.85|312.02|314.02|7961
2020.05.14 21:30:00|314.06|319.79|312.57|319.59|10960
2020.05.14 22:30:00|319.52|321.2|317.88|320.98|7429
2020.05.15 16:30:00|316.51|322.92|315.02|320.13|14033
2020.05.15 17:30:00|320.13|320.66|315.84|318.17|13147
2020.05.15 18:30:00|318.12|324.16|317.22|324.02|12222
2020.05.15 19:30:00|324|328.61|323.67|327.88|12402
2020.05.15 20:30:00|327.9|330.67|324.95|330.47|11326
2020.05.15 21:30:00|330.47|334.28|327.66|334.19|12643
2020.05.15 22:30:00|334.19|339.77|334.19|339.54|11060
2020.05.18 16:30:00|351.34|356.33|347.67|349.52|16484
2020.05.18 17:30:00|349.53|352.67|348.54|350.46|13312
2020.05.18 18:30:00|350.46|352.35|349.84|351.08|11316
2020.05.18 19:30:00|351.13|354.63|350.37|354.58|9838
2020.05.18 20:30:00|354.57|354.59|350.42|350.82|9921
2020.05.18 21:30:00|350.87|351.21|347.03|350.25|10738
2020.05.18 22:30:00|350.25|351.6|349.49|349.62|8328
2020.05.19 16:30:00|350.84|361.69|350.71|357.76|14184
2020.05.19 17:30:00|357.75|360.3|357.4|359.63|10569
2020.05.19 18:30:00|359.64|360.27|357.77|359.32|9349
2020.05.19 19:30:00|359.32|363.29|359.09|362.53|7703
2020.05.19 20:30:00|362.53|363.14|359.97|360.08|6926
2020.05.19 21:30:00|360.08|361.02|356.82|359.3|11063
2020.05.19 22:30:00|359.37|359.37|351.82|351.84|8618
2020.05.20 16:30:00|360.42|361.17|355.83|356.52|13866
2020.05.20 17:30:00|356.52|359.39|355.87|359.34|9016
2020.05.20 18:30:00|359.34|360.05|356.22|357.36|8200
2020.05.20 19:30:00|357.41|358.13|355.37|355.96|9189
2020.05.20 20:30:00|355.97|358.29|355.63|356.4|9980
2020.05.20 21:30:00|356.31|358.97|356.15|358.44|9865
2020.05.20 22:30:00|358.44|360.18|357.42|358.42|7403
2020.05.21 16:30:00|360.66|361.27|356.02|356.21|12170
2020.05.21 17:30:00|356.21|356.21|350.32|353.91|10844
2020.05.21 18:30:00|353.91|358.3|353.57|357.29|10075
2020.05.21 19:30:00|357.31|357.44|354.02|355.68|11231
2020.05.21 20:30:00|355.65|356.6|352.56|352.79|9778
2020.05.21 21:30:00|352.84|353.62|350.32|351.77|13360
2020.05.21 22:30:00|351.73|352.44|349.32|350.96|10135
2020.05.22 16:30:00|354.64|363.45|348.32|363.42|19291
2020.05.22 17:30:00|363.38|363.46|357.47|357.94|12952
2020.05.22 18:30:00|357.88|360.61|356.92|359.73|9872
2020.05.22 19:30:00|359.73|362.79|359.54|362.51|9397
2020.05.22 20:30:00|362.49|362.78|358.45|359.76|9245
2020.05.22 21:30:00|359.72|362.28|359.63|360.96|9266
2020.05.22 22:30:00|360.95|361.32|358.62|360.59|7569
2020.05.26 16:30:00|364.91|365.58|353.83|358.36|14185
2020.05.26 17:30:00|358.36|358.4|351.02|351.96|11138
2020.05.26 18:30:00|351.92|353.44|347.93|352.42|10634
2020.05.26 19:30:00|352.43|353.97|351.32|353.51|6486
2020.05.26 20:30:00|353.5|353.56|350.52|351.07|6497
2020.05.26 21:30:00|351.07|352.01|348.62|349.34|8256
2020.05.26 22:30:00|349.34|349.64|346.63|348.49|8994
2020.05.27 16:30:00|340.99|343.28|325.61|327.71|16342
2020.05.27 17:30:00|327.71|328.67|319.64|327.02|13409
2020.05.27 18:30:00|327.02|333.39|325.62|332.42|10837
2020.05.27 19:30:00|332.44|334.19|329.42|334.19|8788
2020.05.27 20:30:00|334.19|338.58|333.13|337.41|9710
2020.05.27 21:30:00|337.44|341.26|336.79|340.94|8754
2020.05.27 22:30:00|340.94|341.26|338.67|340.77|6809
2020.05.28 16:30:00|337.31|349.43|337.31|349.41|14804
2020.05.28 17:30:00|349.43|350.23|345.57|347.18|10934
2020.05.28 18:30:00|347.19|347.87|343.37|345.51|9608
2020.05.28 19:30:00|345.52|348.79|345.33|348.44|7407
2020.05.28 20:30:00|348.42|348.68|344.64|345.15|7512
2020.05.28 21:30:00|345.23|347.46|342.42|342.51|10875
2020.05.28 22:30:00|342.5|343.17|336.44|339.02|10174
2020.05.29 16:30:00|341.44|346.7|339.14|342.35|14659
2020.05.29 17:30:00|342.36|344.64|341.1|343.65|11309
2020.05.29 18:30:00|343.65|345.37|342.23|343.26|9016
2020.05.29 19:30:00|343.25|345.75|341.82|345.02|10018
2020.05.29 20:30:00|345.03|346.29|342.65|346.14|10052
2020.05.29 21:30:00|346.15|350|340.42|349.33|14741
2020.05.29 22:30:00|349.32|354.43|348.78|354.06|9771
2020.06.01 16:30:00|351.51|353.29|347.37|351.44|13376
2020.06.01 17:30:00|351.43|352.35|348.12|349.26|9601
2020.06.01 18:30:00|349.14|350.87|348.64|350.43|6583
2020.06.01 19:30:00|350.51|352.08|350.43|351.88|4353
2020.06.01 20:30:00|351.81|353.2|351.1|352.07|3838
2020.06.01 21:30:00|352.03|352.41|350.36|351.87|5698
2020.06.01 22:30:00|351.87|352.62|350.71|352.12|5130
2020.06.02 16:30:00|349.19|351.88|347.43|351.06|9424
2020.06.02 17:30:00|351.02|351.34|346.11|347.29|8665
2020.06.02 18:30:00|347.29|348.05|346.82|347.16|6324
2020.06.02 19:30:00|347.17|350.3|347.09|350.18|4788
2020.06.02 20:30:00|350.2|351.64|349.87|350.33|5497
2020.06.02 21:30:00|350.37|351.25|349.42|350.46|7765
2020.06.02 22:30:00|350.47|353.2|349.6|352.97|5560
2020.06.03 16:30:00|352.21|354.34|348.62|350.55|9971
2020.06.03 17:30:00|350.55|351.81|349.58|350.53|6322
2020.06.03 18:30:00|350.47|350.5|347.77|348.82|6978
2020.06.03 19:30:00|348.81|350.7|348.79|349.72|5126
2020.06.03 20:30:00|349.74|350.3|348.22|349.18|5187
2020.06.03 21:30:00|349.19|352.43|348.89|352.18|6110
2020.06.03 22:30:00|352.18|352.18|349.74|350.57|5310
2020.06.04 16:30:00|348.12|357.46|347.53|356.26|10593
2020.06.04 17:30:00|356.33|357.42|349.95|351.01|9133
2020.06.04 18:30:00|351.01|354.15|350.56|351.23|8076
2020.06.04 19:30:00|351.23|351.62|349.67|350.02|6454
2020.06.04 20:30:00|350.02|353.19|350.02|351.74|5444
2020.06.04 21:30:00|351.79|351.9|347.7|348.25|8440
2020.06.04 22:30:00|348.26|350.35|347.81|350.25|6105
2020.06.05 16:30:00|351.49|354.3|348|353.52|13509
2020.06.05 17:30:00|353.59|354.25|351.92|353.67|9054
2020.06.05 18:30:00|353.73|358.11|353.25|357.98|10316
2020.06.05 19:30:00|358|358.62|356.07|358.4|7944
2020.06.05 20:30:00|358.39|359.66|357.14|359.22|7849
2020.06.05 21:30:00|359.2|359.42|356.12|358.36|10128
2020.06.05 22:30:00|358.4|358.56|355.15|356.43|8490
2020.06.08 16:30:00|353.15|353.64|347.25|349.32|12884
2020.06.08 17:30:00|349.28|349.93|348.07|349.09|7185
2020.06.08 18:30:00|349.12|349.7|347.82|348.99|6039
2020.06.08 19:30:00|349.02|350.4|348.83|349.64|4400
2020.06.08 20:30:00|349.66|351.52|349.39|351.25|5491
2020.06.08 21:30:00|351.25|351.58|349.92|350.94|5497
2020.06.08 22:30:00|350.91|352.01|350.57|352.01|4671
2020.06.09 16:30:00|349.93|361.49|349.83|357.55|15440
2020.06.09 17:30:00|357.47|364.13|357.47|362.43|11441
2020.06.09 18:30:00|362.41|363.78|361.71|362.65|8400
2020.06.09 19:30:00|362.58|362.82|360.85|362.23|6621
2020.06.09 20:30:00|362.23|363.06|359.47|360.28|7648
2020.06.09 21:30:00|360.23|361.73|359.36|359.87|8284
2020.06.09 22:30:00|359.91|362.51|359.48|361.6|6500
2020.06.10 16:30:00|368.28|376.78|367.56|374.64|15241
2020.06.10 17:30:00|374.65|379.79|373.9|377.96|12308
2020.06.10 18:30:00|377.97|379.08|374.88|376.32|9657
2020.06.10 19:30:00|376.32|377.14|372.83|374.14|8256
2020.06.10 20:30:00|374.14|377.64|370.32|377.6|10089
2020.06.10 21:30:00|377.66|378.19|373.84|378.02|14623
2020.06.10 22:30:00|378.01|378.31|374.33|374.36|8008
2020.06.11 16:30:00|366.57|370.19|360.07|368.03|13035
2020.06.11 17:30:00|368.03|369.96|362.92|364.66|10385
2020.06.11 18:30:00|364.66|364.87|359.23|360.49|11589
2020.06.11 19:30:00|360.49|362.78|357.59|361.38|12201
2020.06.11 20:30:00|361.39|362.2|357.54|358.86|10933
2020.06.11 21:30:00|358.86|359.32|352.22|353.21|14317
2020.06.11 22:30:00|353.21|356.91|351.32|351.49|10100
2020.06.12 16:30:00|364.51|367.26|361.01|361.28|15317
2020.06.12 17:30:00|361.27|362.83|351.72|353.81|16388
2020.06.12 18:30:00|353.84|360.45|352.99|358.89|15333
2020.06.12 19:30:00|358.86|358.86|353.05|354.04|13656
2020.06.12 20:30:00|354.06|354.62|347.92|352.07|17410
2020.06.12 21:30:00|352.09|356.7|351.38|352.31|18086
2020.06.12 22:30:00|352.33|358.06|351.53|357.07|10433
2020.06.15 16:30:00|354.38|360.15|349.48|357.31|13357
2020.06.15 17:30:00|357.3|359.07|355.62|358.02|11166
2020.06.15 18:30:00|358.02|362.39|356.54|361.61|10091
2020.06.15 19:30:00|361.68|363.51|360.83|362.74|7818
2020.06.15 20:30:00|362.74|365.59|361.87|365.12|11424
2020.06.15 21:30:00|365.13|367.09|363.65|363.76|14120
2020.06.15 22:30:00|363.76|366.87|362.83|366.65|8597
2020.06.16 16:30:00|370.15|370.16|358.03|358.48|17617
2020.06.16 17:30:00|358.41|361.78|353.37|359.66|16624
2020.06.16 18:30:00|359.67|361.79|359.07|360.8|12509
2020.06.16 19:30:00|360.79|362.59|360.32|360.42|13664
2020.06.16 20:30:00|360.42|361.85|359.05|360.19|12779
2020.06.16 21:30:00|360.19|361.41|357.44|359.65|15195
2020.06.16 22:30:00|359.65|362.51|359.08|362.51|10815
2020.06.17 16:30:00|364.77|368.58|362.62|365.38|11543
2020.06.17 17:30:00|365.39|367.03|364.67|366.31|10305
2020.06.17 18:30:00|366.31|367.47|364.98|366.57|8564
2020.06.17 19:30:00|366.55|368.57|366.51|367.4|7394
2020.06.17 20:30:00|367.4|369.79|367.26|369.62|7689
2020.06.17 21:30:00|369.64|371.73|366.18|366.88|12704
2020.06.17 22:30:00|366.89|369.48|366.21|369.08|8559
2020.06.18 16:30:00|370.05|371.05|364.57|365.95|11940
2020.06.18 17:30:00|365.95|369.01|364.32|368.27|11093
2020.06.18 18:30:00|368.24|368.24|365.71|367.1|8188
2020.06.18 19:30:00|367.1|367.22|365.93|366.33|6560
2020.06.18 20:30:00|366.33|367.53|365.82|366.22|6322
2020.06.18 21:30:00|366.22|367.16|365.12|366.5|9242
2020.06.18 22:30:00|366.5|369.05|366.24|368.62|5797
2020.06.19 16:30:00|370.32|376.54|369.32|376.06|12232
2020.06.19 17:30:00|376.06|377.58|374.39|376.97|8981
2020.06.19 18:30:00|376.97|377.4|369.63|371.83|12247
2020.06.19 19:30:00|371.76|374.68|371.04|371.68|11592
2020.06.19 20:30:00|371.68|372.62|369.42|369.78|13786
2020.06.19 21:30:00|369.81|372.6|369.32|371.91|12057
2020.06.19 22:30:00|371.97|372.61|370.15|370.15|8055
2020.06.22 16:30:00|372.14|376.29|371.09|375.69|7812
2020.06.22 17:30:00|375.68|376.67|374.04|375.88|6996
2020.06.22 18:30:00|375.89|379.02|375.32|378.89|6436
2020.06.22 19:30:00|378.87|379.8|377.67|379.3|6127
2020.06.22 20:30:00|379.31|380.25|377.97|379.45|5908
2020.06.22 21:30:00|379.46|380.29|377.95|378.86|7624
2020.06.22 22:30:00|378.86|380.95|378.35|380.87|5606
2020.06.23 16:30:00|381.38|382.99|378.07|382.58|11532
2020.06.23 17:30:00|382.6|383.83|380.97|383.7|8196
2020.06.23 18:30:00|383.67|385.47|382.84|384.86|7520
2020.06.23 19:30:00|384.92|385.19|383.21|383.42|6049
2020.06.23 20:30:00|383.42|383.93|381.37|381.74|6796
2020.06.23 21:30:00|381.68|382.31|378.2|378.2|9396
2020.06.23 22:30:00|378.2|378.71|376.04|377.76|8870
2020.06.24 16:30:00|379.59|381.98|374.13|376.19|12914
2020.06.24 17:30:00|376.19|376.28|369.1|371.63|13649
2020.06.24 18:30:00|371.61|372.17|365.54|369.4|13528
2020.06.24 19:30:00|369.4|372.65|368.03|370.13|10307
2020.06.24 20:30:00|370.12|371.18|367.1|370.98|12405
2020.06.24 21:30:00|370.98|372.01|368.82|371.02|13283
2020.06.24 22:30:00|371.05|372.3|368.74|369.16|8499
2020.06.25 16:30:00|374.56|375.64|367.1|373.93|13400
2020.06.25 17:30:00|374.07|374.76|370.14|371.91|10534
2020.06.25 18:30:00|371.91|374.81|370.33|373.68|8469
2020.06.25 19:30:00|373.7|374.18|372.52|372.88|6868
2020.06.25 20:30:00|372.82|373.91|372.1|372.68|6945
2020.06.25 21:30:00|372.68|377.59|371.18|377.07|9356
2020.06.25 22:30:00|377.04|379.88|376.46|379.52|6655
2020.06.26 16:30:00|378.79|379.25|368.82|370.72|10433
2020.06.26 17:30:00|370.64|371.44|366.17|368.46|11373
2020.06.26 18:30:00|368.46|371.1|365.4|367.01|8032
2020.06.26 19:30:00|367.02|370.24|365.23|369.41|7711
2020.06.26 20:30:00|369.42|369.68|366.57|366.94|6287
2020.06.26 21:30:00|366.94|367.39|364.82|367.02|9103
2020.06.26 22:30:00|367.02|367.9|365.07|365.66|8318
2020.06.29 16:30:00|367.4|367.77|355.8|363.61|10071
2020.06.29 17:30:00|363.61|364.47|359.94|363.31|9617
2020.06.29 18:30:00|363.3|365.76|361.82|365.36|7440
2020.06.29 19:30:00|365.38|367.34|365.05|365.47|5485
2020.06.29 20:30:00|365.46|367.21|365.02|365.71|4800
2020.06.29 21:30:00|365.71|366.56|363.99|364.61|6601
2020.06.29 22:30:00|364.62|367.68|364.6|367.67|5653
2020.06.30 16:30:00|371.34|380.19|370.48|377.4|14068
2020.06.30 17:30:00|377.35|379.42|377.17|377.45|8424
2020.06.30 18:30:00|377.45|380.82|376.62|379.37|6431
2020.06.30 19:30:00|379.32|379.57|375.12|377.06|6652
2020.06.30 20:30:00|377.06|378.29|376.45|378.25|6157
2020.06.30 21:30:00|378.27|379.45|377.52|379.19|6274
2020.06.30 22:30:00|379.21|379.82|378.97|379.33|6610
2020.07.01 16:30:00|381.08|382.11|376.34|381.72|12785
2020.07.01 17:30:00|381.72|382.8|379.72|380.61|8586
2020.07.01 18:30:00|380.66|382.06|380.54|381.12|5323
2020.07.01 19:30:00|381.15|381.55|379.22|379.71|5965
2020.07.01 20:30:00|379.71|381.17|379.67|380.62|5103
2020.07.01 21:30:00|380.7|382.13|379.61|381.81|5711
2020.07.01 22:30:00|381.82|382.5|380.67|380.82|5642
2020.07.02 16:30:00|385.03|389.28|384.33|385.17|13007
2020.07.02 17:30:00|385.17|387.83|382.94|383.38|11103
2020.07.02 18:30:00|383.43|386.41|383.19|385.66|7820
2020.07.02 19:30:00|385.66|387.7|385.12|387.39|6146
2020.07.02 20:30:00|387.34|387.52|385.15|387|5689
2020.07.02 21:30:00|387.04|388.2|385.77|386.11|6031
2020.07.02 22:30:00|386.27|386.81|383.15|384.22|5982
2020.07.06 16:30:00|389.57|393.8|389.42|393.6|12707
2020.07.06 17:30:00|393.56|395.69|392.92|395.31|9794
2020.07.06 18:30:00|395.34|396.12|392.39|392.97|7853
2020.07.06 19:30:00|392.97|394.53|391.48|392.98|5330
2020.07.06 20:30:00|392.99|393.28|388.97|389.95|6616
2020.07.06 21:30:00|389.98|392.33|389.49|392.17|7040
2020.07.06 22:30:00|392.19|393.59|391.65|393.34|5886
2020.07.07 16:30:00|397|401.34|396.32|399.7|13372
2020.07.07 17:30:00|399.7|402.6|398.07|401.03|8056
2020.07.07 18:30:00|401.12|402|397.84|399.02|8094
2020.07.07 19:30:00|399.02|400.13|397.83|399.26|7868
2020.07.07 20:30:00|399.26|399.95|397.63|398.07|6929
2020.07.07 21:30:00|398.07|398.78|396.42|397.77|9840
2020.07.07 22:30:00|397.77|398.77|393.82|394.22|6443
2020.07.08 16:30:00|399.83|404.11|399.12|402.85|9680
2020.07.08 17:30:00|402.85|403.72|398.44|399.79|8064
2020.07.08 18:30:00|399.79|404|399.51|403.69|7310
2020.07.08 19:30:00|403.69|406.64|403.68|404.66|7043
2020.07.08 20:30:00|404.67|405.22|402.96|403.93|7322
2020.07.08 21:30:00|403.94|406.88|403.14|406.13|8633
2020.07.08 22:30:00|406.13|408.8|405.63|408.75|6543
2020.07.09 16:30:00|414.22|420.48|410.77|416.98|15084
2020.07.09 17:30:00|417.08|418.38|409.16|412.55|15735
2020.07.09 18:30:00|412.63|416.25|411.82|415.36|11640
2020.07.09 19:30:00|415.35|419.59|414.67|417.51|9879
2020.07.09 20:30:00|417.54|419.24|416.06|419.14|8444
2020.07.09 21:30:00|419.14|422.5|417.86|418.45|11632
2020.07.09 22:30:00|418.45|420.86|417.7|420.29|8667
2020.07.10 16:30:00|423.08|425.93|414.97|422.06|14955
2020.07.10 17:30:00|422.06|423.85|418.63|422.54|10251
2020.07.10 18:30:00|422.49|424.42|419.08|419.68|8498
2020.07.10 19:30:00|419.68|421.17|418.86|420.36|6593
2020.07.10 20:30:00|420.35|420.4|416.17|416.99|6918
2020.07.10 21:30:00|416.94|418.17|416.79|417.52|7355
2020.07.10 22:30:00|417.57|419.7|417.4|418.96|5919
2020.07.13 16:30:00|424.52|431.33|423.39|428.19|15995
2020.07.13 17:30:00|428.29|429.02|425.46|427.53|12256
2020.07.13 18:30:00|427.55|427.94|425.26|426.67|8531
2020.07.13 19:30:00|426.68|426.81|421.21|423.87|9504
2020.07.13 20:30:00|423.87|424.3|412.2|413.14|12471
2020.07.13 21:30:00|413.15|417.21|406.86|407.95|16552
2020.07.13 22:30:00|407.83|408.34|400.82|401.73|11173
2020.07.14 16:30:00|401.43|409.09|390.96|395.66|19519
2020.07.14 17:30:00|395.66|403.34|395.47|402.28|16703
2020.07.14 18:30:00|402.28|408.29|401.32|406|14832
2020.07.14 19:30:00|406.01|407.32|401.53|404.44|11926
2020.07.14 20:30:00|404.42|412.55|404.32|412.33|12649
2020.07.14 21:30:00|412.33|413.09|407.51|411.99|15141
2020.07.14 22:30:00|412|415.88|411.51|415.3|9444
2020.07.15 16:30:00|415.36|416.86|409.13|413.02|15580
2020.07.15 17:30:00|413.02|415.15|404.39|408.77|12467
2020.07.15 18:30:00|408.69|409.27|402.02|404.92|12427
2020.07.15 19:30:00|404.93|408.66|403.51|408.52|10262
2020.07.15 20:30:00|408.52|410.25|407.12|409.43|9304
2020.07.15 21:30:00|409.43|410.01|406.1|409.01|10706
2020.07.15 22:30:00|409|409.81|406.82|408.75|6773
2020.07.16 16:30:00|402.38|403.84|397.32|399.96|14515
2020.07.16 17:30:00|399.97|401.36|395.61|397.47|12531
2020.07.16 18:30:00|397.46|404.61|397.46|401.32|9300
2020.07.16 19:30:00|401.3|405.78|400.95|405.37|8596
2020.07.16 20:30:00|405.36|407.78|403.65|407.4|9186
2020.07.16 21:30:00|407.41|408.04|405.42|407.18|10133
2020.07.16 22:30:00|407.19|407.85|404.36|405.2|7079
2020.07.17 16:30:00|408.15|409.24|403.21|404.66|13478
2020.07.17 17:30:00|404.66|407.22|403.32|407.06|9329
2020.07.17 18:30:00|406.97|408.73|405.23|407.82|8214
2020.07.17 19:30:00|407.83|408.42|404.95|406.32|6728
2020.07.17 20:30:00|406.37|408.21|405.48|407.58|6512
2020.07.17 21:30:00|407.62|409.69|407.29|408.78|8029
2020.07.17 22:30:00|408.78|409.21|407.28|407.88|6204
2020.07.20 16:30:00|410.93|413.77|406.07|413.45|13872
2020.07.20 17:30:00|413.45|416.58|412.92|416.56|11394
2020.07.20 18:30:00|416.56|417.61|414.62|415.35|8478
2020.07.20 19:30:00|415.31|416.55|413.93|414.69|6922
2020.07.20 20:30:00|414.64|417.27|414.02|417.12|7440
2020.07.20 21:30:00|417.12|418.73|416.61|418.42|7310
2020.07.20 22:30:00|418.4|421.02|418.23|420.1|6783
2020.07.21 16:30:00|421.23|421.44|414.16|415.46|13868
2020.07.21 17:30:00|415.46|416.19|412.88|414.02|12673
2020.07.21 18:30:00|413.85|414.55|411.21|412.95|11292
2020.07.21 19:30:00|412.97|414.25|412.1|414.08|8991
2020.07.21 20:30:00|414.09|417.8|413.93|416.87|7932
2020.07.21 21:30:00|416.87|417.14|412.17|412.77|10539
2020.07.21 22:30:00|412.77|414.39|411.39|412.92|7823
2020.07.22 16:30:00|413.99|423.9|412.96|420.53|17492
2020.07.22 17:30:00|420.45|421.72|413.56|416.89|14413
2020.07.22 18:30:00|416.89|419.27|416.78|418.62|10249
2020.07.22 19:30:00|418.62|418.88|415.93|416.65|9425
2020.07.22 20:30:00|416.65|417.1|411.46|414.43|10743
2020.07.22 21:30:00|414.46|417.48|413.98|415.89|10309
2020.07.22 22:30:00|415.89|418.06|415.82|417.42|6518
2020.07.23 16:30:00|417.44|420.99|414.44|418.54|14458
2020.07.23 17:30:00|418.66|421.63|418.08|419.8|11099
2020.07.23 18:30:00|419.86|420.28|410.6|411.1|12976
2020.07.23 19:30:00|411.1|411.22|405.2|407.67|15906
2020.07.23 20:30:00|407.67|408.05|400.92|403.92|18155
2020.07.23 21:30:00|403.86|405.84|401.52|403.99|18552
2020.07.23 22:30:00|404.06|406.2|402.68|404.96|10774
2020.07.24 16:30:00|393.8|405.95|390.9|405.31|20685
2020.07.24 17:30:00|405.31|412.72|403.38|412.33|18132
2020.07.24 18:30:00|412.32|414.33|408.37|410.5|16463
2020.07.24 19:30:00|410.5|410.98|403.78|406.82|12888
2020.07.24 20:30:00|406.82|410.33|406.22|410.08|11833
2020.07.24 21:30:00|410.08|410.15|406.72|406.96|11632
2020.07.24 22:30:00|406.97|408.6|406.07|407.6|8195
2020.07.27 16:30:00|411.96|416.22|409.2|414.42|17770
2020.07.27 17:30:00|414.38|415.72|409.38|409.89|13953
2020.07.27 18:30:00|409.82|413.2|408.41|411.4|12202
2020.07.27 19:30:00|411.4|415.71|410.87|415.63|8786
2020.07.27 20:30:00|415.63|417.26|414.63|417.08|9510
2020.07.27 21:30:00|417.08|417.45|415.32|417.02|10241
2020.07.27 22:30:00|417.02|417.43|415.41|416.68|7147
2020.07.28 16:30:00|413.59|413.83|408.72|413.51|15256
2020.07.28 17:30:00|413.51|414.03|411.25|413.41|11351
2020.07.28 18:30:00|413.38|415.04|411.52|412.43|9151
2020.07.28 19:30:00|412.43|413.66|411.84|412.92|6372
2020.07.28 20:30:00|412.93|414.31|411.84|411.89|7194
2020.07.28 21:30:00|411.88|412.44|409.22|409.47|12714
2020.07.28 22:30:00|409.47|410.33|408.19|408.44|8481
2020.07.29 16:30:00|414.43|418.53|413.67|415.88|13657
2020.07.29 17:30:00|415.89|420.45|415.63|419.49|11532
2020.07.29 18:30:00|419.51|419.7|416.13|417.11|8018
2020.07.29 19:30:00|417.12|419.19|416.98|418.42|6491
2020.07.29 20:30:00|418.36|419.43|416.92|419.16|7457
2020.07.29 21:30:00|419.14|420.4|417.02|418.56|11332
2020.07.29 22:30:00|418.55|419.73|417.77|418.65|7327
2020.07.30 16:30:00|416.56|418.39|411.62|413.48|14734
2020.07.30 17:30:00|413.48|417.21|412.9|416.61|12092
2020.07.30 18:30:00|416.53|422.07|416.41|420.91|13899
2020.07.30 19:30:00|420.78|423.76|420.47|422.67|10238
2020.07.30 20:30:00|422.68|424.51|421.46|422.21|10452
2020.07.30 21:30:00|422.23|424.7|422.16|424.5|11532
2020.07.30 22:30:00|424.45|424.72|423.19|424.23|7715
2020.07.31 16:30:00|422.42|428.6|417.1|418.82|17590
2020.07.31 17:30:00|418.82|425.2|418.72|424.05|12916
2020.07.31 18:30:00|424.05|425.7|419.58|421.1|13134
2020.07.31 19:30:00|421.1|421.1|417.52|420.62|12734
2020.07.31 20:30:00|420.55|420.79|417.62|419.57|11459
2020.07.31 21:30:00|419.57|423.81|419.02|422.9|11996
2020.07.31 22:30:00|422.89|424.45|422.44|424.09|7631
2020.08.03 16:30:00|429.85|435.49|428.63|434.7|16229
2020.08.03 17:30:00|434.71|437.39|434.37|436.97|11964
2020.08.03 18:30:00|437.05|441.71|436.05|441.38|11709
2020.08.03 19:30:00|441.38|443.71|440.92|442.3|10856
2020.08.03 20:30:00|442.3|442.7|439.42|440.73|9447
2020.08.03 21:30:00|440.71|441.24|437.95|439.42|9827
2020.08.03 22:30:00|439.4|440.81|438.22|440.05|7410
2020.08.04 16:30:00|440.89|445.69|435.92|445.02|14002
2020.08.04 17:30:00|445.09|446.71|442.32|442.97|12011
2020.08.04 18:30:00|442.95|444.61|442.22|444.35|9295
2020.08.04 19:30:00|444.44|445.75|443.92|445.41|7229
2020.08.04 20:30:00|445.41|447.57|444.82|444.88|7239
2020.08.04 21:30:00|444.87|446.92|443.02|446.69|10017
2020.08.04 22:30:00|446.77|448.87|446.02|448.83|6293
2020.08.05 16:30:00|449.72|454.58|446.44|453.51|13201
2020.08.05 17:30:00|453.53|453.69|450.58|451.96|9465
2020.08.05 18:30:00|451.96|452.25|449.94|450.53|8440
2020.08.05 19:30:00|450.48|452.02|449.32|451.17|5725
2020.08.05 20:30:00|451.17|452.78|451.07|452.21|4737
2020.08.05 21:30:00|452.25|452.73|450.16|450.96|5222
2020.08.05 22:30:00|450.97|451.56|448.93|451.34|5380
2020.08.06 16:30:00|452.82|453.94|448.84|452.16|12730
2020.08.06 17:30:00|452.18|452.67|446.92|448.95|10843
2020.08.06 18:30:00|448.95|450.39|448.82|449.56|9360
2020.08.06 19:30:00|449.56|451.47|448.84|450.99|7564
2020.08.06 20:30:00|450.97|452.53|450.87|452.07|8145
2020.08.06 21:30:00|452.03|454.13|451.88|453.21|9522
2020.08.06 22:30:00|453.27|453.67|452.32|453.11|6743
2020.08.07 16:30:00|453.66|459.95|452.43|456.98|13401
2020.08.07 17:30:00|456.83|457.41|453.63|453.93|10198
2020.08.07 18:30:00|453.93|455.73|451.98|452.92|10159
2020.08.07 19:30:00|452.92|453.01|443.01|445.43|13947
2020.08.07 20:30:00|445.43|447.64|441.7|441.93|13066
2020.08.07 21:30:00|441.93|445.66|441.32|444.16|12262
2020.08.07 22:30:00|444.13|448.05|444.03|447.82|6889
2020.08.10 16:30:00|453.25|456.01|443.99|445.75|13686
2020.08.10 17:30:00|445.75|446.05|434.04|443.82|14733
2020.08.10 18:30:00|443.83|446.29|441.45|444.21|9894
2020.08.10 19:30:00|444.24|452.41|444.24|450.93|10486
2020.08.10 20:30:00|451.02|451.04|448.27|449.44|9830
2020.08.10 21:30:00|449.55|450.01|445.58|446.13|10061
2020.08.10 22:30:00|446.08|446.98|444.62|446.32|7356
2020.08.11 16:30:00|441.39|445.3|436.06|441.6|17980
2020.08.11 17:30:00|441.62|443.74|439.92|443.02|11147
2020.08.11 18:30:00|443.03|443.36|438.36|441.96|9863
2020.08.11 19:30:00|441.96|442.87|439.83|441.4|8228
2020.08.11 20:30:00|441.39|441.39|437.63|437.87|9257
2020.08.11 21:30:00|437.81|439.84|434.82|436.83|16520
2020.08.11 22:30:00|436.72|436.86|431.54|433.91|11945
2020.08.12 16:30:00|441.33|447.3|438.09|446.54|16058
2020.08.12 17:30:00|446.62|452.67|446.53|452.29|14279
2020.08.12 18:30:00|452.31|455.73|450.64|455.18|11895
2020.08.12 19:30:00|455.17|456.1|453.02|453.22|9814
2020.08.12 20:30:00|453.21|458.43|453.16|457.04|8571
2020.08.12 21:30:00|457.08|458.42|456.35|456.73|10907
2020.08.12 22:30:00|456.71|457.65|454.18|457.22|8206
2020.08.13 16:30:00|461.51|468.53|458.92|461.92|19006
2020.08.13 17:30:00|461.94|465.31|460.67|462.72|9612
2020.08.13 18:30:00|462.73|463.92|461.07|463.14|8033
2020.08.13 19:30:00|463.1|463.83|457.96|459.01|7872
2020.08.13 20:30:00|459.01|460.61|454.88|456.35|11465
2020.08.13 21:30:00|456.35|459.07|454.05|458.71|15246
2020.08.13 22:30:00|458.71|459.73|457|457.43|8773
2020.08.14 16:30:00|460.96|467.9|460.02|460.67|16380
2020.08.14 17:30:00|460.8|464.34|460.17|462.92|10445
2020.08.14 18:30:00|462.98|463.9|457.85|460.58|10061
2020.08.14 19:30:00|460.58|462.55|459.35|460.53|6737
2020.08.14 20:30:00|460.53|460.9|457.39|459.46|8262
2020.08.14 21:30:00|459.5|460.11|458.22|459.14|7555
2020.08.14 22:30:00|459.11|462.41|459.02|462.37|6335
2020.08.17 16:30:00|473.81|489.56|473.45|488.57|18244
2020.08.17 17:30:00|488.57|492.03|486.59|490.4|10680
2020.08.17 18:30:00|490.34|493.11|488.07|491.92|8648
2020.08.17 19:30:00|491.93|495.67|491.73|493.38|8318
2020.08.17 20:30:00|493.38|496.12|493.35|494.16|7109
2020.08.17 21:30:00|494.24|495.53|492.33|493.3|7231
2020.08.17 22:30:00|493.32|493.95|490.87|493.25|5894
2020.08.18 16:30:00|497.33|499.53|483.12|486.45|20248
2020.08.18 17:30:00|486.44|492.71|485.37|491.42|11994
2020.08.18 18:30:00|491.43|492.02|488.93|491.32|6940
2020.08.18 19:30:00|491.35|493.1|487.19|489.02|7609
2020.08.18 20:30:00|489.02|489.76|487.27|488.67|5665
2020.08.18 21:30:00|488.73|490.24|488.62|489.38|6774
2020.08.18 22:30:00|489.33|493.41|489.29|490.24|7028
2020.08.19 16:30:00|491.72|492.05|484.87|491.25|19564
2020.08.19 17:30:00|491.3|491.72|487.82|488.23|10589
2020.08.19 18:30:00|488.14|491.37|488.07|490.96|8877
2020.08.19 19:30:00|490.89|491.42|488.7|489.03|6158
2020.08.19 20:30:00|488.94|489.84|483.63|484.91|11375
2020.08.19 21:30:00|484.91|487.96|484.32|486.42|16082
2020.08.19 22:30:00|486.43|486.88|484.52|485.57|10182
2020.08.20 16:30:00|477.13|494.76|474.97|486.15|21300
2020.08.20 17:30:00|486.06|488.41|481.83|488.01|12501
2020.08.20 18:30:00|487.95|488.65|485.82|486.63|8995
2020.08.20 19:30:00|486.63|488.26|484.82|487.32|7436
2020.08.20 20:30:00|487.4|489.67|486.12|487.32|8595
2020.08.20 21:30:00|487.25|489.88|486.82|487.87|9813
2020.08.20 22:30:00|487.81|489.54|484.72|485.39|6759
2020.08.21 16:30:00|490.23|499.95|488.02|498.9|21281
2020.08.21 17:30:00|499.08|504.53|496.32|504.42|14604
2020.08.21 18:30:00|504.35|505.05|500.95|503.38|13007
2020.08.21 19:30:00|503.32|512.0599999999999|503.13|509.65|13251
2020.08.21 20:30:00|509.64|509.75|503.84|505.92|10682
2020.08.21 21:30:00|505.92|507.36|503.21|504.46|10023
