2021.02.11 17:30:00|63.05|63.1|62.68|62.76|522
2021.02.11 18:30:00|62.87|63.08|62.77|62.85|555
2021.02.11 19:30:00|62.85|62.9|62.58|62.64|877
2021.02.11 20:30:00|62.63|62.7|62.25|62.28|380
2021.02.11 21:30:00|62.29|62.41|62.13|62.33|455
2021.02.11 22:30:00|62.34|62.6|62.34|62.55|264
2021.02.12 16:30:00|62.71|62.77|62.16|62.37|1265
2021.02.12 17:30:00|62.36|62.66|62.26|62.56|654
2021.02.12 18:30:00|62.57|62.74|62.51|62.51|324
2021.02.12 19:30:00|62.6|62.67|62.26|62.34|241
2021.02.12 20:30:00|62.35|62.49|62.33|62.47|176
2021.02.12 21:30:00|62.48|62.75|62.43|62.71|239
2021.02.12 22:30:00|62.7|62.96|62.67|62.91|253
2021.02.16 16:30:00|63.14|63.14|62.36|62.41|1604
2021.02.16 17:30:00|62.4|62.45|61.94|61.97|915
2021.02.16 18:30:00|61.96|62.37|61.95|62.34|849
2021.02.16 19:30:00|62.43|62.43|62.07|62.16|291
2021.02.16 20:30:00|62.16|62.26|62.08|62.16|279
2021.02.16 21:30:00|62.15|62.3|62.12|62.15|402
2021.02.16 22:30:00|62.14|62.2|61.99|61.99|259
2021.02.17 16:30:00|61.56|61.91|61.29|61.31|1420
2021.02.17 17:30:00|61.31|61.81|61.21|61.67|951
2021.02.17 18:30:00|61.67|61.82|61.6|61.67|634
2021.02.17 19:30:00|61.77|61.82|61.62|61.78|250
2021.02.17 20:30:00|61.77|61.89|61.68|61.79|379
2021.02.17 21:30:00|61.78|61.95|61.74|61.94|204
2021.02.17 22:30:00|61.94|62.04|61.9|61.94|227
2021.02.18 16:30:00|61.82|62.01|61.59|61.78|1902
2021.02.18 17:30:00|61.75|61.75|61.51|61.67|637
2021.02.18 18:30:00|61.67|61.85|61.51|61.72|325
2021.02.18 19:30:00|61.71|61.83|61.58|61.78|293
2021.02.18 20:30:00|61.79|61.96|61.74|61.87|291
2021.02.18 21:30:00|61.88|62.08|61.85|62.01|278
2021.02.18 22:30:00|62|62.07|61.87|61.91|251
2021.02.19 16:30:00|62.21|62.21|61.65|61.72|1071
2021.02.19 17:30:00|61.72|61.91|61.48|61.83|417
2021.02.19 18:30:00|61.82|61.94|61.67|61.7|311
2021.02.19 19:30:00|61.69|61.79|61.56|61.69|300
2021.02.19 20:30:00|61.68|61.75|61.31|61.34|269
2021.02.19 21:30:00|61.35|61.39|60.92|61.11|644
2021.02.19 22:30:00|61.1|61.24|60.97|60.98|387
2021.02.22 16:30:00|62.38|63.81|62.23|63.74|3641
2021.02.22 17:30:00|63.75|64.81|63.72|64.69|2599
2021.02.22 18:30:00|64.69|64.72|64.16|64.53|1650
2021.02.22 19:30:00|64.54000000000001|64.68000000000001|64.34999999999999|64.36|979
2021.02.22 20:30:00|64.34999999999999|64.52|64.16|64.51000000000001|733
2021.02.22 21:30:00|64.52|64.76000000000001|64.38|64.64|672
2021.02.22 22:30:00|64.63|64.64|64.23|64.3|627
2021.02.23 16:30:00|64.5|64.8|63.87|64.41|4926
2021.02.23 17:30:00|64.40000000000001|64.59|63.89|64.53|2143
2021.02.23 18:30:00|64.52|64.97|64.41|64.65000000000001|1702
2021.02.23 19:30:00|64.64|65.05|64.48999999999999|64.93000000000001|1417
2021.02.23 20:30:00|64.92|65.06|64.76000000000001|64.84|910
2021.02.23 21:30:00|64.84|64.90000000000001|64.59999999999999|64.81999999999999|1129
2021.02.23 22:30:00|64.83|64.84|64.26000000000001|64.31|709
2021.02.24 16:30:00|64.48|64.94|63.9|64.91|3101
2021.02.24 17:30:00|64.93000000000001|64.98999999999999|64.62|64.79000000000001|1456
2021.02.24 18:30:00|64.8|64.84999999999999|64.45|64.58|804
2021.02.24 19:30:00|64.56999999999999|64.8|64.51000000000001|64.7|565
2021.02.24 20:30:00|64.69|64.93000000000001|64.58|64.93000000000001|593
2021.02.24 21:30:00|64.92|65.06|64.73|64.84999999999999|551
2021.02.24 22:30:00|64.83|64.88|64.51000000000001|64.53|455
2021.02.25 16:30:00|64.77|65.93000000000001|64.62|65.88|2756
2021.02.25 17:30:00|65.86|66.2|65.72|66.12|2432
2021.02.25 18:30:00|66.11|66.11|65.55|65.84999999999999|1878
2021.02.25 19:30:00|65.83|65.84|64.94|65.29000000000001|3794
2021.02.25 20:30:00|65.28|65.81|65.13|65.78|2050
2021.02.25 21:30:00|65.77|65.78|65.13|65.15000000000001|2142
2021.02.25 22:30:00|65.14|65.42|64.86|65.17|1390
2021.02.26 16:30:00|65.58|66.09999999999999|64.66|65.56999999999999|4178
2021.02.26 17:30:00|65.58|66.09|65.37|65.65000000000001|3800
2021.02.26 18:30:00|65.66|66.11|65.56|65.91|1549
2021.02.26 19:30:00|65.90000000000001|65.92|65.36|65.61|1160
2021.02.26 20:30:00|65.62|65.65000000000001|64.70999999999999|64.81|1734
2021.02.26 21:30:00|64.81|65.08|64.68000000000001|64.86|2063
2021.02.26 22:30:00|64.84999999999999|64.89|64.34999999999999|64.42|1118
2021.03.01 16:30:00|64.70999999999999|65.7|64.56|65.65000000000001|3621
2021.03.01 17:30:00|65.64|65.93000000000001|65.48|65.83|1692
2021.03.01 18:30:00|65.84|66.31|65.75|66.27|1047
2021.03.01 19:30:00|66.27|66.34999999999999|66.16|66.25|933
2021.03.01 20:30:00|66.26000000000001|66.56999999999999|66.23|66.53|796
2021.03.01 21:30:00|66.53|66.54000000000001|66.19|66.45|844
2021.03.01 22:30:00|66.44|66.44|65.89|66.02|682
2021.03.02 16:30:00|66.17|66.23999999999999|65.84999999999999|66.01000000000001|2788
2021.03.02 17:30:00|66.01000000000001|66.33|65.95|66.33|1421
2021.03.02 18:30:00|66.31999999999999|66.56999999999999|66.14|66.56999999999999|1240
2021.03.02 19:30:00|66.58|66.90000000000001|66.54000000000001|66.70999999999999|779
2021.03.02 20:30:00|66.72|67.23|66.72|67|1043
2021.03.02 21:30:00|67.01000000000001|67.27|66.83|67|1325
2021.03.02 22:30:00|66.98999999999999|66.98999999999999|66.48999999999999|66.51000000000001|770
2021.03.03 16:30:00|66.51000000000001|67.38|66.34|67.06|3625
2021.03.03 17:30:00|67.05|67.11|66.55|66.95|1797
2021.03.03 18:30:00|66.94|67.11|66.75|66.81999999999999|1029
2021.03.03 19:30:00|66.81|66.88|66.5|66.86|722
2021.03.03 20:30:00|66.84999999999999|66.94|66.48999999999999|66.89|1085
2021.03.03 21:30:00|66.89|67.09|66.70999999999999|66.98999999999999|1349
2021.03.03 22:30:00|66.98|67.06999999999999|66.76000000000001|66.77|794
2021.03.04 16:30:00|66.86|67.15000000000001|66.33|66.59|3017
2021.03.04 17:30:00|66.59|66.78|66.36|66.64|2000
2021.03.04 18:30:00|66.63|66.73|65.81|65.83|2182
2021.03.04 19:30:00|65.81999999999999|66.01000000000001|65.42|65.7|3602
2021.03.04 20:30:00|65.69|65.70999999999999|65.16|65.7|3106
2021.03.04 21:30:00|65.68000000000001|65.98|65.44|65.75|2241
2021.03.04 22:30:00|65.75|65.78|65.38|65.45|1158
2021.03.05 16:30:00|67.31999999999999|69.91|67.17|69.59|7151
2021.03.05 17:30:00|69.58|69.91|68.87|69.83|5314
2021.03.05 18:30:00|69.81999999999999|71.56|69.59|70.05|5890
2021.03.05 19:30:00|70.05|70.34999999999999|69.75|70.02|5022
2021.03.05 20:30:00|70.03|70.29000000000001|69.68000000000001|69.91|4658
2021.03.05 21:30:00|69.91|70.33|69.84999999999999|70.22|4006
2021.03.05 22:30:00|70.23|70.26000000000001|69.77|69.77|1344
2021.03.08 16:30:00|70.47|72.48999999999999|70.31|71.43000000000001|6896
2021.03.08 17:30:00|71.42|71.5|70.78|71.28|4179
2021.03.08 18:30:00|71.29000000000001|71.52|70.67|71.5|2317
2021.03.08 19:30:00|71.5|72.09999999999999|71.48999999999999|72.01000000000001|2077
2021.03.08 20:30:00|72.01000000000001|72.7|71.88|72.69|2588
2021.03.08 21:30:00|72.69|72.78|72.34999999999999|72.61|2826
2021.03.08 22:30:00|72.62|72.66|71.97|71.98999999999999|1334
2021.03.09 16:30:00|72.53|73.02|71.87|72.42|4119
2021.03.09 17:30:00|72.41|72.56|72.15000000000001|72.45999999999999|2411
2021.03.09 18:30:00|72.47|72.83|72.44|72.81999999999999|1022
2021.03.09 19:30:00|72.81999999999999|72.95|72.55|72.76000000000001|1347
2021.03.09 20:30:00|72.77|73.04000000000001|72.73999999999999|72.81999999999999|715
2021.03.09 21:30:00|72.83|73.06999999999999|72.51000000000001|73.06|1428
2021.03.09 22:30:00|73.05|73.05|72.48999999999999|72.5|785
2021.03.10 16:30:00|73.31|73.39|72.05|72.06999999999999|3914
2021.03.10 17:30:00|72.06|72.31|71.73999999999999|71.89|3061
2021.03.10 18:30:00|71.90000000000001|72.34|71.70999999999999|72.33|1651
2021.03.10 19:30:00|72.33|72.53|72.04000000000001|72.38|2636
2021.03.10 20:30:00|72.39|72.44|72.09|72.2|1634
2021.03.10 21:30:00|72.20999999999999|72.42|72.09999999999999|72.2|1503
2021.03.10 22:30:00|72.17|72.34|71.89|72|750
2021.03.11 16:30:00|67.34999999999999|67.63|65.28|66.17|5914
2021.03.11 17:30:00|66.19|67.12|66.11|66.3|3043
2021.03.11 18:30:00|66.31|67.34|66.17|66.86|2809
2021.03.11 19:30:00|66.84999999999999|67.20999999999999|66.81999999999999|67.17|1813
2021.03.11 20:30:00|67.17|67.59|66.83|67.47|1848
2021.03.11 21:30:00|67.48999999999999|67.93000000000001|67.31|67.89|2005
2021.03.11 22:30:00|67.88|67.89|67.13|67.27|746
2021.03.12 16:30:00|67.08|67.68000000000001|66.3|66.7|3534
2021.03.12 17:30:00|66.68000000000001|67.17|66.62|67.09999999999999|2015
2021.03.12 18:30:00|67.09|67.25|67.02|67.14|972
2021.03.12 19:30:00|67.15000000000001|67.25|66.93000000000001|67.09|538
2021.03.12 20:30:00|67.09999999999999|67.19|66.89|66.98|473
2021.03.12 21:30:00|66.98999999999999|67.19|66.94|67.04000000000001|334
2021.03.12 22:30:00|67.12|67.13|66.92|67.01000000000001|297
2021.03.15 15:30:00|67.09|67.29000000000001|66.89|66.93000000000001|2122
2021.03.15 16:30:00|66.92|67.18000000000001|66.78|66.94|862
2021.03.15 17:30:00|66.95|67.31|66.81999999999999|67.13|664
2021.03.15 18:30:00|67.14|67.3|66.98|67.29000000000001|430
2021.03.15 19:30:00|67.3|67.56|67.14|67.45999999999999|380
2021.03.15 20:30:00|67.47|67.48|67.23999999999999|67.29000000000001|463
2021.03.15 21:30:00|67.29000000000001|67.62|67.12|67.56999999999999|346
2021.03.16 15:30:00|67.73999999999999|67.73999999999999|66.75|66.84|1960
2021.03.16 16:30:00|66.84|67.03|66.75|66.86|587
2021.03.16 17:30:00|66.87|66.92|66.70999999999999|66.87|478
2021.03.16 18:30:00|66.87|66.95999999999999|66.75|66.81|522
2021.03.16 19:30:00|66.81999999999999|66.83|66.53|66.68000000000001|555
2021.03.16 20:30:00|66.69|66.87|66.61|66.75|501
2021.03.16 21:30:00|66.77|66.83|66.63|66.69|398
2021.03.17 15:30:00|66.45|66.68000000000001|66.03|66.51000000000001|2159
2021.03.17 16:30:00|66.5|66.52|66.15000000000001|66.28|838
2021.03.17 17:30:00|66.26000000000001|66.51000000000001|66.22|66.36|408
2021.03.17 18:30:00|66.37|66.45|66.22|66.29000000000001|393
2021.03.17 19:30:00|66.28|66.39|66.09|66.15000000000001|1085
2021.03.17 20:30:00|66.16|66.40000000000001|66.08|66.2|880
2021.03.17 21:30:00|66.19|66.28|66|66.05|355
2021.03.18 15:30:00|66.13|66.84|65.92|66.26000000000001|2108
2021.03.18 16:30:00|66.27|66.73999999999999|66.2|66.61|894
2021.03.18 17:30:00|66.61|66.90000000000001|66.5|66.73999999999999|422
2021.03.18 18:30:00|66.84|66.84999999999999|66.53|66.65000000000001|355
2021.03.18 19:30:00|66.64|66.86|66.31999999999999|66.34|347
2021.03.18 20:30:00|66.34999999999999|66.7|66.15000000000001|66.67|920
2021.03.18 21:30:00|66.69|66.70999999999999|66.38|66.58|479
2021.03.19 15:30:00|66.68000000000001|66.68000000000001|65.81|65.95999999999999|2460
2021.03.19 16:30:00|65.97|66.29000000000001|65.90000000000001|66.23|1012
2021.03.19 17:30:00|66.22|66.56|66.22|66.55|734
2021.03.19 18:30:00|66.56|66.68000000000001|66.37|66.48999999999999|397
2021.03.19 19:30:00|66.56999999999999|66.56999999999999|66.29000000000001|66.47|344
2021.03.19 20:30:00|66.48|66.68000000000001|66.43000000000001|66.47|500
2021.03.19 21:30:00|66.45|66.45|66.06999999999999|66.14|768
2021.03.22 15:30:00|66.15000000000001|66.36|65.70999999999999|66.19|1892
2021.03.22 16:30:00|66.2|66.36|66.11|66.22|628
2021.03.22 17:30:00|66.2|66.34|66.16|66.27|443
2021.03.22 18:30:00|66.26000000000001|66.34|66.08|66.09|332
2021.03.22 19:30:00|66.09999999999999|66.23|65.98999999999999|66.17|345
2021.03.22 20:30:00|66.15000000000001|66.34999999999999|66.02|66.14|404
2021.03.22 21:30:00|66.17|66.23|66|66.16|264
2021.03.23 15:30:00|66.26000000000001|67.3|66.20999999999999|67.15000000000001|2293
2021.03.23 16:30:00|67.16|67.31999999999999|66.84|67.31|1339
2021.03.23 17:30:00|67.3|67.73999999999999|67.29000000000001|67.55|1390
2021.03.23 18:30:00|67.54000000000001|67.63|67.48999999999999|67.58|654
2021.03.23 19:30:00|67.58|67.72|67.38|67.7|748
2021.03.23 20:30:00|67.70999999999999|67.73|67.03|67.03|787
2021.03.23 21:30:00|67.02|67.2|66.88|67.12|629
2021.03.24 15:30:00|66.98999999999999|67.22|66.89|67.12|1964
2021.03.24 16:30:00|67.11|67.20999999999999|66.98|67.04000000000001|1000
2021.03.24 17:30:00|67.04000000000001|67.11|66.81999999999999|67.09999999999999|601
2021.03.24 18:30:00|67.09999999999999|67.17|66.95999999999999|67.05|538
2021.03.24 19:30:00|67.06|67.16|66.97|66.98|394
2021.03.24 20:30:00|66.98|67.25|66.94|67.09|1052
2021.03.24 21:30:00|67.12|67.12|66.59|66.68000000000001|908
2021.03.25 15:30:00|66.83|67.81999999999999|66.69|67.62|2656
2021.03.25 16:30:00|67.61|68.56999999999999|67.61|68.47|2251
2021.03.25 17:30:00|68.45999999999999|68.48999999999999|67.83|67.84999999999999|2415
2021.03.25 18:30:00|67.86|68.28|67.76000000000001|68.26000000000001|1544
2021.03.25 19:30:00|68.25|68.41|68.12|68.23|1292
2021.03.25 20:30:00|68.23999999999999|68.45999999999999|68.11|68.44|1399
2021.03.25 21:30:00|68.43000000000001|68.54000000000001|68.29000000000001|68.48|632
2021.03.26 15:30:00|68.45999999999999|69.17|68.11|69.12|2460
2021.03.26 16:30:00|69.13|69.15000000000001|68.62|68.97|1424
2021.03.26 17:30:00|68.98|69.26000000000001|68.81999999999999|69.19|842
2021.03.26 18:30:00|69.2|69.45|69.14|69.3|421
2021.03.26 19:30:00|69.31|69.61|69.19|69.56|819
2021.03.26 20:30:00|69.56999999999999|69.79000000000001|69.42|69.77|983
2021.03.26 21:30:00|69.78|70.20999999999999|69.61|70.12|553
2021.03.29 16:30:00|70.09|70.98999999999999|70.02|70.8|3466
2021.03.29 17:30:00|70.79000000000001|72.17|70.78|71.76000000000001|2913
2021.03.29 18:30:00|71.77|71.81999999999999|71.08|71.13|1950
2021.03.29 19:30:00|71.12|71.43000000000001|71.06|71.13|1124
2021.03.29 20:30:00|71.13|71.23999999999999|70.89|70.97|1066
2021.03.29 21:30:00|70.95999999999999|71.19|70.89|71.18000000000001|821
2021.03.29 22:30:00|71.17|71.26000000000001|70.86|70.95999999999999|486
2021.03.30 16:30:00|70.81|70.90000000000001|70.02|70.28|2951
2021.03.30 17:30:00|70.28|70.33|69.84999999999999|70.13|1360
2021.03.30 18:30:00|70.11|70.29000000000001|69.8|70.05|832
2021.03.30 19:30:00|70.04000000000001|70.56|70.01000000000001|70.55|703
2021.03.30 20:30:00|70.56|70.70999999999999|70.39|70.45|472
2021.03.30 21:30:00|70.45|70.53|70.29000000000001|70.53|486
2021.03.30 22:30:00|70.56999999999999|70.56999999999999|70.31999999999999|70.37|439
2021.03.31 16:30:00|70.75|70.90000000000001|69.76000000000001|70.09|2208
2021.03.31 17:30:00|70.08|70.40000000000001|69.95|70.16|1062
2021.03.31 18:30:00|70.15000000000001|70.38|70.14|70.23|661
2021.03.31 19:30:00|70.23999999999999|70.28|70.06|70.2|514
2021.03.31 20:30:00|70.2|70.3|70.13|70.22|568
2021.03.31 21:30:00|70.23|70.39|70.16|70.18000000000001|781
2021.03.31 22:30:00|70.17|70.23999999999999|70.03|70.04000000000001|698
2021.04.01 16:30:00|70.42|71.31|70.36|70.95|2398
2021.04.01 17:30:00|70.95|71.56|70.84999999999999|71.52|704
2021.04.01 18:30:00|71.53|71.63|71.36|71.44|529
2021.04.01 19:30:00|71.45|71.68000000000001|71.44|71.5|372
2021.04.01 20:30:00|71.51000000000001|71.63|71.45999999999999|71.48999999999999|300
2021.04.01 21:30:00|71.48|71.5|71.18000000000001|71.3|334
2021.04.01 22:30:00|71.27|71.67|71.22|71.65000000000001|315
2021.04.05 16:30:00|71.95|73.2|71.91|73.19|2684
2021.04.05 17:30:00|73.19|73.98999999999999|73.15000000000001|73.91|1178
2021.04.05 18:30:00|73.92|74.48999999999999|73.86|74.37|1222
2021.04.05 19:30:00|74.39|74.59999999999999|74.37|74.48|476
2021.04.05 20:30:00|74.47|74.59999999999999|74.22|74.59|625
2021.04.05 21:30:00|74.61|74.73999999999999|74.14|74.18000000000001|702
2021.04.05 22:30:00|74.19|74.36|73.75|74.01000000000001|1579
2021.04.06 16:30:00|73.51000000000001|73.95999999999999|73|73.88|1913
2021.04.06 17:30:00|73.88|74.13|73.72|73.98999999999999|938
2021.04.06 18:30:00|73.98|74.31999999999999|73.81|74.31999999999999|464
2021.04.06 19:30:00|74.31|74.31999999999999|73.88|74.19|485
2021.04.06 20:30:00|74.18000000000001|74.48999999999999|74.09999999999999|74.45999999999999|508
2021.04.06 21:30:00|74.45|74.45|74.06|74.44|666
2021.04.06 22:30:00|74.45|74.45999999999999|74.04000000000001|74.13|538
2021.04.07 16:30:00|73.7|73.97|73.42|73.72|1289
2021.04.07 17:30:00|73.70999999999999|73.93000000000001|73.56999999999999|73.73999999999999|689
2021.04.07 18:30:00|73.75|73.81999999999999|73.42|73.48999999999999|607
2021.04.07 19:30:00|73.48999999999999|73.52|73.34|73.36|469
2021.04.07 20:30:00|73.36|73.62|73.3|73.56999999999999|605
2021.04.07 21:30:00|73.56|73.87|73.48999999999999|73.86|415
2021.04.07 22:30:00|73.86|74.01000000000001|73.83|73.92|374
2021.04.08 16:30:00|74.09999999999999|74.70999999999999|74.03|74.53|1530
2021.04.08 17:30:00|74.54000000000001|75.11|74.53|74.95999999999999|893
2021.04.08 18:30:00|74.98|75.20999999999999|74.93000000000001|75.11|521
2021.04.08 19:30:00|75.09999999999999|75.18000000000001|74.87|74.90000000000001|326
2021.04.08 20:30:00|74.91|75.19|74.90000000000001|75.19|224
2021.04.08 21:30:00|75.18000000000001|75.37|75.11|75.20999999999999|317
2021.04.08 22:30:00|75.22|75.33|75.06999999999999|75.13|336
2021.04.09 16:30:00|74.98999999999999|75.43000000000001|74.90000000000001|75.11|1235
2021.04.09 17:30:00|75.09999999999999|75.16|74.75|74.83|951
2021.04.09 18:30:00|74.81999999999999|75.15000000000001|74.81999999999999|75.13|297
2021.04.09 19:30:00|75.13|75.13|74.95|75.05|150
2021.04.09 20:30:00|75.06|75.20999999999999|75.01000000000001|75.02|244
2021.04.09 21:30:00|75.02|75.29000000000001|74.95|75.29000000000001|250
2021.04.09 22:30:00|75.3|75.53|75.29000000000001|75.44|551
2021.04.12 16:30:00|75.31999999999999|75.81|75.23|75.44|1094
2021.04.12 17:30:00|75.45|75.53|75.14|75.28|695
2021.04.12 18:30:00|75.31999999999999|75.52|75.29000000000001|75.52|309
2021.04.12 19:30:00|75.52|75.94|75.51000000000001|75.84999999999999|333
2021.04.12 20:30:00|75.84|76.03|75.8|76.03|446
2021.04.12 21:30:00|76.02|76.05|75.69|75.95|429
2021.04.12 22:30:00|75.95999999999999|76.01000000000001|75.86|75.97|502
2021.04.13 16:30:00|75.97|76.5|75.90000000000001|76.25|1056
2021.04.13 17:30:00|76.27|76.43000000000001|76.23999999999999|76.41|504
2021.04.13 18:30:00|76.41|76.58|76.34999999999999|76.38|313
2021.04.13 19:30:00|76.38|76.42|76.23999999999999|76.33|270
2021.04.13 20:30:00|76.37|76.87|76.34|76.83|239
2021.04.13 21:30:00|76.83|76.86|76.61|76.76000000000001|410
2021.04.13 22:30:00|76.76000000000001|76.8|76.52|76.52|440
2021.04.14 16:30:00|76.64|77.16|76.55|77.13|1357
2021.04.14 17:30:00|77.12|77.20999999999999|76.91|77|696
2021.04.14 18:30:00|77|77.04000000000001|76.87|76.90000000000001|413
2021.04.14 19:30:00|76.90000000000001|77.11|76.75|77.11|457
2021.04.14 20:30:00|77.09999999999999|77.11|76.62|76.67|818
2021.04.14 21:30:00|76.68000000000001|76.76000000000001|76.45|76.73999999999999|737
2021.04.14 22:30:00|76.75|76.75|76.51000000000001|76.66|666
2021.04.15 16:30:00|76.98999999999999|77.84|76.67|77.79000000000001|1743
2021.04.15 17:30:00|77.8|77.93000000000001|77.53|77.93000000000001|1160
2021.04.15 18:30:00|77.93000000000001|78.14|77.81999999999999|77.94|743
2021.04.15 19:30:00|77.94|78.34|77.93000000000001|78.22|594
2021.04.15 20:30:00|78.23|78.39|78.13|78.31|579
2021.04.15 21:30:00|78.31999999999999|78.33|77.79000000000001|77.95|683
2021.04.15 22:30:00|77.98999999999999|78.2|77.92|78.13|523
2021.04.16 16:30:00|77.97|78.55|77.7|78.28|1810
2021.04.16 17:30:00|78.27|78.53|78.14|78.23999999999999|655
2021.04.16 18:30:00|78.25|78.41|78.11|78.41|400
2021.04.16 19:30:00|78.41|78.67|78.38|78.59|453
2021.04.16 20:30:00|78.59999999999999|78.86|78.59999999999999|78.8|528
2021.04.16 21:30:00|78.81|78.95999999999999|78.79000000000001|78.95999999999999|408
2021.04.16 22:30:00|78.97|79.18000000000001|78.79000000000001|78.79000000000001|519
2021.04.19 16:30:00|79.06999999999999|79.41|78.84|78.84|1833
2021.04.19 17:30:00|78.84999999999999|79.72|78.84999999999999|79.55|1161
2021.04.19 18:30:00|79.56|79.81|79.53|79.73|1038
2021.04.19 19:30:00|79.73999999999999|80.05|79.51000000000001|79.53|754
2021.04.19 20:30:00|79.54000000000001|79.58|79.14|79.25|1156
2021.04.19 21:30:00|79.25|79.26000000000001|78.22|78.36|2167
2021.04.19 22:30:00|78.34999999999999|78.62|78.19|78.61|931
2021.04.20 16:30:00|78.73999999999999|79.26000000000001|78.62|78.77|2609
2021.04.20 17:30:00|78.78|79.12|78.73999999999999|78.95|1292
2021.04.20 18:30:00|78.95999999999999|78.95999999999999|78.66|78.81|484
2021.04.20 19:30:00|78.79000000000001|78.8|78.56|78.65000000000001|540
2021.04.20 20:30:00|78.66|79.06|78.59999999999999|78.94|655
2021.04.20 21:30:00|78.95|79.15000000000001|78.81|79.09|554
2021.04.20 22:30:00|79.09|79.18000000000001|78.98|79.08|477
2021.04.21 16:30:00|78.89|79.15000000000001|77.87|78.25|2003
2021.04.21 17:30:00|78.27|78.29000000000001|76.38|76.73|3769
2021.04.21 18:30:00|76.73|77.04000000000001|76.5|76.70999999999999|1591
2021.04.21 19:30:00|76.7|76.94|76.53|76.86|1179
2021.04.21 20:30:00|76.87|76.88|76.56|76.64|605
2021.04.21 21:30:00|76.61|76.72|76.53|76.62|458
2021.04.21 22:30:00|76.63|76.87|76.48999999999999|76.51000000000001|514
2021.04.22 16:30:00|76.04000000000001|76.3|75.27|75.34999999999999|3076
2021.04.22 17:30:00|75.37|75.55|75.17|75.2|1552
2021.04.22 18:30:00|75.19|75.3|74.59999999999999|75.13|1128
2021.04.22 19:30:00|75.14|75.23999999999999|74.79000000000001|74.94|1769
2021.04.22 20:30:00|74.93000000000001|75|74.59|74.84|1695
2021.04.22 21:30:00|74.84999999999999|74.95999999999999|74.59|74.67|734
2021.04.22 22:30:00|74.66|74.94|74.66|74.72|656
2021.04.23 16:30:00|74.18000000000001|74.58|73.7|73.95|2633
2021.04.23 17:30:00|73.93000000000001|74.5|73.93000000000001|74.23|1229
2021.04.23 18:30:00|74.23999999999999|74.42|74.09|74.40000000000001|580
2021.04.23 19:30:00|74.39|74.61|74.37|74.48|457
2021.04.23 20:30:00|74.47|74.56|74.45|74.48999999999999|285
2021.04.23 21:30:00|74.5|74.73|74.48999999999999|74.7|395
2021.04.23 22:30:00|74.70999999999999|74.84999999999999|74.65000000000001|74.81999999999999|362
2021.04.26 16:30:00|74.93000000000001|74.93000000000001|74.05|74.23999999999999|1798
2021.04.26 17:30:00|74.23|74.36|74.16|74.31|582
2021.04.26 18:30:00|74.33|74.38|74.22|74.27|302
2021.04.26 19:30:00|74.26000000000001|74.36|74.22|74.3|238
2021.04.26 20:30:00|74.34|74.34|74.23|74.25|242
2021.04.26 21:30:00|74.26000000000001|74.38|74.20999999999999|74.22|231
2021.04.26 22:30:00|74.22|74.36|74.2|74.36|383
2021.04.27 16:30:00|74.26000000000001|74.81999999999999|74.06|74.65000000000001|2985
2021.04.27 17:30:00|74.64|74.92|74.63|74.84|995
2021.04.27 18:30:00|74.84|75.27|74.81|75.09999999999999|824
2021.04.27 19:30:00|75.09|75.2|74.93000000000001|74.94|445
2021.04.27 20:30:00|74.95|75.23|74.95|75.03|540
2021.04.27 21:30:00|75.04000000000001|75.08|74.87|75.01000000000001|393
2021.04.27 22:30:00|75.01000000000001|75.11|74.84999999999999|75.06|384
2021.04.28 16:30:00|75.01000000000001|75.11|74.64|74.73999999999999|2371
2021.04.28 17:30:00|74.73|75.09999999999999|74.73|75|789
2021.04.28 18:30:00|74.98999999999999|75.05|74.73|74.75|437
2021.04.28 19:30:00|74.73999999999999|74.83|74.72|74.8|214
2021.04.28 20:30:00|74.83|74.83|74.58|74.66|908
2021.04.28 21:30:00|74.66|74.90000000000001|74.61|74.69|945
2021.04.28 22:30:00|74.68000000000001|74.7|74.52|74.61|381
2021.04.29 16:30:00|74.92|75.12|74.48|74.84999999999999|3305
2021.04.29 17:30:00|74.86|75.06|74.81|74.86|1433
2021.04.29 18:30:00|74.87|75.5|74.84999999999999|75.48999999999999|1070
2021.04.29 19:30:00|75.48|75.73999999999999|75.45|75.64|783
2021.04.29 20:30:00|75.65000000000001|75.65000000000001|75.34|75.38|824
2021.04.29 21:30:00|75.37|75.65000000000001|75.34999999999999|75.48999999999999|678
2021.04.29 22:30:00|75.5|75.72|75.43000000000001|75.70999999999999|505
2021.04.30 16:30:00|75.54000000000001|75.70999999999999|75.04000000000001|75.3|2375
2021.04.30 17:30:00|75.29000000000001|75.52|75.26000000000001|75.38|945
2021.04.30 18:30:00|75.39|75.59|75.34|75.45999999999999|374
2021.04.30 19:30:00|75.45|75.5|75.38|75.48|355
2021.04.30 20:30:00|75.48999999999999|75.59999999999999|75.3|75.59|458
2021.04.30 21:30:00|75.58|75.72|75.55|75.63|465
2021.04.30 22:30:00|75.64|75.76000000000001|75.48999999999999|75.61|595
2021.05.03 16:30:00|76.05|76.73999999999999|75.94|76.48|2282
2021.05.03 17:30:00|76.48|76.59|76.27|76.37|845
2021.05.03 18:30:00|76.41|76.86|76.33|76.75|702
2021.05.03 19:30:00|76.73999999999999|76.93000000000001|76.54000000000001|76.84999999999999|487
2021.05.03 20:30:00|76.86|77.11|76.66|77.04000000000001|695
2021.05.03 21:30:00|77.03|77.20999999999999|76.97|77.17|517
2021.05.03 22:30:00|77.18000000000001|77.31999999999999|77.17|77.18000000000001|415
2021.05.04 16:30:00|77.17|78.36|77.04000000000001|78.16|3695
2021.05.04 17:30:00|78.17|78.23999999999999|77.75|77.91|1713
2021.05.04 18:30:00|77.91|78.15000000000001|77.69|78.14|777
2021.05.04 19:30:00|78.16|78.23999999999999|77.94|78.09999999999999|624
2021.05.04 20:30:00|78.11|78.3|77.98999999999999|78.3|535
2021.05.04 21:30:00|78.29000000000001|78.54000000000001|78.08|78.31999999999999|633
2021.05.04 22:30:00|78.31|78.45999999999999|78.19|78.37|657
2021.05.05 16:30:00|78.73999999999999|78.86|78.26000000000001|78.7|2131
2021.05.05 17:30:00|78.69|78.81999999999999|78.62|78.66|654
2021.05.05 18:30:00|78.7|78.86|78.58|78.79000000000001|279
2021.05.05 19:30:00|78.8|79.33|78.8|79.31|251
2021.05.05 20:30:00|79.31|79.68000000000001|79.31|79.62|736
2021.05.05 21:30:00|79.63|79.67|79.11|79.23999999999999|903
2021.05.05 22:30:00|79.23999999999999|79.45999999999999|78.98999999999999|79.04000000000001|589
2021.05.06 16:30:00|79.04000000000001|79.5|78.54000000000001|78.73999999999999|2700
2021.05.06 17:30:00|78.73999999999999|78.86|78.41|78.83|1045
2021.05.06 18:30:00|78.83|79.41|78.83|79.38|1061
2021.05.06 19:30:00|79.39|79.62|79.37|79.47|749
2021.05.06 20:30:00|79.48|79.53|79.09999999999999|79.40000000000001|879
2021.05.06 21:30:00|79.39|79.72|79.22|79.7|751
2021.05.06 22:30:00|79.73999999999999|79.81|79.56|79.58|717
2021.05.07 16:30:00|79.65000000000001|79.76000000000001|78.43000000000001|79.47|3772
2021.05.07 17:30:00|79.48|79.61|79.18000000000001|79.59999999999999|1184
2021.05.07 18:30:00|79.59999999999999|79.84|79.58|79.76000000000001|589
2021.05.07 19:30:00|79.76000000000001|79.84999999999999|79.69|79.81999999999999|341
2021.05.07 20:30:00|79.83|80.39|79.83|80.26000000000001|699
2021.05.07 21:30:00|80.26000000000001|80.26000000000001|80|80.15000000000001|484
2021.05.07 22:30:00|80.17|80.36|80.09999999999999|80.23|472
2021.05.10 16:30:00|78.8|79.64|78.75|79.63|2614
2021.05.10 17:30:00|79.62|80.23|79.45999999999999|80.23|1333
2021.05.10 18:30:00|80.23999999999999|80.23999999999999|79.72|80.05|871
2021.05.10 19:30:00|80.04000000000001|80.20999999999999|79.84999999999999|80.05|870
2021.05.10 20:30:00|80.04000000000001|80.39|79.98999999999999|80.22|1090
2021.05.10 21:30:00|80.22|80.40000000000001|79.88|80.40000000000001|1163
2021.05.10 22:30:00|80.39|80.56999999999999|79.97|80|726
2021.05.11 16:30:00|79.73|79.73|77.66|77.90000000000001|6218
2021.05.11 17:30:00|77.91|78|77.38|77.98999999999999|4119
2021.05.11 18:30:00|78|78|77.39|77.39|1872
2021.05.11 19:30:00|77.38|77.41|77.09999999999999|77.37|1052
2021.05.11 20:30:00|77.38|77.63|77.38|77.53|1036
2021.05.11 21:30:00|77.53|77.67|77.34|77.56999999999999|1513
2021.05.11 22:30:00|77.56|77.64|77.34999999999999|77.52|854
2021.05.12 16:30:00|77.41|78.03|77.16|77.64|4329
2021.05.12 17:30:00|77.63|77.65000000000001|77.09999999999999|77.38|2129
2021.05.12 18:30:00|77.37|77.5|77|77.11|1890
2021.05.12 19:30:00|77.11|77.29000000000001|77.06|77.15000000000001|1814
2021.05.12 20:30:00|77.14|77.19|77.01000000000001|77.12|1231
2021.05.12 21:30:00|77.11|77.37|76.84999999999999|76.84999999999999|1587
2021.05.12 22:30:00|76.84|76.89|76.56|76.59|1248
2021.05.13 16:30:00|76.86|77.73999999999999|76.86|77.56|3469
2021.05.13 17:30:00|77.56999999999999|78.03|77.56|77.81999999999999|1995
2021.05.13 18:30:00|77.81999999999999|78.23|77.8|78.16|1723
2021.05.13 19:30:00|78.16|78.20999999999999|77.93000000000001|78.01000000000001|1081
2021.05.13 20:30:00|78|78.28|77.88|78.28|1275
2021.05.13 21:30:00|78.29000000000001|78.29000000000001|78.03|78.15000000000001|1055
2021.05.13 22:30:00|78.14|78.23999999999999|77.95|77.98|686
2021.05.14 16:30:00|78.40000000000001|78.79000000000001|78.06999999999999|78.06999999999999|2503
2021.05.14 17:30:00|78.06999999999999|78.53|78|78.47|1180
2021.05.14 18:30:00|78.47|78.56|78.34999999999999|78.55|623
2021.05.14 19:30:00|78.56|78.66|78.48|78.55|400
2021.05.14 20:30:00|78.54000000000001|78.87|78.54000000000001|78.7|380
2021.05.14 21:30:00|78.70999999999999|78.81999999999999|78.69|78.76000000000001|362
2021.05.14 22:30:00|78.77|78.90000000000001|78.70999999999999|78.73999999999999|639
2021.05.17 16:30:00|78.88|79.37|78.79000000000001|79.29000000000001|3368
2021.05.17 17:30:00|79.3|79.37|78.87|78.89|1446
2021.05.17 18:30:00|78.88|79.02|78.8|79|748
2021.05.17 19:30:00|78.98999999999999|79.08|78.88|78.97|497
2021.05.17 20:30:00|78.95999999999999|79.18000000000001|78.84999999999999|79.13|638
2021.05.17 21:30:00|79.12|79.18000000000001|78.90000000000001|78.92|603
2021.05.17 22:30:00|78.90000000000001|78.94|78.76000000000001|78.91|501
2021.05.18 16:30:00|78.8|78.95|78.29000000000001|78.48999999999999|2575
2021.05.18 17:30:00|78.48999999999999|78.83|78.23|78.73|996
2021.05.18 18:30:00|78.72|78.98|78.68000000000001|78.72|425
2021.05.18 19:30:00|78.76000000000001|78.81|78.68000000000001|78.73999999999999|341
2021.05.18 20:30:00|78.75|78.87|78.68000000000001|78.69|323
2021.05.18 21:30:00|78.68000000000001|78.91|78.62|78.87|522
2021.05.18 22:30:00|78.87|79|78.52|78.54000000000001|547
2021.05.19 16:30:00|77.73|78.06|77.39|77.76000000000001|5036
2021.05.19 17:30:00|77.76000000000001|77.86|77.5|77.78|2556
2021.05.19 18:30:00|77.77|78.09|77.68000000000001|78|1290
2021.05.19 19:30:00|77.98999999999999|78.31|77.98|78.29000000000001|937
2021.05.19 20:30:00|78.29000000000001|78.58|78.14|78.54000000000001|2611
2021.05.19 21:30:00|78.54000000000001|78.61|78.04000000000001|78.31999999999999|2283
2021.05.19 22:30:00|78.33|78.59999999999999|78.08|78.59999999999999|1250
2021.05.20 16:30:00|78.69|79.05|78.62|78.78|2920
2021.05.20 17:30:00|78.79000000000001|78.89|78.65000000000001|78.84999999999999|855
2021.05.20 18:30:00|78.86|79.17|78.70999999999999|78.70999999999999|831
2021.05.20 19:30:00|78.72|78.84999999999999|78.67|78.79000000000001|579
2021.05.20 20:30:00|78.83|79|78.72|78.97|495
2021.05.20 21:30:00|78.98|79|78.73|78.83|540
2021.05.20 22:30:00|78.84|78.84999999999999|78.53|78.56|496
2021.05.21 16:30:00|79.17|79.68000000000001|79|79.53|3008
2021.05.21 17:30:00|79.52|79.65000000000001|79.25|79.25|1357
2021.05.21 18:30:00|79.26000000000001|79.44|79.09999999999999|79.13|1153
2021.05.21 19:30:00|79.14|79.18000000000001|78.94|79.05|484
2021.05.21 20:30:00|79.05|79.14|78.98999999999999|79|319
2021.05.21 21:30:00|79.01000000000001|79.09|78.91|79.01000000000001|581
2021.05.21 22:30:00|79.04000000000001|79.05|78.83|78.88|455
2021.05.24 16:30:00|79.29000000000001|79.70999999999999|78.98999999999999|79.40000000000001|2452
2021.05.24 17:30:00|79.41|79.66|79.38|79.5|728
2021.05.24 18:30:00|79.54000000000001|79.59|79.42|79.42|335
2021.05.24 19:30:00|79.43000000000001|79.64|79.43000000000001|79.61|628
2021.05.24 20:30:00|79.62|79.67|79.51000000000001|79.58|498
2021.05.24 21:30:00|79.62|79.65000000000001|79.36|79.37|442
2021.05.24 22:30:00|79.36|79.44|79.18000000000001|79.23|310
2021.05.25 16:30:00|79.16|79.34999999999999|78.73999999999999|78.92|2276
2021.05.25 17:30:00|78.91|78.97|78.67|78.77|769
2021.05.25 18:30:00|78.75|78.94|78.72|78.90000000000001|517
2021.05.25 19:30:00|78.91|78.94|78.66|78.81|389
2021.05.25 20:30:00|78.8|78.8|78.5|78.53|336
2021.05.25 21:30:00|78.54000000000001|78.7|78.52|78.66|543
2021.05.25 22:30:00|78.69|78.73999999999999|78.55|78.67|358
2021.05.26 16:30:00|78.86|79.22|78.8|79.05|1549
2021.05.26 17:30:00|79.03|79.04000000000001|78.78|78.98999999999999|611
2021.05.26 18:30:00|78.98999999999999|79.06999999999999|78.94|79|314
2021.05.26 19:30:00|79.04000000000001|79.09999999999999|78.94|79|344
2021.05.26 20:30:00|79|79.05|78.92|78.97|292
2021.05.26 21:30:00|78.95999999999999|79.04000000000001|78.92|79.01000000000001|268
2021.05.26 22:30:00|79.01000000000001|79.13|78.95|79.11|236
2021.05.27 16:30:00|79.27|79.89|79.17|79.45999999999999|2316
2021.05.27 17:30:00|79.47|79.66|79.37|79.53|643
2021.05.27 18:30:00|79.52|79.63|79.41|79.55|342
2021.05.27 19:30:00|79.59|79.62|79.45|79.45|231
2021.05.27 20:30:00|79.48|79.48|78.69|78.76000000000001|528
2021.05.27 21:30:00|78.73999999999999|78.93000000000001|78.7|78.79000000000001|454
2021.05.27 22:30:00|78.78|78.90000000000001|78.76000000000001|78.84|393
2021.05.28 16:30:00|78.62|79.2|78.47|78.88|2061
2021.05.28 17:30:00|78.90000000000001|79.06999999999999|78.88|79.05|636
2021.05.28 18:30:00|79.06|79.08|78.89|79.05|450
2021.05.28 19:30:00|79.04000000000001|79.06999999999999|78.84999999999999|78.91|318
2021.05.28 20:30:00|78.90000000000001|79|78.81999999999999|78.84|267
2021.05.28 21:30:00|78.83|78.86|78.7|78.77|222
2021.05.28 22:30:00|78.76000000000001|78.88|78.52|78.56999999999999|421
2021.06.01 16:30:00|79.34999999999999|79.34999999999999|78.33|79.02|2812
2021.06.01 17:30:00|79.03|79.18000000000001|78.83|79.06999999999999|1378
2021.06.01 18:30:00|79.06999999999999|79.31|79.03|79.26000000000001|805
2021.06.01 19:30:00|79.27|79.39|79.23|79.34|763
2021.06.01 20:30:00|79.34999999999999|79.47|79.31|79.44|1415
2021.06.01 21:30:00|79.43000000000001|79.66|79.42|79.58|704
2021.06.01 22:30:00|79.55|79.67|79.36|79.41|635
2021.06.02 16:30:00|79.48|80.59|79.41|80.51000000000001|2944
2021.06.02 17:30:00|80.53|80.75|80.40000000000001|80.70999999999999|944
2021.06.02 18:30:00|80.72|80.79000000000001|80.42|80.64|542
2021.06.02 19:30:00|80.64|80.65000000000001|80.31|80.48999999999999|891
2021.06.02 20:30:00|80.48999999999999|80.65000000000001|80.3|80.33|728
2021.06.02 21:30:00|80.33|80.37|80.23|80.31|527
2021.06.02 22:30:00|80.3|80.42|80.06999999999999|80.12|670
2021.06.03 16:30:00|79.66|80.68000000000001|79.5|80.23999999999999|3003
2021.06.03 17:30:00|80.23999999999999|80.83|80.06|80.65000000000001|1401
2021.06.03 18:30:00|80.64|80.89|80.63|80.86|645
2021.06.03 19:30:00|80.84999999999999|81.09999999999999|80.79000000000001|81.08|599
2021.06.03 20:30:00|81.06999999999999|81.17|80.89|80.98999999999999|645
2021.06.03 21:30:00|80.98|81.22|80.95|81.20999999999999|418
2021.06.03 22:30:00|81.22|81.3|80.90000000000001|80.93000000000001|469
2021.06.04 16:30:00|81.65000000000001|83.45|81.59|83.41|2743
2021.06.04 17:30:00|83.42|83.81|83.2|83.58|1593
2021.06.04 18:30:00|83.59|83.65000000000001|82.89|82.91|693
2021.06.04 19:30:00|82.90000000000001|83.09|82.67|82.76000000000001|417
2021.06.04 20:30:00|82.75|83.12|82.75|83.05|400
2021.06.04 21:30:00|83.04000000000001|83.13|82.86|83.06999999999999|398
2021.06.04 22:30:00|83.05|83.09|82.70999999999999|82.70999999999999|395
2021.06.07 16:30:00|82.8|83.48|82.8|83.20999999999999|2370
2021.06.07 17:30:00|83.20999999999999|83.44|83.03|83.36|1093
2021.06.07 18:30:00|83.37|83.61|83.28|83.59999999999999|543
2021.06.07 19:30:00|83.61|83.83|83.56999999999999|83.81|838
2021.06.07 20:30:00|83.81999999999999|84.09|83.78|83.91|895
2021.06.07 21:30:00|83.90000000000001|84.04000000000001|83.66|84.02|651
2021.06.07 22:30:00|84.02|84.02|83.78|83.79000000000001|476
2021.06.08 16:30:00|83.93000000000001|84.69|83.92|84.45999999999999|2384
2021.06.08 17:30:00|84.44|84.87|84.29000000000001|84.42|1289
2021.06.08 18:30:00|84.41|84.54000000000001|84.20999999999999|84.34999999999999|1152
2021.06.08 19:30:00|84.36|84.63|84.31|84.59|580
2021.06.08 20:30:00|84.59999999999999|84.73999999999999|84.51000000000001|84.67|477
2021.06.08 21:30:00|84.66|84.77|84.43000000000001|84.77|532
2021.06.08 22:30:00|84.77|84.83|84.45999999999999|84.45999999999999|602
2021.06.09 16:30:00|84.2|84.67|83.92|84.17|2790
2021.06.09 17:30:00|84.18000000000001|84.45999999999999|84.12|84.33|879
2021.06.09 18:30:00|84.31999999999999|84.37|83.87|84.05|784
2021.06.09 19:30:00|84.06|84.27|84.04000000000001|84.25|337
2021.06.09 20:30:00|84.23999999999999|84.48999999999999|84.17|84.44|410
2021.06.09 21:30:00|84.42|84.54000000000001|84.33|84.48999999999999|392
2021.06.09 22:30:00|84.48|84.53|84.33|84.34999999999999|415
2021.06.10 16:30:00|83.81999999999999|84.3|81.95|81.95|3995
2021.06.10 17:30:00|81.93000000000001|82.16|81.55|82.08|2422
2021.06.10 18:30:00|82.09|82.2|81.86|81.87|795
2021.06.10 19:30:00|81.87|82|81.73|81.86|570
2021.06.10 20:30:00|81.86|81.92|81.61|81.81|463
2021.06.10 21:30:00|81.81999999999999|82.09999999999999|81.8|82.09999999999999|503
2021.06.10 22:30:00|82.09|82.29000000000001|82|82.14|588
2021.06.11 16:30:00|81.95999999999999|82.84|81.95|82.73999999999999|2342
2021.06.11 17:30:00|82.73999999999999|83.08|82.63|82.88|901
2021.06.11 18:30:00|82.89|82.92|82.43000000000001|82.48999999999999|429
2021.06.11 19:30:00|82.48999999999999|82.48999999999999|82.23999999999999|82.38|448
2021.06.11 20:30:00|82.39|82.64|82.36|82.63|313
2021.06.11 21:30:00|82.64|82.72|82.52|82.61|431
2021.06.11 22:30:00|82.63|82.73999999999999|82.59|82.73999999999999|291
2021.06.14 16:30:00|82.69|82.73|82.03|82.52|2211
2021.06.14 17:30:00|82.52|82.64|82.20999999999999|82.27|730
2021.06.14 18:30:00|82.27|82.33|81.97|82.09999999999999|523
2021.06.14 19:30:00|82.11|82.31999999999999|82.08|82.31|469
2021.06.14 20:30:00|82.3|82.36|82.16|82.3|404
2021.06.14 21:30:00|82.28|82.48999999999999|82.2|82.38|413
2021.06.14 22:30:00|82.39|82.48|82.23999999999999|82.45999999999999|466
2021.06.15 16:30:00|82.29000000000001|82.31999999999999|81.31999999999999|81.92|2132
2021.06.15 17:30:00|81.93000000000001|81.95999999999999|81.67|81.95|686
2021.06.15 18:30:00|81.95999999999999|81.95999999999999|81.62|81.7|527
2021.06.15 19:30:00|81.69|81.7|81.2|81.53|622
2021.06.15 20:30:00|81.53|81.83|81.48999999999999|81.61|334
2021.06.15 21:30:00|81.64|81.75|81.45999999999999|81.5|433
2021.06.15 22:30:00|81.48999999999999|81.53|81.23|81.45|625
2021.06.16 16:30:00|78.09999999999999|78.3|75.86|76.18000000000001|6341
2021.06.16 17:30:00|76.18000000000001|77.22|75.75|77.2|2945
2021.06.16 18:30:00|77.19|77.27|76.77|77.23999999999999|1371
2021.06.16 19:30:00|77.25|77.64|76.91|77.64|1239
2021.06.16 20:30:00|77.63|77.68000000000001|76.2|76.73999999999999|2821
2021.06.16 21:30:00|76.73999999999999|77.23|76.44|77.18000000000001|2388
2021.06.16 22:30:00|77.18000000000001|77.34|76.88|76.93000000000001|778
2021.06.17 16:30:00|77.09|77.39|76.42|76.55|3330
2021.06.17 17:30:00|76.56|77.31999999999999|76.56|77.31999999999999|1668
2021.06.17 18:30:00|77.29000000000001|77.52|76.52|76.59999999999999|1396
2021.06.17 19:30:00|76.59999999999999|77.09999999999999|76.56|76.95|1114
2021.06.17 20:30:00|76.95999999999999|77.23999999999999|76.94|77.22|717
2021.06.17 21:30:00|77.23|77.43000000000001|77.12|77.42|597
2021.06.17 22:30:00|77.42|77.59|77.34|77.41|703
2021.06.18 16:30:00|76.63|76.64|76.02|76.29000000000001|2773
2021.06.18 17:30:00|76.28|76.34999999999999|75.81999999999999|75.84|968
2021.06.18 18:30:00|75.84999999999999|76.16|75.84|76.09|527
2021.06.18 19:30:00|76.09|76.2|75.98999999999999|76.09999999999999|370
2021.06.18 20:30:00|76.11|76.43000000000001|76.06999999999999|76.34999999999999|438
2021.06.18 21:30:00|76.34999999999999|76.40000000000001|76.23999999999999|76.31|414
2021.06.18 22:30:00|76.3|76.48|76.09|76.09|698
2021.06.21 16:30:00|76.62|77.41|76.48|77.29000000000001|2757
2021.06.21 17:30:00|77.3|77.59999999999999|77.3|77.5|958
2021.06.21 18:30:00|77.51000000000001|77.86|77.38|77.40000000000001|731
2021.06.21 19:30:00|77.41|77.67|77.31999999999999|77.58|392
2021.06.21 20:30:00|77.59|77.69|77.5|77.63|523
2021.06.21 21:30:00|77.63|77.79000000000001|77.45999999999999|77.75|643
2021.06.21 22:30:00|77.76000000000001|77.94|77.7|77.83|336
2021.06.22 16:30:00|77.72|78.23|77.5|78.23|2102
2021.06.22 17:30:00|78.23|79.04000000000001|78.20999999999999|78.55|1090
2021.06.22 18:30:00|78.54000000000001|78.55|78.01000000000001|78.06999999999999|599
2021.06.22 19:30:00|78.06|78.22|78.01000000000001|78.16|371
2021.06.22 20:30:00|78.17|78.34999999999999|78.09999999999999|78.15000000000001|323
2021.06.22 21:30:00|78.16|78.65000000000001|78.16|78.62|547
2021.06.22 22:30:00|78.62|78.63|78.38|78.51000000000001|255
2021.06.23 16:30:00|78.54000000000001|78.70999999999999|78.12|78.39|1565
2021.06.23 17:30:00|78.37|78.59|78.3|78.53|410
2021.06.23 18:30:00|78.54000000000001|78.62|78.42|78.42|256
2021.06.23 19:30:00|78.42|78.53|78.37|78.47|237
2021.06.23 20:30:00|78.48|78.48|78.28|78.3|208
2021.06.23 21:30:00|78.3|78.34999999999999|78.16|78.27|287
2021.06.23 22:30:00|78.28|78.28|77.92|77.95|324
2021.06.24 16:30:00|78.48|78.79000000000001|78.25|78.31|1777
2021.06.24 17:30:00|78.31999999999999|78.36|77.73999999999999|77.76000000000001|892
2021.06.24 18:30:00|77.73999999999999|77.78|77.45|77.55|614
2021.06.24 19:30:00|77.56|77.76000000000001|77.54000000000001|77.55|337
2021.06.24 20:30:00|77.56|77.84|77.55|77.78|342
2021.06.24 21:30:00|77.79000000000001|77.84|77.48999999999999|77.59|371
2021.06.24 22:30:00|77.59|77.70999999999999|77.54000000000001|77.59|273
2021.06.25 16:30:00|77.78|77.91|77.41|77.72|1858
2021.06.25 17:30:00|77.70999999999999|78.15000000000001|77.62|78.15000000000001|803
2021.06.25 18:30:00|78.15000000000001|78.25|78.02|78.02|527
2021.06.25 19:30:00|78.01000000000001|78.14|78|78.06999999999999|267
2021.06.25 20:30:00|78.06999999999999|78.38|78.05|78.27|225
2021.06.25 21:30:00|78.26000000000001|78.27|78.03|78.03|313
2021.06.25 22:30:00|78.04000000000001|78.45|78.03|78.29000000000001|646
2021.06.28 16:30:00|78.40000000000001|78.81|78.31|78.5|1836
2021.06.28 17:30:00|78.48999999999999|78.54000000000001|78.36|78.41|772
2021.06.28 18:30:00|78.44|78.53|78.31999999999999|78.39|449
2021.06.28 19:30:00|78.38|78.47|78.23999999999999|78.27|260
2021.06.28 20:30:00|78.28|78.48999999999999|78.28|78.34999999999999|342
2021.06.28 21:30:00|78.34|78.42|78.25|78.26000000000001|315
2021.06.28 22:30:00|78.27|78.34|78.2|78.34|284
2021.06.29 16:30:00|78.26000000000001|78.37|78.11|78.23999999999999|1352
2021.06.29 17:30:00|78.25|78.26000000000001|77.98999999999999|78.09|796
2021.06.29 18:30:00|78.09999999999999|78.16|77.81999999999999|77.84999999999999|297
2021.06.29 19:30:00|77.84999999999999|78|77.66|77.95|396
2021.06.29 20:30:00|77.98999999999999|78.05|77.87|78.01000000000001|336
2021.06.29 21:30:00|78.01000000000001|78.12|77.95999999999999|78.06999999999999|293
2021.06.29 22:30:00|78.09999999999999|78.09999999999999|77.93000000000001|77.95|255
2021.06.30 16:30:00|77.63|78.06|77.43000000000001|77.69|2112
2021.06.30 17:30:00|77.69|77.98999999999999|77.67|77.73|938
2021.06.30 18:30:00|77.72|77.77|77.61|77.67|503
2021.06.30 19:30:00|77.68000000000001|77.77|77.65000000000001|77.76000000000001|210
2021.06.30 20:30:00|77.77|77.94|77.73999999999999|77.93000000000001|306
2021.06.30 21:30:00|77.94|77.95999999999999|77.66|77.70999999999999|322
2021.06.30 22:30:00|77.72|77.84999999999999|77.66|77.68000000000001|542
2021.07.01 16:30:00|78|78.88|78|78.83|3106
2021.07.01 17:30:00|78.84|79.08|78.64|79.04000000000001|1672
2021.07.01 18:30:00|79.03|79.39|78.98999999999999|79.3|1280
2021.07.01 19:30:00|79.3|79.34999999999999|79.05|79.11|926
2021.07.01 20:30:00|79.12|79.20999999999999|78.98|79.2|742
2021.07.01 21:30:00|79.19|79.45999999999999|79.17|79.38|685
2021.07.01 22:30:00|79.38|79.45999999999999|79.22|79.38|415
2021.07.02 16:30:00|79.59999999999999|80.88|79.59999999999999|80.84999999999999|4065
2021.07.02 17:30:00|80.86|81.65000000000001|80.84|81.54000000000001|2906
2021.07.02 18:30:00|81.54000000000001|81.79000000000001|81.40000000000001|81.78|1468
2021.07.02 19:30:00|81.78|82.02|81.68000000000001|81.94|1261
2021.07.02 20:30:00|81.93000000000001|82.09999999999999|81.81999999999999|82.03|1248
2021.07.02 21:30:00|82.04000000000001|82.04000000000001|81.66|81.81|1061
2021.07.02 22:30:00|81.8|81.83|81.63|81.67|582
2021.07.06 16:30:00|81.65000000000001|83.43000000000001|81.47|83.22|4144
2021.07.06 17:30:00|83.20999999999999|83.47|82.78|83.33|2544
2021.07.06 18:30:00|83.34|83.34|82.64|82.78|1491
2021.07.06 19:30:00|82.78|83|82.42|82.93000000000001|1364
2021.07.06 20:30:00|82.94|83.23999999999999|82.86|83.09999999999999|1018
2021.07.06 21:30:00|83.11|83.18000000000001|82.77|83.09|969
2021.07.06 22:30:00|83.09999999999999|83.22|82.89|82.92|671
2021.07.07 16:30:00|83.17|84.54000000000001|83.05|84.13|3725
2021.07.07 17:30:00|84.13|84.56999999999999|83.90000000000001|84.48|2467
2021.07.07 18:30:00|84.47|85.37|84.39|85.37|1466
2021.07.07 19:30:00|85.38|86.27|85.26000000000001|86.26000000000001|1969
2021.07.07 20:30:00|86.25|87.01000000000001|86.23|86.87|3107
2021.07.07 21:30:00|86.86|86.89|86.06999999999999|86.23999999999999|2736
2021.07.07 22:30:00|86.27|86.3|85.89|85.93000000000001|1611
2021.07.08 16:30:00|85.08|86.73999999999999|84.98999999999999|85.56|4951
2021.07.08 17:30:00|85.55|85.56|84.5|85.18000000000001|3934
2021.07.08 18:30:00|85.17|85.44|84.95999999999999|85.22|1636
2021.07.08 19:30:00|85.2|85.59999999999999|85.12|85.56999999999999|2164
2021.07.08 20:30:00|85.56999999999999|85.62|85.19|85.19|2440
2021.07.08 21:30:00|85.2|85.59|85.09999999999999|85.48999999999999|1909
2021.07.08 22:30:00|85.5|85.67|85.34|85.43000000000001|1377
2021.07.09 16:30:00|85.84|87.53|85.79000000000001|87.38|3923
2021.07.09 17:30:00|87.40000000000001|88.09|87.29000000000001|87.68000000000001|2133
2021.07.09 18:30:00|87.68000000000001|88.23999999999999|87.58|88.20999999999999|1433
2021.07.09 19:30:00|88.23|88.23999999999999|88|88.23|1158
2021.07.09 20:30:00|88.23999999999999|88.23999999999999|87.76000000000001|87.76000000000001|717
2021.07.09 21:30:00|87.76000000000001|88.01000000000001|87.62|87.89|802
2021.07.09 22:30:00|87.89|88.01000000000001|87.55|87.59999999999999|514
2021.07.12 16:30:00|87.56999999999999|88.39|87.28|87.81999999999999|5136
2021.07.12 17:30:00|87.81999999999999|88.45999999999999|87.68000000000001|87.84999999999999|2741
2021.07.12 18:30:00|87.83|88.34999999999999|87.68000000000001|88.29000000000001|1387
2021.07.12 19:30:00|88.29000000000001|88.69|87.88|87.93000000000001|1271
2021.07.12 20:30:00|87.93000000000001|88.02|87.29000000000001|87.59999999999999|1845
2021.07.12 21:30:00|87.59|87.59|87|87.31|934
2021.07.12 22:30:00|87.31999999999999|87.45999999999999|86.83|86.93000000000001|997
2021.07.13 16:30:00|86.56|87.77|86.43000000000001|87.18000000000001|3394
2021.07.13 17:30:00|87.18000000000001|87.67|87.05|87.34|1710
2021.07.13 18:30:00|87.33|87.45999999999999|87.06|87.36|1035
2021.07.13 19:30:00|87.34999999999999|87.61|87.29000000000001|87.36|655
2021.07.13 20:30:00|87.34999999999999|87.36|86.94|87.13|1433
2021.07.13 21:30:00|87.13|87.13|86.76000000000001|87.08|906
2021.07.13 22:30:00|87.06999999999999|87.38|86.83|86.92|1172
2021.07.14 16:30:00|87.19|88.39|86.98|88.14|3939
2021.07.14 17:30:00|88.13|88.51000000000001|87.98|88.14|2934
2021.07.14 18:30:00|88.13|88.47|88.06999999999999|88.19|1792
2021.07.14 19:30:00|88.19|88.23999999999999|87.81999999999999|87.94|1524
2021.07.14 20:30:00|87.94|88.42|87.84999999999999|88.26000000000001|1469
2021.07.14 21:30:00|88.26000000000001|88.29000000000001|87.98|88.25|1012
2021.07.14 22:30:00|88.25|88.31999999999999|88.05|88.12|1100
2021.07.15 16:30:00|88.04000000000001|88.56|85.36|85.54000000000001|5873
2021.07.15 17:30:00|85.52|86.44|85.48999999999999|86.34|3985
2021.07.15 18:30:00|86.33|86.76000000000001|86.27|86.67|1630
2021.07.15 19:30:00|86.68000000000001|86.91|86.51000000000001|86.69|1418
2021.07.15 20:30:00|86.68000000000001|86.7|86.26000000000001|86.31|1388
2021.07.15 21:30:00|86.31999999999999|86.64|86.27|86.45|988
2021.07.15 22:30:00|86.45999999999999|86.53|86.06|86.08|748
2021.07.16 16:30:00|86.51000000000001|87.48999999999999|86.37|87.06999999999999|4965
2021.07.16 17:30:00|87.06|87.59|86.98|87.36|3734
2021.07.16 18:30:00|87.34999999999999|87.94|87.2|87.62|1614
2021.07.16 19:30:00|87.62|88.04000000000001|87.54000000000001|87.94|1005
2021.07.16 20:30:00|87.93000000000001|88.31999999999999|87.88|88.09999999999999|1150
2021.07.16 21:30:00|88.09|88.13|87.55|87.81999999999999|1344
2021.07.16 22:30:00|87.81999999999999|87.81999999999999|87.29000000000001|87.34|939
2021.07.19 16:30:00|86.77|87.70999999999999|86.73999999999999|87.27|5806
2021.07.19 17:30:00|87.26000000000001|87.41|86.90000000000001|87.15000000000001|2929
2021.07.19 18:30:00|87.14|87.26000000000001|86.63|86.95999999999999|1516
2021.07.19 19:30:00|86.95|86.98|86.12|86.13|1317
2021.07.19 20:30:00|86.13|86.70999999999999|86.03|86.7|1398
2021.07.19 21:30:00|86.70999999999999|86.70999999999999|86.42|86.58|1116
2021.07.19 22:30:00|86.59|86.95999999999999|86.58|86.8|1280
2021.07.20 16:30:00|87.3|88.78|87.05|88.44|4372
2021.07.20 17:30:00|88.44|88.77|88.34999999999999|88.63|1803
2021.07.20 18:30:00|88.64|88.8|88.31|88.66|936
2021.07.20 19:30:00|88.67|88.81999999999999|88.45999999999999|88.55|636
2021.07.20 20:30:00|88.53|88.65000000000001|88.40000000000001|88.65000000000001|672
2021.07.20 21:30:00|88.64|88.81999999999999|88.42|88.73999999999999|720
2021.07.20 22:30:00|88.73999999999999|88.88|88.5|88.51000000000001|653
2021.07.21 16:30:00|88.93000000000001|89.83|88.3|89.77|4309
2021.07.21 17:30:00|89.76000000000001|90.08|89.58|89.90000000000001|1726
2021.07.21 18:30:00|89.91|90.09|89.79000000000001|90|922
2021.07.21 19:30:00|89.98999999999999|90.05|89.48999999999999|89.51000000000001|915
2021.07.21 20:30:00|89.51000000000001|89.7|89.41|89.5|728
2021.07.21 21:30:00|89.51000000000001|89.7|89.36|89.69|676
2021.07.21 22:30:00|89.7|89.76000000000001|89.48999999999999|89.54000000000001|759
2021.07.22 16:30:00|89.95999999999999|90.8|89.86|90.67|3485
2021.07.22 17:30:00|90.67|90.98|90.45|90.95|1520
2021.07.22 18:30:00|90.92|90.93000000000001|89.56999999999999|90.41|2390
2021.07.22 19:30:00|90.40000000000001|90.79000000000001|90.23999999999999|90.56999999999999|1313
2021.07.22 20:30:00|90.56|90.59|90.18000000000001|90.28|585
2021.07.22 21:30:00|90.29000000000001|90.45999999999999|90.25|90.43000000000001|666
2021.07.22 22:30:00|90.41|90.59|90.34999999999999|90.55|424
2021.07.23 16:30:00|90.78|91.01000000000001|87.86|88.13|4749
2021.07.23 17:30:00|88.14|88.29000000000001|87.90000000000001|87.98|1328
2021.07.23 18:30:00|87.98999999999999|88.05|87.39|87.39|1061
2021.07.23 19:30:00|87.38|87.59999999999999|86.95999999999999|87.55|976
2021.07.23 20:30:00|87.56|87.62|87.33|87.44|534
2021.07.23 21:30:00|87.43000000000001|87.61|87.17|87.37|752
2021.07.23 22:30:00|87.38|87.75|87.36|87.53|478
2021.07.26 16:30:00|86.97|87.55|86.56999999999999|87.38|3852
2021.07.26 17:30:00|87.37|87.67|87.25|87.62|1947
2021.07.26 18:30:00|87.64|87.95|87.63|87.87|669
2021.07.26 19:30:00|87.84999999999999|87.84999999999999|87.37|87.56|780
2021.07.26 20:30:00|87.56999999999999|87.76000000000001|87.52|87.73999999999999|656
2021.07.26 21:30:00|87.75|87.84999999999999|87.58|87.7|406
2021.07.26 22:30:00|87.69|87.73|87.56|87.7|339
2021.07.27 16:30:00|87.45999999999999|88.44|87.3|87.65000000000001|3394
2021.07.27 17:30:00|87.65000000000001|87.8|87.37|87.62|2997
2021.07.27 18:30:00|87.62|87.62|87.20999999999999|87.56999999999999|2314
2021.07.27 19:30:00|87.56|87.62|87|87|1630
2021.07.27 20:30:00|87|87.45|86.95999999999999|87.31|1411
2021.07.27 21:30:00|87.31|87.56999999999999|87.23999999999999|87.3|1120
2021.07.27 22:30:00|87.31|87.67|87.22|87.66|704
2021.07.28 16:30:00|87.34|87.59999999999999|87.01000000000001|87.52|2530
2021.07.28 17:30:00|87.52|87.78|87.27|87.31|1454
2021.07.28 18:30:00|87.31|87.5|87.27|87.27|1150
2021.07.28 19:30:00|87.3|87.3|87.12|87.20999999999999|627
2021.07.28 20:30:00|87.20999999999999|87.45999999999999|87.03|87.34|1408
2021.07.28 21:30:00|87.33|87.53|87.02|87.06999999999999|2136
2021.07.28 22:30:00|87.06|87.25|86.98|87.03|587
2021.07.29 16:30:00|87.48|88.12|87.22|87.44|2522
2021.07.29 17:30:00|87.45|87.64|87.16|87.45|1783
2021.07.29 18:30:00|87.45999999999999|87.65000000000001|87.41|87.53|795
2021.07.29 19:30:00|87.53|87.70999999999999|87.45|87.68000000000001|507
2021.07.29 20:30:00|87.69|87.73|87.55|87.56|363
2021.07.29 21:30:00|87.55|87.55|87.31|87.38|553
2021.07.29 22:30:00|87.37|87.58|87.31999999999999|87.47|384
2021.07.30 16:30:00|87.45|87.98999999999999|86.70999999999999|87.09999999999999|3317
2021.07.30 17:30:00|87.11|87.31999999999999|86.90000000000001|87.23999999999999|2013
2021.07.30 18:30:00|87.23|87.25|86.89|87.12|1168
2021.07.30 19:30:00|87.14|87.31|87.11|87.19|533
2021.07.30 20:30:00|87.18000000000001|87.28|87.01000000000001|87.05|484
2021.07.30 21:30:00|87.04000000000001|87.14|86.95999999999999|87.06999999999999|586
2021.07.30 22:30:00|87.08|87.11|86.92|86.98|401
2021.08.02 16:30:00|87.16|87.64|86.94|87.45999999999999|2998
2021.08.02 17:30:00|87.45|87.64|87.38|87.56999999999999|1644
2021.08.02 18:30:00|87.58|87.73|87.40000000000001|87.58|1809
2021.08.02 19:30:00|87.58|87.77|87.56|87.58|1142
2021.08.02 20:30:00|87.58|87.63|87.37|87.56|1167
2021.08.02 21:30:00|87.53|87.59|87.43000000000001|87.43000000000001|1159
2021.08.02 22:30:00|87.42|87.48|87.3|87.45|488
2021.08.03 16:30:00|87.83|88.94|87.83|88.89|3334
2021.08.03 17:30:00|88.90000000000001|89.29000000000001|88.79000000000001|89.05|2812
2021.08.03 18:30:00|89.02|89.59999999999999|88.90000000000001|89.51000000000001|1801
2021.08.03 19:30:00|89.51000000000001|90.01000000000001|89.38|89.91|1176
2021.08.03 20:30:00|89.92|90|89.73999999999999|89.98|940
2021.08.03 21:30:00|89.98|89.98|89.33|89.41|1321
2021.08.03 22:30:00|89.42|89.59999999999999|89.31|89.58|288
2021.08.04 16:30:00|89.77|89.86|89.20999999999999|89.31999999999999|3426
2021.08.04 17:30:00|89.3|89.81999999999999|89.13|89.55|1641
2021.08.04 18:30:00|89.54000000000001|89.81|89.31|89.63|1010
2021.08.04 19:30:00|89.62|89.77|89.53|89.75|545
2021.08.04 20:30:00|89.76000000000001|89.84999999999999|89.70999999999999|89.78|415
2021.08.04 21:30:00|89.77|89.86|89.72|89.84|477
2021.08.04 22:30:00|89.83|89.93000000000001|89.78|89.89|300
2021.08.05 16:30:00|90.25|90.34|88.72|89.13|2749
2021.08.05 17:30:00|89.14|89.14|88.61|88.73999999999999|948
2021.08.05 18:30:00|88.73|89.14|88.59999999999999|88.93000000000001|705
2021.08.05 19:30:00|88.93000000000001|89.04000000000001|88.84|89.02|365
2021.08.05 20:30:00|89.01000000000001|89.17|88.95999999999999|89.14|282
2021.08.05 21:30:00|89.14|89.20999999999999|89.06|89.12|319
2021.08.05 22:30:00|89.13|89.3|89.11|89.27|198
2021.08.06 16:30:00|88.75|89.73|88.66|88.77|3244
2021.08.06 17:30:00|88.76000000000001|89.16|88.75|89.04000000000001|1425
2021.08.06 18:30:00|89.03|89.27|88.98999999999999|89.09999999999999|651
2021.08.06 19:30:00|89.09|89.11|88.98999999999999|89.06999999999999|490
2021.08.06 20:30:00|89.06|89.23|89.01000000000001|89.06999999999999|478
2021.08.06 21:30:00|89.08|89.27|89.05|89.22|295
2021.08.06 22:30:00|89.20999999999999|89.39|89.19|89.34999999999999|377
2021.08.09 16:30:00|89.28|90.31|89.16|89.36|2981
2021.08.09 17:30:00|89.34999999999999|89.56|89.18000000000001|89.37|1031
2021.08.09 18:30:00|89.36|89.5|89.27|89.3|369
2021.08.09 19:30:00|89.33|89.61|89.27|89.56999999999999|397
2021.08.09 20:30:00|89.56999999999999|89.58|89.43000000000001|89.56999999999999|397
2021.08.09 21:30:00|89.56999999999999|89.62|89.47|89.56|317
2021.08.09 22:30:00|89.55|89.75|89.55|89.73999999999999|259
2021.08.10 16:30:00|89.16|89.95999999999999|89.05|89.62|2271
2021.08.10 17:30:00|89.59999999999999|89.65000000000001|89.34|89.51000000000001|1483
2021.08.10 18:30:00|89.52|89.81|89.40000000000001|89.72|613
2021.08.10 19:30:00|89.70999999999999|89.77|89.23999999999999|89.36|661
2021.08.10 20:30:00|89.34999999999999|89.53|89.3|89.5|686
2021.08.10 21:30:00|89.51000000000001|89.56|89.43000000000001|89.51000000000001|597
2021.08.10 22:30:00|89.52|89.59999999999999|89.45|89.5|473
2021.08.11 16:30:00|89.98|90.25|89.36|89.87|2959
2021.08.11 17:30:00|89.88|90.01000000000001|89.37|89.98999999999999|1866
2021.08.11 18:30:00|89.97|90.02|89.78|89.87|998
2021.08.11 19:30:00|89.86|90.02|89.75|89.98999999999999|604
2021.08.11 20:30:00|89.98|90.02|89.73999999999999|89.78|478
2021.08.11 21:30:00|89.79000000000001|89.87|89.48999999999999|89.56999999999999|479
2021.08.11 22:30:00|89.58|89.66|89.38|89.48|296
2021.08.12 16:30:00|89.09999999999999|89.58|88.48|89.31999999999999|2890
2021.08.12 17:30:00|89.33|89.56999999999999|89.22|89.40000000000001|849
2021.08.12 18:30:00|89.41|89.55|89.19|89.45|494
2021.08.12 19:30:00|89.45999999999999|89.7|89.41|89.64|381
2021.08.12 20:30:00|89.65000000000001|89.81|89.64|89.75|345
2021.08.12 21:30:00|89.76000000000001|89.87|89.67|89.75|218
2021.08.12 22:30:00|89.78|89.81999999999999|89.65000000000001|89.66|188
2021.08.13 16:30:00|90.44|91.18000000000001|89.86|89.94|3246
2021.08.13 17:30:00|89.94|90.34999999999999|89.88|89.98|966
2021.08.13 18:30:00|89.95999999999999|89.98999999999999|89.81|89.86|439
2021.08.13 19:30:00|89.84|90.05|89.79000000000001|90.03|273
2021.08.13 20:30:00|90.06999999999999|90.23999999999999|90.02|90.02|285
2021.08.13 21:30:00|90.03|90.17|89.93000000000001|90.13|321
2021.08.13 22:30:00|90.17|90.28|90.11|90.23|222
2021.08.16 16:30:00|90.17|90.68000000000001|89.95|90.36|2637
2021.08.16 17:30:00|90.34999999999999|90.5|90.11|90.28|1941
2021.08.16 18:30:00|90.27|90.41|90.22|90.27|739
2021.08.16 19:30:00|90.28|90.59|90.22|90.52|311
2021.08.16 20:30:00|90.53|90.66|90.51000000000001|90.52|278
2021.08.16 21:30:00|90.53|90.67|90.51000000000001|90.56|294
2021.08.16 22:30:00|90.55|90.68000000000001|90.47|90.68000000000001|311
2021.08.17 16:30:00|90.90000000000001|91.62|90.67|90.68000000000001|3421
2021.08.17 17:30:00|90.67|90.8|90.31999999999999|90.69|2112
2021.08.17 18:30:00|90.69|90.72|90.43000000000001|90.66|1076
2021.08.17 19:30:00|90.66|90.67|90.3|90.44|1635
2021.08.17 20:30:00|90.45|90.53|90.20999999999999|90.40000000000001|1050
2021.08.17 21:30:00|90.41|90.63|90.36|90.59|725
2021.08.17 22:30:00|90.59999999999999|90.81|90.53|90.8|472
2021.08.18 16:30:00|90.28|90.89|90.13|90.5|2583
2021.08.18 17:30:00|90.51000000000001|90.54000000000001|89.79000000000001|89.92|1529
2021.08.18 18:30:00|89.91|89.95999999999999|89.67|89.78|884
2021.08.18 19:30:00|89.79000000000001|89.8|89.61|89.70999999999999|383
2021.08.18 20:30:00|89.7|89.98|89.67|89.86|1019
2021.08.18 21:30:00|89.86|89.91|89.41|89.42|857
2021.08.18 22:30:00|89.42|89.45999999999999|88.72|88.77|1137
2021.08.19 16:30:00|88.23|89.23999999999999|88.09999999999999|88.88|3903
2021.08.19 17:30:00|88.86|88.86|88.06999999999999|88.52|2162
2021.08.19 18:30:00|88.52|88.88|88.48999999999999|88.59999999999999|1498
2021.08.19 19:30:00|88.61|88.8|88.54000000000001|88.56|695
2021.08.19 20:30:00|88.56999999999999|88.68000000000001|88.27|88.29000000000001|929
2021.08.19 21:30:00|88.28|89.08|88.14|89.08|1947
2021.08.19 22:30:00|89.06999999999999|89.13|88.44|88.56|1070
2021.08.20 16:30:00|88.56|89.2|88.15000000000001|89.17|2953
2021.08.20 17:30:00|89.18000000000001|89.22|88.92|88.92|1370
2021.08.20 18:30:00|88.93000000000001|89.20999999999999|88.8|89.20999999999999|802
2021.08.20 19:30:00|89.22|89.23|88.94|88.98999999999999|371
2021.08.20 20:30:00|88.97|89.02|88.78|88.88|422
2021.08.20 21:30:00|88.89|89.09999999999999|88.81999999999999|89.09999999999999|368
2021.08.20 22:30:00|89.13|89.23999999999999|88.76000000000001|88.78|590
2021.08.23 16:30:00|88.91|89.2|88.53|89.15000000000001|2341
2021.08.23 17:30:00|89.16|89.39|89.09|89.23|861
2021.08.23 18:30:00|89.23|89.42|89.18000000000001|89.33|342
2021.08.23 19:30:00|89.31999999999999|89.42|89.16|89.17|386
2021.08.23 20:30:00|89.18000000000001|89.27|89.06|89.06999999999999|333
2021.08.23 21:30:00|89.06|89.19|89|89.13|315
2021.08.23 22:30:00|89.12|89.23999999999999|88.94|88.97|328
2021.08.24 16:30:00|89.28|89.47|88.73|89.28|1778
2021.08.24 17:30:00|89.29000000000001|89.43000000000001|88.81999999999999|88.83|956
2021.08.24 18:30:00|88.81999999999999|88.84999999999999|88.59999999999999|88.61|681
2021.08.24 19:30:00|88.64|88.68000000000001|88.5|88.59|354
2021.08.24 20:30:00|88.62|88.73|88.56|88.66|223
2021.08.24 21:30:00|88.65000000000001|88.76000000000001|88.59999999999999|88.73|265
2021.08.24 22:30:00|88.70999999999999|88.70999999999999|88.31999999999999|88.40000000000001|283
2021.08.25 16:30:00|88.59999999999999|88.75|87.90000000000001|88.14|2228
2021.08.25 17:30:00|88.12|88.39|88.02|88.19|780
2021.08.25 18:30:00|88.18000000000001|88.48999999999999|88.06|88.45999999999999|392
2021.08.25 19:30:00|88.45|88.52|88.25|88.25|345
2021.08.25 20:30:00|88.23|88.39|88.19|88.31999999999999|293
2021.08.25 21:30:00|88.31999999999999|88.5|88.23999999999999|88.48|327
2021.08.25 22:30:00|88.47|88.7|88.44|88.47|342
2021.08.26 16:30:00|88.54000000000001|89.03|88.3|88.43000000000001|2582
2021.08.26 17:30:00|88.43000000000001|88.81999999999999|88.29000000000001|88.77|1474
2021.08.26 18:30:00|88.78|88.97|88.56999999999999|88.90000000000001|729
2021.08.26 19:30:00|88.91|88.91|88.62|88.64|476
2021.08.26 20:30:00|88.68000000000001|88.83|88.61|88.8|482
2021.08.26 21:30:00|88.8|88.91|88.66|88.73999999999999|728
2021.08.26 22:30:00|88.75|88.77|88.54000000000001|88.56|511
2021.08.27 16:30:00|88.76000000000001|89.37|88.53|89.17|3084
2021.08.27 17:30:00|89.19|89.19|88.79000000000001|88.79000000000001|1301
2021.08.27 18:30:00|88.78|89.08|88.76000000000001|89.06|578
2021.08.27 19:30:00|89.05|89.14|88.94|89.06999999999999|362
2021.08.27 20:30:00|89.06|89.18000000000001|88.95999999999999|89.06|262
2021.08.27 21:30:00|89.05|89.22|88.97|89.12|314
2021.08.27 22:30:00|89.11|89.23999999999999|89.01000000000001|89.17|441
2021.08.30 16:30:00|89.41|89.7|89.13|89.42|1869
2021.08.30 17:30:00|89.43000000000001|89.83|89.31999999999999|89.69|897
2021.08.30 18:30:00|89.7|89.70999999999999|89.42|89.45|490
2021.08.30 19:30:00|89.44|89.55|89.34999999999999|89.51000000000001|256
2021.08.30 20:30:00|89.52|89.55|89.39|89.45|221
2021.08.30 21:30:00|89.44|89.47|89.29000000000001|89.36|264
2021.08.30 22:30:00|89.34999999999999|89.36|89.23999999999999|89.29000000000001|260
2021.08.31 16:30:00|89.23|89.23|88.34|88.91|2726
2021.08.31 17:30:00|88.91|89.11|88.7|89.06|1000
2021.08.31 18:30:00|89.08|89.20999999999999|88.89|89.15000000000001|581
2021.08.31 19:30:00|89.15000000000001|89.23999999999999|88.92|89|496
2021.08.31 20:30:00|89.03|89.03|88.90000000000001|88.95|316
2021.08.31 21:30:00|88.95999999999999|89.06|88.93000000000001|89|354
2021.08.31 22:30:00|89.01000000000001|89.16|88.95|88.95999999999999|453
2021.09.01 16:30:00|88.84|89.67|88.72|89.38|2594
2021.09.01 17:30:00|89.38|89.45|89|89.28|1289
2021.09.01 18:30:00|89.27|89.52|89.2|89.3|485
2021.09.01 19:30:00|89.3|89.7|89.15000000000001|89.69|388
2021.09.01 20:30:00|89.69|89.83|89.5|89.73999999999999|470
2021.09.01 21:30:00|89.73|90.01000000000001|89.64|90|693
2021.09.01 22:30:00|90.01000000000001|90.01000000000001|89.73|89.8|519
2021.09.02 16:30:00|89.84999999999999|90.34|89.61|89.91|2026
2021.09.02 17:30:00|89.91|90.05|89.53|89.56|877
2021.09.02 18:30:00|89.55|89.61|89.26000000000001|89.40000000000001|537
2021.09.02 19:30:00|89.40000000000001|89.56999999999999|89.3|89.48999999999999|426
2021.09.02 20:30:00|89.53|89.61|89.34|89.56|463
2021.09.02 21:30:00|89.55|89.7|89.45|89.48999999999999|520
2021.09.02 22:30:00|89.48|89.64|89.38|89.64|366
2021.09.03 16:30:00|89.34999999999999|89.91|89.15000000000001|89.78|2298
2021.09.03 17:30:00|89.76000000000001|90.31999999999999|89.65000000000001|90.17|1137
2021.09.03 18:30:00|90.16|90.28|89.93000000000001|89.93000000000001|535
2021.09.03 19:30:00|89.94|90.08|89.81999999999999|90.02|334
2021.09.03 20:30:00|90|90.02|89.83|89.90000000000001|356
2021.09.03 21:30:00|89.90000000000001|90.12|89.86|90.08|343
