2021.02.09 18:00:00|9.699999999999999|9.720000000000001|9.68|9.69|147
2021.02.10 10:00:00|9.710000000000001|9.800000000000001|9.69|9.789999999999999|543
2021.02.10 11:00:00|9.779999999999999|9.800000000000001|9.74|9.800000000000001|335
2021.02.10 12:00:00|9.789999999999999|9.800000000000001|9.76|9.789999999999999|123
2021.02.10 13:00:00|9.779999999999999|9.83|9.779999999999999|9.82|156
2021.02.10 14:00:00|9.81|9.84|9.800000000000001|9.83|145
2021.02.10 15:00:00|9.83|9.869999999999999|9.83|9.85|179
2021.02.10 16:00:00|9.84|9.91|9.84|9.85|160
2021.02.10 17:00:00|9.84|9.880000000000001|9.779999999999999|9.83|580
2021.02.10 18:00:00|9.84|9.859999999999999|9.82|9.83|165
2021.02.11 10:00:00|9.82|9.84|9.76|9.83|521
2021.02.11 11:00:00|9.83|9.859999999999999|9.800000000000001|9.81|165
2021.02.11 12:00:00|9.81|9.83|9.800000000000001|9.800000000000001|156
2021.02.11 13:00:00|9.800000000000001|9.82|9.779999999999999|9.81|113
2021.02.11 14:00:00|9.800000000000001|9.81|9.779999999999999|9.789999999999999|119
2021.02.11 15:00:00|9.789999999999999|9.81|9.77|9.77|200
2021.02.11 16:00:00|9.77|9.77|9.720000000000001|9.74|211
2021.02.11 17:00:00|9.74|9.75|9.68|9.699999999999999|162
2021.02.11 18:00:00|9.68|9.710000000000001|9.68|9.710000000000001|83
2021.02.12 10:00:00|9.66|9.74|9.66|9.69|596
2021.02.12 11:00:00|9.699999999999999|9.74|9.69|9.710000000000001|184
2021.02.12 12:00:00|9.710000000000001|9.73|9.69|9.699999999999999|173
2021.02.12 13:00:00|9.699999999999999|9.720000000000001|9.69|9.699999999999999|90
2021.02.12 14:00:00|9.710000000000001|9.73|9.69|9.720000000000001|89
2021.02.12 15:00:00|9.710000000000001|9.75|9.710000000000001|9.73|61
2021.02.12 16:00:00|9.73|9.74|9.699999999999999|9.720000000000001|189
2021.02.12 17:00:00|9.699999999999999|9.73|9.69|9.710000000000001|114
2021.02.12 18:00:00|9.699999999999999|9.73|9.699999999999999|9.720000000000001|51
2021.02.15 10:00:00|9.75|9.789999999999999|9.699999999999999|9.779999999999999|621
2021.02.15 11:00:00|9.789999999999999|9.789999999999999|9.75|9.76|274
2021.02.15 12:00:00|9.77|9.77|9.74|9.77|206
2021.02.15 13:00:00|9.76|9.789999999999999|9.75|9.77|135
2021.02.15 14:00:00|9.77|9.82|9.76|9.82|201
2021.02.15 15:00:00|9.81|9.84|9.789999999999999|9.84|153
2021.02.15 16:00:00|9.83|9.91|9.83|9.9|127
2021.02.15 17:00:00|9.890000000000001|9.94|9.890000000000001|9.9|184
2021.02.15 18:00:00|9.91|9.91|9.869999999999999|9.890000000000001|110
2021.02.16 10:00:00|9.880000000000001|9.94|9.859999999999999|9.94|326
2021.02.16 11:00:00|9.93|9.94|9.85|9.880000000000001|209
2021.02.16 12:00:00|9.869999999999999|9.9|9.85|9.869999999999999|166
2021.02.16 13:00:00|9.859999999999999|9.869999999999999|9.82|9.859999999999999|155
2021.02.16 14:00:00|9.85|9.859999999999999|9.84|9.84|92
2021.02.16 15:00:00|9.83|9.869999999999999|9.83|9.85|78
2021.02.16 16:00:00|9.84|9.880000000000001|9.83|9.869999999999999|167
2021.02.16 17:00:00|9.85|9.869999999999999|9.84|9.859999999999999|167
2021.02.16 18:00:00|9.85|9.869999999999999|9.84|9.859999999999999|45
2021.02.17 10:00:00|9.85|9.949999999999999|9.81|9.94|680
2021.02.17 11:00:00|9.94|9.949999999999999|9.9|9.93|413
2021.02.17 12:00:00|9.93|9.94|9.880000000000001|9.890000000000001|184
2021.02.17 13:00:00|9.890000000000001|9.94|9.890000000000001|9.93|142
2021.02.17 14:00:00|9.92|9.94|9.9|9.92|158
2021.02.17 15:00:00|9.91|9.949999999999999|9.91|9.949999999999999|113
2021.02.17 16:00:00|9.949999999999999|10|9.9|10|295
2021.02.17 17:00:00|10|10.08|9.98|10.06|319
2021.02.17 18:00:00|10.05|10.06|10.01|10.01|139
2021.02.18 10:00:00|9.74|9.74|9.42|9.539999999999999|2295
2021.02.18 11:00:00|9.550000000000001|9.630000000000001|9.51|9.630000000000001|1042
2021.02.18 12:00:00|9.630000000000001|9.699999999999999|9.59|9.67|587
2021.02.18 13:00:00|9.67|9.720000000000001|9.66|9.710000000000001|446
2021.02.18 14:00:00|9.720000000000001|9.75|9.66|9.69|403
2021.02.18 15:00:00|9.68|9.720000000000001|9.67|9.69|356
2021.02.18 16:00:00|9.699999999999999|9.720000000000001|9.640000000000001|9.68|393
2021.02.18 17:00:00|9.68|9.69|9.65|9.68|242
2021.02.18 18:00:00|9.67|9.75|9.66|9.73|212
2021.02.19 10:00:00|9.66|9.81|9.640000000000001|9.789999999999999|682
2021.02.19 11:00:00|9.779999999999999|9.800000000000001|9.75|9.789999999999999|301
2021.02.19 12:00:00|9.779999999999999|9.83|9.779999999999999|9.81|157
2021.02.19 13:00:00|9.81|9.82|9.77|9.77|176
2021.02.19 14:00:00|9.77|9.83|9.77|9.82|139
2021.02.19 15:00:00|9.82|9.85|9.800000000000001|9.84|153
2021.02.19 16:00:00|9.85|9.85|9.800000000000001|9.81|254
2021.02.19 17:00:00|9.800000000000001|9.81|9.75|9.77|286
2021.02.19 18:00:00|9.75|9.779999999999999|9.74|9.76|96
2021.02.22 10:00:00|9.66|9.699999999999999|9.59|9.609999999999999|784
2021.02.22 11:00:00|9.609999999999999|9.619999999999999|9.550000000000001|9.619999999999999|357
2021.02.22 12:00:00|9.630000000000001|9.65|9.6|9.65|235
2021.02.22 13:00:00|9.640000000000001|9.66|9.619999999999999|9.640000000000001|122
2021.02.22 14:00:00|9.640000000000001|9.65|9.619999999999999|9.640000000000001|154
2021.02.22 15:00:00|9.65|9.65|9.6|9.640000000000001|146
2021.02.22 16:00:00|9.619999999999999|9.69|9.619999999999999|9.68|157
2021.02.22 17:00:00|9.67|9.699999999999999|9.65|9.67|188
2021.02.22 18:00:00|9.67|9.720000000000001|9.66|9.699999999999999|86
2021.02.23 10:00:00|9.69|9.73|9.65|9.710000000000001|820
2021.02.23 11:00:00|9.699999999999999|9.73|9.65|9.65|505
2021.02.23 12:00:00|9.65|9.710000000000001|9.640000000000001|9.699999999999999|467
2021.02.23 13:00:00|9.699999999999999|9.77|9.68|9.76|389
2021.02.23 14:00:00|9.75|9.779999999999999|9.73|9.76|241
2021.02.23 15:00:00|9.75|9.81|9.75|9.76|230
2021.02.23 16:00:00|9.77|9.789999999999999|9.73|9.74|436
2021.02.23 17:00:00|9.720000000000001|9.76|9.699999999999999|9.74|464
2021.02.23 18:00:00|9.73|9.77|9.720000000000001|9.76|171
2021.02.24 10:00:00|9.76|9.82|9.73|9.77|564
2021.02.24 11:00:00|9.779999999999999|9.779999999999999|9.720000000000001|9.73|281
2021.02.24 12:00:00|9.720000000000001|9.73|9.699999999999999|9.710000000000001|220
2021.02.24 13:00:00|9.69|9.76|9.69|9.73|224
2021.02.24 14:00:00|9.720000000000001|9.75|9.710000000000001|9.710000000000001|159
2021.02.24 15:00:00|9.699999999999999|9.710000000000001|9.65|9.67|148
2021.02.24 16:00:00|9.67|9.720000000000001|9.66|9.710000000000001|432
2021.02.24 17:00:00|9.699999999999999|9.77|9.699999999999999|9.74|384
2021.02.24 18:00:00|9.74|9.76|9.720000000000001|9.76|96
2021.02.25 10:00:00|9.699999999999999|9.779999999999999|9.69|9.73|752
2021.02.25 11:00:00|9.720000000000001|9.76|9.699999999999999|9.75|254
2021.02.25 12:00:00|9.74|9.77|9.74|9.75|238
2021.02.25 13:00:00|9.73|9.75|9.710000000000001|9.710000000000001|203
2021.02.25 14:00:00|9.720000000000001|9.74|9.710000000000001|9.73|223
2021.02.25 15:00:00|9.74|9.76|9.73|9.75|89
2021.02.25 16:00:00|9.76|9.82|9.75|9.81|226
2021.02.25 17:00:00|9.789999999999999|9.84|9.779999999999999|9.800000000000001|248
2021.02.25 18:00:00|9.800000000000001|9.81|9.779999999999999|9.789999999999999|128
2021.02.26 10:00:00|9.67|9.69|9.619999999999999|9.66|992
2021.02.26 11:00:00|9.65|9.69|9.630000000000001|9.66|331
2021.02.26 12:00:00|9.66|9.68|9.640000000000001|9.640000000000001|235
2021.02.26 13:00:00|9.640000000000001|9.65|9.6|9.609999999999999|182
2021.02.26 14:00:00|9.609999999999999|9.630000000000001|9.56|9.57|241
2021.02.26 15:00:00|9.57|9.59|9.56|9.57|335
2021.02.26 16:00:00|9.57|9.609999999999999|9.550000000000001|9.550000000000001|363
2021.02.26 17:00:00|9.56|9.57|9.529999999999999|9.550000000000001|616
2021.02.26 18:00:00|9.550000000000001|9.57|9.52|9.529999999999999|195
2021.03.01 10:00:00|9.58|9.66|9.56|9.66|575
2021.03.01 11:00:00|9.65|9.67|9.630000000000001|9.640000000000001|323
2021.03.01 12:00:00|9.630000000000001|9.640000000000001|9.59|9.619999999999999|123
2021.03.01 13:00:00|9.6|9.619999999999999|9.57|9.59|272
2021.03.01 14:00:00|9.59|9.619999999999999|9.57|9.609999999999999|130
2021.03.01 15:00:00|9.59|9.609999999999999|9.57|9.6|86
2021.03.01 16:00:00|9.6|9.619999999999999|9.59|9.609999999999999|231
2021.03.01 17:00:00|9.609999999999999|9.640000000000001|9.59|9.630000000000001|241
2021.03.01 18:00:00|9.609999999999999|9.619999999999999|9.58|9.6|129
2021.03.02 10:00:00|9.58|9.66|9.58|9.619999999999999|413
2021.03.02 11:00:00|9.6|9.630000000000001|9.59|9.609999999999999|320
2021.03.02 12:00:00|9.609999999999999|9.619999999999999|9.6|9.609999999999999|102
2021.03.02 13:00:00|9.6|9.609999999999999|9.58|9.58|146
2021.03.02 14:00:00|9.58|9.6|9.58|9.6|95
2021.03.02 15:00:00|9.59|9.6|9.58|9.59|65
2021.03.02 16:00:00|9.59|9.640000000000001|9.59|9.630000000000001|216
2021.03.02 17:00:00|9.609999999999999|9.640000000000001|9.6|9.630000000000001|302
2021.03.02 18:00:00|9.609999999999999|9.630000000000001|9.609999999999999|9.619999999999999|53
2021.03.03 10:00:00|9.67|9.69|9.6|9.6|382
2021.03.03 11:00:00|9.6|9.630000000000001|9.59|9.59|216
2021.03.03 12:00:00|9.59|9.619999999999999|9.58|9.6|90
2021.03.03 13:00:00|9.59|9.619999999999999|9.58|9.59|117
2021.03.03 14:00:00|9.6|9.6|9.58|9.59|77
2021.03.03 15:00:00|9.59|9.6|9.56|9.57|174
2021.03.03 16:00:00|9.57|9.59|9.529999999999999|9.529999999999999|360
2021.03.03 17:00:00|9.529999999999999|9.59|9.52|9.58|594
2021.03.03 18:00:00|9.58|9.59|9.56|9.58|79
2021.03.04 10:00:00|9.57|9.66|9.57|9.65|427
2021.03.04 11:00:00|9.65|9.68|9.630000000000001|9.67|309
2021.03.04 12:00:00|9.66|9.699999999999999|9.640000000000001|9.699999999999999|222
2021.03.04 13:00:00|9.699999999999999|9.710000000000001|9.68|9.69|146
2021.03.04 14:00:00|9.69|9.699999999999999|9.66|9.69|160
2021.03.04 15:00:00|9.69|9.73|9.69|9.720000000000001|143
2021.03.04 16:00:00|9.720000000000001|9.800000000000001|9.710000000000001|9.779999999999999|290
2021.03.04 17:00:00|9.779999999999999|9.789999999999999|9.73|9.77|387
2021.03.04 18:00:00|9.76|9.779999999999999|9.75|9.76|158
2021.03.05 10:00:00|9.76|9.869999999999999|9.73|9.85|643
2021.03.05 11:00:00|9.85|9.85|9.75|9.779999999999999|376
2021.03.05 12:00:00|9.77|9.81|9.77|9.800000000000001|217
2021.03.05 13:00:00|9.789999999999999|9.800000000000001|9.779999999999999|9.779999999999999|191
2021.03.05 14:00:00|9.779999999999999|9.82|9.77|9.789999999999999|159
2021.03.05 15:00:00|9.779999999999999|9.81|9.74|9.789999999999999|286
2021.03.05 16:00:00|9.789999999999999|9.84|9.77|9.84|487
2021.03.05 17:00:00|9.84|9.859999999999999|9.82|9.859999999999999|471
2021.03.05 18:00:00|9.84|9.880000000000001|9.84|9.85|198
2021.03.08 10:00:00|9.890000000000001|9.93|9.85|9.91|497
2021.03.08 11:00:00|9.91|9.92|9.84|9.84|281
2021.03.08 12:00:00|9.84|9.890000000000001|9.84|9.880000000000001|183
2021.03.08 13:00:00|9.880000000000001|9.9|9.83|9.9|230
2021.03.08 14:00:00|9.91|9.91|9.880000000000001|9.890000000000001|211
2021.03.08 15:00:00|9.890000000000001|9.93|9.880000000000001|9.91|294
2021.03.08 16:00:00|9.9|9.93|9.869999999999999|9.91|392
2021.03.08 17:00:00|9.91|9.94|9.890000000000001|9.92|433
2021.03.08 18:00:00|9.93|9.949999999999999|9.91|9.949999999999999|159
2021.03.09 10:00:00|9.949999999999999|10.04|9.94|9.960000000000001|368
2021.03.09 11:00:00|9.960000000000001|10|9.960000000000001|9.99|260
2021.03.09 12:00:00|9.99|10.01|9.970000000000001|10.01|204
2021.03.09 13:00:00|9.99|10.02|9.99|9.99|141
2021.03.09 14:00:00|9.99|10|9.949999999999999|9.98|128
2021.03.09 15:00:00|9.98|10.01|9.970000000000001|10|95
2021.03.09 16:00:00|10|10.02|9.949999999999999|9.960000000000001|211
2021.03.09 17:00:00|9.94|9.960000000000001|9.869999999999999|9.91|263
2021.03.09 18:00:00|9.9|9.93|9.9|9.92|73
2021.03.10 10:00:00|9.91|9.960000000000001|9.9|9.93|343
2021.03.10 11:00:00|9.93|10.03|9.93|10.02|220
2021.03.10 12:00:00|10.02|10.15|10.02|10.15|225
2021.03.10 13:00:00|10.14|10.15|10.08|10.08|212
2021.03.10 14:00:00|10.08|10.13|10.08|10.11|94
2021.03.10 15:00:00|10.11|10.14|10.1|10.13|129
2021.03.10 16:00:00|10.13|10.16|10.1|10.14|325
2021.03.10 17:00:00|10.13|10.17|10.13|10.16|234
2021.03.10 18:00:00|10.15|10.19|10.15|10.19|83
2021.03.11 10:00:00|10.21|10.26|10.16|10.21|311
2021.03.11 11:00:00|10.21|10.22|10.14|10.15|245
2021.03.11 12:00:00|10.15|10.17|10.13|10.15|139
2021.03.11 13:00:00|10.14|10.16|10.11|10.12|115
2021.03.11 14:00:00|10.1|10.17|10.1|10.16|164
2021.03.11 15:00:00|10.14|10.16|10.13|10.15|166
2021.03.11 16:00:00|10.14|10.16|10.11|10.16|165
2021.03.11 17:00:00|10.14|10.2|10.13|10.19|243
2021.03.11 18:00:00|10.17|10.19|10.17|10.18|96
2021.03.12 10:00:00|10.17|10.17|10.13|10.16|233
2021.03.12 11:00:00|10.16|10.21|10.12|10.13|239
2021.03.12 12:00:00|10.14|10.17|10.11|10.15|277
2021.03.12 13:00:00|10.14|10.18|10.13|10.18|114
2021.03.12 14:00:00|10.17|10.19|10.16|10.18|96
2021.03.12 15:00:00|10.18|10.23|10.18|10.23|58
2021.03.12 16:00:00|10.21|10.25|10.2|10.23|119
2021.03.12 17:00:00|10.21|10.24|10.2|10.22|122
2021.03.12 18:00:00|10.2|10.24|10.2|10.22|98
2021.03.15 10:00:00|10.29|10.36|10.27|10.34|229
2021.03.15 11:00:00|10.34|10.39|10.34|10.37|158
2021.03.15 12:00:00|10.37|10.41|10.34|10.41|184
2021.03.15 13:00:00|10.41|10.42|10.37|10.39|72
2021.03.15 14:00:00|10.38|10.39|10.35|10.38|92
2021.03.15 15:00:00|10.38|10.39|10.36|10.38|118
2021.03.15 16:00:00|10.37|10.37|10.3|10.33|178
2021.03.15 17:00:00|10.33|10.35|10.29|10.32|183
2021.03.15 18:00:00|10.3|10.34|10.3|10.33|35
2021.03.16 10:00:00|10.39|10.41|10.31|10.33|384
2021.03.16 11:00:00|10.32|10.38|10.32|10.33|184
2021.03.16 12:00:00|10.33|10.38|10.33|10.37|200
2021.03.16 13:00:00|10.37|10.38|10.33|10.36|93
2021.03.16 14:00:00|10.35|10.37|10.35|10.37|98
2021.03.16 15:00:00|10.37|10.38|10.31|10.34|173
2021.03.16 16:00:00|10.33|10.37|10.32|10.37|192
2021.03.16 17:00:00|10.37|10.41|10.36|10.38|148
2021.03.16 18:00:00|10.38|10.39|10.35|10.37|28
2021.03.17 10:00:00|10.38|10.4|10.31|10.33|258
2021.03.17 11:00:00|10.34|10.36|10.31|10.36|126
2021.03.17 12:00:00|10.35|10.39|10.35|10.37|52
2021.03.17 13:00:00|10.36|10.38|10.32|10.32|111
2021.03.17 14:00:00|10.31|10.35|10.31|10.34|66
2021.03.17 15:00:00|10.34|10.37|10.34|10.36|88
2021.03.17 16:00:00|10.35|10.38|10.33|10.38|104
2021.03.17 17:00:00|10.38|10.43|10.38|10.42|97
2021.03.17 18:00:00|10.41|10.43|10.39|10.41|42
2021.03.18 10:00:00|10.44|10.5|10.41|10.49|315
2021.03.18 11:00:00|10.49|10.55|10.47|10.48|150
2021.03.18 12:00:00|10.46|10.48|10.44|10.46|50
2021.03.18 13:00:00|10.46|10.48|10.36|10.43|271
2021.03.18 14:00:00|10.42|10.44|10.38|10.44|57
2021.03.18 15:00:00|10.42|10.45|10.4|10.45|81
2021.03.18 16:00:00|10.46|10.47|10.42|10.44|95
2021.03.18 17:00:00|10.44|10.48|10.43|10.48|59
2021.03.18 18:00:00|10.48|10.49|10.46|10.46|53
2021.03.19 10:00:00|10.42|10.54|10.38|10.54|324
2021.03.19 11:00:00|10.53|10.58|10.52|10.56|213
2021.03.19 12:00:00|10.54|10.65|10.54|10.65|188
2021.03.19 13:00:00|10.64|10.65|10.56|10.57|182
2021.03.19 14:00:00|10.57|10.58|10.52|10.54|100
2021.03.19 15:00:00|10.53|10.54|10.44|10.49|242
2021.03.19 16:00:00|10.5|10.53|10.47|10.52|310
2021.03.19 17:00:00|10.5|10.51|10.38|10.41|234
2021.03.19 18:00:00|10.42|10.42|10.38|10.41|120
2021.03.22 10:00:00|10.39|10.45|10.35|10.39|487
2021.03.22 11:00:00|10.39|10.41|10.36|10.39|146
2021.03.22 12:00:00|10.37|10.39|10.35|10.38|107
2021.03.22 13:00:00|10.38|10.42|10.38|10.42|91
2021.03.22 14:00:00|10.4|10.44|10.4|10.43|67
2021.03.22 15:00:00|10.42|10.43|10.38|10.42|104
2021.03.22 16:00:00|10.42|10.44|10.39|10.42|97
2021.03.22 17:00:00|10.42|10.44|10.4|10.41|84
2021.03.22 18:00:00|10.42|10.47|10.42|10.47|47
2021.03.23 10:00:00|10.4|10.5|10.36|10.5|334
2021.03.23 11:00:00|10.49|10.51|10.44|10.48|150
2021.03.23 12:00:00|10.47|10.52|10.47|10.52|118
2021.03.23 13:00:00|10.51|10.52|10.47|10.5|53
2021.03.23 14:00:00|10.49|10.52|10.46|10.47|60
2021.03.23 15:00:00|10.46|10.53|10.46|10.53|80
2021.03.23 16:00:00|10.53|10.55|10.52|10.55|134
2021.03.23 17:00:00|10.54|10.56|10.5|10.56|76
2021.03.23 18:00:00|10.55|10.55|10.51|10.53|138
2021.03.24 10:00:00|10.43|10.46|10.35|10.37|502
2021.03.24 11:00:00|10.36|10.39|10.32|10.38|239
2021.03.24 12:00:00|10.37|10.42|10.37|10.41|202
2021.03.24 13:00:00|10.41|10.46|10.4|10.43|82
2021.03.24 14:00:00|10.42|10.43|10.35|10.37|93
2021.03.24 15:00:00|10.36|10.42|10.34|10.4|130
2021.03.24 16:00:00|10.41|10.43|10.38|10.39|141
2021.03.24 17:00:00|10.38|10.41|10.38|10.4|50
2021.03.24 18:00:00|10.41|10.41|10.4|10.4|24
2021.03.25 10:00:00|10.39|10.47|10.36|10.44|250
2021.03.25 11:00:00|10.43|10.45|10.38|10.39|91
2021.03.25 12:00:00|10.38|10.4|10.36|10.37|41
2021.03.25 13:00:00|10.38|10.38|10.31|10.32|180
2021.03.25 14:00:00|10.31|10.33|10.28|10.3|112
2021.03.25 15:00:00|10.29|10.36|10.29|10.32|156
2021.03.25 16:00:00|10.31|10.34|10.3|10.33|118
2021.03.25 17:00:00|10.33|10.38|10.31|10.38|112
2021.03.25 18:00:00|10.37|10.37|10.34|10.35|63
2021.03.26 10:00:00|10.42|10.47|10.39|10.44|346
2021.03.26 11:00:00|10.44|10.48|10.42|10.43|142
2021.03.26 12:00:00|10.42|10.43|10.4|10.43|101
2021.03.26 13:00:00|10.42|10.44|10.39|10.44|61
2021.03.26 14:00:00|10.43|10.47|10.43|10.46|53
2021.03.26 15:00:00|10.47|10.48|10.44|10.46|79
2021.03.26 16:00:00|10.45|10.48|10.44|10.47|78
2021.03.26 17:00:00|10.46|10.48|10.46|10.46|66
2021.03.26 18:00:00|10.45|10.47|10.45|10.46|40
2021.03.29 10:00:00|10.46|10.6|10.45|10.55|322
2021.03.29 11:00:00|10.54|10.61|10.53|10.55|194
2021.03.29 12:00:00|10.54|10.55|10.5|10.52|202
2021.03.29 13:00:00|10.51|10.54|10.5|10.52|58
2021.03.29 14:00:00|10.52|10.53|10.51|10.52|52
2021.03.29 15:00:00|10.53|10.54|10.51|10.53|48
2021.03.29 16:00:00|10.52|10.57|10.51|10.57|69
2021.03.29 17:00:00|10.56|10.6|10.56|10.6|266
2021.03.29 18:00:00|10.6|10.63|10.58|10.6|126
2021.03.30 10:00:00|10.61|10.65|10.6|10.61|276
2021.03.30 11:00:00|10.62|10.64|10.54|10.54|90
2021.03.30 12:00:00|10.55|10.55|10.51|10.51|71
2021.03.30 13:00:00|10.52|10.57|10.51|10.55|95
2021.03.30 14:00:00|10.55|10.56|10.54|10.55|48
2021.03.30 15:00:00|10.54|10.55|10.52|10.54|88
2021.03.30 16:00:00|10.53|10.57|10.53|10.53|74
2021.03.30 17:00:00|10.54|10.55|10.51|10.52|44
2021.03.30 18:00:00|10.53|10.54|10.52|10.54|23
2021.03.31 10:00:00|10.47|10.53|10.46|10.48|237
2021.03.31 11:00:00|10.49|10.5|10.47|10.47|68
2021.03.31 12:00:00|10.48|10.53|10.48|10.51|54
2021.03.31 13:00:00|10.52|10.52|10.49|10.49|73
2021.03.31 14:00:00|10.48|10.49|10.48|10.49|74
2021.03.31 15:00:00|10.48|10.49|10.47|10.47|59
2021.03.31 16:00:00|10.48|10.48|10.45|10.47|34
2021.03.31 17:00:00|10.48|10.48|10.46|10.48|34
2021.03.31 18:00:00|10.47|10.49|10.46|10.48|37
2021.04.01 10:00:00|10.46|10.46|10.39|10.44|401
2021.04.01 11:00:00|10.44|10.52|10.43|10.51|207
2021.04.01 12:00:00|10.51|10.53|10.49|10.5|154
2021.04.01 13:00:00|10.5|10.51|10.46|10.47|142
2021.04.01 14:00:00|10.47|10.49|10.46|10.46|103
2021.04.01 15:00:00|10.47|10.47|10.45|10.46|113
2021.04.01 16:00:00|10.45|10.46|10.39|10.41|146
2021.04.01 17:00:00|10.41|10.46|10.41|10.44|111
2021.04.01 18:00:00|10.43|10.46|10.43|10.45|86
2021.04.06 10:00:00|10.49|10.53|10.46|10.49|455
2021.04.06 11:00:00|10.5|10.5|10.45|10.45|414
2021.04.06 12:00:00|10.45|10.47|10.43|10.47|260
2021.04.06 13:00:00|10.47|10.49|10.47|10.48|211
2021.04.06 14:00:00|10.49|10.5|10.48|10.48|79
2021.04.06 15:00:00|10.47|10.48|10.45|10.45|63
2021.04.06 16:00:00|10.45|10.48|10.44|10.45|279
2021.04.06 17:00:00|10.44|10.47|10.44|10.45|214
2021.04.06 18:00:00|10.44|10.45|10.43|10.43|67
2021.04.07 10:00:00|10.46|10.53|10.44|10.52|378
2021.04.07 11:00:00|10.51|10.54|10.5|10.5|158
2021.04.07 12:00:00|10.51|10.53|10.5|10.5|131
2021.04.07 13:00:00|10.49|10.53|10.49|10.51|96
2021.04.07 14:00:00|10.5|10.51|10.48|10.48|106
2021.04.07 15:00:00|10.48|10.51|10.48|10.48|116
2021.04.07 16:00:00|10.48|10.52|10.45|10.45|131
2021.04.07 17:00:00|10.44|10.48|10.44|10.46|127
2021.04.07 18:00:00|10.46|10.49|10.46|10.47|71
2021.04.08 10:00:00|10.49|10.52|10.48|10.49|265
2021.04.08 11:00:00|10.48|10.5|10.46|10.47|221
2021.04.08 12:00:00|10.47|10.49|10.45|10.45|88
2021.04.08 13:00:00|10.46|10.48|10.44|10.47|98
2021.04.08 14:00:00|10.48|10.49|10.47|10.48|97
2021.04.08 15:00:00|10.48|10.5|10.48|10.49|92
2021.04.08 16:00:00|10.49|10.52|10.47|10.51|175
2021.04.08 17:00:00|10.52|10.54|10.5|10.53|160
2021.04.08 18:00:00|10.53|10.55|10.52|10.54|140
2021.04.09 10:00:00|10.53|10.54|10.45|10.47|156
2021.04.09 11:00:00|10.47|10.48|10.39|10.42|215
2021.04.09 12:00:00|10.41|10.45|10.41|10.45|127
2021.04.09 13:00:00|10.46|10.47|10.43|10.44|73
2021.04.09 14:00:00|10.43|10.47|10.43|10.47|104
2021.04.09 15:00:00|10.46|10.46|10.44|10.44|44
2021.04.09 16:00:00|10.43|10.46|10.43|10.43|138
2021.04.09 17:00:00|10.44|10.45|10.43|10.43|96
2021.04.09 18:00:00|10.42|10.45|10.42|10.45|84
2021.04.12 10:00:00|10.44|10.44|10.33|10.33|329
2021.04.12 11:00:00|10.32|10.39|10.29|10.37|169
2021.04.12 12:00:00|10.37|10.39|10.33|10.36|107
2021.04.12 13:00:00|10.35|10.36|10.33|10.33|47
2021.04.12 14:00:00|10.34|10.35|10.32|10.35|76
2021.04.12 15:00:00|10.36|10.37|10.35|10.36|56
2021.04.12 16:00:00|10.36|10.39|10.33|10.37|145
2021.04.12 17:00:00|10.38|10.38|10.34|10.35|113
2021.04.12 18:00:00|10.36|10.36|10.34|10.34|40
2021.04.13 10:00:00|10.29|10.3|10.19|10.22|302
2021.04.13 11:00:00|10.21|10.22|10.16|10.17|194
2021.04.13 12:00:00|10.16|10.19|10.15|10.16|89
2021.04.13 13:00:00|10.16|10.18|10.14|10.15|69
2021.04.13 14:00:00|10.14|10.14|10.12|10.13|129
2021.04.13 15:00:00|10.14|10.15|10.12|10.14|162
2021.04.13 16:00:00|10.14|10.17|10.11|10.16|213
2021.04.13 17:00:00|10.17|10.2|10.16|10.19|197
2021.04.13 18:00:00|10.18|10.2|10.18|10.2|53
2021.04.14 10:00:00|10.18|10.18|10.09|10.1|302
2021.04.14 11:00:00|10.1|10.15|10.1|10.13|170
2021.04.14 12:00:00|10.13|10.14|10.1|10.11|190
2021.04.14 13:00:00|10.12|10.19|10.11|10.18|226
2021.04.14 14:00:00|10.17|10.22|10.17|10.19|113
2021.04.14 15:00:00|10.19|10.19|10.16|10.18|151
2021.04.14 16:00:00|10.19|10.19|10.15|10.18|182
2021.04.14 17:00:00|10.18|10.2|10.16|10.19|147
2021.04.14 18:00:00|10.2|10.2|10.19|10.2|99
2021.04.15 10:00:00|10.19|10.28|10.19|10.26|295
2021.04.15 11:00:00|10.26|10.26|10.23|10.23|121
2021.04.15 12:00:00|10.23|10.24|10.22|10.23|87
2021.04.15 13:00:00|10.24|10.25|10.23|10.24|16
2021.04.15 14:00:00|10.23|10.25|10.22|10.22|49
2021.04.15 15:00:00|10.21|10.25|10.21|10.25|46
2021.04.15 16:00:00|10.24|10.25|10.23|10.25|43
2021.04.15 17:00:00|10.24|10.25|10.22|10.22|114
2021.04.15 18:00:00|10.22|10.23|10.22|10.23|87
2021.04.16 10:00:00|10.19|10.28|10.17|10.26|304
2021.04.16 11:00:00|10.26|10.32|10.26|10.29|157
2021.04.16 12:00:00|10.29|10.33|10.28|10.32|247
2021.04.16 13:00:00|10.31|10.32|10.29|10.29|84
2021.04.16 14:00:00|10.28|10.3|10.28|10.3|70
2021.04.16 15:00:00|10.29|10.31|10.28|10.3|102
2021.04.16 16:00:00|10.29|10.32|10.29|10.3|180
2021.04.16 17:00:00|10.29|10.32|10.29|10.31|113
2021.04.16 18:00:00|10.31|10.32|10.31|10.31|37
2021.04.19 10:00:00|10.32|10.36|10.31|10.32|216
2021.04.19 11:00:00|10.33|10.34|10.31|10.34|66
2021.04.19 12:00:00|10.33|10.36|10.33|10.35|77
2021.04.19 13:00:00|10.36|10.39|10.36|10.37|62
2021.04.19 14:00:00|10.36|10.41|10.36|10.41|102
2021.04.19 15:00:00|10.41|10.45|10.4|10.45|63
2021.04.19 16:00:00|10.44|10.45|10.41|10.42|104
2021.04.19 17:00:00|10.42|10.44|10.41|10.43|134
2021.04.19 18:00:00|10.42|10.44|10.42|10.44|36
2021.04.20 10:00:00|10.4|10.43|10.37|10.41|378
2021.04.20 11:00:00|10.4|10.43|10.4|10.42|175
2021.04.20 12:00:00|10.41|10.44|10.4|10.41|235
2021.04.20 13:00:00|10.4|10.41|10.38|10.39|198
2021.04.20 14:00:00|10.39|10.4|10.38|10.4|108
2021.04.20 15:00:00|10.41|10.41|10.39|10.41|106
2021.04.20 16:00:00|10.4|10.42|10.39|10.4|222
2021.04.20 17:00:00|10.4|10.44|10.4|10.43|209
2021.04.20 18:00:00|10.43|10.45|10.42|10.44|118
2021.04.21 10:00:00|10.46|10.49|10.45|10.46|284
2021.04.21 11:00:00|10.45|10.46|10.42|10.44|153
2021.04.21 12:00:00|10.43|10.45|10.42|10.44|207
2021.04.21 13:00:00|10.44|10.45|10.4|10.43|255
2021.04.21 14:00:00|10.43|10.45|10.42|10.45|149
2021.04.21 15:00:00|10.44|10.45|10.42|10.44|234
2021.04.21 16:00:00|10.44|10.48|10.44|10.46|245
2021.04.21 17:00:00|10.46|10.49|10.45|10.46|191
2021.04.21 18:00:00|10.46|10.49|10.46|10.48|88
2021.04.22 10:00:00|10.34|10.37|10.22|10.25|590
2021.04.22 11:00:00|10.25|10.32|10.23|10.26|382
2021.04.22 12:00:00|10.26|10.31|10.25|10.3|328
2021.04.22 13:00:00|10.3|10.31|10.26|10.28|286
2021.04.22 14:00:00|10.27|10.28|10.22|10.23|145
2021.04.22 15:00:00|10.23|10.24|10.19|10.22|243
2021.04.22 16:00:00|10.22|10.24|10.2|10.23|308
2021.04.22 17:00:00|10.23|10.28|10.22|10.26|149
2021.04.22 18:00:00|10.26|10.33|10.26|10.31|102
2021.04.23 10:00:00|10.27|10.4|10.26|10.37|509
2021.04.23 11:00:00|10.38|10.38|10.31|10.31|263
2021.04.23 12:00:00|10.31|10.34|10.3|10.32|147
2021.04.23 13:00:00|10.31|10.33|10.31|10.31|64
2021.04.23 14:00:00|10.31|10.33|10.31|10.32|148
2021.04.23 15:00:00|10.33|10.33|10.28|10.3|107
2021.04.23 16:00:00|10.31|10.31|10.24|10.24|170
2021.04.23 17:00:00|10.25|10.32|10.25|10.28|207
2021.04.23 18:00:00|10.29|10.31|10.28|10.3|78
2021.04.26 10:00:00|10.24|10.33|10.23|10.32|314
2021.04.26 11:00:00|10.31|10.35|10.3|10.32|222
2021.04.26 12:00:00|10.32|10.33|10.27|10.28|141
2021.04.26 13:00:00|10.27|10.28|10.26|10.27|158
2021.04.26 14:00:00|10.27|10.29|10.26|10.28|65
2021.04.26 15:00:00|10.28|10.31|10.28|10.3|69
2021.04.26 16:00:00|10.3|10.32|10.28|10.29|138
2021.04.26 17:00:00|10.28|10.31|10.27|10.29|180
2021.04.26 18:00:00|10.29|10.31|10.29|10.31|83
2021.04.27 10:00:00|10.25|10.33|10.25|10.33|195
2021.04.27 11:00:00|10.32|10.34|10.31|10.33|185
2021.04.27 12:00:00|10.32|10.33|10.29|10.3|109
2021.04.27 13:00:00|10.29|10.32|10.29|10.31|77
2021.04.27 14:00:00|10.31|10.34|10.31|10.33|50
2021.04.27 15:00:00|10.33|10.35|10.33|10.33|72
2021.04.27 16:00:00|10.33|10.34|10.32|10.33|115
2021.04.27 17:00:00|10.32|10.33|10.28|10.29|64
2021.04.27 18:00:00|10.29|10.3|10.28|10.29|78
2021.04.28 10:00:00|10.37|10.44|10.36|10.39|372
2021.04.28 11:00:00|10.39|10.41|10.37|10.41|162
2021.04.28 12:00:00|10.4|10.45|10.4|10.45|131
2021.04.28 13:00:00|10.46|10.46|10.43|10.45|112
2021.04.28 14:00:00|10.46|10.46|10.44|10.45|52
2021.04.28 15:00:00|10.45|10.47|10.44|10.46|100
2021.04.28 16:00:00|10.45|10.46|10.42|10.45|117
2021.04.28 17:00:00|10.44|10.44|10.42|10.42|83
2021.04.28 18:00:00|10.41|10.41|10.39|10.4|46
2021.04.29 10:00:00|10.45|10.46|10.41|10.43|391
2021.04.29 11:00:00|10.43|10.45|10.4|10.4|263
2021.04.29 12:00:00|10.39|10.41|10.37|10.4|218
2021.04.29 13:00:00|10.39|10.39|10.37|10.38|131
2021.04.29 14:00:00|10.37|10.39|10.37|10.39|139
2021.04.29 15:00:00|10.38|10.4|10.36|10.38|135
2021.04.29 16:00:00|10.38|10.39|10.36|10.38|155
2021.04.29 17:00:00|10.37|10.38|10.34|10.35|146
2021.04.29 18:00:00|10.36|10.36|10.34|10.34|136
2021.04.30 10:00:00|10.39|10.4|10.35|10.38|380
2021.04.30 11:00:00|10.37|10.39|10.34|10.36|174
2021.04.30 12:00:00|10.36|10.38|10.34|10.35|152
2021.04.30 13:00:00|10.34|10.34|10.33|10.33|61
2021.04.30 14:00:00|10.34|10.34|10.32|10.34|76
2021.04.30 15:00:00|10.33|10.35|10.33|10.34|75
2021.04.30 16:00:00|10.34|10.37|10.33|10.33|120
2021.04.30 17:00:00|10.33|10.34|10.31|10.32|140
2021.04.30 18:00:00|10.31|10.32|10.3|10.3|86
2021.05.03 10:00:00|10.33|10.38|10.32|10.38|211
2021.05.03 11:00:00|10.37|10.37|10.32|10.32|138
2021.05.03 12:00:00|10.32|10.33|10.29|10.31|170
2021.05.03 13:00:00|10.3|10.34|10.3|10.33|127
2021.05.03 14:00:00|10.33|10.35|10.33|10.35|94
2021.05.03 15:00:00|10.35|10.37|10.32|10.33|73
2021.05.03 16:00:00|10.32|10.35|10.31|10.34|107
2021.05.03 17:00:00|10.33|10.35|10.31|10.34|129
2021.05.03 18:00:00|10.34|10.35|10.33|10.34|97
2021.05.04 10:00:00|10.37|10.44|10.36|10.42|349
2021.05.04 11:00:00|10.41|10.48|10.41|10.47|203
2021.05.04 12:00:00|10.46|10.5|10.45|10.5|108
2021.05.04 13:00:00|10.49|10.53|10.49|10.53|119
2021.05.04 14:00:00|10.52|10.53|10.46|10.47|322
2021.05.04 15:00:00|10.47|10.48|10.44|10.44|176
2021.05.04 16:00:00|10.44|10.45|10.41|10.44|152
2021.05.04 17:00:00|10.43|10.45|10.41|10.43|301
2021.05.04 18:00:00|10.42|10.44|10.39|10.39|173
2021.05.05 10:00:00|10.41|10.46|10.4|10.4|316
2021.05.05 11:00:00|10.4|10.44|10.4|10.4|184
2021.05.05 12:00:00|10.39|10.4|10.35|10.36|183
2021.05.05 13:00:00|10.37|10.41|10.36|10.38|92
2021.05.05 14:00:00|10.39|10.41|10.38|10.41|42
2021.05.05 15:00:00|10.41|10.42|10.38|10.38|87
2021.05.05 16:00:00|10.38|10.4|10.37|10.37|128
2021.05.05 17:00:00|10.37|10.43|10.37|10.4|131
2021.05.05 18:00:00|10.4|10.43|10.4|10.42|76
2021.05.06 10:00:00|10.44|10.53|10.44|10.49|304
2021.05.06 11:00:00|10.48|10.51|10.47|10.48|114
2021.05.06 12:00:00|10.48|10.49|10.45|10.46|145
2021.05.06 13:00:00|10.45|10.46|10.43|10.43|93
2021.05.06 14:00:00|10.43|10.44|10.42|10.43|43
2021.05.06 15:00:00|10.43|10.43|10.4|10.41|106
2021.05.06 16:00:00|10.41|10.45|10.41|10.44|184
2021.05.06 17:00:00|10.43|10.46|10.43|10.45|100
2021.05.06 18:00:00|10.46|10.48|10.45|10.48|33
2021.05.07 10:00:00|10.49|10.52|10.46|10.47|220
2021.05.07 11:00:00|10.47|10.5|10.43|10.43|140
2021.05.07 12:00:00|10.42|10.44|10.41|10.42|165
2021.05.07 13:00:00|10.42|10.47|10.42|10.47|75
2021.05.07 14:00:00|10.48|10.5|10.46|10.48|58
2021.05.07 15:00:00|10.47|10.48|10.42|10.43|183
2021.05.07 16:00:00|10.43|10.48|10.42|10.47|183
2021.05.07 17:00:00|10.46|10.47|10.43|10.43|111
2021.05.07 18:00:00|10.44|10.46|10.43|10.45|63
2021.05.10 10:00:00|10.49|10.55|10.49|10.53|245
2021.05.10 11:00:00|10.53|10.57|10.53|10.55|137
2021.05.10 12:00:00|10.55|10.56|10.51|10.53|119
2021.05.10 13:00:00|10.54|10.54|10.51|10.52|100
2021.05.10 14:00:00|10.52|10.53|10.52|10.52|58
2021.05.10 15:00:00|10.52|10.57|10.52|10.56|101
2021.05.10 16:00:00|10.55|10.57|10.54|10.55|122
2021.05.10 17:00:00|10.54|10.55|10.52|10.55|155
2021.05.10 18:00:00|10.54|10.57|10.54|10.56|51
2021.05.11 10:00:00|10.51|10.52|10.42|10.45|552
2021.05.11 11:00:00|10.44|10.45|10.38|10.4|251
2021.05.11 12:00:00|10.4|10.42|10.37|10.38|169
2021.05.11 13:00:00|10.37|10.38|10.31|10.31|79
2021.05.11 14:00:00|10.31|10.34|10.3|10.33|125
2021.05.11 15:00:00|10.33|10.34|10.3|10.31|146
2021.05.11 16:00:00|10.31|10.37|10.31|10.35|227
2021.05.11 17:00:00|10.35|10.36|10.3|10.31|264
2021.05.11 18:00:00|10.3|10.32|10.3|10.3|128
2021.05.12 10:00:00|10.34|10.38|10.3|10.37|329
2021.05.12 11:00:00|10.36|10.4|10.34|10.4|116
2021.05.12 12:00:00|10.4|10.43|10.4|10.42|149
2021.05.12 13:00:00|10.41|10.47|10.41|10.43|144
2021.05.12 14:00:00|10.43|10.45|10.43|10.43|59
2021.05.12 15:00:00|10.43|10.44|10.38|10.43|305
2021.05.12 16:00:00|10.42|10.46|10.42|10.45|144
2021.05.12 17:00:00|10.44|10.47|10.44|10.46|151
2021.05.12 18:00:00|10.46|10.47|10.45|10.46|50
2021.05.13 10:00:00|10.42|10.44|10.37|10.43|408
2021.05.13 11:00:00|10.42|10.42|10.29|10.32|343
2021.05.13 12:00:00|10.33|10.34|10.32|10.34|97
2021.05.13 13:00:00|10.33|10.35|10.32|10.33|145
2021.05.13 14:00:00|10.33|10.34|10.31|10.34|55
2021.05.13 15:00:00|10.34|10.36|10.34|10.34|127
2021.05.13 16:00:00|10.34|10.41|10.34|10.4|205
2021.05.13 17:00:00|10.4|10.43|10.39|10.43|83
2021.05.13 18:00:00|10.43|10.46|10.43|10.45|88
2021.05.14 10:00:00|10.51|10.56|10.49|10.52|354
2021.05.14 11:00:00|10.51|10.53|10.5|10.52|103
2021.05.14 12:00:00|10.53|10.53|10.5|10.51|130
2021.05.14 13:00:00|10.51|10.52|10.5|10.5|97
2021.05.14 14:00:00|10.51|10.51|10.48|10.5|14
2021.05.14 15:00:00|10.49|10.53|10.49|10.52|94
2021.05.14 16:00:00|10.52|10.55|10.52|10.53|90
2021.05.14 17:00:00|10.53|10.54|10.51|10.51|89
2021.05.14 18:00:00|10.51|10.55|10.51|10.55|45
2021.05.17 10:00:00|10.58|10.66|10.56|10.64|390
2021.05.17 11:00:00|10.65|10.66|10.61|10.61|217
2021.05.17 12:00:00|10.61|10.62|10.59|10.59|121
2021.05.17 13:00:00|10.58|10.6|10.57|10.59|141
2021.05.17 14:00:00|10.59|10.64|10.59|10.64|146
2021.05.17 15:00:00|10.63|10.7|10.63|10.68|109
2021.05.17 16:00:00|10.67|10.71|10.67|10.68|185
2021.05.17 17:00:00|10.68|10.7|10.66|10.68|163
2021.05.17 18:00:00|10.68|10.7|10.66|10.67|85
2021.05.18 10:00:00|10.57|10.58|10.46|10.52|529
2021.05.18 11:00:00|10.52|10.53|10.47|10.49|252
2021.05.18 12:00:00|10.48|10.5|10.45|10.46|202
2021.05.18 13:00:00|10.46|10.5|10.46|10.47|129
2021.05.18 14:00:00|10.48|10.48|10.45|10.46|68
2021.05.18 15:00:00|10.46|10.49|10.45|10.49|103
2021.05.18 16:00:00|10.48|10.5|10.46|10.46|159
2021.05.18 17:00:00|10.46|10.53|10.45|10.53|172
2021.05.18 18:00:00|10.52|10.53|10.48|10.5|77
2021.05.19 10:00:00|10.44|10.49|10.43|10.48|396
2021.05.19 11:00:00|10.47|10.49|10.42|10.43|251
2021.05.19 12:00:00|10.43|10.47|10.43|10.44|168
2021.05.19 13:00:00|10.44|10.44|10.42|10.44|96
2021.05.19 14:00:00|10.43|10.43|10.4|10.4|66
2021.05.19 15:00:00|10.41|10.42|10.38|10.38|130
2021.05.19 16:00:00|10.39|10.41|10.34|10.34|205
2021.05.19 17:00:00|10.33|10.34|10.26|10.33|214
2021.05.19 18:00:00|10.34|10.34|10.33|10.33|21
2021.05.20 10:00:00|10.4|10.43|10.37|10.39|339
2021.05.20 11:00:00|10.38|10.39|10.37|10.39|234
2021.05.20 12:00:00|10.38|10.41|10.38|10.39|196
2021.05.20 13:00:00|10.39|10.43|10.39|10.41|196
2021.05.20 14:00:00|10.41|10.43|10.4|10.41|140
2021.05.20 15:00:00|10.41|10.43|10.4|10.4|144
2021.05.20 16:00:00|10.4|10.42|10.38|10.4|184
2021.05.20 17:00:00|10.39|10.41|10.38|10.39|139
2021.05.20 18:00:00|10.4|10.41|10.39|10.4|38
2021.05.21 10:00:00|10.41|10.51|10.39|10.48|366
2021.05.21 11:00:00|10.48|10.58|10.47|10.51|379
2021.05.21 12:00:00|10.52|10.52|10.45|10.46|239
2021.05.21 13:00:00|10.45|10.47|10.44|10.46|127
2021.05.21 14:00:00|10.46|10.48|10.46|10.48|57
2021.05.21 15:00:00|10.47|10.49|10.47|10.48|100
2021.05.21 16:00:00|10.48|10.52|10.48|10.51|117
2021.05.21 17:00:00|10.5|10.52|10.49|10.5|134
2021.05.21 18:00:00|10.51|10.52|10.5|10.5|65
2021.05.24 10:00:00|10.53|10.54|10.48|10.54|150
2021.05.24 11:00:00|10.53|10.53|10.5|10.51|72
2021.05.24 12:00:00|10.51|10.53|10.51|10.53|45
2021.05.24 13:00:00|10.52|10.53|10.52|10.52|56
2021.05.24 14:00:00|10.53|10.53|10.51|10.52|8
2021.05.24 15:00:00|10.51|10.52|10.51|10.51|38
2021.05.24 16:00:00|10.52|10.52|10.48|10.49|36
2021.05.24 17:00:00|10.49|10.51|10.48|10.51|22
2021.05.24 18:00:00|10.5|10.52|10.5|10.52|52
2021.05.25 10:00:00|10.49|10.5|10.42|10.43|204
2021.05.25 11:00:00|10.43|10.44|10.39|10.41|140
2021.05.25 12:00:00|10.4|10.42|10.39|10.4|86
2021.05.25 13:00:00|10.4|10.44|10.4|10.43|71
2021.05.25 14:00:00|10.44|10.45|10.42|10.43|111
2021.05.25 15:00:00|10.43|10.45|10.43|10.45|41
2021.05.25 16:00:00|10.45|10.46|10.42|10.43|123
2021.05.25 17:00:00|10.43|10.45|10.43|10.44|145
2021.05.25 18:00:00|10.44|10.46|10.43|10.44|119
2021.05.26 10:00:00|10.42|10.46|10.4|10.45|207
2021.05.26 11:00:00|10.45|10.46|10.44|10.45|93
2021.05.26 12:00:00|10.45|10.48|10.44|10.44|125
2021.05.26 13:00:00|10.44|10.45|10.38|10.39|46
2021.05.26 14:00:00|10.39|10.41|10.39|10.39|39
2021.05.26 15:00:00|10.39|10.42|10.39|10.4|72
2021.05.26 16:00:00|10.4|10.4|10.37|10.39|68
2021.05.26 17:00:00|10.4|10.4|10.36|10.38|102
2021.05.26 18:00:00|10.38|10.4|10.38|10.38|43
2021.05.27 10:00:00|10.38|10.46|10.37|10.42|262
2021.05.27 11:00:00|10.42|10.48|10.42|10.48|76
2021.05.27 12:00:00|10.49|10.53|10.46|10.53|96
2021.05.27 13:00:00|10.52|10.56|10.52|10.53|68
2021.05.27 14:00:00|10.53|10.55|10.53|10.54|58
2021.05.27 15:00:00|10.55|10.55|10.52|10.55|127
2021.05.27 16:00:00|10.55|10.59|10.55|10.57|136
2021.05.27 17:00:00|10.58|10.58|10.51|10.52|86
2021.05.27 18:00:00|10.51|10.52|10.48|10.48|53
2021.05.28 10:00:00|10.45|10.47|10.41|10.43|272
2021.05.28 11:00:00|10.44|10.46|10.43|10.45|91
2021.05.28 12:00:00|10.45|10.46|10.43|10.44|86
2021.05.28 13:00:00|10.43|10.47|10.43|10.47|75
2021.05.28 14:00:00|10.46|10.49|10.46|10.48|113
2021.05.28 15:00:00|10.48|10.49|10.48|10.48|48
2021.05.28 16:00:00|10.49|10.49|10.44|10.45|99
2021.05.28 17:00:00|10.45|10.45|10.41|10.42|61
2021.05.28 18:00:00|10.41|10.45|10.41|10.44|55
2021.05.31 10:00:00|10.46|10.47|10.41|10.41|189
2021.05.31 11:00:00|10.42|10.47|10.42|10.46|82
2021.05.31 12:00:00|10.47|10.48|10.46|10.47|58
2021.05.31 13:00:00|10.46|10.47|10.45|10.46|64
2021.05.31 14:00:00|10.45|10.46|10.45|10.45|8
2021.05.31 15:00:00|10.44|10.45|10.43|10.44|44
2021.05.31 16:00:00|10.43|10.43|10.4|10.41|48
2021.05.31 17:00:00|10.4|10.41|10.4|10.4|9
2021.05.31 18:00:00|10.39|10.39|10.38|10.39|25
2021.06.01 10:00:00|10.41|10.43|10.4|10.42|198
2021.06.01 11:00:00|10.42|10.47|10.42|10.46|153
2021.06.01 12:00:00|10.45|10.46|10.43|10.44|103
2021.06.01 13:00:00|10.44|10.46|10.43|10.44|50
2021.06.01 14:00:00|10.44|10.46|10.44|10.45|46
2021.06.01 15:00:00|10.45|10.46|10.43|10.44|90
2021.06.01 16:00:00|10.43|10.44|10.42|10.43|105
2021.06.01 17:00:00|10.43|10.44|10.42|10.43|77
2021.06.01 18:00:00|10.42|10.43|10.41|10.42|69
2021.06.02 10:00:00|10.44|10.5|10.44|10.46|299
2021.06.02 11:00:00|10.46|10.5|10.46|10.49|117
2021.06.02 12:00:00|10.48|10.49|10.45|10.45|73
2021.06.02 13:00:00|10.44|10.48|10.44|10.48|74
2021.06.02 14:00:00|10.48|10.5|10.47|10.49|54
2021.06.02 15:00:00|10.49|10.5|10.48|10.49|87
2021.06.02 16:00:00|10.48|10.49|10.46|10.47|94
2021.06.02 17:00:00|10.48|10.51|10.47|10.5|112
2021.06.02 18:00:00|10.5|10.53|10.5|10.53|45
2021.06.03 10:00:00|10.49|10.5|10.43|10.45|178
2021.06.03 11:00:00|10.46|10.46|10.44|10.45|122
2021.06.03 12:00:00|10.44|10.46|10.44|10.46|67
2021.06.03 13:00:00|10.45|10.47|10.45|10.46|65
2021.06.03 14:00:00|10.45|10.47|10.45|10.47|90
2021.06.03 15:00:00|10.46|10.49|10.46|10.47|91
2021.06.03 16:00:00|10.48|10.52|10.47|10.52|80
2021.06.03 17:00:00|10.51|10.53|10.51|10.53|111
2021.06.03 18:00:00|10.52|10.53|10.52|10.53|70
2021.06.04 10:00:00|10.52|10.55|10.47|10.48|182
2021.06.04 11:00:00|10.47|10.48|10.44|10.45|61
2021.06.04 12:00:00|10.44|10.46|10.44|10.45|108
2021.06.04 13:00:00|10.45|10.46|10.43|10.45|82
2021.06.04 14:00:00|10.45|10.47|10.45|10.46|40
2021.06.04 15:00:00|10.47|10.47|10.45|10.46|75
2021.06.04 16:00:00|10.47|10.47|10.44|10.44|84
2021.06.04 17:00:00|10.44|10.48|10.44|10.46|115
2021.06.04 18:00:00|10.46|10.49|10.46|10.48|57
2021.06.07 10:00:00|10.5|10.5|10.46|10.46|130
2021.06.07 11:00:00|10.46|10.47|10.42|10.43|117
2021.06.07 12:00:00|10.43|10.45|10.43|10.44|53
2021.06.07 13:00:00|10.44|10.45|10.43|10.44|28
2021.06.07 14:00:00|10.44|10.45|10.42|10.44|31
2021.06.07 15:00:00|10.43|10.47|10.42|10.47|85
2021.06.07 16:00:00|10.47|10.52|10.47|10.51|137
2021.06.07 17:00:00|10.51|10.54|10.5|10.52|107
2021.06.07 18:00:00|10.51|10.52|10.5|10.5|39
2021.06.08 10:00:00|10.51|10.59|10.49|10.51|236
2021.06.08 11:00:00|10.5|10.52|10.47|10.51|145
2021.06.08 12:00:00|10.51|10.52|10.41|10.43|233
2021.06.08 13:00:00|10.42|10.42|10.28|10.39|487
2021.06.08 14:00:00|10.38|10.39|10.36|10.38|130
2021.06.08 15:00:00|10.38|10.42|10.38|10.41|119
2021.06.08 16:00:00|10.42|10.43|10.41|10.43|110
2021.06.08 17:00:00|10.44|10.47|10.42|10.46|101
2021.06.08 18:00:00|10.46|10.47|10.45|10.46|78
2021.06.09 10:00:00|10.47|10.51|10.46|10.49|229
2021.06.09 11:00:00|10.48|10.53|10.48|10.52|134
2021.06.09 12:00:00|10.51|10.53|10.51|10.53|110
2021.06.09 13:00:00|10.52|10.53|10.51|10.52|82
2021.06.09 14:00:00|10.51|10.54|10.5|10.54|173
2021.06.09 15:00:00|10.53|10.54|10.52|10.53|50
2021.06.09 16:00:00|10.53|10.55|10.53|10.53|143
2021.06.09 17:00:00|10.53|10.55|10.52|10.53|154
2021.06.09 18:00:00|10.53|10.57|10.53|10.55|73
2021.06.10 10:00:00|10.5|10.5|10.33|10.34|523
2021.06.10 11:00:00|10.33|10.36|10.29|10.32|309
2021.06.10 12:00:00|10.32|10.37|10.28|10.37|202
2021.06.10 13:00:00|10.36|10.39|10.36|10.39|80
2021.06.10 14:00:00|10.38|10.39|10.35|10.36|90
2021.06.10 15:00:00|10.36|10.39|10.36|10.37|178
2021.06.10 16:00:00|10.38|10.41|10.38|10.39|118
2021.06.10 17:00:00|10.39|10.42|10.38|10.41|101
2021.06.10 18:00:00|10.4|10.42|10.4|10.41|46
2021.06.11 10:00:00|10.43|10.43|10.35|10.41|277
2021.06.11 11:00:00|10.41|10.42|10.38|10.38|255
2021.06.11 12:00:00|10.37|10.38|10.33|10.34|177
2021.06.11 13:00:00|10.35|10.36|10.33|10.34|146
2021.06.11 14:00:00|10.34|10.35|10.32|10.34|108
2021.06.11 15:00:00|10.33|10.35|10.33|10.34|50
2021.06.11 16:00:00|10.34|10.37|10.34|10.37|102
2021.06.11 17:00:00|10.38|10.39|10.37|10.38|70
2021.06.11 18:00:00|10.37|10.39|10.37|10.37|82
2021.06.14 10:00:00|10.39|10.47|10.38|10.46|287
2021.06.14 11:00:00|10.47|10.47|10.39|10.39|140
2021.06.14 12:00:00|10.4|10.42|10.39|10.41|130
2021.06.14 13:00:00|10.42|10.42|10.37|10.38|133
2021.06.14 14:00:00|10.37|10.38|10.36|10.38|81
2021.06.14 15:00:00|10.38|10.44|10.38|10.41|127
2021.06.14 16:00:00|10.41|10.43|10.41|10.41|104
2021.06.14 17:00:00|10.41|10.42|10.39|10.41|128
2021.06.14 18:00:00|10.4|10.41|10.39|10.4|41
2021.06.15 10:00:00|9.93|10.08|9.93|10.04|356
2021.06.15 11:00:00|10.03|10.07|10.01|10.04|213
2021.06.15 12:00:00|10.04|10.07|10.03|10.03|197
2021.06.15 13:00:00|10.03|10.07|10.03|10.04|153
2021.06.15 14:00:00|10.03|10.05|10.03|10.05|67
2021.06.15 15:00:00|10.04|10.07|10.04|10.07|53
2021.06.15 16:00:00|10.06|10.08|10.04|10.05|91
2021.06.15 17:00:00|10.05|10.08|10.04|10.06|138
2021.06.15 18:00:00|10.05|10.08|10.05|10.06|29
2021.06.16 10:00:00|10.1|10.13|10.02|10.06|201
2021.06.16 11:00:00|10.06|10.09|10.05|10.07|142
2021.06.16 12:00:00|10.07|10.1|10.07|10.1|50
2021.06.16 13:00:00|10.09|10.09|10.04|10.05|58
2021.06.16 14:00:00|10.04|10.06|10.04|10.05|72
2021.06.16 15:00:00|10.04|10.07|10.04|10.06|54
2021.06.16 16:00:00|10.05|10.07|10.04|10.04|71
2021.06.16 17:00:00|10.04|10.05|10.02|10.03|43
2021.06.16 18:00:00|10.02|10.04|10.02|10.03|28
2021.06.17 10:00:00|9.99|10.03|9.98|10.01|154
2021.06.17 11:00:00|10.01|10.02|9.970000000000001|9.98|74
2021.06.17 12:00:00|9.970000000000001|9.98|9.960000000000001|9.970000000000001|83
2021.06.17 13:00:00|9.98|9.98|9.960000000000001|9.960000000000001|32
2021.06.17 14:00:00|9.949999999999999|9.98|9.949999999999999|9.949999999999999|131
2021.06.17 15:00:00|9.949999999999999|9.970000000000001|9.949999999999999|9.960000000000001|60
2021.06.17 16:00:00|9.960000000000001|10|9.960000000000001|9.99|136
2021.06.17 17:00:00|9.99|10|9.970000000000001|10|175
2021.06.17 18:00:00|9.99|10|9.970000000000001|9.98|72
2021.06.18 10:00:00|9.949999999999999|9.960000000000001|9.880000000000001|9.890000000000001|392
2021.06.18 11:00:00|9.890000000000001|9.92|9.880000000000001|9.92|239
2021.06.18 12:00:00|9.91|9.93|9.880000000000001|9.9|257
2021.06.18 13:00:00|9.890000000000001|9.91|9.869999999999999|9.9|179
2021.06.18 14:00:00|9.890000000000001|9.9|9.859999999999999|9.869999999999999|203
2021.06.18 15:00:00|9.859999999999999|9.869999999999999|9.83|9.84|309
2021.06.18 16:00:00|9.83|9.84|9.81|9.83|457
2021.06.18 17:00:00|9.84|9.84|9.81|9.83|336
2021.06.18 18:00:00|9.82|9.869999999999999|9.82|9.84|122
2021.06.21 10:00:00|9.83|9.85|9.779999999999999|9.84|537
2021.06.21 11:00:00|9.84|9.869999999999999|9.82|9.869999999999999|264
2021.06.21 12:00:00|9.880000000000001|9.890000000000001|9.859999999999999|9.869999999999999|357
2021.06.21 13:00:00|9.859999999999999|9.880000000000001|9.859999999999999|9.859999999999999|99
2021.06.21 14:00:00|9.859999999999999|9.880000000000001|9.83|9.85|154
2021.06.21 15:00:00|9.84|9.880000000000001|9.84|9.859999999999999|145
2021.06.21 16:00:00|9.85|9.880000000000001|9.84|9.84|202
2021.06.21 17:00:00|9.84|9.880000000000001|9.84|9.880000000000001|99
2021.06.21 18:00:00|9.869999999999999|9.880000000000001|9.859999999999999|9.869999999999999|62
2021.06.22 10:00:00|9.91|9.93|9.890000000000001|9.92|236
2021.06.22 11:00:00|9.92|9.93|9.880000000000001|9.880000000000001|104
2021.06.22 12:00:00|9.880000000000001|9.9|9.85|9.859999999999999|131
2021.06.22 13:00:00|9.859999999999999|9.880000000000001|9.84|9.859999999999999|114
2021.06.22 14:00:00|9.859999999999999|9.880000000000001|9.85|9.880000000000001|105
2021.06.22 15:00:00|9.869999999999999|9.880000000000001|9.85|9.859999999999999|82
2021.06.22 16:00:00|9.85|9.880000000000001|9.85|9.869999999999999|169
2021.06.22 17:00:00|9.869999999999999|9.9|9.869999999999999|9.890000000000001|105
2021.06.22 18:00:00|9.9|9.91|9.890000000000001|9.9|74
2021.06.23 10:00:00|9.869999999999999|9.869999999999999|9.77|9.81|365
2021.06.23 11:00:00|9.81|9.82|9.779999999999999|9.779999999999999|188
2021.06.23 12:00:00|9.77|9.779999999999999|9.720000000000001|9.720000000000001|276
2021.06.23 13:00:00|9.73|9.75|9.710000000000001|9.720000000000001|231
2021.06.23 14:00:00|9.710000000000001|9.720000000000001|9.69|9.699999999999999|88
2021.06.23 15:00:00|9.699999999999999|9.710000000000001|9.69|9.699999999999999|65
2021.06.23 16:00:00|9.69|9.69|9.630000000000001|9.67|246
2021.06.23 17:00:00|9.67|9.68|9.65|9.65|203
2021.06.23 18:00:00|9.640000000000001|9.65|9.630000000000001|9.640000000000001|80
2021.06.24 10:00:00|9.66|9.67|9.56|9.57|414
2021.06.24 11:00:00|9.58|9.59|9.539999999999999|9.56|275
2021.06.24 12:00:00|9.56|9.57|9.56|9.57|200
2021.06.24 13:00:00|9.57|9.6|9.56|9.59|137
2021.06.24 14:00:00|9.58|9.59|9.57|9.58|95
2021.06.24 15:00:00|9.58|9.59|9.56|9.56|102
2021.06.24 16:00:00|9.550000000000001|9.59|9.539999999999999|9.58|157
2021.06.24 17:00:00|9.58|9.609999999999999|9.58|9.6|152
2021.06.24 18:00:00|9.609999999999999|9.609999999999999|9.59|9.59|58
2021.06.25 10:00:00|9.59|9.630000000000001|9.59|9.619999999999999|229
2021.06.25 11:00:00|9.619999999999999|9.619999999999999|9.57|9.58|153
2021.06.25 12:00:00|9.57|9.58|9.57|9.57|89
2021.06.25 13:00:00|9.56|9.57|9.550000000000001|9.57|87
2021.06.25 14:00:00|9.56|9.57|9.550000000000001|9.56|61
2021.06.25 15:00:00|9.550000000000001|9.550000000000001|9.539999999999999|9.539999999999999|72
2021.06.25 16:00:00|9.529999999999999|9.550000000000001|9.529999999999999|9.539999999999999|102
2021.06.25 17:00:00|9.539999999999999|9.58|9.539999999999999|9.58|84
2021.06.25 18:00:00|9.58|9.609999999999999|9.58|9.59|93
2021.06.28 10:00:00|9.57|9.67|9.56|9.619999999999999|426
2021.06.28 11:00:00|9.609999999999999|9.619999999999999|9.58|9.609999999999999|167
2021.06.28 12:00:00|9.609999999999999|9.619999999999999|9.58|9.58|103
2021.06.28 13:00:00|9.57|9.58|9.56|9.57|94
2021.06.28 14:00:00|9.56|9.59|9.56|9.59|52
2021.06.28 15:00:00|9.58|9.59|9.58|9.59|40
2021.06.28 16:00:00|9.59|9.609999999999999|9.56|9.57|157
2021.06.28 17:00:00|9.56|9.57|9.550000000000001|9.56|75
2021.06.28 18:00:00|9.550000000000001|9.57|9.539999999999999|9.550000000000001|101
2021.06.29 10:00:00|9.539999999999999|9.58|9.539999999999999|9.56|261
2021.06.29 11:00:00|9.57|9.619999999999999|9.56|9.6|192
2021.06.29 12:00:00|9.6|9.609999999999999|9.57|9.57|155
2021.06.29 13:00:00|9.56|9.57|9.539999999999999|9.550000000000001|67
2021.06.29 14:00:00|9.539999999999999|9.56|9.539999999999999|9.550000000000001|115
2021.06.29 15:00:00|9.56|9.58|9.550000000000001|9.57|106
2021.06.29 16:00:00|9.57|9.58|9.56|9.56|172
2021.06.29 17:00:00|9.56|9.58|9.539999999999999|9.539999999999999|166
2021.06.29 18:00:00|9.550000000000001|9.56|9.539999999999999|9.550000000000001|16
2021.06.30 10:00:00|9.52|9.56|9.51|9.539999999999999|286
2021.06.30 11:00:00|9.539999999999999|9.550000000000001|9.5|9.5|261
2021.06.30 12:00:00|9.49|9.51|9.49|9.5|219
2021.06.30 13:00:00|9.5|9.57|9.5|9.550000000000001|239
2021.06.30 14:00:00|9.550000000000001|9.609999999999999|9.550000000000001|9.609999999999999|92
2021.06.30 15:00:00|9.6|9.619999999999999|9.58|9.609999999999999|96
2021.06.30 16:00:00|9.6|9.640000000000001|9.59|9.640000000000001|100
2021.06.30 17:00:00|9.630000000000001|9.66|9.6|9.6|131
2021.06.30 18:00:00|9.59|9.6|9.57|9.59|65
2021.07.01 10:00:00|9.640000000000001|9.69|9.630000000000001|9.65|303
2021.07.01 11:00:00|9.66|9.67|9.609999999999999|9.630000000000001|291
2021.07.01 12:00:00|9.630000000000001|9.640000000000001|9.609999999999999|9.630000000000001|149
2021.07.01 13:00:00|9.619999999999999|9.640000000000001|9.58|9.6|258
2021.07.01 14:00:00|9.59|9.65|9.58|9.640000000000001|266
2021.07.01 15:00:00|9.65|9.65|9.609999999999999|9.619999999999999|167
2021.07.01 16:00:00|9.609999999999999|9.640000000000001|9.609999999999999|9.630000000000001|132
2021.07.01 17:00:00|9.619999999999999|9.65|9.619999999999999|9.640000000000001|168
2021.07.01 18:00:00|9.630000000000001|9.640000000000001|9.630000000000001|9.640000000000001|38
2021.07.02 10:00:00|9.67|9.69|9.619999999999999|9.68|353
2021.07.02 11:00:00|9.68|9.69|9.59|9.6|181
2021.07.02 12:00:00|9.59|9.6|9.58|9.59|191
2021.07.02 13:00:00|9.59|9.609999999999999|9.57|9.58|131
2021.07.02 14:00:00|9.58|9.59|9.56|9.57|83
2021.07.02 15:00:00|9.57|9.57|9.550000000000001|9.550000000000001|181
2021.07.02 16:00:00|9.550000000000001|9.57|9.539999999999999|9.550000000000001|204
2021.07.02 17:00:00|9.550000000000001|9.56|9.539999999999999|9.550000000000001|113
2021.07.02 18:00:00|9.550000000000001|9.56|9.539999999999999|9.56|62
2021.07.05 10:00:00|9.57|9.59|9.5|9.51|281
2021.07.05 11:00:00|9.51|9.539999999999999|9.5|9.51|133
2021.07.05 12:00:00|9.51|9.52|9.5|9.51|36
2021.07.05 13:00:00|9.51|9.52|9.5|9.51|91
2021.07.05 14:00:00|9.5|9.539999999999999|9.5|9.529999999999999|71
2021.07.05 15:00:00|9.529999999999999|9.539999999999999|9.529999999999999|9.529999999999999|111
2021.07.05 16:00:00|9.529999999999999|9.57|9.529999999999999|9.56|66
2021.07.05 17:00:00|9.550000000000001|9.58|9.550000000000001|9.57|77
2021.07.05 18:00:00|9.56|9.57|9.56|9.56|15
2021.07.06 10:00:00|9.56|9.6|9.539999999999999|9.539999999999999|341
2021.07.06 11:00:00|9.529999999999999|9.57|9.529999999999999|9.56|183
2021.07.06 12:00:00|9.550000000000001|9.56|9.529999999999999|9.529999999999999|124
2021.07.06 13:00:00|9.529999999999999|9.539999999999999|9.52|9.529999999999999|143
2021.07.06 14:00:00|9.52|9.529999999999999|9.52|9.52|80
2021.07.06 15:00:00|9.529999999999999|9.539999999999999|9.52|9.539999999999999|83
2021.07.06 16:00:00|9.529999999999999|9.539999999999999|9.52|9.52|85
2021.07.06 17:00:00|9.51|9.52|9.48|9.48|235
2021.07.06 18:00:00|9.48|9.5|9.48|9.5|110
2021.07.07 10:00:00|9.48|9.49|9.35|9.369999999999999|397
2021.07.07 11:00:00|9.369999999999999|9.390000000000001|9.34|9.359999999999999|366
2021.07.07 12:00:00|9.359999999999999|9.41|9.34|9.369999999999999|191
2021.07.07 13:00:00|9.369999999999999|9.380000000000001|9.34|9.380000000000001|231
2021.07.07 14:00:00|9.380000000000001|9.390000000000001|9.359999999999999|9.369999999999999|90
2021.07.07 15:00:00|9.369999999999999|9.380000000000001|9.35|9.380000000000001|136
2021.07.07 16:00:00|9.369999999999999|9.390000000000001|9.35|9.35|153
2021.07.07 17:00:00|9.35|9.390000000000001|9.35|9.390000000000001|265
2021.07.07 18:00:00|9.380000000000001|9.4|9.380000000000001|9.390000000000001|123
2021.07.08 10:00:00|9.359999999999999|9.369999999999999|9.279999999999999|9.32|551
2021.07.08 11:00:00|9.31|9.34|9.279999999999999|9.34|415
2021.07.08 12:00:00|9.33|9.359999999999999|9.31|9.34|274
2021.07.08 13:00:00|9.33|9.33|9.300000000000001|9.33|303
2021.07.08 14:00:00|9.33|9.34|9.300000000000001|9.31|214
2021.07.08 15:00:00|9.300000000000001|9.31|9.279999999999999|9.279999999999999|262
2021.07.08 16:00:00|9.279999999999999|9.33|9.27|9.33|319
2021.07.08 17:00:00|9.32|9.33|9.26|9.289999999999999|468
2021.07.08 18:00:00|9.289999999999999|9.32|9.289999999999999|9.31|135
2021.07.09 10:00:00|9.32|9.41|9.300000000000001|9.390000000000001|398
2021.07.09 11:00:00|9.4|9.460000000000001|9.380000000000001|9.449999999999999|297
2021.07.09 12:00:00|9.449999999999999|9.470000000000001|9.44|9.44|158
2021.07.09 13:00:00|9.44|9.470000000000001|9.44|9.44|207
2021.07.09 14:00:00|9.43|9.49|9.43|9.49|109
2021.07.09 15:00:00|9.48|9.49|9.44|9.44|110
2021.07.09 16:00:00|9.44|9.460000000000001|9.43|9.449999999999999|167
2021.07.09 17:00:00|9.449999999999999|9.49|9.449999999999999|9.48|169
2021.07.09 18:00:00|9.48|9.49|9.460000000000001|9.460000000000001|90
2021.07.12 10:00:00|9.449999999999999|9.52|9.44|9.449999999999999|441
2021.07.12 11:00:00|9.44|9.5|9.44|9.5|135
2021.07.12 12:00:00|9.49|9.5|9.460000000000001|9.460000000000001|104
2021.07.12 13:00:00|9.470000000000001|9.470000000000001|9.449999999999999|9.460000000000001|78
2021.07.12 14:00:00|9.460000000000001|9.49|9.460000000000001|9.49|48
2021.07.12 15:00:00|9.48|9.5|9.470000000000001|9.5|98
2021.07.12 16:00:00|9.5|9.539999999999999|9.49|9.539999999999999|188
2021.07.12 17:00:00|9.529999999999999|9.57|9.529999999999999|9.550000000000001|139
2021.07.12 18:00:00|9.550000000000001|9.58|9.550000000000001|9.57|72
2021.07.13 10:00:00|9.56|9.609999999999999|9.52|9.57|247
2021.07.13 11:00:00|9.57|9.6|9.57|9.58|153
2021.07.13 12:00:00|9.58|9.6|9.57|9.6|130
2021.07.13 13:00:00|9.6|9.609999999999999|9.59|9.6|100
2021.07.13 14:00:00|9.59|9.609999999999999|9.59|9.59|79
2021.07.13 15:00:00|9.59|9.630000000000001|9.58|9.619999999999999|174
2021.07.13 16:00:00|9.609999999999999|9.65|9.609999999999999|9.619999999999999|127
2021.07.13 17:00:00|9.609999999999999|9.619999999999999|9.57|9.59|131
2021.07.13 18:00:00|9.58|9.6|9.57|9.59|65
2021.07.14 10:00:00|9.58|9.619999999999999|9.56|9.6|262
2021.07.14 11:00:00|9.59|9.609999999999999|9.58|9.58|175
2021.07.14 12:00:00|9.58|9.6|9.57|9.57|60
2021.07.14 13:00:00|9.57|9.58|9.539999999999999|9.550000000000001|106
2021.07.14 14:00:00|9.550000000000001|9.56|9.529999999999999|9.539999999999999|83
2021.07.14 15:00:00|9.529999999999999|9.539999999999999|9.51|9.52|81
2021.07.14 16:00:00|9.52|9.550000000000001|9.52|9.52|151
2021.07.14 17:00:00|9.51|9.57|9.5|9.56|154
2021.07.14 18:00:00|9.550000000000001|9.57|9.539999999999999|9.56|99
2021.07.15 10:00:00|9.52|9.56|9.43|9.470000000000001|369
2021.07.15 11:00:00|9.460000000000001|9.5|9.460000000000001|9.48|140
2021.07.15 12:00:00|9.470000000000001|9.5|9.470000000000001|9.470000000000001|149
2021.07.15 13:00:00|9.470000000000001|9.5|9.460000000000001|9.49|175
2021.07.15 14:00:00|9.5|9.5|9.470000000000001|9.470000000000001|150
2021.07.15 15:00:00|9.460000000000001|9.48|9.460000000000001|9.470000000000001|92
2021.07.15 16:00:00|9.460000000000001|9.48|9.449999999999999|9.48|158
2021.07.15 17:00:00|9.48|9.49|9.470000000000001|9.48|139
2021.07.15 18:00:00|9.470000000000001|9.49|9.470000000000001|9.49|82
2021.07.16 10:00:00|9.52|9.58|9.52|9.58|371
2021.07.16 11:00:00|9.57|9.59|9.56|9.58|208
2021.07.16 12:00:00|9.57|9.6|9.57|9.58|134
2021.07.16 13:00:00|9.58|9.59|9.51|9.51|215
2021.07.16 14:00:00|9.51|9.539999999999999|9.51|9.529999999999999|124
2021.07.16 15:00:00|9.529999999999999|9.550000000000001|9.529999999999999|9.529999999999999|75
2021.07.16 16:00:00|9.52|9.550000000000001|9.5|9.529999999999999|209
2021.07.16 17:00:00|9.529999999999999|9.550000000000001|9.51|9.529999999999999|312
2021.07.16 18:00:00|9.529999999999999|9.56|9.529999999999999|9.539999999999999|92
2021.07.19 10:00:00|9.51|9.51|9.44|9.48|362
2021.07.19 11:00:00|9.49|9.5|9.42|9.43|361
2021.07.19 12:00:00|9.43|9.449999999999999|9.42|9.44|216
2021.07.19 13:00:00|9.43|9.449999999999999|9.41|9.42|318
2021.07.19 14:00:00|9.42|9.43|9.369999999999999|9.390000000000001|327
2021.07.19 15:00:00|9.390000000000001|9.4|9.34|9.359999999999999|282
2021.07.19 16:00:00|9.35|9.369999999999999|9.31|9.32|566
2021.07.19 17:00:00|9.32|9.33|9.27|9.289999999999999|584
2021.07.19 18:00:00|9.289999999999999|9.33|9.289999999999999|9.31|230
2021.07.20 10:00:00|9.380000000000001|9.48|9.380000000000001|9.470000000000001|509
2021.07.20 11:00:00|9.460000000000001|9.470000000000001|9.4|9.41|251
2021.07.20 12:00:00|9.41|9.44|9.390000000000001|9.4|249
2021.07.20 13:00:00|9.390000000000001|9.43|9.390000000000001|9.4|242
2021.07.20 14:00:00|9.390000000000001|9.4|9.380000000000001|9.390000000000001|133
2021.07.20 15:00:00|9.390000000000001|9.4|9.35|9.35|136
2021.07.20 16:00:00|9.359999999999999|9.41|9.33|9.4|241
2021.07.20 17:00:00|9.4|9.43|9.380000000000001|9.390000000000001|340
2021.07.20 18:00:00|9.380000000000001|9.4|9.35|9.35|82
2021.07.21 10:00:00|9.359999999999999|9.41|9.33|9.4|515
2021.07.21 11:00:00|9.4|9.449999999999999|9.380000000000001|9.44|391
2021.07.21 12:00:00|9.449999999999999|9.470000000000001|9.43|9.460000000000001|188
2021.07.21 13:00:00|9.449999999999999|9.460000000000001|9.43|9.44|157
2021.07.21 14:00:00|9.43|9.449999999999999|9.41|9.42|199
2021.07.21 15:00:00|9.42|9.470000000000001|9.42|9.460000000000001|188
2021.07.21 16:00:00|9.460000000000001|9.51|9.460000000000001|9.48|236
2021.07.21 17:00:00|9.48|9.5|9.44|9.49|298
2021.07.21 18:00:00|9.49|9.5|9.48|9.49|85
2021.07.22 10:00:00|9.470000000000001|9.48|9.43|9.48|398
2021.07.22 11:00:00|9.470000000000001|9.51|9.470000000000001|9.51|198
2021.07.22 12:00:00|9.52|9.52|9.470000000000001|9.48|168
2021.07.22 13:00:00|9.48|9.5|9.470000000000001|9.49|86
2021.07.22 14:00:00|9.48|9.49|9.460000000000001|9.48|81
2021.07.22 15:00:00|9.470000000000001|9.49|9.460000000000001|9.49|141
2021.07.22 16:00:00|9.48|9.49|9.449999999999999|9.460000000000001|273
2021.07.22 17:00:00|9.460000000000001|9.470000000000001|9.449999999999999|9.449999999999999|189
2021.07.22 18:00:00|9.449999999999999|9.460000000000001|9.44|9.449999999999999|86
2021.07.23 10:00:00|9.51|9.52|9.44|9.44|457
2021.07.23 11:00:00|9.44|9.460000000000001|9.43|9.44|150
2021.07.23 12:00:00|9.44|9.49|9.42|9.48|155
2021.07.23 13:00:00|9.48|9.5|9.48|9.5|72
2021.07.23 14:00:00|9.49|9.51|9.48|9.5|89
2021.07.23 15:00:00|9.51|9.52|9.48|9.49|74
2021.07.23 16:00:00|9.48|9.52|9.48|9.48|140
2021.07.23 17:00:00|9.48|9.52|9.48|9.51|118
