2020.08.21 22:30:00|137.68|137.68|137.24|137.34|1541
2020.08.24 16:30:00|137.34|137.68|137.11|137.53|4008
2020.08.24 17:30:00|137.5|138.16|137.44|138.14|2518
2020.08.24 18:30:00|138.14|138.21|137.42|137.71|2253
2020.08.24 19:30:00|137.72|137.97|137.66|137.95|1680
2020.08.24 20:30:00|137.95|138.3|137.93|138.14|1404
2020.08.24 21:30:00|138.13|138.37|137.96|138.22|1911
2020.08.24 22:30:00|138.23|138.65|138.18|138.46|1132
2020.08.25 16:30:00|138.27|138.32|137.7|138.22|4930
2020.08.25 17:30:00|138.22|138.39|137.89|138.3|3302
2020.08.25 18:30:00|138.31|138.75|138.3|138.69|2364
2020.08.25 19:30:00|138.7|138.87|138.6|138.65|1388
2020.08.25 20:30:00|138.63|138.89|138.51|138.74|1901
2020.08.25 21:30:00|138.73|138.9|138.66|138.75|1593
2020.08.25 22:30:00|138.75|139.05|138.72|138.93|1199
2020.08.26 16:30:00|138.61|139.22|138.13|138.38|3219
2020.08.26 17:30:00|138.37|138.53|138.22|138.35|2064
2020.08.26 18:30:00|138.35|138.8|138.33|138.62|2236
2020.08.26 19:30:00|138.61|138.87|138.34|138.48|2549
2020.08.26 20:30:00|138.48|138.89|138.37|138.85|2165
2020.08.26 21:30:00|138.86|138.88|138.57|138.71|3317
2020.08.26 22:30:00|138.72|138.76|138.21|138.3|2069
2020.08.27 16:30:00|138.64|139.59|138.64|139.34|4904
2020.08.27 17:30:00|139.34|139.54|138.4|138.88|3743
2020.08.27 18:30:00|138.88|138.91|138.62|138.65|2587
2020.08.27 19:30:00|138.65|138.8|138.34|138.53|3958
2020.08.27 20:30:00|138.54|138.59|138.09|138.44|2279
2020.08.27 21:30:00|138.44|138.52|138.27|138.52|2464
2020.08.27 22:30:00|138.53|138.71|138.12|138.16|2561
2020.08.28 16:30:00|137.99|138|136.85|137.18|4916
2020.08.28 17:30:00|137.16|137.76|136.93|137.55|3531
2020.08.28 18:30:00|137.54|137.67|137.34|137.54|1965
2020.08.28 19:30:00|137.55|137.94|137.53|137.71|2083
2020.08.28 20:30:00|137.71|137.89|137.49|137.87|1814
2020.08.28 21:30:00|137.87|138.58|137.84|138.48|2373
2020.08.28 22:30:00|138.48|138.81|138.46|138.68|1809
2020.08.31 16:30:00|138.25|138.59|137.7|138.43|4420
2020.08.31 17:30:00|138.42|138.57|137.73|137.96|2626
2020.08.31 18:30:00|137.96|138.36|137.92|138.14|1894
2020.08.31 19:30:00|138.16|138.19|138.01|138.14|1300
2020.08.31 20:30:00|138.15|138.16|137.74|137.76|1387
2020.08.31 21:30:00|137.76|138.21|137.73|138.19|2094
2020.08.31 22:30:00|138.19|138.63|138.15|138.28|2499
2020.09.01 16:30:00|137.56|137.98|136.96|137.46|5133
2020.09.01 17:30:00|137.46|137.8|137.07|137.47|3475
2020.09.01 18:30:00|137.47|137.7|137.3|137.62|1667
2020.09.01 19:30:00|137.61|137.67|137.19|137.41|1399
2020.09.01 20:30:00|137.42|137.65|137.23|137.61|2038
2020.09.01 21:30:00|137.62|137.96|137.57|137.71|2269
2020.09.01 22:30:00|137.71|138.07|137.64|138.07|1856
2020.09.02 16:30:00|137.91|139.8|137.79|139.03|5960
2020.09.02 17:30:00|139.04|139.43|138.93|139.29|4362
2020.09.02 18:30:00|139.27|140.18|139.21|139.86|3626
2020.09.02 19:30:00|139.87|140.05|139.63|139.93|2235
2020.09.02 20:30:00|139.93|140.36|139.91|140.3|1972
2020.09.02 21:30:00|140.3|140.53|139.82|140.51|2226
2020.09.02 22:30:00|140.5|141.23|140.37|140.41|2376
2020.09.03 16:30:00|140.83|141.59|140.32|141.01|6416
2020.09.03 17:30:00|141.02|141.03|139.03|139.31|8759
2020.09.03 18:30:00|139.33|139.73|138.66|138.72|7609
2020.09.03 19:30:00|138.7|138.82|137.52|137.91|7702
2020.09.03 20:30:00|137.91|137.91|137.15|137.58|8014
2020.09.03 21:30:00|137.58|138.04|137.06|137.06|8329
2020.09.03 22:30:00|137.06|138.21|136.99|138.16|4707
2020.09.04 16:30:00|137.95|138.3|137.9|137.96|811
2020.09.04 17:30:00|137.23|137.85|136.26|136.48|7689
2020.09.04 18:30:00|136.47|136.94|136.01|136.69|9070
2020.09.04 19:30:00|136.67|137.08|136.67|136.81|6997
2020.09.04 20:30:00|136.81|137.28|136.55|137.23|6466
2020.09.04 21:30:00|137.23|138.01|137.17|137.69|8621
2020.09.04 22:30:00|137.7|137.97|137.24|137.89|5726
2020.09.08 16:30:00|138.18|138.18|135.12|135.6|9841
2020.09.08 17:30:00|135.58|136.01|135.05|135.75|8454
2020.09.08 18:30:00|135.75|136.06|135.2|135.76|7575
2020.09.08 19:30:00|135.77|136.2|135.61|136.08|4234
2020.09.08 20:30:00|136.08|136.23|135.64|135.76|4334
2020.09.08 21:30:00|135.76|135.83|134.93|135.7|7492
2020.09.08 22:30:00|135.72|136.11|135.48|135.84|4885
2020.09.09 16:30:00|136.22|138.55|136.14|138.24|7588
2020.09.09 17:30:00|138.23|138.51|137.43|138.51|5616
2020.09.09 18:30:00|138.53|138.62|138.02|138.4|3289
2020.09.09 19:30:00|138.4|138.95|138.29|138.85|3345
2020.09.09 20:30:00|138.86|139.13|138.66|138.94|4681
2020.09.09 21:30:00|138.95|139.46|138.95|139.16|2964
2020.09.09 22:30:00|139.16|139.28|137.91|138.09|3668
2020.09.10 16:30:00|138.12|138.6|137.69|138.08|5024
2020.09.10 17:30:00|138.1|138.58|137.33|138.16|5946
2020.09.10 18:30:00|138.16|138.37|137.66|137.94|5430
2020.09.10 19:30:00|137.94|138.16|137.44|137.92|4864
2020.09.10 20:30:00|137.92|138.12|136.68|136.7|6201
2020.09.10 21:30:00|136.69|137.4|136.42|136.72|10257
2020.09.10 22:30:00|136.72|137.49|136.51|136.51|5160
2020.09.11 16:30:00|137.31|138.08|137.05|137.84|7409
2020.09.11 17:30:00|137.85|138.45|137.66|138.26|5743
2020.09.11 18:30:00|138.25|138.56|137.86|138.31|4997
2020.09.11 19:30:00|138.3|138.31|137.57|137.7|6745
2020.09.11 20:30:00|137.7|138.07|137.33|137.97|5960
2020.09.11 21:30:00|137.96|138.44|137.74|138.32|6958
2020.09.11 22:30:00|138.32|138.56|137.89|138.06|4270
2020.09.14 16:30:00|138.42|138.98|138.22|138.76|4473
2020.09.14 17:30:00|138.75|138.97|138.64|138.81|2643
2020.09.14 18:30:00|138.8|139.31|138.8|139.25|2712
2020.09.14 19:30:00|139.25|139.48|139.09|139.17|2902
2020.09.14 20:30:00|139.16|139.48|139.05|139.1|3255
2020.09.14 21:30:00|139.09|139.25|138.52|138.76|6417
2020.09.14 22:30:00|138.77|139.03|138.46|138.5|3439
2020.09.15 16:30:00|139.08|139.65|138.62|138.82|2450
2020.09.15 17:30:00|138.83|139.05|138.52|138.86|2033
2020.09.15 18:30:00|138.88|138.96|138.65|138.69|1764
2020.09.15 19:30:00|138.68|138.8|138.29|138.36|1072
2020.09.15 20:30:00|138.37|138.87|138.36|138.8|1464
2020.09.15 21:30:00|138.79|138.87|138.54|138.57|2062
2020.09.15 22:30:00|138.58|138.93|138.4|138.51|1829
2020.09.16 16:30:00|139.61|140.04|138.78|138.83|3950
2020.09.16 17:30:00|138.83|139.06|138.59|138.93|3939
2020.09.16 18:30:00|138.93|139.19|138.74|139.12|2219
2020.09.16 19:30:00|139.13|139.27|138.35|138.4|2098
2020.09.16 20:30:00|138.38|138.95|138.29|138.8|4309
2020.09.16 21:30:00|138.79|138.84|137.99|138.1|10579
2020.09.16 22:30:00|138.1|138.61|137.54|137.6|5313
2020.09.17 16:30:00|136.62|137.77|136.28|137.52|6522
2020.09.17 17:30:00|137.53|137.62|137.13|137.19|6185
2020.09.17 18:30:00|137.2|137.22|136.19|136.32|5359
2020.09.17 19:30:00|136.32|136.87|136.24|136.54|5441
2020.09.17 20:30:00|136.52|136.83|136.45|136.46|4845
2020.09.17 21:30:00|136.45|136.56|136.07|136.38|5901
2020.09.17 22:30:00|136.37|137.43|136.32|137.39|4574
2020.09.18 16:30:00|136.95|137.59|136.71|136.97|4842
2020.09.18 17:30:00|136.96|137.49|136.84|137.02|7044
2020.09.18 18:30:00|137.02|137.82|136.93|137.65|6490
2020.09.18 19:30:00|137.67|137.67|136.71|136.73|6515
2020.09.18 20:30:00|136.72|136.72|136.14|136.44|4696
2020.09.18 21:30:00|136.44|137.03|136.36|136.9|3532
2020.09.18 22:30:00|136.86|137.46|136.75|137.17|3286
2020.09.21 16:30:00|137.16|137.33|135.59|136.01|9867
2020.09.21 17:30:00|136.01|136.29|134.98|135.18|6632
2020.09.21 18:30:00|135.16|135.53|135.01|135.16|8063
2020.09.21 19:30:00|135.16|135.29|134.59|135.14|7180
2020.09.21 20:30:00|135.13|135.46|134.93|135.02|6964
2020.09.21 21:30:00|135.01|136.14|134.75|135.85|5449
2020.09.21 22:30:00|135.86|136.59|135.51|136.59|4223
2020.09.22 16:30:00|136.73|138.61|136.73|138.58|6243
2020.09.22 17:30:00|138.58|138.6|137.96|138.1|5197
2020.09.22 18:30:00|138.11|138.61|137.77|138.6|3971
2020.09.22 19:30:00|138.61|138.65|138.03|138.48|3658
2020.09.22 20:30:00|138.48|138.92|138.42|138.53|2953
2020.09.22 21:30:00|138.52|138.56|138.09|138.32|3280
2020.09.22 22:30:00|138.31|138.41|137.73|137.85|2936
2020.09.23 16:30:00|137.91|138.09|137.21|137.31|5629
2020.09.23 17:30:00|137.31|137.99|137|137.69|5022
2020.09.23 18:30:00|137.68|137.83|137.18|137.53|4473
2020.09.23 19:30:00|137.54|138.2|137.51|137.6|3622
2020.09.23 20:30:00|137.6|137.64|136.9|137.16|5124
2020.09.23 21:30:00|137.16|137.36|136.85|137.12|9880
2020.09.23 22:30:00|137.12|137.13|135.99|136.19|5368
2020.09.24 16:30:00|136.19|136.72|135.44|135.91|8076
2020.09.24 17:30:00|135.92|136.13|135.48|135.74|8039
2020.09.24 18:30:00|135.72|136.7|135.61|136.33|6226
2020.09.24 19:30:00|136.34|136.83|135.8|136.8|4271
2020.09.24 20:30:00|136.8|136.89|136.37|136.5|4356
2020.09.24 21:30:00|136.5|136.62|135.85|136.13|7197
2020.09.24 22:30:00|136.12|136.83|136.01|136.61|4697
2020.09.25 16:30:00|136.24|137.13|136.08|136.62|8596
2020.09.25 17:30:00|136.63|137.13|136.25|136.99|8367
2020.09.25 18:30:00|137|137.21|136.69|136.77|4259
2020.09.25 19:30:00|136.78|137.23|136.65|136.95|3785
2020.09.25 20:30:00|136.96|137.46|136.95|137.31|4384
2020.09.25 21:30:00|137.32|137.73|137.15|137.7|5170
2020.09.25 22:30:00|137.7|137.71|137.09|137.4|3757
2020.09.28 16:30:00|138.51|139.62|138.08|139.3|5863
2020.09.28 17:30:00|139.31|139.68|138.95|139.2|4908
2020.09.28 18:30:00|139.21|139.66|138.95|139.02|3243
2020.09.28 19:30:00|139.04|139.3|138.87|139.01|2114
2020.09.28 20:30:00|139.02|139.21|138.59|138.79|2585
2020.09.28 21:30:00|138.8|138.87|137.98|138.11|3633
2020.09.28 22:30:00|138.1|138.1|137.53|137.74|2905
2020.09.29 16:30:00|137.85|137.99|136.93|137.59|5679
2020.09.29 17:30:00|137.6|137.73|136.41|136.51|5766
2020.09.29 18:30:00|136.52|136.7|136.43|136.61|5682
2020.09.29 19:30:00|136.62|136.95|136.51|136.93|2778
2020.09.29 20:30:00|136.93|137.32|136.88|137.28|2663
2020.09.29 21:30:00|137.28|137.38|137.07|137.28|3445
2020.09.29 22:30:00|137.27|137.35|136.93|136.99|2056
2020.09.30 16:30:00|137.91|138.52|137.67|137.96|6128
2020.09.30 17:30:00|137.96|138.97|137.56|138.91|5583
2020.09.30 18:30:00|138.91|139.5|138.67|139.42|4330
2020.09.30 19:30:00|139.41|139.48|138.97|139.11|4090
2020.09.30 20:30:00|139.11|139.58|138.41|138.92|5908
2020.09.30 21:30:00|138.92|138.98|138.03|138.34|12341
2020.09.30 22:30:00|138.35|139.23|138.16|138.86|5482
2020.10.01 16:30:00|138.79|138.9|137.96|138.64|7780
2020.10.01 17:30:00|138.64|139.68|138.58|139.46|5610
2020.10.01 18:30:00|139.47|139.7|139.14|139.69|4012
2020.10.01 19:30:00|139.68|139.74|139.07|139.13|2464
2020.10.01 20:30:00|139.14|139.26|138.51|139.13|8243
2020.10.01 21:30:00|139.13|139.35|138.84|138.94|4153
2020.10.01 22:30:00|138.94|139.23|138.81|139|3085
2020.10.02 16:30:00|138.23|138.46|136.83|137.25|7182
2020.10.02 17:30:00|137.25|137.81|136.96|137.66|4522
2020.10.02 18:30:00|137.67|137.89|136.69|137.68|7158
2020.10.02 19:30:00|137.69|138.6|137.66|138.48|5819
2020.10.02 20:30:00|138.48|138.67|137.82|138.6|5343
2020.10.02 21:30:00|138.61|138.86|138.21|138.48|6403
