2020.08.21 22:30:00|99.39|99.52|99.05|99.5|264
2020.08.24 16:30:00|99.45999999999999|99.53|97.52|98.7|1521
2020.08.24 17:30:00|98.7|98.81999999999999|97.83|98.42|801
2020.08.24 18:30:00|98.48|99.48|98.3|99.22|949
2020.08.24 19:30:00|99.2|99.76000000000001|99.15000000000001|99.22|787
2020.08.24 20:30:00|99.22|99.38|98.76000000000001|98.87|527
2020.08.24 21:30:00|98.87|99.02|98.59999999999999|98.84999999999999|501
2020.08.24 22:30:00|98.83|99.36|98.54000000000001|99.34|365
2020.08.25 16:30:00|99.45|99.58|97.06999999999999|98.29000000000001|1103
2020.08.25 17:30:00|98.31|98.76000000000001|97.98|98.12|839
2020.08.25 18:30:00|98.09|98.98999999999999|97.81999999999999|98.93000000000001|661
2020.08.25 19:30:00|98.94|99.43000000000001|98.73|99.20999999999999|774
2020.08.25 20:30:00|99.20999999999999|99.62|98.81999999999999|98.84999999999999|511
2020.08.25 21:30:00|98.88|99.17|98.44|98.64|526
2020.08.25 22:30:00|98.65000000000001|99|98.54000000000001|98.63|366
2020.08.26 16:30:00|98.37|98.48999999999999|97.14|98.38|1309
2020.08.26 17:30:00|98.42|98.94|97.89|97.94|615
2020.08.26 18:30:00|97.90000000000001|98.15000000000001|97.33|97.67|403
2020.08.26 19:30:00|97.68000000000001|98.02|97.43000000000001|97.73999999999999|426
2020.08.26 20:30:00|97.75|97.98999999999999|97.23999999999999|97.31|243
2020.08.26 21:30:00|97.34|97.81999999999999|96.88|97.7|548
2020.08.26 22:30:00|97.73999999999999|97.86|97.40000000000001|97.45999999999999|364
2020.08.27 16:30:00|97.16|99.02|97.16|98.79000000000001|1437
2020.08.27 17:30:00|98.79000000000001|99.37|98.48|98.84999999999999|794
2020.08.27 18:30:00|98.84|98.97|97.94|97.94|646
2020.08.27 19:30:00|97.97|98.02|96.8|97.26000000000001|1039
2020.08.27 20:30:00|97.23999999999999|97.98|97.11|97.93000000000001|696
2020.08.27 21:30:00|97.94|98.27|97.59|97.98|691
2020.08.27 22:30:00|97.98999999999999|98.13|97.41|97.52|454
2020.08.28 16:30:00|97.64|98.98|96.63|98.95999999999999|1267
2020.08.28 17:30:00|98.94|99.20999999999999|98.29000000000001|99.09999999999999|917
2020.08.28 18:30:00|99.12|99.22|98.75|98.79000000000001|737
2020.08.28 19:30:00|98.8|99.09|98.68000000000001|98.7|504
2020.08.28 20:30:00|98.70999999999999|98.81|97.78|98.15000000000001|465
2020.08.28 21:30:00|98.14|98.62|98.09|98.19|534
2020.08.28 22:30:00|98.18000000000001|98.59|98.16|98.56|380
2020.08.31 16:30:00|98.20999999999999|99.18000000000001|97.06|97.40000000000001|2190
2020.08.31 17:30:00|97.40000000000001|97.94|97.39|97.76000000000001|1726
2020.08.31 18:30:00|97.76000000000001|98.34999999999999|97.56999999999999|98.17|759
2020.08.31 19:30:00|98.18000000000001|98.42|97.98|98.15000000000001|399
2020.08.31 20:30:00|98.15000000000001|98.76000000000001|98.12|98.75|483
2020.08.31 21:30:00|98.75|98.77|98.09999999999999|98.2|441
2020.08.31 22:30:00|98.22|98.47|98.15000000000001|98.26000000000001|464
2020.09.01 16:30:00|98.48|99.2|98.17|99.13|1614
2020.09.01 17:30:00|99.12|99.12|98.23999999999999|98.79000000000001|1705
2020.09.01 18:30:00|98.83|99.37|98.38|99.12|1049
2020.09.01 19:30:00|99.13|99.59|99.09999999999999|99.52|764
2020.09.01 20:30:00|99.54000000000001|100.37|99.52|100.35|468
2020.09.01 21:30:00|100.36|101.12|100.32|101.03|687
2020.09.01 22:30:00|101.02|101.59|100.75|101.57|434
2020.09.02 16:30:00|101.59|101.67|98.34999999999999|99.08|1414
2020.09.02 17:30:00|99.09999999999999|99.34999999999999|97.52|97.68000000000001|1225
2020.09.02 18:30:00|97.8|98.03|96.72|97.62|2173
2020.09.02 19:30:00|97.62|97.95|96.69|96.69|1014
2020.09.02 20:30:00|96.7|96.73|95.73|95.98999999999999|777
2020.09.02 21:30:00|95.98|96.34|95.15000000000001|95.28|770
2020.09.02 22:30:00|95.29000000000001|95.51000000000001|94.91|94.95|546
2020.09.03 16:30:00|94.17|94.48|91.53|91.89|2529
2020.09.03 17:30:00|91.84|92.08|91|92.08|2360
2020.09.03 18:30:00|92.09999999999999|92.23999999999999|91.23999999999999|91.38|2908
2020.09.03 19:30:00|91.37|91.45999999999999|90.48|91.23|2283
2020.09.03 20:30:00|91.22|91.23|89.56999999999999|89.8|1874
2020.09.03 21:30:00|89.73|90.73999999999999|89.45|90.55|1374
2020.09.03 22:30:00|90.52|92.06999999999999|90.45|91.81|1098
2020.09.04 16:30:00|91.54000000000001|92.03|87.18000000000001|87.36|3482
2020.09.04 17:30:00|87.34|87.66|85.98|86.64|3154
2020.09.04 18:30:00|86.66|87.43000000000001|86.51000000000001|87.06|2704
2020.09.04 19:30:00|87.06999999999999|87.31|85.56999999999999|85.98999999999999|2152
2020.09.04 20:30:00|85.91|89.05|85.84999999999999|89.05|1555
2020.09.04 21:30:00|89.09999999999999|90.81999999999999|88.69|90.48999999999999|2097
2020.09.04 22:30:00|90.51000000000001|90.64|89.95|90.34|1686
2020.09.08 16:30:00|88.19|91.27|86.48|90.73999999999999|3013
2020.09.08 17:30:00|90.75|90.95999999999999|89.05|89.94|3016
2020.09.08 18:30:00|89.88|90.06999999999999|85.97|86.13|1763
2020.09.08 19:30:00|86.13|86.8|84.48|86.31|1551
2020.09.08 20:30:00|86.3|87.29000000000001|86.19|86.63|1412
2020.09.08 21:30:00|86.59|87.39|85.84|87.23999999999999|1617
2020.09.08 22:30:00|87.23|87.43000000000001|86.37|86.48|1006
2020.09.09 16:30:00|87.51000000000001|89.95999999999999|87.51000000000001|89.29000000000001|1658
2020.09.09 17:30:00|89.31|89.44|87.65000000000001|88.19|1335
2020.09.09 18:30:00|88.25|89|88.05|88.79000000000001|609
2020.09.09 19:30:00|88.78|89.23|88.75|88.87|621
2020.09.09 20:30:00|88.88|88.90000000000001|88.01000000000001|88.55|949
2020.09.09 21:30:00|88.56|89.23|88.51000000000001|89.20999999999999|890
2020.09.09 22:30:00|89.2|89.28|88.39|88.62|895
2020.09.10 16:30:00|89.51000000000001|92.2|89.48999999999999|91.47|1843
2020.09.10 17:30:00|91.44|92.02|90.53|92.01000000000001|1807
2020.09.10 18:30:00|91.98|92.69|91.76000000000001|92.12|1924
2020.09.10 19:30:00|92.13|92.45999999999999|91.09|91.23|1446
2020.09.10 20:30:00|91.25|91.48999999999999|89.83|89.94|1320
2020.09.10 21:30:00|89.94|90.72|89.72|90.45|2350
2020.09.10 22:30:00|90.44|90.83|89.98999999999999|90.28|1819
2020.09.11 16:30:00|90.8|93.19|90.59999999999999|92.91|2968
2020.09.11 17:30:00|92.97|93.48|91.84|92.72|1756
2020.09.11 18:30:00|92.63|92.66|91.53|91.92|1674
2020.09.11 19:30:00|91.92|91.92|89.41|89.55|1291
2020.09.11 20:30:00|89.59999999999999|91.28|89.34|90.55|864
2020.09.11 21:30:00|90.56|91.56|90.56|91.38|1247
2020.09.11 22:30:00|91.39|91.52|90.89|91.36|900
2020.09.14 16:30:00|91.98999999999999|92.19|89.75|89.98|1534
2020.09.14 17:30:00|89.98999999999999|90.09999999999999|88.19|88.39|1845
2020.09.14 18:30:00|88.40000000000001|89.88|88.02|88.79000000000001|867
2020.09.14 19:30:00|88.79000000000001|89.22|88.09999999999999|88.37|841
2020.09.14 20:30:00|88.41|89.06|88.03|88.36|901
2020.09.14 21:30:00|88.34999999999999|88.59999999999999|87.51000000000001|87.56999999999999|931
2020.09.14 22:30:00|87.59999999999999|88.45999999999999|87.45999999999999|88.29000000000001|607
2020.09.15 16:30:00|88.64|88.64|86.12|86.64|1358
2020.09.15 17:30:00|86.72|88.27|86.22|87.51000000000001|947
2020.09.15 18:30:00|87.56999999999999|87.73|86.44|86.45999999999999|590
2020.09.15 19:30:00|86.47|86.48|85.97|86.14|540
2020.09.15 20:30:00|86.08|86.36|85.17|86.18000000000001|757
2020.09.15 21:30:00|86.18000000000001|86.51000000000001|85.58|86.26000000000001|762
2020.09.15 22:30:00|86.27|86.29000000000001|85.8|86.11|804
2020.09.16 16:30:00|86.34|86.68000000000001|84.47|85.59|1992
2020.09.16 17:30:00|85.53|86.64|85.27|86.45999999999999|923
2020.09.16 18:30:00|86.45999999999999|86.53|84.89|84.95999999999999|524
2020.09.16 19:30:00|84.94|85.52|84.56999999999999|84.65000000000001|781
2020.09.16 20:30:00|84.59|84.67|83.97|84.23|923
2020.09.16 21:30:00|84.3|84.56999999999999|83.18000000000001|83.40000000000001|1228
2020.09.16 22:30:00|83.40000000000001|84.78|83.08|84.53|1056
2020.09.17 16:30:00|82.38|84.61|82.06999999999999|83.55|2474
2020.09.17 17:30:00|83.48|84.52|83.48|84.34999999999999|813
2020.09.17 18:30:00|84.37|84.52|82.88|83.02|1139
2020.09.17 19:30:00|83|83.8|82.91|83.34|1175
2020.09.17 20:30:00|83.34|83.48999999999999|82.7|82.7|1258
2020.09.17 21:30:00|82.66|82.89|82.34|82.56999999999999|1157
2020.09.17 22:30:00|82.56|83.31|82.52|83.2|862
2020.09.18 16:30:00|84.19|84.22|82.13|82.72|2433
2020.09.18 17:30:00|82.72|82.72|81.73999999999999|82.02|1909
2020.09.18 18:30:00|81.97|82.03|81.08|81.73999999999999|1059
2020.09.18 19:30:00|81.75|81.75|80.92|80.95999999999999|1410
2020.09.18 20:30:00|80.92|81.52|80.51000000000001|81.52|1453
2020.09.18 21:30:00|81.51000000000001|82.34|81.42|82.02|950
2020.09.18 22:30:00|82.02|82.43000000000001|81.41|82.23|933
2020.09.21 16:30:00|81.56|83.58|81.11|81.44|1920
2020.09.21 17:30:00|81.31999999999999|83.19|80.59|82.78|1400
2020.09.21 18:30:00|82.78|83.87|82.45|83.8|1206
2020.09.21 19:30:00|83.81|84.55|83.41|84.15000000000001|1184
2020.09.21 20:30:00|84.16|84.51000000000001|82.88|83.06|1041
2020.09.21 21:30:00|83.03|83.89|82.81999999999999|83.73|1115
2020.09.21 22:30:00|83.73|84.48|83.67|84.43000000000001|1091
2020.09.22 16:30:00|84|84.04000000000001|81.95999999999999|83.5|1818
2020.09.22 17:30:00|83.56|83.58|82.8|83.13|1942
2020.09.22 18:30:00|83.18000000000001|83.81|82.73|83.81|1769
2020.09.22 19:30:00|83.84|84.53|83.7|84.52|1221
2020.09.22 20:30:00|84.52|85.40000000000001|84.44|85.20999999999999|1188
2020.09.22 21:30:00|85.23999999999999|86.94|85.09999999999999|86.81|1212
2020.09.22 22:30:00|86.81999999999999|87.31999999999999|86.34999999999999|87.06|899
2020.09.23 16:30:00|86.48|87.06999999999999|85.11|86.67|2189
2020.09.23 17:30:00|86.67|88.01000000000001|86.63|87.88|1880
2020.09.23 18:30:00|87.88|88.09|87.45|87.58|1412
2020.09.23 19:30:00|87.58|88.69|87.31|88.33|1223
2020.09.23 20:30:00|88.38|88.38|86.18000000000001|86.45|1043
2020.09.23 21:30:00|86.44|86.88|85.95999999999999|86.59|1618
2020.09.23 22:30:00|86.59|86.59|85.53|85.73999999999999|1136
2020.09.24 16:30:00|84.84999999999999|85.56999999999999|82.39|83.55|1279
2020.09.24 17:30:00|83.55|83.93000000000001|82.17|83.59|1129
2020.09.24 18:30:00|83.52|84.83|83.52|84.43000000000001|911
2020.09.24 19:30:00|84.43000000000001|84.51000000000001|83.54000000000001|83.98|1161
2020.09.24 20:30:00|83.95|84.17|83.06|83.16|1346
2020.09.24 21:30:00|83.15000000000001|83.70999999999999|82.31999999999999|82.33|1684
2020.09.24 22:30:00|82.31999999999999|82.55|82.01000000000001|82.31|1295
2020.09.25 16:30:00|82.23|82.53|79.73|80.5|1959
2020.09.25 17:30:00|80.48999999999999|82.04000000000001|80.42|81.77|1142
2020.09.25 18:30:00|81.69|81.7|80.54000000000001|81.16|773
2020.09.25 19:30:00|81.18000000000001|81.73999999999999|81.06|81.73999999999999|883
2020.09.25 20:30:00|81.68000000000001|82.18000000000001|81.45|81.81999999999999|749
2020.09.25 21:30:00|81.8|82.15000000000001|81.51000000000001|81.95|744
2020.09.25 22:30:00|81.97|81.98999999999999|81.39|81.58|842
2020.09.28 16:30:00|82.29000000000001|83.33|81.83|82.47|2164
2020.09.28 17:30:00|82.47|82.92|81.97|82.84|1314
2020.09.28 18:30:00|82.84|83.55|82.81|83.45999999999999|1164
2020.09.28 19:30:00|83.45999999999999|84.06999999999999|83.41|83.86|901
2020.09.28 20:30:00|83.87|84.26000000000001|83.61|83.83|835
2020.09.28 21:30:00|83.83|83.90000000000001|83.51000000000001|83.53|480
2020.09.28 22:30:00|83.53|83.62|83.04000000000001|83.31|710
2020.09.29 16:30:00|84.44|85.31999999999999|83.45999999999999|84.95999999999999|2062
2020.09.29 17:30:00|84.95999999999999|85.58|84.72|85.31999999999999|1592
2020.09.29 18:30:00|85.25|85.42|85.02|85.18000000000001|860
2020.09.29 19:30:00|85.18000000000001|86.2|85.13|85.79000000000001|887
2020.09.29 20:30:00|85.81|86.31|85.76000000000001|85.88|786
2020.09.29 21:30:00|85.88|86.28|85.61|85.70999999999999|558
2020.09.29 22:30:00|85.70999999999999|85.73999999999999|85.33|85.73999999999999|580
2020.09.30 16:30:00|85.34|85.92|84.56|84.79000000000001|1406
2020.09.30 17:30:00|84.81|85.06|83.39|83.78|856
2020.09.30 18:30:00|83.78|83.88|82.8|83.37|757
2020.09.30 19:30:00|83.37|83.52|82.87|83.41|704
2020.09.30 20:30:00|83.48|83.77|82.87|83.09|1187
2020.09.30 21:30:00|83.01000000000001|83.09999999999999|81.73|82.11|1799
2020.09.30 22:30:00|82.09999999999999|82.48999999999999|81.59|82.25|1130
2020.10.01 16:30:00|83.7|84.73|83.34999999999999|84.48999999999999|1703
2020.10.01 17:30:00|84.51000000000001|85.18000000000001|84.18000000000001|84.22|1487
2020.10.01 18:30:00|84.25|84.83|83.84999999999999|84.16|1047
2020.10.01 19:30:00|84.16|84.29000000000001|82.97|83.15000000000001|782
2020.10.01 20:30:00|83.17|83.45|82.17|83.01000000000001|1169
2020.10.01 21:30:00|83.09|83.61|83.09|83.40000000000001|481
2020.10.01 22:30:00|83.39|83.63|82.92|83.3|613
2020.10.02 16:30:00|81.25|83.72|81.25|82.8|1544
2020.10.02 17:30:00|82.76000000000001|83.55|82.3|83|1286
2020.10.02 18:30:00|83|83.14|82.11|82.73|1405
2020.10.02 19:30:00|82.70999999999999|83.25|82.58|83.20999999999999|1241
2020.10.02 20:30:00|83.20999999999999|83.25|82.58|82.65000000000001|2233
2020.10.02 21:30:00|82.66|82.94|82.34999999999999|82.93000000000001|2404
