2020.02.05 18:30:00|143.98|144.07|143.74|143.81|1095
2020.02.05 19:30:00|143.83|143.86|143.62|143.67|858
2020.02.05 20:30:00|143.68|143.94|143.58|143.82|870
2020.02.05 21:30:00|143.81|144.35|143.8|144.14|1469
2020.02.05 22:30:00|144.14|144.22|143.85|144.16|1576
2020.02.06 16:30:00|144.4|145.16|144.33|144.63|2254
2020.02.06 17:30:00|144.64|144.99|144.43|144.57|1661
2020.02.06 18:30:00|144.57|144.58|144.12|144.27|1065
2020.02.06 19:30:00|144.27|144.5|143.99|144.02|917
2020.02.06 20:30:00|144.03|144.33|144|144.21|821
2020.02.06 21:30:00|144.22|144.25|143.94|144.15|1043
2020.02.06 22:30:00|144.15|144.35|144.01|144.27|749
2020.02.07 16:30:00|143.71|144.78|143.68|144.78|2686
2020.02.07 17:30:00|144.78|144.93|144.41|144.84|1533
2020.02.07 18:30:00|144.82|145.06|144.67|145.03|1451
2020.02.07 19:30:00|145.02|145.14|144.88|145.03|1070
2020.02.07 20:30:00|145.03|145.04|144.73|144.95|1622
2020.02.07 21:30:00|144.95|145.38|144.91|145.31|1396
2020.02.07 22:30:00|145.31|145.58|144.92|145.33|1342
2020.02.10 16:30:00|145.72|146.22|145.25|146.11|2520
2020.02.10 17:30:00|146.09|146.28|145.6|145.91|1499
2020.02.10 18:30:00|145.92|146.01|145.56|145.62|999
2020.02.10 19:30:00|145.63|145.63|145.34|145.45|841
2020.02.10 20:30:00|145.45|145.51|145.02|145.07|713
2020.02.10 21:30:00|145.06|145.56|144.99|145.52|755
2020.02.10 22:30:00|145.51|145.55|145.35|145.42|864
2020.02.11 16:30:00|145.26|145.96|144.73|145.1|1920
2020.02.11 17:30:00|145.11|145.45|144.94|145.36|1269
2020.02.11 18:30:00|145.37|145.77|145.35|145.65|1464
2020.02.11 19:30:00|145.65|145.77|145.47|145.56|802
2020.02.11 20:30:00|145.56|145.85|145.52|145.67|1314
2020.02.11 21:30:00|145.67|146.05|145.66|145.96|1385
2020.02.11 22:30:00|145.96|146.23|145.82|145.89|1155
2020.02.12 16:30:00|146.07|146.15|145.19|145.5|2423
2020.02.12 17:30:00|145.5|146.21|145.3|146.19|1646
2020.02.12 18:30:00|146.19|146.28|145.91|145.94|1124
2020.02.12 19:30:00|145.96|146.13|145.78|145.95|940
2020.02.12 20:30:00|145.96|146.06|145.68|145.72|789
2020.02.12 21:30:00|145.74|145.79|145.39|145.41|902
2020.02.12 22:30:00|145.4|145.93|145.34|145.92|956
2020.02.13 16:30:00|145.46|145.58|143.37|145.14|2886
2020.02.13 17:30:00|145.14|145.86|144.87|145.63|2253
2020.02.13 18:30:00|145.63|145.65|144.64|144.71|1795
2020.02.13 19:30:00|144.72|145.7|144.58|145.57|1381
2020.02.13 20:30:00|145.52|146.52|145.5|146.52|1457
2020.02.13 21:30:00|146.5|146.99|146.39|146.62|1462
2020.02.13 22:30:00|146.61|146.61|146.03|146.22|1375
2020.02.14 16:30:00|146.31|146.96|145.79|146.12|2513
2020.02.14 17:30:00|146.12|146.4|145.93|146.09|1625
2020.02.14 18:30:00|146.1|146.33|146.05|146.3|840
2020.02.14 19:30:00|146.29|146.4|146.17|146.21|998
2020.02.14 20:30:00|146.2|146.77|146.14|146.74|1081
2020.02.14 21:30:00|146.75|146.82|146.15|146.42|1292
2020.02.14 22:30:00|146.4|146.9|146.38|146.89|981
2020.02.18 16:30:00|146.73|146.96|146.19|146.19|2407
2020.02.18 17:30:00|146.18|146.24|145.75|145.81|1624
2020.02.18 18:30:00|145.83|145.96|145.65|145.79|1197
2020.02.18 19:30:00|145.8|145.91|145.67|145.8|782
2020.02.18 20:30:00|145.8|146.02|145.58|145.86|1230
2020.02.18 21:30:00|145.85|145.88|145.62|145.81|992
2020.02.18 22:30:00|145.82|145.85|145.26|145.47|1026
2020.02.19 16:30:00|145.4|146.34|145.38|145.46|2352
2020.02.19 17:30:00|145.45|145.89|145.41|145.78|1106
2020.02.19 18:30:00|145.79|145.87|145.68|145.8|715
2020.02.19 19:30:00|145.8|145.82|145.45|145.57|633
2020.02.19 20:30:00|145.58|145.65|145.4|145.47|654
2020.02.19 21:30:00|145.48|145.88|145.47|145.54|731
2020.02.19 22:30:00|145.54|145.77|145.36|145.43|1214
2020.02.20 16:30:00|145.19|145.55|144.62|144.76|2026
2020.02.20 17:30:00|144.77|145.06|144.32|144.38|1804
2020.02.20 18:30:00|144.39|144.51|143.75|144.2|3841
2020.02.20 19:30:00|144.21|144.36|143.92|144.16|1991
2020.02.20 20:30:00|144.17|144.69|144.02|144.52|1628
2020.02.20 21:30:00|144.52|144.73|144.37|144.47|1631
2020.02.20 22:30:00|144.48|145.33|144.44|145.32|1232
2020.02.21 16:30:00|144.75|145.47|144.63|145.28|3505
2020.02.21 17:30:00|145.28|145.28|144.72|145.07|1951
2020.02.21 18:30:00|145.07|145.54|144.98|145.48|1628
2020.02.21 19:30:00|145.49|145.75|145.29|145.29|1365
2020.02.21 20:30:00|145.29|145.66|145.22|145.6|2384
2020.02.21 21:30:00|145.6|145.64|145.14|145.56|1830
2020.02.21 22:30:00|145.56|145.78|145.14|145.73|1461
2020.02.24 16:30:00|146.38|146.86|144.05|144.33|5262
2020.02.24 17:30:00|144.32|144.54|143.88|144.04|2937
2020.02.24 18:30:00|144.03|144.05|143.32|143.32|2860
2020.02.24 19:30:00|143.33|143.55|142.68|143.06|2530
2020.02.24 20:30:00|143.06|143.46|142.88|143.39|2629
2020.02.24 21:30:00|143.39|143.69|143.15|143.25|2550
2020.02.24 22:30:00|143.26|143.29|142.43|142.62|2189
2020.02.25 16:30:00|142.4|144.2|142.13|143.41|6314
2020.02.25 17:30:00|143.41|144.24|143.31|143.53|9775
2020.02.25 18:30:00|143.53|143.66|142.77|142.89|5837
2020.02.25 19:30:00|142.88|143.17|142.13|142.43|6613
2020.02.25 20:30:00|142.44|142.53|140.88|140.96|9119
2020.02.25 21:30:00|140.97|141.93|140.63|141|10793
2020.02.25 22:30:00|141.01|141.59|140.42|141.1|5968
2020.02.26 16:30:00|141.85|143.15|141.59|143.02|7709
2020.02.26 17:30:00|143.02|143.6|142.84|143.5|5552
2020.02.26 18:30:00|143.5|143.5|141.9|142.18|8002
2020.02.26 19:30:00|142.19|142.6|142.08|142.36|6467
2020.02.26 20:30:00|142.35|142.39|141.02|141.75|11928
2020.02.26 21:30:00|141.76|142.08|141.22|141.46|9587
2020.02.26 22:30:00|141.47|142.11|141.45|141.93|3717
2020.02.27 16:30:00|141.23|142.99|139.59|139.8|14407
2020.02.27 17:30:00|139.8|140.53|139.14|139.84|14453
2020.02.27 18:30:00|139.81|140.66|138.77|140.55|11680
2020.02.27 19:30:00|140.55|141.02|140.13|140.18|12391
2020.02.27 20:30:00|140.18|140.31|138.18|139.12|17691
2020.02.27 21:30:00|139.12|139.21|138.12|138.17|10629
2020.02.27 22:30:00|138.17|138.22|136.34|136.41|5678
2020.02.28 16:30:00|132.42|133.48|128.21|128.46|21233
2020.02.28 17:30:00|128.45|131.14|128.33|130.98|19998
2020.02.28 18:30:00|130.98|132.49|130.42|131.3|20236
2020.02.28 19:30:00|131.31|132.62|131.03|131.67|17413
2020.02.28 20:30:00|131.66|131.67|129.65|130.88|13872
2020.02.28 21:30:00|130.88|132.47|130.47|130.48|18353
2020.02.28 22:30:00|130.49|131.8|129.71|131.69|7390
2020.03.02 16:30:00|132.7|134.37|132.1|133.62|10127
2020.03.02 17:30:00|133.62|135.41|133.36|135.11|11797
2020.03.02 18:30:00|135.11|135.39|134.42|134.84|9285
2020.03.02 19:30:00|134.83|135.69|134.37|134.49|7038
2020.03.02 20:30:00|134.5|135.6|134.37|134.68|8911
2020.03.02 21:30:00|134.69|135.51|133.5|135.41|10363
2020.03.02 22:30:00|135.42|137.6|135.3|137.39|5071
2020.03.03 16:30:00|136.62|139.5|135.98|138.36|11040
2020.03.03 17:30:00|138.39|139.31|135.79|136.15|13896
2020.03.03 18:30:00|136.18|138.3|136.02|137.65|11085
2020.03.03 19:30:00|137.65|138.12|136.13|136.63|9815
2020.03.03 20:30:00|136.64|137.05|134.59|135.77|9949
2020.03.03 21:30:00|135.77|137.36|135.1|137.32|9604
2020.03.03 22:30:00|137.29|137.35|135.03|135.56|6512
2020.03.04 16:30:00|137.65|138.73|137.16|138.11|7983
2020.03.04 17:30:00|138.08|138.14|137.14|137.9|7992
2020.03.04 18:30:00|137.9|138.61|137.15|138.59|7019
2020.03.04 19:30:00|138.6|139.79|138.44|139.75|4950
2020.03.04 20:30:00|139.76|140.29|139.69|140|4611
2020.03.04 21:30:00|140.01|141.13|139.67|141.13|5358
2020.03.04 22:30:00|141.13|142.57|141.08|142.54|5155
2020.03.05 16:30:00|137.91|138.59|136.98|137.5|8431
2020.03.05 17:30:00|137.49|139.59|137.46|139.4|6627
2020.03.05 18:30:00|139.4|139.5|138.45|138.61|5615
2020.03.05 19:30:00|138.6|138.95|137.37|138.09|7098
2020.03.05 20:30:00|138.09|138.68|136.92|137.08|6243
2020.03.05 21:30:00|137.1|137.86|136.51|136.85|6873
2020.03.05 22:30:00|136.85|138.33|136.68|138.13|6271
2020.03.06 16:30:00|132.94|134.75|132.39|134.59|12394
2020.03.06 17:30:00|134.59|135.77|133.83|135.65|11832
2020.03.06 18:30:00|135.66|136.3|134.36|134.47|9949
2020.03.06 19:30:00|134.48|136.75|134.41|136.1|8775
2020.03.06 20:30:00|136.1|136.29|135|135.55|7296
2020.03.06 21:30:00|135.56|135.66|133.73|135.03|9451
2020.03.06 22:30:00|135.02|138|134.76|137.44|8222
2020.03.09 15:30:00|130.64|132.96|129.87|131.54|9345
2020.03.09 16:30:00|131.54|132.42|129.5|131.78|13380
2020.03.09 17:30:00|131.76|133.19|131.33|131.85|12212
2020.03.09 18:30:00|131.87|132.64|131.03|131.42|10825
2020.03.09 19:30:00|131.43|131.44|128.8|129.75|11180
2020.03.09 20:30:00|129.76|130.81|128.02|130.16|9428
2020.03.09 21:30:00|130.14|132.08|129.57|130.3|6741
2020.03.10 15:30:00|132.15|133.33|131.14|131.17|10142
2020.03.10 16:30:00|131.21|131.24|127|127.14|11516
2020.03.10 17:30:00|127.2|129.93|126.71|128.49|9582
2020.03.10 18:30:00|128.5|130.46|127.68|129.49|11244
2020.03.10 19:30:00|129.52|129.76|128.22|129.14|9963
2020.03.10 20:30:00|129.14|132.85|129.14|131.79|11899
2020.03.10 21:30:00|131.78|134.39|131.19|134.07|7381
2020.03.11 15:30:00|130.56|132.36|129.79|131.69|11988
2020.03.11 16:30:00|131.68|132.41|130.27|130.3|11502
2020.03.11 17:30:00|130.31|131.55|129.9|130.06|11588
2020.03.11 18:30:00|130.07|130.81|129.63|130.64|11356
2020.03.11 19:30:00|130.66|130.97|129.21|129.31|10240
2020.03.11 20:30:00|129.29|130.06|127.47|128.71|16540
2020.03.11 21:30:00|128.73|130.84|128.53|130.3|10792
2020.03.12 15:30:00|120.49|124.36|113.46|122.18|9012
2020.03.12 16:30:00|122.3|123.4|120.47|121.45|12529
2020.03.12 17:30:00|121.45|121.69|118.26|119.04|13168
2020.03.12 18:30:00|119.05|124.83|117.66|121.94|11858
2020.03.12 19:30:00|121.95|122.75|117.92|118.8|11062
2020.03.12 20:30:00|118.81|119.57|116.1|116.24|12064
2020.03.12 21:30:00|116.25|118.9|115.61|115.61|8084
2020.03.13 15:30:00|120.7|121.93|114.89|117.05|12839
2020.03.13 16:30:00|117.09|117.92|115.93|115.98|12263
2020.03.13 17:30:00|115.98|117.87|115.01|117.13|12743
2020.03.13 18:30:00|117.12|119.54|116.71|118.8|9785
2020.03.13 19:30:00|118.8|119.32|116.97|118.19|11672
2020.03.13 20:30:00|118.2|122.05|117.43|121.75|12262
2020.03.13 21:30:00|121.75|125.76|116.37|125.76|6268
2020.03.16 15:30:00|111.87|118.29|111.87|115.84|7041
2020.03.16 16:30:00|115.88|123.53|115.86|122.71|9488
2020.03.16 17:30:00|122.72|122.95|120.21|121.74|9428
2020.03.16 18:30:00|121.75|123.31|120.17|120.72|8590
2020.03.16 19:30:00|120.62|120.79|118.93|120.79|9775
2020.03.16 20:30:00|120.79|123.64|117.99|118.02|12853
2020.03.16 21:30:00|118.04|118.04|112.88|113.36|5294
2020.03.17 15:30:00|118.03|120.68|116.41|120.48|8061
2020.03.17 16:30:00|120.49|121.74|116.25|118.87|11229
2020.03.17 17:30:00|118.87|124.68|118.69|122.47|9048
2020.03.17 18:30:00|122.47|123.96|121.32|123.02|7655
2020.03.17 19:30:00|123.04|126.73|122.78|126.43|8617
2020.03.17 20:30:00|126.44|127.31|120.98|124.85|10228
2020.03.17 21:30:00|124.85|127.61|124.51|127.5|7002
2020.03.18 15:30:00|118.35|126.5|118.06|125.73|7929
2020.03.18 16:30:00|125.74|127.36|119.87|120.38|6680
2020.03.18 17:30:00|120.25|120.95|116.12|117.89|8125
2020.03.18 18:30:00|117.9|121.56|116.68|118.29|3918
2020.03.18 19:30:00|118.29|119.51|113.63|114.63|5577
2020.03.18 20:30:00|114.63|119.28|113.69|115.16|6562
2020.03.18 21:30:00|115.16|127.53|114.13|126.47|5501
2020.03.19 15:30:00|121.36|121.83|116.21|120.66|4848
2020.03.19 16:30:00|120.65|121.17|116.76|119.38|3338
2020.03.19 17:30:00|119.39|119.65|115.93|117.08|3911
2020.03.19 18:30:00|117.08|118.88|116.73|118.07|3361
2020.03.19 19:30:00|118.07|120.74|117.29|118.67|2999
2020.03.19 20:30:00|118.68|119.51|117.06|118.84|4437
2020.03.19 21:30:00|118.85|119.4|116.37|116.96|4349
2020.03.20 15:30:00|116.48|117.21|113.04|114.64|5705
2020.03.20 16:30:00|114.68|115.3|111.47|111.64|5949
2020.03.20 17:30:00|111.66|113.27|110.76|111.06|5878
2020.03.20 18:30:00|111.06|113.53|110.82|111.34|5668
2020.03.20 19:30:00|111.35|111.97|109.97|110.37|5653
2020.03.20 20:30:00|110.37|110.79|106.95|108.12|6627
2020.03.20 21:30:00|108.13|108.97|101.29|103.84|5156
2020.03.23 15:30:00|103.91|109.5|102.72|109.43|8049
2020.03.23 16:30:00|109.43|112.65|108.41|108.6|7829
2020.03.23 17:30:00|108.71|108.73|105.47|106.8|6789
2020.03.23 18:30:00|106.76|108.75|105.44|106.92|6293
2020.03.23 19:30:00|106.94|107.23|104.39|105.87|7829
2020.03.23 20:30:00|105.88|106.05|102.87|103.37|8169
2020.03.23 21:30:00|103.49|106.16|102.77|105|5653
2020.03.24 15:30:00|109.02|112.87|109.02|111.64|7671
2020.03.24 16:30:00|111.64|112.82|110.9|111.57|6535
2020.03.24 17:30:00|111.58|112.57|110.94|112.32|6284
2020.03.24 18:30:00|112.28|112.56|110.46|111.92|7606
2020.03.24 19:30:00|111.93|112.33|109.53|110.6|6202
2020.03.24 20:30:00|110.5|112.98|110.12|112.68|8329
2020.03.24 21:30:00|112.68|114.19|111.8|113.51|6010
2020.03.25 15:30:00|111.87|114.93|111.12|113.5|7962
2020.03.25 16:30:00|113.51|113.88|112.36|112.95|7326
2020.03.25 17:30:00|112.97|113.43|111.72|112.8|7151
2020.03.25 18:30:00|112.8|114.03|112.37|113.71|6646
2020.03.25 19:30:00|113.72|115.81|113.72|115.35|6568
2020.03.25 20:30:00|115.36|115.84|114.08|115.38|7791
2020.03.25 21:30:00|115.38|116.22|110.89|112.37|5956
2020.03.26 15:30:00|113.76|116.08|112.47|115.28|5946
2020.03.26 16:30:00|115.29|115.82|112.88|115.01|6350
2020.03.26 17:30:00|115.02|116.95|114.57|115.46|5973
2020.03.26 18:30:00|115.46|117.41|115.44|116.77|5960
2020.03.26 19:30:00|116.81|117.72|116.06|116.97|6477
2020.03.26 20:30:00|117.03|118.61|116.95|118.14|6892
2020.03.26 21:30:00|118.14|121.55|116.99|120.27|6533
2020.03.27 15:30:00|119.09|122.72|119.08|119.35|5278
2020.03.27 16:30:00|119.42|120.9|118.87|120.21|4518
2020.03.27 17:30:00|120.11|120.32|118.88|119.68|4902
2020.03.27 18:30:00|119.57|121.46|119.48|121.02|4633
2020.03.27 19:30:00|121.02|122.63|120.89|122.27|5443
2020.03.27 20:30:00|122.27|124.43|121.75|124.16|5802
2020.03.27 21:30:00|124.15|124.19|118.98|120.21|5842
2020.03.30 16:30:00|123.28|123.33|121.5|121.7|5562
2020.03.30 17:30:00|121.7|122.83|121.47|122.3|5433
2020.03.30 18:30:00|122.3|122.75|121.41|122.61|5640
2020.03.30 19:30:00|122.61|123.27|122.12|122.87|5346
2020.03.30 20:30:00|122.9|123.26|122.17|123.19|5228
2020.03.30 21:30:00|123.2|124.86|123.05|124.08|6330
2020.03.30 22:30:00|124.08|125.67|123.95|125.38|5391
2020.03.31 16:30:00|123.75|124.63|122.41|124.35|7263
2020.03.31 17:30:00|124.33|124.87|123.83|124.48|5729
2020.03.31 18:30:00|124.48|125.54|123.98|124.07|4997
2020.03.31 19:30:00|124.08|124.08|122.43|122.55|6242
2020.03.31 20:30:00|122.56|122.97|122.2|122.89|5658
2020.03.31 21:30:00|122.9|122.97|120.88|121.17|6430
2020.03.31 22:30:00|121.18|122.04|119.38|119.92|6602
2020.04.01 16:30:00|115.9|120.16|115.47|119.17|5756
2020.04.01 17:30:00|119.17|122.07|118.87|121.12|4836
2020.04.01 18:30:00|121.12|121.22|119.59|119.97|4065
2020.04.01 19:30:00|119.98|120.34|118.88|119.72|3588
2020.04.01 20:30:00|119.72|119.97|119.07|119.12|3943
2020.04.01 21:30:00|119.09|119.24|117.53|117.83|4415
2020.04.01 22:30:00|117.83|118.39|117.15|118.05|4702
2020.04.02 16:30:00|116.98|120.72|116.54|120.65|4274
2020.04.02 17:30:00|120.57|121.67|119.88|120.45|4880
2020.04.02 18:30:00|120.47|122.19|120.37|121.54|4256
2020.04.02 19:30:00|121.55|122.88|121.03|121.61|4487
2020.04.02 20:30:00|121.61|122.43|120.45|121.51|4286
2020.04.02 21:30:00|121.46|123.92|121.22|123.68|6311
2020.04.02 22:30:00|123.7|124.99|122.99|123.71|5168
2020.04.03 16:30:00|123.05|125.2|122.64|124.04|4610
2020.04.03 17:30:00|124.04|124.46|122.77|123.07|3249
2020.04.03 18:30:00|123.07|123.65|122.25|122.76|3124
2020.04.03 19:30:00|122.77|124.23|122.73|123.62|3465
2020.04.03 20:30:00|123.62|123.65|122.46|123.46|3164
2020.04.03 21:30:00|123.43|124.29|123.22|123.87|4628
2020.04.03 22:30:00|123.88|124.87|123|124.49|4377
2020.04.06 16:30:00|127.42|129.1|125.08|126.49|5929
2020.04.06 17:30:00|126.49|128.46|126.44|128.08|3908
2020.04.06 18:30:00|128.08|128.7|127.89|128.61|3489
2020.04.06 19:30:00|128.61|129.04|128.16|128.92|3020
2020.04.06 20:30:00|128.93|129.56|128.53|128.69|2966
2020.04.06 21:30:00|128.67|130.44|128.67|129.98|4110
2020.04.06 22:30:00|129.99|131.96|129.72|131.23|5393
2020.04.07 16:30:00|132.44|133.68|132.4|133.08|5200
2020.04.07 17:30:00|133.09|134.03|131.43|133.58|5653
2020.04.07 18:30:00|133.57|134.94|132.79|134.69|4645
2020.04.07 19:30:00|134.7|134.71|133.73|133.93|4222
2020.04.07 20:30:00|133.94|134.01|132.33|133.33|4141
2020.04.07 21:30:00|133.34|133.53|130.81|130.89|5757
2020.04.07 22:30:00|130.89|132.54|130.16|130.23|5161
2020.04.08 16:30:00|130.4|131.09|128.97|130.3|4844
2020.04.08 17:30:00|130.32|131.3|129.95|131.19|4423
2020.04.08 18:30:00|131.17|131.3|130.39|130.99|4306
2020.04.08 19:30:00|131|131.6|130.71|131.18|4698
2020.04.08 20:30:00|131.18|132.11|130.72|132|4158
2020.04.08 21:30:00|132|132.79|131.71|132.75|4535
2020.04.08 22:30:00|132.76|133.15|131.51|132.43|4808
2020.04.09 16:30:00|132.31|133.75|131.87|133.37|7291
2020.04.09 17:30:00|133.4|133.56|132.22|132.8|5696
2020.04.09 18:30:00|132.77|134.27|132.67|133.87|4432
2020.04.09 19:30:00|133.87|134.93|133.57|134.92|4011
2020.04.09 20:30:00|134.93|134.95|133.67|133.79|5336
2020.04.09 21:30:00|133.8|134.6|133.12|133.73|8538
2020.04.09 22:30:00|133.73|134.25|132.93|133.13|5429
2020.04.13 16:30:00|131.88|133.15|130.47|130.53|4426
2020.04.13 17:30:00|130.49|130.8|129.73|130.35|4349
2020.04.13 18:30:00|130.35|131.15|129.93|131.08|3445
2020.04.13 19:30:00|131.09|131.1|129.77|129.93|3337
2020.04.13 20:30:00|129.93|130.58|129.25|129.69|3593
2020.04.13 21:30:00|129.69|131.01|129.69|130.82|4341
2020.04.13 22:30:00|130.81|131.53|130.32|130.7|3837
2020.04.14 16:30:00|132.06|134.88|132.06|134.72|4390
2020.04.14 17:30:00|134.73|135.3|134.19|134.95|4455
2020.04.14 18:30:00|134.98|136.79|134.92|136.65|4090
2020.04.14 19:30:00|136.65|136.82|136.25|136.4|3138
2020.04.14 20:30:00|136.42|137.37|136.36|136.85|2954
2020.04.14 21:30:00|136.86|137.82|136.29|137.82|3935
2020.04.14 22:30:00|137.81|138.49|137.64|138.33|3683
2020.04.15 16:30:00|136.23|137.39|135.37|135.42|5221
2020.04.15 17:30:00|135.42|135.62|134.02|134.53|5051
2020.04.15 18:30:00|134.54|135.02|133.54|133.97|4048
2020.04.15 19:30:00|133.98|135.21|133.68|134.93|3592
2020.04.15 20:30:00|134.91|135.07|134.13|134.9|3870
2020.04.15 21:30:00|134.93|135.42|134.56|134.83|4983
2020.04.15 22:30:00|134.83|134.99|134.24|134.93|4684
2020.04.16 16:30:00|135.73|136.18|133.93|134.08|4340
2020.04.16 17:30:00|134.09|135.15|133.71|134.94|4673
2020.04.16 18:30:00|134.95|135.73|134.33|134.61|4334
2020.04.16 19:30:00|134.6|135.43|134.16|135.38|4166
2020.04.16 20:30:00|135.36|135.7|134.94|135.31|3658
2020.04.16 21:30:00|135.29|135.95|135.09|135.56|5360
2020.04.16 22:30:00|135.57|135.95|135.26|135.52|3605
2020.04.17 16:30:00|137.01|137.25|135.51|136.03|5032
2020.04.17 17:30:00|136.04|136.19|134.75|135.04|4033
2020.04.17 18:30:00|135.02|135.65|134.79|135.16|4216
2020.04.17 19:30:00|135.15|135.82|135.15|135.3|3113
2020.04.17 20:30:00|135.33|135.98|135.17|135.68|3160
2020.04.17 21:30:00|135.68|136.89|135.17|136.68|3504
2020.04.17 22:30:00|136.69|137.85|136.63|137.33|3517
2020.04.20 16:30:00|135.89|136.81|135.48|136.73|3931
2020.04.20 17:30:00|136.69|136.88|136.02|136.64|3059
2020.04.20 18:30:00|136.63|137.04|136.36|136.59|2456
2020.04.20 19:30:00|136.59|137.23|136.39|136.69|2002
2020.04.20 20:30:00|136.71|136.93|135.66|135.67|2399
2020.04.20 21:30:00|135.68|136.1|134.8|135.21|5373
2020.04.20 22:30:00|135.21|135.44|134.38|134.41|3708
2020.04.21 16:30:00|132.27|132.74|131.11|132.58|5058
2020.04.21 17:30:00|132.59|132.77|131.18|131.36|5164
2020.04.21 18:30:00|131.35|131.86|130.88|131.14|4435
2020.04.21 19:30:00|131.15|131.57|130.67|131.24|3869
2020.04.21 20:30:00|131.24|132.28|131.18|131.74|4058
2020.04.21 21:30:00|131.78|131.87|130.44|131.29|5112
2020.04.21 22:30:00|131.24|132.12|130.37|130.79|4850
2020.04.22 16:30:00|131.91|132.26|131.05|131.69|3943
2020.04.22 17:30:00|131.7|132.21|131.42|132.14|4070
2020.04.22 18:30:00|132.14|132.6|131.95|132.28|2977
2020.04.22 19:30:00|132.25|132.4|131.71|132.21|2407
2020.04.22 20:30:00|132.2|132.51|131.92|132.29|2571
2020.04.22 21:30:00|132.33|133.02|132.21|132.77|3115
2020.04.22 22:30:00|132.74|133.33|132.38|132.4|3528
2020.04.23 16:30:00|132.01|133.16|132.01|133.05|3320
2020.04.23 17:30:00|133.06|134.02|132.96|133.67|3214
2020.04.23 18:30:00|133.67|133.75|133.05|133.59|3271
2020.04.23 19:30:00|133.6|133.63|131.37|132.15|5424
2020.04.23 20:30:00|132.16|132.37|131.28|131.92|4744
2020.04.23 21:30:00|131.92|132.07|131.03|131.32|4870
2020.04.23 22:30:00|131.32|131.37|129.89|130.07|4777
2020.04.24 16:30:00|131.51|132.56|130.87|132.48|4162
2020.04.24 17:30:00|132.48|133.02|131.7|132.23|4509
2020.04.24 18:30:00|132.23|132.57|131.87|132.55|3144
2020.04.24 19:30:00|132.55|132.79|132.39|132.7|2739
2020.04.24 20:30:00|132.69|133.59|132.48|133.27|3272
2020.04.24 21:30:00|133.26|134.16|133.2|134.08|4322
2020.04.24 22:30:00|134.1|134.7|133.92|134.14|3761
2020.04.27 16:30:00|134.13|135|133.97|134.22|3728
2020.04.27 17:30:00|134.23|134.32|133.76|134.19|3137
2020.04.27 18:30:00|134.19|134.73|134.17|134.26|2883
2020.04.27 19:30:00|134.27|134.54|134.15|134.23|2159
2020.04.27 20:30:00|134.23|134.97|134.05|134.42|2196
2020.04.27 21:30:00|134.44|134.72|134.27|134.37|2412
2020.04.27 22:30:00|134.39|134.81|134.37|134.37|2203
2020.04.28 16:30:00|135.48|137.42|135.08|136.24|3880
2020.04.28 17:30:00|136.26|136.33|135.34|136.33|3650
2020.04.28 18:30:00|136.33|136.42|134.52|134.82|3290
2020.04.28 19:30:00|134.83|136.03|134.64|135.92|2654
2020.04.28 20:30:00|135.92|136.76|135.84|136.68|2845
2020.04.28 21:30:00|136.68|136.79|135.82|136.19|3453
2020.04.28 22:30:00|136.19|136.5|135.2|136.09|3112
2020.04.29 16:30:00|135.88|135.96|133.28|133.37|4638
2020.04.29 17:30:00|133.4|133.98|132.77|133.91|4119
2020.04.29 18:30:00|133.91|135.12|133.89|135.01|3173
2020.04.29 19:30:00|135.02|135.05|134.33|134.66|2619
2020.04.29 20:30:00|134.66|134.72|133.74|134.08|2996
2020.04.29 21:30:00|134.08|134.41|133.49|134.39|4333
2020.04.29 22:30:00|134.4|134.44|132.87|133.16|3134
2020.04.30 16:30:00|132.03|132.28|130.27|132.2|6887
2020.04.30 17:30:00|132.21|132.79|131.98|131.99|5328
2020.04.30 18:30:00|131.98|132.29|131.34|132.17|4897
2020.04.30 19:30:00|132.17|132.88|131.78|132.47|5100
2020.04.30 20:30:00|132.49|132.74|132.06|132.15|4028
2020.04.30 21:30:00|132.16|133.02|131.81|132.67|4754
2020.04.30 22:30:00|132.68|132.77|131.96|132.06|4268
2020.05.01 16:30:00|130.91|131.9|130.39|131.7|4660
2020.05.01 17:30:00|131.7|132.08|130.67|130.77|4222
2020.05.01 18:30:00|130.79|131.01|130.13|130.39|4260
2020.05.01 19:30:00|130.4|130.46|129.57|129.88|3973
2020.05.01 20:30:00|129.88|129.97|129.38|129.68|3913
2020.05.01 21:30:00|129.69|130.25|129.61|129.98|3662
2020.05.01 22:30:00|129.98|130.25|129.64|130.22|4135
2020.05.04 16:30:00|129.96|130.12|129.19|129.56|5410
2020.05.04 17:30:00|129.56|130.03|129.34|129.8|3987
2020.05.04 18:30:00|129.82|130.39|129.78|130.17|3901
2020.05.04 19:30:00|130.19|130.29|129.76|129.95|3369
2020.05.04 20:30:00|129.97|130.2|129.87|129.95|2778
2020.05.04 21:30:00|129.95|130.86|129.87|130.78|3227
2020.05.04 22:30:00|130.8|131.19|130.62|130.79|3461
2020.05.05 16:30:00|131.19|132.08|130.87|131.63|4015
2020.05.05 17:30:00|131.61|132.4|131.6|132.21|3637
2020.05.05 18:30:00|132.21|133.16|131.87|132.74|2622
2020.05.05 19:30:00|132.75|132.75|132.22|132.62|2443
2020.05.05 20:30:00|132.63|133.1|132.48|133|2198
2020.05.05 21:30:00|133.01|133.2|131.98|132.13|3022
2020.05.05 22:30:00|132.13|132.34|131.29|131.51|4436
2020.05.06 16:30:00|131.33|131.97|130.89|131.11|4490
2020.05.06 17:30:00|131.1|132.01|130.89|131.5|4314
2020.05.06 18:30:00|131.51|131.74|130.91|131.32|3485
2020.05.06 19:30:00|131.33|131.55|131.05|131.23|2979
2020.05.06 20:30:00|131.24|131.51|130.99|131.12|3082
2020.05.06 21:30:00|131.12|131.46|130.86|131.18|4000
2020.05.06 22:30:00|131.19|131.19|130.48|130.58|3620
2020.05.07 16:30:00|130.95|131.02|129.98|130.6|4772
2020.05.07 17:30:00|130.59|130.7|130.06|130.52|3467
2020.05.07 18:30:00|130.53|131.38|130.52|131.1|3203
2020.05.07 19:30:00|131.1|131.33|130.87|130.96|2070
2020.05.07 20:30:00|130.96|131.32|130.96|131.06|1973
2020.05.07 21:30:00|131.07|131.51|130.8|131.4|2987
2020.05.07 22:30:00|131.38|131.43|130.84|131.43|2871
2020.05.08 16:30:00|132.73|134.38|132.31|134.26|4041
2020.05.08 17:30:00|134.26|134.67|134.04|134.31|4389
2020.05.08 18:30:00|134.31|135.01|134.31|134.53|2475
2020.05.08 19:30:00|134.53|134.82|134.35|134.45|1816
2020.05.08 20:30:00|134.46|134.59|133.89|134.35|2372
2020.05.08 21:30:00|134.35|134.45|133.9|134.03|2711
2020.05.08 22:30:00|134.04|134.43|133.83|134.03|3113
2020.05.11 16:30:00|133.42|134.37|132.94|134.11|4123
2020.05.11 17:30:00|134.09|134.81|133.97|134.77|3307
2020.05.11 18:30:00|134.76|135.08|134.5|135.08|2860
2020.05.11 19:30:00|135.06|135.91|135.03|135.84|2233
2020.05.11 20:30:00|135.86|136.05|135|135.04|2698
2020.05.11 21:30:00|135.04|135.36|134.47|134.63|2977
2020.05.11 22:30:00|134.61|134.9|134.19|134.2|3065
2020.05.12 16:30:00|134.83|135.94|134.61|135.66|4395
2020.05.12 17:30:00|135.66|136.24|135.23|135.94|3562
2020.05.12 18:30:00|135.96|136.09|135.06|135.1|2660
2020.05.12 19:30:00|135.1|135.25|134.06|134.27|3077
2020.05.12 20:30:00|134.27|134.49|133.87|134.25|2785
2020.05.12 21:30:00|134.25|134.63|133.76|133.77|4261
2020.05.12 22:30:00|133.77|133.89|132.83|132.83|4025
2020.05.13 16:30:00|133.23|133.94|132.08|133.84|4978
2020.05.13 17:30:00|133.84|134.34|133.17|133.56|4039
2020.05.13 18:30:00|133.56|133.8|132.7|132.9|6112
2020.05.13 19:30:00|132.91|133.02|131.48|131.75|4328
2020.05.13 20:30:00|131.75|132.62|131.46|132.17|4563
2020.05.13 21:30:00|132.17|132.44|131.34|131.76|5530
2020.05.13 22:30:00|131.75|133.07|131.6|132.81|4289
2020.05.14 16:30:00|132.81|133.35|130.79|130.82|4663
2020.05.14 17:30:00|130.82|131.03|130|130.22|5077
2020.05.14 18:30:00|130.23|131.8|130.22|131.48|6433
2020.05.14 19:30:00|131.49|132.52|131.16|132.5|3882
2020.05.14 20:30:00|132.5|133.21|132.27|132.83|4080
2020.05.14 21:30:00|132.84|133.42|132.02|133.26|5677
2020.05.14 22:30:00|133.26|133.36|132.36|132.97|4315
2020.05.15 16:30:00|132.84|135.4|132.56|134.68|5064
2020.05.15 17:30:00|134.7|135.14|133.88|135.11|5765
2020.05.15 18:30:00|135.12|135.3|133.62|133.75|4610
2020.05.15 19:30:00|133.76|137.52|133.44|136.35|6415
2020.05.15 20:30:00|136.33|136.7|135.85|136.37|4477
2020.05.15 21:30:00|136.38|136.93|135.32|135.41|6088
2020.05.15 22:30:00|135.41|136.43|134.62|135.67|4444
2020.05.18 16:30:00|137.07|137.78|135.52|135.59|5384
2020.05.18 17:30:00|135.59|136.34|135.4|136.16|3500
2020.05.18 18:30:00|136.18|136.35|135.41|135.5|3213
2020.05.18 19:30:00|135.5|135.52|134.92|135.38|2526
2020.05.18 20:30:00|135.39|135.93|135.01|135.6|2593
2020.05.18 21:30:00|135.6|135.67|135.12|135.25|2880
2020.05.18 22:30:00|135.25|136.01|135.17|135.32|2576
2020.05.19 16:30:00|134.1|134.1|132.2|133|5134
2020.05.19 17:30:00|133|133.48|132.63|133.24|4532
2020.05.19 18:30:00|133.24|133.25|132.35|132.54|3416
2020.05.19 19:30:00|132.53|132.7|132.19|132.64|1963
2020.05.19 20:30:00|132.63|132.99|132.55|132.58|1656
2020.05.19 21:30:00|132.55|132.73|131.67|131.88|5756
2020.05.19 22:30:00|131.85|132.11|131.26|131.56|4060
2020.05.20 16:30:00|131.87|131.98|130.46|131.36|5947
2020.05.20 17:30:00|131.38|131.43|130.57|130.95|3531
2020.05.20 18:30:00|130.97|131.34|130.73|131.21|3231
2020.05.20 19:30:00|131.22|131.53|130.58|130.62|2697
2020.05.20 20:30:00|130.6|130.93|130.21|130.6|3998
2020.05.20 21:30:00|130.6|131.25|130.39|130.85|3247
2020.05.20 22:30:00|130.82|131.23|130.61|131.1|2928
2020.05.21 16:30:00|130.63|131.3|129.98|130.92|4236
2020.05.21 17:30:00|130.93|130.93|129.71|129.87|5045
2020.05.21 18:30:00|129.88|130.11|129.71|129.76|3709
2020.05.21 19:30:00|129.75|130.47|129.48|130.15|4311
2020.05.21 20:30:00|130.15|130.42|129.77|130.37|2697
2020.05.21 21:30:00|130.38|130.4|129.8|130.2|4051
2020.05.21 22:30:00|130.2|130.32|129.79|130.09|3419
2020.05.22 16:30:00|129.31|130.19|129.03|130.12|3531
2020.05.22 17:30:00|130.13|130.5|129.62|129.99|3097
2020.05.22 18:30:00|130|130.02|129.26|129.29|2133
2020.05.22 19:30:00|129.3|129.77|129.3|129.66|2026
2020.05.22 20:30:00|129.65|129.98|129.62|129.78|1512
2020.05.22 21:30:00|129.78|130.01|129.59|129.83|2329
2020.05.22 22:30:00|129.83|130.43|129.79|130.32|1878
2020.05.26 16:30:00|131.54|131.54|130.19|130.66|4805
2020.05.26 17:30:00|130.66|131.01|130.54|130.69|3278
2020.05.26 18:30:00|130.69|130.76|130.33|130.55|2478
2020.05.26 19:30:00|130.55|130.92|130.38|130.54|1768
2020.05.26 20:30:00|130.55|130.73|130.4|130.64|1410
2020.05.26 21:30:00|130.65|130.76|130.3|130.46|1946
2020.05.26 22:30:00|130.46|130.55|129.37|129.59|2845
2020.05.27 16:30:00|129.2|130.28|128.7|129.56|5092
2020.05.27 17:30:00|129.58|129.65|128.98|129.37|6113
2020.05.27 18:30:00|129.37|129.93|128.41|129.47|4619
2020.05.27 19:30:00|129.48|129.74|129.22|129.4|3060
2020.05.27 20:30:00|129.41|129.92|129.17|129.66|3137
2020.05.27 21:30:00|129.67|130.19|129.56|130.11|2449
2020.05.27 22:30:00|130.11|130.67|129.86|130.63|1948
2020.05.28 16:30:00|130.7|131.64|129.96|131.61|4912
2020.05.28 17:30:00|131.63|132.54|131.4|131.84|4544
2020.05.28 18:30:00|131.82|132.38|131.73|132.26|3504
2020.05.28 19:30:00|132.26|132.56|132.05|132.21|2638
2020.05.28 20:30:00|132.21|132.59|132.07|132.41|2428
2020.05.28 21:30:00|132.42|132.5|131.89|132.05|4077
2020.05.28 22:30:00|132.05|132.38|131.79|132.12|4122
2020.05.29 16:30:00|131.75|132.08|130.58|130.79|5315
2020.05.29 17:30:00|130.8|131.04|130.2|130.63|5916
2020.05.29 18:30:00|130.65|131.5|130.47|130.63|3529
2020.05.29 19:30:00|130.63|131.27|130.19|130.98|5023
2020.05.29 20:30:00|130.98|131.41|130.68|131.32|3932
2020.05.29 21:30:00|131.32|131.89|130.21|131.44|7354
2020.05.29 22:30:00|131.44|131.92|130.69|131.86|5752
2020.06.01 16:30:00|131.14|132.58|131|132.52|4283
2020.06.01 17:30:00|132.53|133.16|132.45|132.9|3485
2020.06.01 18:30:00|132.89|133.76|132.87|133.41|2157
2020.06.01 19:30:00|133.42|133.81|133.32|133.44|1763
2020.06.01 20:30:00|133.43|133.58|133.07|133.18|1676
2020.06.01 21:30:00|133.18|133.48|132.85|133.07|2133
2020.06.01 22:30:00|133.06|133.16|132.64|132.85|1878
2020.06.02 16:30:00|132.94|133.64|131.39|131.48|3301
2020.06.02 17:30:00|131.48|131.6|130.98|131.12|4516
2020.06.02 18:30:00|131.12|131.59|131.02|131.54|3194
2020.06.02 19:30:00|131.56|131.99|131.4|131.9|1674
2020.06.02 20:30:00|131.9|132.16|131.78|131.94|1969
2020.06.02 21:30:00|131.94|131.97|131.25|131.47|2593
2020.06.02 22:30:00|131.47|132.55|131.37|132.5|2229
2020.06.03 16:30:00|132.63|134.14|132.63|133.05|4326
2020.06.03 17:30:00|133.05|133.18|132.5|132.88|3089
2020.06.03 18:30:00|132.88|133.11|132.61|133.02|2933
2020.06.03 19:30:00|133|133.12|132.46|132.8|1844
2020.06.03 20:30:00|132.81|132.9|132.53|132.76|1737
2020.06.03 21:30:00|132.73|133.2|132.68|133.14|2222
2020.06.03 22:30:00|133.14|133.38|132.65|132.67|1890
2020.06.04 16:30:00|131.44|133.42|131.17|132.48|5101
2020.06.04 17:30:00|132.49|132.9|131.88|132|4862
2020.06.04 18:30:00|132|132.16|131.79|132.09|3825
2020.06.04 19:30:00|132.09|132.12|131.22|131.24|2882
2020.06.04 20:30:00|131.23|131.48|130.86|131|2302
2020.06.04 21:30:00|131.01|131.04|130.04|130.28|3656
2020.06.04 22:30:00|130.28|130.56|130.07|130.44|2827
2020.06.05 16:30:00|130.7|132.24|130.62|131.8|5709
2020.06.05 17:30:00|131.81|133.23|131.54|133.13|4340
2020.06.05 18:30:00|133.13|133.38|132.57|132.78|4683
2020.06.05 19:30:00|132.78|133.09|132.4|132.71|3115
2020.06.05 20:30:00|132.72|132.75|132.43|132.61|2771
2020.06.05 21:30:00|132.61|132.71|131.93|132.63|4494
2020.06.05 22:30:00|132.64|132.8|132.07|132.38|2970
2020.06.08 16:30:00|131.47|132.28|131.09|131.68|4517
2020.06.08 17:30:00|131.69|132.18|131.58|132.05|3813
2020.06.08 18:30:00|132.03|132.18|131.1|131.15|2639
2020.06.08 19:30:00|131.16|131.88|131.13|131.47|1644
2020.06.08 20:30:00|131.47|132.25|131.37|132.24|1929
2020.06.08 21:30:00|132.24|132.33|131.3|131.32|2057
2020.06.08 22:30:00|131.33|132.12|131.31|132.09|2017
2020.06.09 16:30:00|131.96|131.97|130.92|131.44|4703
2020.06.09 17:30:00|131.44|132.54|131.44|132.41|3927
2020.06.09 18:30:00|132.41|132.44|131.75|131.77|3203
2020.06.09 19:30:00|131.78|132.35|131.77|132.33|2084
2020.06.09 20:30:00|132.33|132.36|131.88|132.08|2708
2020.06.09 21:30:00|132.06|132.82|132.03|132.69|3053
2020.06.09 22:30:00|132.69|133|132.45|132.78|3330
2020.06.10 16:30:00|133.04|135.02|133.04|133.69|6803
2020.06.10 17:30:00|133.69|134.22|133.15|134.12|4882
2020.06.10 18:30:00|134.11|134.13|133.14|133.8|4085
2020.06.10 19:30:00|133.77|134.31|133.71|134.17|1941
2020.06.10 20:30:00|134.15|134.88|133.64|134.62|3047
2020.06.10 21:30:00|134.63|134.72|133.67|134.63|9159
2020.06.10 22:30:00|134.64|134.68|133.96|133.97|4162
2020.06.11 16:30:00|134.6|134.91|131.43|131.64|6351
2020.06.11 17:30:00|131.65|131.97|131.09|131.22|5404
2020.06.11 18:30:00|131.22|131.35|129.9|130.05|6397
2020.06.11 19:30:00|130.05|130.39|129.29|129.59|7622
2020.06.11 20:30:00|129.6|129.73|128.5|128.82|7298
2020.06.11 21:30:00|128.81|129.14|128.04|128.08|10840
2020.06.11 22:30:00|128.07|128.49|127.46|127.7|6566
2020.06.12 16:30:00|128.99|129.37|128.26|129.11|6330
2020.06.12 17:30:00|129.1|129.24|127.76|128.16|11919
2020.06.12 18:30:00|128.16|129.79|128.05|129.37|11133
2020.06.12 19:30:00|129.37|129.4|128.01|128.17|6582
2020.06.12 20:30:00|128.19|128.35|127.27|127.93|10782
2020.06.12 21:30:00|127.92|128.85|127.7|127.99|8985
2020.06.12 22:30:00|127.99|129.25|127.72|128.91|5466
2020.06.15 16:30:00|127.69|128.01|126.39|127.71|6323
2020.06.15 17:30:00|127.7|128.5|127.44|128.08|7387
2020.06.15 18:30:00|128.09|129.22|128|129.04|6766
2020.06.15 19:30:00|129.05|129.15|128.68|128.81|3971
2020.06.15 20:30:00|128.8|130.54|128.7|130.52|7238
2020.06.15 21:30:00|130.52|130.83|129.87|130.01|7645
2020.06.15 22:30:00|130.01|130.39|129.44|130.39|4464
2020.06.16 16:30:00|132.39|132.91|131.17|132.39|6690
2020.06.16 17:30:00|132.39|132.55|129.97|131.31|6268
2020.06.16 18:30:00|131.34|131.82|130.86|131.38|6486
2020.06.16 19:30:00|131.38|132.2|131.35|132.02|5393
2020.06.16 20:30:00|132.02|132.48|131.68|132.01|7025
2020.06.16 21:30:00|132|132.32|131.01|131.45|7557
2020.06.16 22:30:00|131.45|131.89|130.91|131.48|4913
2020.06.17 16:30:00|131.82|132.91|131.77|132.32|4699
2020.06.17 17:30:00|132.28|132.87|132.02|132.35|5322
2020.06.17 18:30:00|132.35|132.45|132.02|132.12|3010
2020.06.17 19:30:00|132.12|132.84|132.07|132.81|2949
2020.06.17 20:30:00|132.81|132.88|132.41|132.51|2800
2020.06.17 21:30:00|132.51|132.56|131.62|131.7|4636
2020.06.17 22:30:00|131.71|131.82|131.33|131.63|4134
2020.06.18 16:30:00|131.09|131.52|130.57|130.96|3977
2020.06.18 17:30:00|130.96|131.85|130.5|131.78|5360
2020.06.18 18:30:00|131.78|131.98|131.42|131.76|3180
2020.06.18 19:30:00|131.75|132.76|131.63|132.74|3377
2020.06.18 20:30:00|132.75|132.99|132.31|132.41|2801
2020.06.18 21:30:00|132.41|132.59|131.67|132.03|3897
2020.06.18 22:30:00|132.02|132.72|131.95|132.66|2751
2020.06.19 16:30:00|133.48|134.69|133.25|134.35|4294
2020.06.19 17:30:00|134.34|134.34|133.34|133.4|3767
2020.06.19 18:30:00|133.36|133.51|131.9|132.35|5246
2020.06.19 19:30:00|132.33|132.46|131.77|131.88|4024
2020.06.19 20:30:00|131.87|132.03|131.37|131.42|5732
2020.06.19 21:30:00|131.42|132.61|131.23|132.47|5275
2020.06.19 22:30:00|132.49|132.64|131.15|131.15|3768
2020.06.22 16:30:00|130.46|131.63|129.82|131.25|3356
2020.06.22 17:30:00|131.27|131.36|130.61|130.89|2981
2020.06.22 18:30:00|130.88|131.44|130.84|130.88|2501
2020.06.22 19:30:00|130.88|130.96|130.59|130.85|2518
2020.06.22 20:30:00|130.86|131.08|130.66|130.73|2461
2020.06.22 21:30:00|130.72|130.97|130.16|130.25|2591
2020.06.22 22:30:00|130.24|130.95|130.24|130.93|2341
2020.06.23 16:30:00|131.71|132.55|131.53|132.51|3996
2020.06.23 17:30:00|132.49|132.53|131.64|132.31|3398
2020.06.23 18:30:00|132.31|132.39|131.68|131.71|2342
2020.06.23 19:30:00|131.7|132.38|131.67|132.19|1966
2020.06.23 20:30:00|132.2|132.26|131.9|132.07|2504
2020.06.23 21:30:00|132.06|132.13|131.34|131.4|3058
2020.06.23 22:30:00|131.4|131.61|130.83|131.21|2651
2020.06.24 16:30:00|130.44|130.93|129.73|130.01|4724
2020.06.24 17:30:00|130.01|130.23|129.14|129.26|6673
2020.06.24 18:30:00|129.27|129.3|128.64|128.83|6243
2020.06.24 19:30:00|128.82|129.32|128.64|128.9|3542
2020.06.24 20:30:00|128.89|129.42|128.52|129.27|5162
2020.06.24 21:30:00|129.26|129.86|129.07|129.48|7815
2020.06.24 22:30:00|129.48|130.06|129.14|129.43|3940
2020.06.25 16:30:00|128.75|129.37|127.9|129.14|6637
2020.06.25 17:30:00|129.14|130.1|129.12|130.05|5167
2020.06.25 18:30:00|130.04|130.29|129.49|130.19|3545
2020.06.25 19:30:00|130.21|130.52|129.98|130.35|3663
2020.06.25 20:30:00|130.34|130.65|130.26|130.42|3379
2020.06.25 21:30:00|130.4|131.51|130.25|131.38|3626
2020.06.25 22:30:00|131.38|131.56|131.01|131.33|3064
2020.06.26 16:30:00|131.42|132.21|131.08|131.21|5506
2020.06.26 17:30:00|131.2|131.29|130.16|130.23|6065
2020.06.26 18:30:00|130.25|130.59|129.67|130.1|3796
2020.06.26 19:30:00|130.06|130.34|129.82|130.09|3311
2020.06.26 20:30:00|130.1|130.3|129.34|129.46|3132
2020.06.26 21:30:00|129.47|129.6|128.77|128.93|4421
2020.06.26 22:30:00|128.93|129.63|127.93|128.91|4211
2020.06.29 16:30:00|129.6|130.57|129.28|130.28|2496
2020.06.29 17:30:00|130.29|131.27|130.25|131.1|3630
2020.06.29 18:30:00|131.13|131.22|130.72|131.03|3158
2020.06.29 19:30:00|131.04|131.1|130.54|130.61|2052
2020.06.29 20:30:00|130.61|130.85|130.51|130.82|2084
2020.06.29 21:30:00|130.83|130.9|130.37|130.63|3136
2020.06.29 22:30:00|130.63|130.99|130.21|130.99|2581
2020.06.30 16:30:00|131.67|131.91|131.03|131.85|2773
2020.06.30 17:30:00|131.86|132.24|131.74|132.04|3304
2020.06.30 18:30:00|132.04|132.1|131.27|131.43|2405
2020.06.30 19:30:00|131.43|131.69|131|131.09|2012
2020.06.30 20:30:00|131.09|131.1|130.73|131.06|2559
2020.06.30 21:30:00|131.06|131.37|130.72|131.26|2318
2020.06.30 22:30:00|131.26|132.65|131.19|132.28|2864
2020.07.01 16:30:00|132.3|132.96|131.79|132.89|5893
2020.07.01 17:30:00|132.88|133.48|132.26|132.29|4649
2020.07.01 18:30:00|132.28|132.92|132.28|132.91|2835
2020.07.01 19:30:00|132.92|133.16|132.59|133.06|3361
2020.07.01 20:30:00|133.07|133.12|132.68|132.78|3440
2020.07.01 21:30:00|132.79|132.83|132.25|132.45|3134
2020.07.01 22:30:00|132.44|132.53|132.09|132.21|2033
2020.07.02 16:30:00|133.24|134.04|133.07|133.22|3267
2020.07.02 17:30:00|133.22|133.58|132.97|133.45|5009
2020.07.02 18:30:00|133.46|133.72|133.31|133.37|2890
2020.07.02 19:30:00|133.38|133.51|132.95|133.01|2008
2020.07.02 20:30:00|133.02|133.45|133.02|133.44|2091
2020.07.02 21:30:00|133.45|133.62|133.34|133.41|2826
2020.07.02 22:30:00|133.4|133.42|132.4|132.6|2817
2020.07.06 16:30:00|133.24|133.81|132.17|132.47|3448
2020.07.06 17:30:00|132.47|133.16|132.37|132.99|2684
2020.07.06 18:30:00|133|133.43|132.84|133.11|2107
2020.07.06 19:30:00|133.13|133.28|132.8|133.02|1502
2020.07.06 20:30:00|133.01|133.03|132.67|132.75|1722
2020.07.06 21:30:00|132.77|132.98|132.48|132.77|2306
2020.07.06 22:30:00|132.8|133.46|132.62|133.06|1746
2020.07.07 16:30:00|132.41|133.72|132.35|133.29|3745
2020.07.07 17:30:00|133.3|133.38|132.8|133.36|2872
2020.07.07 18:30:00|133.38|133.73|133.02|133.24|1924
2020.07.07 19:30:00|133.23|133.71|132.91|133.67|1742
2020.07.07 20:30:00|133.68|134.18|133.55|134.12|2273
2020.07.07 21:30:00|134.12|134.49|133.73|134.42|3629
2020.07.07 22:30:00|134.41|134.45|133.04|133.44|2954
2020.07.08 16:30:00|133.28|134.56|133.17|134.42|3244
2020.07.08 17:30:00|134.43|134.5|133.03|133.41|3485
2020.07.08 18:30:00|133.37|133.81|133.24|133.76|3065
2020.07.08 19:30:00|133.74|133.96|133.47|133.65|2157
2020.07.08 20:30:00|133.66|134.06|133.46|133.67|2626
2020.07.08 21:30:00|133.68|133.96|133.38|133.73|3177
2020.07.08 22:30:00|133.73|134.16|133.71|134.07|2403
2020.07.09 16:30:00|133.3|133.78|132.64|133.04|4018
2020.07.09 17:30:00|133.05|133.25|131.59|132.04|6329
2020.07.09 18:30:00|132.05|132.71|131.88|132.66|4267
2020.07.09 19:30:00|132.66|133.1|132.51|132.65|2929
2020.07.09 20:30:00|132.67|133.24|132.59|133.17|2385
2020.07.09 21:30:00|133.16|133.16|132.58|132.62|3660
2020.07.09 22:30:00|132.61|133.14|132.16|132.52|3483
2020.07.10 16:30:00|132|132.69|131.15|132.5|5416
2020.07.10 17:30:00|132.5|132.81|132.18|132.39|3742
2020.07.10 18:30:00|132.4|133.04|132.36|132.78|2583
2020.07.10 19:30:00|132.77|133.37|132.68|133.37|2000
2020.07.10 20:30:00|133.35|134.06|133.29|133.57|2441
2020.07.10 21:30:00|133.58|134.11|133.58|134.03|2078
2020.07.10 22:30:00|134.04|134.49|133.98|134.29|2189
2020.07.13 16:30:00|135.98|136.99|134.34|136.83|5019
2020.07.13 17:30:00|136.83|137.94|136.78|137.32|3331
2020.07.13 18:30:00|137.3|137.56|136.71|137.13|2604
2020.07.13 19:30:00|137.13|137.41|136.56|136.74|2886
2020.07.13 20:30:00|136.75|136.83|136.08|136.41|3853
2020.07.13 21:30:00|136.41|136.99|135.74|135.76|4836
2020.07.13 22:30:00|135.76|135.94|134.38|134.66|4623
2020.07.14 16:30:00|134.7|136.25|134.1|136.25|4336
2020.07.14 17:30:00|136.26|136.77|136.02|136.17|4036
2020.07.14 18:30:00|136.15|136.55|135.61|135.9|3254
2020.07.14 19:30:00|135.92|136.18|135.28|136.08|4129
2020.07.14 20:30:00|136.07|136.45|135.2|135.22|5560
2020.07.14 21:30:00|135.23|135.5|134.3|134.88|6108
2020.07.14 22:30:00|134.89|135.69|134.87|135.3|3065
2020.07.15 16:30:00|135.52|135.82|134.5|135.81|3922
2020.07.15 17:30:00|135.81|135.98|135.28|135.86|4038
2020.07.15 18:30:00|135.85|135.93|134.59|134.71|4718
2020.07.15 19:30:00|134.69|134.81|134.3|134.5|2888
2020.07.15 20:30:00|134.49|134.75|133.99|134.08|3500
2020.07.15 21:30:00|134.07|134.21|133.11|133.67|3411
2020.07.15 22:30:00|133.67|134.08|133.17|133.51|2708
2020.07.16 16:30:00|133.86|134.07|133.14|133.6|3826
2020.07.16 17:30:00|133.6|134.19|133.53|133.8|4133
2020.07.16 18:30:00|133.8|134.23|133.49|133.89|3855
2020.07.16 19:30:00|133.89|134.21|133.74|133.93|2618
2020.07.16 20:30:00|133.93|133.96|133.23|133.28|2549
2020.07.16 21:30:00|133.28|133.49|132.9|133.47|3871
2020.07.16 22:30:00|133.47|133.75|133.36|133.73|2272
2020.07.17 16:30:00|133.68|134.28|133.41|134.02|3039
2020.07.17 17:30:00|134|134.69|133.87|134.49|2530
2020.07.17 18:30:00|134.48|134.8|134.08|134.6|1835
2020.07.17 19:30:00|134.6|134.67|134.26|134.46|1570
2020.07.17 20:30:00|134.47|134.82|134.21|134.8|1508
2020.07.17 21:30:00|134.82|134.83|134.28|134.66|1989
2020.07.17 22:30:00|134.67|134.93|134.34|134.5|1788
2020.07.20 16:30:00|134.21|134.35|132.3|132.36|3420
2020.07.20 17:30:00|132.37|132.66|132.1|132.61|3293
2020.07.20 18:30:00|132.63|132.66|132.04|132.59|2397
2020.07.20 19:30:00|132.6|132.84|132.52|132.54|1826
2020.07.20 20:30:00|132.54|133.11|132.4|132.79|1726
2020.07.20 21:30:00|132.79|133.21|132.76|133.14|2085
2020.07.20 22:30:00|133.13|133.56|132.95|132.97|1891
2020.07.21 16:30:00|133.74|135.91|133.64|135|5542
2020.07.21 17:30:00|134.97|136.26|134.9|135.22|4333
2020.07.21 18:30:00|135.21|135.31|134.45|135.04|4028
2020.07.21 19:30:00|135.03|135.24|134.78|135|2898
2020.07.21 20:30:00|135|135.29|134.6|134.77|2493
2020.07.21 21:30:00|134.77|134.88|133.92|134|3910
2020.07.21 22:30:00|134.02|134.38|133.76|134.29|3345
2020.07.22 16:30:00|135.04|135.12|133.51|134.14|3048
2020.07.22 17:30:00|134.15|134.61|134.01|134.43|3141
2020.07.22 18:30:00|134.46|135.25|134.39|135.17|1461
2020.07.22 19:30:00|135.18|135.56|134.91|135.23|1458
2020.07.22 20:30:00|135.22|135.39|134.95|135.39|1810
2020.07.22 21:30:00|135.37|135.61|135.15|135.36|1915
2020.07.22 22:30:00|135.35|136.03|135.25|135.84|1632
2020.07.23 16:30:00|136.33|137.06|136.01|136.35|2370
2020.07.23 17:30:00|136.37|136.48|135.89|136.31|1679
2020.07.23 18:30:00|136.31|136.57|135.88|136.01|1666
2020.07.23 19:30:00|136.01|136.42|135.67|135.8|3099
2020.07.23 20:30:00|135.79|135.93|135.33|135.83|5676
2020.07.23 21:30:00|135.83|136.13|135.45|136.03|5855
2020.07.23 22:30:00|136.04|137.11|135.89|136.96|3109
2020.07.24 16:30:00|137.52|138.49|136.81|137.14|3470
2020.07.24 17:30:00|137.15|137.15|136.18|136.36|2609
2020.07.24 18:30:00|136.35|136.55|135.97|136.43|2774
2020.07.24 19:30:00|136.43|136.51|135.48|135.76|3176
2020.07.24 20:30:00|135.75|136.12|135.57|136.12|2792
2020.07.24 21:30:00|136.11|136.13|135.39|135.46|2788
2020.07.24 22:30:00|135.46|136.02|135.24|135.94|1817
2020.07.27 16:30:00|135.1|136.8|135.1|136.5|2334
2020.07.27 17:30:00|136.54|136.76|136.39|136.75|2040
2020.07.27 18:30:00|136.75|136.98|136.44|136.64|2096
2020.07.27 19:30:00|136.65|136.75|136.46|136.63|1152
2020.07.27 20:30:00|136.65|137|136.53|136.95|1048
2020.07.27 21:30:00|136.97|137.54|136.95|137.33|1713
2020.07.27 22:30:00|137.32|137.62|137.29|137.58|1379
2020.07.28 16:30:00|137.94|138.45|137.18|138.32|2238
2020.07.28 17:30:00|138.34|138.34|137.41|137.57|2125
2020.07.28 18:30:00|137.6|137.9|137.47|137.54|1301
2020.07.28 19:30:00|137.51|137.78|137.47|137.75|929
2020.07.28 20:30:00|137.74|138.05|137.74|137.94|1086
2020.07.28 21:30:00|137.95|138.16|137.58|137.61|3000
2020.07.28 22:30:00|137.61|137.8|136.97|137.25|2938
2020.07.29 16:30:00|137.2|138.5|136.9|138.34|2205
2020.07.29 17:30:00|138.34|138.85|138.1|138.46|1918
2020.07.29 18:30:00|138.47|138.71|138.02|138.38|2269
2020.07.29 19:30:00|138.39|138.44|137.58|137.67|2183
2020.07.29 20:30:00|137.68|137.87|137.46|137.65|1461
2020.07.29 21:30:00|137.66|138.03|137.34|137.85|2441
2020.07.29 22:30:00|137.84|138.15|137.47|137.78|1826
2020.07.30 16:30:00|137.19|137.28|136.34|137.2|3952
2020.07.30 17:30:00|137.16|137.47|136.37|136.71|2117
2020.07.30 18:30:00|136.72|137.78|136.67|137.72|2860
2020.07.30 19:30:00|137.73|138.07|137.6|137.61|1962
2020.07.30 20:30:00|137.62|137.62|137.03|137.25|2402
2020.07.30 21:30:00|137.27|137.54|137.08|137.38|3014
2020.07.30 22:30:00|137.37|137.6|137.11|137.53|1333
2020.07.31 16:30:00|136.86|137.19|136.13|136.76|3960
2020.07.31 17:30:00|136.75|136.88|135.93|136.56|4188
2020.07.31 18:30:00|136.59|136.61|135.41|135.68|4995
2020.07.31 19:30:00|135.68|135.69|135.04|135.4|3958
2020.07.31 20:30:00|135.4|135.84|135.12|135.33|2882
2020.07.31 21:30:00|135.32|136.51|135.3|136.49|4103
2020.07.31 22:30:00|136.48|137.54|136.44|137.53|2252
2020.08.03 16:30:00|137.17|137.24|135.87|136.75|4577
2020.08.03 17:30:00|136.76|137.08|136.37|136.39|4580
2020.08.03 18:30:00|136.4|136.83|136.26|136.3|2965
2020.08.03 19:30:00|136.29|136.6|136.17|136.55|2106
2020.08.03 20:30:00|136.56|136.99|136.49|136.77|2093
2020.08.03 21:30:00|136.77|136.83|136.4|136.49|1885
2020.08.03 22:30:00|136.49|136.72|136.27|136.54|2326
2020.08.04 16:30:00|135.99|136.71|135.87|136.54|2704
2020.08.04 17:30:00|136.55|137.45|136.32|137.26|2044
2020.08.04 18:30:00|137.28|137.36|136.98|137.19|2043
2020.08.04 19:30:00|137.19|137.23|136.88|137.16|1728
2020.08.04 20:30:00|137.17|137.24|136.81|137.14|1216
2020.08.04 21:30:00|137.13|137.26|136.92|137.02|1820
2020.08.04 22:30:00|137.01|137.32|136.86|137.32|1194
2020.08.05 16:30:00|137.58|137.89|136.5|137.11|2555
2020.08.05 17:30:00|137.12|137.2|136.28|136.43|1873
2020.08.05 18:30:00|136.44|136.78|136.3|136.41|1664
2020.08.05 19:30:00|136.41|136.58|136.27|136.36|1186
2020.08.05 20:30:00|136.37|136.43|135.97|136.01|834
2020.08.05 21:30:00|136|136.1|135.63|136.01|1286
2020.08.05 22:30:00|136.01|136.22|135.84|136.1|1147
2020.08.06 16:30:00|135.27|136.13|135.15|136.04|2545
2020.08.06 17:30:00|136.04|136.07|135.3|135.3|1828
2020.08.06 18:30:00|135.3|135.75|135.25|135.63|1416
2020.08.06 19:30:00|135.63|135.77|135.52|135.63|1065
2020.08.06 20:30:00|135.63|135.93|135.56|135.87|1392
2020.08.06 21:30:00|135.88|136.12|135.65|135.73|2046
2020.08.06 22:30:00|135.75|135.84|135.58|135.74|899
2020.08.07 16:30:00|135.63|136.01|135.27|135.58|2497
2020.08.07 17:30:00|135.6|135.77|135.23|135.6|1744
2020.08.07 18:30:00|135.6|136.08|135.56|135.94|1240
2020.08.07 19:30:00|135.96|136.52|135.96|136.32|1422
2020.08.07 20:30:00|136.32|136.49|136.05|136.43|1503
2020.08.07 21:30:00|136.4|136.61|136.13|136.18|1828
2020.08.07 22:30:00|136.19|136.61|136.11|136.6|1554
2020.08.10 16:30:00|136.59|136.66|135.72|136.33|2859
2020.08.10 17:30:00|136.31|136.31|135.28|135.28|3423
2020.08.10 18:30:00|135.3|135.84|135.24|135.39|2572
2020.08.10 19:30:00|135.38|135.87|135.37|135.87|2314
2020.08.10 20:30:00|135.88|136.06|135.75|135.94|1953
2020.08.10 21:30:00|135.93|136.23|135.54|135.65|2560
2020.08.10 22:30:00|135.66|136.02|135.6|135.85|2178
2020.08.11 16:30:00|136.85|137.26|135.68|136.15|3466
2020.08.11 17:30:00|136.15|136.57|135.93|136.29|2193
2020.08.11 18:30:00|136.31|136.44|135.92|135.92|2307
2020.08.11 19:30:00|135.92|136.17|135.89|136.08|1735
2020.08.11 20:30:00|136.08|136.11|135.52|135.59|2320
2020.08.11 21:30:00|135.59|135.73|134.89|135.18|5776
2020.08.11 22:30:00|135.18|135.23|134.47|135.03|4464
2020.08.12 16:30:00|135.6|137.29|135.54|137.27|2756
2020.08.12 17:30:00|137.27|137.72|137.22|137.46|2633
2020.08.12 18:30:00|137.46|138.07|137.16|138.05|2299
2020.08.12 19:30:00|138.06|138.22|137.92|137.97|1446
2020.08.12 20:30:00|137.98|138.54|137.89|138.31|1630
2020.08.12 21:30:00|138.31|138.49|138.28|138.33|1605
2020.08.12 22:30:00|138.33|138.34|137.59|137.59|2018
2020.08.13 16:30:00|137.48|138.07|137.17|138.05|2640
2020.08.13 17:30:00|138.03|138.48|137.7|138.47|1876
2020.08.13 18:30:00|138.44|138.47|138.01|138.24|1547
2020.08.13 19:30:00|138.25|138.35|138.02|138.13|1083
2020.08.13 20:30:00|138.14|138.34|137.54|137.7|1857
2020.08.13 21:30:00|137.71|138.05|137.45|138.02|4041
2020.08.13 22:30:00|138.02|138.03|137.68|137.95|2145
2020.08.14 16:30:00|137.6|137.81|137.33|137.53|2281
2020.08.14 17:30:00|137.54|138.02|137.54|137.92|1981
2020.08.14 18:30:00|137.91|138.01|137.62|137.71|2033
2020.08.14 19:30:00|137.72|137.8|137.58|137.67|1441
2020.08.14 20:30:00|137.68|137.78|137.44|137.55|1634
2020.08.14 21:30:00|137.55|137.68|137.32|137.36|2168
2020.08.14 22:30:00|137.37|137.5|137.06|137.31|2164
2020.08.17 16:30:00|137.48|138.09|136.92|138.08|2230
2020.08.17 17:30:00|138.12|138.7|138.06|138.65|968
2020.08.17 18:30:00|138.67|138.73|138.21|138.23|611
2020.08.17 19:30:00|138.23|138.45|138.01|138.34|906
2020.08.17 20:30:00|138.35|138.38|137.75|137.76|581
2020.08.17 21:30:00|137.76|137.81|137.58|137.66|658
2020.08.17 22:30:00|137.66|137.84|137.53|137.77|1213
2020.08.18 16:30:00|138.27|138.31|136.95|136.98|2533
2020.08.18 17:30:00|136.98|137.56|136.91|137.38|2111
2020.08.18 18:30:00|137.4|137.97|137.37|137.92|1469
2020.08.18 19:30:00|137.93|138.17|137.81|137.91|1032
2020.08.18 20:30:00|137.92|138.08|137.82|137.97|931
2020.08.18 21:30:00|137.96|138.14|137.82|138.05|1680
2020.08.18 22:30:00|138.04|138.12|137.76|137.98|1587
2020.08.19 16:30:00|138.39|138.55|137.61|138.26|2545
2020.08.19 17:30:00|138.26|138.65|137.57|137.66|1626
2020.08.19 18:30:00|137.66|137.7|136.96|137.06|1459
2020.08.19 19:30:00|137.05|137.08|136.79|136.84|578
2020.08.19 20:30:00|136.84|137.02|136.18|136.26|1693
2020.08.19 21:30:00|136.25|136.71|136.13|136.21|2263
2020.08.19 22:30:00|136.21|136.46|135.93|136.38|1759
2020.08.20 16:30:00|135.84|136.32|135.71|136.32|3495
2020.08.20 17:30:00|136.32|136.55|135.98|136.55|1947
2020.08.20 18:30:00|136.54|137.01|136.43|136.94|1003
2020.08.20 19:30:00|136.94|136.98|136.22|136.22|996
2020.08.20 20:30:00|136.23|136.34|135.91|136.19|1487
2020.08.20 21:30:00|136.2|136.47|136.08|136.35|1012
2020.08.20 22:30:00|136.35|136.71|136.29|136.58|1612
2020.08.21 16:30:00|136.13|136.3|135.38|135.57|3190
2020.08.21 17:30:00|135.56|135.73|135.11|135.5|1480
2020.08.21 18:30:00|135.52|135.95|135.51|135.77|1238
2020.08.21 19:30:00|135.76|136.23|135.66|136.19|1017
2020.08.21 20:30:00|136.17|136.25|135.9|136.02|865
2020.08.21 21:30:00|136.02|136.39|135.95|136.33|1759
2020.08.21 22:30:00|136.32|136.53|136.03|136.33|1690
2020.08.24 16:30:00|136.37|136.93|135.97|136.71|3611
2020.08.24 17:30:00|136.71|137.34|136.61|137.25|2687
2020.08.24 18:30:00|137.22|137.39|136.4|136.73|1535
2020.08.24 19:30:00|136.71|137.14|136.69|137.11|1399
2020.08.24 20:30:00|137.1|137.44|137.09|137.44|1215
2020.08.24 21:30:00|137.44|137.46|137.05|137.42|1736
2020.08.24 22:30:00|137.41|137.53|137.28|137.51|1007
2020.08.25 16:30:00|137.76|137.76|136.59|136.86|2512
2020.08.25 17:30:00|136.86|136.89|136.57|136.85|1917
2020.08.25 18:30:00|136.88|137|136.8|136.81|1139
2020.08.25 19:30:00|136.8|137.05|136.78|136.83|678
2020.08.25 20:30:00|136.83|137.11|136.71|136.89|866
2020.08.25 21:30:00|136.89|137.19|136.88|137.17|719
2020.08.25 22:30:00|137.15|137.23|137.06|137.14|590
2020.08.26 16:30:00|136.63|137.32|136.24|136.7|2290
2020.08.26 17:30:00|136.7|136.74|136.32|136.65|2062
2020.08.26 18:30:00|136.65|137.56|136.64|137.49|1871
2020.08.26 19:30:00|137.49|137.83|137.38|137.64|1765
2020.08.26 20:30:00|137.64|138.09|137.58|138.07|1544
2020.08.26 21:30:00|138.08|138.49|137.89|138.48|2805
2020.08.26 22:30:00|138.45|138.48|138.1|138.31|1611
2020.08.27 16:30:00|138.64|139.78|138.64|139.21|3588
2020.08.27 17:30:00|139.21|139.46|137.8|138.37|2761
2020.08.27 18:30:00|138.36|138.77|137.86|137.86|3005
2020.08.27 19:30:00|137.86|138.25|137.75|138.24|3695
2020.08.27 20:30:00|138.25|138.38|137.97|138.27|2111
2020.08.27 21:30:00|138.28|138.38|137.89|137.97|2321
2020.08.27 22:30:00|137.98|138.33|137.94|138.18|2410
2020.08.28 16:30:00|137.97|138.15|137.11|137.6|3056
2020.08.28 17:30:00|137.58|138.27|137.48|138.08|2418
2020.08.28 18:30:00|138.09|138.45|137.89|138.45|1385
2020.08.28 19:30:00|138.45|138.83|138.44|138.59|1635
2020.08.28 20:30:00|138.59|139.1|138.47|139.06|1466
2020.08.28 21:30:00|139.07|139.55|138.89|139.35|1531
2020.08.28 22:30:00|139.35|139.81|139.27|139.79|1170
2020.08.31 16:30:00|139.4|140.88|139.19|140.03|2901
2020.08.31 17:30:00|140.03|140.35|139.5|139.79|2184
2020.08.31 18:30:00|139.78|140.17|139.74|140.1|1226
2020.08.31 19:30:00|140.1|140.36|140.01|140.15|1132
2020.08.31 20:30:00|140.14|140.15|139.58|139.6|904
2020.08.31 21:30:00|139.59|140.06|139.57|139.99|1134
2020.08.31 22:30:00|140|140.31|139.94|140.01|1371
2020.09.01 16:30:00|139.73|139.92|138.91|139.13|3322
2020.09.01 17:30:00|139.13|139.39|139.02|139.33|2461
2020.09.01 18:30:00|139.35|139.35|138.79|138.82|1354
2020.09.01 19:30:00|138.82|138.96|138.47|138.47|1403
2020.09.01 20:30:00|138.47|138.7|138.37|138.64|1133
2020.09.01 21:30:00|138.64|139.06|138.55|138.71|1337
2020.09.01 22:30:00|138.71|139.13|138.68|139.09|1223
2020.09.02 16:30:00|139.53|142.17|139.49|141.2|4484
2020.09.02 17:30:00|141.21|142.26|141.11|142.17|2686
2020.09.02 18:30:00|142.18|142.37|142.04|142.2|2341
2020.09.02 19:30:00|142.2|142.31|141.99|142.18|1585
2020.09.02 20:30:00|142.16|142.66|142.12|142.62|1726
2020.09.02 21:30:00|142.61|143.1|142.36|143.08|1730
2020.09.02 22:30:00|143.08|143.69|143.04|143.14|2177
2020.09.03 16:30:00|142.56|143.89|142.51|142.86|4214
2020.09.03 17:30:00|142.86|142.94|140.76|141.17|4646
2020.09.03 18:30:00|141.22|141.39|140.03|140.19|4198
2020.09.03 19:30:00|140.2|140.34|138.89|139.58|4848
2020.09.03 20:30:00|139.58|139.58|138.37|138.96|4436
2020.09.03 21:30:00|138.96|139.59|138.11|138.11|5417
2020.09.03 22:30:00|138.11|139.42|137.96|139.29|4466
2020.09.04 16:30:00|139.75|140.12|138.58|138.66|7511
2020.09.04 17:30:00|138.66|139.15|137.12|137.41|5513
2020.09.04 18:30:00|137.43|138.15|136.8|137.32|4684
2020.09.04 19:30:00|137.32|138|137.19|137.35|3730
2020.09.04 20:30:00|137.35|138.23|136.97|138.15|3705
2020.09.04 21:30:00|138.16|139.12|137.98|138.75|4703
2020.09.04 22:30:00|138.75|138.88|137.99|138.66|4432
2020.09.08 16:30:00|138.16|138.29|135.01|136.22|6549
2020.09.08 17:30:00|136.22|136.25|134.78|135.03|5402
2020.09.08 18:30:00|135.03|135.36|134.26|134.99|4146
2020.09.08 19:30:00|134.99|135.83|134.89|135.73|2717
2020.09.08 20:30:00|135.73|136.1|135.44|135.68|2303
2020.09.08 21:30:00|135.69|135.69|134.62|135.3|4460
2020.09.08 22:30:00|135.31|135.59|134.99|135.38|3433
2020.09.09 16:30:00|135.82|137.33|135.82|137.07|5208
2020.09.09 17:30:00|137.05|137.31|136.22|136.88|2714
