2020.03.20 11:00:00|10.38|10.52|10.3|10.52|219
2020.03.20 12:00:00|10.53|10.61|10.26|10.36|274
2020.03.20 13:00:00|10.35|10.38|10.11|10.36|150
2020.03.20 14:00:00|10.36|10.55|10.3|10.46|195
2020.03.20 15:00:00|10.45|10.68|10.44|10.56|271
2020.03.20 16:00:00|10.55|10.8|10.49|10.78|482
2020.03.20 17:00:00|10.78|10.92|10.68|10.89|467
2020.03.20 18:00:00|10.9|10.94|10.8|10.84|196
2020.03.23 10:00:00|10.48|10.65|10.29|10.32|318
2020.03.23 11:00:00|10.33|10.45|10.32|10.36|349
2020.03.23 12:00:00|10.35|10.44|10.29|10.39|226
2020.03.23 13:00:00|10.38|10.46|10.3|10.34|181
2020.03.23 14:00:00|10.35|10.8|10.34|10.76|374
2020.03.23 15:00:00|10.75|10.9|10.56|10.66|239
2020.03.23 16:00:00|10.67|10.91|10.54|10.72|250
2020.03.23 17:00:00|10.74|11.01|10.65|11|341
2020.03.23 18:00:00|11.01|11.12|10.76|10.76|202
2020.03.24 10:00:00|11.62|11.62|11.16|11.29|199
2020.03.24 11:00:00|11.3|11.41|11.24|11.33|221
2020.03.24 12:00:00|11.33|11.35|11.12|11.17|215
2020.03.24 13:00:00|11.19|11.28|11.08|11.2|171
2020.03.24 14:00:00|11.2|11.5|11.18|11.45|226
2020.03.24 15:00:00|11.44|11.58|11.37|11.51|276
2020.03.24 16:00:00|11.5|11.55|11.36|11.38|301
2020.03.24 17:00:00|11.37|11.49|11.34|11.49|277
2020.03.24 18:00:00|11.51|11.66|11.51|11.66|108
2020.03.25 10:00:00|12.74|13.04|12.14|12.96|239
2020.03.25 11:00:00|12.98|13.29|12.75|12.87|263
2020.03.25 12:00:00|12.83|12.84|11.66|11.73|199
2020.03.25 13:00:00|11.72|12|11.66|11.92|201
2020.03.25 14:00:00|11.93|11.96|11.77|11.88|183
2020.03.25 15:00:00|11.87|12.22|11.75|11.85|159
2020.03.25 16:00:00|11.83|12.08|11.79|12.01|205
2020.03.25 17:00:00|12.01|12.02|11.82|11.93|212
2020.03.25 18:00:00|11.91|12.16|11.9|12.16|79
2020.03.26 10:00:00|11.71|12.19|11.71|12.19|203
2020.03.26 11:00:00|12.16|12.26|12.02|12.18|168
2020.03.26 12:00:00|12.22|12.22|12.05|12.17|163
2020.03.26 13:00:00|12.15|12.28|11.95|12.01|230
2020.03.26 14:00:00|12.02|12.07|11.84|11.92|265
2020.03.26 15:00:00|11.91|12.24|11.88|12.17|239
2020.03.26 16:00:00|12.18|12.39|12.05|12.12|297
2020.03.26 17:00:00|12.12|12.39|12.07|12.37|281
2020.03.26 18:00:00|12.38|12.56|12.34|12.52|148
2020.03.27 10:00:00|12.15|12.39|12.08|12.1|272
2020.03.27 11:00:00|12.11|12.16|11.93|11.99|241
2020.03.27 12:00:00|11.98|12.03|11.82|11.84|229
2020.03.27 13:00:00|11.85|11.99|11.82|11.83|160
2020.03.27 14:00:00|11.86|12.06|11.77|12|141
2020.03.27 15:00:00|12.05|12.1|11.95|12.03|163
2020.03.27 16:00:00|12.02|12.09|11.8|11.84|193
2020.03.27 17:00:00|11.82|12.16|11.81|12.14|204
2020.03.27 18:00:00|12.14|12.14|11.99|12.06|94
2020.03.30 10:00:00|12.09|12.13|11.48|11.49|205
2020.03.30 11:00:00|11.48|11.9|11.46|11.83|180
2020.03.30 12:00:00|11.8|12.1|11.66|11.69|255
2020.03.30 13:00:00|11.68|11.8|11.61|11.75|187
2020.03.30 14:00:00|11.76|11.83|11.64|11.67|148
2020.03.30 15:00:00|11.66|11.83|11.63|11.8|165
2020.03.30 16:00:00|11.78|11.92|11.51|11.53|214
2020.03.30 17:00:00|11.54|11.72|11.52|11.69|191
2020.03.30 18:00:00|11.67|11.79|11.65|11.75|78
2020.03.31 10:00:00|12.01|12.1|11.81|12.1|165
2020.03.31 11:00:00|12.11|12.21|12.03|12.08|173
2020.03.31 12:00:00|12.09|12.13|11.96|11.96|131
2020.03.31 13:00:00|11.95|11.99|11.83|11.88|216
2020.03.31 14:00:00|11.9|12.01|11.78|11.88|185
2020.03.31 15:00:00|11.86|12.02|11.78|12|197
2020.03.31 16:00:00|11.99|12.07|11.88|11.88|208
2020.03.31 17:00:00|11.86|12.16|11.86|12.08|197
2020.03.31 18:00:00|12.07|12.12|12.02|12.11|96
2020.04.01 10:00:00|11.81|11.9|11.59|11.85|313
2020.04.01 11:00:00|11.86|11.99|11.79|11.91|200
2020.04.01 12:00:00|11.93|11.93|11.67|11.76|175
2020.04.01 13:00:00|11.77|11.89|11.67|11.71|175
2020.04.01 14:00:00|11.72|11.72|11.55|11.58|190
2020.04.01 15:00:00|11.58|11.68|11.55|11.56|232
2020.04.01 16:00:00|11.55|11.58|11.37|11.39|196
2020.04.01 17:00:00|11.41|11.45|11.3|11.42|160
2020.04.01 18:00:00|11.41|11.51|11.29|11.29|101
2020.04.02 10:00:00|11.35|11.85|11.29|11.33|287
2020.04.02 11:00:00|11.34|11.77|11.34|11.64|197
2020.04.02 12:00:00|11.65|11.67|11.5|11.64|135
2020.04.02 13:00:00|11.64|11.73|11.56|11.68|180
2020.04.02 14:00:00|11.66|11.73|11.56|11.68|129
2020.04.02 15:00:00|11.68|11.76|11.48|11.49|178
2020.04.02 16:00:00|11.48|11.63|11.33|11.63|182
2020.04.02 17:00:00|11.68|11.98|11.6|11.95|229
2020.04.02 18:00:00|11.94|11.98|11.78|11.81|104
2020.04.03 10:00:00|11.92|12.11|11.72|12.03|150
2020.04.03 11:00:00|12.02|12.06|11.77|11.85|124
2020.04.03 12:00:00|11.84|11.98|11.81|11.87|101
2020.04.03 13:00:00|11.89|12.04|11.87|11.96|154
2020.04.03 14:00:00|11.94|12.02|11.91|11.97|87
2020.04.03 15:00:00|11.96|11.98|11.85|11.91|104
2020.04.03 16:00:00|11.93|12.02|11.88|11.92|142
2020.04.03 17:00:00|11.96|11.97|11.83|11.91|144
2020.04.03 18:00:00|11.91|11.94|11.76|11.79|67
2020.04.06 10:00:00|12.64|13.21|12.38|12.59|370
2020.04.06 11:00:00|12.6|12.82|12.43|12.8|249
2020.04.06 12:00:00|12.78|12.88|12.69|12.71|199
2020.04.06 13:00:00|12.7|12.75|12.52|12.67|148
2020.04.06 14:00:00|12.66|12.74|12.5|12.53|150
2020.04.06 15:00:00|12.52|12.55|12.44|12.49|136
2020.04.06 16:00:00|12.48|12.64|12.45|12.62|153
2020.04.06 17:00:00|12.63|12.79|12.55|12.69|238
2020.04.06 18:00:00|12.7|12.9|12.7|12.88|155
2020.04.07 10:00:00|13.72|14.19|13.46|14.07|373
2020.04.07 11:00:00|14.08|14.14|13.83|13.86|247
2020.04.07 12:00:00|13.9|14.06|13.85|13.92|211
2020.04.07 13:00:00|13.92|13.96|13.75|13.86|194
2020.04.07 14:00:00|13.87|13.95|13.81|13.81|153
2020.04.07 15:00:00|13.79|13.96|13.79|13.81|205
2020.04.07 16:00:00|13.82|13.98|13.75|13.92|202
2020.04.07 17:00:00|13.93|13.93|13.47|13.55|332
2020.04.07 18:00:00|13.54|13.81|13.53|13.73|158
2020.04.08 10:00:00|13.66|13.68|13.1|13.35|244
2020.04.08 11:00:00|13.33|13.44|13.23|13.33|167
2020.04.08 12:00:00|13.38|13.39|13.25|13.26|154
2020.04.08 13:00:00|13.27|13.32|13.07|13.13|148
2020.04.08 14:00:00|13.12|13.19|13.09|13.15|154
2020.04.08 15:00:00|13.14|13.41|13.14|13.38|186
2020.04.08 16:00:00|13.38|13.44|13.18|13.18|218
2020.04.08 17:00:00|13.17|13.26|13.12|13.21|243
2020.04.08 18:00:00|13.2|13.36|13.18|13.33|92
2020.04.09 10:00:00|13.72|13.81|13.47|13.55|289
2020.04.09 11:00:00|13.55|13.6|13.13|13.13|165
2020.04.09 12:00:00|13.14|13.34|12.98|13.05|204
2020.04.09 13:00:00|13.05|13.17|12.91|13.17|144
2020.04.09 14:00:00|13.17|13.33|13.12|13.32|246
2020.04.09 15:00:00|13.26|13.4|13.2|13.38|157
2020.04.09 16:00:00|13.39|13.6|13.35|13.56|209
2020.04.09 17:00:00|13.55|13.55|13.31|13.44|270
2020.04.09 18:00:00|13.43|13.44|13.29|13.35|119
2020.04.14 10:00:00|13.64|13.65|13.09|13.19|205
2020.04.14 11:00:00|13.21|13.34|13.16|13.23|135
2020.04.14 12:00:00|13.19|13.25|12.87|12.92|196
2020.04.14 13:00:00|12.91|12.92|12.3|12.49|310
2020.04.14 14:00:00|12.47|12.66|12.41|12.57|220
2020.04.14 15:00:00|12.57|12.95|12.57|12.85|239
2020.04.14 16:00:00|12.8|12.98|12.71|12.76|253
2020.04.14 17:00:00|12.78|12.8|12.65|12.65|224
2020.04.14 18:00:00|12.66|12.66|12.46|12.53|138
2020.04.15 10:00:00|12.5|12.65|12.13|12.15|203
2020.04.15 11:00:00|12.12|12.28|12.11|12.26|174
2020.04.15 12:00:00|12.25|12.26|12.1|12.16|142
2020.04.15 13:00:00|12.15|12.19|12.1|12.15|114
2020.04.15 14:00:00|12.13|12.21|12.11|12.11|84
2020.04.15 15:00:00|12.1|12.12|11.94|11.96|126
2020.04.15 16:00:00|11.95|12.07|11.93|12.03|163
2020.04.15 17:00:00|12.03|12.04|11.88|11.88|152
2020.04.15 18:00:00|11.88|11.88|11.71|11.75|130
2020.04.16 10:00:00|11.79|12.09|11.64|11.89|254
2020.04.16 11:00:00|11.87|11.96|11.77|11.77|187
2020.04.16 12:00:00|11.76|11.76|11.59|11.63|143
2020.04.16 13:00:00|11.63|11.64|11.5|11.51|164
2020.04.16 14:00:00|11.52|11.55|11.44|11.51|128
2020.04.16 15:00:00|11.52|11.55|11.45|11.47|98
2020.04.16 16:00:00|11.46|11.51|11.19|11.23|159
2020.04.16 17:00:00|11.23|11.31|11.16|11.25|166
2020.04.16 18:00:00|11.26|11.37|11.23|11.26|79
2020.04.17 10:00:00|11.67|11.71|11.41|11.51|232
2020.04.17 11:00:00|11.58|11.71|11.54|11.59|146
2020.04.17 12:00:00|11.58|11.67|11.52|11.53|125
2020.04.17 13:00:00|11.54|11.78|11.47|11.78|165
2020.04.17 14:00:00|11.82|11.83|11.63|11.64|162
2020.04.17 15:00:00|11.63|11.7|11.55|11.6|139
2020.04.17 16:00:00|11.6|11.63|11.51|11.52|157
2020.04.17 17:00:00|11.52|11.56|11.35|11.42|183
2020.04.17 18:00:00|11.41|11.63|11.41|11.61|108
2020.04.20 10:00:00|11.67|11.85|11.57|11.73|228
2020.04.20 11:00:00|11.72|11.83|11.62|11.79|147
2020.04.20 12:00:00|11.76|11.9|11.76|11.85|116
2020.04.20 13:00:00|11.87|11.87|11.66|11.67|154
2020.04.20 14:00:00|11.66|11.77|11.57|11.61|156
2020.04.20 15:00:00|11.6|11.62|11.46|11.47|136
2020.04.20 16:00:00|11.46|11.69|11.45|11.66|133
2020.04.20 17:00:00|11.63|11.73|11.59|11.69|164
2020.04.20 18:00:00|11.69|11.73|11.63|11.64|82
2020.04.21 10:00:00|11.54|11.62|11.32|11.34|233
2020.04.21 11:00:00|11.33|11.66|11.32|11.63|190
2020.04.21 12:00:00|11.64|11.71|11.56|11.61|213
2020.04.21 13:00:00|11.6|11.99|11.6|11.88|274
2020.04.21 14:00:00|11.89|12.08|11.89|11.96|231
2020.04.21 15:00:00|11.97|12.03|11.8|11.89|207
2020.04.21 16:00:00|11.87|12.02|11.65|11.96|280
2020.04.21 17:00:00|11.98|11.99|11.79|11.79|263
2020.04.21 18:00:00|11.77|11.86|11.66|11.74|148
2020.04.22 10:00:00|11.95|12.09|11.76|12.05|288
2020.04.22 11:00:00|12.05|12.09|11.95|12.06|255
2020.04.22 12:00:00|12.07|12.29|12.04|12.29|296
2020.04.22 13:00:00|12.3|12.4|12.2|12.38|196
2020.04.22 14:00:00|12.37|12.41|12.24|12.3|144
2020.04.22 15:00:00|12.3|12.48|12.29|12.47|127
2020.04.22 16:00:00|12.48|12.49|12.22|12.25|187
2020.04.22 17:00:00|12.24|12.32|12.18|12.26|171
2020.04.22 18:00:00|12.27|12.35|12.24|12.32|71
2020.04.23 10:00:00|12.62|12.62|12.3|12.31|203
2020.04.23 11:00:00|12.31|12.62|12.31|12.44|166
2020.04.23 12:00:00|12.44|12.64|12.43|12.58|145
2020.04.23 13:00:00|12.59|12.59|12.43|12.51|101
2020.04.23 14:00:00|12.51|12.54|12.38|12.39|102
2020.04.23 15:00:00|12.38|12.42|12.28|12.4|121
2020.04.23 16:00:00|12.39|12.41|12.27|12.3|153
2020.04.23 17:00:00|12.3|12.5|12.28|12.48|185
2020.04.23 18:00:00|12.49|12.49|12.34|12.41|97
2020.04.24 10:00:00|12.05|12.16|11.98|12.13|158
2020.04.24 11:00:00|12.09|12.2|12.01|12.18|125
2020.04.24 12:00:00|12.17|12.39|12.17|12.35|135
2020.04.24 13:00:00|12.34|12.61|12.33|12.61|182
2020.04.24 14:00:00|12.61|12.67|12.5|12.51|175
2020.04.24 15:00:00|12.55|12.66|12.46|12.62|147
2020.04.24 16:00:00|12.6|12.66|12.28|12.32|128
2020.04.24 17:00:00|12.3|12.41|12.2|12.36|143
2020.04.24 18:00:00|12.36|12.38|12.29|12.31|69
2020.04.27 10:00:00|12.73|12.86|12.65|12.81|147
2020.04.27 11:00:00|12.82|12.83|12.61|12.67|121
2020.04.27 12:00:00|12.64|12.72|12.6|12.7|100
2020.04.27 13:00:00|12.68|12.69|12.61|12.62|96
2020.04.27 14:00:00|12.6|12.72|12.57|12.69|75
2020.04.27 15:00:00|12.69|12.73|12.52|12.52|117
2020.04.27 16:00:00|12.52|12.57|12.4|12.45|142
2020.04.27 17:00:00|12.45|12.61|12.45|12.57|143
2020.04.27 18:00:00|12.58|12.61|12.54|12.59|84
2020.04.28 10:00:00|12.51|12.68|12.39|12.68|164
2020.04.28 11:00:00|12.67|12.76|12.56|12.66|146
2020.04.28 12:00:00|12.64|12.96|12.62|12.94|155
2020.04.28 13:00:00|12.84|12.92|12.84|12.89|115
2020.04.28 14:00:00|12.86|12.96|12.82|12.91|140
2020.04.28 15:00:00|12.92|13.11|12.91|13.1|129
2020.04.28 16:00:00|13.09|13.13|12.91|12.96|185
2020.04.28 17:00:00|12.96|13|12.74|12.74|327
2020.04.28 18:00:00|12.75|12.95|12.72|12.94|131
2020.04.29 10:00:00|12.75|13.26|12.75|13.16|196
2020.04.29 11:00:00|13.16|13.22|13.04|13.22|126
2020.04.29 12:00:00|13.23|13.23|13.11|13.17|98
2020.04.29 13:00:00|13.18|13.35|13.18|13.35|96
2020.04.29 14:00:00|13.35|13.38|13.24|13.27|135
2020.04.29 15:00:00|13.27|13.7|13.27|13.69|243
2020.04.29 16:00:00|13.71|13.72|13.43|13.62|216
2020.04.29 17:00:00|13.63|13.63|13.5|13.53|179
2020.04.29 18:00:00|13.54|13.55|13.46|13.51|89
2020.04.30 10:00:00|13.73|14.02|13.39|13.57|202
2020.04.30 11:00:00|13.56|13.85|13.53|13.7|180
2020.04.30 12:00:00|13.68|13.73|13.53|13.62|125
2020.04.30 13:00:00|13.62|13.65|13.45|13.53|130
2020.04.30 14:00:00|13.53|13.53|13.12|13.12|121
2020.04.30 15:00:00|13.13|13.36|13.13|13.23|114
2020.04.30 16:00:00|13.22|13.23|12.98|13.23|137
2020.04.30 17:00:00|13.22|13.27|13.02|13.02|153
2020.04.30 18:00:00|13.02|13.02|12.91|12.95|89
2020.05.04 10:00:00|12.72|12.79|12.37|12.48|273
2020.05.04 11:00:00|12.46|12.53|12.39|12.4|159
2020.05.04 12:00:00|12.39|12.51|12.36|12.42|152
2020.05.04 13:00:00|12.42|12.6|12.36|12.53|113
2020.05.04 14:00:00|12.53|12.6|12.47|12.57|118
2020.05.04 15:00:00|12.59|12.74|12.54|12.67|173
2020.05.04 16:00:00|12.67|12.76|12.52|12.76|186
2020.05.04 17:00:00|12.75|12.91|12.7|12.72|179
2020.05.04 18:00:00|12.71|12.74|12.59|12.62|99
2020.05.05 10:00:00|12.84|13.15|12.81|12.93|243
2020.05.05 11:00:00|12.91|13.04|12.74|12.75|183
2020.05.05 12:00:00|12.76|13.01|12.72|12.94|173
2020.05.05 13:00:00|12.94|12.95|12.79|12.81|122
2020.05.05 14:00:00|12.82|12.96|12.8|12.91|126
2020.05.05 15:00:00|12.89|13|12.83|12.95|115
2020.05.05 16:00:00|12.94|13.05|12.9|13.03|136
2020.05.05 17:00:00|13.03|13.06|12.82|12.85|153
2020.05.05 18:00:00|12.88|12.89|12.81|12.87|78
2020.05.06 10:00:00|12.92|13.2|12.84|13.16|186
2020.05.06 11:00:00|13.15|13.4|13.15|13.23|173
2020.05.06 12:00:00|13.22|13.36|13.18|13.36|126
2020.05.06 13:00:00|13.34|13.35|13.15|13.2|103
2020.05.06 14:00:00|13.18|13.3|13.16|13.24|88
2020.05.06 15:00:00|13.22|13.32|13.2|13.24|117
2020.05.06 16:00:00|13.24|13.26|13.04|13.05|133
2020.05.06 17:00:00|13.06|13.24|12.97|13.14|160
2020.05.06 18:00:00|13.13|13.19|13.03|13.07|89
2020.05.07 10:00:00|13.2|13.22|13.04|13.12|165
2020.05.07 11:00:00|13.11|13.12|12.95|12.97|122
2020.05.07 12:00:00|12.98|13.01|12.91|12.92|95
2020.05.07 13:00:00|12.91|13.09|12.86|13.08|111
2020.05.07 14:00:00|13.06|13.08|12.94|12.99|113
2020.05.07 15:00:00|12.96|13.05|12.95|13.04|119
2020.05.07 16:00:00|13.03|13.15|12.95|13.05|127
2020.05.07 17:00:00|13.02|13.05|12.91|12.92|170
2020.05.07 18:00:00|12.92|12.97|12.89|12.93|81
2020.05.08 10:00:00|13.17|13.18|12.94|13.05|132
2020.05.08 11:00:00|13.04|13.06|12.99|13.06|91
2020.05.08 12:00:00|13.04|13.13|12.98|13.11|91
2020.05.08 13:00:00|13.09|13.24|13.09|13.2|68
2020.05.08 14:00:00|13.16|13.21|13.16|13.19|68
2020.05.08 15:00:00|13.17|13.32|13.16|13.28|97
2020.05.08 16:00:00|13.27|13.32|13.21|13.31|128
2020.05.08 17:00:00|13.32|13.46|13.32|13.41|131
2020.05.08 18:00:00|13.4|13.41|13.35|13.39|62
2020.05.11 10:00:00|13.6|13.66|13.49|13.52|169
2020.05.11 11:00:00|13.53|13.53|13.3|13.38|89
2020.05.11 12:00:00|13.37|13.38|13.21|13.3|162
2020.05.11 13:00:00|13.26|13.29|13.16|13.25|82
2020.05.11 14:00:00|13.26|13.32|13.15|13.16|77
2020.05.11 15:00:00|13.16|13.22|13.03|13.06|99
2020.05.11 16:00:00|13.05|13.15|13.05|13.08|109
2020.05.11 17:00:00|13.1|13.15|13.06|13.08|81
2020.05.11 18:00:00|13.09|13.1|13.05|13.1|45
2020.05.12 10:00:00|13|13.12|12.88|12.89|126
2020.05.12 11:00:00|12.87|12.97|12.84|12.89|94
2020.05.12 12:00:00|12.87|12.9|12.76|12.83|115
2020.05.12 13:00:00|12.82|12.88|12.76|12.86|88
2020.05.12 14:00:00|12.87|12.99|12.85|12.91|72
2020.05.12 15:00:00|12.9|12.98|12.89|12.98|90
2020.05.12 16:00:00|12.97|12.98|12.88|12.92|106
2020.05.12 17:00:00|12.93|13.08|12.87|12.88|163
2020.05.12 18:00:00|12.86|12.9|12.83|12.85|64
2020.05.13 10:00:00|12.56|12.6|12.18|12.33|232
2020.05.13 11:00:00|12.31|12.38|12.26|12.37|125
2020.05.13 12:00:00|12.36|12.38|12.22|12.28|112
2020.05.13 13:00:00|12.28|12.41|12.27|12.34|91
2020.05.13 14:00:00|12.35|12.35|12.22|12.29|81
2020.05.13 15:00:00|12.29|12.33|12.27|12.32|61
2020.05.13 16:00:00|12.31|12.34|12.19|12.2|94
2020.05.13 17:00:00|12.19|12.23|12.08|12.09|150
2020.05.13 18:00:00|12.09|12.14|12.02|12.05|73
2020.05.14 10:00:00|11.8|11.87|11.6|11.65|246
2020.05.14 11:00:00|11.61|11.65|11.41|11.43|170
2020.05.14 12:00:00|11.43|11.53|11.41|11.49|107
2020.05.14 13:00:00|11.49|11.51|11.34|11.39|111
2020.05.14 14:00:00|11.37|11.4|11.21|11.27|101
2020.05.14 15:00:00|11.25|11.26|11.1|11.18|118
2020.05.14 16:00:00|11.17|11.3|10.98|11.02|186
2020.05.14 17:00:00|11.02|11.47|11|11.41|204
2020.05.14 18:00:00|11.41|11.6|11.41|11.49|112
2020.05.15 10:00:00|11.67|11.74|11.37|11.49|222
2020.05.15 11:00:00|11.48|11.62|11.44|11.58|157
2020.05.15 12:00:00|11.57|11.63|11.42|11.45|133
2020.05.15 13:00:00|11.45|11.49|11.28|11.28|112
2020.05.15 14:00:00|11.29|11.29|11.08|11.13|217
2020.05.15 15:00:00|11.12|11.19|11.06|11.11|158
2020.05.15 16:00:00|11.09|11.38|11.08|11.35|209
2020.05.15 17:00:00|11.34|11.48|11.23|11.4|206
2020.05.15 18:00:00|11.38|11.43|11.32|11.42|120
2020.05.18 10:00:00|11.81|11.92|11.7|11.78|219
2020.05.18 11:00:00|11.79|12.05|11.72|11.87|162
2020.05.18 12:00:00|11.9|11.92|11.8|11.87|116
2020.05.18 13:00:00|11.85|11.88|11.74|11.8|92
2020.05.18 14:00:00|11.81|11.91|11.75|11.88|93
2020.05.18 15:00:00|11.87|12.05|11.85|12.03|95
2020.05.18 16:00:00|12.04|12.09|11.88|11.94|109
2020.05.18 17:00:00|11.92|12.15|11.83|12.08|194
2020.05.18 18:00:00|12.09|12.26|12.06|12.23|112
2020.05.19 10:00:00|12.31|12.32|11.56|11.67|721
2020.05.19 11:00:00|11.69|11.83|11.51|11.83|426
2020.05.19 12:00:00|11.81|11.86|11.68|11.69|326
2020.05.19 13:00:00|11.69|11.69|11.38|11.4|377
2020.05.19 14:00:00|11.41|11.58|11.39|11.45|318
2020.05.19 15:00:00|11.47|11.47|11.26|11.37|261
2020.05.19 16:00:00|11.37|11.5|11.19|11.33|459
2020.05.19 17:00:00|11.34|11.43|11.25|11.34|443
2020.05.19 18:00:00|11.33|11.47|11.29|11.46|226
2020.05.20 10:00:00|11.36|11.46|10.69|10.76|738
2020.05.20 11:00:00|10.75|11.06|10.73|11|486
2020.05.20 12:00:00|10.99|11.06|10.86|10.92|532
2020.05.20 13:00:00|10.93|11.29|10.92|11.19|348
2020.05.20 14:00:00|11.19|11.21|11.07|11.15|200
2020.05.20 15:00:00|11.17|11.29|11.12|11.25|217
2020.05.20 16:00:00|11.26|11.44|11.25|11.32|427
2020.05.20 17:00:00|11.31|11.53|11.28|11.48|307
2020.05.20 18:00:00|11.47|11.59|11.41|11.59|178
2020.05.21 10:00:00|11.31|11.47|11.13|11.24|347
2020.05.21 11:00:00|11.25|11.32|11.06|11.21|210
2020.05.21 12:00:00|11.2|11.31|11.13|11.25|233
2020.05.21 13:00:00|11.25|11.25|11.15|11.16|125
2020.05.21 14:00:00|11.15|11.32|11.15|11.29|149
2020.05.21 15:00:00|11.29|11.45|11.28|11.36|214
2020.05.21 16:00:00|11.36|11.6|11.36|11.59|251
2020.05.21 17:00:00|11.58|11.72|11.46|11.58|321
2020.05.21 18:00:00|11.57|11.57|11.33|11.34|142
2020.05.22 10:00:00|11.11|11.43|11.05|11.35|320
2020.05.22 11:00:00|11.33|11.64|11.32|11.64|175
2020.05.22 12:00:00|11.63|11.76|11.57|11.61|240
2020.05.22 13:00:00|11.61|11.79|11.6|11.67|167
2020.05.22 14:00:00|11.68|11.69|11.56|11.68|150
2020.05.22 15:00:00|11.68|11.8|11.65|11.75|200
2020.05.22 16:00:00|11.75|11.83|11.58|11.62|242
2020.05.22 17:00:00|11.62|11.64|11.48|11.51|255
2020.05.22 18:00:00|11.51|11.57|11.51|11.55|93
2020.05.25 10:00:00|11.84|11.93|11.6|11.77|242
2020.05.25 11:00:00|11.76|11.9|11.66|11.82|154
2020.05.25 12:00:00|11.85|11.93|11.78|11.93|200
2020.05.25 13:00:00|11.91|11.98|11.81|11.95|198
2020.05.25 14:00:00|11.92|11.93|11.76|11.89|156
2020.05.25 15:00:00|11.88|11.96|11.84|11.89|136
2020.05.25 16:00:00|11.9|12|11.87|11.94|129
2020.05.25 17:00:00|11.96|12.05|11.89|12.04|151
2020.05.25 18:00:00|12.04|12.12|12.02|12.12|96
2020.05.26 10:00:00|12.57|12.81|12.5|12.63|455
2020.05.26 11:00:00|12.63|12.65|12.51|12.65|244
2020.05.26 12:00:00|12.65|12.98|12.64|12.94|323
2020.05.26 13:00:00|12.93|12.98|12.82|12.86|191
2020.05.26 14:00:00|12.86|12.86|12.65|12.72|183
2020.05.26 15:00:00|12.73|12.86|12.68|12.74|216
2020.05.26 16:00:00|12.74|12.88|12.73|12.74|281
2020.05.26 17:00:00|12.75|12.93|12.75|12.9|308
2020.05.26 18:00:00|12.9|12.93|12.78|12.86|144
2020.05.27 10:00:00|12.95|13.36|12.95|13.28|710
2020.05.27 11:00:00|13.27|13.78|13.2|13.76|801
2020.05.27 12:00:00|13.77|14.05|13.74|13.96|498
2020.05.27 13:00:00|13.95|13.99|13.77|13.94|418
2020.05.27 14:00:00|13.95|14.08|13.91|14.02|299
2020.05.27 15:00:00|14.01|14.03|13.91|13.93|285
2020.05.27 16:00:00|13.92|13.98|13.46|13.5|458
2020.05.27 17:00:00|13.52|13.68|13.43|13.5|498
2020.05.27 18:00:00|13.52|13.7|13.48|13.66|287
2020.05.28 10:00:00|13.83|14.13|13.81|13.97|460
2020.05.28 11:00:00|13.97|14.04|13.57|13.65|288
2020.05.28 12:00:00|13.66|13.76|13.51|13.52|287
2020.05.28 13:00:00|13.51|13.67|13.44|13.65|244
2020.05.28 14:00:00|13.64|13.66|13.46|13.46|181
2020.05.28 15:00:00|13.46|13.46|13.33|13.43|211
2020.05.28 16:00:00|13.43|13.5|13.29|13.4|313
2020.05.28 17:00:00|13.39|13.45|13.27|13.35|361
2020.05.28 18:00:00|13.36|13.46|13.31|13.39|196
2020.05.29 10:00:00|13.05|13.19|12.86|12.98|427
2020.05.29 11:00:00|12.96|13.03|12.88|12.98|234
2020.05.29 12:00:00|12.98|12.99|12.86|12.88|221
2020.05.29 13:00:00|12.88|12.94|12.87|12.93|170
2020.05.29 14:00:00|12.93|12.99|12.88|12.96|180
2020.05.29 15:00:00|12.94|12.98|12.7|12.72|224
2020.05.29 16:00:00|12.71|12.84|12.69|12.77|227
2020.05.29 17:00:00|12.77|12.82|12.65|12.69|283
2020.05.29 18:00:00|12.69|12.77|12.63|12.63|174
2020.06.01 10:00:00|13.22|13.42|13.22|13.31|382
2020.06.01 11:00:00|13.32|13.36|13.02|13.28|248
2020.06.01 12:00:00|13.3|13.35|13.23|13.28|149
2020.06.01 13:00:00|13.29|13.39|13.28|13.38|182
2020.06.01 14:00:00|13.39|13.45|13.36|13.38|100
2020.06.01 15:00:00|13.36|13.43|13.35|13.36|116
2020.06.01 16:00:00|13.35|13.41|13.28|13.37|183
2020.06.01 17:00:00|13.37|13.43|13.34|13.36|196
2020.06.01 18:00:00|13.37|13.4|13.29|13.37|107
2020.06.02 10:00:00|13.58|13.93|13.44|13.86|324
2020.06.02 11:00:00|13.85|14.02|13.82|13.92|341
2020.06.02 12:00:00|13.92|13.96|13.82|13.82|262
2020.06.02 13:00:00|13.82|13.88|13.71|13.86|201
2020.06.02 14:00:00|13.86|13.89|13.79|13.82|207
2020.06.02 15:00:00|13.82|13.87|13.67|13.77|198
2020.06.02 16:00:00|13.76|13.76|13.55|13.73|246
2020.06.02 17:00:00|13.74|13.79|13.53|13.65|284
2020.06.02 18:00:00|13.66|13.68|13.53|13.55|143
2020.06.03 10:00:00|13.86|14.37|13.84|14.36|563
2020.06.03 11:00:00|14.35|14.37|14.21|14.27|349
2020.06.03 12:00:00|14.28|14.28|14.13|14.13|222
2020.06.03 13:00:00|14.12|14.15|13.94|13.95|222
2020.06.03 14:00:00|13.95|14.1|13.9|14.04|198
2020.06.03 15:00:00|14.03|14.17|14.02|14.03|212
2020.06.03 16:00:00|14.02|14.21|14|14.18|263
2020.06.03 17:00:00|14.18|14.32|14.17|14.19|318
2020.06.03 18:00:00|14.2|14.31|14.2|14.28|209
2020.06.04 10:00:00|13.76|14.03|13.58|14|615
2020.06.04 11:00:00|13.99|14.23|13.96|14.16|311
2020.06.04 12:00:00|14.16|14.24|13.98|14.03|275
2020.06.04 13:00:00|14.02|14.19|14.02|14.07|217
2020.06.04 14:00:00|14.06|14.4|14|14.26|262
2020.06.04 15:00:00|14.24|14.29|13.91|14.08|388
2020.06.04 16:00:00|14.09|14.25|13.97|14.12|311
2020.06.04 17:00:00|14.13|14.27|14.13|14.21|347
2020.06.04 18:00:00|14.2|14.24|14.07|14.15|179
2020.06.05 10:00:00|14.47|14.87|14.47|14.86|554
2020.06.05 11:00:00|14.86|15.08|14.78|15.07|480
2020.06.05 12:00:00|15.09|15.13|14.96|15.07|269
2020.06.05 13:00:00|15.06|15.08|14.81|14.82|180
2020.06.05 14:00:00|14.82|14.98|14.82|14.93|172
2020.06.05 15:00:00|14.93|15.28|14.86|15.28|389
2020.06.05 16:00:00|15.26|15.45|15.21|15.22|467
2020.06.05 17:00:00|15.22|15.43|15.21|15.4|699
2020.06.05 18:00:00|15.41|15.47|15.38|15.47|273
2020.06.08 10:00:00|15.31|15.76|15.23|15.74|502
2020.06.08 11:00:00|15.75|16.03|15.75|16.02|349
2020.06.08 12:00:00|16.02|16.15|15.9|15.98|445
2020.06.08 13:00:00|16|16.03|15.79|15.88|275
2020.06.08 14:00:00|15.89|16.13|15.86|16.09|254
2020.06.08 15:00:00|16.09|16.2|16|16.04|305
2020.06.08 16:00:00|16.03|16.06|15.84|15.91|450
2020.06.08 17:00:00|15.94|15.94|15.41|15.5|431
2020.06.08 18:00:00|15.5|15.64|15.47|15.52|294
2020.06.09 10:00:00|15.6|15.79|14.38|14.79|858
2020.06.09 11:00:00|14.8|15.05|14.48|14.55|468
2020.06.09 12:00:00|14.55|14.9|14.55|14.73|307
2020.06.09 13:00:00|14.75|14.85|14.68|14.82|301
2020.06.09 14:00:00|14.81|15|14.76|14.93|246
2020.06.09 15:00:00|14.9|15.1|14.77|14.78|294
2020.06.09 16:00:00|14.79|15.04|14.79|14.97|420
2020.06.09 17:00:00|14.96|15.06|14.81|14.94|471
2020.06.09 18:00:00|14.93|14.97|14.76|14.78|253
2020.06.10 10:00:00|14.86|15.17|14.76|14.97|438
2020.06.10 11:00:00|14.96|14.99|14.75|14.77|269
2020.06.10 12:00:00|14.78|14.78|14.49|14.5|303
2020.06.10 13:00:00|14.51|14.53|14.27|14.47|265
2020.06.10 14:00:00|14.48|14.53|14.34|14.45|183
2020.06.10 15:00:00|14.47|14.57|14.45|14.57|228
2020.06.10 16:00:00|14.59|14.61|14.22|14.34|274
2020.06.10 17:00:00|14.35|14.37|14.08|14.16|366
2020.06.10 18:00:00|14.16|14.38|14.14|14.34|165
2020.06.11 10:00:00|13.6|13.62|13.27|13.37|568
2020.06.11 11:00:00|13.37|13.44|13.21|13.21|349
2020.06.11 12:00:00|13.2|13.47|13.17|13.44|276
2020.06.11 13:00:00|13.45|13.53|13.41|13.46|250
2020.06.11 14:00:00|13.46|13.49|13.2|13.26|203
2020.06.11 15:00:00|13.24|13.32|13.17|13.21|294
2020.06.11 16:00:00|13.2|13.42|13.16|13.28|383
2020.06.11 17:00:00|13.29|13.32|12.97|13.07|454
2020.06.11 18:00:00|13.07|13.16|12.99|13.01|272
2020.06.12 10:00:00|12.9|13.48|12.73|13.24|626
2020.06.12 11:00:00|13.26|13.58|13.24|13.53|425
2020.06.12 12:00:00|13.53|13.69|13.4|13.68|317
2020.06.12 13:00:00|13.65|13.81|13.44|13.55|335
2020.06.12 14:00:00|13.55|13.71|13.54|13.58|303
2020.06.12 15:00:00|13.58|13.71|13.45|13.62|297
2020.06.12 16:00:00|13.62|13.8|13.53|13.71|366
2020.06.12 17:00:00|13.72|13.8|13.45|13.46|473
2020.06.12 18:00:00|13.46|13.55|13.38|13.45|294
2020.06.15 10:00:00|12.86|13.19|12.84|13.06|393
2020.06.15 11:00:00|13.06|13.22|13.01|13.21|336
2020.06.15 12:00:00|13.21|13.34|13.05|13.32|259
2020.06.15 13:00:00|13.3|13.41|13.15|13.18|219
2020.06.15 14:00:00|13.22|13.25|13.11|13.18|250
2020.06.15 15:00:00|13.2|13.21|13.1|13.15|226
2020.06.15 16:00:00|13.16|13.26|13.06|13.15|324
2020.06.15 17:00:00|13.16|13.41|13.13|13.35|362
2020.06.15 18:00:00|13.35|13.44|13.28|13.29|231
2020.06.16 10:00:00|13.97|14.03|13.68|13.69|377
2020.06.16 11:00:00|13.7|13.94|13.59|13.87|265
2020.06.16 12:00:00|13.87|13.95|13.78|13.85|189
2020.06.16 13:00:00|13.85|14.04|13.82|14.02|217
2020.06.16 14:00:00|14.02|14.02|13.84|13.93|153
2020.06.16 15:00:00|13.94|14.02|13.89|13.98|197
2020.06.16 16:00:00|13.99|13.99|13.79|13.88|308
2020.06.16 17:00:00|13.87|14|13.51|13.51|388
2020.06.16 18:00:00|13.51|13.76|13.44|13.71|224
2020.06.17 10:00:00|13.82|14.04|13.68|13.97|411
2020.06.17 11:00:00|13.98|14.03|13.75|13.79|213
2020.06.17 12:00:00|13.78|13.79|13.57|13.6|231
2020.06.17 13:00:00|13.6|13.83|13.56|13.83|210
2020.06.17 14:00:00|13.85|13.92|13.7|13.72|231
2020.06.17 15:00:00|13.74|13.84|13.73|13.76|245
2020.06.17 16:00:00|13.77|13.78|13.59|13.63|322
2020.06.17 17:00:00|13.63|13.69|13.45|13.67|470
2020.06.17 18:00:00|13.67|13.69|13.59|13.64|206
2020.06.18 10:00:00|13.54|13.62|13.38|13.59|324
2020.06.18 11:00:00|13.58|13.86|13.55|13.85|332
2020.06.18 12:00:00|13.84|13.86|13.48|13.56|416
2020.06.18 13:00:00|13.57|13.57|13.47|13.49|219
2020.06.18 14:00:00|13.5|13.55|13.34|13.37|206
2020.06.18 15:00:00|13.37|13.49|13.35|13.46|265
2020.06.18 16:00:00|13.46|13.56|13.28|13.44|308
2020.06.18 17:00:00|13.45|13.65|13.45|13.57|414
2020.06.18 18:00:00|13.58|13.59|13.52|13.54|197
2020.06.19 10:00:00|13.74|13.81|13.4|13.55|263
2020.06.19 11:00:00|13.55|13.58|13.42|13.54|183
2020.06.19 12:00:00|13.55|13.65|13.54|13.58|306
2020.06.19 13:00:00|13.57|13.68|13.5|13.53|178
2020.06.19 14:00:00|13.54|13.62|13.52|13.62|151
2020.06.19 15:00:00|13.62|13.71|13.61|13.62|135
2020.06.19 16:00:00|13.61|13.61|13.38|13.48|268
2020.06.19 17:00:00|13.47|13.54|13.45|13.48|214
2020.06.19 18:00:00|13.49|13.5|13.36|13.39|134
2020.06.22 10:00:00|13.1|13.69|13.06|13.62|387
2020.06.22 11:00:00|13.6|13.83|13.57|13.75|281
2020.06.22 12:00:00|13.74|13.84|13.62|13.65|262
2020.06.22 13:00:00|13.64|13.82|13.63|13.75|222
2020.06.22 14:00:00|13.75|13.83|13.68|13.82|204
2020.06.22 15:00:00|13.83|13.86|13.74|13.79|137
2020.06.22 16:00:00|13.8|13.9|13.7|13.81|312
2020.06.22 17:00:00|13.81|13.84|13.74|13.74|336
2020.06.22 18:00:00|13.73|13.8|13.71|13.76|261
2020.06.23 10:00:00|13.96|14.67|13.78|14.63|466
2020.06.23 11:00:00|14.64|14.69|14.49|14.64|374
2020.06.23 12:00:00|14.64|14.75|14.53|14.7|280
2020.06.23 13:00:00|14.68|14.75|14.6|14.71|213
2020.06.23 14:00:00|14.7|14.78|14.61|14.74|222
2020.06.23 15:00:00|14.73|14.91|14.7|14.87|296
2020.06.23 16:00:00|14.87|14.9|14.66|14.7|349
2020.06.23 17:00:00|14.7|14.79|14.63|14.73|521
2020.06.23 18:00:00|14.72|14.87|14.69|14.83|205
2020.06.24 10:00:00|14.75|15.08|14.7|14.8|328
2020.06.24 11:00:00|14.78|14.78|14.52|14.65|300
2020.06.24 12:00:00|14.63|14.67|14.47|14.51|264
2020.06.24 13:00:00|14.5|14.6|14.48|14.56|191
2020.06.24 14:00:00|14.57|14.65|14.43|14.45|172
2020.06.24 15:00:00|14.44|14.5|14.37|14.44|160
2020.06.24 16:00:00|14.42|14.52|14.13|14.17|289
2020.06.24 17:00:00|14.16|14.36|14.05|14.07|355
2020.06.24 18:00:00|14.06|14.07|13.95|13.95|152
2020.06.25 10:00:00|13.8|14.17|13.65|13.75|340
2020.06.25 11:00:00|13.76|14.33|13.76|14.14|268
2020.06.25 12:00:00|14.16|14.23|14.08|14.15|233
2020.06.25 13:00:00|14.16|14.26|14.07|14.26|222
2020.06.25 14:00:00|14.25|14.28|14.08|14.1|245
2020.06.25 15:00:00|14.11|14.21|14.09|14.13|200
2020.06.25 16:00:00|14.13|14.23|14.06|14.19|332
2020.06.25 17:00:00|14.19|14.29|14.14|14.2|413
2020.06.25 18:00:00|14.19|14.21|14.13|14.17|298
2020.06.26 10:00:00|14.4|14.47|14.01|14.24|302
2020.06.26 11:00:00|14.23|14.27|14.05|14.21|231
2020.06.26 12:00:00|14.22|14.28|14.15|14.21|180
2020.06.26 13:00:00|14.22|14.34|14.2|14.33|194
2020.06.26 14:00:00|14.31|14.41|14.18|14.19|151
2020.06.26 15:00:00|14.2|14.35|14.15|14.17|182
2020.06.26 16:00:00|14.17|14.22|13.99|14.02|218
2020.06.26 17:00:00|14.01|14.01|13.73|13.86|340
2020.06.26 18:00:00|13.86|13.92|13.8|13.8|153
2020.06.29 10:00:00|13.78|14.14|13.68|13.87|273
2020.06.29 11:00:00|13.88|13.9|13.72|13.89|214
2020.06.29 12:00:00|13.91|14.04|13.84|13.97|218
2020.06.29 13:00:00|13.96|13.98|13.86|13.96|199
2020.06.29 14:00:00|13.97|14.15|13.95|14.11|172
2020.06.29 15:00:00|14.11|14.15|13.98|14.04|163
2020.06.29 16:00:00|14.01|14.05|13.87|13.95|250
2020.06.29 17:00:00|13.97|14.27|13.97|14.17|322
2020.06.29 18:00:00|14.18|14.18|14.07|14.13|134
2020.06.30 10:00:00|14.29|14.38|14.08|14.32|308
2020.06.30 11:00:00|14.31|14.42|14.25|14.34|318
2020.06.30 12:00:00|14.35|14.5|14.3|14.43|303
2020.06.30 13:00:00|14.43|14.55|14.39|14.52|195
2020.06.30 14:00:00|14.47|14.49|14.39|14.48|176
2020.06.30 15:00:00|14.48|14.51|14.32|14.36|197
2020.06.30 16:00:00|14.35|14.38|14.13|14.18|280
2020.06.30 17:00:00|14.18|14.43|14.17|14.42|347
2020.06.30 18:00:00|14.42|14.57|14.36|14.54|158
2020.07.01 10:00:00|14.45|14.53|14.22|14.39|227
2020.07.01 11:00:00|14.38|14.43|14.27|14.31|152
2020.07.01 12:00:00|14.3|14.39|14.2|14.2|272
2020.07.01 13:00:00|14.19|14.23|14.02|14.07|338
2020.07.01 14:00:00|14.07|14.15|13.98|14.11|273
2020.07.01 15:00:00|14.11|14.3|14.03|14.3|221
2020.07.01 16:00:00|14.29|14.38|14.16|14.27|285
2020.07.01 17:00:00|14.33|14.42|14.15|14.21|374
2020.07.01 18:00:00|14.2|14.23|14.07|14.1|189
2020.07.02 10:00:00|14.23|14.57|14.14|14.52|266
2020.07.02 11:00:00|14.53|14.6|14.41|14.52|214
2020.07.02 12:00:00|14.55|14.55|14.4|14.43|203
2020.07.02 13:00:00|14.43|14.51|14.32|14.51|172
2020.07.02 14:00:00|14.5|14.53|14.45|14.5|131
2020.07.02 15:00:00|14.51|14.65|14.39|14.65|174
2020.07.02 16:00:00|14.64|14.79|14.56|14.74|268
2020.07.02 17:00:00|14.75|14.8|14.42|14.42|289
2020.07.02 18:00:00|14.43|14.56|14.41|14.55|148
2020.07.03 10:00:00|14.7|14.75|14.42|14.5|306
2020.07.03 11:00:00|14.51|14.6|14.39|14.39|216
2020.07.03 12:00:00|14.38|14.41|14.2|14.23|181
2020.07.03 13:00:00|14.21|14.32|14.15|14.28|199
2020.07.03 14:00:00|14.27|14.33|14.21|14.24|162
2020.07.03 15:00:00|14.22|14.33|14.21|14.28|144
2020.07.03 16:00:00|14.29|14.38|14.27|14.3|175
2020.07.03 17:00:00|14.29|14.35|14.21|14.25|207
2020.07.03 18:00:00|14.25|14.26|14.2|14.21|165
2020.07.06 10:00:00|14.82|15.05|14.75|14.87|295
2020.07.06 11:00:00|14.86|14.87|14.64|14.65|225
2020.07.06 12:00:00|14.65|14.83|14.59|14.81|136
2020.07.06 13:00:00|14.82|14.87|14.65|14.67|136
2020.07.06 14:00:00|14.68|14.73|14.6|14.7|110
2020.07.06 15:00:00|14.68|14.77|14.62|14.69|153
2020.07.06 16:00:00|14.69|14.7|14.6|14.64|165
2020.07.06 17:00:00|14.68|14.71|14.39|14.49|258
2020.07.06 18:00:00|14.49|14.59|14.49|14.58|120
2020.07.07 10:00:00|14.5|14.73|14.43|14.71|235
2020.07.07 11:00:00|14.72|14.78|14.58|14.72|203
2020.07.07 12:00:00|14.72|14.8|14.66|14.68|157
2020.07.07 13:00:00|14.69|14.78|14.65|14.71|150
2020.07.07 14:00:00|14.73|14.78|14.69|14.71|119
2020.07.07 15:00:00|14.7|14.75|14.65|14.68|125
2020.07.07 16:00:00|14.7|14.75|14.64|14.67|176
2020.07.07 17:00:00|14.66|14.69|14.57|14.65|197
2020.07.07 18:00:00|14.64|14.67|14.59|14.63|109
2020.07.08 10:00:00|14.43|14.53|14.37|14.48|235
2020.07.08 11:00:00|14.45|14.47|14.33|14.39|211
2020.07.08 12:00:00|14.38|14.41|14.17|14.21|170
2020.07.08 13:00:00|14.23|14.24|14.16|14.21|118
2020.07.08 14:00:00|14.21|14.26|14.14|14.22|91
2020.07.08 15:00:00|14.23|14.25|14.06|14.1|121
2020.07.08 16:00:00|14.09|14.21|14.03|14.19|175
2020.07.08 17:00:00|14.18|14.23|14.08|14.12|186
2020.07.08 18:00:00|14.11|14.13|13.98|14|118
2020.07.09 10:00:00|14.18|14.31|14.01|14.09|301
2020.07.09 11:00:00|14.05|14.13|13.98|13.99|142
2020.07.09 12:00:00|13.99|14.05|13.95|14.01|119
2020.07.09 13:00:00|14|14.04|13.87|13.9|126
2020.07.09 14:00:00|13.91|14.07|13.9|14.04|143
2020.07.09 15:00:00|14.02|14.09|14|14.07|144
2020.07.09 16:00:00|14.06|14.12|13.96|14.02|152
2020.07.09 17:00:00|14.03|14.11|13.8|13.81|280
2020.07.09 18:00:00|13.8|13.81|13.66|13.71|186
2020.07.10 10:00:00|13.5|13.66|13.4|13.6|301
2020.07.10 11:00:00|13.61|13.73|13.57|13.58|212
2020.07.10 12:00:00|13.56|13.69|13.51|13.6|189
2020.07.10 13:00:00|13.64|13.73|13.58|13.72|144
2020.07.10 14:00:00|13.71|13.82|13.62|13.68|143
2020.07.10 15:00:00|13.7|13.84|13.66|13.79|194
2020.07.10 16:00:00|13.79|13.89|13.74|13.83|270
2020.07.10 17:00:00|13.82|13.97|13.78|13.94|247
2020.07.10 18:00:00|13.93|13.98|13.91|13.96|120
2020.07.13 10:00:00|14.28|14.45|14.19|14.32|318
2020.07.13 11:00:00|14.32|14.38|14.23|14.25|218
2020.07.13 12:00:00|14.27|14.27|14.21|14.24|133
2020.07.13 13:00:00|14.23|14.33|14.21|14.33|128
2020.07.13 14:00:00|14.32|14.41|14.32|14.37|142
2020.07.13 15:00:00|14.36|14.42|14.34|14.39|109
2020.07.13 16:00:00|14.39|14.47|14.37|14.37|171
2020.07.13 17:00:00|14.38|14.43|14.31|14.41|252
2020.07.13 18:00:00|14.42|14.51|14.4|14.51|121
2020.07.14 10:00:00|14.26|14.48|14.11|14.17|246
2020.07.14 11:00:00|14.16|14.28|14.16|14.2|196
2020.07.14 12:00:00|14.22|14.3|14.2|14.24|154
2020.07.14 13:00:00|14.25|14.26|14.12|14.21|200
2020.07.14 14:00:00|14.22|14.23|14.11|14.2|172
2020.07.14 15:00:00|14.18|14.23|14.09|14.1|117
2020.07.14 16:00:00|14.09|14.21|14.08|14.21|211
2020.07.14 17:00:00|14.23|14.39|14.16|14.33|258
2020.07.14 18:00:00|14.31|14.36|14.28|14.3|119
2020.07.15 10:00:00|14.48|14.59|14.35|14.46|234
2020.07.15 11:00:00|14.47|14.5|14.32|14.4|184
2020.07.15 12:00:00|14.43|14.43|14.35|14.42|117
2020.07.15 13:00:00|14.41|14.6|14.4|14.58|140
2020.07.15 14:00:00|14.57|14.66|14.57|14.59|155
2020.07.15 15:00:00|14.58|14.6|14.54|14.57|126
2020.07.15 16:00:00|14.58|14.63|14.53|14.57|190
2020.07.15 17:00:00|14.58|14.66|14.53|14.65|161
2020.07.15 18:00:00|14.65|14.65|14.54|14.56|90
2020.07.16 10:00:00|14.58|14.74|14.49|14.56|260
2020.07.16 11:00:00|14.54|14.59|14.43|14.48|163
2020.07.16 12:00:00|14.46|14.54|14.41|14.42|183
2020.07.16 13:00:00|14.41|14.44|14.35|14.39|127
2020.07.16 14:00:00|14.4|14.43|14.32|14.33|111
2020.07.16 15:00:00|14.33|14.43|14.31|14.41|124
2020.07.16 16:00:00|14.4|14.51|14.39|14.45|198
2020.07.16 17:00:00|14.46|14.6|14.45|14.53|186
2020.07.16 18:00:00|14.54|14.55|14.51|14.53|69
2020.07.17 10:00:00|14.61|14.8|14.58|14.7|314
2020.07.17 11:00:00|14.71|14.72|14.6|14.67|182
2020.07.17 12:00:00|14.67|14.69|14.58|14.67|169
2020.07.17 13:00:00|14.66|14.73|14.64|14.69|116
2020.07.17 14:00:00|14.68|14.69|14.62|14.63|80
2020.07.17 15:00:00|14.62|14.72|14.62|14.67|114
2020.07.17 16:00:00|14.65|14.7|14.54|14.58|164
2020.07.17 17:00:00|14.58|14.6|14.49|14.57|208
2020.07.17 18:00:00|14.58|14.6|14.54|14.59|91
2020.07.20 10:00:00|14.58|14.61|14.39|14.52|233
2020.07.20 11:00:00|14.53|14.65|14.45|14.59|166
2020.07.20 12:00:00|14.61|14.65|14.57|14.6|154
2020.07.20 13:00:00|14.59|14.6|14.41|14.42|114
2020.07.20 14:00:00|14.43|14.56|14.43|14.54|114
2020.07.20 15:00:00|14.52|14.59|14.46|14.58|108
2020.07.20 16:00:00|14.58|14.67|14.52|14.52|192
2020.07.20 17:00:00|14.52|14.61|14.51|14.6|199
2020.07.20 18:00:00|14.58|14.62|14.55|14.6|73
2020.07.21 10:00:00|14.78|15.04|14.73|15.04|319
2020.07.21 11:00:00|15.03|15.12|15.03|15.08|171
2020.07.21 12:00:00|15.09|15.14|15.02|15.03|154
2020.07.21 13:00:00|15.03|15.05|14.99|15.01|108
2020.07.21 14:00:00|14.99|15.03|14.97|15.01|96
2020.07.21 15:00:00|15.02|15.05|14.85|14.86|147
2020.07.21 16:00:00|14.84|14.92|14.84|14.88|164
2020.07.21 17:00:00|14.88|14.91|14.72|14.79|323
2020.07.21 18:00:00|14.8|14.86|14.78|14.8|112
2020.07.22 10:00:00|14.65|14.83|14.54|14.55|364
2020.07.22 11:00:00|14.56|14.63|14.48|14.49|233
2020.07.22 12:00:00|14.49|14.5|14.38|14.5|256
2020.07.22 13:00:00|14.48|14.53|14.37|14.46|414
2020.07.22 14:00:00|14.46|14.58|14.44|14.54|201
2020.07.22 15:00:00|14.54|14.61|14.43|14.5|198
2020.07.22 16:00:00|14.49|14.56|14.45|14.53|223
2020.07.22 17:00:00|14.52|14.66|14.49|14.64|217
2020.07.22 18:00:00|14.65|14.65|14.56|14.65|106
2020.07.23 10:00:00|14.8|14.99|14.78|14.98|325
2020.07.23 11:00:00|14.99|15.13|14.95|15.06|285
2020.07.23 12:00:00|15.06|15.14|15.04|15.07|208
2020.07.23 13:00:00|15.08|15.11|15|15.04|158
2020.07.23 14:00:00|15.04|15.13|14.98|15.13|203
2020.07.23 15:00:00|15.13|15.14|15.01|15.03|179
2020.07.23 16:00:00|15.03|15.11|14.97|15.06|232
2020.07.23 17:00:00|15.06|15.07|14.94|15.04|217
2020.07.23 18:00:00|15.05|15.1|15.04|15.07|180
2020.07.24 10:00:00|14.84|14.98|14.62|14.62|289
2020.07.24 11:00:00|14.63|14.73|14.58|14.67|187
2020.07.24 12:00:00|14.7|14.84|14.66|14.77|161
2020.07.24 13:00:00|14.75|14.82|14.7|14.75|125
2020.07.24 14:00:00|14.76|14.83|14.75|14.77|80
2020.07.24 15:00:00|14.75|14.78|14.72|14.72|110
2020.07.24 16:00:00|14.71|14.72|14.59|14.63|189
2020.07.24 17:00:00|14.63|14.74|14.63|14.73|239
2020.07.24 18:00:00|14.72|14.75|14.69|14.71|113
2020.07.27 10:00:00|14.73|14.77|14.47|14.57|287
2020.07.27 11:00:00|14.58|14.64|14.47|14.52|210
2020.07.27 12:00:00|14.51|14.66|14.51|14.66|211
2020.07.27 13:00:00|14.67|14.72|14.61|14.64|161
2020.07.27 14:00:00|14.62|14.66|14.59|14.63|179
2020.07.27 15:00:00|14.61|14.67|14.59|14.61|160
2020.07.27 16:00:00|14.62|14.64|14.55|14.6|180
2020.07.27 17:00:00|14.6|14.9|14.6|14.83|252
2020.07.27 18:00:00|14.85|14.89|14.81|14.84|154
2020.07.28 10:00:00|15.57|15.6|15.3|15.31|734
2020.07.28 11:00:00|15.33|15.57|15.33|15.44|363
2020.07.28 12:00:00|15.44|15.53|15.38|15.38|349
2020.07.28 13:00:00|15.38|15.41|15.22|15.28|385
2020.07.28 14:00:00|15.28|15.33|15.18|15.21|278
2020.07.28 15:00:00|15.22|15.36|15.22|15.29|245
2020.07.28 16:00:00|15.28|15.42|15.27|15.34|364
2020.07.28 17:00:00|15.34|15.41|15.26|15.27|348
2020.07.28 18:00:00|15.28|15.32|15.21|15.32|215
2020.07.29 10:00:00|15.39|15.4|15.05|15.05|381
2020.07.29 11:00:00|15.04|15.04|14.84|14.85|232
2020.07.29 12:00:00|14.85|14.87|14.8|14.83|177
2020.07.29 13:00:00|14.84|14.91|14.82|14.86|150
2020.07.29 14:00:00|14.87|14.98|14.86|14.98|185
2020.07.29 15:00:00|14.98|15.03|14.92|14.95|180
2020.07.29 16:00:00|14.95|14.97|14.81|14.87|227
2020.07.29 17:00:00|14.88|15.05|14.78|14.8|243
2020.07.29 18:00:00|14.79|14.8|14.71|14.78|124
2020.07.30 10:00:00|14.83|14.84|14.33|14.39|425
2020.07.30 11:00:00|14.4|14.41|14.15|14.16|313
2020.07.30 12:00:00|14.16|14.25|14.11|14.18|334
2020.07.30 13:00:00|14.17|14.21|13.91|13.94|254
2020.07.30 14:00:00|13.93|14.11|13.93|14.07|279
2020.07.30 15:00:00|14.06|14.09|13.96|13.97|210
2020.07.30 16:00:00|13.96|14.06|13.9|13.91|247
2020.07.30 17:00:00|13.9|14.02|13.87|13.94|416
2020.07.30 18:00:00|13.94|13.98|13.92|13.93|156
2020.07.31 10:00:00|14.15|14.16|13.9|13.97|367
2020.07.31 11:00:00|13.98|14.17|13.98|14.11|252
2020.07.31 12:00:00|14.08|14.09|13.95|13.95|193
2020.07.31 13:00:00|13.96|14.02|13.86|14.01|200
2020.07.31 14:00:00|14.02|14.1|13.94|13.97|244
2020.07.31 15:00:00|13.95|14|13.84|13.87|326
2020.07.31 16:00:00|13.88|13.95|13.8|13.88|249
2020.07.31 17:00:00|13.88|13.89|13.59|13.63|335
2020.07.31 18:00:00|13.62|13.63|13.53|13.56|228
2020.08.03 10:00:00|13.56|13.66|13.29|13.47|374
2020.08.03 11:00:00|13.48|13.55|13.29|13.32|262
2020.08.03 12:00:00|13.3|13.45|13.29|13.45|200
2020.08.03 13:00:00|13.44|13.62|13.44|13.6|260
2020.08.03 14:00:00|13.61|13.76|13.57|13.76|238
2020.08.03 15:00:00|13.77|13.91|13.76|13.89|227
2020.08.03 16:00:00|13.9|13.98|13.85|13.94|251
2020.08.03 17:00:00|13.93|14.06|13.93|13.97|274
2020.08.03 18:00:00|13.97|14|13.95|13.98|159
2020.08.04 10:00:00|14.18|14.46|14.18|14.29|532
2020.08.04 11:00:00|14.29|14.48|14.28|14.44|331
2020.08.04 12:00:00|14.43|14.44|14.33|14.36|211
2020.08.04 13:00:00|14.37|14.48|14.32|14.43|169
2020.08.04 14:00:00|14.44|14.48|14.38|14.44|170
2020.08.04 15:00:00|14.44|14.45|14.29|14.32|184
2020.08.04 16:00:00|14.33|14.43|14.32|14.38|263
2020.08.04 17:00:00|14.37|14.49|14.37|14.45|258
2020.08.04 18:00:00|14.44|14.46|14.39|14.41|98
2020.08.05 10:00:00|14.52|14.63|14.37|14.55|374
2020.08.05 11:00:00|14.55|14.56|14.38|14.52|260
2020.08.05 12:00:00|14.52|14.6|14.48|14.59|198
2020.08.05 13:00:00|14.59|14.6|14.46|14.5|144
2020.08.05 14:00:00|14.48|14.54|14.44|14.54|129
2020.08.05 15:00:00|14.53|14.55|14.47|14.49|145
2020.08.05 16:00:00|14.49|14.53|14.46|14.5|128
2020.08.05 17:00:00|14.51|14.6|14.5|14.56|161
2020.08.05 18:00:00|14.56|14.62|14.56|14.58|108
2020.08.06 10:00:00|14.55|14.85|14.5|14.72|207
2020.08.06 11:00:00|14.72|14.77|14.62|14.76|178
2020.08.06 12:00:00|14.75|14.77|14.64|14.67|150
2020.08.06 13:00:00|14.71|14.71|14.47|14.48|185
2020.08.06 14:00:00|14.47|14.55|14.39|14.43|190
2020.08.06 15:00:00|14.42|14.64|14.39|14.59|218
2020.08.06 16:00:00|14.58|14.59|14.38|14.46|160
2020.08.06 17:00:00|14.45|14.49|14.29|14.37|209
2020.08.06 18:00:00|14.38|14.39|14.32|14.39|95
2020.08.07 10:00:00|14.26|14.28|14.02|14.09|245
2020.08.07 11:00:00|14.09|14.1|13.96|14.01|178
2020.08.07 12:00:00|14|14.07|13.96|14.02|204
2020.08.07 13:00:00|14|14.15|14|14.15|114
2020.08.07 14:00:00|14.17|14.17|14.08|14.1|110
2020.08.07 15:00:00|14.08|14.25|14.07|14.13|183
2020.08.07 16:00:00|14.14|14.24|14.12|14.2|197
2020.08.07 17:00:00|14.21|14.33|14.16|14.3|256
2020.08.07 18:00:00|14.3|14.36|14.29|14.29|131
2020.08.10 10:00:00|14.46|14.63|14.39|14.46|240
2020.08.10 11:00:00|14.45|14.45|14.34|14.39|180
2020.08.10 12:00:00|14.38|14.44|14.37|14.42|120
2020.08.10 13:00:00|14.42|14.49|14.37|14.47|131
2020.08.10 14:00:00|14.45|14.46|14.32|14.36|139
2020.08.10 15:00:00|14.35|14.43|14.33|14.38|117
2020.08.10 16:00:00|14.38|14.49|14.37|14.47|163
2020.08.10 17:00:00|14.47|14.59|14.42|14.57|180
2020.08.10 18:00:00|14.56|14.64|14.56|14.63|102
2020.08.11 10:00:00|14.92|15.28|14.92|15.25|511
2020.08.11 11:00:00|15.25|15.27|15.17|15.27|227
2020.08.11 12:00:00|15.25|15.42|15.24|15.38|222
2020.08.11 13:00:00|15.38|15.4|15.32|15.39|155
2020.08.11 14:00:00|15.38|15.52|15.38|15.43|158
2020.08.11 15:00:00|15.44|15.55|15.38|15.53|181
2020.08.11 16:00:00|15.53|15.62|15.42|15.44|278
2020.08.11 17:00:00|15.45|15.61|15.34|15.58|275
2020.08.11 18:00:00|15.57|15.61|15.54|15.56|112
2020.08.12 10:00:00|15.52|15.61|15.44|15.57|301
2020.08.12 11:00:00|15.58|15.63|15.55|15.6|164
2020.08.12 12:00:00|15.59|15.64|15.57|15.61|155
2020.08.12 13:00:00|15.62|15.74|15.6|15.72|152
2020.08.12 14:00:00|15.72|15.75|15.69|15.71|145
2020.08.12 15:00:00|15.71|15.79|15.7|15.76|157
2020.08.12 16:00:00|15.76|15.88|15.65|15.66|221
2020.08.12 17:00:00|15.65|15.66|15.58|15.64|209
2020.08.12 18:00:00|15.62|15.66|15.49|15.58|115
2020.08.13 10:00:00|15.4|15.63|15.34|15.6|269
2020.08.13 11:00:00|15.61|15.63|15.46|15.46|186
2020.08.13 12:00:00|15.45|15.51|15.38|15.39|163
2020.08.13 13:00:00|15.38|15.47|15.36|15.41|144
2020.08.13 14:00:00|15.4|15.42|15.3|15.35|131
2020.08.13 15:00:00|15.35|15.35|15.28|15.34|136
2020.08.13 16:00:00|15.35|15.36|15.24|15.3|210
2020.08.13 17:00:00|15.3|15.34|15.23|15.27|162
2020.08.13 18:00:00|15.26|15.3|15.26|15.29|80
2020.08.14 10:00:00|15.11|15.12|14.92|14.97|248
2020.08.14 11:00:00|14.96|14.98|14.76|14.79|176
2020.08.14 12:00:00|14.78|14.88|14.75|14.82|147
2020.08.14 13:00:00|14.82|14.88|14.78|14.86|113
2020.08.14 14:00:00|14.85|14.89|14.82|14.88|94
2020.08.14 15:00:00|14.89|14.96|14.84|14.85|120
2020.08.14 16:00:00|14.84|14.93|14.8|14.92|133
2020.08.14 17:00:00|14.92|14.98|14.89|14.97|176
2020.08.14 18:00:00|14.96|15.01|14.95|14.99|79
2020.08.17 10:00:00|15.15|15.24|14.89|15.1|262
2020.08.17 11:00:00|15.11|15.11|14.97|15.01|195
2020.08.17 12:00:00|15.03|15.06|14.98|15|163
2020.08.17 13:00:00|14.99|15.1|14.98|15.06|108
2020.08.17 14:00:00|15.07|15.07|14.98|14.99|80
2020.08.17 15:00:00|14.99|15.04|14.98|15.04|96
2020.08.17 16:00:00|15.03|15.09|15.01|15.03|139
2020.08.17 17:00:00|15.03|15.04|14.97|15.01|159
2020.08.17 18:00:00|15.01|15.07|14.98|15.04|83
2020.08.18 10:00:00|14.93|14.99|14.78|14.93|250
2020.08.18 11:00:00|14.91|15.1|14.91|15.05|131
2020.08.18 12:00:00|15.06|15.16|15.01|15.15|139
2020.08.18 13:00:00|15.12|15.16|15.1|15.15|103
2020.08.18 14:00:00|15.14|15.2|15.05|15.06|108
2020.08.18 15:00:00|15.07|15.13|15.02|15.08|110
2020.08.18 16:00:00|15.07|15.09|14.96|14.96|156
2020.08.18 17:00:00|14.97|15.01|14.87|14.89|156
2020.08.18 18:00:00|14.89|14.94|14.89|14.91|62
2020.08.19 10:00:00|14.86|14.99|14.76|14.92|220
2020.08.19 11:00:00|14.91|14.97|14.83|14.92|142
2020.08.19 12:00:00|14.91|15.01|14.91|14.96|100
2020.08.19 13:00:00|14.95|14.97|14.87|14.93|101
2020.08.19 14:00:00|14.91|15|14.9|14.91|89
2020.08.19 15:00:00|14.91|14.95|14.85|14.94|85
2020.08.19 16:00:00|14.96|15|14.92|14.97|125
2020.08.19 17:00:00|14.95|15.04|14.94|15.04|129
2020.08.19 18:00:00|15.02|15.03|14.95|15.02|69
2020.08.20 10:00:00|14.8|14.9|14.63|14.82|276
2020.08.20 11:00:00|14.82|14.83|14.7|14.75|135
2020.08.20 12:00:00|14.76|14.77|14.68|14.74|109
2020.08.20 13:00:00|14.74|14.82|14.69|14.76|133
2020.08.20 14:00:00|14.75|14.79|14.68|14.7|90
2020.08.20 15:00:00|14.71|14.72|14.65|14.69|120
2020.08.20 16:00:00|14.69|14.7|14.61|14.68|128
2020.08.20 17:00:00|14.68|14.71|14.61|14.66|185
2020.08.20 18:00:00|14.66|14.66|14.59|14.66|112
2020.08.21 10:00:00|14.76|14.83|14.54|14.62|255
2020.08.21 11:00:00|14.63|14.65|14.5|14.52|155
2020.08.21 12:00:00|14.5|14.52|14.41|14.43|155
2020.08.21 13:00:00|14.43|14.45|14.36|14.4|107
2020.08.21 14:00:00|14.4|14.45|14.28|14.29|110
2020.08.21 15:00:00|14.31|14.31|14.15|14.16|201
2020.08.21 16:00:00|14.15|14.33|14.1|14.3|201
2020.08.21 17:00:00|14.29|14.34|14.22|14.24|156
