2020.02.05 18:30:00|89.53|90.14|89.13|90.06999999999999|2259
2020.02.05 19:30:00|90.06999999999999|90.26000000000001|89.91|90.11|1653
2020.02.05 20:30:00|90.13|90.29000000000001|89.93000000000001|90.29000000000001|1518
2020.02.05 21:30:00|90.28|90.95999999999999|90.22|90.64|2207
2020.02.05 22:30:00|90.62|90.69|90.38|90.69|1390
2020.02.06 16:30:00|86.98|87.72|86.05|87.08|7569
2020.02.06 17:30:00|87.11|89.43000000000001|87.02|89.37|4145
2020.02.06 18:30:00|89.39|90.16|88.73999999999999|90.16|3482
2020.02.06 19:30:00|90.16|90.23|89.19|89.63|2684
2020.02.06 20:30:00|89.62|90.09999999999999|89.44|89.90000000000001|1864
2020.02.06 21:30:00|89.91|90.52|89.65000000000001|90.19|2087
2020.02.06 22:30:00|90.2|90.62|90.08|90.56999999999999|1078
2020.02.07 16:30:00|89.39|89.59|87.95999999999999|88.42|5235
2020.02.07 17:30:00|88.41|88.70999999999999|87.91|88.68000000000001|2434
2020.02.07 18:30:00|88.68000000000001|89.01000000000001|88.59|88.84|1693
2020.02.07 19:30:00|88.84|88.87|88.38|88.69|1236
2020.02.07 20:30:00|88.7|88.77|87.73999999999999|87.81999999999999|1932
2020.02.07 21:30:00|87.83|88|87.67|87.73|1793
2020.02.07 22:30:00|87.73999999999999|87.84999999999999|87.23999999999999|87.29000000000001|1164
2020.02.10 16:30:00|86.45|87.81999999999999|86.41|87.23999999999999|4808
2020.02.10 17:30:00|87.25|87.33|86.68000000000001|87.3|2167
2020.02.10 18:30:00|87.31|87.84999999999999|87.22|87.48999999999999|1737
2020.02.10 19:30:00|87.5|87.59|87.25|87.37|1144
2020.02.10 20:30:00|87.38|87.43000000000001|87.08|87.14|1005
2020.02.10 21:30:00|87.13|87.89|87.11|87.87|820
2020.02.10 22:30:00|87.86|88.48|87.81999999999999|88.45999999999999|1268
2020.02.11 16:30:00|89.23|90.81|88.76000000000001|90.61|4930
2020.02.11 17:30:00|90.61|90.84999999999999|90.2|90.5|2383
2020.02.11 18:30:00|90.5|91.13|90.09|90.77|2203
2020.02.11 19:30:00|90.77|91.33|90.64|91.02|1493
2020.02.11 20:30:00|91.03|91.09|89.83|90.13|2536
2020.02.11 21:30:00|90.12|90.25|89.29000000000001|89.66|2583
2020.02.11 22:30:00|89.65000000000001|89.93000000000001|89.58|89.84999999999999|1638
2020.02.12 16:30:00|92.06|92.28|91.14|91.81999999999999|5331
2020.02.12 17:30:00|91.81|91.88|91.25|91.76000000000001|2373
2020.02.12 18:30:00|91.76000000000001|91.84999999999999|91.27|91.37|1688
2020.02.12 19:30:00|91.37|91.93000000000001|91.27|91.89|1350
2020.02.12 20:30:00|91.87|92.09|91.68000000000001|91.84999999999999|1121
2020.02.12 21:30:00|91.84|92.06|91.5|91.61|1590
2020.02.12 22:30:00|91.62|91.95999999999999|91.54000000000001|91.62|1152
2020.02.13 16:30:00|90.47|91.18000000000001|89.83|90.48|4084
2020.02.13 17:30:00|90.48|90.97|90.27|90.77|2216
2020.02.13 18:30:00|90.77|91.06|90.55|90.76000000000001|1506
2020.02.13 19:30:00|90.76000000000001|90.81999999999999|89.98999999999999|90.23999999999999|1680
2020.02.13 20:30:00|90.23|90.34999999999999|89.91|89.97|1834
2020.02.13 21:30:00|89.95|90.26000000000001|89.63|89.84999999999999|1756
2020.02.13 22:30:00|89.86|90|89.65000000000001|89.86|1432
2020.02.14 16:30:00|90.38|90.48|89.28|89.90000000000001|4391
2020.02.14 17:30:00|89.90000000000001|90.04000000000001|89.67|89.78|1866
2020.02.14 18:30:00|89.78|89.83|89.31|89.48|1804
2020.02.14 19:30:00|89.48|89.67|89.3|89.59|1525
2020.02.14 20:30:00|89.58|89.64|89.18000000000001|89.34999999999999|1321
2020.02.14 21:30:00|89.34|89.54000000000001|88.66|89.19|1929
2020.02.14 22:30:00|89.19|89.44|89.09999999999999|89.43000000000001|1434
2020.02.18 16:30:00|87.39|88.63|87.39|87.90000000000001|3827
2020.02.18 17:30:00|87.90000000000001|88.44|87.86|87.95999999999999|1684
2020.02.18 18:30:00|87.98|88.08|87.73999999999999|87.90000000000001|1381
2020.02.18 19:30:00|87.91|88.14|87.76000000000001|88.09999999999999|868
2020.02.18 20:30:00|88.11|88.20999999999999|87.78|88.09999999999999|1161
2020.02.18 21:30:00|88.11|88.11|87.81999999999999|87.87|942
2020.02.18 22:30:00|87.84999999999999|87.91|87.69|87.8|736
2020.02.19 16:30:00|88.84|89.84999999999999|88.48999999999999|89.69|4285
2020.02.19 17:30:00|89.69|89.81999999999999|89.19|89.62|2057
2020.02.19 18:30:00|89.62|90.20999999999999|89.59999999999999|90.09|1327
2020.02.19 19:30:00|90.09|90.42|89.76000000000001|89.81999999999999|1220
2020.02.19 20:30:00|89.81|89.98999999999999|89.61|89.72|1121
2020.02.19 21:30:00|89.70999999999999|90.02|89.69|89.94|1232
2020.02.19 22:30:00|89.93000000000001|90.42|89.87|90.40000000000001|1242
2020.02.20 16:30:00|91.09999999999999|91.72|90.45999999999999|90.59|5187
2020.02.20 17:30:00|90.59|90.84|89.55|89.55|2791
2020.02.20 18:30:00|89.53|89.65000000000001|88.52|88.70999999999999|5123
2020.02.20 19:30:00|88.72|89.59999999999999|88.7|89.48|2841
2020.02.20 20:30:00|89.48|89.5|88.84|89.13|2213
2020.02.20 21:30:00|89.14|89.55|88.63|88.90000000000001|2260
2020.02.20 22:30:00|88.90000000000001|89.45999999999999|88.81|89.43000000000001|1354
2020.02.21 16:30:00|88.70999999999999|88.81|86.34|87.55|5727
2020.02.21 17:30:00|87.55|88.11|87.03|87.86|3555
2020.02.21 18:30:00|87.87|88.22|87.68000000000001|87.76000000000001|1498
2020.02.21 19:30:00|87.75|87.76000000000001|86.84|86.86|2052
2020.02.21 20:30:00|86.87|86.91|86.19|86.58|2923
2020.02.21 21:30:00|86.56999999999999|86.84|86.52|86.7|2059
2020.02.21 22:30:00|86.7|87.18000000000001|86.63|86.88|1868
2020.02.24 16:30:00|83.47|84.69|83.12|83.63|6976
2020.02.24 17:30:00|83.63|83.95|83.23|83.41|3981
2020.02.24 18:30:00|83.42|83.52|82.8|83.09|4140
2020.02.24 19:30:00|83.09|83.34|82.56999999999999|82.93000000000001|3761
2020.02.24 20:30:00|82.92|83.41|82.63|83.39|3363
2020.02.24 21:30:00|83.40000000000001|84.16|83.36|83.94|3653
2020.02.24 22:30:00|83.95|84.06|83.22|83.23999999999999|2478
2020.02.25 16:30:00|83.75|83.92|81.90000000000001|82.04000000000001|6716
2020.02.25 17:30:00|82.05|82.48|81.41|81.73|8291
2020.02.25 18:30:00|81.75|82.03|81.47|81.62|5460
2020.02.25 19:30:00|81.61|81.68000000000001|80.78|80.84|5508
2020.02.25 20:30:00|80.84|80.87|79.63|79.64|7791
2020.02.25 21:30:00|79.64|81.02|79.48999999999999|80.13|9359
2020.02.25 22:30:00|80.13|80.58|79.72|80.2|5317
2020.02.26 16:30:00|81.48|81.68000000000001|80.33|81.43000000000001|6967
2020.02.26 17:30:00|81.39|81.84999999999999|81.01000000000001|81.3|4983
2020.02.26 18:30:00|81.31|81.31|79.59|80.22|6185
2020.02.26 19:30:00|80.22|80.54000000000001|79.81|80.06|4825
2020.02.26 20:30:00|80.06|80.06|78.94|79.52|8902
2020.02.26 21:30:00|79.52|79.81|79.26000000000001|79.33|7494
2020.02.26 22:30:00|79.33|79.63|79.14|79.51000000000001|3019
2020.02.27 16:30:00|77.13|77.69|75.64|75.8|11488
2020.02.27 17:30:00|75.8|77.59|75.17|76.98|9820
2020.02.27 18:30:00|76.98999999999999|77.48|76.59|77.27|8160
2020.02.27 19:30:00|77.27|78.04000000000001|77.2|77.28|8088
2020.02.27 20:30:00|77.28|77.65000000000001|76.73|77.51000000000001|12508
2020.02.27 21:30:00|77.51000000000001|77.51000000000001|76.48|76.67|7439
2020.02.27 22:30:00|76.67|76.88|76.05|76.31999999999999|4438
2020.02.28 16:30:00|74.76000000000001|75.25|73.37|74.40000000000001|11062
2020.02.28 17:30:00|74.37|77.23999999999999|74.25|77.2|11651
2020.02.28 18:30:00|77.2|79.63|76.86|77.56999999999999|12310
2020.02.28 19:30:00|77.56999999999999|78.28|77.27|77.31999999999999|10793
2020.02.28 20:30:00|77.3|77.36|76.05|76.8|11074
2020.02.28 21:30:00|76.8|78.09999999999999|76.58|76.59|14009
2020.02.28 22:30:00|76.59999999999999|78|76.40000000000001|78|6812
2020.03.02 16:30:00|78.56999999999999|78.89|77.09|77.45999999999999|8963
2020.03.02 17:30:00|77.48|79.31999999999999|76.98999999999999|78.92|9238
2020.03.02 18:30:00|78.93000000000001|79.58|78.70999999999999|78.77|6743
2020.03.02 19:30:00|78.77|79.48|78.61|78.77|5775
2020.03.02 20:30:00|78.77|79.23999999999999|78.58|78.58|6958
2020.03.02 21:30:00|78.59|79.28|78.08|79.22|7853
2020.03.02 22:30:00|79.22|80.36|79.06999999999999|80.33|3735
2020.03.03 16:30:00|80.62|82.39|79.8|81.7|10141
2020.03.03 17:30:00|81.68000000000001|82.34999999999999|80.09|80.11|11445
2020.03.03 18:30:00|80.12|81.7|80.06|80.81999999999999|9976
2020.03.03 19:30:00|80.83|81.01000000000001|79.23|79.47|8260
2020.03.03 20:30:00|79.47|79.58|77.67|78.48999999999999|11887
2020.03.03 21:30:00|78.5|79.62|77.93000000000001|79.56|13056
2020.03.03 22:30:00|79.55|79.55|78.36|78.45999999999999|8052
2020.03.04 16:30:00|79.40000000000001|79.89|77.90000000000001|79.69|10734
2020.03.04 17:30:00|79.70999999999999|79.72|78.94|79.58|8909
2020.03.04 18:30:00|79.59999999999999|79.7|78.94|79.47|7182
2020.03.04 19:30:00|79.48|80.28|79.28|80.16|4502
2020.03.04 20:30:00|80.17|80.23999999999999|79.68000000000001|80.05|4413
2020.03.04 21:30:00|80.06|80.87|79.7|80.84|4798
2020.03.04 22:30:00|80.84|81.59999999999999|80.72|81.58|3705
2020.03.05 16:30:00|79.56999999999999|80.59999999999999|79.26000000000001|80.06999999999999|7432
2020.03.05 17:30:00|80.08|81.20999999999999|80.02|80.98999999999999|6252
2020.03.05 18:30:00|81|81.08|79.84|80.03|4643
2020.03.05 19:30:00|80.03|80.17|79.02|79.55|6311
2020.03.05 20:30:00|79.55|80.03|78.94|79.03|6835
2020.03.05 21:30:00|79.02|79.59|78.67|78.7|7676
2020.03.05 22:30:00|78.7|79.31999999999999|78.55|79.11|6084
2020.03.06 16:30:00|76.62|77.76000000000001|76.42|77.73|10866
2020.03.06 17:30:00|77.73|77.92|76.87|76.98999999999999|9784
2020.03.06 18:30:00|77|77.18000000000001|76.27|76.42|7867
2020.03.06 19:30:00|76.43000000000001|77.31999999999999|76.36|76.98999999999999|7335
2020.03.06 20:30:00|76.98999999999999|77.28|76.11|76.31999999999999|7377
2020.03.06 21:30:00|76.33|76.42|75.66|76.01000000000001|9363
2020.03.06 22:30:00|76|77.45999999999999|75.88|77.37|7843
2020.03.09 15:30:00|72.14|75.12|72.03|73.56999999999999|8259
2020.03.09 16:30:00|73.56999999999999|74.64|73.29000000000001|74.59999999999999|9998
2020.03.09 17:30:00|74.58|75.95999999999999|74.34|74.86|7541
2020.03.09 18:30:00|74.87|74.98999999999999|73.86|73.91|7002
2020.03.09 19:30:00|73.92|73.93000000000001|72.78|73.11|8716
2020.03.09 20:30:00|73.11|74.34999999999999|72.79000000000001|74.06|8191
2020.03.09 21:30:00|74.03|74.48|72.54000000000001|72.55|5296
2020.03.10 15:30:00|74.81|76.17|74.25|75.72|8658
2020.03.10 16:30:00|75.70999999999999|75.86|74.38|74.45|8042
2020.03.10 17:30:00|74.45999999999999|75.90000000000001|74|75.09|8828
2020.03.10 18:30:00|75.09|75.73999999999999|74.68000000000001|75.36|9317
2020.03.10 19:30:00|75.39|75.79000000000001|74.70999999999999|75.38|8713
2020.03.10 20:30:00|75.40000000000001|77.84|75.3|77.22|9679
2020.03.10 21:30:00|77.22|78.8|77.04000000000001|78.54000000000001|5656
2020.03.11 15:30:00|76.20999999999999|77.65000000000001|76.05|76.84|8994
2020.03.11 16:30:00|76.81999999999999|77.02|75.01000000000001|75.09|8521
2020.03.11 17:30:00|75.09999999999999|76.39|75|75.92|8593
2020.03.11 18:30:00|75.93000000000001|75.97|74.63|74.98|8655
2020.03.11 19:30:00|74.98999999999999|75.2|74.13|74.2|8267
2020.03.11 20:30:00|74.20999999999999|74.94|73.56999999999999|74|11326
2020.03.11 21:30:00|73.98999999999999|75.34|73.90000000000001|74.77|7530
2020.03.12 15:30:00|69.97|71.34|68.54000000000001|69.22|10152
2020.03.12 16:30:00|69.23999999999999|70.81|68.18000000000001|68.27|11367
2020.03.12 17:30:00|68.27|68.76000000000001|67.34|68.14|11279
2020.03.12 18:30:00|68.15000000000001|72.29000000000001|67.56|69.78|12457
2020.03.12 19:30:00|69.73999999999999|70.09|68.31|68.36|13345
2020.03.12 20:30:00|68.39|69.09|67.73|67.75|12063
2020.03.12 21:30:00|67.75|68.55|66.86|66.86|6465
2020.03.13 15:30:00|71.42|72.20999999999999|69.12|70.03|10819
2020.03.13 16:30:00|70.05|70.14|68.40000000000001|68.40000000000001|6990
2020.03.13 17:30:00|68.40000000000001|68.72|67.12|68|8956
2020.03.13 18:30:00|67.95999999999999|69.77|67.91|69.62|6842
2020.03.13 19:30:00|69.62|70.36|68.52|68.53|8883
2020.03.13 20:30:00|68.52|70.62|68.18000000000001|70.39|9808
2020.03.13 21:30:00|70.39|74.97|68.86|74.95999999999999|5953
2020.03.16 15:30:00|66.75|69.2|65.54000000000001|65.65000000000001|7331
2020.03.16 16:30:00|65.65000000000001|69.45999999999999|65.62|69.27|11057
2020.03.16 17:30:00|69.28|71|69.23|69.54000000000001|8656
2020.03.16 18:30:00|69.55|70.09999999999999|69.13|69.48999999999999|7499
2020.03.16 19:30:00|69.43000000000001|69.92|67.47|68.05|6243
2020.03.16 20:30:00|68.06|69.31|66.86|67|9805
2020.03.16 21:30:00|66.98999999999999|66.98999999999999|64.84999999999999|64.84999999999999|5095
2020.03.17 15:30:00|65.67|66.59999999999999|62.06|62.96|7490
2020.03.17 16:30:00|62.97|65.51000000000001|62.39|65.27|8550
2020.03.17 17:30:00|65.27|69.58|65.19|67.15000000000001|8178
2020.03.17 18:30:00|67.13|67.3|65.12|65.14|6381
2020.03.17 19:30:00|65.15000000000001|67.76000000000001|64.95|67.63|7244
2020.03.17 20:30:00|67.64|68.43000000000001|66.81|68.39|8461
2020.03.17 21:30:00|68.39|69.66|67.04000000000001|68.70999999999999|5467
2020.03.18 15:30:00|63.52|65.27|62.46|63.1|8777
2020.03.18 16:30:00|63.11|63.13|59.86|60.04|7408
2020.03.18 17:30:00|60.06|62.52|59.68|62.15|7222
2020.03.18 18:30:00|62.16|62.47|59.46|59.51|4894
2020.03.18 19:30:00|59.54|60.08|57.86|58.19|5574
2020.03.18 20:30:00|58.18|61.13|57.88|59.47|6168
2020.03.18 21:30:00|59.46|62.6|59.06|62.32|5445
2020.03.19 15:30:00|60.11|67.36|58.89|67.14|6267
2020.03.19 16:30:00|67.14|67.26000000000001|63.55|66.15000000000001|4163
2020.03.19 17:30:00|66.17|66.59999999999999|63.98|64.76000000000001|3534
2020.03.19 18:30:00|64.77|64.83|63.26|63.85|4094
2020.03.19 19:30:00|63.87|65.11|63.52|64.68000000000001|4145
2020.03.19 20:30:00|64.65000000000001|66.05|64.43000000000001|65.52|5082
2020.03.19 21:30:00|65.53|67.40000000000001|64.48999999999999|64.7|5232
2020.03.20 15:30:00|65.23999999999999|67.72|64.5|66.02|5402
2020.03.20 16:30:00|66.02|66.77|64.67|65.15000000000001|5788
2020.03.20 17:30:00|65.14|65.2|62.96|63.19|5661
2020.03.20 18:30:00|63.19|65.16|63.14|64.44|5450
2020.03.20 19:30:00|64.45999999999999|64.91|62.77|62.94|4613
2020.03.20 20:30:00|62.97|63.52|61.91|62.77|6388
2020.03.20 21:30:00|62.78|63.04|60.64|60.77|5627
2020.03.23 15:30:00|60.9|62.72|58.97|61.94|6951
2020.03.23 16:30:00|61.95|62.59|60.27|60.4|6673
2020.03.23 17:30:00|60.41|61.77|59.78|61.34|6363
2020.03.23 18:30:00|61.32|64.7|60.96|63.41|5901
2020.03.23 19:30:00|63.42|64.5|61.61|62.61|6835
2020.03.23 20:30:00|62.62|63.03|60.93|61.17|6286
2020.03.23 21:30:00|61.15|62.75|60.66|62.21|5639
2020.03.24 15:30:00|66.25|67.11|64.98|66.70999999999999|6497
2020.03.24 16:30:00|66.7|67.45|65.44|66.31999999999999|5869
2020.03.24 17:30:00|66.34|66.86|65.26000000000001|66.05|6443
2020.03.24 18:30:00|66.05|66.26000000000001|62.75|64.18000000000001|7714
2020.03.24 19:30:00|64.14|64.59999999999999|62.03|63.08|6981
2020.03.24 20:30:00|63.04|64.98999999999999|62.66|64.75|7974
2020.03.24 21:30:00|64.76000000000001|65.28|64.06999999999999|65.06999999999999|5961
2020.03.25 15:30:00|64.66|65.87|62.29|62.89|7548
2020.03.25 16:30:00|62.89|64.31999999999999|62.61|63.99|8002
2020.03.25 17:30:00|63.99|65.3|63.37|65.17|5017
2020.03.25 18:30:00|65.18000000000001|66.44|64.78|66.14|5547
2020.03.25 19:30:00|66.2|66.78|65.45999999999999|65.97|6120
2020.03.25 20:30:00|65.95|66.34|65.38|65.81|8395
2020.03.25 21:30:00|65.81|66.19|62.77|62.85|6489
2020.03.26 15:30:00|63.95|67.04000000000001|63.37|66.51000000000001|6547
2020.03.26 16:30:00|66.52|67.59999999999999|65.42|67.55|5931
2020.03.26 17:30:00|67.55|68.04000000000001|66.66|67.73999999999999|6008
2020.03.26 18:30:00|67.75|69.31999999999999|67.61|67.63|5111
2020.03.26 19:30:00|67.62|68.43000000000001|67.26000000000001|68.17|4643
2020.03.26 20:30:00|68.17|69.17|68.11|69.17|5141
2020.03.26 21:30:00|69.17|69.5|68.11|68.83|6166
2020.03.27 15:30:00|66.37|67.64|65.81|66.2|6077
2020.03.27 16:30:00|66.19|68.34|65.79000000000001|67.41|4929
2020.03.27 17:30:00|67.43000000000001|67.56999999999999|66.41|66.81999999999999|4157
2020.03.27 18:30:00|66.81|67.78|66.7|67.22|3839
2020.03.27 19:30:00|67.22|68.31999999999999|67.19|67.59|4928
2020.03.27 20:30:00|67.59999999999999|68.97|67.37|68.66|5819
2020.03.27 21:30:00|68.66|68.72|65.98999999999999|66.36|6058
2020.03.30 16:30:00|67.27|68.48|65.91|68.15000000000001|6143
2020.03.30 17:30:00|68.16|69.33|68.13|68.92|5906
2020.03.30 18:30:00|68.93000000000001|69.01000000000001|67.66|68.37|5070
2020.03.30 19:30:00|68.36|68.55|67.86|68.40000000000001|4732
2020.03.30 20:30:00|68.41|68.93000000000001|68.17|68.62|4670
2020.03.30 21:30:00|68.62|69.28|68.11|68.5|5668
2020.03.30 22:30:00|68.5|69.01000000000001|68.37|68.84|4866
2020.03.31 16:30:00|69.03|70.19|68.92|69.59|7265
2020.03.31 17:30:00|69.58|69.72|69.16|69.38|5815
2020.03.31 18:30:00|69.38|69.79000000000001|68|68.59999999999999|4532
2020.03.31 19:30:00|68.62|68.62|67.26000000000001|67.38|5178
2020.03.31 20:30:00|67.38|67.83|67.11|67.58|4291
2020.03.31 21:30:00|67.58|67.97|66.51000000000001|66.54000000000001|5000
2020.03.31 22:30:00|66.54000000000001|67.83|66.54000000000001|67.51000000000001|5617
2020.04.01 16:30:00|65.67|66.67|65.09|66.65000000000001|7008
2020.04.01 17:30:00|66.64|68.56|66.45|67.34999999999999|6252
2020.04.01 18:30:00|67.34999999999999|67.73999999999999|66.34999999999999|66.42|4943
2020.04.01 19:30:00|66.45|66.66|65.90000000000001|66.55|4799
2020.04.01 20:30:00|66.55|66.68000000000001|66.19|66.47|4528
2020.04.01 21:30:00|66.45999999999999|66.68000000000001|65.8|65.94|3976
2020.04.01 22:30:00|65.95|66.23|65.03|65.77|4876
2020.04.02 16:30:00|66.55|67.34999999999999|65.87|66.56999999999999|8414
2020.04.02 17:30:00|66.56999999999999|67.23|66.04000000000001|66.41|7691
2020.04.02 18:30:00|66.41|67.84999999999999|66.40000000000001|67.11|4981
2020.04.02 19:30:00|67.13|67.54000000000001|66.11|66.14|4614
2020.04.02 20:30:00|66.13|66.5|65.28|65.95999999999999|5293
2020.04.02 21:30:00|65.95999999999999|67.81|65.61|67.06|7093
2020.04.02 22:30:00|67.06999999999999|68.04000000000001|66.86|67.81999999999999|4926
2020.04.03 16:30:00|67.97|68.5|66.92|67.14|4071
2020.04.03 17:30:00|67.16|67.20999999999999|66.26000000000001|66.68000000000001|4089
2020.04.03 18:30:00|66.67|66.79000000000001|65.56999999999999|65.68000000000001|3857
2020.04.03 19:30:00|65.66|66.31999999999999|65.42|65.47|3360
2020.04.03 20:30:00|65.47|65.54000000000001|64.89|65.54000000000001|3564
2020.04.03 21:30:00|65.53|65.69|64.76000000000001|65.15000000000001|4442
2020.04.03 22:30:00|65.16|65.51000000000001|64.40000000000001|65.06999999999999|4229
2020.04.06 16:30:00|67.94|69.06|67.47|68.67|5486
2020.04.06 17:30:00|68.7|69.19|68.08|69.18000000000001|3970
2020.04.06 18:30:00|69.18000000000001|69.90000000000001|68.94|69.8|4050
2020.04.06 19:30:00|69.81|69.89|69.41|69.59999999999999|3023
2020.04.06 20:30:00|69.59999999999999|69.98|69.26000000000001|69.55|2529
2020.04.06 21:30:00|69.56|69.84999999999999|69.47|69.73999999999999|2493
2020.04.06 22:30:00|69.75|71.22|69.7|70.84999999999999|3108
2020.04.07 16:30:00|72.88|73.22|70.70999999999999|71.69|8196
2020.04.07 17:30:00|71.69|73.03|71.51000000000001|72.98999999999999|6696
2020.04.07 18:30:00|72.98999999999999|73.95999999999999|72.81999999999999|73.56|4227
2020.04.07 19:30:00|73.56999999999999|74.75|73.34|74.31|6159
2020.04.07 20:30:00|74.33|74.44|73.03|73.40000000000001|5339
2020.04.07 21:30:00|73.42|73.56999999999999|72.36|72.55|6244
2020.04.07 22:30:00|72.56999999999999|73.92|72.48|72.48|5941
2020.04.08 16:30:00|73.55|74.08|72.28|72.95999999999999|6938
2020.04.08 17:30:00|72.97|73.66|72.64|73.65000000000001|4453
2020.04.08 18:30:00|73.65000000000001|73.81999999999999|72.94|73.22|3312
2020.04.08 19:30:00|73.23|73.73|73.15000000000001|73.41|4181
2020.04.08 20:30:00|73.40000000000001|73.59|72.79000000000001|73.54000000000001|3391
2020.04.08 21:30:00|73.52|74.22|73.52|73.66|3756
2020.04.08 22:30:00|73.68000000000001|74.05|72.86|73.15000000000001|4038
2020.04.09 16:30:00|74.13|74.69|72.05|72.94|7532
2020.04.09 17:30:00|72.95|73.41|71.56|72.42|6850
2020.04.09 18:30:00|72.41|72.92|72.06999999999999|72.56999999999999|4130
2020.04.09 19:30:00|72.58|73.27|72.23999999999999|72.84999999999999|3924
2020.04.09 20:30:00|72.86|73|71.97|72.06999999999999|5434
2020.04.09 21:30:00|72.06|72.31|70.03|70.26000000000001|7320
2020.04.09 22:30:00|70.26000000000001|71.90000000000001|70.03|71.41|5361
2020.04.13 16:30:00|71.61|73.28|71.44|72.55|6641
2020.04.13 17:30:00|72.52|72.95|72.26000000000001|72.55|4821
2020.04.13 18:30:00|72.56|72.95999999999999|72.23|72.61|3903
2020.04.13 19:30:00|72.61|72.86|72.19|72.3|3562
2020.04.13 20:30:00|72.3|72.70999999999999|72.19|72.52|3548
2020.04.13 21:30:00|72.53|73.03|72.34|72.91|4343
2020.04.13 22:30:00|72.92|73.36|72.8|73.14|3495
2020.04.14 16:30:00|75.48999999999999|76.73999999999999|75.15000000000001|76.70999999999999|7953
2020.04.14 17:30:00|76.72|76.97|75.88|76.72|5368
2020.04.14 18:30:00|76.69|77.40000000000001|76.69|77.04000000000001|4298
2020.04.14 19:30:00|77.05|77.15000000000001|76.15000000000001|76.59|3298
2020.04.14 20:30:00|76.59|77.52|76.59|77.26000000000001|3038
2020.04.14 21:30:00|77.26000000000001|77.31|76.76000000000001|77.08|3213
2020.04.14 22:30:00|77.08|77.43000000000001|77|77.42|2470
2020.04.15 16:30:00|75.62|75.94|73.98999999999999|74.42|6882
2020.04.15 17:30:00|74.41|74.94|74.28|74.70999999999999|4339
2020.04.15 18:30:00|74.7|75.01000000000001|73.88|74.18000000000001|4007
2020.04.15 19:30:00|74.17|74.94|74.14|74.59999999999999|2959
2020.04.15 20:30:00|74.59999999999999|75.12|74.34999999999999|75.02|3373
2020.04.15 21:30:00|75.03|75.48|74.91|75.22|3423
2020.04.15 22:30:00|75.22|76.19|74.93000000000001|75.84999999999999|2369
2020.04.16 16:30:00|76.95999999999999|77.47|75.23999999999999|76|6062
2020.04.16 17:30:00|75.98999999999999|76.95|75.70999999999999|76.77|4986
2020.04.16 18:30:00|76.76000000000001|77.53|75.95|76.19|5772
2020.04.16 19:30:00|76.19|76.37|75.66|76.23999999999999|5966
2020.04.16 20:30:00|76.23|76.48999999999999|75.89|76.31999999999999|4782
2020.04.16 21:30:00|76.31|76.62|76.11|76.43000000000001|5315
2020.04.16 22:30:00|76.44|77.18000000000001|76.38|76.70999999999999|3084
2020.04.17 16:30:00|77.73999999999999|77.73999999999999|76.02|76.41|6306
2020.04.17 17:30:00|76.43000000000001|76.79000000000001|75.81|76.03|4215
2020.04.17 18:30:00|76.04000000000001|76.38|75.56|75.67|3859
2020.04.17 19:30:00|75.68000000000001|76.3|75.67|75.72|2943
2020.04.17 20:30:00|75.73|76.17|75.58|75.61|2543
2020.04.17 21:30:00|75.61|75.95|75.33|75.86|2599
2020.04.17 22:30:00|75.87|76.52|75.73|75.93000000000001|2519
2020.04.20 16:30:00|74.69|75.73999999999999|74.68000000000001|75.64|4483
2020.04.20 17:30:00|75.63|76.09|75.48|75.62|3461
2020.04.20 18:30:00|75.61|75.77|75.28|75.52|2757
2020.04.20 19:30:00|75.53|75.87|75.20999999999999|75.27|2495
2020.04.20 20:30:00|75.28|75.31|74.54000000000001|74.58|3108
2020.04.20 21:30:00|74.59|74.83|73.95|74.36|4606
2020.04.20 22:30:00|74.36|74.62|74.01000000000001|74.09|3016
2020.04.21 16:30:00|73.41|73.8|72.77|72.91|6947
2020.04.21 17:30:00|72.89|72.95999999999999|71.89|72.34|7310
2020.04.21 18:30:00|72.34|72.68000000000001|71.8|72.31999999999999|6298
2020.04.21 19:30:00|72.33|72.64|71.94|72.55|4729
2020.04.21 20:30:00|72.56|73.26000000000001|72.29000000000001|72.90000000000001|5474
2020.04.21 21:30:00|72.94|72.98|71.81|72.26000000000001|4952
2020.04.21 22:30:00|72.27|72.54000000000001|71.61|71.61|4251
2020.04.22 16:30:00|73.37|73.62|72.59|73.06|5843
2020.04.22 17:30:00|73.08|73.53|72.93000000000001|73.19|4802
2020.04.22 18:30:00|73.18000000000001|73.73|73.16|73.68000000000001|3099
2020.04.22 19:30:00|73.68000000000001|74.15000000000001|73.64|74.11|2499
2020.04.22 20:30:00|74.12|74.48999999999999|74.03|74.42|3069
2020.04.22 21:30:00|74.43000000000001|74.97|74.42|74.73999999999999|2655
2020.04.22 22:30:00|74.73999999999999|75.18000000000001|74.51000000000001|74.52|2485
2020.04.23 16:30:00|74.67|75.34|74.39|75.23|4658
2020.04.23 17:30:00|75.23999999999999|75.93000000000001|75.19|75.81|3507
2020.04.23 18:30:00|75.81999999999999|75.98999999999999|75.25|75.98999999999999|2887
2020.04.23 19:30:00|76|76.02|74.3|74.95|6123
2020.04.23 20:30:00|74.95|75.22|74.22|74.77|4588
2020.04.23 21:30:00|74.79000000000001|75.2|74.39|74.59|3645
2020.04.23 22:30:00|74.56999999999999|74.8|73.61|73.65000000000001|3422
2020.04.24 16:30:00|74.08|74.53|73.52|74.09999999999999|5529
2020.04.24 17:30:00|74.12|74.64|74.02|74.51000000000001|4684
2020.04.24 18:30:00|74.51000000000001|74.89|74.37|74.76000000000001|3353
2020.04.24 19:30:00|74.78|74.98999999999999|74.47|74.56|2543
2020.04.24 20:30:00|74.56|75.56|74.56|75.43000000000001|3167
2020.04.24 21:30:00|75.42|75.64|75.12|75.59999999999999|3294
2020.04.24 22:30:00|75.59|75.97|75.56999999999999|75.90000000000001|2582
2020.04.27 16:30:00|76.63|77.66|76.41|76.70999999999999|6172
2020.04.27 17:30:00|76.70999999999999|76.8|76.06|76.65000000000001|5462
2020.04.27 18:30:00|76.63|76.72|75.95999999999999|76.09999999999999|3639
2020.04.27 19:30:00|76.09999999999999|76.41|75.39|75.63|3322
2020.04.27 20:30:00|75.63|75.95|75.34999999999999|75.58|3420
2020.04.27 21:30:00|75.59|75.93000000000001|75.54000000000001|75.75|2413
2020.04.27 22:30:00|75.76000000000001|75.97|75.67|75.83|1738
2020.04.28 16:30:00|77|77.62|76.48999999999999|77.01000000000001|5433
2020.04.28 17:30:00|77.02|77.27|75.95999999999999|76.47|6315
2020.04.28 18:30:00|76.47|76.79000000000001|76.06|76.27|5512
2020.04.28 19:30:00|76.28|76.52|76.17|76.44|4031
2020.04.28 20:30:00|76.44|76.87|76.31999999999999|76.76000000000001|3474
2020.04.28 21:30:00|76.76000000000001|76.84999999999999|76.06|76.23|3829
2020.04.28 22:30:00|76.23|76.31|75.04000000000001|75.06999999999999|2784
2020.04.29 16:30:00|76.84999999999999|78.01000000000001|76.66|77.91|5685
2020.04.29 17:30:00|77.92|78|77.39|77.8|3500
2020.04.29 18:30:00|77.8|77.94|77.58|77.84|2213
2020.04.29 19:30:00|77.84999999999999|78.23999999999999|77.76000000000001|77.88|2055
2020.04.29 20:30:00|77.89|78.26000000000001|77.8|78.08|3583
2020.04.29 21:30:00|78.09|78.78|77.84999999999999|78.78|2737
2020.04.29 22:30:00|78.77|79.09999999999999|78.39|78.8|2110
2020.04.30 16:30:00|79.95999999999999|80.69|77.14|77.95999999999999|9509
2020.04.30 17:30:00|77.98|80.55|77.73999999999999|80.03|7836
2020.04.30 18:30:00|80.04000000000001|80.47|78.19|78.23999999999999|5248
2020.04.30 19:30:00|78.23999999999999|79.25|77.98999999999999|78.68000000000001|3071
2020.04.30 20:30:00|78.69|78.81|77.95999999999999|78.45|3080
2020.04.30 21:30:00|78.42|78.98999999999999|77.86|78.81999999999999|3411
2020.04.30 22:30:00|78.83|78.87|78.31|78.54000000000001|3168
2020.05.01 16:30:00|76.63|77.41|76.14|76.26000000000001|4756
2020.05.01 17:30:00|76.27|76.48999999999999|75.44|75.44|4191
2020.05.01 18:30:00|75.43000000000001|75.52|74.69|75.09|4212
2020.05.01 19:30:00|75.09|75.44|74.7|75.09999999999999|3593
2020.05.01 20:30:00|75.09|75.15000000000001|74.53|74.89|2750
2020.05.01 21:30:00|74.90000000000001|75.34999999999999|74.72|75.22|3585
2020.05.01 22:30:00|75.20999999999999|75.81|75.2|75.56999999999999|3350
2020.05.04 16:30:00|74.59999999999999|75.13|73.94|74.65000000000001|5407
2020.05.04 17:30:00|74.65000000000001|75.45|74.59|75.27|4927
2020.05.04 18:30:00|75.29000000000001|75.65000000000001|75.01000000000001|75.02|3206
2020.05.04 19:30:00|75.03|75.09999999999999|74.14|74.34|3479
2020.05.04 20:30:00|74.34999999999999|74.87|74.27|74.66|2327
2020.05.04 21:30:00|74.65000000000001|75.05|74.42|74.97|2575
2020.05.04 22:30:00|74.95999999999999|75.73|74.91|75.55|1918
2020.05.05 16:30:00|76.59|78.67|76.53|78.01000000000001|6638
2020.05.05 17:30:00|78|78.39|77.95999999999999|78.03|3572
2020.05.05 18:30:00|78.04000000000001|78.28|77.97|77.98|2556
2020.05.05 19:30:00|77.98999999999999|78.06|77.7|77.94|2361
2020.05.05 20:30:00|77.95|78.12|77.90000000000001|78|1887
2020.05.05 21:30:00|78|78.17|77.54000000000001|77.63|2634
2020.05.05 22:30:00|77.59999999999999|77.66|76.84|77.48|4380
2020.05.06 16:30:00|78.68000000000001|79.69|78.52|79.09|6903
2020.05.06 17:30:00|79.09999999999999|80|78.95|79.62|4785
2020.05.06 18:30:00|79.62|79.90000000000001|79.37|79.48999999999999|4049
2020.05.06 19:30:00|79.5|79.75|79.31|79.51000000000001|2917
2020.05.06 20:30:00|79.52|79.83|79.41|79.45999999999999|2839
2020.05.06 21:30:00|79.44|79.59999999999999|79.31|79.34|3924
2020.05.06 22:30:00|79.33|79.33|78.36|78.73|3376
2020.05.07 16:30:00|79.8|79.91|78.34|78.68000000000001|5834
2020.05.07 17:30:00|78.69|78.83|78.12|78.66|5064
2020.05.07 18:30:00|78.67|79.59|78.62|79.42|3361
2020.05.07 19:30:00|79.42|79.47|79.09999999999999|79.17|2448
2020.05.07 20:30:00|79.16|79.28|78.7|78.84999999999999|2672
2020.05.07 21:30:00|78.86|79.15000000000001|78.69|79|3485
2020.05.07 22:30:00|78.98999999999999|79.03|78.56|78.69|3080
2020.05.08 16:30:00|79.89|80.84999999999999|79.22|80.84|5283
2020.05.08 17:30:00|80.83|80.94|80.17|80.26000000000001|3192
2020.05.08 18:30:00|80.25|80.34999999999999|79.94|80.11|1767
2020.05.08 19:30:00|80.09|80.34|79.84999999999999|79.93000000000001|1682
2020.05.08 20:30:00|79.93000000000001|80.2|79.72|80.19|2235
2020.05.08 21:30:00|80.2|80.20999999999999|79.87|80.16|2167
2020.05.08 22:30:00|80.15000000000001|80.51000000000001|80.08|80.43000000000001|1056
2020.05.11 16:30:00|80.13|80.22|79.38|80.06|5319
2020.05.11 17:30:00|80.05|80.44|79.94|80.42|3451
2020.05.11 18:30:00|80.41|80.78|80.27|80.68000000000001|1905
2020.05.11 19:30:00|80.68000000000001|80.86|80.34|80.77|1981
2020.05.11 20:30:00|80.76000000000001|81.11|80.48|80.68000000000001|2116
2020.05.11 21:30:00|80.68000000000001|81.03|80.48|80.62|2307
2020.05.11 22:30:00|80.61|80.69|80.34999999999999|80.34999999999999|2223
2020.05.12 16:30:00|81.26000000000001|81.62|80.41|81.31|5117
2020.05.12 17:30:00|81.31|81.54000000000001|80.67|80.73|4188
2020.05.12 18:30:00|80.75|81.02|80.58|80.98999999999999|3069
2020.05.12 19:30:00|80.98999999999999|81.26000000000001|80.36|80.47|3668
2020.05.12 20:30:00|80.47|80.8|80.41|80.48|3037
2020.05.12 21:30:00|80.48|80.59|79.73|79.76000000000001|4267
2020.05.12 22:30:00|79.75|79.87|78.34|78.34|3981
2020.05.13 16:30:00|78.48|79.28|77.66|79.22|6215
2020.05.13 17:30:00|79.23|79.36|78|78.23|4989
2020.05.13 18:30:00|78.23|78.38|76.87|77.17|7209
2020.05.13 19:30:00|77.15000000000001|77.45|76.69|77.25|5676
2020.05.13 20:30:00|77.23999999999999|77.40000000000001|76.73|77.09999999999999|4914
2020.05.13 21:30:00|77.09|77.45999999999999|76.59999999999999|77.01000000000001|5810
2020.05.13 22:30:00|76.98999999999999|78.18000000000001|76.87|77.87|3815
2020.05.14 16:30:00|77.76000000000001|77.91|76.36|76.37|6943
2020.05.14 17:30:00|76.36|78.58|76.33|77.79000000000001|7164
2020.05.14 18:30:00|77.81|78.25|77.33|77.62|6696
2020.05.14 19:30:00|77.61|78.20999999999999|77.33|78.17|4628
2020.05.14 20:30:00|78.17|78.5|77.92|78.43000000000001|4296
2020.05.14 21:30:00|78.44|79.7|78.12|79.51000000000001|6256
2020.05.14 22:30:00|79.52|79.84999999999999|78.98999999999999|79.73|3474
2020.05.15 16:30:00|74.51000000000001|77.54000000000001|74.23|77|10341
2020.05.15 17:30:00|77|77.3|74.87|74.89|6671
2020.05.15 18:30:00|74.88|75.55|74.67|75.45999999999999|4310
2020.05.15 19:30:00|75.45|76.04000000000001|75.08|75.54000000000001|3994
2020.05.15 20:30:00|75.53|76.03|75.09999999999999|75.94|3145
2020.05.15 21:30:00|75.95|76.59|75.81999999999999|75.91|6427
2020.05.15 22:30:00|75.92|76.15000000000001|75.44|75.62|2952
2020.05.18 16:30:00|77.51000000000001|78.37|77.37|78.12|7465
2020.05.18 17:30:00|78.13|79.63|78.12|79.17|4362
2020.05.18 18:30:00|79.19|79.41|78.72|79.08|3656
2020.05.18 19:30:00|79.09|79.75|78.8|79.73999999999999|2715
2020.05.18 20:30:00|79.72|79.83|79.18000000000001|79.47|2776
2020.05.18 21:30:00|79.45|79.83|79.29000000000001|79.76000000000001|2505
2020.05.18 22:30:00|79.76000000000001|80.03|79.58|79.77|2104
2020.05.19 16:30:00|79.26000000000001|79.70999999999999|78.86|79.59999999999999|5164
2020.05.19 17:30:00|79.59999999999999|80.01000000000001|79.31999999999999|79.40000000000001|4219
2020.05.19 18:30:00|79.38|79.61|79.01000000000001|79.31|3752
2020.05.19 19:30:00|79.3|79.68000000000001|79.28|79.61|2612
2020.05.19 20:30:00|79.62|79.84|79.42|79.58|2396
2020.05.19 21:30:00|79.58|79.83|78.91|79.16|5400
2020.05.19 22:30:00|79.14|79.15000000000001|77.88|77.88|4019
2020.05.20 16:30:00|81|81.8|79.92|81.58|5976
2020.05.20 17:30:00|81.59|81.65000000000001|81.19|81.52|2850
2020.05.20 18:30:00|81.5|81.58|80.78|80.84999999999999|2193
2020.05.20 19:30:00|80.86|81.09999999999999|80.22|80.31|2824
2020.05.20 20:30:00|80.31999999999999|80.55|80.01000000000001|80.34999999999999|3194
2020.05.20 21:30:00|80.31999999999999|80.79000000000001|80.22|80.45|2361
2020.05.20 22:30:00|80.45999999999999|80.58|80.22|80.43000000000001|1814
2020.05.21 16:30:00|79.81|79.94|78.51000000000001|78.58|4738
2020.05.21 17:30:00|78.56999999999999|78.59|77.73|78.02|4825
2020.05.21 18:30:00|78.02|78.92|78.01000000000001|78.66|3936
2020.05.21 19:30:00|78.65000000000001|78.78|78.15000000000001|78.58|4173
2020.05.21 20:30:00|78.58|78.73|78.41|78.69|2849
2020.05.21 21:30:00|78.7|78.73999999999999|77.95999999999999|78.06|3811
2020.05.21 22:30:00|78.05|78.14|77.78|77.89|2455
2020.05.22 16:30:00|77.93000000000001|78.08|77.14|77.42|4808
2020.05.22 17:30:00|77.44|77.58|77.14|77.44|4202
2020.05.22 18:30:00|77.43000000000001|77.56999999999999|77.34|77.5|2142
2020.05.22 19:30:00|77.51000000000001|77.92|77.48|77.91|1732
2020.05.22 20:30:00|77.91|78.3|77.68000000000001|78.06999999999999|1841
2020.05.22 21:30:00|78.08|78.38|78.06999999999999|78.26000000000001|2530
2020.05.22 22:30:00|78.25|78.61|78.16|78.55|1938
2020.05.26 16:30:00|80.09999999999999|80.41|79.04000000000001|79.19|5253
2020.05.26 17:30:00|79.18000000000001|79.76000000000001|78.94|79|4213
2020.05.26 18:30:00|79.01000000000001|79.2|78.33|78.79000000000001|3356
2020.05.26 19:30:00|78.8|79.01000000000001|78.26000000000001|78.31999999999999|2317
2020.05.26 20:30:00|78.31999999999999|78.47|78.06|78.33|1575
2020.05.26 21:30:00|78.31999999999999|78.5|78.18000000000001|78.41|1894
2020.05.26 22:30:00|78.40000000000001|78.43000000000001|77.63|77.86|2906
2020.05.27 16:30:00|77.81999999999999|78.48|77.14|77.16|6045
2020.05.27 17:30:00|77.16|77.16|76.01000000000001|76.73|7504
2020.05.27 18:30:00|76.73|77.52|76.43000000000001|77.41|5977
2020.05.27 19:30:00|77.40000000000001|77.67|77.04000000000001|77.67|4307
2020.05.27 20:30:00|77.66|78.63|77.47|78.61|4722
2020.05.27 21:30:00|78.61|79.01000000000001|78.23|78.77|2842
2020.05.27 22:30:00|78.76000000000001|79.16|78.51000000000001|79.15000000000001|1940
2020.05.28 16:30:00|80.45999999999999|81.29000000000001|79.59999999999999|80.61|6258
2020.05.28 17:30:00|80.61|80.62|79.68000000000001|79.87|4837
2020.05.28 18:30:00|79.86|80.53|79.70999999999999|80.42|3562
2020.05.28 19:30:00|80.41|80.98999999999999|80.37|80.89|2218
2020.05.28 20:30:00|80.89|80.91|80.01000000000001|80.09|3660
2020.05.28 21:30:00|80.11|80.17|78.95999999999999|78.98999999999999|5619
2020.05.28 22:30:00|78.98|79.09999999999999|77.59|77.91|4589
2020.05.29 16:30:00|78.05|79.03|77.76000000000001|78.06|5567
2020.05.29 17:30:00|78.08|78.54000000000001|77.79000000000001|78.45999999999999|5549
2020.05.29 18:30:00|78.45999999999999|78.8|77.95999999999999|78.23|4449
2020.05.29 19:30:00|78.23999999999999|78.90000000000001|77.76000000000001|78.54000000000001|5158
2020.05.29 20:30:00|78.53|79.3|78.22|79.2|4846
2020.05.29 21:30:00|79.2|80.54000000000001|78.2|80.28|9054
2020.05.29 22:30:00|80.28|81.02|80.19|80.92|3599
2020.06.01 16:30:00|79.58|80.13|79.06999999999999|79.94|6151
2020.06.01 17:30:00|79.93000000000001|80.31999999999999|79.61|79.69|3950
2020.06.01 18:30:00|79.69|80.09999999999999|79.59999999999999|79.91|1773
2020.06.01 19:30:00|79.93000000000001|80.17|79.88|80.06|1735
2020.06.01 20:30:00|80.06|80.08|79.70999999999999|79.73999999999999|1349
2020.06.01 21:30:00|79.75|79.97|79.56|79.72|1615
2020.06.01 22:30:00|79.72|79.83|79.56|79.59|1484
2020.06.02 16:30:00|79.95|81.66|79.84|81.23999999999999|4759
2020.06.02 17:30:00|81.25|81.28|80.53|80.73|4738
2020.06.02 18:30:00|80.72|81.34999999999999|80.63|81.3|2898
2020.06.02 19:30:00|81.31|81.44|81.18000000000001|81.27|1445
2020.06.02 20:30:00|81.28|81.84|81.22|81.63|1916
2020.06.02 21:30:00|81.64|83.02|81.37|83.01000000000001|3119
2020.06.02 22:30:00|83.02|84.72|82.98999999999999|84.48999999999999|3023
2020.06.03 16:30:00|85.28|85.8|83.48|83.87|7406
2020.06.03 17:30:00|83.86|84.84|83.73999999999999|84.59|3834
2020.06.03 18:30:00|84.59|84.88|84.08|84.31|3038
2020.06.03 19:30:00|84.31999999999999|85.06999999999999|84.25|84.98999999999999|1872
2020.06.03 20:30:00|85|85.08|84.38|84.73|1955
2020.06.03 21:30:00|84.73|84.76000000000001|84.19|84.31|2384
2020.06.03 22:30:00|84.31|84.36|83.91|83.95|1479
2020.06.04 16:30:00|84.18000000000001|86.28|84.18000000000001|86.27|5477
2020.06.04 17:30:00|86.26000000000001|86.54000000000001|85.25|85.48999999999999|4077
2020.06.04 18:30:00|85.5|86.16|85.33|85.86|3599
2020.06.04 19:30:00|85.84999999999999|85.90000000000001|85.20999999999999|85.26000000000001|2286
2020.06.04 20:30:00|85.27|85.88|85.27|85.73999999999999|1574
2020.06.04 21:30:00|85.73999999999999|86.09|85.39|85.53|3369
2020.06.04 22:30:00|85.53|86.12|85.47|85.90000000000001|2166
2020.06.05 16:30:00|88.09|89.33|88.06|88.39|7563
2020.06.05 17:30:00|88.38|88.94|88|88.84999999999999|2942
2020.06.05 18:30:00|88.84999999999999|89.17|88.56|89.09|2512
2020.06.05 19:30:00|89.08|89.22|88.84|89.06999999999999|2263
2020.06.05 20:30:00|89.05|89.12|88.45|88.91|2151
2020.06.05 21:30:00|88.90000000000001|88.98|88.14|88.38|3980
2020.06.05 22:30:00|88.39|88.55|88.05|88.45999999999999|2818
2020.06.08 16:30:00|88.92|89.59|88.19|88.56999999999999|4891
2020.06.08 17:30:00|88.58|89.76000000000001|88.45999999999999|89.56|2913
2020.06.08 18:30:00|89.56999999999999|89.76000000000001|88.98|89.34|2315
2020.06.08 19:30:00|89.34|89.7|89.3|89.56999999999999|1664
2020.06.08 20:30:00|89.56999999999999|90.58|89.45999999999999|90.58|2272
2020.06.08 21:30:00|90.58|90.86|90.34999999999999|90.62|1736
2020.06.08 22:30:00|90.62|91.34999999999999|90.61|91.23999999999999|2122
2020.06.09 16:30:00|90.05|90.06999999999999|88.92|89.43000000000001|5846
2020.06.09 17:30:00|89.42|90.22|89.37|89.64|3414
2020.06.09 18:30:00|89.63|89.77|89.05|89.3|2264
2020.06.09 19:30:00|89.3|89.72|89.11|89.69|1820
2020.06.09 20:30:00|89.67|89.89|89.36|89.47|1864
2020.06.09 21:30:00|89.45999999999999|89.93000000000001|89.43000000000001|89.89|2506
2020.06.09 22:30:00|89.90000000000001|90.08|89.55|89.61|2366
2020.06.10 16:30:00|90.40000000000001|91.81999999999999|89.87|91.76000000000001|6625
2020.06.10 17:30:00|91.76000000000001|91.94|91.08|91.51000000000001|3921
2020.06.10 18:30:00|91.51000000000001|91.86|91.45|91.75|3385
2020.06.10 19:30:00|91.72|91.77|91.31999999999999|91.44|1535
2020.06.10 20:30:00|91.43000000000001|91.98999999999999|91.02|91.8|3373
2020.06.10 21:30:00|91.81999999999999|91.83|90.65000000000001|91.56999999999999|6360
2020.06.10 22:30:00|91.55|91.61|90.83|90.88|3164
2020.06.11 16:30:00|88.09999999999999|88.70999999999999|86.59999999999999|87.18000000000001|8370
2020.06.11 17:30:00|87.18000000000001|87.92|86.75|86.81999999999999|6574
2020.06.11 18:30:00|86.81999999999999|86.93000000000001|86.22|86.36|7057
2020.06.11 19:30:00|86.36|87.11|85.76000000000001|86.34999999999999|8541
2020.06.11 20:30:00|86.34999999999999|86.52|85.56999999999999|85.84|7209
2020.06.11 21:30:00|85.84|85.95999999999999|84.06|84.34|8809
2020.06.11 22:30:00|84.34|84.98|83.79000000000001|83.81999999999999|6004
2020.06.12 16:30:00|86.26000000000001|86.98999999999999|85.76000000000001|85.79000000000001|8191
2020.06.12 17:30:00|85.81|86|84.15000000000001|84.73999999999999|10905
2020.06.12 18:30:00|84.75|85.88|84.54000000000001|85.22|8856
2020.06.12 19:30:00|85.22|85.23|84.31999999999999|84.48|8403
2020.06.12 20:30:00|84.48999999999999|84.62|83.39|84.19|12376
2020.06.12 21:30:00|84.2|85.09999999999999|83.98|84.11|11618
2020.06.12 22:30:00|84.12|85.31999999999999|83.95999999999999|85.15000000000001|5515
2020.06.15 16:30:00|83.55|84.45999999999999|82.95999999999999|83.88|9783
2020.06.15 17:30:00|83.88|84.53|83.55|84.14|7751
2020.06.15 18:30:00|84.16|85.36|83.83|85.09999999999999|6156
2020.06.15 19:30:00|85.09|85.5|84.95999999999999|85.18000000000001|4189
2020.06.15 20:30:00|85.17|86.20999999999999|84.88|86.09|6668
2020.06.15 21:30:00|86.11|86.42|85.69|85.72|7494
2020.06.15 22:30:00|85.72|86.3|85.36|86.25|4741
2020.06.16 16:30:00|90.09|90.19|88.87|89.89|7701
2020.06.16 17:30:00|89.89|90.06999999999999|87.59|89.06|10109
2020.06.16 18:30:00|89.08|89.66|88.79000000000001|89.22|8351
2020.06.16 19:30:00|89.20999999999999|89.87|89.2|89.48|6151
2020.06.16 20:30:00|89.47|89.7|89.01000000000001|89.45999999999999|7095
2020.06.16 21:30:00|89.45999999999999|89.76000000000001|88.37|88.87|7057
2020.06.16 22:30:00|88.88|89.45999999999999|88.33|89.43000000000001|5255
2020.06.17 16:30:00|90.06999999999999|90.64|89.16|89.31999999999999|7352
2020.06.17 17:30:00|89.31999999999999|89.98|89.22|89.62|5160
2020.06.17 18:30:00|89.61|89.8|89.42|89.48999999999999|2375
2020.06.17 19:30:00|89.48|90.47|89.45|90.43000000000001|2260
2020.06.17 20:30:00|90.41|90.94|90.28|90.47|2188
2020.06.17 21:30:00|90.47|90.68000000000001|89.73999999999999|89.84999999999999|3747
2020.06.17 22:30:00|89.86|90.03|89.54000000000001|89.75|3113
2020.06.18 16:30:00|89.51000000000001|90.31999999999999|88.86|89.77|5980
2020.06.18 17:30:00|89.79000000000001|90.23999999999999|89.38|90.16|5121
2020.06.18 18:30:00|90.15000000000001|90.17|89.48|89.72|2893
2020.06.18 19:30:00|89.73999999999999|89.77|89.31|89.38|1771
2020.06.18 20:30:00|89.39|89.67|89.38|89.58|1796
2020.06.18 21:30:00|89.58|89.70999999999999|89.16|89.20999999999999|2694
2020.06.18 22:30:00|89.22|89.84999999999999|89.16|89.8|2146
2020.06.19 16:30:00|89.81999999999999|90.11|89.42|89.66|4756
2020.06.19 17:30:00|89.65000000000001|89.73999999999999|88.93000000000001|89.11|3304
2020.06.19 18:30:00|89.11|89.34|87.38|87.98|4867
2020.06.19 19:30:00|87.98|88.64|87.81999999999999|87.92|4657
2020.06.19 20:30:00|87.90000000000001|88.03|87.41|87.72|6629
2020.06.19 21:30:00|87.72|88.44|87.63|88.09999999999999|4820
2020.06.19 22:30:00|88.09999999999999|88.88|87.76000000000001|88.65000000000001|4039
2020.06.22 16:30:00|88.39|89.12|87.48|88.98999999999999|4838
2020.06.22 17:30:00|88.98|89.04000000000001|88.23999999999999|88.73|2576
2020.06.22 18:30:00|88.73999999999999|89.22|88.64|89.13|2246
2020.06.22 19:30:00|89.12|89.29000000000001|88.67|88.70999999999999|1798
2020.06.22 20:30:00|88.70999999999999|89.16|88.58|88.92|2153
2020.06.22 21:30:00|88.94|89.15000000000001|88.42|88.56999999999999|3120
2020.06.22 22:30:00|88.56999999999999|89.01000000000001|88.54000000000001|89.01000000000001|2243
2020.06.23 16:30:00|89.8|89.93000000000001|89.23|89.56999999999999|4908
2020.06.23 17:30:00|89.56999999999999|90.20999999999999|89.17|90.13|3117
2020.06.23 18:30:00|90.12|90.44|89.88|90.26000000000001|2269
2020.06.23 19:30:00|90.27|90.34|90.13|90.17|1713
2020.06.23 20:30:00|90.18000000000001|90.45999999999999|89.98999999999999|90.11|2779
2020.06.23 21:30:00|90.11|90.40000000000001|89.76000000000001|89.79000000000001|3481
2020.06.23 22:30:00|89.78|89.88|89.06|89.19|2839
2020.06.24 16:30:00|88.73|89.31|88.26000000000001|88.55|6308
2020.06.24 17:30:00|88.55|88.56999999999999|87.70999999999999|88.16|6623
2020.06.24 18:30:00|88.16|88.27|87.26000000000001|87.88|6441
2020.06.24 19:30:00|87.89|88.76000000000001|87.76000000000001|88.25|3564
2020.06.24 20:30:00|88.25|89.04000000000001|87.98|88.97|5057
2020.06.24 21:30:00|88.95999999999999|89.69|88.76000000000001|89.37|6323
2020.06.24 22:30:00|89.37|89.68000000000001|88.87|88.93000000000001|3816
2020.06.25 16:30:00|88.84999999999999|89.06|87.17|87.98999999999999|7554
2020.06.25 17:30:00|88|88.51000000000001|87.66|88.01000000000001|5330
2020.06.25 18:30:00|88|88.31|87.47|88.02|3868
2020.06.25 19:30:00|88.03|88.18000000000001|87.81999999999999|88.08|2780
2020.06.25 20:30:00|88.08|88.25|87.69|87.8|2292
2020.06.25 21:30:00|87.79000000000001|88.8|87.52|88.68000000000001|3330
2020.06.25 22:30:00|88.67|89|88.51000000000001|88.78|2886
2020.06.26 16:30:00|89.01000000000001|89.58|87.75|88.08|6304
2020.06.26 17:30:00|88.06999999999999|88.15000000000001|87.38|87.8|6622
2020.06.26 18:30:00|87.81|88.61|87.66|88.53|4276
2020.06.26 19:30:00|88.54000000000001|88.98|88.26000000000001|88.84999999999999|3931
2020.06.26 20:30:00|88.86|88.93000000000001|88.18000000000001|88.27|3533
2020.06.26 21:30:00|88.29000000000001|88.36|88|88.29000000000001|4587
2020.06.26 22:30:00|88.28|88.73999999999999|87.51000000000001|87.84999999999999|3936
2020.06.29 16:30:00|87.86|87.86|86.52|87.33|4557
2020.06.29 17:30:00|87.34999999999999|87.98999999999999|87.31999999999999|87.88|4248
2020.06.29 18:30:00|87.87|88.14|87.68000000000001|88.03|3431
2020.06.29 19:30:00|88.03|88.26000000000001|88.01000000000001|88.06|2160
2020.06.29 20:30:00|88.06999999999999|88.41|87.97|88.16|1760
2020.06.29 21:30:00|88.15000000000001|88.39|88.05|88.17|2584
2020.06.29 22:30:00|88.17|88.95999999999999|88.14|88.91|2489
2020.06.30 16:30:00|89.26000000000001|91.77|89.06|91.28|6894
2020.06.30 17:30:00|91.26000000000001|91.45|90.89|90.97|2798
2020.06.30 18:30:00|90.97|91.42|90.97|91.26000000000001|2371
2020.06.30 19:30:00|91.26000000000001|91.26000000000001|90.28|90.56|3158
2020.06.30 20:30:00|90.56|90.61|90.3|90.52|2714
2020.06.30 21:30:00|90.51000000000001|90.70999999999999|90.27|90.42|3437
2020.06.30 22:30:00|90.44|91.45|90.42|91.17|3374
2020.07.01 16:30:00|91.11|91.14|89.42|90.36|6164
2020.07.01 17:30:00|90.38|90.66|89.91|89.94|3774
2020.07.01 18:30:00|89.94|90.31|89.94|90.13|1988
2020.07.01 19:30:00|90.13|90.25|89.94|90.23|2417
2020.07.01 20:30:00|90.23999999999999|90.42|89.78|89.84999999999999|2193
2020.07.01 21:30:00|89.87|90.16|89.70999999999999|90.06999999999999|2488
2020.07.01 22:30:00|90.08|90.41|89.47|89.64|2254
2020.07.02 16:30:00|90.73|91.56|90.7|91.29000000000001|4359
2020.07.02 17:30:00|91.28|91.44|90.91|91.29000000000001|4469
2020.07.02 18:30:00|91.3|92.34999999999999|91.28|92.25|3260
2020.07.02 19:30:00|92.23999999999999|92.34999999999999|92.12|92.18000000000001|2255
2020.07.02 20:30:00|92.19|92.23|91.87|92.17|1914
2020.07.02 21:30:00|92.17|92.34|92.04000000000001|92.15000000000001|1932
2020.07.02 22:30:00|92.15000000000001|92.31|91.61|91.7|1767
2020.07.06 16:30:00|93.43000000000001|93.59|92.56|92.69|5438
2020.07.06 17:30:00|92.69|93.06999999999999|92.54000000000001|92.97|2183
2020.07.06 18:30:00|92.98999999999999|92.98999999999999|92.56|92.87|2059
2020.07.06 19:30:00|92.87|92.88|92.29000000000001|92.58|1670
2020.07.06 20:30:00|92.59|92.67|91.95999999999999|92.19|2150
2020.07.06 21:30:00|92.2|92.8|92.14|92.78|2592
2020.07.06 22:30:00|92.78|92.95|92.54000000000001|92.78|1939
2020.07.07 16:30:00|92.81999999999999|93.34999999999999|92.43000000000001|92.78|5493
2020.07.07 17:30:00|92.8|93|92.48|92.61|1800
2020.07.07 18:30:00|92.62|92.84999999999999|92.56|92.68000000000001|1243
2020.07.07 19:30:00|92.68000000000001|92.90000000000001|92.52|92.77|1736
2020.07.07 20:30:00|92.77|92.84|92.42|92.61|1792
2020.07.07 21:30:00|92.61|92.61|92.28|92.43000000000001|2982
2020.07.07 22:30:00|92.45|92.58|91.77|91.86|1900
2020.07.08 16:30:00|93.14|93.40000000000001|92.64|92.73999999999999|3921
2020.07.08 17:30:00|92.70999999999999|93.01000000000001|92.16|92.51000000000001|4161
2020.07.08 18:30:00|92.51000000000001|93.01000000000001|92.43000000000001|92.88|2349
2020.07.08 19:30:00|92.89|93.33|92.88|93.05|1814
2020.07.08 20:30:00|93.05|93.12|92.81|92.97|2516
2020.07.08 21:30:00|92.98|93.33|92.76000000000001|93.17|3416
2020.07.08 22:30:00|93.16|93.43000000000001|92.95|93.43000000000001|2186
2020.07.09 16:30:00|93.47|93.55|92.51000000000001|92.81999999999999|6153
2020.07.09 17:30:00|92.81999999999999|93.02|91.29000000000001|91.70999999999999|8443
2020.07.09 18:30:00|91.72|92.06|91.5|91.88|5836
2020.07.09 19:30:00|91.88|93.33|91.81999999999999|92.87|3123
2020.07.09 20:30:00|92.88|92.95999999999999|92.45999999999999|92.77|3166
2020.07.09 21:30:00|92.78|93.63|92.62|93.06999999999999|4213
2020.07.09 22:30:00|93.06999999999999|93.40000000000001|92.78|93.13|3656
2020.07.10 16:30:00|92.97|93.34|91.38|92.34999999999999|6161
2020.07.10 17:30:00|92.34|92.56|91.70999999999999|92.19|4674
2020.07.10 18:30:00|92.19|92.52|91.86|91.89|3033
2020.07.10 19:30:00|91.89|92.14|91.67|91.77|1896
2020.07.10 20:30:00|91.77|92.02|91.63|91.87|1869
2020.07.10 21:30:00|91.87|92.29000000000001|91.83|92.25|1641
2020.07.10 22:30:00|92.25|92.55|92.22|92.38|1740
2020.07.13 16:30:00|93.20999999999999|93.98999999999999|92.95999999999999|93.42|4745
2020.07.13 17:30:00|93.43000000000001|93.84|93.28|93.69|3161
2020.07.13 18:30:00|93.69|93.78|93.20999999999999|93.29000000000001|2323
2020.07.13 19:30:00|93.3|93.45999999999999|93.17|93.34999999999999|2478
2020.07.13 20:30:00|93.34999999999999|93.39|92.48999999999999|92.64|4529
2020.07.13 21:30:00|92.64|93.13|91.97|91.97|8261
2020.07.13 22:30:00|91.97|92.05|91.05|91.06|6305
2020.07.14 16:30:00|90.84999999999999|91.03|89.06|90.39|7564
2020.07.14 17:30:00|90.39|91.59|90.31999999999999|91.34|6228
2020.07.14 18:30:00|91.36|92.3|91.23|91.56999999999999|5361
2020.07.14 19:30:00|91.59|91.78|90.91|91.27|4723
2020.07.14 20:30:00|91.27|92.02|91.23|91.89|6319
2020.07.14 21:30:00|91.90000000000001|91.95999999999999|91.20999999999999|91.86|6999
2020.07.14 22:30:00|91.87|92.45999999999999|91.76000000000001|92.23|3349
2020.07.15 16:30:00|92.45|92.48|91.37|92.06999999999999|6017
2020.07.15 17:30:00|92.08|92.54000000000001|91.29000000000001|91.8|5290
2020.07.15 18:30:00|91.79000000000001|91.84|90.87|91.56|6345
2020.07.15 19:30:00|91.55|92.13|91.18000000000001|92.11|4861
2020.07.15 20:30:00|92.12|92.39|91.78|92.23999999999999|3356
2020.07.15 21:30:00|92.23999999999999|92.42|91.8|92.42|4742
2020.07.15 22:30:00|92.41|92.73|92.31|92.42|2487
2020.07.16 16:30:00|91.14|91.29000000000001|90.54000000000001|91.28|5043
2020.07.16 17:30:00|91.27|91.53|90.54000000000001|90.89|5107
2020.07.16 18:30:00|90.87|91.43000000000001|90.81|91|2587
2020.07.16 19:30:00|91.01000000000001|91.43000000000001|91|91.2|2024
2020.07.16 20:30:00|91.19|91.58|91.17|91.40000000000001|2003
2020.07.16 21:30:00|91.41|91.47|90.92|91.41|2891
2020.07.16 22:30:00|91.42|91.47|90.76000000000001|91.01000000000001|2726
2020.07.17 16:30:00|91.18000000000001|92.2|90.86|91.53|4915
2020.07.17 17:30:00|91.55|92.01000000000001|91.26000000000001|91.98999999999999|3349
2020.07.17 18:30:00|91.98|92.09999999999999|91.72|91.81999999999999|2324
2020.07.17 19:30:00|91.83|91.88|91.19|91.51000000000001|2348
2020.07.17 20:30:00|91.52|92.31|91.45999999999999|92.2|2185
2020.07.17 21:30:00|92.20999999999999|92.23|91.86|92.18000000000001|2054
2020.07.17 22:30:00|92.19|92.27|91.86|92.06|1957
2020.07.20 16:30:00|92.20999999999999|92.28|91.14|91.77|6462
2020.07.20 17:30:00|91.76000000000001|91.95999999999999|91.55|91.91|3120
2020.07.20 18:30:00|91.93000000000001|92.22|91.59|91.62|2212
2020.07.20 19:30:00|91.61|91.90000000000001|91.61|91.78|1897
2020.07.20 20:30:00|91.79000000000001|92.45999999999999|91.75|92.44|1735
2020.07.20 21:30:00|92.45|92.62|92.31|92.54000000000001|2347
2020.07.20 22:30:00|92.55|93.12|92.52|93.02|1723
2020.07.21 16:30:00|93.55|93.59|92.38|92.59|7631
2020.07.21 17:30:00|92.59999999999999|92.66|91.88|92.05|4503
2020.07.21 18:30:00|92.03|92.42|91.90000000000001|92.08|4203
2020.07.21 19:30:00|92.06999999999999|92.25|91.73999999999999|92.22|2627
2020.07.21 20:30:00|92.22|92.59|91.83|92.56|2262
2020.07.21 21:30:00|92.56999999999999|92.63|91.84999999999999|91.97|3512
2020.07.21 22:30:00|91.95999999999999|92.29000000000001|91.67|92.17|3335
2020.07.22 16:30:00|92.70999999999999|93.14|92.17|92.67|5775
2020.07.22 17:30:00|92.68000000000001|92.73|91.5|91.8|4559
2020.07.22 18:30:00|91.81|92.31999999999999|91.76000000000001|92.29000000000001|3500
2020.07.22 19:30:00|92.3|92.40000000000001|91.87|92.02|2735
2020.07.22 20:30:00|92.03|92.31999999999999|91.86|92.13|3872
2020.07.22 21:30:00|92.15000000000001|92.47|91.98|92.26000000000001|3478
2020.07.22 22:30:00|92.25|92.53|92.23999999999999|92.45|2308
2020.07.23 16:30:00|92.48|92.48|91.70999999999999|91.92|4620
2020.07.23 17:30:00|91.93000000000001|92.28|91.75|91.98|3194
2020.07.23 18:30:00|91.98|92.06|90.91|91.06999999999999|3408
2020.07.23 19:30:00|91.06|91.12|90.29000000000001|90.38|3817
2020.07.23 20:30:00|90.36|90.42|89.06999999999999|89.76000000000001|6566
2020.07.23 21:30:00|89.75|89.95|89.26000000000001|89.64|6549
2020.07.23 22:30:00|89.65000000000001|89.86|89.34|89.52|4052
2020.07.24 16:30:00|88.73999999999999|89.88|87.36|89.73999999999999|8653
2020.07.24 17:30:00|89.73999999999999|90.09999999999999|89.16|89.93000000000001|6098
2020.07.24 18:30:00|89.92|90.15000000000001|89.52|89.69|4709
2020.07.24 19:30:00|89.69|89.7|88.56|88.91|3299
2020.07.24 20:30:00|88.90000000000001|89.23|88.75|89.2|3120
2020.07.24 21:30:00|89.2|89.2|88.61|88.70999999999999|3350
2020.07.24 22:30:00|88.7|88.95|88.45999999999999|88.73999999999999|3142
2020.07.27 16:30:00|89.38|91|89.29000000000001|90.55|6341
2020.07.27 17:30:00|90.54000000000001|90.62|90.25|90.34999999999999|3355
2020.07.27 18:30:00|90.37|90.94|90.20999999999999|90.75|2914
2020.07.27 19:30:00|90.77|91.77|90.73|91.73999999999999|1858
2020.07.27 20:30:00|91.75|91.75|91.28|91.68000000000001|2027
2020.07.27 21:30:00|91.69|92.40000000000001|91.56999999999999|92.29000000000001|2726
2020.07.27 22:30:00|92.29000000000001|92.63|92.16|92.63|1918
2020.07.28 16:30:00|92.19|92.2|90.42|90.61|5674
2020.07.28 17:30:00|90.62|91.76000000000001|90.59|91.70999999999999|3893
2020.07.28 18:30:00|91.7|91.83|91.52|91.81|2373
2020.07.28 19:30:00|91.8|92.09999999999999|91.75|92.03|1438
2020.07.28 20:30:00|92.04000000000001|92.44|92.02|92.17|1369
2020.07.28 21:30:00|92.19|92.36|91.48|91.54000000000001|2446
2020.07.28 22:30:00|91.53|91.69|91.20999999999999|91.31|2341
2020.07.29 16:30:00|91.97|92.45999999999999|91.61|92.14|5300
2020.07.29 17:30:00|92.17|92.84|92.04000000000001|92.73|2707
2020.07.29 18:30:00|92.73999999999999|92.73999999999999|91.84|92.22|1821
2020.07.29 19:30:00|92.22|92.81999999999999|92.20999999999999|92.66|1635
2020.07.29 20:30:00|92.66|93.04000000000001|92.26000000000001|92.98|2086
2020.07.29 21:30:00|92.98|93.47|92.79000000000001|92.81|3694
2020.07.29 22:30:00|92.81|93.29000000000001|92.61|93.06999999999999|2525
2020.07.30 16:30:00|101.01|104.24|100.56|104.17|13288
2020.07.30 17:30:00|104.17|105.33|103.34|103.68|7681
2020.07.30 18:30:00|103.69|105.15|103.54|105.14|5411
2020.07.30 19:30:00|105.13|107.25|105.13|105.93|6741
2020.07.30 20:30:00|105.91|106.82|105.66|106.61|5612
2020.07.30 21:30:00|106.63|107.08|105.96|106.6|4099
2020.07.30 22:30:00|106.59|107.52|106.24|106.99|3205
2020.07.31 16:30:00|105.21|107.6|104.37|104.76|11049
2020.07.31 17:30:00|104.76|106.55|104.74|106.41|4948
2020.07.31 18:30:00|106.42|106.7|104.84|105.24|5680
2020.07.31 19:30:00|105.23|105.92|104.41|105.74|5001
2020.07.31 20:30:00|105.73|105.73|104.41|105|3736
2020.07.31 21:30:00|105|105.84|104.78|105.21|4163
2020.07.31 22:30:00|105.22|105.43|104.83|105.42|3161
2020.08.03 16:30:00|107.16|112.82|106.86|111.38|10764
2020.08.03 17:30:00|111.38|111.84|110.66|110.84|4579
2020.08.03 18:30:00|110.85|110.89|109.38|109.72|3047
2020.08.03 19:30:00|109.71|110.38|109.14|109.32|2760
2020.08.03 20:30:00|109.33|109.74|109.09|109.66|2337
2020.08.03 21:30:00|109.63|109.81|109.01|109.13|2702
2020.08.03 22:30:00|109.15|109.75|108.96|109.39|2673
2020.08.04 16:30:00|109.3|110.7|108.5|108.57|5717
2020.08.04 17:30:00|108.56|110.53|108.54|109.94|4426
2020.08.04 18:30:00|109.93|110.09|109.51|110.07|3063
2020.08.04 19:30:00|110.07|110.34|109.71|110.09|2549
2020.08.04 20:30:00|110.09|110.38|109.74|109.75|2030
2020.08.04 21:30:00|109.75|110.39|109.51|110.21|2794
2020.08.04 22:30:00|110.22|110.88|109.97|110.76|2217
2020.08.05 16:30:00|110.64|112.31|109.96|111.52|5011
2020.08.05 17:30:00|111.54|111.64|110.77|110.99|2819
2020.08.05 18:30:00|110.99|111.21|110.22|110.33|2205
2020.08.05 19:30:00|110.32|111.05|110.22|110.97|1921
2020.08.05 20:30:00|110.98|111.79|110.94|111.32|1500
2020.08.05 21:30:00|111.34|111.39|110.63|110.74|1984
2020.08.05 22:30:00|110.76|111.29|110.53|111.17|2035
2020.08.06 16:30:00|110.93|111.2|110.21|111.01|4427
2020.08.06 17:30:00|111.02|111.09|109.78|109.86|3521
2020.08.06 18:30:00|109.86|110.75|109.81|110.56|2941
2020.08.06 19:30:00|110.58|110.85|110.52|110.74|2187
2020.08.06 20:30:00|110.75|111.01|110.64|110.97|1860
2020.08.06 21:30:00|110.96|111.22|110.69|110.73|2706
2020.08.06 22:30:00|110.75|110.93|110.63|110.92|1903
2020.08.07 16:30:00|110.39|110.91|109.16|109.56|4990
2020.08.07 17:30:00|109.56|109.77|108.33|108.41|3482
2020.08.07 18:30:00|108.41|108.91|108.26|108.52|2865
2020.08.07 19:30:00|108.53|108.7|106.09|106.52|4539
2020.08.07 20:30:00|106.52|106.93|105.86|106.51|4920
2020.08.07 21:30:00|106.5|107.19|106.42|107.02|4766
2020.08.07 22:30:00|107.01|108.14|106.91|108.1|2629
2020.08.10 16:30:00|108.39|108.83|107.31|107.46|5632
2020.08.10 17:30:00|107.48|107.51|105.58|105.84|5807
2020.08.10 18:30:00|105.82|106.44|105.67|106.17|3502
2020.08.10 19:30:00|106.18|106.88|106.13|106.61|3080
2020.08.10 20:30:00|106.62|106.71|105.92|106.16|2514
2020.08.10 21:30:00|106.15|106.36|105.58|105.73|2520
2020.08.10 22:30:00|105.72|106.29|105.59|106.21|2377
2020.08.11 16:30:00|105.68|107.08|104.6|106.42|7101
2020.08.11 17:30:00|106.42|107.26|106.12|106.87|3091
2020.08.11 18:30:00|106.88|111.82|106.32|110.71|7177
2020.08.11 19:30:00|110.7|111.54|110.04|110.73|5879
2020.08.11 20:30:00|110.74|111.36|110.03|110.39|3799
2020.08.11 21:30:00|110.41|110.77|109.57|109.9|5520
2020.08.11 22:30:00|109.88|109.95|108.23|108.68|4101
2020.08.12 16:30:00|110.02|113|109.51|112.79|8223
2020.08.12 17:30:00|112.8|113.57|112.2|112.27|4979
2020.08.12 18:30:00|112.28|115.21|112.02|114.46|4945
2020.08.12 19:30:00|114.48|114.81|113.44|114.04|3814
2020.08.12 20:30:00|114.06|115.76|113.92|115.29|3816
2020.08.12 21:30:00|115.3|116.1|114.95|115.6|3805
2020.08.12 22:30:00|115.61|115.95|115.24|115.62|2834
2020.08.13 16:30:00|115.46|115.87|113.3|114.3|7817
2020.08.13 17:30:00|114.3|114.73|113.87|114.11|4551
2020.08.13 18:30:00|114.1|114.83|113.76|114.2|2743
2020.08.13 19:30:00|114.21|114.63|113.38|113.65|1970
2020.08.13 20:30:00|113.64|113.98|113|113.2|3719
2020.08.13 21:30:00|113.2|113.57|112.62|113.56|5583
2020.08.13 22:30:00|113.55|113.78|113.18|113.32|2522
2020.08.14 16:30:00|113.5|114.33|112.43|112.44|5946
2020.08.14 17:30:00|112.45|113.98|112.41|113.77|3835
2020.08.14 18:30:00|113.78|113.84|113.14|113.66|3379
2020.08.14 19:30:00|113.67|114.36|113.55|113.65|2111
2020.08.14 20:30:00|113.65|113.76|113.18|113.46|2303
2020.08.14 21:30:00|113.45|113.68|112.99|113.23|2787
2020.08.14 22:30:00|113.22|113.68|113.05|113.59|1848
2020.08.17 16:30:00|113.32|114.31|110.67|111.99|6293
2020.08.17 17:30:00|112|112.26|110.53|112.08|4651
2020.08.17 18:30:00|112.09|112.44|111.82|112.37|1924
2020.08.17 19:30:00|112.37|112.49|112.17|112.3|1304
2020.08.17 20:30:00|112.29|112.48|112.05|112.37|1210
2020.08.17 21:30:00|112.38|112.48|112.17|112.2|1213
2020.08.17 22:30:00|112.21|112.3|111.91|112.01|1251
2020.08.18 16:30:00|112.86|113.17|111.43|111.45|5003
2020.08.18 17:30:00|111.45|112.36|111.38|111.78|2841
2020.08.18 18:30:00|111.8|112.26|111.77|112.25|1918
2020.08.18 19:30:00|112.25|112.44|111.94|112.18|1700
2020.08.18 20:30:00|112.17|112.54|112.07|112.37|1247
2020.08.18 21:30:00|112.38|112.45|111.93|112.22|1699
2020.08.18 22:30:00|112.22|112.3|111.77|111.88|1881
2020.08.19 16:30:00|112.46|113.33|111.92|112.42|4179
2020.08.19 17:30:00|112.44|112.72|111.97|112.09|2263
2020.08.19 18:30:00|112.1|112.4|111.94|112.01|1843
2020.08.19 19:30:00|112.01|112.05|111.56|111.63|1240
2020.08.19 20:30:00|111.64|111.86|110.61|110.78|2932
2020.08.19 21:30:00|110.78|111.53|110.71|110.98|3421
2020.08.19 22:30:00|110.98|111.32|110.61|110.89|2173
2020.08.20 16:30:00|109.68|110.71|109.57|109.87|5522
2020.08.20 17:30:00|109.86|110.4|109.72|110.24|3184
2020.08.20 18:30:00|110.24|110.56|110.03|110.27|1996
2020.08.20 19:30:00|110.28|110.5|110.09|110.33|1272
2020.08.20 20:30:00|110.34|110.56|109.9|110.25|1654
2020.08.20 21:30:00|110.26|110.39|109.92|110|1864
2020.08.20 22:30:00|109.99|110.83|109.96|110.48|1792
2020.08.21 16:30:00|110.33|111.32|110.01|111.06|5468
2020.08.21 17:30:00|111.05|111.5|110.68|111.37|3151
2020.08.21 18:30:00|111.39|111.46|110.94|111.37|2767
2020.08.21 19:30:00|111.36|112.37|111.33|112.12|2919
2020.08.21 20:30:00|112.12|112.38|111.79|112.11|2831
2020.08.21 21:30:00|112.1|112.89|112.04|112.68|2288
2020.08.21 22:30:00|112.67|113|112.39|112.87|1650
2020.08.24 16:30:00|114.35|114.61|113.11|114.19|6565
2020.08.24 17:30:00|114.18|114.31|113.49|113.93|4231
2020.08.24 18:30:00|113.93|115.09|113.81|114.49|3342
2020.08.24 19:30:00|114.5|115.66|114.45|115.08|3527
2020.08.24 20:30:00|115.08|115.26|114.75|115.14|2711
2020.08.24 21:30:00|115.13|115.23|114.82|114.91|3281
2020.08.24 22:30:00|114.9|115.83|114.88|115.83|1592
2020.08.25 16:30:00|115.91|116.94|114.28|115.13|6114
2020.08.25 17:30:00|115.13|115.39|114.64|114.82|3540
2020.08.25 18:30:00|114.82|115.05|114.61|114.98|2819
2020.08.25 19:30:00|114.99|115.55|114.86|115.43|1931
2020.08.25 20:30:00|115.44|115.65|115.14|115.17|1576
2020.08.25 21:30:00|115.17|115.43|115.1|115.4|1798
2020.08.25 22:30:00|115.39|115.83|115.19|115.8|1566
2020.08.26 16:30:00|115.74|115.76|115.01|115.59|3894
2020.08.26 17:30:00|115.6|115.98|115.31|115.37|2735
2020.08.26 18:30:00|115.39|116.39|115.39|115.87|2876
2020.08.26 19:30:00|115.87|116.02|115.58|115.85|2067
2020.08.26 20:30:00|115.85|115.94|115.61|115.62|1691
2020.08.26 21:30:00|115.63|115.8|115.33|115.74|2927
2020.08.26 22:30:00|115.75|116.16|115.5|115.89|1248
2020.08.27 16:30:00|116.43|117.07|115.3|116.04|6917
2020.08.27 17:30:00|116.05|118.03|115.95|116.66|4122
2020.08.27 18:30:00|116.68|116.82|115.89|116.11|3008
2020.08.27 19:30:00|116.09|116.25|115.19|115.67|4715
2020.08.27 20:30:00|115.68|116.31|115.63|116.3|2453
2020.08.27 21:30:00|116.29|116.73|116.19|116.36|3413
2020.08.27 22:30:00|116.36|116.58|115.79|115.88|2507
2020.08.28 16:30:00|116.39|117.2|115.99|116.93|5456
2020.08.28 17:30:00|116.93|117.5|116.63|117.26|3770
2020.08.28 18:30:00|117.26|117.29|116.54|117.11|2140
2020.08.28 19:30:00|117.12|117.38|116.87|117.03|2108
2020.08.28 20:30:00|117.02|117.97|116.86|117.44|2688
2020.08.28 21:30:00|117.44|117.97|117.27|117.78|2157
2020.08.28 22:30:00|117.77|118.12|117.72|118.02|1634
2020.08.31 16:30:00|118.34|118.97|117.96|118.46|5633
2020.08.31 17:30:00|118.44|119.31|118.33|118.71|3671
2020.08.31 18:30:00|118.72|119.48|118.64|119.46|2552
2020.08.31 19:30:00|119.46|120.88|119.19|120.56|2979
2020.08.31 20:30:00|120.58|120.71|120|120.14|2305
2020.08.31 21:30:00|120.14|120.29|119.23|119.56|2652
2020.08.31 22:30:00|119.55|119.77|119.02|119.03|2582
2020.09.01 16:30:00|120.37|122.27|119.37|121.91|8148
2020.09.01 17:30:00|121.9|122.12|121.23|121.52|4760
2020.09.01 18:30:00|121.51|121.84|120.94|121.77|2442
2020.09.01 19:30:00|121.76|122.34|121.53|122.23|2152
2020.09.01 20:30:00|122.24|122.42|121.68|121.81|1806
2020.09.01 21:30:00|121.82|122.03|121.26|121.73|1847
2020.09.01 22:30:00|121.73|121.97|121.39|121.88|1874
2020.09.02 16:30:00|123.5|123.73|121.81|122.91|7831
2020.09.02 17:30:00|122.93|123.57|122.3|123.02|4818
2020.09.02 18:30:00|123.03|123.34|121.66|122.92|4093
2020.09.02 19:30:00|122.93|123.18|122.66|122.8|2415
2020.09.02 20:30:00|122.81|123.16|122.68|122.83|2332
2020.09.02 21:30:00|122.83|123.46|122.56|123.13|2688
2020.09.02 22:30:00|123.13|123.3|122.81|123.07|2275
2020.09.03 16:30:00|121.01|121.41|119.37|119.72|9012
2020.09.03 17:30:00|119.73|120.06|117.37|118.54|9963
2020.09.03 18:30:00|118.58|119.45|117.11|117.18|8269
2020.09.03 19:30:00|117.18|117.37|116.01|117.29|6285
2020.09.03 20:30:00|117.29|117.29|116.26|116.83|6377
2020.09.03 21:30:00|116.8|117.11|115.71|115.83|8283
2020.09.03 22:30:00|115.8|116.64|115.45|116.34|5583
2020.09.04 16:30:00|116.22|117.64|113.96|114.01|12419
2020.09.04 17:30:00|114.01|114.27|112.29|112.8|11302
2020.09.04 18:30:00|112.76|114.8|112.65|114.76|7876
2020.09.04 19:30:00|114.78|115.25|113.74|113.9|6907
2020.09.04 20:30:00|113.9|114.95|113.67|114.87|5875
2020.09.04 21:30:00|114.87|117.12|114.69|116.89|8220
2020.09.04 22:30:00|116.91|116.93|115.79|115.82|5405
2020.09.08 16:30:00|111.09|113.71|111.06|113.4|9225
2020.09.08 17:30:00|113.41|113.71|112.2|112.67|7589
2020.09.08 18:30:00|112.65|112.82|111.73|112.21|5878
2020.09.08 19:30:00|112.22|112.7|111.93|112.05|4488
2020.09.08 20:30:00|112.03|112.3|110.51|110.56|4736
2020.09.08 21:30:00|110.57|110.9|109.47|110.54|6809
2020.09.08 22:30:00|110.53|110.82|109.47|109.59|4413
2020.09.09 16:30:00|112.98|114.28|112.15|114.11|7920
2020.09.09 17:30:00|114.12|114.48|113.41|114.13|4572
