2020.03.20 11:00:00|15.91|16.42|15.91|16.31|853
2020.03.20 12:00:00|16.27|16.55|16.11|16.27|1678
2020.03.20 13:00:00|16.28|16.39|16.04|16.35|1018
2020.03.20 14:00:00|16.35|16.43|16.08|16.08|544
2020.03.20 15:00:00|16.09|16.42|15.91|15.99|891
2020.03.20 16:00:00|15.97|16.08|15.64|15.8|901
2020.03.20 17:00:00|15.82|15.99|15.61|15.84|968
2020.03.20 18:00:00|15.83|15.89|15.47|15.61|534
2020.03.23 10:00:00|15.88|15.94|15.3|15.34|919
2020.03.23 11:00:00|15.36|15.6|15.11|15.13|1134
2020.03.23 12:00:00|15.14|15.31|14.96|14.97|791
2020.03.23 13:00:00|14.96|15.07|14.61|14.67|710
2020.03.23 14:00:00|14.68|15.55|14.67|15.15|1026
2020.03.23 15:00:00|15.15|15.35|14.75|14.86|864
2020.03.23 16:00:00|14.86|15.12|14.76|14.87|719
2020.03.23 17:00:00|14.87|15.11|14.71|15.11|1389
2020.03.23 18:00:00|15.12|15.35|14.93|14.97|714
2020.03.24 10:00:00|15.87|16.18|15.56|16.08|755
2020.03.24 11:00:00|16.09|16.53|16.07|16.46|523
2020.03.24 12:00:00|16.47|16.49|16.15|16.31|574
2020.03.24 13:00:00|16.33|16.5|16.3|16.39|543
2020.03.24 14:00:00|16.39|16.85|16.39|16.69|772
2020.03.24 15:00:00|16.7|16.88|16.56|16.64|1117
2020.03.24 16:00:00|16.66|16.89|16.61|16.75|1236
2020.03.24 17:00:00|16.74|16.81|16.57|16.8|898
2020.03.24 18:00:00|16.79|17.47|16.78|17.34|494
2020.03.25 10:00:00|18.99|19.21|18.21|18.93|983
2020.03.25 11:00:00|18.93|19.11|18.42|18.43|985
2020.03.25 12:00:00|18.43|18.43|16.92|17.04|1109
2020.03.25 13:00:00|17.02|18.02|16.97|17.99|871
2020.03.25 14:00:00|17.99|18.2|17.53|17.81|678
2020.03.25 15:00:00|17.83|17.97|17.53|17.75|755
2020.03.25 16:00:00|17.75|17.89|17.46|17.64|1205
2020.03.25 17:00:00|17.67|18.1|17.62|17.87|1154
2020.03.25 18:00:00|17.85|18.18|17.71|18.16|609
2020.03.26 10:00:00|17.62|18.57|17.61|18.56|901
2020.03.26 11:00:00|18.57|18.71|18.32|18.42|797
2020.03.26 12:00:00|18.45|18.49|18.16|18.26|609
2020.03.26 13:00:00|18.22|18.22|17.81|17.98|646
2020.03.26 14:00:00|17.87|19.11|17.76|18.26|1149
2020.03.26 15:00:00|18.26|18.9|18.26|18.84|869
2020.03.26 16:00:00|18.86|19.14|18.31|18.74|864
2020.03.26 17:00:00|18.74|19.07|18.61|19.06|792
2020.03.26 18:00:00|19.04|19.67|18.91|19.23|493
2020.03.27 10:00:00|19.46|19.65|18.79|19.17|849
2020.03.27 11:00:00|19.19|19.2|18.5|18.5|572
2020.03.27 12:00:00|18.5|18.54|18.18|18.21|842
2020.03.27 13:00:00|18.21|18.48|18.05|18.14|686
2020.03.27 14:00:00|18.08|18.47|17.98|18.36|696
2020.03.27 15:00:00|18.36|18.36|17.92|17.96|928
2020.03.27 16:00:00|17.96|18.12|17.71|17.72|844
2020.03.27 17:00:00|17.71|18.08|17.69|17.89|978
2020.03.27 18:00:00|17.89|18.11|17.71|18.02|502
2020.03.30 10:00:00|18.14|18.18|16.91|16.92|871
2020.03.30 11:00:00|16.92|17.43|16.9|17.37|551
2020.03.30 12:00:00|17.38|17.6|17.27|17.29|390
2020.03.30 13:00:00|17.27|17.37|17.16|17.34|365
2020.03.30 14:00:00|17.33|17.41|17.01|17.01|340
2020.03.30 15:00:00|16.96|17.18|16.92|17.11|445
2020.03.30 16:00:00|17.13|17.17|16.71|16.71|618
2020.03.30 17:00:00|16.72|17.6|16.49|17.24|631
2020.03.30 18:00:00|17.24|17.33|16.93|17.26|618
2020.03.31 10:00:00|17.22|17.73|17|17.61|1489
2020.03.31 11:00:00|17.61|17.71|17.48|17.57|432
2020.03.31 12:00:00|17.55|17.58|17.36|17.38|479
2020.03.31 13:00:00|17.38|17.38|16.81|16.85|985
2020.03.31 14:00:00|16.85|17.01|16.72|16.82|611
2020.03.31 15:00:00|16.82|16.96|16.72|16.95|649
2020.03.31 16:00:00|16.95|17.03|16.77|16.84|725
2020.03.31 17:00:00|16.85|17.1|16.81|17.09|864
2020.03.31 18:00:00|17.09|17.36|16.95|17.3|680
2020.04.01 10:00:00|17.01|17.35|16.81|17.02|900
2020.04.01 11:00:00|17.02|17.18|16.91|17.01|579
2020.04.01 12:00:00|17.03|17.13|16.91|16.91|346
2020.04.01 13:00:00|16.93|16.98|16.86|16.87|345
2020.04.01 14:00:00|16.87|16.87|16.71|16.72|413
2020.04.01 15:00:00|16.71|16.71|16.51|16.66|505
2020.04.01 16:00:00|16.68|16.72|16.41|16.41|639
2020.04.01 17:00:00|16.42|16.5|16.36|16.46|590
2020.04.01 18:00:00|16.47|16.61|16.41|16.41|425
2020.04.02 10:00:00|16.42|17.08|16.36|16.75|826
2020.04.02 11:00:00|16.77|16.99|16.76|16.86|446
2020.04.02 12:00:00|16.87|16.94|16.76|16.79|549
2020.04.02 13:00:00|16.79|16.79|16.63|16.68|353
2020.04.02 14:00:00|16.68|16.68|16.52|16.55|313
2020.04.02 15:00:00|16.56|16.59|16.11|16.11|659
2020.04.02 16:00:00|16.12|16.15|15.84|16.03|1134
2020.04.02 17:00:00|16.04|16.24|16.01|16.19|1011
2020.04.02 18:00:00|16.2|16.26|15.97|16.05|515
2020.04.03 10:00:00|16.22|16.54|15.93|16.12|753
2020.04.03 11:00:00|16.13|16.17|15.91|15.93|393
2020.04.03 12:00:00|15.94|16.09|15.92|16.01|542
2020.04.03 13:00:00|16.01|16.23|16.01|16.12|647
2020.04.03 14:00:00|16.08|16.12|15.92|15.96|355
2020.04.03 15:00:00|15.95|15.97|15.91|15.91|326
2020.04.03 16:00:00|15.91|15.97|15.86|15.86|408
2020.04.03 17:00:00|15.86|15.91|15.71|15.75|430
2020.04.03 18:00:00|15.75|15.8|15.66|15.66|273
2020.04.06 10:00:00|17.03|17.83|17.03|17.53|1024
2020.04.06 11:00:00|17.51|17.6|16.94|17.06|595
2020.04.06 12:00:00|17.06|17.29|17.01|17.21|378
2020.04.06 13:00:00|17.22|17.58|17.15|17.51|459
2020.04.06 14:00:00|17.51|17.63|17.33|17.37|445
2020.04.06 15:00:00|17.36|17.53|17.16|17.52|440
2020.04.06 16:00:00|17.53|17.79|17.49|17.76|635
2020.04.06 17:00:00|17.76|17.86|17.27|17.37|666
2020.04.06 18:00:00|17.38|17.7|17.36|17.7|565
2020.04.07 10:00:00|18.69|19.45|18.36|19.39|1282
2020.04.07 11:00:00|19.4|19.41|18.93|18.94|707
2020.04.07 12:00:00|18.97|19.04|18.83|18.87|676
2020.04.07 13:00:00|18.86|18.98|18.86|18.94|516
2020.04.07 14:00:00|18.96|18.96|18.74|18.76|607
2020.04.07 15:00:00|18.75|18.85|18.71|18.79|730
2020.04.07 16:00:00|18.79|18.85|18.61|18.82|1030
2020.04.07 17:00:00|18.81|18.82|17.72|17.79|1120
2020.04.07 18:00:00|17.8|18.31|17.8|18.19|792
2020.04.08 10:00:00|18.13|18.25|17.72|18.11|849
2020.04.08 11:00:00|18.08|18.28|17.96|18.14|693
2020.04.08 12:00:00|18.15|18.23|18.02|18.02|538
2020.04.08 13:00:00|18.05|18.05|17.66|17.69|455
2020.04.08 14:00:00|17.69|18.08|17.69|18.08|608
2020.04.08 15:00:00|18.07|18.32|18.05|18.25|728
2020.04.08 16:00:00|18.25|18.3|17.91|17.92|847
2020.04.08 17:00:00|17.92|18.12|17.9|17.96|878
2020.04.08 18:00:00|17.96|18.13|17.91|18.08|503
2020.04.09 10:00:00|18.71|19.02|18.61|18.69|1023
2020.04.09 11:00:00|18.69|18.76|18.17|18.22|866
2020.04.09 12:00:00|18.21|18.4|17.95|18.08|1052
2020.04.09 13:00:00|18.08|18.2|17.94|18.18|686
2020.04.09 14:00:00|18.15|18.33|18.11|18.21|737
2020.04.09 15:00:00|18.21|18.47|18.11|18.43|648
2020.04.09 16:00:00|18.43|18.76|18.41|18.71|784
2020.04.09 17:00:00|18.73|18.73|18.14|18.34|960
2020.04.09 18:00:00|18.33|18.34|18.11|18.31|603
2020.04.14 10:00:00|18.91|19.04|18.25|18.53|751
2020.04.14 11:00:00|18.55|18.58|18.26|18.26|323
2020.04.14 12:00:00|18.26|18.44|18.26|18.3|304
2020.04.14 13:00:00|18.3|18.34|18.11|18.11|241
2020.04.14 14:00:00|18.11|18.31|18.07|18.16|325
2020.04.14 15:00:00|18.16|18.42|18.13|18.27|546
2020.04.14 16:00:00|18.27|18.38|18.12|18.37|949
2020.04.14 17:00:00|18.36|18.38|18.09|18.15|817
2020.04.14 18:00:00|18.14|18.29|18.09|18.23|644
2020.04.15 10:00:00|17.76|17.9|17.19|17.21|781
2020.04.15 11:00:00|17.21|17.32|17.11|17.24|587
2020.04.15 12:00:00|17.24|17.25|16.91|16.94|732
2020.04.15 13:00:00|16.94|17.11|16.92|16.95|513
2020.04.15 14:00:00|16.95|17.03|16.77|16.79|362
2020.04.15 15:00:00|16.77|16.81|16.55|16.66|522
2020.04.15 16:00:00|16.66|16.92|16.63|16.8|605
2020.04.15 17:00:00|16.76|16.78|16.53|16.72|686
2020.04.15 18:00:00|16.73|16.73|16.56|16.67|424
2020.04.16 10:00:00|16.53|16.9|16.46|16.7|906
2020.04.16 11:00:00|16.72|16.79|16.52|16.54|521
2020.04.16 12:00:00|16.54|16.55|16.41|16.49|437
2020.04.16 13:00:00|16.49|16.65|16.37|16.51|424
2020.04.16 14:00:00|16.51|16.59|16.41|16.48|436
2020.04.16 15:00:00|16.49|16.51|16.27|16.28|491
2020.04.16 16:00:00|16.29|16.31|15.91|15.93|669
2020.04.16 17:00:00|15.93|16.07|15.86|16.01|702
2020.04.16 18:00:00|16.02|16.17|15.96|16.06|367
2020.04.17 10:00:00|16.51|16.89|16.41|16.42|1230
2020.04.17 11:00:00|16.42|16.59|16.32|16.33|637
2020.04.17 12:00:00|16.32|16.55|16.32|16.42|617
2020.04.17 13:00:00|16.42|16.6|16.34|16.58|627
2020.04.17 14:00:00|16.59|16.59|16.4|16.4|492
2020.04.17 15:00:00|16.41|16.42|16.09|16.26|519
2020.04.17 16:00:00|16.26|16.3|16.16|16.22|663
2020.04.17 17:00:00|16.22|16.23|15.97|16.1|871
2020.04.17 18:00:00|16.1|16.18|16.03|16.12|434
2020.04.20 10:00:00|16.51|16.85|16.31|16.66|900
2020.04.20 11:00:00|16.66|16.7|16.49|16.67|661
2020.04.20 12:00:00|16.67|16.95|16.67|16.76|633
2020.04.20 13:00:00|16.77|16.8|16.4|16.45|572
2020.04.20 14:00:00|16.45|16.5|16.16|16.2|612
2020.04.20 15:00:00|16.22|16.27|16.16|16.2|561
2020.04.20 16:00:00|16.2|16.46|16.11|16.36|749
2020.04.20 17:00:00|16.36|16.58|16.28|16.55|610
2020.04.20 18:00:00|16.55|16.6|16.42|16.45|369
2020.04.21 10:00:00|16.21|16.23|15.81|16.05|553
2020.04.21 11:00:00|16.07|16.29|15.96|16.19|475
2020.04.21 12:00:00|16.23|16.37|16.01|16.05|645
2020.04.21 13:00:00|16.05|16.22|16.01|16.15|644
2020.04.21 14:00:00|16.16|16.31|16.11|16.23|361
2020.04.21 15:00:00|16.22|16.27|16.13|16.18|482
2020.04.21 16:00:00|16.18|16.53|16.06|16.48|721
2020.04.21 17:00:00|16.49|16.5|16.35|16.37|614
2020.04.21 18:00:00|16.37|16.37|16.18|16.23|339
2020.04.22 10:00:00|16.27|16.32|15.83|16|778
2020.04.22 11:00:00|15.98|16.07|15.86|15.89|480
2020.04.22 12:00:00|15.9|15.95|15.81|15.93|397
2020.04.22 13:00:00|15.94|15.94|15.69|15.72|390
2020.04.22 14:00:00|15.72|15.82|15.71|15.82|378
2020.04.22 15:00:00|15.83|15.91|15.76|15.86|397
2020.04.22 16:00:00|15.87|16.1|15.76|15.76|618
2020.04.22 17:00:00|15.76|15.94|15.71|15.79|665
2020.04.22 18:00:00|15.8|15.91|15.75|15.89|334
2020.04.23 10:00:00|16.23|16.48|15.91|15.91|1015
2020.04.23 11:00:00|15.91|16.18|15.89|15.89|522
2020.04.23 12:00:00|15.91|16.1|15.9|16.02|370
2020.04.23 13:00:00|16.01|16.05|15.96|15.97|324
2020.04.23 14:00:00|15.97|16|15.91|15.91|290
2020.04.23 15:00:00|15.89|15.96|15.81|15.9|263
2020.04.23 16:00:00|15.9|15.95|15.81|15.93|437
2020.04.23 17:00:00|15.93|16.31|15.9|16.19|675
2020.04.23 18:00:00|16.19|16.27|16|16.16|393
2020.04.24 10:00:00|15.97|15.98|15.77|15.92|679
2020.04.24 11:00:00|15.9|16.08|15.87|16.07|583
2020.04.24 12:00:00|16.06|16.35|16.03|16.3|687
2020.04.24 13:00:00|16.3|16.59|16.27|16.54|723
2020.04.24 14:00:00|16.55|16.59|16.31|16.34|493
2020.04.24 15:00:00|16.33|16.52|16.31|16.47|405
2020.04.24 16:00:00|16.47|16.48|16.05|16.06|541
2020.04.24 17:00:00|16.06|16.09|15.91|15.98|721
2020.04.24 18:00:00|15.97|16|15.91|15.92|397
2020.04.27 10:00:00|16.53|16.94|16.41|16.91|1099
2020.04.27 11:00:00|16.91|17.19|16.81|17.08|1010
2020.04.27 12:00:00|17.08|17.22|16.96|17.2|490
2020.04.27 13:00:00|17.17|17.19|17.01|17.1|421
2020.04.27 14:00:00|17.11|17.28|17.1|17.27|334
2020.04.27 15:00:00|17.27|17.42|17.02|17.06|597
2020.04.27 16:00:00|17.06|17.16|16.97|17.06|506
2020.04.27 17:00:00|17.07|17.21|17.01|17.16|618
2020.04.27 18:00:00|17.16|17.33|17.15|17.31|315
2020.04.28 10:00:00|17.51|17.74|17.31|17.62|1166
2020.04.28 11:00:00|17.67|17.75|17.52|17.62|865
2020.04.28 12:00:00|17.61|17.87|17.58|17.85|926
2020.04.28 13:00:00|17.85|17.88|17.74|17.83|598
2020.04.28 14:00:00|17.84|18.04|17.8|17.97|588
2020.04.28 15:00:00|17.97|18.14|17.94|18.14|591
2020.04.28 16:00:00|18.13|18.19|17.71|17.91|893
2020.04.28 17:00:00|17.91|17.95|17.41|17.43|1165
2020.04.28 18:00:00|17.43|17.74|17.41|17.67|665
2020.04.29 10:00:00|17.93|18.85|17.92|18.83|829
2020.04.29 11:00:00|18.84|18.93|18.58|18.71|760
2020.04.29 12:00:00|18.71|18.75|18.62|18.68|517
2020.04.29 13:00:00|18.68|18.75|18.62|18.69|482
2020.04.29 14:00:00|18.69|18.75|18.64|18.69|397
2020.04.29 15:00:00|18.7|19.17|18.67|19.12|830
2020.04.29 16:00:00|19.13|19.19|18.83|19.12|830
2020.04.29 17:00:00|19.11|19.11|18.84|19.04|1006
2020.04.29 18:00:00|19.05|19.23|19.03|19.18|541
2020.04.30 10:00:00|19.19|19.74|18.9|18.95|1238
2020.04.30 11:00:00|18.96|19.39|18.93|19.21|778
2020.04.30 12:00:00|19.22|19.29|18.99|19.18|654
2020.04.30 13:00:00|19.19|19.28|18.91|19|836
2020.04.30 14:00:00|19|19.03|18.19|18.2|950
2020.04.30 15:00:00|18.2|18.53|18.15|18.27|1103
2020.04.30 16:00:00|18.27|18.31|17.91|18.29|1175
2020.04.30 17:00:00|18.29|18.39|18.11|18.18|1224
2020.04.30 18:00:00|18.18|18.21|17.99|18.06|683
2020.05.04 10:00:00|17.47|17.47|16.79|17.23|1283
2020.05.04 11:00:00|17.23|17.39|17.12|17.16|799
2020.05.04 12:00:00|17.16|17.23|17.11|17.17|625
2020.05.04 13:00:00|17.18|17.27|17.07|17.26|481
2020.05.04 14:00:00|17.27|17.31|17.21|17.28|498
2020.05.04 15:00:00|17.27|17.53|17.22|17.32|696
2020.05.04 16:00:00|17.32|17.6|17.22|17.55|776
2020.05.04 17:00:00|17.55|17.76|17.45|17.45|1069
2020.05.04 18:00:00|17.46|17.46|17.27|17.29|580
2020.05.05 10:00:00|17.32|18.05|17.32|17.73|1046
2020.05.05 11:00:00|17.75|17.93|17.35|17.36|1090
2020.05.05 12:00:00|17.36|17.64|17.36|17.49|738
2020.05.05 13:00:00|17.48|17.52|17.31|17.36|620
2020.05.05 14:00:00|17.35|17.49|17.32|17.45|387
2020.05.05 15:00:00|17.45|17.6|17.38|17.43|488
2020.05.05 16:00:00|17.44|17.47|17.31|17.32|490
2020.05.05 17:00:00|17.32|17.43|17.01|17.11|652
2020.05.05 18:00:00|17.11|17.23|17.07|17.19|426
2020.05.06 10:00:00|17.18|17.51|16.93|17.49|931
2020.05.06 11:00:00|17.49|17.62|17.4|17.47|708
2020.05.06 12:00:00|17.47|17.59|17.46|17.53|542
2020.05.06 13:00:00|17.53|17.59|17.35|17.36|388
2020.05.06 14:00:00|17.35|17.41|17.29|17.34|364
2020.05.06 15:00:00|17.33|17.39|17.15|17.23|371
2020.05.06 16:00:00|17.24|17.33|17.01|17.03|514
2020.05.06 17:00:00|17.03|17.28|16.98|17.1|938
2020.05.06 18:00:00|17.11|17.17|16.97|17.02|390
2020.05.07 10:00:00|17.1|17.21|16.91|17.05|949
2020.05.07 11:00:00|17.05|17.07|16.84|17.01|531
2020.05.07 12:00:00|17|17.01|16.87|16.95|329
2020.05.07 13:00:00|16.95|17|16.83|17|295
2020.05.07 14:00:00|17.01|17.05|16.9|16.95|274
2020.05.07 15:00:00|16.95|17.05|16.93|16.99|318
2020.05.07 16:00:00|16.98|17.07|16.91|16.94|612
2020.05.07 17:00:00|16.94|16.96|16.81|16.81|484
2020.05.07 18:00:00|16.81|16.99|16.81|16.97|379
2020.05.08 10:00:00|17.23|17.36|17.01|17.01|518
2020.05.08 11:00:00|17.01|17.14|16.98|17.14|311
2020.05.08 12:00:00|17.13|17.15|17.03|17.13|275
2020.05.08 13:00:00|17.14|17.3|17.12|17.25|358
2020.05.08 14:00:00|17.24|17.28|17.17|17.21|272
2020.05.08 15:00:00|17.2|17.41|17.17|17.34|614
2020.05.08 16:00:00|17.34|17.36|17.15|17.3|470
2020.05.08 17:00:00|17.3|17.42|17.24|17.27|663
2020.05.08 18:00:00|17.27|17.39|17.25|17.39|256
2020.05.11 10:00:00|17.74|18.61|17.63|18.43|1621
2020.05.11 11:00:00|18.43|18.44|17.75|17.91|851
2020.05.11 12:00:00|17.91|18.13|17.69|18.05|720
2020.05.11 13:00:00|18.03|18.08|17.86|17.98|548
2020.05.11 14:00:00|17.98|18.1|17.89|17.92|572
2020.05.11 15:00:00|17.92|17.95|17.6|17.69|540
2020.05.11 16:00:00|17.68|17.96|17.67|17.73|658
2020.05.11 17:00:00|17.74|17.77|17.56|17.59|1144
2020.05.11 18:00:00|17.6|17.69|17.56|17.67|392
2020.05.12 10:00:00|17.45|17.53|17.12|17.26|962
2020.05.12 11:00:00|17.25|17.46|17.18|17.41|803
2020.05.12 12:00:00|17.41|17.41|17.2|17.28|603
2020.05.12 13:00:00|17.27|17.31|17.2|17.22|597
2020.05.12 14:00:00|17.21|17.31|17.2|17.24|423
2020.05.12 15:00:00|17.25|17.31|17.21|17.22|332
2020.05.12 16:00:00|17.23|17.29|17.11|17.12|590
2020.05.12 17:00:00|17.12|17.16|16.98|17.04|816
2020.05.12 18:00:00|17.03|17.09|16.96|17.04|548
2020.05.13 10:00:00|16.95|16.95|16.41|16.54|1238
2020.05.13 11:00:00|16.54|16.86|16.49|16.85|713
2020.05.13 12:00:00|16.85|17.06|16.83|17.05|767
2020.05.13 13:00:00|17.03|17.39|17.03|17.37|930
2020.05.13 14:00:00|17.37|17.39|17.19|17.39|571
2020.05.13 15:00:00|17.4|17.55|17.35|17.54|621
2020.05.13 16:00:00|17.53|17.53|17.19|17.25|1168
2020.05.13 17:00:00|17.23|17.34|16.99|17.21|815
2020.05.13 18:00:00|17.22|17.41|17.09|17.12|714
2020.05.14 10:00:00|16.66|16.75|16.2|16.51|1187
2020.05.14 11:00:00|16.5|16.5|16.16|16.16|717
2020.05.14 12:00:00|16.16|16.22|16.06|16.2|578
2020.05.14 13:00:00|16.2|16.27|16.07|16.14|474
2020.05.14 14:00:00|16.14|16.15|16.01|16.01|361
2020.05.14 15:00:00|16.02|16.02|15.88|15.95|389
2020.05.14 16:00:00|15.96|16.23|15.83|15.83|811
2020.05.14 17:00:00|15.83|16.62|15.77|16.61|1168
2020.05.14 18:00:00|16.62|17.27|16.61|17.01|869
2020.05.15 10:00:00|17.33|17.61|17.13|17.39|1096
2020.05.15 11:00:00|17.39|17.93|17.33|17.92|934
2020.05.15 12:00:00|17.93|18.12|17.51|17.52|1071
2020.05.15 13:00:00|17.53|17.53|17.11|17.13|1014
2020.05.15 14:00:00|17.14|17.24|16.89|16.92|955
2020.05.15 15:00:00|16.94|17.19|16.92|17.17|713
2020.05.15 16:00:00|17.18|17.43|17.04|17.36|946
2020.05.15 17:00:00|17.35|17.6|17.15|17.43|1150
2020.05.15 18:00:00|17.42|17.57|17.26|17.5|655
2020.05.18 10:00:00|17.95|18.2|17.82|18.02|1072
2020.05.18 11:00:00|18.03|18.26|17.88|18.26|743
2020.05.18 12:00:00|18.26|18.33|18.04|18.1|698
2020.05.18 13:00:00|18.11|18.15|17.86|17.96|540
2020.05.18 14:00:00|17.98|18.19|17.89|18.15|517
2020.05.18 15:00:00|18.16|18.26|18.01|18.26|618
2020.05.18 16:00:00|18.26|18.43|18.08|18.13|950
2020.05.18 17:00:00|18.14|18.34|17.95|18.3|990
2020.05.18 18:00:00|18.28|18.53|18.24|18.49|628
2020.05.19 10:00:00|18.67|18.88|18.09|18.14|3392
2020.05.19 11:00:00|18.15|18.37|17.81|18.17|2323
2020.05.19 12:00:00|18.13|18.23|17.97|17.97|1593
2020.05.19 13:00:00|17.97|17.98|17.43|17.47|1649
2020.05.19 14:00:00|17.48|17.61|17.36|17.47|1259
2020.05.19 15:00:00|17.47|17.52|17.15|17.22|1110
2020.05.19 16:00:00|17.23|17.38|16.76|16.98|1531
2020.05.19 17:00:00|16.99|17.05|16.61|16.84|1621
2020.05.19 18:00:00|16.85|17.13|16.81|17.09|1072
2020.05.20 10:00:00|16.82|17.45|16.45|16.58|3772
2020.05.20 11:00:00|16.59|17.05|16.49|16.99|1861
2020.05.20 12:00:00|16.99|17.08|16.79|17.03|1458
2020.05.20 13:00:00|17.01|17.34|17|17.22|1573
2020.05.20 14:00:00|17.2|17.22|17.04|17.11|702
2020.05.20 15:00:00|17.12|17.4|17.09|17.39|892
2020.05.20 16:00:00|17.38|17.85|17.38|17.46|1896
2020.05.20 17:00:00|17.46|17.94|17.46|17.83|2154
2020.05.20 18:00:00|17.85|18.04|17.73|17.91|1181
2020.05.21 10:00:00|17.27|18.02|17.14|17.8|1892
2020.05.21 11:00:00|17.8|17.88|17.51|17.74|1157
2020.05.21 12:00:00|17.74|17.78|17.6|17.64|1553
2020.05.21 13:00:00|17.64|17.65|17.49|17.5|1057
2020.05.21 14:00:00|17.51|17.62|17.47|17.54|731
2020.05.21 15:00:00|17.53|17.66|17.42|17.43|753
2020.05.21 16:00:00|17.43|17.81|17.41|17.79|960
2020.05.21 17:00:00|17.8|18.05|17.73|17.88|1393
2020.05.21 18:00:00|17.87|17.88|17.53|17.58|991
2020.05.22 10:00:00|16.99|17.21|16.7|16.92|1936
2020.05.22 11:00:00|16.92|17.32|16.77|17.23|1623
2020.05.22 12:00:00|17.24|17.38|17.17|17.29|1004
2020.05.22 13:00:00|17.3|17.62|17.29|17.45|959
2020.05.22 14:00:00|17.45|17.62|17.3|17.6|1177
2020.05.22 15:00:00|17.61|17.85|17.58|17.68|974
2020.05.22 16:00:00|17.69|17.84|17.24|17.34|1092
2020.05.22 17:00:00|17.35|17.35|17.07|17.11|1739
2020.05.22 18:00:00|17.1|17.2|17.09|17.14|665
2020.05.25 10:00:00|17.41|17.55|16.91|17.01|2019
2020.05.25 11:00:00|17.02|17.47|16.89|17.38|1391
2020.05.25 12:00:00|17.39|17.53|17.25|17.42|902
2020.05.25 13:00:00|17.42|17.43|17.2|17.29|833
2020.05.25 14:00:00|17.29|17.31|17.11|17.31|596
2020.05.25 15:00:00|17.31|17.73|17.26|17.6|821
2020.05.25 16:00:00|17.6|17.6|17.46|17.53|1073
2020.05.25 17:00:00|17.53|17.68|17.46|17.64|1106
2020.05.25 18:00:00|17.63|17.79|17.59|17.74|716
2020.05.26 10:00:00|18.31|18.86|18.12|18.67|2756
2020.05.26 11:00:00|18.67|19.07|18.6|18.84|1782
2020.05.26 12:00:00|18.85|18.97|18.73|18.93|1178
2020.05.26 13:00:00|18.91|19.18|18.82|18.95|1144
2020.05.26 14:00:00|18.96|18.97|18.43|18.66|1311
2020.05.26 15:00:00|18.66|19.01|18.58|18.94|891
2020.05.26 16:00:00|18.93|19.13|18.91|18.94|1021
2020.05.26 17:00:00|18.94|19|18.8|18.94|1164
2020.05.26 18:00:00|18.94|19.11|18.84|18.93|783
2020.05.27 10:00:00|19.31|20.43|19.28|20.27|2518
2020.05.27 11:00:00|20.27|21.61|20.2|21.56|3681
2020.05.27 12:00:00|21.56|22.91|21.56|21.93|4360
2020.05.27 13:00:00|21.93|22.1|21.59|22.1|1969
2020.05.27 14:00:00|22.1|22.56|22|22.35|1833
2020.05.27 15:00:00|22.35|22.45|22.2|22.23|1652
2020.05.27 16:00:00|22.24|22.43|21.71|21.75|2056
2020.05.27 17:00:00|21.77|22.17|21.54|21.98|2677
2020.05.27 18:00:00|22.01|22.27|21.92|22.16|1798
2020.05.28 10:00:00|22.51|23.02|21.94|22.7|3015
2020.05.28 11:00:00|22.71|23.05|21.78|22.03|3171
2020.05.28 12:00:00|22.03|22.45|21.74|21.81|3023
2020.05.28 13:00:00|21.8|22.32|21.64|22.24|2512
2020.05.28 14:00:00|22.25|22.38|21.93|21.98|1730
2020.05.28 15:00:00|21.98|22.16|21.88|22.02|1378
2020.05.28 16:00:00|22.01|22.17|21.55|21.89|2316
2020.05.28 17:00:00|21.88|21.95|21.66|21.76|2516
2020.05.28 18:00:00|21.77|21.87|21.65|21.86|1250
2020.05.29 10:00:00|20.74|21.37|20.36|21.09|2960
2020.05.29 11:00:00|21.09|21.14|20.54|20.7|2625
2020.05.29 12:00:00|20.71|20.71|20.38|20.51|2105
2020.05.29 13:00:00|20.51|20.68|20.41|20.49|1650
2020.05.29 14:00:00|20.49|20.73|20.41|20.65|1360
2020.05.29 15:00:00|20.64|20.78|20.08|20.14|1590
2020.05.29 16:00:00|20.17|20.51|20.06|20.36|1901
2020.05.29 17:00:00|20.36|20.52|20.08|20.24|1969
2020.05.29 18:00:00|20.24|20.37|20.16|20.21|1248
2020.06.01 10:00:00|20.34|21.22|20.28|21.11|1521
2020.06.01 11:00:00|21.12|21.16|20.6|21.04|2232
2020.06.01 12:00:00|21.05|21.16|20.91|20.96|1266
2020.06.01 13:00:00|20.96|21.05|20.83|21.02|844
2020.06.01 14:00:00|21.02|21.18|20.99|21.07|800
2020.06.01 15:00:00|21.08|21.13|20.94|20.97|1047
2020.06.01 16:00:00|20.98|21.22|20.83|21.12|1018
2020.06.01 17:00:00|21.11|21.32|21.03|21.22|1266
2020.06.01 18:00:00|21.24|21.42|21.13|21.41|828
2020.06.02 10:00:00|21.76|22.11|21.4|22.02|2530
2020.06.02 11:00:00|22.03|22.41|21.97|22.23|2664
2020.06.02 12:00:00|22.23|22.43|22.08|22.09|1841
2020.06.02 13:00:00|22.09|22.18|21.88|22|1586
2020.06.02 14:00:00|22.01|22.11|21.91|21.99|1208
2020.06.02 15:00:00|21.98|22.06|21.66|21.92|1586
2020.06.02 16:00:00|21.93|21.93|21.61|21.77|1671
2020.06.02 17:00:00|21.77|21.93|21.54|21.73|1959
2020.06.02 18:00:00|21.74|21.74|21.51|21.54|1405
2020.06.03 10:00:00|22.55|23.58|22.55|23.29|4186
2020.06.03 11:00:00|23.29|23.51|23.22|23.32|2672
2020.06.03 12:00:00|23.32|23.42|22.91|23.27|1960
2020.06.03 13:00:00|23.27|23.37|23.03|23.07|1913
2020.06.03 14:00:00|23.08|23.25|22.86|23.05|1634
2020.06.03 15:00:00|23.05|23.29|23.03|23.21|1427
2020.06.03 16:00:00|23.2|23.44|23.04|23.37|2312
2020.06.03 17:00:00|23.37|23.53|23.31|23.4|2564
2020.06.03 18:00:00|23.41|23.83|23.4|23.81|1964
2020.06.04 10:00:00|23.04|23.42|22.62|23.41|2678
2020.06.04 11:00:00|23.42|23.6|23.15|23.54|2324
2020.06.04 12:00:00|23.55|23.56|22.99|23.01|2636
2020.06.04 13:00:00|23|23.31|22.95|23.23|2176
2020.06.04 14:00:00|23.23|24|23.2|23.59|1659
2020.06.04 15:00:00|23.6|23.81|23.17|23.35|3093
2020.06.04 16:00:00|23.34|23.72|23.21|23.48|3402
2020.06.04 17:00:00|23.47|23.62|23.41|23.52|3651
2020.06.04 18:00:00|23.51|23.62|23.36|23.45|1485
2020.06.05 10:00:00|24.1|25.1|24.07|25.06|3609
2020.06.05 11:00:00|25.06|25.39|24.87|25.35|3251
2020.06.05 12:00:00|25.36|25.63|25.12|25.58|3358
2020.06.05 13:00:00|25.58|25.66|25.14|25.17|2355
2020.06.05 14:00:00|25.18|25.3|25.02|25.15|2332
2020.06.05 15:00:00|25.15|25.56|24.87|25.52|2489
2020.06.05 16:00:00|25.52|25.6|25.26|25.34|3329
2020.06.05 17:00:00|25.34|25.65|25.21|25.6|3505
2020.06.05 18:00:00|25.6|25.76|25.53|25.73|1280
2020.06.08 10:00:00|26|27.39|25.69|27.01|3882
2020.06.08 11:00:00|27.03|27.69|26.86|27.68|3101
2020.06.08 12:00:00|27.68|27.81|27.37|27.41|2511
2020.06.08 13:00:00|27.42|27.46|27.12|27.2|2412
2020.06.08 14:00:00|27.21|27.47|27.17|27.39|2192
2020.06.08 15:00:00|27.4|27.64|27.17|27.21|2106
2020.06.08 16:00:00|27.22|27.34|26.8|26.96|2615
2020.06.08 17:00:00|26.97|27|25.91|26.12|3810
2020.06.08 18:00:00|26.11|26.37|25.94|26.24|2107
2020.06.09 10:00:00|26.31|26.92|24.64|25.11|3991
2020.06.09 11:00:00|25.12|25.4|24.14|24.42|3216
2020.06.09 12:00:00|24.42|25.31|24.4|25.03|2474
2020.06.09 13:00:00|25.04|25.45|25.01|25.33|2643
2020.06.09 14:00:00|25.34|26.06|25.32|25.82|2091
2020.06.09 15:00:00|25.82|25.93|25.5|25.58|1918
2020.06.09 16:00:00|25.58|25.91|25.34|25.44|2244
2020.06.09 17:00:00|25.44|25.87|25.22|25.66|2043
2020.06.09 18:00:00|25.65|25.78|25.38|25.43|1596
2020.06.10 10:00:00|25.7|26.46|25.37|25.89|2607
2020.06.10 11:00:00|25.88|25.9|25.1|25.19|3108
2020.06.10 12:00:00|25.2|25.21|24.81|24.9|3029
2020.06.10 13:00:00|24.91|25.04|24.54|24.93|2532
2020.06.10 14:00:00|24.92|25.23|24.8|25.19|2377
2020.06.10 15:00:00|25.19|25.64|25.16|25.62|2021
2020.06.10 16:00:00|25.61|25.67|24.68|24.94|2793
2020.06.10 17:00:00|24.94|25.02|24.32|24.46|2919
2020.06.10 18:00:00|24.46|24.8|24.42|24.75|1330
2020.06.11 10:00:00|23.21|23.63|22.85|23.05|3610
2020.06.11 11:00:00|23.04|23.4|22.94|23.01|3273
2020.06.11 12:00:00|22.99|23.15|22.89|23.06|2724
2020.06.11 13:00:00|23.07|23.2|22.94|23.03|2526
2020.06.11 14:00:00|23.04|23.04|22.45|22.53|1835
2020.06.11 15:00:00|22.53|22.6|22.2|22.2|1489
2020.06.11 16:00:00|22.19|22.4|21.91|22.17|2781
2020.06.11 17:00:00|22.16|22.27|21.56|21.7|3014
2020.06.11 18:00:00|21.69|21.86|21.29|21.29|1725
2020.06.12 10:00:00|21.08|22.68|21.01|22.07|4428
2020.06.12 11:00:00|22.07|22.81|22.04|22.61|3030
2020.06.12 12:00:00|22.62|22.7|22.32|22.62|2975
2020.06.12 13:00:00|22.63|22.77|22.2|22.31|2943
2020.06.12 14:00:00|22.31|22.65|22.22|22.22|2452
2020.06.12 15:00:00|22.21|22.49|22.01|22.27|2513
2020.06.12 16:00:00|22.27|22.53|22|22.34|3546
2020.06.12 17:00:00|22.38|22.59|21.8|21.81|3808
2020.06.12 18:00:00|21.81|22.09|21.73|21.95|2379
2020.06.15 10:00:00|20.78|21.33|20.74|21.16|3996
2020.06.15 11:00:00|21.17|21.47|20.96|21.42|4334
2020.06.15 12:00:00|21.41|21.61|21.06|21.59|3502
2020.06.15 13:00:00|21.58|21.74|21.18|21.25|3291
2020.06.15 14:00:00|21.27|21.44|21.18|21.37|3879
2020.06.15 15:00:00|21.37|21.44|21.25|21.29|3129
2020.06.15 16:00:00|21.3|21.64|21.13|21.38|4533
2020.06.15 17:00:00|21.39|21.8|21.28|21.73|5412
2020.06.15 18:00:00|21.74|22.04|21.73|21.85|1903
2020.06.16 10:00:00|23.2|23.49|22.57|22.63|4047
2020.06.16 11:00:00|22.62|23.17|22.44|23.07|3738
2020.06.16 12:00:00|23.08|23.23|22.71|22.86|2603
2020.06.16 13:00:00|22.85|23.21|22.78|23.06|2557
2020.06.16 14:00:00|23.07|23.14|22.88|23.12|2029
2020.06.16 15:00:00|23.12|23.62|23.1|23.56|2240
2020.06.16 16:00:00|23.55|23.56|22.86|23.07|3305
2020.06.16 17:00:00|23.07|23.41|22.38|22.4|4833
2020.06.16 18:00:00|22.41|22.73|22.22|22.63|3586
2020.06.17 10:00:00|22.71|23.16|22.41|22.9|2642
2020.06.17 11:00:00|22.9|22.99|22.53|22.61|2978
2020.06.17 12:00:00|22.6|22.65|22.07|22.13|3408
2020.06.17 13:00:00|22.14|22.55|22.1|22.54|3370
2020.06.17 14:00:00|22.53|22.67|22.33|22.39|2604
2020.06.17 15:00:00|22.39|22.52|22.26|22.3|2499
2020.06.17 16:00:00|22.31|22.36|21.84|21.89|2968
2020.06.17 17:00:00|21.88|22.01|21.61|21.9|3109
2020.06.17 18:00:00|21.91|21.94|21.71|21.86|2044
2020.06.18 10:00:00|21.52|21.92|21.39|21.84|3192
2020.06.18 11:00:00|21.83|22.21|21.71|22.14|2624
2020.06.18 12:00:00|22.15|22.24|21.63|21.69|4280
2020.06.18 13:00:00|21.7|21.72|21.44|21.47|3391
2020.06.18 14:00:00|21.47|21.53|21.16|21.22|3122
2020.06.18 15:00:00|21.23|21.46|21.12|21.36|2693
2020.06.18 16:00:00|21.37|21.57|20.94|21.36|3286
2020.06.18 17:00:00|21.37|21.73|21.33|21.63|4972
2020.06.18 18:00:00|21.64|21.68|21.46|21.48|1754
2020.06.19 10:00:00|21.62|21.67|21.11|21.31|2310
2020.06.19 11:00:00|21.3|21.31|21.06|21.22|1830
2020.06.19 12:00:00|21.23|21.41|21.16|21.25|3156
2020.06.19 13:00:00|21.25|21.39|21.06|21.14|2197
2020.06.19 14:00:00|21.14|21.2|21.02|21.17|1084
2020.06.19 15:00:00|21.18|21.41|21.18|21.34|1692
2020.06.19 16:00:00|21.33|21.33|20.96|21.05|1821
2020.06.19 17:00:00|21.06|21.17|20.97|21.09|1691
2020.06.19 18:00:00|21.09|21.13|21|21.02|985
2020.06.22 10:00:00|20.55|21.18|20.43|20.97|2702
2020.06.22 11:00:00|20.97|21.26|20.81|21.16|2473
2020.06.22 12:00:00|21.16|21.4|21.12|21.16|2733
2020.06.22 13:00:00|21.17|21.34|20.96|20.96|2081
2020.06.22 14:00:00|20.96|20.98|20.81|20.95|1992
2020.06.22 15:00:00|20.96|20.99|20.75|20.89|1320
2020.06.22 16:00:00|20.89|21.08|20.74|20.96|2456
2020.06.22 17:00:00|20.96|21.07|20.87|20.9|2630
2020.06.22 18:00:00|20.89|21.07|20.84|21.04|1020
2020.06.23 10:00:00|21.12|22.1|21|21.98|2873
2020.06.23 11:00:00|21.99|22.24|21.89|22.16|2196
2020.06.23 12:00:00|22.14|22.34|22.05|22.31|1553
2020.06.23 13:00:00|22.32|22.5|22.23|22.46|1758
2020.06.23 14:00:00|22.47|22.78|22.43|22.62|1458
2020.06.23 15:00:00|22.61|22.78|22.55|22.71|1342
2020.06.23 16:00:00|22.71|22.8|22.23|22.32|1880
2020.06.23 17:00:00|22.32|22.37|21.96|22.11|2195
2020.06.23 18:00:00|22.1|22.37|22.05|22.34|943
2020.06.24 10:00:00|22.09|22.84|22.09|22.3|3248
2020.06.24 11:00:00|22.31|22.34|21.94|22.14|2329
2020.06.24 12:00:00|22.13|22.18|21.69|21.92|2634
2020.06.24 13:00:00|21.91|22.04|21.86|22|1920
2020.06.24 14:00:00|22.01|22.11|21.88|21.9|1294
2020.06.24 15:00:00|21.9|22.04|21.81|21.89|1127
2020.06.24 16:00:00|21.88|21.97|21.41|21.45|1848
2020.06.24 17:00:00|21.44|21.61|21.21|21.21|2266
2020.06.24 18:00:00|21.21|21.23|20.95|20.98|1375
2020.06.25 10:00:00|20.66|21.14|20.55|20.93|3039
2020.06.25 11:00:00|20.94|21.6|20.93|21.22|2739
2020.06.25 12:00:00|21.23|21.3|20.9|21.02|3608
2020.06.25 13:00:00|21.03|21.06|20.8|20.99|2400
2020.06.25 14:00:00|21|21.01|20.68|20.72|1656
2020.06.25 15:00:00|20.73|20.88|20.69|20.74|1798
2020.06.25 16:00:00|20.74|21.2|20.74|21.12|2715
2020.06.25 17:00:00|21.11|21.43|21.09|21.24|2738
2020.06.25 18:00:00|21.24|21.33|21.19|21.28|1337
2020.06.26 10:00:00|21.57|21.75|21.01|21.11|2192
2020.06.26 11:00:00|21.12|21.23|20.84|21.13|2479
2020.06.26 12:00:00|21.13|21.34|21.05|21.29|1879
2020.06.26 13:00:00|21.28|21.43|21.15|21.42|1563
2020.06.26 14:00:00|21.43|21.58|21.33|21.35|1092
2020.06.26 15:00:00|21.36|21.59|21.26|21.31|1470
2020.06.26 16:00:00|21.31|21.43|21.09|21.17|3866
2020.06.26 17:00:00|21.16|21.18|20.82|21.04|3383
2020.06.26 18:00:00|21.05|21.09|20.91|20.93|1287
2020.06.29 10:00:00|20.93|21.69|20.81|21.15|1998
2020.06.29 11:00:00|21.13|21.27|20.91|21.26|2075
2020.06.29 12:00:00|21.25|21.47|21.12|21.33|2837
2020.06.29 13:00:00|21.34|21.55|21.19|21.55|1655
2020.06.29 14:00:00|21.56|22.07|21.53|22.01|1123
2020.06.29 15:00:00|21.98|22.1|21.75|21.86|869
2020.06.29 16:00:00|21.86|21.91|21.55|21.77|1475
2020.06.29 17:00:00|21.77|22.23|21.77|22.05|2172
2020.06.29 18:00:00|22.06|22.08|21.81|21.92|744
2020.06.30 10:00:00|22.13|22.27|21.7|21.86|2294
2020.06.30 11:00:00|21.87|21.92|21.67|21.83|2466
2020.06.30 12:00:00|21.82|22.05|21.76|22.02|1487
2020.06.30 13:00:00|22.02|22.21|21.89|22.06|1235
2020.06.30 14:00:00|22.06|22.21|21.93|22.02|1154
2020.06.30 15:00:00|22.02|22.13|21.94|22.05|1022
2020.06.30 16:00:00|22.04|22.07|21.77|21.82|1549
2020.06.30 17:00:00|21.83|22.25|21.82|22.23|1735
2020.06.30 18:00:00|22.24|22.54|22.19|22.49|656
2020.07.01 10:00:00|22.6|22.66|22.06|22.12|984
2020.07.01 11:00:00|22.14|22.22|21.91|21.93|761
2020.07.01 12:00:00|21.92|22.03|21.62|21.66|1089
2020.07.01 13:00:00|21.66|21.7|21.3|21.36|1790
2020.07.01 14:00:00|21.38|21.44|21.19|21.36|1265
2020.07.01 15:00:00|21.37|21.64|21.14|21.63|1445
2020.07.01 16:00:00|21.64|21.8|21.47|21.64|1858
2020.07.01 17:00:00|21.64|21.9|21.47|21.59|1975
2020.07.01 18:00:00|21.59|21.64|21.4|21.42|691
2020.07.02 10:00:00|21.74|22.41|21.6|22.31|1988
2020.07.02 11:00:00|22.32|22.4|22.13|22.22|1665
2020.07.02 12:00:00|22.24|22.34|22.1|22.18|1058
2020.07.02 13:00:00|22.19|22.29|21.95|22.29|1000
2020.07.02 14:00:00|22.29|22.35|22.22|22.31|677
2020.07.02 15:00:00|22.3|22.58|22.08|22.57|1211
2020.07.02 16:00:00|22.56|22.93|22.47|22.87|1159
2020.07.02 17:00:00|22.87|22.94|22.34|22.34|1454
2020.07.02 18:00:00|22.34|22.46|22.19|22.44|819
2020.07.03 10:00:00|22.66|22.75|22.08|22.28|2236
2020.07.03 11:00:00|22.29|22.38|22.17|22.2|1646
2020.07.03 12:00:00|22.19|22.24|21.92|21.95|1077
2020.07.03 13:00:00|21.94|22.17|21.81|22.07|1094
2020.07.03 14:00:00|22.07|22.11|21.9|21.98|1069
2020.07.03 15:00:00|21.97|22.18|21.93|22.1|894
2020.07.03 16:00:00|22.11|22.24|22.04|22.1|1002
2020.07.03 17:00:00|22.09|22.18|21.95|22.09|1161
2020.07.03 18:00:00|22.1|22.15|22.07|22.11|468
2020.07.06 10:00:00|22.94|23.49|22.93|23.19|2918
2020.07.06 11:00:00|23.17|23.22|22.77|22.81|1384
2020.07.06 12:00:00|22.8|23.09|22.65|23.06|1061
2020.07.06 13:00:00|23.06|23.2|22.87|22.88|902
2020.07.06 14:00:00|22.89|23.05|22.82|23.05|845
2020.07.06 15:00:00|23.05|23.15|22.95|23.09|882
2020.07.06 16:00:00|23.08|23.14|22.9|23.02|1741
2020.07.06 17:00:00|23.1|23.17|22.75|23.04|2089
2020.07.06 18:00:00|23.05|23.15|23.02|23.1|690
2020.07.07 10:00:00|22.9|23.14|22.55|23.1|1738
2020.07.07 11:00:00|23.11|23.3|22.98|23.19|1940
2020.07.07 12:00:00|23.18|23.36|23.12|23.27|1395
2020.07.07 13:00:00|23.27|23.39|23.18|23.28|1241
2020.07.07 14:00:00|23.29|23.4|23.26|23.32|734
2020.07.07 15:00:00|23.31|23.38|23.19|23.25|633
2020.07.07 16:00:00|23.25|23.35|23.1|23.17|1065
2020.07.07 17:00:00|23.16|23.17|22.98|23.06|1481
2020.07.07 18:00:00|23.07|23.07|22.94|23.03|481
2020.07.08 10:00:00|22.61|22.77|22.47|22.58|2279
2020.07.08 11:00:00|22.59|22.68|22.45|22.53|2210
2020.07.08 12:00:00|22.53|22.59|22.11|22.22|1458
2020.07.08 13:00:00|22.21|22.25|22.04|22.24|1164
2020.07.08 14:00:00|22.22|22.25|22.05|22.15|891
2020.07.08 15:00:00|22.14|22.15|21.84|21.87|1006
2020.07.08 16:00:00|21.87|22.2|21.81|22.17|1313
2020.07.08 17:00:00|22.17|22.23|21.97|22.05|1430
2020.07.08 18:00:00|22.06|22.07|21.87|21.91|679
2020.07.09 10:00:00|22.11|22.3|21.75|21.86|1776
2020.07.09 11:00:00|21.86|22.01|21.76|21.8|1158
2020.07.09 12:00:00|21.81|21.88|21.71|21.8|919
2020.07.09 13:00:00|21.81|21.85|21.68|21.81|839
2020.07.09 14:00:00|21.8|22.11|21.79|22.08|878
2020.07.09 15:00:00|22.08|22.27|22.06|22.23|949
2020.07.09 16:00:00|22.22|22.34|21.97|22.05|1141
2020.07.09 17:00:00|22.05|22.16|21.79|21.82|1604
2020.07.09 18:00:00|21.82|21.85|21.55|21.62|1155
2020.07.10 10:00:00|21.32|21.4|21.08|21.3|2377
2020.07.10 11:00:00|21.31|21.55|21.19|21.26|2098
2020.07.10 12:00:00|21.27|21.42|21.19|21.35|1405
2020.07.10 13:00:00|21.36|21.58|21.33|21.56|896
2020.07.10 14:00:00|21.56|21.72|21.54|21.59|1083
2020.07.10 15:00:00|21.59|21.93|21.56|21.86|1107
2020.07.10 16:00:00|21.86|22.13|21.78|22.03|1841
2020.07.10 17:00:00|22.04|22.36|21.99|22.21|2288
2020.07.10 18:00:00|22.21|22.3|22.18|22.24|896
2020.07.13 10:00:00|22.6|23.13|22.57|22.86|2110
2020.07.13 11:00:00|22.86|22.91|22.57|22.61|1372
2020.07.13 12:00:00|22.62|22.67|22.51|22.66|1102
2020.07.13 13:00:00|22.66|22.69|22.39|22.6|1096
2020.07.13 14:00:00|22.61|22.82|22.58|22.77|991
2020.07.13 15:00:00|22.78|22.95|22.72|22.84|689
2020.07.13 16:00:00|22.83|22.89|22.58|22.6|1125
2020.07.13 17:00:00|22.61|22.66|22.49|22.63|968
2020.07.13 18:00:00|22.63|22.74|22.6|22.73|377
2020.07.14 10:00:00|22.37|22.73|22.12|22.22|1688
2020.07.14 11:00:00|22.22|22.41|22.2|22.32|1814
2020.07.14 12:00:00|22.32|22.46|22.23|22.38|1307
2020.07.14 13:00:00|22.38|22.41|22.14|22.37|1187
2020.07.14 14:00:00|22.37|22.38|22.05|22.19|1012
2020.07.14 15:00:00|22.19|22.32|22.09|22.11|1038
2020.07.14 16:00:00|22.1|22.3|22.05|22.28|2260
2020.07.14 17:00:00|22.28|22.49|22.15|22.44|2999
2020.07.14 18:00:00|22.43|22.49|22.35|22.41|1339
2020.07.15 10:00:00|22.89|23.68|22.88|23.44|2675
2020.07.15 11:00:00|23.44|23.62|23.26|23.33|1518
2020.07.15 12:00:00|23.34|23.35|23.17|23.31|826
2020.07.15 13:00:00|23.31|23.74|23.29|23.66|1427
2020.07.15 14:00:00|23.65|23.8|23.57|23.6|1253
2020.07.15 15:00:00|23.6|23.67|23.48|23.6|913
2020.07.15 16:00:00|23.61|23.63|23.44|23.49|2004
2020.07.15 17:00:00|23.5|23.67|23.36|23.66|1657
2020.07.15 18:00:00|23.66|23.66|23.37|23.44|861
2020.07.16 10:00:00|23.28|24.01|23.22|23.95|2136
2020.07.16 11:00:00|23.94|23.98|23.71|23.72|1607
2020.07.16 12:00:00|23.72|23.77|23.58|23.6|871
2020.07.16 13:00:00|23.59|23.63|23.3|23.4|1051
2020.07.16 14:00:00|23.4|23.41|23.24|23.31|747
2020.07.16 15:00:00|23.31|23.48|23.26|23.48|758
2020.07.16 16:00:00|23.46|23.74|23.44|23.64|1578
2020.07.16 17:00:00|23.62|23.85|23.54|23.79|1506
2020.07.16 18:00:00|23.79|23.85|23.75|23.78|578
2020.07.17 10:00:00|23.97|24.02|23.61|23.64|1294
2020.07.17 11:00:00|23.65|23.83|23.62|23.76|984
2020.07.17 12:00:00|23.75|23.81|23.67|23.77|1378
2020.07.17 13:00:00|23.76|23.93|23.76|23.87|675
2020.07.17 14:00:00|23.86|23.88|23.73|23.82|575
2020.07.17 15:00:00|23.82|23.91|23.77|23.87|533
2020.07.17 16:00:00|23.87|23.91|23.66|23.71|1288
2020.07.17 17:00:00|23.57|23.78|23.56|23.7|1403
2020.07.17 18:00:00|23.71|23.73|23.63|23.7|363
2020.07.20 10:00:00|23.46|23.74|23.21|23.72|1959
2020.07.20 11:00:00|23.73|23.95|23.53|23.9|1856
2020.07.20 12:00:00|23.91|24.3|23.9|24.09|1271
2020.07.20 13:00:00|24.08|24.13|23.94|23.99|871
2020.07.20 14:00:00|23.98|24.23|23.98|24.14|768
2020.07.20 15:00:00|24.14|24.18|23.98|24.12|824
2020.07.20 16:00:00|24.12|24.28|24.07|24.11|1428
2020.07.20 17:00:00|24.12|24.24|24.04|24.17|1112
2020.07.20 18:00:00|24.18|24.27|24.14|24.26|353
2020.07.21 10:00:00|24.69|25.24|24.43|25.08|2956
2020.07.21 11:00:00|25.07|25.17|24.96|25.01|1454
2020.07.21 12:00:00|25|25.09|24.77|24.78|1339
2020.07.21 13:00:00|24.79|24.81|24.58|24.63|1343
2020.07.21 14:00:00|24.64|24.75|24.51|24.61|1118
2020.07.21 15:00:00|24.6|24.69|24.5|24.58|907
2020.07.21 16:00:00|24.57|24.67|24.44|24.55|1518
2020.07.21 17:00:00|24.56|24.59|24.23|24.36|1679
2020.07.21 18:00:00|24.37|24.38|24.25|24.34|669
2020.07.22 10:00:00|24.24|24.5|23.92|23.94|1896
2020.07.22 11:00:00|23.95|24.07|23.82|23.89|1672
2020.07.22 12:00:00|23.9|23.97|23.77|23.95|1114
2020.07.22 13:00:00|23.95|23.95|23.56|23.64|1046
2020.07.22 14:00:00|23.65|23.75|23.64|23.71|566
2020.07.22 15:00:00|23.72|23.75|23.59|23.74|1041
2020.07.22 16:00:00|23.73|23.88|23.71|23.83|961
2020.07.22 17:00:00|23.82|23.89|23.72|23.87|691
2020.07.22 18:00:00|23.87|23.89|23.8|23.86|341
2020.07.23 10:00:00|24.39|24.9|24.33|24.85|1951
2020.07.23 11:00:00|24.85|25.11|24.75|25.04|1523
2020.07.23 12:00:00|25.04|25.33|25.04|25.26|1255
2020.07.23 13:00:00|25.27|25.52|25.27|25.5|999
2020.07.23 14:00:00|25.49|25.66|25.32|25.63|912
2020.07.23 15:00:00|25.63|25.77|25.38|25.57|1322
2020.07.23 16:00:00|25.59|25.75|25.42|25.47|1332
2020.07.23 17:00:00|25.48|25.5|25.17|25.39|1244
2020.07.23 18:00:00|25.4|25.55|25.38|25.53|642
2020.07.24 10:00:00|25.01|25.14|24.73|25.07|2030
2020.07.24 11:00:00|25.08|25.21|24.99|25.17|1616
2020.07.24 12:00:00|25.16|25.41|25.06|25.32|1152
2020.07.24 13:00:00|25.31|25.39|25.12|25.17|1186
2020.07.24 14:00:00|25.18|25.26|25.13|25.18|816
2020.07.24 15:00:00|25.19|25.29|25.12|25.12|690
2020.07.24 16:00:00|25.11|25.16|25.04|25.14|1082
2020.07.24 17:00:00|25.1|25.3|25.1|25.13|1262
2020.07.24 18:00:00|25.13|25.18|25.06|25.06|465
2020.07.27 10:00:00|25.03|25.2|24.59|25|2286
2020.07.27 11:00:00|25|25.14|24.86|24.91|1583
2020.07.27 12:00:00|24.92|25.2|24.89|25.2|1127
2020.07.27 13:00:00|25.2|25.3|25.13|25.17|806
2020.07.27 14:00:00|25.16|25.17|25.01|25.15|747
2020.07.27 15:00:00|25.14|25.19|25|25.11|871
2020.07.27 16:00:00|25.1|25.18|25|25.05|1035
2020.07.27 17:00:00|25.05|25.33|25|25.25|1122
2020.07.27 18:00:00|25.24|25.28|25.16|25.18|395
2020.07.28 10:00:00|24.97|25.26|24.82|25.18|1567
2020.07.28 11:00:00|25.19|25.2|24.93|25.02|1562
2020.07.28 12:00:00|25.02|25.06|24.74|24.81|1274
2020.07.28 13:00:00|24.8|24.95|24.69|24.9|1349
2020.07.28 14:00:00|24.91|25|24.68|24.78|1039
2020.07.28 15:00:00|24.78|24.83|24.72|24.76|724
2020.07.28 16:00:00|24.76|24.78|24.5|24.59|1274
2020.07.28 17:00:00|24.59|24.78|24.58|24.63|1161
2020.07.28 18:00:00|24.62|24.73|24.57|24.69|559
2020.07.29 10:00:00|23.98|24.38|23.96|24.16|1309
2020.07.29 11:00:00|24.17|24.28|23.93|23.93|1116
2020.07.29 12:00:00|23.94|24.08|23.81|24.06|950
2020.07.29 13:00:00|24.07|24.21|24.06|24.17|816
2020.07.29 14:00:00|24.17|24.25|24.14|24.24|787
2020.07.29 15:00:00|24.25|24.27|24.17|24.26|630
2020.07.29 16:00:00|24.27|24.29|23.96|24.07|1095
2020.07.29 17:00:00|24.07|24.13|23.85|23.91|708
2020.07.29 18:00:00|23.91|23.93|23.85|23.9|412
2020.07.30 10:00:00|23.37|23.98|23.15|23.29|1396
2020.07.30 11:00:00|23.29|23.36|23.11|23.12|1692
2020.07.30 12:00:00|23.11|23.27|22.53|22.54|1586
2020.07.30 13:00:00|22.55|22.6|21.76|21.98|2147
2020.07.30 14:00:00|21.99|22.6|21.88|22.41|1599
2020.07.30 15:00:00|22.41|22.43|22.12|22.15|1348
2020.07.30 16:00:00|22.14|22.27|21.92|21.93|1634
2020.07.30 17:00:00|21.92|22.02|21.66|21.81|2030
2020.07.30 18:00:00|21.82|21.87|21.74|21.8|1078
2020.07.31 10:00:00|22.01|22.11|21.02|21.1|1687
2020.07.31 11:00:00|21.12|21.19|20.76|20.78|1277
2020.07.31 12:00:00|20.76|20.8|20.45|20.46|1328
2020.07.31 13:00:00|20.45|20.7|20.44|20.7|932
2020.07.31 14:00:00|20.71|20.78|20.47|20.59|869
2020.07.31 15:00:00|20.58|20.65|20.37|20.4|916
2020.07.31 16:00:00|20.39|20.76|20.3|20.39|1108
2020.07.31 17:00:00|20.39|20.44|19.91|20.04|1496
2020.07.31 18:00:00|20.03|20.07|19.91|20.02|1004
2020.08.03 10:00:00|20.16|20.37|19.55|19.85|2452
2020.08.03 11:00:00|19.86|19.95|19.57|19.72|1612
2020.08.03 12:00:00|19.71|19.92|19.69|19.89|847
2020.08.03 13:00:00|19.9|20.2|19.83|20.17|979
2020.08.03 14:00:00|20.18|20.46|20.14|20.45|904
2020.08.03 15:00:00|20.46|20.5|20.35|20.38|797
2020.08.03 16:00:00|20.4|20.72|20.4|20.71|1226
2020.08.03 17:00:00|20.68|20.98|20.68|20.73|1371
2020.08.03 18:00:00|20.73|20.9|20.68|20.88|578
2020.08.04 10:00:00|21.27|22.08|21.24|21.52|2111
2020.08.04 11:00:00|21.52|22.01|21.4|21.95|1362
2020.08.04 12:00:00|21.95|21.97|21.79|21.9|1072
2020.08.04 13:00:00|21.9|22.12|21.84|22.04|885
2020.08.04 14:00:00|22.04|22.21|21.92|22.11|789
2020.08.04 15:00:00|22.11|22.11|21.86|21.93|680
2020.08.04 16:00:00|21.91|22.12|21.87|22.05|1223
2020.08.04 17:00:00|22.05|22.42|22.03|22.36|1160
2020.08.04 18:00:00|22.36|22.41|22.31|22.32|555
2020.08.05 10:00:00|22.61|22.87|22.37|22.66|2029
2020.08.05 11:00:00|22.63|23.07|22.5|23.05|1172
2020.08.05 12:00:00|23.06|23.19|22.88|22.99|939
2020.08.05 13:00:00|23|23.05|22.76|22.81|882
2020.08.05 14:00:00|22.8|22.86|22.68|22.85|609
2020.08.05 15:00:00|22.84|22.86|22.61|22.65|872
2020.08.05 16:00:00|22.65|22.69|22.52|22.64|688
2020.08.05 17:00:00|22.67|22.82|22.62|22.79|854
2020.08.05 18:00:00|22.8|22.89|22.79|22.85|416
2020.08.06 10:00:00|22.58|23.07|22.33|22.8|1824
2020.08.06 11:00:00|22.79|22.91|22.61|22.89|1423
2020.08.06 12:00:00|22.9|22.92|22.78|22.83|869
2020.08.06 13:00:00|22.82|22.83|22.43|22.48|996
2020.08.06 14:00:00|22.48|22.48|22.23|22.3|1144
2020.08.06 15:00:00|22.29|22.68|22.18|22.64|1028
2020.08.06 16:00:00|22.63|22.65|22.37|22.49|878
2020.08.06 17:00:00|22.48|22.63|22.41|22.5|806
2020.08.06 18:00:00|22.49|22.54|22.41|22.46|433
2020.08.07 10:00:00|22.25|22.45|22.07|22.27|2075
2020.08.07 11:00:00|22.28|22.31|22.12|22.18|1286
2020.08.07 12:00:00|22.19|22.2|22.04|22.13|1073
2020.08.07 13:00:00|22.12|22.3|22.02|22.3|869
2020.08.07 14:00:00|22.3|22.31|22.18|22.21|526
2020.08.07 15:00:00|22.2|22.51|22.18|22.28|944
2020.08.07 16:00:00|22.27|22.5|22.24|22.45|1260
2020.08.07 17:00:00|22.45|22.6|22.38|22.53|1162
2020.08.07 18:00:00|22.54|22.7|22.53|22.63|492
2020.08.10 10:00:00|23.09|23.53|22.9|23.23|2074
2020.08.10 11:00:00|23.23|23.26|23.01|23.16|1482
2020.08.10 12:00:00|23.15|23.29|23.1|23.28|893
2020.08.10 13:00:00|23.29|23.46|23.25|23.39|731
2020.08.10 14:00:00|23.38|23.39|23.12|23.22|550
2020.08.10 15:00:00|23.23|23.38|23.21|23.34|532
2020.08.10 16:00:00|23.35|23.66|23.31|23.6|1065
2020.08.10 17:00:00|23.61|24.04|23.52|23.88|1369
2020.08.10 18:00:00|23.9|23.99|23.87|23.92|711
2020.08.11 10:00:00|24.42|24.89|24.41|24.82|2809
2020.08.11 11:00:00|24.81|24.98|24.72|24.96|1225
2020.08.11 12:00:00|24.97|25.17|24.94|25.08|1362
2020.08.11 13:00:00|25.09|25.14|24.9|25.05|1450
2020.08.11 14:00:00|25.04|25.19|24.94|25|1175
2020.08.11 15:00:00|25.01|25.02|24.77|24.91|1140
2020.08.11 16:00:00|24.92|25|24.7|24.74|1488
2020.08.11 17:00:00|24.75|25.02|24.57|24.96|1590
2020.08.11 18:00:00|24.97|25.07|24.95|25.04|520
2020.08.12 10:00:00|24.92|25.17|24.71|24.98|2331
2020.08.12 11:00:00|24.99|25.12|24.86|25.1|1464
2020.08.12 12:00:00|25.11|25.23|25.11|25.16|1082
2020.08.12 13:00:00|25.16|25.3|25.11|25.28|804
2020.08.12 14:00:00|25.28|25.34|25.2|25.22|863
2020.08.12 15:00:00|25.22|25.47|25.19|25.42|1055
2020.08.12 16:00:00|25.42|25.6|25.21|25.24|1641
2020.08.12 17:00:00|25.25|25.44|25.21|25.24|1506
2020.08.12 18:00:00|25.24|25.26|25.02|25.19|828
2020.08.13 10:00:00|24.84|25.32|24.67|25.27|2209
2020.08.13 11:00:00|25.28|25.29|25.05|25.13|1742
2020.08.13 12:00:00|25.13|25.24|25.02|25.06|1055
2020.08.13 13:00:00|25.06|25.15|24.91|24.96|815
2020.08.13 14:00:00|24.96|24.98|24.81|24.89|733
2020.08.13 15:00:00|24.89|24.93|24.77|24.87|751
2020.08.13 16:00:00|24.87|24.88|24.7|24.77|1331
2020.08.13 17:00:00|24.76|24.78|24.46|24.52|995
2020.08.13 18:00:00|24.52|24.63|24.5|24.55|466
2020.08.14 10:00:00|24.36|24.37|23.96|24.09|1865
2020.08.14 11:00:00|24.09|24.11|23.7|23.77|1520
2020.08.14 12:00:00|23.76|23.92|23.72|23.78|1131
2020.08.14 13:00:00|23.77|23.96|23.72|23.95|840
2020.08.14 14:00:00|23.95|23.96|23.81|23.91|533
2020.08.14 15:00:00|23.9|24.05|23.9|23.94|627
2020.08.14 16:00:00|23.93|24.13|23.88|24.12|1052
2020.08.14 17:00:00|24.14|24.31|24.05|24.27|879
2020.08.14 18:00:00|24.27|24.32|24.23|24.26|381
2020.08.17 10:00:00|24.36|24.53|23.76|24.24|2615
2020.08.17 11:00:00|24.25|24.25|24.03|24.13|2112
2020.08.17 12:00:00|24.14|24.22|24.1|24.11|1129
2020.08.17 13:00:00|24.11|24.3|24.06|24.3|654
2020.08.17 14:00:00|24.3|24.3|24.12|24.14|670
2020.08.17 15:00:00|24.15|24.32|24.14|24.22|567
2020.08.17 16:00:00|24.23|24.3|24.09|24.15|878
2020.08.17 17:00:00|24.15|24.17|24.04|24.11|585
2020.08.17 18:00:00|24.12|24.2|24.07|24.19|344
2020.08.18 10:00:00|23.81|24.17|23.6|24.07|2086
2020.08.18 11:00:00|24.08|24.34|24.04|24.3|1197
2020.08.18 12:00:00|24.29|24.43|24.18|24.41|1450
2020.08.18 13:00:00|24.41|24.54|24.38|24.54|825
2020.08.18 14:00:00|24.54|24.59|24.33|24.34|754
2020.08.18 15:00:00|24.34|24.43|24.25|24.34|608
2020.08.18 16:00:00|24.35|24.35|24.04|24.04|946
2020.08.18 17:00:00|24.05|24.12|23.86|23.93|1147
2020.08.18 18:00:00|23.92|23.97|23.88|23.9|337
2020.08.19 10:00:00|23.68|24.02|23.63|23.83|2033
2020.08.19 11:00:00|23.83|23.9|23.68|23.85|1174
2020.08.19 12:00:00|23.87|24.07|23.85|24.03|835
2020.08.19 13:00:00|24.02|24.03|23.82|23.9|462
2020.08.19 14:00:00|23.89|23.93|23.82|23.93|331
2020.08.19 15:00:00|23.93|24.06|23.84|23.92|551
2020.08.19 16:00:00|23.91|24.15|23.9|24.04|723
2020.08.19 17:00:00|24.03|24.16|24.02|24.13|577
2020.08.19 18:00:00|24.14|24.2|24.08|24.19|358
2020.08.20 10:00:00|23.66|23.77|23.34|23.54|1732
2020.08.20 11:00:00|23.53|23.54|23.33|23.48|857
2020.08.20 12:00:00|23.47|23.49|23.3|23.32|663
2020.08.20 13:00:00|23.33|23.48|23.27|23.36|569
2020.08.20 14:00:00|23.36|23.38|23.21|23.21|532
2020.08.20 15:00:00|23.22|23.22|23.04|23.1|533
2020.08.20 16:00:00|23.1|23.22|22.96|23.07|810
2020.08.20 17:00:00|23.07|23.18|22.94|23.1|703
2020.08.20 18:00:00|23.09|23.1|23|23.06|295
2020.08.21 10:00:00|23.21|23.39|22.95|23.18|2238
2020.08.21 11:00:00|23.17|23.18|22.92|22.94|1493
2020.08.21 12:00:00|22.94|23.08|22.92|22.97|898
2020.08.21 13:00:00|22.98|23.16|22.95|23.13|832
2020.08.21 14:00:00|23.14|23.17|22.85|22.85|841
2020.08.21 15:00:00|22.84|22.85|22.5|22.51|1091
2020.08.21 16:00:00|22.52|22.84|22.47|22.82|1252
2020.08.21 17:00:00|22.82|22.89|22.72|22.87|1033
