2020.11.03 17:00:00|0.77|0.8|0.77|0.8|81
2020.11.03 18:00:00|0.79|0.82|0.79|0.8100000000000001|94
2020.11.04 10:00:00|0.77|0.8100000000000001|0.75|0.8|243
2020.11.04 11:00:00|0.79|0.8100000000000001|0.78|0.8100000000000001|63
2020.11.04 12:00:00|0.8|0.83|0.8|0.83|42
2020.11.04 13:00:00|0.83|0.85|0.82|0.85|77
2020.11.04 14:00:00|0.84|0.85|0.82|0.83|115
2020.11.04 15:00:00|0.82|0.83|0.8100000000000001|0.82|60
2020.11.04 16:00:00|0.8100000000000001|0.82|0.79|0.8100000000000001|70
2020.11.04 17:00:00|0.8|0.8100000000000001|0.79|0.8100000000000001|47
2020.11.04 18:00:00|0.82|0.83|0.8100000000000001|0.82|27
2020.11.05 10:00:00|0.76|0.8100000000000001|0.75|0.77|229
2020.11.05 11:00:00|0.76|0.78|0.75|0.77|104
2020.11.05 12:00:00|0.76|0.78|0.75|0.76|56
2020.11.05 13:00:00|0.75|0.76|0.74|0.75|84
2020.11.05 14:00:00|0.75|0.76|0.74|0.75|41
2020.11.05 15:00:00|0.73|0.74|0.72|0.74|103
2020.11.05 16:00:00|0.73|0.74|0.7|0.73|100
2020.11.05 17:00:00|0.72|0.75|0.72|0.74|49
2020.11.05 18:00:00|0.73|0.74|0.71|0.73|36
2020.11.06 10:00:00|0.71|0.72|0.7|0.71|227
2020.11.06 11:00:00|0.7|0.71|0.68|0.7|99
2020.11.06 12:00:00|0.6899999999999999|0.71|0.68|0.7|48
2020.11.06 13:00:00|0.6899999999999999|0.7|0.67|0.68|87
2020.11.06 14:00:00|0.66|0.6899999999999999|0.65|0.67|174
2020.11.06 15:00:00|0.66|0.6899999999999999|0.66|0.6899999999999999|45
2020.11.06 16:00:00|0.68|0.6899999999999999|0.67|0.68|57
2020.11.06 17:00:00|0.67|0.6899999999999999|0.66|0.68|42
2020.11.06 18:00:00|0.67|0.6899999999999999|0.66|0.6899999999999999|26
2020.11.09 10:00:00|0.68|0.75|0.68|0.73|223
2020.11.09 11:00:00|0.72|0.73|0.68|0.7|113
2020.11.09 12:00:00|0.6899999999999999|0.72|0.68|0.71|82
2020.11.09 13:00:00|0.7|0.87|0.6899999999999999|0.87|140
2020.11.09 14:00:00|0.87|1.01|0.8100000000000001|1|826
2020.11.09 15:00:00|0.99|1.03|0.95|0.99|504
2020.11.09 16:00:00|1|1.1|0.99|1.09|306
2020.11.09 17:00:00|1.08|1.38|0.97|1.04|1089
2020.11.09 18:00:00|1.03|1.04|0.98|1.01|185
2020.11.10 10:00:00|1.08|1.2|0.99|1.19|743
2020.11.10 11:00:00|1.19|1.27|1.16|1.23|696
2020.11.10 12:00:00|1.22|1.25|1.15|1.17|383
2020.11.10 13:00:00|1.16|1.2|1.14|1.16|266
2020.11.10 14:00:00|1.15|1.16|1.09|1.13|314
2020.11.10 15:00:00|1.12|1.14|1.1|1.12|113
2020.11.10 16:00:00|1.11|1.14|1.11|1.13|118
2020.11.10 17:00:00|1.11|1.13|1.05|1.09|200
2020.11.10 18:00:00|1.08|1.09|1.05|1.07|190
2020.11.11 10:00:00|1.11|1.13|0.89|0.96|533
2020.11.11 11:00:00|0.96|1.03|0.9399999999999999|1.02|228
2020.11.11 12:00:00|1.02|1.03|1.01|1.02|64
2020.11.11 13:00:00|1.01|1.02|1|1.02|100
2020.11.11 14:00:00|1.01|1.02|1|1.01|62
2020.11.11 15:00:00|1|1.02|0.99|1|46
2020.11.11 16:00:00|0.99|1.01|0.97|0.99|122
2020.11.11 17:00:00|1|1.01|0.96|1.01|140
2020.11.11 18:00:00|1|1|0.97|0.99|92
2020.11.12 10:00:00|0.9399999999999999|1.05|0.9|0.99|577
2020.11.12 11:00:00|0.98|1.01|0.91|0.92|260
2020.11.12 12:00:00|0.91|0.9399999999999999|0.91|0.9399999999999999|141
2020.11.12 13:00:00|0.93|0.9399999999999999|0.92|0.9399999999999999|53
2020.11.12 14:00:00|0.93|0.9399999999999999|0.88|0.9|196
2020.11.12 15:00:00|0.89|0.91|0.89|0.9|207
2020.11.12 16:00:00|0.89|0.9|0.88|0.89|78
2020.11.12 17:00:00|0.88|0.91|0.87|0.89|78
2020.11.12 18:00:00|0.9|0.9|0.88|0.9|20
2020.11.13 10:00:00|0.88|0.92|0.85|0.92|318
2020.11.13 11:00:00|0.91|0.95|0.91|0.9399999999999999|143
2020.11.13 12:00:00|0.93|0.95|0.93|0.9399999999999999|133
2020.11.13 13:00:00|0.93|0.9399999999999999|0.91|0.92|151
2020.11.13 14:00:00|0.92|0.93|0.91|0.92|50
2020.11.13 15:00:00|0.91|0.92|0.9|0.92|29
2020.11.13 16:00:00|0.9|0.93|0.9|0.93|141
2020.11.13 17:00:00|0.91|0.9399999999999999|0.91|0.92|118
2020.11.13 18:00:00|0.93|0.93|0.91|0.93|72
2020.11.16 10:00:00|0.96|0.99|0.9399999999999999|0.96|284
2020.11.16 11:00:00|0.96|0.99|0.96|0.99|127
2020.11.16 12:00:00|0.98|1|0.98|0.99|111
2020.11.16 13:00:00|0.99|1.01|0.96|1|131
2020.11.16 14:00:00|1|1.03|0.99|1.01|281
2020.11.16 15:00:00|1|1.02|0.99|1.01|132
2020.11.16 16:00:00|1.01|1.03|0.99|1|178
2020.11.16 17:00:00|0.99|1.03|0.99|1.02|141
2020.11.16 18:00:00|1.01|1.03|1|1.02|38
2020.11.17 10:00:00|1.03|1.04|0.97|0.99|351
2020.11.17 11:00:00|0.98|1.02|0.98|1.01|101
2020.11.17 12:00:00|1|1.01|0.99|1|80
2020.11.17 13:00:00|0.99|1|0.97|1|185
2020.11.17 14:00:00|0.99|1|0.98|1|60
2020.11.17 15:00:00|0.99|1|0.97|0.99|71
2020.11.17 16:00:00|0.98|1|0.98|0.99|106
2020.11.17 17:00:00|1|1.01|0.98|1.01|48
2020.11.17 18:00:00|1|1.01|0.99|1.01|12
2020.11.18 10:00:00|1.02|1.02|0.99|1.01|183
2020.11.18 11:00:00|0.99|1.01|0.99|1.01|60
2020.11.18 12:00:00|1.01|1.02|1.01|1.01|42
2020.11.18 13:00:00|1|1.03|1|1.01|65
2020.11.18 14:00:00|1|1.02|1|1.01|89
2020.11.18 15:00:00|1|1.02|1|1.01|43
2020.11.18 16:00:00|1.01|1.02|0.99|1|111
2020.11.18 17:00:00|1|1.02|0.98|1.01|73
2020.11.18 18:00:00|1|1.02|1|1.02|53
2020.11.19 10:00:00|1|1.02|0.99|1|157
2020.11.19 11:00:00|0.99|1|0.98|0.99|85
2020.11.19 12:00:00|0.98|0.99|0.97|0.98|46
2020.11.19 13:00:00|0.97|0.99|0.97|0.99|41
2020.11.19 14:00:00|0.97|0.99|0.97|0.98|45
2020.11.19 15:00:00|0.97|0.98|0.96|0.98|75
2020.11.19 16:00:00|0.97|0.99|0.97|0.99|51
2020.11.19 17:00:00|0.97|0.99|0.97|0.99|73
2020.11.19 18:00:00|0.97|0.99|0.96|0.98|55
2020.11.20 10:00:00|0.98|1|0.97|0.99|114
2020.11.20 11:00:00|1|1|0.97|0.99|76
2020.11.20 12:00:00|0.98|1|0.9399999999999999|0.99|54
2020.11.20 13:00:00|0.98|1|0.98|1|59
2020.11.20 14:00:00|0.99|1|0.99|1|14
2020.11.20 15:00:00|0.99|1|0.98|0.99|42
2020.11.20 16:00:00|0.99|1|0.97|0.99|165
2020.11.20 17:00:00|0.98|0.99|0.97|0.98|97
2020.11.20 18:00:00|0.99|0.99|0.97|0.99|96
2020.11.23 10:00:00|1|1.03|0.99|1.01|208
2020.11.23 11:00:00|1|1.02|1|1.02|47
2020.11.23 12:00:00|1.01|1.03|1.01|1.03|38
2020.11.23 13:00:00|1.02|1.04|1.01|1.04|39
2020.11.23 14:00:00|1.03|1.04|1.02|1.03|43
2020.11.23 15:00:00|1.02|1.04|1.02|1.03|30
2020.11.23 16:00:00|1.03|1.07|1.02|1.06|115
2020.11.23 17:00:00|1.05|1.07|1.04|1.07|60
2020.11.23 18:00:00|1.06|1.07|1.04|1.06|28
2020.11.24 10:00:00|1.09|1.17|1.07|1.15|384
2020.11.24 11:00:00|1.14|1.15|1.12|1.14|201
2020.11.24 12:00:00|1.13|1.16|1.13|1.16|82
2020.11.24 13:00:00|1.15|1.18|1.15|1.17|119
2020.11.24 14:00:00|1.16|1.17|1.13|1.14|153
2020.11.24 15:00:00|1.13|1.15|1.13|1.14|82
2020.11.24 16:00:00|1.14|1.15|1.12|1.14|99
2020.11.24 17:00:00|1.13|1.13|1.1|1.13|77
2020.11.24 18:00:00|1.11|1.14|1.11|1.14|45
2020.11.25 10:00:00|1.19|1.2|1.12|1.14|298
2020.11.25 11:00:00|1.14|1.15|1.08|1.09|155
2020.11.25 12:00:00|1.09|1.11|1.09|1.11|101
2020.11.25 13:00:00|1.1|1.11|1.09|1.11|90
2020.11.25 14:00:00|1.1|1.11|1.08|1.09|103
2020.11.25 15:00:00|1.09|1.1|1.09|1.1|39
2020.11.25 16:00:00|1.09|1.12|1.09|1.11|142
2020.11.25 17:00:00|1.1|1.1|1.08|1.1|53
2020.11.25 18:00:00|1.09|1.1|1.08|1.1|16
2020.11.26 10:00:00|1.1|1.11|1.05|1.07|212
2020.11.26 11:00:00|1.06|1.09|1.06|1.09|58
2020.11.26 12:00:00|1.08|1.09|1.07|1.07|45
2020.11.26 13:00:00|1.07|1.08|1.06|1.07|32
2020.11.26 14:00:00|1.07|1.08|1.06|1.08|49
2020.11.26 15:00:00|1.06|1.07|1.06|1.07|32
2020.11.26 16:00:00|1.06|1.07|1.06|1.07|35
2020.11.26 17:00:00|1.05|1.08|1.05|1.08|40
2020.11.26 18:00:00|1.07|1.08|1.06|1.08|14
2020.11.27 10:00:00|1.05|1.07|1.01|1.06|199
2020.11.27 11:00:00|1.05|1.07|1.04|1.06|47
2020.11.27 12:00:00|1.05|1.07|1.05|1.07|49
2020.11.27 13:00:00|1.06|1.09|1.06|1.09|56
2020.11.27 14:00:00|1.07|1.1|1.07|1.09|72
2020.11.27 15:00:00|1.08|1.09|1.08|1.09|30
2020.11.27 16:00:00|1.08|1.1|1.08|1.1|63
2020.11.27 17:00:00|1.09|1.1|1.05|1.06|54
2020.11.27 18:00:00|1.04|1.07|1.04|1.07|31
2020.11.30 10:00:00|1.06|1.08|1.05|1.08|139
2020.11.30 11:00:00|1.07|1.09|1.07|1.08|72
2020.11.30 12:00:00|1.07|1.09|1.07|1.08|25
2020.11.30 13:00:00|1.07|1.08|1.05|1.06|37
2020.11.30 14:00:00|1.06|1.07|1.05|1.06|66
2020.11.30 15:00:00|1.06|1.08|1.06|1.08|42
2020.11.30 16:00:00|1.07|1.08|1.05|1.06|57
2020.11.30 17:00:00|1.04|1.06|1.03|1.05|62
2020.11.30 18:00:00|1.06|1.06|1.04|1.05|45
2020.12.01 10:00:00|1.03|1.08|1|1.08|273
2020.12.01 11:00:00|1.08|1.09|1.07|1.09|66
2020.12.01 12:00:00|1.08|1.09|1.07|1.09|78
2020.12.01 13:00:00|1.08|1.09|1.08|1.09|32
2020.12.01 14:00:00|1.08|1.09|1.07|1.08|18
2020.12.01 15:00:00|1.08|1.09|1.07|1.08|25
2020.12.01 16:00:00|1.07|1.09|1.07|1.09|55
2020.12.01 17:00:00|1.08|1.09|1.06|1.09|98
2020.12.01 18:00:00|1.08|1.11|1.08|1.11|31
2020.12.02 10:00:00|1.14|1.17|1.11|1.13|301
2020.12.02 11:00:00|1.12|1.13|1.1|1.11|128
2020.12.02 12:00:00|1.11|1.12|1.1|1.11|84
2020.12.02 13:00:00|1.1|1.12|1.08|1.1|64
2020.12.02 14:00:00|1.11|1.11|1.09|1.1|96
2020.12.02 15:00:00|1.09|1.1|1.09|1.09|30
2020.12.02 16:00:00|1.1|1.15|1.08|1.15|207
2020.12.02 17:00:00|1.14|1.16|1.12|1.15|357
2020.12.02 18:00:00|1.16|1.16|1.13|1.15|123
2020.12.03 10:00:00|1.19|1.23|1.18|1.2|399
2020.12.03 11:00:00|1.19|1.23|1.19|1.22|274
2020.12.03 12:00:00|1.22|1.24|1.22|1.24|108
2020.12.03 13:00:00|1.23|1.27|1.23|1.25|159
2020.12.03 14:00:00|1.24|1.25|1.22|1.23|250
2020.12.03 15:00:00|1.22|1.25|1.22|1.25|90
2020.12.03 16:00:00|1.24|1.31|1.24|1.28|378
2020.12.03 17:00:00|1.27|1.31|1.26|1.31|208
2020.12.03 18:00:00|1.3|1.33|1.3|1.33|135
2020.12.04 10:00:00|1.32|1.32|1.28|1.32|363
2020.12.04 11:00:00|1.31|1.32|1.28|1.29|102
2020.12.04 12:00:00|1.28|1.29|1.26|1.29|139
2020.12.04 13:00:00|1.28|1.31|1.28|1.31|75
2020.12.04 14:00:00|1.3|1.33|1.29|1.32|107
2020.12.04 15:00:00|1.31|1.32|1.3|1.31|74
2020.12.04 16:00:00|1.32|1.32|1.29|1.31|99
2020.12.04 17:00:00|1.3|1.31|1.28|1.29|111
2020.12.04 18:00:00|1.3|1.3|1.27|1.29|59
2020.12.07 10:00:00|1.3|1.32|1.26|1.28|194
2020.12.07 11:00:00|1.27|1.3|1.25|1.29|110
2020.12.07 12:00:00|1.28|1.31|1.28|1.31|65
2020.12.07 13:00:00|1.3|1.32|1.3|1.32|70
2020.12.07 14:00:00|1.31|1.32|1.27|1.29|52
2020.12.07 15:00:00|1.28|1.3|1.27|1.28|79
2020.12.07 16:00:00|1.27|1.32|1.27|1.3|129
2020.12.07 17:00:00|1.29|1.31|1.28|1.31|135
2020.12.07 18:00:00|1.29|1.31|1.28|1.31|76
2020.12.08 10:00:00|1.28|1.29|1.24|1.28|249
2020.12.08 11:00:00|1.27|1.28|1.27|1.28|58
2020.12.08 12:00:00|1.27|1.29|1.26|1.27|60
2020.12.08 13:00:00|1.26|1.28|1.25|1.25|63
2020.12.08 14:00:00|1.25|1.26|1.24|1.26|73
2020.12.08 15:00:00|1.25|1.27|1.24|1.26|94
2020.12.08 16:00:00|1.25|1.28|1.24|1.28|87
2020.12.08 17:00:00|1.27|1.27|1.24|1.26|43
2020.12.08 18:00:00|1.24|1.26|1.24|1.26|30
2020.12.09 10:00:00|1.28|1.3|1.27|1.3|145
2020.12.09 11:00:00|1.29|1.3|1.27|1.28|100
2020.12.09 12:00:00|1.28|1.29|1.27|1.29|85
2020.12.09 13:00:00|1.27|1.29|1.27|1.28|39
2020.12.09 14:00:00|1.28|1.29|1.28|1.29|11
2020.12.09 15:00:00|1.28|1.31|1.28|1.3|56
2020.12.09 16:00:00|1.3|1.31|1.28|1.28|77
2020.12.09 17:00:00|1.28|1.3|1.27|1.28|116
2020.12.09 18:00:00|1.26|1.3|1.26|1.29|28
2020.12.10 10:00:00|1.28|1.29|1.26|1.28|199
2020.12.10 11:00:00|1.27|1.29|1.27|1.28|42
2020.12.10 12:00:00|1.27|1.29|1.27|1.28|73
2020.12.10 13:00:00|1.28|1.29|1.27|1.29|60
2020.12.10 14:00:00|1.28|1.29|1.26|1.28|67
2020.12.10 15:00:00|1.27|1.28|1.26|1.27|83
2020.12.10 16:00:00|1.26|1.27|1.24|1.25|78
2020.12.10 17:00:00|1.24|1.28|1.24|1.27|87
2020.12.10 18:00:00|1.26|1.28|1.24|1.26|70
2020.12.11 10:00:00|1.17|1.22|1.14|1.18|413
2020.12.11 11:00:00|1.18|1.2|1.17|1.18|162
2020.12.11 12:00:00|1.17|1.19|1.16|1.18|113
2020.12.11 13:00:00|1.17|1.18|1.13|1.16|126
2020.12.11 14:00:00|1.15|1.17|1.14|1.15|77
2020.12.11 15:00:00|1.16|1.16|1.14|1.16|87
2020.12.11 16:00:00|1.15|1.19|1.15|1.18|173
2020.12.11 17:00:00|1.17|1.19|1.14|1.17|104
2020.12.11 18:00:00|1.16|1.18|1.15|1.16|61
2020.12.14 10:00:00|1.18|1.22|1.14|1.2|246
2020.12.14 11:00:00|1.19|1.2|1.19|1.2|38
2020.12.14 12:00:00|1.2|1.23|1.2|1.21|58
2020.12.14 13:00:00|1.21|1.23|1.21|1.22|111
2020.12.14 14:00:00|1.21|1.22|1.18|1.2|67
2020.12.14 15:00:00|1.19|1.22|1.19|1.21|82
2020.12.14 16:00:00|1.21|1.21|1.18|1.19|78
2020.12.14 17:00:00|1.18|1.21|1.17|1.19|109
2020.12.14 18:00:00|1.17|1.19|1.17|1.18|24
2020.12.15 10:00:00|1.14|1.16|1.12|1.15|209
2020.12.15 11:00:00|1.14|1.15|1.13|1.14|85
2020.12.15 12:00:00|1.13|1.15|1.13|1.14|20
2020.12.15 13:00:00|1.13|1.14|1.12|1.14|23
2020.12.15 14:00:00|1.13|1.15|1.12|1.13|67
2020.12.15 15:00:00|1.12|1.13|1.12|1.13|44
2020.12.15 16:00:00|1.12|1.14|1.11|1.12|100
2020.12.15 17:00:00|1.1|1.14|1.1|1.14|105
2020.12.15 18:00:00|1.12|1.15|1.12|1.15|59
2020.12.16 10:00:00|1.13|1.17|1.13|1.16|228
2020.12.16 11:00:00|1.15|1.17|1.15|1.17|57
2020.12.16 12:00:00|1.16|1.16|1.14|1.15|47
2020.12.16 13:00:00|1.15|1.16|1.14|1.15|23
2020.12.16 14:00:00|1.14|1.15|1.13|1.14|10
2020.12.16 15:00:00|1.13|1.14|1.12|1.13|89
2020.12.16 16:00:00|1.12|1.14|1.12|1.13|32
2020.12.16 17:00:00|1.11|1.13|1.11|1.13|96
2020.12.16 18:00:00|1.12|1.14|1.11|1.14|33
2020.12.17 10:00:00|1.16|1.16|1.12|1.13|247
2020.12.17 11:00:00|1.12|1.14|1.11|1.13|109
2020.12.17 12:00:00|1.12|1.13|1.1|1.11|53
2020.12.17 13:00:00|1.11|1.13|1.11|1.13|65
2020.12.17 14:00:00|1.12|1.13|1.11|1.12|21
2020.12.17 15:00:00|1.11|1.12|1.11|1.12|42
2020.12.17 16:00:00|1.11|1.13|1.1|1.13|45
2020.12.17 17:00:00|1.11|1.13|1.09|1.11|40
2020.12.17 18:00:00|1.12|1.12|1.1|1.11|29
2020.12.18 10:00:00|1.08|1.13|1.08|1.13|168
2020.12.18 11:00:00|1.12|1.13|1.11|1.13|70
2020.12.18 12:00:00|1.12|1.13|1.04|1.13|38
2020.12.18 13:00:00|1.11|1.13|1.11|1.12|38
2020.12.18 14:00:00|1.12|1.13|1.11|1.11|43
2020.12.18 15:00:00|1.11|1.12|1.11|1.12|25
2020.12.18 16:00:00|1.13|1.14|1.11|1.12|56
2020.12.18 17:00:00|1.11|1.13|1.1|1.13|33
2020.12.18 18:00:00|1.12|1.14|1.11|1.13|63
2020.12.21 10:00:00|0.99|1.06|0.9399999999999999|1.04|348
2020.12.21 11:00:00|1.03|1.05|1.02|1.03|83
2020.12.21 12:00:00|1.03|1.04|1.01|1.02|112
2020.12.21 13:00:00|1.01|1.06|1.01|1.05|81
2020.12.21 14:00:00|1.04|1.06|1.03|1.05|78
2020.12.21 15:00:00|1.04|1.05|1.02|1.04|70
2020.12.21 16:00:00|1.03|1.09|1.03|1.08|152
2020.12.21 17:00:00|1.07|1.09|1.05|1.09|100
2020.12.21 18:00:00|1.08|1.1|1.07|1.09|58
2020.12.22 10:00:00|1.08|1.13|1.07|1.12|115
2020.12.22 11:00:00|1.11|1.13|1.1|1.11|84
2020.12.22 12:00:00|1.1|1.11|1.09|1.1|68
2020.12.22 13:00:00|1.09|1.12|1.09|1.12|76
2020.12.22 14:00:00|1.11|1.12|1.1|1.11|35
2020.12.22 15:00:00|1.1|1.11|1.1|1.11|24
2020.12.22 16:00:00|1.1|1.11|1.09|1.11|55
2020.12.22 17:00:00|1.1|1.12|1.09|1.11|90
2020.12.22 18:00:00|1.11|1.12|1.09|1.11|113
2020.12.23 10:00:00|1.11|1.14|1.1|1.14|154
2020.12.23 11:00:00|1.13|1.14|1.12|1.14|44
2020.12.23 12:00:00|1.13|1.15|1.13|1.14|25
2020.12.23 13:00:00|1.12|1.15|1.12|1.15|26
2020.12.23 14:00:00|1.14|1.15|1.12|1.13|57
2020.12.23 15:00:00|1.14|1.14|1.12|1.13|40
2020.12.23 16:00:00|1.12|1.15|1.12|1.14|76
2020.12.23 17:00:00|1.14|1.15|1.13|1.15|83
2020.12.23 18:00:00|1.14|1.15|1.14|1.15|2
2020.12.24 10:00:00|1.17|1.19|1.14|1.17|275
2020.12.24 11:00:00|1.16|1.17|1.15|1.17|81
2020.12.24 12:00:00|1.16|1.17|1.15|1.15|35
2020.12.24 13:00:00|1.15|1.16|1.13|1.15|43
2020.12.24 14:00:00|1.15|1.16|1.14|1.16|32
2020.12.29 10:00:00|1.18|1.2|1.15|1.16|198
2020.12.29 11:00:00|1.16|1.17|1.15|1.16|136
2020.12.29 12:00:00|1.15|1.16|1.14|1.15|70
2020.12.29 13:00:00|1.14|1.15|1.13|1.14|69
2020.12.29 14:00:00|1.13|1.15|1.13|1.14|16
2020.12.29 15:00:00|1.13|1.14|1.12|1.14|38
2020.12.29 16:00:00|1.13|1.14|1.12|1.13|81
2020.12.29 17:00:00|1.11|1.13|1.1|1.13|65
2020.12.29 18:00:00|1.12|1.13|1.11|1.13|62
2020.12.30 10:00:00|1.12|1.14|1.11|1.13|105
2020.12.30 11:00:00|1.12|1.14|1.12|1.14|55
2020.12.30 12:00:00|1.13|1.14|1.12|1.13|42
2020.12.30 13:00:00|1.12|1.14|1.12|1.13|29
2020.12.30 14:00:00|1.12|1.13|1.11|1.12|165
2020.12.30 15:00:00|1.11|1.13|1.1|1.12|47
2020.12.30 16:00:00|1.11|1.13|1.11|1.12|19
2020.12.30 17:00:00|1.1|1.12|1.1|1.12|22
2020.12.30 18:00:00|1.1|1.12|1.1|1.11|54
2020.12.31 10:00:00|1.09|1.11|1.08|1.09|82
2020.12.31 11:00:00|1.08|1.1|1.08|1.09|49
2020.12.31 12:00:00|1.09|1.11|1.09|1.11|47
2020.12.31 13:00:00|1.1|1.12|1.1|1.1|40
2020.12.31 14:00:00|1.1|1.11|1.1|1.11|30
2021.01.04 10:00:00|1.1|1.12|1.07|1.08|195
2021.01.04 11:00:00|1.09|1.1|1.08|1.09|84
2021.01.04 12:00:00|1.08|1.09|1.07|1.09|62
2021.01.04 13:00:00|1.08|1.09|1.07|1.08|32
2021.01.04 14:00:00|1.07|1.08|1.06|1.07|56
2021.01.04 15:00:00|1.06|1.08|1.05|1.06|64
2021.01.04 16:00:00|1.06|1.07|1.04|1.05|94
2021.01.04 17:00:00|1.04|1.05|1|1.04|214
2021.01.04 18:00:00|1.02|1.04|1.02|1.04|47
2021.01.05 10:00:00|1.01|1.06|0.99|1.04|178
2021.01.05 11:00:00|1.03|1.05|1.03|1.04|58
2021.01.05 12:00:00|1.04|1.05|1.02|1.03|65
2021.01.05 13:00:00|1.02|1.04|1.02|1.04|93
2021.01.05 14:00:00|1.03|1.05|1.03|1.04|55
2021.01.05 15:00:00|1.03|1.04|1.02|1.04|38
2021.01.05 16:00:00|1.02|1.05|1.02|1.05|46
2021.01.05 17:00:00|1.04|1.07|1.03|1.06|62
2021.01.05 18:00:00|1.07|1.07|1.05|1.07|35
2021.01.06 10:00:00|1.09|1.1|1.04|1.07|148
2021.01.06 11:00:00|1.06|1.08|1.05|1.07|112
2021.01.06 12:00:00|1.07|1.08|1.06|1.08|65
2021.01.06 13:00:00|1.06|1.08|1.06|1.08|96
2021.01.06 14:00:00|1.07|1.1|1.07|1.09|75
2021.01.06 15:00:00|1.08|1.1|1.08|1.1|70
2021.01.06 16:00:00|1.09|1.1|1.07|1.09|94
2021.01.06 17:00:00|1.09|1.11|1.08|1.1|93
2021.01.06 18:00:00|1.09|1.1|1.08|1.1|12
2021.01.07 10:00:00|1.11|1.12|1.07|1.09|143
2021.01.07 11:00:00|1.08|1.09|1.07|1.08|60
2021.01.07 12:00:00|1.07|1.08|1.07|1.07|31
2021.01.07 13:00:00|1.07|1.08|1.06|1.08|59
2021.01.07 14:00:00|1.07|1.09|1.07|1.09|23
2021.01.07 15:00:00|1.08|1.09|1.07|1.08|48
2021.01.07 16:00:00|1.08|1.1|1.07|1.1|63
2021.01.07 17:00:00|1.09|1.11|1.08|1.11|23
2021.01.07 18:00:00|1.09|1.11|1.09|1.11|73
2021.01.08 10:00:00|1.1|1.11|1.06|1.07|156
2021.01.08 11:00:00|1.06|1.08|1.05|1.08|63
2021.01.08 12:00:00|1.07|1.08|1.07|1.07|56
2021.01.08 13:00:00|1.07|1.08|1.07|1.08|34
2021.01.08 14:00:00|1.08|1.09|1.07|1.08|31
2021.01.08 15:00:00|1.07|1.08|1.07|1.07|15
2021.01.08 16:00:00|1.07|1.08|1.06|1.07|36
2021.01.08 17:00:00|1.05|1.07|1.05|1.07|12
2021.01.08 18:00:00|1.05|1.07|1.05|1.06|12
2021.01.11 10:00:00|1.05|1.06|1.03|1.04|85
2021.01.11 11:00:00|1.04|1.05|1.03|1.04|54
2021.01.11 12:00:00|1.04|1.05|1.04|1.05|23
2021.01.11 13:00:00|1.04|1.05|1.03|1.05|36
2021.01.11 14:00:00|1.04|1.05|1.04|1.04|36
2021.01.11 15:00:00|1.03|1.04|1.03|1.04|16
2021.01.11 16:00:00|1.03|1.05|1.02|1.05|73
2021.01.11 17:00:00|1.04|1.05|1.03|1.05|58
2021.01.11 18:00:00|1.03|1.05|1.03|1.05|58
2021.01.12 10:00:00|1.04|1.07|1.04|1.06|130
2021.01.12 11:00:00|1.05|1.07|1.05|1.07|45
2021.01.12 12:00:00|1.06|1.07|1.05|1.06|43
2021.01.12 13:00:00|1.05|1.06|1.05|1.06|28
2021.01.12 14:00:00|1.06|1.07|1.05|1.07|38
2021.01.12 15:00:00|1.06|1.08|1.06|1.08|56
2021.01.12 16:00:00|1.07|1.08|1.06|1.07|84
2021.01.12 17:00:00|1.06|1.07|1.05|1.07|14
2021.01.12 18:00:00|1.06|1.07|1.05|1.07|4
2021.01.13 10:00:00|1.07|1.08|1.05|1.06|78
2021.01.13 11:00:00|1.05|1.06|1.04|1.06|69
2021.01.13 12:00:00|1.05|1.05|1.03|1.05|34
2021.01.13 13:00:00|1.04|1.04|1.03|1.04|18
2021.01.13 14:00:00|1.03|1.04|1.02|1.03|70
2021.01.13 15:00:00|1.03|1.04|1.02|1.03|44
2021.01.13 16:00:00|1.03|1.05|1.03|1.03|79
2021.01.13 17:00:00|1.03|1.04|1.01|1.04|67
2021.01.13 18:00:00|1.02|1.05|1.02|1.05|24
2021.01.14 10:00:00|1.05|1.07|1.03|1.07|173
2021.01.14 11:00:00|1.06|1.08|1.05|1.08|60
2021.01.14 12:00:00|1.07|1.08|1.06|1.07|55
2021.01.14 13:00:00|1.07|1.08|1.06|1.07|27
2021.01.14 14:00:00|1.06|1.07|1.05|1.07|39
2021.01.14 15:00:00|1.06|1.07|1.04|1.06|35
2021.01.14 16:00:00|1.05|1.06|1.05|1.06|25
2021.01.14 17:00:00|1.05|1.07|1.04|1.06|162
2021.01.14 18:00:00|1.04|1.06|1.04|1.06|17
2021.01.15 10:00:00|1.05|1.06|1.03|1.04|89
2021.01.15 11:00:00|1.03|1.04|1.03|1.04|44
2021.01.15 12:00:00|1.03|1.04|0.99|1.04|50
2021.01.15 13:00:00|1.03|1.04|1.02|1.04|45
2021.01.15 14:00:00|1.03|1.05|1.03|1.05|24
2021.01.15 15:00:00|1.04|1.06|1.04|1.05|43
2021.01.15 16:00:00|1.04|1.06|1.04|1.05|44
2021.01.15 17:00:00|1.04|1.05|1.02|1.05|109
2021.01.15 18:00:00|1.03|1.05|1.03|1.05|28
2021.01.18 10:00:00|1.03|1.05|1.03|1.03|137
2021.01.18 11:00:00|1.02|1.04|1.02|1.03|30
2021.01.18 12:00:00|1.04|1.04|1.03|1.04|3
2021.01.18 13:00:00|1.03|1.04|1.03|1.03|19
2021.01.18 14:00:00|1.03|1.04|1.02|1.03|30
2021.01.18 15:00:00|1.03|1.04|1.03|1.04|22
2021.01.18 16:00:00|1.03|1.04|1.03|1.04|38
2021.01.18 17:00:00|1.03|1.04|1.02|1.03|53
2021.01.18 18:00:00|1.02|1.04|1.02|1.03|33
2021.01.19 10:00:00|1.06|1.08|1.05|1.08|221
2021.01.19 11:00:00|1.07|1.08|1.06|1.07|98
2021.01.19 12:00:00|1.08|1.08|1.05|1.05|77
2021.01.19 13:00:00|1.05|1.06|1.04|1.05|50
2021.01.19 14:00:00|1.04|1.05|1.03|1.04|33
2021.01.19 15:00:00|1.04|1.05|1.03|1.04|21
2021.01.19 16:00:00|1.04|1.05|1.03|1.04|76
2021.01.19 17:00:00|1.02|1.05|1.02|1.04|109
2021.01.19 18:00:00|1.02|1.04|1.02|1.04|2
2021.01.20 10:00:00|1.04|1.05|1.03|1.05|122
2021.01.20 11:00:00|1.04|1.05|1.04|1.04|23
2021.01.20 12:00:00|1.04|1.05|1.03|1.04|75
2021.01.20 13:00:00|1.03|1.04|1.02|1.04|22
2021.01.20 14:00:00|1.03|1.04|1.03|1.04|16
2021.01.20 15:00:00|1.04|1.05|1.03|1.05|25
2021.01.20 16:00:00|1.04|1.07|1.04|1.07|62
2021.01.20 17:00:00|1.07|1.08|1.04|1.06|79
2021.01.20 18:00:00|1.04|1.06|1.04|1.06|24
2021.01.21 10:00:00|1.07|1.07|1.03|1.04|65
2021.01.21 11:00:00|1.03|1.04|1.02|1.04|95
2021.01.21 12:00:00|1.03|1.05|1.03|1.04|42
2021.01.21 13:00:00|1.03|1.04|1.03|1.04|32
2021.01.21 14:00:00|1.03|1.04|1.03|1.04|12
2021.01.21 15:00:00|1.03|1.05|1.03|1.05|16
2021.01.21 16:00:00|1.04|1.05|1.04|1.04|90
2021.01.22 10:00:00|1.02|1.02|0.99|1.01|238
2021.01.22 11:00:00|1|1.02|1|1.01|61
2021.01.22 12:00:00|1.01|1.03|1|1.01|49
2021.01.22 13:00:00|1|1.01|1|1.01|8
2021.01.22 14:00:00|1|1.01|0.99|1.01|57
2021.01.22 15:00:00|1|1.01|1|1.01|24
2021.01.22 16:00:00|1|1.01|1|1.01|13
2021.01.22 17:00:00|1.01|1.02|0.99|1.01|46
2021.01.22 18:00:00|1|1.02|1|1.02|16
2021.01.25 10:00:00|1.02|1.02|0.95|0.96|284
2021.01.25 11:00:00|0.95|0.97|0.95|0.97|74
2021.01.25 12:00:00|0.97|0.97|0.96|0.97|55
2021.01.25 13:00:00|0.96|0.98|0.96|0.97|33
2021.01.25 14:00:00|0.96|0.97|0.9399999999999999|0.95|30
2021.01.25 15:00:00|0.95|0.97|0.95|0.96|73
2021.01.25 16:00:00|0.97|0.99|0.96|0.98|147
2021.01.25 17:00:00|0.97|0.99|0.96|0.97|43
2021.01.25 18:00:00|0.95|0.97|0.95|0.97|20
2021.01.26 10:00:00|0.9399999999999999|0.9399999999999999|0.85|0.88|543
2021.01.26 11:00:00|0.88|0.91|0.86|0.9|183
2021.01.26 12:00:00|0.9|0.93|0.9|0.92|107
2021.01.26 13:00:00|0.91|0.95|0.91|0.9399999999999999|138
2021.01.26 14:00:00|0.9399999999999999|0.97|0.9399999999999999|0.95|194
2021.01.26 15:00:00|0.9399999999999999|0.96|0.9399999999999999|0.95|66
2021.01.26 16:00:00|0.96|0.96|0.9399999999999999|0.96|136
2021.01.26 17:00:00|0.95|0.96|0.93|0.95|84
2021.01.26 18:00:00|0.96|0.96|0.93|0.95|38
2021.01.27 10:00:00|0.92|0.97|0.91|0.97|257
2021.01.27 11:00:00|0.96|0.98|0.95|0.98|94
2021.01.27 12:00:00|0.97|0.98|0.95|0.96|51
2021.01.27 13:00:00|0.95|0.98|0.95|0.97|106
2021.01.27 14:00:00|0.96|0.98|0.95|0.97|60
2021.01.27 15:00:00|0.96|0.97|0.9399999999999999|0.95|68
2021.01.27 16:00:00|0.9399999999999999|0.95|0.93|0.95|101
2021.01.27 17:00:00|0.9399999999999999|0.96|0.93|0.95|114
2021.01.27 18:00:00|0.9399999999999999|0.95|0.92|0.9399999999999999|45
2021.01.28 10:00:00|0.92|0.9399999999999999|0.9|0.93|266
2021.01.28 11:00:00|0.92|0.9399999999999999|0.91|0.93|71
2021.01.28 12:00:00|0.92|0.95|0.92|0.9399999999999999|77
2021.01.28 13:00:00|0.93|0.95|0.92|0.93|25
2021.01.28 14:00:00|0.92|0.95|0.92|0.95|55
2021.01.28 15:00:00|0.9399999999999999|0.98|0.9399999999999999|0.97|94
2021.01.28 16:00:00|0.96|0.98|0.95|0.98|80
2021.01.28 17:00:00|0.97|0.99|0.95|0.96|72
2021.01.28 18:00:00|0.95|0.97|0.9399999999999999|0.96|109
2021.01.29 10:00:00|0.93|0.95|0.92|0.9399999999999999|145
2021.01.29 11:00:00|0.93|0.9399999999999999|0.92|0.93|66
2021.01.29 12:00:00|0.92|0.93|0.91|0.93|51
2021.01.29 13:00:00|0.92|0.93|0.91|0.92|21
2021.01.29 14:00:00|0.93|0.93|0.91|0.92|25
2021.01.29 15:00:00|0.91|0.93|0.9|0.92|132
2021.01.29 16:00:00|0.92|0.93|0.9|0.92|138
2021.01.29 17:00:00|0.91|0.93|0.9|0.92|84
2021.01.29 18:00:00|0.93|0.93|0.9|0.92|67
2021.02.01 10:00:00|0.91|0.93|0.91|0.93|203
2021.02.01 11:00:00|0.92|0.93|0.91|0.92|79
2021.02.01 12:00:00|0.91|0.93|0.91|0.92|46
2021.02.01 13:00:00|0.91|0.93|0.91|0.92|48
2021.02.01 14:00:00|0.92|0.93|0.91|0.93|44
2021.02.01 15:00:00|0.93|0.9399999999999999|0.92|0.93|73
2021.02.01 16:00:00|0.92|0.9399999999999999|0.92|0.93|102
2021.02.01 17:00:00|0.92|0.9399999999999999|0.91|0.93|56
2021.02.01 18:00:00|0.92|0.9399999999999999|0.92|0.93|28
2021.02.02 10:00:00|0.95|0.96|0.9399999999999999|0.96|114
2021.02.02 11:00:00|0.96|0.96|0.93|0.95|64
2021.02.02 12:00:00|0.9399999999999999|0.95|0.9399999999999999|0.95|44
2021.02.02 13:00:00|0.9399999999999999|0.95|0.93|0.9399999999999999|26
2021.02.02 14:00:00|0.95|0.95|0.93|0.9399999999999999|96
2021.02.02 15:00:00|0.93|0.9399999999999999|0.92|0.93|49
2021.02.02 16:00:00|0.93|0.95|0.92|0.95|71
2021.02.02 17:00:00|0.9399999999999999|0.95|0.92|0.9399999999999999|111
2021.02.02 18:00:00|0.95|0.95|0.93|0.9399999999999999|25
2021.02.03 10:00:00|0.9399999999999999|0.95|0.9|0.91|168
2021.02.03 11:00:00|0.9|0.91|0.9|0.9|73
2021.02.03 12:00:00|0.9|0.92|0.89|0.91|42
2021.02.03 13:00:00|0.89|0.91|0.89|0.91|86
2021.02.03 14:00:00|0.9|0.91|0.89|0.91|60
2021.02.03 15:00:00|0.9|0.91|0.89|0.9|24
2021.02.03 16:00:00|0.89|0.91|0.89|0.9|67
2021.02.03 17:00:00|0.89|0.91|0.89|0.91|61
2021.02.03 18:00:00|0.89|0.91|0.89|0.91|14
2021.02.04 10:00:00|0.91|0.93|0.91|0.92|114
2021.02.04 11:00:00|0.92|0.93|0.9|0.91|61
2021.02.04 12:00:00|0.9|0.92|0.9|0.92|48
2021.02.04 13:00:00|0.91|0.93|0.9|0.91|47
2021.02.04 14:00:00|0.92|0.93|0.91|0.92|40
2021.02.04 15:00:00|0.92|0.93|0.91|0.92|36
2021.02.04 16:00:00|0.92|0.9399999999999999|0.91|0.9399999999999999|87
2021.02.04 17:00:00|0.92|0.9399999999999999|0.91|0.93|76
2021.02.04 18:00:00|0.0091|0.009299999999999999|0.0091|0.009299999999999999|9
2021.02.05 10:00:00|0.0092|0.0094|0.0091|0.0094|88
2021.02.05 11:00:00|0.009299999999999999|0.0094|0.0091|0.009299999999999999|60
2021.02.05 12:00:00|0.0091|0.0094|0.0091|0.009299999999999999|63
2021.02.05 13:00:00|0.0094|0.0094|0.0091|0.009299999999999999|83
2021.02.05 14:00:00|0.0091|0.009299999999999999|0.0091|0.009299999999999999|51
2021.02.05 15:00:00|0.0092|0.0094|0.0091|0.009299999999999999|74
2021.02.05 16:00:00|0.0092|0.0094|0.0092|0.009299999999999999|41
2021.02.05 17:00:00|0.0092|0.0094|0.0091|0.0094|30
2021.02.05 18:00:00|0.009299999999999999|0.0094|0.0092|0.0094|53
2021.02.08 10:00:00|0.009299999999999999|0.009299999999999999|0.008999999999999999|0.0091|153
2021.02.08 11:00:00|0.0091|0.0092|0.008999999999999999|0.0091|45
2021.02.08 12:00:00|0.008999999999999999|0.0091|0.008999999999999999|0.0091|40
2021.02.08 13:00:00|0.0091|0.009299999999999999|0.0091|0.0092|27
2021.02.08 14:00:00|0.0092|0.009299999999999999|0.008999999999999999|0.0092|35
2021.02.08 15:00:00|0.0091|0.0092|0.008999999999999999|0.0091|35
2021.02.08 16:00:00|0.0091|0.009299999999999999|0.008999999999999999|0.0092|50
2021.02.08 17:00:00|0.009299999999999999|0.009299999999999999|0.008999999999999999|0.0092|49
2021.02.08 18:00:00|0.008999999999999999|0.0092|0.008999999999999999|0.0092|26
2021.02.09 10:00:00|0.0091|0.0092|0.008999999999999999|0.0092|107
2021.02.09 11:00:00|0.0091|0.0092|0.008999999999999999|0.0092|58
2021.02.09 12:00:00|0.008999999999999999|0.0092|0.008999999999999999|0.0091|41
2021.02.09 13:00:00|0.008999999999999999|0.0092|0.008999999999999999|0.0091|34
2021.02.09 14:00:00|0.0091|0.0092|0.008999999999999999|0.0092|34
2021.02.09 15:00:00|0.008999999999999999|0.0092|0.008999999999999999|0.0092|26
2021.02.09 16:00:00|0.008999999999999999|0.0092|0.008999999999999999|0.0091|32
2021.02.09 17:00:00|0.0089|0.0092|0.0089|0.0091|37
2021.02.09 18:00:00|0.008999999999999999|0.0091|0.0089|0.0091|12
2021.02.10 10:00:00|0.0092|0.0092|0.008999999999999999|0.0091|127
2021.02.10 11:00:00|0.0091|0.0092|0.008999999999999999|0.0091|44
2021.02.10 12:00:00|0.008999999999999999|0.0091|0.008999999999999999|0.0091|2
2021.02.10 13:00:00|0.0092|0.0092|0.0089|0.0091|34
2021.02.10 15:00:00|0.0092|0.0092|0.0089|0.0091|25
2021.02.10 16:00:00|0.008999999999999999|0.0092|0.008999999999999999|0.0092|27
2021.02.10 17:00:00|0.008999999999999999|0.009299999999999999|0.008999999999999999|0.0092|86
2021.02.10 18:00:00|0.0092|0.009299999999999999|0.008999999999999999|0.0092|30
2021.02.11 10:00:00|0.0091|0.009299999999999999|0.0089|0.0091|130
2021.02.11 11:00:00|0.0089|0.0091|0.0089|0.0091|12
2021.02.11 12:00:00|0.008999999999999999|0.0091|0.0089|0.0091|17
2021.02.11 13:00:00|0.008999999999999999|0.0092|0.0089|0.0091|31
2021.02.11 14:00:00|0.008999999999999999|0.0092|0.008999999999999999|0.0091|55
2021.02.11 15:00:00|0.0089|0.0091|0.0089|0.0091|24
2021.02.11 16:00:00|0.008999999999999999|0.0092|0.008999999999999999|0.0092|65
2021.02.11 17:00:00|0.0092|0.0092|0.008999999999999999|0.0092|18
2021.02.11 18:00:00|0.9|0.93|0.9|0.92|25
2021.02.12 10:00:00|0.91|0.92|0.89|0.91|84
2021.02.12 11:00:00|0.9|0.91|0.89|0.91|10
2021.02.12 12:00:00|0.89|0.92|0.89|0.92|31
2021.02.12 13:00:00|0.91|0.92|0.9|0.92|41
2021.02.12 14:00:00|0.91|0.92|0.9|0.92|8
2021.02.12 15:00:00|0.91|0.92|0.9|0.92|6
2021.02.12 16:00:00|0.91|0.91|0.89|0.91|10
2021.02.12 17:00:00|0.9|0.92|0.9|0.92|59
2021.02.12 18:00:00|0.9|0.93|0.9|0.92|20
2021.02.15 10:00:00|0.9191|0.9451000000000001|0.9191|0.9396|1646
2021.02.15 11:00:00|0.9398|0.962|0.9385|0.959|1329
2021.02.15 12:00:00|0.9596|0.9614|0.9429999999999999|0.9436|1100
2021.02.15 13:00:00|0.9436|0.9542|0.9434|0.9522|907
2021.02.15 14:00:00|0.9522|0.9546|0.949|0.9544|702
2021.02.15 15:00:00|0.9544|0.9578|0.9488|0.9502|791
2021.02.15 16:00:00|0.9502|0.965|0.9488|0.961|950
2021.02.15 17:00:00|0.9608|0.973|0.9568|0.9724|1049
2021.02.15 18:00:00|0.9728|0.9746|0.9608|0.963|1145
2021.02.16 10:00:00|0.9716|0.986|0.9644|0.9856|1597
2021.02.16 11:00:00|0.9858|0.9908|0.9798|0.989|806
2021.02.16 12:00:00|0.989|0.995|0.9842|0.99|1066
2021.02.16 13:00:00|0.9903999999999999|0.9906|0.9798|0.9872|919
2021.02.16 14:00:00|0.9868|0.9956|0.9808|0.981|839
2021.02.16 15:00:00|0.9812|0.9836|0.9756|0.9776|669
2021.02.16 16:00:00|0.9778|0.9792|0.9616|0.9766|1330
2021.02.16 17:00:00|0.9768|0.994|0.9762|0.994|1035
2021.02.16 18:00:00|0.9933999999999999|1.0005|0.9932|0.999|659
2021.02.17 10:00:00|1.019|1.022|0.999|1.017|1445
2021.02.17 11:00:00|1.017|1.021|1.013|1.018|733
2021.02.17 12:00:00|1.0175|1.018|1.005|1.008|566
2021.02.17 13:00:00|1.0085|1.018|1.0065|1.0175|385
2021.02.17 14:00:00|1.0175|1.018|1.008|1.0115|447
2021.02.17 15:00:00|1.012|1.0205|1.012|1.0125|388
2021.02.17 16:00:00|1.013|1.017|1.003|1.0045|1001
2021.02.17 17:00:00|1.005|1.02|1.005|1.0185|819
2021.02.17 18:00:00|1.0185|1.021|1.014|1.0175|321
2021.02.18 10:00:00|1.01|1.019|1.0005|1.014|830
2021.02.18 11:00:00|1.014|1.016|1.002|1.0035|524
2021.02.18 12:00:00|1.0035|1.0075|0.9958|0.999|466
2021.02.18 13:00:00|0.9988|1.001|0.9796|0.9858|1131
2021.02.18 14:00:00|0.9856|0.9964|0.98|0.9802|941
2021.02.18 15:00:00|0.9802|0.9852|0.9756|0.9762|843
2021.02.18 16:00:00|0.9762|0.9816|0.969|0.9728|1361
2021.02.18 17:00:00|0.9728|0.974|0.9482|0.9482|1388
2021.02.18 18:00:00|0.9482|0.9504|0.9362|0.9384|1379
2021.02.19 10:00:00|0.9394|0.9622000000000001|0.9378|0.9584|1769
2021.02.19 11:00:00|0.9586|0.9671999999999999|0.9548|0.962|1043
2021.02.19 12:00:00|0.9622000000000001|0.9641999999999999|0.909|0.9578|1277
2021.02.19 13:00:00|0.9582000000000001|0.964|0.9558|0.9612000000000001|970
2021.02.19 14:00:00|0.9612000000000001|0.97|0.9566|0.9686|804
2021.02.19 15:00:00|0.9686|0.9746|0.957|0.959|961
2021.02.19 16:00:00|0.959|0.963|0.952|0.9604|1138
2021.02.19 17:00:00|0.9604|0.9913999999999999|0.9602000000000001|0.988|1367
2021.02.19 18:00:00|0.9878|0.9972|0.9856|0.9866|1094
2021.02.22 10:00:00|0.9596|0.9814000000000001|0.958|0.962|1947
2021.02.22 11:00:00|0.962|0.9784|0.9614|0.9744|965
2021.02.22 12:00:00|0.9744|0.9766|0.968|0.9722|849
2021.02.22 13:00:00|0.9726|0.9824000000000001|0.9726|0.9802|822
2021.02.22 14:00:00|0.98|0.9906|0.98|0.985|827
2021.02.22 15:00:00|0.985|0.99|0.9838|0.986|787
2021.02.22 16:00:00|0.9864000000000001|0.9978|0.9844000000000001|0.9978|1687
2021.02.22 17:00:00|0.998|1.0465|0.9928|1.035|1963
2021.02.22 18:00:00|1.035|1.054|1.029|1.052|983
2021.02.23 10:00:00|1.0755|1.1365|1.075|1.1315|2810
2021.02.23 11:00:00|1.1315|1.153|1.131|1.1465|1533
2021.02.23 12:00:00|1.1465|1.149|1.099|1.109|1674
2021.02.23 13:00:00|1.1085|1.1155|1.0795|1.108|1870
2021.02.23 14:00:00|1.107|1.107|1.094|1.0945|945
2021.02.23 15:00:00|1.094|1.118|1.0885|1.11|950
2021.02.23 16:00:00|1.111|1.1165|1.043|1.0745|2110
2021.02.23 17:00:00|1.0735|1.081|1.061|1.0705|1966
2021.02.23 18:00:00|1.0705|1.0715|1.059|1.0615|999
2021.02.24 10:00:00|1.078|1.0985|1.0605|1.0685|1717
2021.02.24 11:00:00|1.069|1.0835|1.0655|1.075|845
2021.02.24 12:00:00|1.0755|1.0875|1.0715|1.0715|532
2021.02.24 13:00:00|1.0715|1.08|1.065|1.078|513
2021.02.24 14:00:00|1.0785|1.083|1.0725|1.077|404
2021.02.24 15:00:00|1.0775|1.0895|1.074|1.0825|524
2021.02.24 16:00:00|1.083|1.0945|1.0745|1.091|791
2021.02.24 17:00:00|1.0905|1.103|1.0865|1.101|1015
2021.02.24 18:00:00|1.0995|1.1205|1.0995|1.1175|648
2021.02.25 10:00:00|1.16|1.184|1.149|1.1525|2813
2021.02.25 11:00:00|1.1535|1.1665|1.1505|1.1575|1146
2021.02.25 12:00:00|1.1565|1.1615|1.1455|1.1545|782
2021.02.25 13:00:00|1.155|1.156|1.135|1.147|770
2021.02.25 14:00:00|1.148|1.149|1.136|1.144|597
2021.02.25 15:00:00|1.144|1.1475|1.14|1.144|622
2021.02.25 16:00:00|1.143|1.1715|1.139|1.15|1275
2021.02.25 17:00:00|1.15|1.151|1.123|1.128|1483
2021.02.25 18:00:00|1.128|1.1305|1.121|1.125|800
2021.02.26 10:00:00|1.0895|1.1105|1.07|1.1035|1919
2021.02.26 11:00:00|1.1035|1.1245|1.0985|1.1205|1166
2021.02.26 12:00:00|1.12|1.13|1.1185|1.1215|1005
2021.02.26 13:00:00|1.1205|1.1205|1.0915|1.092|1016
2021.02.26 14:00:00|1.0925|1.096|1.0865|1.088|1022
2021.02.26 15:00:00|1.088|1.0945|1.084|1.091|1163
2021.02.26 16:00:00|1.0915|1.0955|1.085|1.086|1529
2021.02.26 17:00:00|1.086|1.088|1.0555|1.072|2076
2021.02.26 18:00:00|1.072|1.084|1.07|1.0735|1370
2021.03.01 10:00:00|1.09|1.1005|1.077|1.0895|1085
2021.03.01 11:00:00|1.09|1.099|1.0835|1.099|655
2021.03.01 12:00:00|1.0995|1.104|1.0905|1.0975|544
2021.03.01 13:00:00|1.0975|1.101|1.0915|1.0965|605
2021.03.01 14:00:00|1.097|1.1185|1.095|1.115|647
2021.03.01 15:00:00|1.115|1.1155|1.1025|1.106|550
2021.03.01 16:00:00|1.1065|1.1205|1.1025|1.119|1158
2021.03.01 17:00:00|1.119|1.1325|1.1145|1.123|904
2021.03.01 18:00:00|1.123|1.123|1.108|1.1085|628
2021.03.02 10:00:00|1.112|1.1175|1.099|1.104|1002
2021.03.02 11:00:00|1.1045|1.1135|1.0895|1.101|770
2021.03.02 12:00:00|1.1015|1.106|1.0995|1.1025|487
2021.03.02 13:00:00|1.1025|1.1095|1.099|1.1025|419
2021.03.02 14:00:00|1.103|1.112|1.1025|1.1075|409
2021.03.02 15:00:00|1.1065|1.1065|1.0975|1.1|390
2021.03.02 16:00:00|1.1005|1.1085|1.0965|1.1005|717
2021.03.02 17:00:00|1.101|1.111|1.1|1.1015|786
2021.03.02 18:00:00|1.101|1.106|1.1|1.105|363
2021.03.03 10:00:00|1.099|1.132|1.099|1.1285|1069
2021.03.03 11:00:00|1.1285|1.1305|1.119|1.126|599
2021.03.03 12:00:00|1.126|1.1345|1.126|1.1325|412
2021.03.03 13:00:00|1.1325|1.1325|1.1195|1.1205|349
2021.03.03 14:00:00|1.121|1.1255|1.119|1.125|414
2021.03.03 15:00:00|1.125|1.1275|1.112|1.1185|628
2021.03.03 16:00:00|1.119|1.1345|1.118|1.1295|778
2021.03.03 17:00:00|1.129|1.1365|1.12|1.1365|879
2021.03.03 18:00:00|1.1365|1.138|1.132|1.137|451
2021.03.04 10:00:00|1.1395|1.1525|1.121|1.1435|1106
2021.03.04 11:00:00|1.143|1.151|1.136|1.143|961
2021.03.04 12:00:00|1.1425|1.1455|1.1355|1.142|907
2021.03.04 13:00:00|1.142|1.148|1.137|1.1455|603
2021.03.04 14:00:00|1.146|1.154|1.144|1.1505|464
2021.03.04 15:00:00|1.15|1.1555|1.149|1.1515|414
2021.03.04 16:00:00|1.1525|1.1565|1.1295|1.1415|905
2021.03.04 17:00:00|1.1415|1.143|1.1175|1.133|1203
2021.03.04 18:00:00|1.1335|1.146|1.133|1.141|493
2021.03.05 10:00:00|1.1355|1.142|1.102|1.11|1555
2021.03.05 11:00:00|1.109|1.1275|1.101|1.1275|829
2021.03.05 12:00:00|1.128|1.133|1.119|1.133|480
2021.03.05 13:00:00|1.1335|1.136|1.1285|1.129|391
2021.03.05 14:00:00|1.1295|1.1325|1.124|1.1255|371
2021.03.05 15:00:00|1.1255|1.145|1.1245|1.138|754
2021.03.05 16:00:00|1.1385|1.143|1.13|1.1335|922
2021.03.05 17:00:00|1.1325|1.1335|1.096|1.096|1430
2021.03.05 18:00:00|1.096|1.098|1.0795|1.082|1013
2021.03.08 10:00:00|1.1045|1.1275|1.092|1.1245|1303
2021.03.08 11:00:00|1.1235|1.124|1.1075|1.113|808
2021.03.08 12:00:00|1.1135|1.1245|1.113|1.1245|615
2021.03.08 13:00:00|1.1245|1.1355|1.1245|1.1285|869
2021.03.08 14:00:00|1.1285|1.131|1.119|1.126|676
2021.03.08 15:00:00|1.1255|1.1305|1.1225|1.1255|575
2021.03.08 16:00:00|1.1245|1.151|1.1225|1.148|1360
2021.03.08 17:00:00|1.148|1.1635|1.1415|1.155|1492
2021.03.08 18:00:00|1.1545|1.162|1.153|1.159|616
2021.03.09 10:00:00|1.147|1.1805|1.1395|1.1675|1437
2021.03.09 11:00:00|1.1675|1.173|1.1495|1.156|670
2021.03.09 12:00:00|1.1555|1.1585|1.1345|1.1455|631
2021.03.09 13:00:00|1.1455|1.159|1.1455|1.1525|427
2021.03.09 14:00:00|1.153|1.1535|1.1375|1.14|398
2021.03.09 15:00:00|1.14|1.147|1.131|1.144|599
2021.03.09 16:00:00|1.144|1.1445|1.126|1.132|1161
2021.03.09 17:00:00|1.1315|1.1425|1.1225|1.139|1056
2021.03.09 18:00:00|1.1385|1.142|1.1355|1.1385|360
2021.03.10 10:00:00|1.1255|1.1475|1.1225|1.136|1287
2021.03.10 11:00:00|1.1355|1.149|1.131|1.1315|710
2021.03.10 12:00:00|1.132|1.157|1.132|1.138|841
2021.03.10 13:00:00|1.1365|1.144|1.1305|1.1435|527
2021.03.10 14:00:00|1.144|1.144|1.1325|1.139|478
2021.03.10 15:00:00|1.138|1.1395|1.131|1.1365|649
2021.03.10 16:00:00|1.137|1.142|1.125|1.125|1024
2021.03.10 17:00:00|1.125|1.1305|1.1195|1.1205|850
2021.03.10 18:00:00|1.1205|1.1345|1.119|1.1305|485
2021.03.11 10:00:00|1.1535|1.1715|1.119|1.1445|1736
2021.03.11 11:00:00|1.145|1.1545|1.134|1.15|811
2021.03.11 12:00:00|1.1495|1.171|1.1475|1.156|681
2021.03.11 13:00:00|1.156|1.162|1.1345|1.138|717
2021.03.11 14:00:00|1.1375|1.145|1.13|1.1315|613
2021.03.11 15:00:00|1.131|1.149|1.131|1.143|649
2021.03.11 16:00:00|1.143|1.151|1.134|1.1445|929
2021.03.11 17:00:00|1.145|1.149|1.1205|1.131|919
2021.03.11 18:00:00|1.1315|1.141|1.1265|1.1385|517
2021.03.12 10:00:00|1.138|1.1435|1.131|1.1385|832
2021.03.12 11:00:00|1.1385|1.1455|1.1315|1.135|448
2021.03.12 12:00:00|1.135|1.145|1.1325|1.143|423
2021.03.12 13:00:00|1.143|1.1455|1.1315|1.133|408
2021.03.12 14:00:00|1.1325|1.1405|1.132|1.139|244
2021.03.12 15:00:00|1.139|1.142|1.131|1.1335|316
2021.03.12 16:00:00|1.133|1.142|1.13|1.138|739
2021.03.12 17:00:00|1.1385|1.143|1.136|1.14|568
2021.03.12 18:00:00|1.139|1.1455|1.136|1.142|361
2021.03.15 10:00:00|1.153|1.163|1.141|1.1535|1455
2021.03.15 11:00:00|1.1525|1.161|1.1495|1.16|675
2021.03.15 12:00:00|1.16|1.1605|1.1525|1.1595|561
2021.03.15 13:00:00|1.16|1.1695|1.159|1.169|818
2021.03.15 14:00:00|1.169|1.174|1.165|1.173|600
2021.03.15 15:00:00|1.173|1.1885|1.171|1.1815|1261
2021.03.15 16:00:00|1.1815|1.187|1.1735|1.1755|937
2021.03.15 17:00:00|1.175|1.1835|1.164|1.173|829
2021.03.15 18:00:00|1.173|1.1795|1.1725|1.174|347
2021.03.16 10:00:00|1.18|1.2105|1.18|1.207|1469
2021.03.16 11:00:00|1.207|1.2205|1.2045|1.217|922
2021.03.16 12:00:00|1.217|1.233|1.216|1.23|822
2021.03.16 13:00:00|1.2305|1.243|1.229|1.241|803
2021.03.16 14:00:00|1.2405|1.25|1.225|1.2265|753
2021.03.16 15:00:00|1.226|1.2395|1.2185|1.224|1038
2021.03.16 16:00:00|1.224|1.2305|1.2135|1.2255|1174
2021.03.16 17:00:00|1.2255|1.241|1.2195|1.2395|1284
2021.03.16 18:00:00|1.2395|1.24|1.224|1.2265|667
2021.03.17 10:00:00|1.27|1.279|1.2485|1.269|1902
2021.03.17 11:00:00|1.269|1.277|1.2625|1.267|984
2021.03.17 12:00:00|1.2675|1.2745|1.2625|1.2625|822
2021.03.17 13:00:00|1.263|1.272|1.2625|1.269|700
2021.03.17 14:00:00|1.2695|1.275|1.2615|1.264|784
2021.03.17 15:00:00|1.2645|1.278|1.258|1.2765|959
2021.03.17 16:00:00|1.277|1.2785|1.2605|1.266|1226
2021.03.17 17:00:00|1.2655|1.277|1.2635|1.2745|926
2021.03.17 18:00:00|1.274|1.276|1.264|1.2705|459
2021.03.18 10:00:00|1.2725|1.284|1.254|1.257|1751
2021.03.18 11:00:00|1.2565|1.266|1.237|1.246|1187
2021.03.18 12:00:00|1.245|1.259|1.233|1.2335|1009
2021.03.18 13:00:00|1.234|1.242|1.23|1.233|895
2021.03.18 14:00:00|1.2335|1.2425|1.2305|1.2345|658
2021.03.18 15:00:00|1.234|1.248|1.2295|1.2335|1340
2021.03.18 16:00:00|1.233|1.2495|1.231|1.249|835
2021.03.18 17:00:00|1.249|1.2625|1.249|1.2585|947
2021.03.18 18:00:00|1.258|1.259|1.2425|1.245|446
2021.03.19 10:00:00|1.211|1.22|1.1975|1.2105|1499
2021.03.19 11:00:00|1.2095|1.213|1.204|1.2095|701
2021.03.19 12:00:00|1.2095|1.2105|1.139|1.199|1122
2021.03.19 13:00:00|1.199|1.2005|1.1775|1.189|1145
2021.03.19 14:00:00|1.1895|1.1985|1.1895|1.1915|629
2021.03.19 15:00:00|1.191|1.1935|1.173|1.186|1325
2021.03.19 16:00:00|1.1865|1.1885|1.176|1.182|1016
2021.03.19 17:00:00|1.1815|1.184|1.1695|1.1785|1205
2021.03.19 18:00:00|1.1785|1.1835|1.174|1.1825|704
2021.03.22 10:00:00|1.125|1.1385|1.084|1.1215|2116
2021.03.22 11:00:00|1.1215|1.1515|1.1195|1.133|1164
2021.03.22 12:00:00|1.1325|1.142|1.1315|1.1375|536
2021.03.22 13:00:00|1.1375|1.145|1.1375|1.139|509
2021.03.22 14:00:00|1.1395|1.1405|1.133|1.1375|534
2021.03.22 15:00:00|1.138|1.1435|1.1295|1.132|760
2021.03.22 16:00:00|1.1325|1.1335|1.116|1.129|827
2021.03.22 17:00:00|1.1285|1.1335|1.122|1.1225|685
2021.03.22 18:00:00|1.122|1.1235|1.1145|1.121|529
2021.03.23 10:00:00|1.102|1.108|1.0755|1.0825|1626
2021.03.23 11:00:00|1.0825|1.0825|1.0645|1.067|1124
2021.03.23 12:00:00|1.067|1.0805|1.059|1.0735|1287
2021.03.23 13:00:00|1.074|1.08|1.0655|1.069|565
2021.03.23 14:00:00|1.069|1.08|1.065|1.0765|518
2021.03.23 15:00:00|1.0755|1.08|1.069|1.072|730
2021.03.23 16:00:00|1.071|1.0735|1.0465|1.0565|1005
2021.03.23 17:00:00|1.056|1.063|1.0495|1.063|971
2021.03.23 18:00:00|1.063|1.0635|1.054|1.0555|444
2021.03.24 10:00:00|1.004|1.044|0.9822|1.0385|2315
2021.03.24 11:00:00|1.0385|1.0755|1.032|1.0735|1559
2021.03.24 12:00:00|1.074|1.0985|1.0695|1.078|1393
2021.03.24 13:00:00|1.078|1.079|1.056|1.0565|716
2021.03.24 14:00:00|1.057|1.065|1.0565|1.059|696
2021.03.24 15:00:00|1.0595|1.0795|1.0595|1.0735|974
2021.03.24 16:00:00|1.0735|1.074|1.064|1.0705|694
2021.03.24 17:00:00|1.07|1.08|1.0685|1.0745|660
2021.03.24 18:00:00|1.075|1.0785|1.0745|1.077|283
2021.03.25 10:00:00|1.0705|1.0765|1.054|1.058|1045
2021.03.25 11:00:00|1.0565|1.057|1.0405|1.041|680
2021.03.25 12:00:00|1.041|1.052|1.041|1.051|484
2021.03.25 13:00:00|1.0515|1.052|1.0265|1.0295|839
2021.03.25 14:00:00|1.029|1.041|1.0285|1.0385|787
2021.03.25 15:00:00|1.0385|1.05|1.038|1.045|1032
2021.03.25 16:00:00|1.0445|1.056|1.0415|1.044|916
2021.03.25 17:00:00|1.0435|1.06|1.038|1.059|783
2021.03.25 18:00:00|1.059|1.062|1.057|1.061|274
2021.03.26 10:00:00|1.0695|1.0745|1.0515|1.0615|1223
2021.03.26 11:00:00|1.061|1.062|1.0525|1.0605|723
2021.03.26 12:00:00|1.0595|1.0645|1.059|1.0645|492
2021.03.26 13:00:00|1.0645|1.0705|1.058|1.0615|623
2021.03.26 14:00:00|1.0615|1.0955|1.059|1.0935|886
2021.03.26 15:00:00|1.0945|1.0945|1.072|1.0775|788
2021.03.26 16:00:00|1.077|1.08|1.06|1.062|711
2021.03.26 17:00:00|1.0615|1.0625|1.05|1.0585|873
2021.03.26 18:00:00|1.058|1.062|1.0545|1.0585|405
2021.03.29 10:00:00|1.059|1.0675|1.05|1.0575|917
2021.03.29 11:00:00|1.0565|1.057|1.0465|1.048|562
2021.03.29 12:00:00|1.0475|1.056|1.0465|1.054|525
2021.03.29 13:00:00|1.0535|1.0575|1.0515|1.0555|423
2021.03.29 14:00:00|1.0555|1.059|1.0525|1.0575|389
2021.03.29 15:00:00|1.058|1.0585|1.0525|1.054|255
2021.03.29 16:00:00|1.0545|1.059|1.0525|1.057|362
2021.03.29 17:00:00|1.0575|1.059|1.0505|1.057|737
2021.03.29 18:00:00|1.057|1.0605|1.056|1.0585|511
2021.03.30 10:00:00|1.061|1.0775|1.0555|1.075|799
2021.03.30 11:00:00|1.0755|1.0805|1.0695|1.07|585
2021.03.30 12:00:00|1.0695|1.072|1.064|1.069|444
2021.03.30 13:00:00|1.0685|1.0715|1.0665|1.0695|240
2021.03.30 14:00:00|1.069|1.077|1.068|1.072|280
2021.03.30 15:00:00|1.0725|1.076|1.0715|1.0755|184
2021.03.30 16:00:00|1.075|1.0805|1.072|1.0805|427
2021.03.30 17:00:00|1.0805|1.0905|1.0775|1.084|760
2021.03.30 18:00:00|1.085|1.088|1.083|1.0845|256
2021.03.31 10:00:00|1.0845|1.094|1.069|1.078|1079
2021.03.31 11:00:00|1.0775|1.082|1.0735|1.077|450
2021.03.31 12:00:00|1.0765|1.079|1.067|1.0685|423
2021.03.31 13:00:00|1.0685|1.07|1.0635|1.068|364
2021.03.31 14:00:00|1.0675|1.069|1.065|1.0665|337
2021.03.31 15:00:00|1.0665|1.0705|1.0635|1.0685|391
2021.03.31 16:00:00|1.068|1.071|1.0645|1.0675|555
2021.03.31 17:00:00|1.067|1.067|1.056|1.0575|798
2021.03.31 18:00:00|1.058|1.0675|1.0575|1.0635|603
2021.04.01 10:00:00|1.0686|1.086|1.049|1.0748|1217
2021.04.01 11:00:00|1.0748|1.0802|1.0704|1.0784|771
2021.04.01 12:00:00|1.0784|1.0904|1.0778|1.0886|903
2021.04.01 13:00:00|1.0882|1.0884|1.0768|1.0842|958
2021.04.01 14:00:00|1.0842|1.0928|1.0828|1.085|913
2021.04.01 15:00:00|1.085|1.0968|1.0822|1.096|1036
2021.04.01 16:00:00|1.096|1.0968|1.084|1.0878|1378
2021.04.01 17:00:00|1.0878|1.097|1.086|1.0898|1760
2021.04.01 18:00:00|1.09|1.0902|1.0788|1.0874|1172
2021.04.06 10:00:00|1.1116|1.138|1.0892|1.108|2475
2021.04.06 11:00:00|1.1082|1.132|1.1082|1.1292|1461
2021.04.06 12:00:00|1.1292|1.1296|1.1214|1.1214|788
2021.04.06 13:00:00|1.1214|1.124|1.1096|1.1142|1042
2021.04.06 14:00:00|1.1134|1.1246|1.1106|1.1194|892
2021.04.06 15:00:00|1.1194|1.1194|1.1098|1.1116|999
2021.04.06 16:00:00|1.1116|1.1312|1.1116|1.1302|1105
2021.04.06 17:00:00|1.1306|1.1322|1.118|1.1216|1508
2021.04.06 18:00:00|1.121|1.1214|1.1152|1.1174|763
2021.04.07 10:00:00|1.1242|1.1372|1.119|1.1332|1809
2021.04.07 11:00:00|1.1332|1.1366|1.1254|1.1274|922
2021.04.07 12:00:00|1.1274|1.1288|1.1244|1.1268|855
2021.04.07 13:00:00|1.1264|1.1296|1.1248|1.1258|524
2021.04.07 14:00:00|1.1254|1.1262|1.1208|1.1208|731
2021.04.07 15:00:00|1.1212|1.1226|1.119|1.1222|767
2021.04.07 16:00:00|1.1224|1.123|1.1202|1.121|714
2021.04.07 17:00:00|1.121|1.1228|1.1154|1.1172|1125
2021.04.07 18:00:00|1.1166|1.1206|1.1142|1.1198|856
2021.04.08 10:00:00|1.1238|1.1296|1.1036|1.1042|2256
2021.04.08 11:00:00|1.104|1.1116|1.1018|1.109|1018
2021.04.08 12:00:00|1.108|1.1102|1.1054|1.1074|613
2021.04.08 13:00:00|1.1076|1.1124|1.104|1.1064|622
2021.04.08 14:00:00|1.1064|1.1094|1.1024|1.1048|659
2021.04.08 15:00:00|1.1046|1.1062|1.0956|1.0988|734
2021.04.08 16:00:00|1.0988|1.0994|1.0842|1.0874|962
2021.04.08 17:00:00|1.0874|1.105|1.0856|1.1036|1294
2021.04.08 18:00:00|1.103|1.1106|1.1026|1.108|874
2021.04.09 10:00:00|1.1116|1.13|1.1116|1.1274|1704
2021.04.09 11:00:00|1.1274|1.1342|1.1206|1.1328|1172
2021.04.09 12:00:00|1.1326|1.1344|1.1252|1.1288|882
2021.04.09 13:00:00|1.1284|1.1292|1.114|1.114|871
2021.04.09 14:00:00|1.114|1.1198|1.111|1.116|768
2021.04.09 15:00:00|1.1166|1.117|1.1066|1.1068|945
2021.04.09 16:00:00|1.1066|1.116|1.1036|1.116|1281
2021.04.09 17:00:00|1.116|1.118|1.1108|1.117|840
2021.04.09 18:00:00|1.117|1.1242|1.117|1.1182|605
2021.04.12 10:00:00|1.1156|1.1244|1.0896|1.103|1824
2021.04.12 11:00:00|1.103|1.1046|1.096|1.101|901
2021.04.12 12:00:00|1.1012|1.1088|1.0978|1.1032|759
2021.04.12 13:00:00|1.103|1.1052|1.0984|1.1004|659
2021.04.12 14:00:00|1.1004|1.1024|1.0964|1.0988|564
2021.04.12 15:00:00|1.0986|1.1022|1.095|1.0982|578
2021.04.12 16:00:00|1.0984|1.1002|1.0794|1.081|1131
2021.04.12 17:00:00|1.0814|1.0856|1.0664|1.0812|1293
2021.04.12 18:00:00|1.0812|1.0846|1.0766|1.0832|693
2021.04.13 10:00:00|1.0704|1.0858|1.0702|1.0792|1339
2021.04.13 11:00:00|1.0792|1.0894|1.0758|1.0848|866
2021.04.13 12:00:00|1.0854|1.098|1.0852|1.0978|616
2021.04.13 13:00:00|1.0978|1.0978|1.0904|1.0922|409
2021.04.13 14:00:00|1.0924|1.0926|1.0772|1.0818|1285
2021.04.13 15:00:00|1.082|1.0826|1.0752|1.0766|689
2021.04.13 16:00:00|1.0766|1.078|1.059|1.0678|1449
2021.04.13 17:00:00|1.068|1.0786|1.0648|1.0766|1474
2021.04.13 18:00:00|1.0766|1.0788|1.0744|1.078|650
2021.04.14 10:00:00|1.0714|1.0802|1.0676|1.073|1130
2021.04.14 11:00:00|1.0734|1.079|1.0714|1.0752|634
2021.04.14 12:00:00|1.0756|1.079|1.0748|1.0782|619
2021.04.14 13:00:00|1.0782|1.0784|1.0718|1.0752|560
2021.04.14 14:00:00|1.075|1.0812|1.0722|1.0792|562
2021.04.14 15:00:00|1.0796|1.081|1.0732|1.0744|659
2021.04.14 16:00:00|1.0742|1.0862|1.0742|1.0826|1269
2021.04.14 17:00:00|1.0824|1.0878|1.0762|1.0804|1336
2021.04.14 18:00:00|1.0806|1.0806|1.074|1.0742|558
2021.04.15 10:00:00|1.0788|1.0972|1.076|1.0792|1649
2021.04.15 11:00:00|1.0796|1.0812|1.072|1.0746|857
2021.04.15 12:00:00|1.0748|1.075|1.0678|1.069|788
2021.04.15 13:00:00|1.069|1.071|1.0672|1.0698|589
2021.04.15 14:00:00|1.0696|1.0708|1.0646|1.0696|1018
2021.04.15 15:00:00|1.0696|1.0858|1.0686|1.0848|930
2021.04.15 16:00:00|1.0846|1.0846|1.0692|1.0752|1492
2021.04.15 17:00:00|1.0754|1.0764|1.067|1.07|1073
2021.04.15 18:00:00|1.0696|1.0698|1.0646|1.0688|515
2021.04.16 10:00:00|1.063|1.0746|1.0618|1.0626|1743
2021.04.16 11:00:00|1.0626|1.0712|1.0616|1.0682|837
2021.04.16 12:00:00|1.0684|1.0802|0.999|1.07|1349
2021.04.16 13:00:00|1.0702|1.0702|1.0596|1.0602|925
2021.04.16 14:00:00|1.06|1.0616|1.058|1.0606|560
2021.04.16 15:00:00|1.0604|1.0658|1.0576|1.0648|512
2021.04.16 16:00:00|1.0646|1.0648|1.0538|1.0538|938
2021.04.16 17:00:00|1.0548|1.0564|1.0484|1.052|1071
2021.04.16 18:00:00|1.0522|1.054|1.0418|1.0432|1004
2021.04.19 10:00:00|1.0496|1.0652|1.0466|1.0614|1547
2021.04.19 11:00:00|1.0616|1.0646|1.0548|1.0592|831
2021.04.19 12:00:00|1.059|1.0598|1.0522|1.0576|777
2021.04.19 13:00:00|1.058|1.0628|1.0566|1.0628|600
2021.04.19 14:00:00|1.0628|1.0662|1.0576|1.0578|739
2021.04.19 15:00:00|1.058|1.0642|1.0564|1.0638|550
2021.04.19 16:00:00|1.0638|1.0648|1.0524|1.057|1136
2021.04.19 17:00:00|1.0564|1.0568|1.0446|1.0464|1260
