2021.03.22 18:00:00|103.5|103.58|103.4|103.5|244
2021.03.23 10:00:00|101.87|102.12|101.28|101.8|526
2021.03.23 11:00:00|101.79|101.91|101.69|101.86|296
2021.03.23 12:00:00|101.85|101.96|101.79|101.91|234
2021.03.23 13:00:00|101.92|102.04|101.84|101.97|293
2021.03.23 14:00:00|101.99|102.44|101.99|102.32|216
2021.03.23 15:00:00|102.33|102.66|102.33|102.6|269
2021.03.23 16:00:00|102.58|103.2|102.5|103.17|351
2021.03.23 17:00:00|103.18|103.56|103.02|103.16|325
2021.03.23 18:00:00|103.18|103.29|103.12|103.18|173
2021.03.24 10:00:00|103.04|104.04|102.86|103.35|547
2021.03.24 11:00:00|103.34|103.55|103.18|103.3|244
2021.03.24 12:00:00|103.31|103.35|102.52|102.56|295
2021.03.24 13:00:00|102.58|102.64|102.42|102.52|241
2021.03.24 14:00:00|102.53|102.75|102.5|102.68|240
2021.03.24 15:00:00|102.67|102.76|102.3|102.47|371
2021.03.24 16:00:00|102.42|102.87|102.42|102.67|278
2021.03.24 17:00:00|102.68|103|102.48|102.6|284
2021.03.24 18:00:00|102.62|102.76|102.58|102.68|183
2021.03.25 10:00:00|102.27|103|101.68|102.78|468
2021.03.25 11:00:00|102.76|102.9|102.66|102.86|247
2021.03.25 12:00:00|102.87|102.92|102.5|102.81|213
2021.03.25 13:00:00|102.82|102.86|101.95|102|298
2021.03.25 14:00:00|101.97|102.22|101.77|102.2|262
2021.03.25 15:00:00|102.16|102.26|101.8|102.08|394
2021.03.25 16:00:00|102.04|102.2|101.86|101.97|467
2021.03.25 17:00:00|101.98|102.34|101.7|102.34|474
2021.03.25 18:00:00|102.32|102.38|102.14|102.32|215
2021.03.26 10:00:00|102.17|103.26|102.17|102.92|363
2021.03.26 11:00:00|102.95|103.02|102.52|102.59|170
2021.03.26 12:00:00|102.58|102.88|102.5|102.86|150
2021.03.26 13:00:00|102.88|103.07|102.66|103.04|129
2021.03.26 14:00:00|102.99|103|102.78|102.82|129
2021.03.26 15:00:00|102.83|103.02|102.71|102.78|277
2021.03.26 16:00:00|102.77|102.9|102.47|102.51|342
2021.03.26 17:00:00|102.5|102.7|102.34|102.64|270
2021.03.26 18:00:00|102.66|102.8|102.6|102.74|132
2021.03.29 10:00:00|103.49|104.18|103.49|103.58|337
2021.03.29 11:00:00|103.61|103.71|103.38|103.51|252
2021.03.29 12:00:00|103.52|103.57|103.26|103.38|212
2021.03.29 13:00:00|103.39|103.46|103.24|103.38|168
2021.03.29 14:00:00|103.4|103.46|103.18|103.22|140
2021.03.29 15:00:00|103.2|103.28|102.84|102.9|202
2021.03.29 16:00:00|102.89|103.68|102.87|103.4|426
2021.03.29 17:00:00|103.41|103.94|103.34|103.86|447
2021.03.29 18:00:00|103.87|104.04|103.72|104.04|242
2021.03.30 10:00:00|103.85|103.86|103.2|103.28|375
2021.03.30 11:00:00|103.25|103.48|103.12|103.38|215
2021.03.30 12:00:00|103.36|103.82|103.36|103.76|141
2021.03.30 13:00:00|103.77|103.9|103.55|103.58|147
2021.03.30 14:00:00|103.53|103.61|103.38|103.52|128
2021.03.30 15:00:00|103.54|103.73|103.38|103.46|155
2021.03.30 16:00:00|103.46|103.58|103.24|103.32|309
2021.03.30 17:00:00|103.3|103.62|103.16|103.56|393
2021.03.30 18:00:00|103.54|103.62|103.46|103.54|139
2021.03.31 10:00:00|103.21|103.84|103.18|103.78|218
2021.03.31 11:00:00|103.76|103.78|103.54|103.73|125
2021.03.31 12:00:00|103.72|103.84|103.64|103.72|151
2021.03.31 13:00:00|103.72|103.78|103.44|103.6|131
2021.03.31 14:00:00|103.57|104.04|103.56|104|169
2021.03.31 15:00:00|104.01|104.06|103.52|103.56|133
2021.03.31 16:00:00|103.58|103.86|103.36|103.7|244
2021.03.31 17:00:00|103.68|104.3|103.68|104.16|351
2021.03.31 18:00:00|104.14|104.24|104.02|104.04|180
2021.04.01 10:00:00|104.6|106.06|104.54|105.85|635
2021.04.01 11:00:00|105.84|106.01|105.7|106|329
2021.04.01 12:00:00|105.98|106.16|105.82|106.14|240
2021.04.01 13:00:00|106.16|106.16|105.76|105.86|153
2021.04.01 14:00:00|105.87|106.12|105.67|105.7|145
2021.04.01 15:00:00|105.69|106.47|105.68|106.38|208
2021.04.01 16:00:00|106.36|106.88|106.15|106.88|372
2021.04.01 17:00:00|106.89|107|106.54|106.62|306
2021.04.01 18:00:00|106.6|106.74|106.38|106.38|221
2021.04.06 10:00:00|109.57|109.73|108.02|108.37|687
2021.04.06 11:00:00|108.38|109.19|108.38|108.7|489
2021.04.06 12:00:00|108.72|108.8|108.28|108.45|403
2021.04.06 13:00:00|108.46|109.1|108.4|109.01|314
2021.04.06 14:00:00|109.02|109.16|108.8|109.06|275
2021.04.06 15:00:00|109.07|109.34|108.91|108.94|364
2021.04.06 16:00:00|108.96|109|108.4|108.78|512
2021.04.06 17:00:00|108.8|108.94|108.62|108.9|416
2021.04.06 18:00:00|108.88|109|108.7|108.72|213
2021.04.07 10:00:00|108.43|108.5|107.74|108|377
2021.04.07 11:00:00|107.97|108.66|107.88|108.28|208
2021.04.07 12:00:00|108.26|108.9|108.22|108.82|260
2021.04.07 13:00:00|108.84|108.96|108.82|108.94|185
2021.04.07 14:00:00|108.89|109.06|108.85|108.93|223
2021.04.07 15:00:00|108.92|109.03|108.84|108.97|195
2021.04.07 16:00:00|108.96|109.2|108.78|109.18|368
2021.04.07 17:00:00|109.16|109.34|109.16|109.3|401
2021.04.07 18:00:00|109.29|109.33|109.08|109.08|223
2021.04.08 10:00:00|109.4|109.92|109.02|109.9|424
2021.04.08 11:00:00|109.92|110.16|109.67|109.75|295
2021.04.08 12:00:00|109.76|109.96|109.63|109.87|247
2021.04.08 13:00:00|109.88|110.3|109.88|110.22|284
2021.04.08 14:00:00|110.19|111.04|110.19|110.97|288
2021.04.08 15:00:00|110.96|111.75|110.96|111.58|528
2021.04.08 16:00:00|111.6|111.84|111.32|111.58|541
2021.04.08 17:00:00|111.6|111.62|110.82|110.89|485
2021.04.08 18:00:00|110.88|110.92|110.36|110.9|340
2021.04.09 10:00:00|111.03|111.06|110.34|110.95|481
2021.04.09 11:00:00|110.96|111.44|110.82|111.32|277
2021.04.09 12:00:00|111.3|111.36|111.12|111.23|234
2021.04.09 13:00:00|111.26|111.4|111.14|111.34|197
2021.04.09 14:00:00|111.39|111.9|111.38|111.5|286
2021.04.09 15:00:00|111.48|111.67|111.34|111.38|216
2021.04.09 16:00:00|111.36|111.81|111.18|111.74|332
2021.04.09 17:00:00|111.72|112.22|111.71|112.02|436
2021.04.09 18:00:00|112.01|112.22|111.89|112.08|236
2021.04.12 10:00:00|112.05|112.14|111.16|111.24|364
2021.04.12 11:00:00|111.26|111.36|110.94|111.34|197
2021.04.12 12:00:00|111.32|111.54|111.1|111.54|166
2021.04.12 13:00:00|111.52|111.56|111.35|111.44|123
2021.04.12 14:00:00|111.45|111.62|111.34|111.34|124
2021.04.12 15:00:00|111.31|111.46|111|111.02|136
2021.04.12 16:00:00|111.01|111.02|110.74|110.94|247
2021.04.12 17:00:00|110.96|111.16|110.77|111.08|225
2021.04.12 18:00:00|111.08|111.32|111.07|111.2|154
2021.04.13 10:00:00|111.07|111.58|110.98|111.3|295
2021.04.13 11:00:00|111.28|111.32|110.78|111.06|183
2021.04.13 12:00:00|111.05|111.08|110.84|110.97|158
2021.04.13 13:00:00|110.98|111.03|110.84|110.94|173
2021.04.13 14:00:00|110.75|111.14|110.62|110.95|183
2021.04.13 15:00:00|110.96|111.29|110.95|111.23|189
2021.04.13 16:00:00|111.22|111.81|111.11|111.78|275
2021.04.13 17:00:00|111.76|112.26|111.64|112.26|360
2021.04.13 18:00:00|112.27|112.32|111.93|112.06|167
2021.04.14 10:00:00|115.16|116.86|114.82|116.72|1222
2021.04.14 11:00:00|116.74|117.52|116.6|117.29|709
2021.04.14 12:00:00|117.3|117.86|116.5|116.62|607
2021.04.14 13:00:00|116.6|116.88|115.98|116.16|424
2021.04.14 14:00:00|116.07|116.31|115.74|116.13|285
2021.04.14 15:00:00|116.14|116.49|115.64|115.84|509
2021.04.14 16:00:00|115.86|116.33|115.14|115.38|616
2021.04.14 17:00:00|115.36|115.36|113.55|113.82|765
2021.04.14 18:00:00|113.83|113.9|113.16|113.34|320
2021.04.15 10:00:00|114.12|115.22|113.56|115.06|603
2021.04.15 11:00:00|115.02|115.38|114.96|115.26|286
2021.04.15 12:00:00|115.24|115.32|114.98|115.24|250
2021.04.15 13:00:00|115.2|115.68|115.2|115.66|136
2021.04.15 14:00:00|115.64|116.04|115.54|115.9|224
2021.04.15 15:00:00|115.87|116.12|115.74|115.74|215
2021.04.15 16:00:00|115.77|115.92|115.42|115.44|394
2021.04.15 17:00:00|115.42|115.84|115.3|115.6|414
2021.04.15 18:00:00|115.62|115.62|115.34|115.52|216
2021.04.16 10:00:00|115.13|115.46|114.74|115.01|426
2021.04.16 11:00:00|115.01|115.42|115|115.32|267
2021.04.16 12:00:00|115.3|115.98|115.16|115.56|467
2021.04.16 13:00:00|115.57|115.68|115.39|115.48|270
2021.04.16 14:00:00|115.46|115.74|115.42|115.66|179
2021.04.16 15:00:00|115.64|115.7|115.47|115.52|226
2021.04.16 16:00:00|115.53|115.9|115.42|115.84|288
2021.04.16 17:00:00|115.83|116.1|115.6|115.81|400
2021.04.16 18:00:00|115.8|115.95|115.76|115.9|216
2021.04.19 10:00:00|116.13|116.37|115.66|115.72|328
2021.04.19 11:00:00|115.76|115.98|115.46|115.88|188
2021.04.19 12:00:00|115.86|115.99|115.36|115.48|199
2021.04.19 13:00:00|115.46|115.8|115.43|115.54|171
2021.04.19 14:00:00|115.6|115.76|115.44|115.54|156
2021.04.19 15:00:00|115.48|115.6|114.94|115.03|182
2021.04.19 16:00:00|115.02|116.14|115.02|115.8|346
2021.04.19 17:00:00|115.78|115.99|115.62|115.94|294
2021.04.19 18:00:00|115.98|116.04|115.8|116.04|193
2021.04.20 10:00:00|115.61|115.98|115.26|115.42|243
2021.04.20 11:00:00|115.46|115.76|115.24|115.62|226
2021.04.20 12:00:00|115.6|115.66|114.76|114.86|311
2021.04.20 13:00:00|114.88|115.4|114.68|115.28|243
2021.04.20 14:00:00|115.23|115.38|114.96|115.36|182
2021.04.20 15:00:00|115.37|115.57|115.2|115.54|208
2021.04.20 16:00:00|115.53|116|115.46|116|289
2021.04.20 17:00:00|115.99|116.02|114.84|115.02|338
2021.04.20 18:00:00|115|115.47|114.94|115.2|258
2021.04.21 10:00:00|114.89|115.52|113.96|114.97|552
2021.04.21 11:00:00|114.98|115.34|114.92|115.14|345
2021.04.21 12:00:00|115.19|115.49|115.05|115.3|288
2021.04.21 13:00:00|115.29|115.52|114.97|115.52|277
2021.04.21 14:00:00|115.5|115.58|115.3|115.34|231
2021.04.21 15:00:00|115.32|115.41|115.14|115.25|340
2021.04.21 16:00:00|115.26|115.96|115.26|115.96|484
2021.04.21 17:00:00|115.94|116.35|115.82|116.2|334
2021.04.21 18:00:00|116.18|116.26|116.09|116.2|187
2021.04.22 10:00:00|117.45|119.12|117.12|118.14|975
2021.04.22 11:00:00|118.13|118.45|117.92|118.22|397
2021.04.22 12:00:00|118.24|118.44|117.88|118.32|281
2021.04.22 13:00:00|118.29|118.33|117.82|117.98|346
2021.04.22 14:00:00|118.02|118.18|117.76|117.84|282
2021.04.22 15:00:00|117.86|118.23|117.79|118.18|305
2021.04.22 16:00:00|118.16|119.4|118.1|119.04|740
2021.04.22 17:00:00|119.02|120.86|118.88|120.78|1016
2021.04.22 18:00:00|120.76|120.8|120.18|120.32|489
2021.04.23 10:00:00|120.07|120.55|119.06|119.67|579
2021.04.23 11:00:00|119.64|119.64|118.98|118.98|313
2021.04.23 12:00:00|118.97|119.3|118.83|119.12|271
2021.04.23 13:00:00|119.13|119.14|118.62|118.78|270
2021.04.23 14:00:00|119|119|118.42|118.56|170
2021.04.23 15:00:00|118.58|118.63|117.5|117.54|325
2021.04.23 16:00:00|117.55|118.4|117.22|118.36|523
2021.04.23 17:00:00|118.38|118.81|118.07|118.71|531
2021.04.23 18:00:00|118.72|119.32|118.67|119.32|320
2021.04.26 10:00:00|119.47|119.85|118.82|118.82|321
2021.04.26 11:00:00|118.84|118.96|118.3|118.42|263
2021.04.26 12:00:00|118.4|118.4|117.86|117.97|220
2021.04.26 13:00:00|117.96|118.5|117.92|118.18|217
2021.04.26 14:00:00|118.23|118.64|118|118.54|153
2021.04.26 15:00:00|118.55|118.74|118.47|118.72|167
2021.04.26 16:00:00|118.69|118.7|117.98|118.14|322
2021.04.26 17:00:00|118.18|118.65|118.08|118.45|284
2021.04.26 18:00:00|118.44|118.6|118.3|118.4|181
2021.04.27 10:00:00|118.33|119.04|117.98|118.8|398
2021.04.27 11:00:00|118.84|119.14|118.72|119.04|168
2021.04.27 12:00:00|119.02|119.25|118.42|118.76|206
2021.04.27 13:00:00|118.74|118.86|118.46|118.67|206
2021.04.27 14:00:00|118.66|118.84|118.26|118.31|199
2021.04.27 15:00:00|118.32|118.88|118.22|118.68|194
2021.04.27 16:00:00|118.65|118.7|118.16|118.36|230
2021.04.27 17:00:00|118.34|118.36|117.8|118.16|274
2021.04.27 18:00:00|118.14|118.37|118.08|118.14|195
2021.04.28 10:00:00|117.71|118.32|117.71|118|237
2021.04.28 11:00:00|118.02|118.16|117.74|118.08|245
2021.04.28 12:00:00|118.05|118.06|117.3|117.9|214
2021.04.28 13:00:00|117.92|118.42|117.84|118.36|145
2021.04.28 14:00:00|118.29|118.32|118.06|118.24|132
2021.04.28 15:00:00|118.21|118.5|118.14|118.34|150
2021.04.28 16:00:00|118.36|119.22|118.04|119.22|274
2021.04.28 17:00:00|119.2|119.23|118.38|118.6|365
2021.04.28 18:00:00|118.58|118.74|118.44|118.58|155
2021.04.29 10:00:00|118.77|119.6|118.67|119.54|254
2021.04.29 11:00:00|119.52|119.64|119.01|119.33|238
2021.04.29 12:00:00|119.36|119.44|119.06|119.3|207
2021.04.29 13:00:00|119.28|119.38|119.14|119.14|178
2021.04.29 14:00:00|119.14|119.3|118.7|118.88|141
2021.04.29 15:00:00|118.87|119.04|118.78|119.04|183
2021.04.29 16:00:00|119.02|119.03|117.96|118.04|311
2021.04.29 17:00:00|117.96|118.14|117.4|117.8|431
2021.04.29 18:00:00|117.76|118.19|117.7|117.98|193
2021.04.30 10:00:00|118.25|118.36|117.36|117.66|362
2021.04.30 11:00:00|117.72|117.84|117.46|117.64|308
2021.04.30 12:00:00|117.72|117.83|117.56|117.66|327
2021.04.30 13:00:00|117.67|117.88|117.04|117.4|145
2021.04.30 14:00:00|117.37|117.64|117.15|117.64|140
2021.04.30 15:00:00|117.66|117.76|117.36|117.47|280
2021.04.30 16:00:00|117.45|117.74|117.34|117.52|368
2021.04.30 17:00:00|117.48|117.7|117.26|117.42|445
2021.04.30 18:00:00|117.4|117.44|116.78|116.84|275
2021.05.03 10:00:00|116.87|117.66|116.87|117.51|339
2021.05.03 11:00:00|117.54|117.6|117.12|117.26|207
2021.05.03 12:00:00|117.28|117.28|115.9|116.25|271
2021.05.03 13:00:00|116.24|117.12|116.24|117.04|162
2021.05.03 14:00:00|117.01|117.57|117.01|117.28|263
2021.05.03 15:00:00|117.26|117.42|117.04|117.08|140
2021.05.03 16:00:00|117.06|117.11|116.68|116.88|212
2021.05.03 17:00:00|116.84|117.32|116.62|116.68|268
2021.05.03 18:00:00|116.68|116.86|116.49|116.56|154
2021.05.04 10:00:00|116.65|116.94|115.98|116.14|399
2021.05.04 11:00:00|116.12|116.12|114.94|115.6|331
2021.05.04 12:00:00|115.58|115.88|115.2|115.82|190
2021.05.04 13:00:00|115.84|116.26|115.81|116|177
2021.05.04 14:00:00|116.01|116.14|114.26|114.82|391
2021.05.04 15:00:00|114.8|115.38|114.18|114.72|431
2021.05.04 16:00:00|114.68|115.06|113.94|114.04|578
2021.05.04 17:00:00|114.02|114.04|112.94|112.96|694
2021.05.04 18:00:00|112.98|113.29|112.58|112.62|420
2021.05.05 10:00:00|114.32|115.28|114|115.12|434
2021.05.05 11:00:00|115.14|115.28|114.67|115.02|256
2021.05.05 12:00:00|115|115.18|114.92|115|205
2021.05.05 13:00:00|114.99|115.25|114.87|115.24|191
2021.05.05 14:00:00|115.25|115.34|115.04|115.07|162
2021.05.05 15:00:00|115.08|115.48|115.02|115.28|193
2021.05.05 16:00:00|115.29|115.97|115.22|115.6|389
2021.05.05 17:00:00|115.64|115.68|115.22|115.34|348
2021.05.05 18:00:00|115.32|115.65|115.2|115.58|174
2021.05.06 10:00:00|114.68|116.08|114.68|115.56|584
2021.05.06 11:00:00|115.58|116.24|115.58|116.14|346
2021.05.06 12:00:00|116.17|116.2|115.45|116.07|421
2021.05.06 13:00:00|116.08|116.54|116.06|116.25|261
2021.05.06 14:00:00|116.29|116.44|115.94|116.16|237
2021.05.06 15:00:00|116.19|116.54|116.1|116.28|304
2021.05.06 16:00:00|116.26|116.38|115.8|115.96|422
2021.05.06 17:00:00|115.94|115.98|115.62|115.87|441
2021.05.06 18:00:00|115.88|116.02|115.62|116.02|224
2021.05.07 10:00:00|117.17|117.36|116.26|116.26|418
2021.05.07 11:00:00|116.28|116.76|116.24|116.46|244
2021.05.07 12:00:00|116.47|116.62|116.18|116.4|204
2021.05.07 13:00:00|116.42|117.02|116.38|116.8|189
2021.05.07 14:00:00|116.82|116.88|116.56|116.7|162
2021.05.07 15:00:00|116.68|117.3|116.48|117.19|359
2021.05.07 16:00:00|117.2|117.42|116.88|117.26|439
2021.05.07 17:00:00|117.28|117.5|117.05|117.24|335
2021.05.07 18:00:00|117.26|117.26|116.86|117.04|198
2021.05.10 10:00:00|115.72|116.27|115.46|115.86|364
2021.05.10 11:00:00|115.83|116.14|115.62|115.63|225
2021.05.10 12:00:00|115.62|115.92|115.44|115.53|205
2021.05.10 13:00:00|115.54|115.8|115.5|115.54|166
2021.05.10 14:00:00|115.52|115.66|115.38|115.53|182
2021.05.10 15:00:00|115.5|115.74|115.48|115.71|165
2021.05.10 16:00:00|115.7|115.72|114.78|114.94|354
2021.05.10 17:00:00|114.92|115.08|114.52|115|543
2021.05.10 18:00:00|115.02|115.38|114.88|115.38|178
2021.05.11 10:00:00|114.4|114.72|112.86|113.32|593
2021.05.11 11:00:00|113.34|113.34|112.72|112.9|364
2021.05.11 12:00:00|112.92|113.18|112.4|112.5|262
2021.05.11 13:00:00|112.48|112.52|111.96|112.42|297
2021.05.11 14:00:00|112.39|112.46|112.06|112.06|245
2021.05.11 15:00:00|112.08|112.3|111.56|112.04|329
2021.05.11 16:00:00|112|113.16|111.76|113.16|676
2021.05.11 17:00:00|113.18|113.22|111.98|112.58|764
2021.05.11 18:00:00|112.56|113.18|112.46|112.96|315
2021.05.12 10:00:00|112.71|113.3|112.38|112.56|447
2021.05.12 11:00:00|112.59|112.72|112.18|112.36|265
2021.05.12 12:00:00|112.33|112.64|112.26|112.62|235
2021.05.12 13:00:00|112.6|113.26|112.48|112.64|259
2021.05.12 14:00:00|112.6|113.02|112.6|112.86|219
2021.05.12 15:00:00|112.87|112.98|111.76|112.48|472
2021.05.12 16:00:00|112.5|113|112.22|112.72|408
2021.05.12 17:00:00|112.74|112.86|112.3|112.48|422
2021.05.12 18:00:00|112.46|112.7|112.34|112.38|188
2021.05.13 10:00:00|110.27|110.48|109.3|109.5|570
2021.05.13 11:00:00|109.48|109.88|108.98|109.86|341
2021.05.13 12:00:00|109.88|110.62|109.88|110.44|294
2021.05.13 13:00:00|110.46|110.78|110.32|110.6|216
2021.05.13 14:00:00|110.62|111.17|110.56|111.01|214
2021.05.13 15:00:00|111.02|111.84|111.02|111.54|309
2021.05.13 16:00:00|111.56|112.3|111.56|112.1|284
2021.05.13 17:00:00|112.18|112.51|112.1|112.36|210
2021.05.13 18:00:00|112.38|112.39|111.82|111.82|157
2021.05.14 10:00:00|112.1|113.42|112.1|112.14|362
2021.05.14 11:00:00|112.18|112.46|112.12|112.34|265
2021.05.14 12:00:00|112.36|112.76|112.36|112.68|208
2021.05.14 13:00:00|112.69|112.73|112.42|112.48|129
2021.05.14 14:00:00|112.55|112.56|112.19|112.24|163
2021.05.14 15:00:00|112.22|112.77|112.18|112.73|156
2021.05.14 16:00:00|112.72|112.9|112.53|112.88|293
2021.05.14 17:00:00|112.87|113.53|112.77|113.5|317
2021.05.14 18:00:00|113.52|113.9|113.46|113.88|215
2021.05.17 10:00:00|114.05|114.38|113.16|113.2|341
2021.05.17 11:00:00|113.22|113.6|113.22|113.51|221
2021.05.17 12:00:00|113.46|113.72|113.36|113.41|189
2021.05.17 13:00:00|113.42|113.43|112.98|113.02|221
2021.05.17 14:00:00|113.06|113.22|112.94|113.05|206
2021.05.17 15:00:00|113.04|113.32|112.92|113.14|204
2021.05.17 16:00:00|113.12|113.4|112.92|113.31|359
2021.05.17 17:00:00|113.3|113.34|112.82|113.04|376
2021.05.17 18:00:00|113.06|113.18|112.84|113|150
2021.05.18 10:00:00|113.11|113.86|112.92|113.06|344
2021.05.18 11:00:00|113.04|113.14|112.46|112.6|204
2021.05.18 12:00:00|112.58|112.75|112.4|112.64|193
2021.05.18 13:00:00|112.65|112.87|112.65|112.72|130
2021.05.18 14:00:00|112.66|112.82|112.43|112.76|172
2021.05.18 15:00:00|112.73|112.98|112.67|112.82|157
2021.05.18 16:00:00|112.84|112.98|112.56|112.92|268
2021.05.18 17:00:00|112.94|113.5|112.82|113.44|327
2021.05.18 18:00:00|113.43|113.64|113.36|113.61|172
2021.05.19 10:00:00|112.23|112.38|111.58|111.76|376
2021.05.19 11:00:00|111.86|112|111.35|111.54|214
2021.05.19 12:00:00|111.56|112.18|111.56|111.64|221
2021.05.19 13:00:00|111.67|112.22|111.6|112.16|220
2021.05.19 14:00:00|112.14|112.14|111.38|111.76|263
2021.05.19 15:00:00|111.75|112.06|111.32|111.36|239
2021.05.19 16:00:00|111.34|111.86|111.22|111.32|403
2021.05.19 17:00:00|111.3|111.9|110.8|111.84|491
2021.05.19 18:00:00|111.82|112.24|111.72|112.02|242
2021.05.20 10:00:00|112.11|112.84|112.1|112.84|298
2021.05.20 11:00:00|112.86|113.1|112.6|112.7|272
2021.05.20 12:00:00|112.61|112.68|112.15|112.34|191
2021.05.20 13:00:00|112.31|112.6|112.31|112.5|172
2021.05.20 14:00:00|112.52|112.64|112.43|112.52|114
2021.05.20 15:00:00|112.53|112.76|112.45|112.73|132
2021.05.20 16:00:00|112.72|113.78|112.66|113.68|265
2021.05.20 17:00:00|113.7|114.36|113.64|114.34|288
2021.05.20 18:00:00|114.33|114.76|114.28|114.66|204
2021.05.21 10:00:00|114.77|115.26|114.67|114.96|405
2021.05.21 11:00:00|114.94|115|114.55|115|285
2021.05.21 12:00:00|115.02|115.08|114.67|114.92|405
2021.05.21 13:00:00|114.88|114.98|114.24|114.3|245
2021.05.21 14:00:00|114.32|114.92|114.32|114.8|177
2021.05.21 15:00:00|114.78|114.96|114.64|114.75|167
2021.05.21 16:00:00|114.74|115.22|114.59|115.2|327
2021.05.21 17:00:00|115.22|115.22|114.72|114.86|320
2021.05.21 18:00:00|114.83|114.84|114.59|114.62|164
2021.05.25 10:00:00|115.55|115.92|114.98|115.12|366
2021.05.25 11:00:00|115.11|115.32|114.96|115.18|266
2021.05.25 12:00:00|115.17|115.32|115.02|115.14|185
2021.05.25 13:00:00|115.13|115.28|115.06|115.2|140
2021.05.25 14:00:00|115.18|115.6|115.16|115.29|135
2021.05.25 15:00:00|115.26|115.5|115.2|115.28|181
2021.05.25 16:00:00|115.26|115.5|114.76|114.9|383
2021.05.25 17:00:00|114.92|115.06|114.6|115.02|379
2021.05.25 18:00:00|115|115.07|114.76|114.88|195
2021.05.26 10:00:00|115.21|115.8|115.21|115.52|221
2021.05.26 11:00:00|115.53|115.57|115.05|115.14|169
2021.05.26 12:00:00|115.12|115.58|115.1|115.44|190
2021.05.26 13:00:00|115.43|115.84|115.34|115.74|158
2021.05.26 14:00:00|115.71|116|115.68|115.77|190
2021.05.26 15:00:00|115.78|116.1|115.76|116.08|231
2021.05.26 16:00:00|116.1|116.16|115.91|116.02|300
2021.05.26 17:00:00|116.03|116.1|115.76|115.86|240
2021.05.26 18:00:00|115.88|115.9|115.58|115.78|163
2021.05.27 10:00:00|115.37|116.08|115|115.12|444
2021.05.27 11:00:00|115.14|115.48|115.14|115.28|353
2021.05.27 12:00:00|115.29|115.32|114.72|114.76|282
2021.05.27 13:00:00|114.77|114.99|114.66|114.82|217
2021.05.27 14:00:00|114.83|114.96|114.53|114.72|264
2021.05.27 15:00:00|114.7|114.86|114.26|114.66|335
2021.05.27 16:00:00|114.65|114.78|113.95|114.03|507
2021.05.27 17:00:00|114.04|114.36|113.93|114.09|519
2021.05.27 18:00:00|114.1|114.16|113.6|113.68|274
2021.05.28 10:00:00|113.65|114.26|113.54|113.72|265
2021.05.28 11:00:00|113.73|113.96|113.7|113.92|162
2021.05.28 12:00:00|113.89|114.07|113.86|113.94|178
2021.05.28 13:00:00|113.97|114.55|113.85|114.48|132
2021.05.28 14:00:00|114.49|114.63|114.35|114.57|148
2021.05.28 15:00:00|114.56|115.14|114.5|115.14|151
2021.05.28 16:00:00|115.08|115.7|115.08|115.7|283
2021.05.28 17:00:00|115.71|115.71|115.06|115.07|287
2021.05.28 18:00:00|115.1|115.1|114.82|114.92|193
2021.05.31 10:00:00|114.53|114.76|114.13|114.14|152
2021.05.31 11:00:00|114.09|114.38|114.01|114.14|114
2021.05.31 12:00:00|114.11|114.34|113.83|113.98|174
2021.05.31 13:00:00|114|114.22|113.84|113.86|116
2021.05.31 14:00:00|113.88|114|113.8|113.86|81
2021.05.31 15:00:00|113.83|113.94|113.81|113.88|94
2021.05.31 16:00:00|113.86|113.87|113.68|113.8|113
2021.05.31 17:00:00|113.82|113.96|113.62|113.62|155
2021.05.31 18:00:00|113.61|113.74|113.38|113.42|107
2021.06.01 10:00:00|114.4|115.04|114.26|114.84|236
2021.06.01 11:00:00|114.86|115.5|114.86|115.48|221
2021.06.01 12:00:00|115.5|115.76|115.28|115.32|226
2021.06.01 13:00:00|115.33|115.58|115.33|115.56|138
2021.06.01 14:00:00|115.59|115.94|115.52|115.94|145
2021.06.01 15:00:00|115.94|116|115.68|115.85|114
2021.06.01 16:00:00|115.86|115.86|114.7|114.9|243
2021.06.01 17:00:00|114.86|114.86|113.84|114.2|426
2021.06.01 18:00:00|114.2|114.21|113.96|114.02|164
2021.06.02 10:00:00|113.91|114.66|113.88|114.14|328
2021.06.02 11:00:00|114.1|114.18|113.68|113.89|176
2021.06.02 12:00:00|113.9|114.14|113.87|113.94|155
2021.06.02 13:00:00|113.91|114.02|113.77|113.86|142
2021.06.02 14:00:00|113.86|113.94|113.54|113.61|158
2021.06.02 15:00:00|113.63|113.7|113.32|113.64|155
2021.06.02 16:00:00|113.65|114.64|113.64|114.43|462
2021.06.02 17:00:00|114.42|114.42|113.9|113.96|274
2021.06.02 18:00:00|114|114.08|113.9|114.04|164
2021.06.03 10:00:00|113.85|113.87|113.31|113.66|250
2021.06.03 11:00:00|113.64|113.72|113.27|113.34|252
2021.06.03 12:00:00|113.31|113.38|113.06|113.21|268
2021.06.03 13:00:00|113.22|113.24|112.76|112.76|223
2021.06.03 14:00:00|112.78|112.78|112.4|112.54|231
2021.06.03 15:00:00|112.52|113.26|112.44|113.14|174
2021.06.03 16:00:00|113.16|113.48|113.06|113.24|249
2021.06.03 17:00:00|113.22|113.66|113.22|113.55|447
2021.06.03 18:00:00|113.56|113.84|113.5|113.54|312
2021.06.04 10:00:00|113.65|114.52|113.56|114.24|255
2021.06.04 11:00:00|114.26|114.28|113.62|113.96|172
2021.06.04 12:00:00|113.95|113.98|113.62|113.76|182
2021.06.04 13:00:00|113.74|113.82|113.48|113.8|143
2021.06.04 14:00:00|113.81|113.88|113.67|113.74|118
2021.06.04 15:00:00|113.75|114.06|113.73|114.04|135
2021.06.04 16:00:00|114.06|114.3|113.82|114.3|171
2021.06.04 17:00:00|114.28|114.76|114.26|114.58|202
2021.06.04 18:00:00|114.6|114.76|114.52|114.68|148
2021.06.07 10:00:00|114.56|114.96|114.06|114.84|238
2021.06.07 11:00:00|114.88|115.66|114.84|115.36|245
2021.06.07 12:00:00|115.38|115.51|115.27|115.42|180
2021.06.07 13:00:00|115.37|115.82|115.37|115.48|161
2021.06.07 14:00:00|115.49|115.58|115.4|115.54|127
2021.06.07 15:00:00|115.51|115.58|115.44|115.48|136
2021.06.07 16:00:00|115.5|115.76|115.3|115.64|291
2021.06.07 17:00:00|115.62|115.75|115.49|115.73|336
2021.06.07 18:00:00|115.74|115.74|115.5|115.62|219
2021.06.08 10:00:00|115.92|116.58|115.68|116.41|225
2021.06.08 11:00:00|116.38|116.44|116.04|116.44|148
2021.06.08 12:00:00|116.45|117.32|116.38|117.32|303
2021.06.08 13:00:00|117.28|117.28|116.66|117.1|258
2021.06.08 14:00:00|117.14|117.6|117.04|117.55|155
2021.06.08 15:00:00|117.55|117.6|117.14|117.34|145
2021.06.08 16:00:00|117.32|117.36|116.84|116.93|328
2021.06.08 17:00:00|116.94|117|116.08|116.18|286
2021.06.08 18:00:00|116.22|116.39|116.06|116.16|170
2021.06.09 10:00:00|115.83|115.84|115.12|115.28|208
2021.06.09 11:00:00|115.3|115.39|114.72|115.05|246
2021.06.09 12:00:00|115.03|115.08|114.56|114.58|223
2021.06.09 13:00:00|114.56|114.74|114.16|114.18|212
2021.06.09 14:00:00|114.2|114.75|114.08|114.62|274
2021.06.09 15:00:00|114.59|115.12|114.51|114.78|210
2021.06.09 16:00:00|114.8|115.6|114.74|115.36|314
2021.06.09 17:00:00|115.38|115.38|114.89|115.16|385
2021.06.09 18:00:00|115.17|115.24|115.02|115.16|185
2021.06.10 10:00:00|115.21|115.49|114.68|115.47|325
2021.06.10 11:00:00|115.44|115.54|114.9|115.28|217
2021.06.10 12:00:00|115.29|115.36|114.86|114.94|168
2021.06.10 13:00:00|114.91|115.36|114.86|114.88|193
2021.06.10 14:00:00|114.86|114.96|114.28|114.6|219
2021.06.10 15:00:00|114.59|114.87|114.4|114.82|191
2021.06.10 16:00:00|114.86|115.84|114.61|115.78|264
2021.06.10 17:00:00|115.79|115.82|115.28|115.52|233
2021.06.10 18:00:00|115.5|115.92|115.36|115.92|186
2021.06.11 10:00:00|116.79|117.32|116.14|116.24|404
2021.06.11 11:00:00|116.22|117.14|116.22|117.02|239
2021.06.11 12:00:00|117.05|117.14|116.74|116.84|242
2021.06.11 13:00:00|116.88|117.14|116.77|117.11|156
2021.06.11 14:00:00|117.1|117.26|116.74|116.78|180
2021.06.11 15:00:00|116.79|117.24|116.78|117.24|163
2021.06.11 16:00:00|117.25|117.56|117|117.5|313
2021.06.11 17:00:00|117.52|117.78|117.49|117.76|377
2021.06.11 18:00:00|117.77|118.08|117.54|118.02|213
2021.06.14 10:00:00|118.57|119.82|118.48|119.36|327
2021.06.14 11:00:00|119.36|119.7|119.26|119.5|214
2021.06.14 12:00:00|119.56|119.68|119.14|119.41|172
2021.06.14 13:00:00|119.4|119.46|119.05|119.22|174
2021.06.14 14:00:00|119.22|119.26|119.06|119.13|168
2021.06.14 15:00:00|119.16|119.44|119.12|119.35|181
2021.06.14 16:00:00|119.33|119.72|119.1|119.64|288
2021.06.14 17:00:00|119.66|119.86|119.43|119.8|321
2021.06.14 18:00:00|119.82|119.97|119.65|119.8|212
2021.06.15 10:00:00|120.7|120.94|120.14|120.52|431
2021.06.15 11:00:00|120.5|120.6|120.36|120.45|268
2021.06.15 12:00:00|120.46|120.58|120.2|120.22|246
2021.06.15 13:00:00|120.23|120.28|119.89|120.26|203
2021.06.15 14:00:00|120.23|120.57|120.16|120.53|233
2021.06.15 15:00:00|120.54|120.56|120.35|120.36|169
2021.06.15 16:00:00|120.39|120.54|120.18|120.38|355
2021.06.15 17:00:00|120.4|120.4|119.91|120.37|383
2021.06.15 18:00:00|120.38|120.47|120|120.02|317
2021.06.16 10:00:00|118.55|119.42|118.52|118.9|376
2021.06.16 11:00:00|118.88|119.1|118.84|118.96|236
2021.06.16 12:00:00|118.95|119.38|118.93|119.18|198
2021.06.16 13:00:00|119.15|119.62|119.12|119.4|202
2021.06.16 14:00:00|119.15|119.44|119.1|119.1|144
2021.06.16 15:00:00|119.12|119.32|119.03|119.18|153
2021.06.16 16:00:00|119.14|119.7|119.12|119.3|300
2021.06.16 17:00:00|119.28|119.35|118.84|119|390
2021.06.16 18:00:00|118.98|119.01|118.68|118.78|326
2021.06.17 10:00:00|117.49|118.22|117|117.01|384
2021.06.17 11:00:00|117.02|117.46|116.72|117.32|268
2021.06.17 12:00:00|117.35|117.58|117.14|117.38|185
2021.06.17 13:00:00|117.4|117.52|117.23|117.3|156
2021.06.17 14:00:00|117.31|117.7|117.1|117.2|158
2021.06.17 15:00:00|117.24|117.5|117.07|117.5|177
2021.06.17 16:00:00|117.52|118.14|117.42|118.12|264
2021.06.17 17:00:00|118.14|119.08|118.09|118.78|371
2021.06.17 18:00:00|118.82|119.14|118.81|119.06|212
2021.06.18 10:00:00|119.8|119.98|118.76|119.04|252
2021.06.18 11:00:00|119.02|119.24|118.74|118.98|277
2021.06.18 12:00:00|119|119.21|118.8|119.18|377
2021.06.18 13:00:00|119.16|119.4|118.69|119.12|245
2021.06.18 14:00:00|119.08|119.22|118.71|119|195
2021.06.18 15:00:00|118.97|118.98|118.42|118.68|344
2021.06.18 16:00:00|118.7|118.7|118.12|118.38|375
2021.06.18 17:00:00|118.36|118.42|117.9|118.4|481
2021.06.18 18:00:00|118.38|118.44|117.7|117.76|241
2021.06.21 10:00:00|117.53|118.7|117.36|118.58|473
2021.06.21 11:00:00|118.6|118.98|118.32|118.9|333
2021.06.21 12:00:00|118.86|119.24|118.84|119.18|251
2021.06.21 13:00:00|119.2|119.36|118.94|118.94|178
2021.06.21 14:00:00|118.92|119.12|118.28|118.62|197
2021.06.21 15:00:00|118.64|118.68|118.1|118.28|155
2021.06.21 16:00:00|118.3|118.48|117.2|117.62|484
2021.06.21 17:00:00|117.6|117.88|117.26|117.76|296
2021.06.21 18:00:00|117.8|118.09|117.74|117.74|144
2021.06.22 10:00:00|117.77|117.8|116.74|117.36|394
2021.06.22 11:00:00|117.34|117.46|116.86|117.23|244
2021.06.22 12:00:00|117.26|117.46|117.18|117.34|288
2021.06.22 13:00:00|117.35|118.02|117.24|118|182
2021.06.22 14:00:00|118.03|118.14|117.88|118.12|131
2021.06.22 15:00:00|118.13|118.2|117.23|117.4|244
2021.06.22 16:00:00|117.39|117.81|117.32|117.52|334
2021.06.22 17:00:00|117.51|117.92|117.4|117.86|328
2021.06.22 18:00:00|117.84|118.06|117.66|118|169
2021.06.23 10:00:00|118.52|118.53|117.76|117.92|248
2021.06.23 11:00:00|117.95|118.04|117.7|117.84|197
2021.06.23 12:00:00|117.82|118.1|117.54|117.9|228
2021.06.23 13:00:00|117.88|118.27|117.76|117.8|170
2021.06.23 14:00:00|117.77|117.79|117.2|117.56|205
2021.06.23 15:00:00|117.57|117.94|117.57|117.74|188
2021.06.23 16:00:00|117.73|117.91|117.52|117.76|294
2021.06.23 17:00:00|117.78|117.82|117.2|117.2|399
2021.06.23 18:00:00|117.24|117.24|116.58|116.84|314
2021.06.24 10:00:00|116.77|117.45|116.7|117.12|264
2021.06.24 11:00:00|117.1|117.58|117.06|117.56|235
2021.06.24 12:00:00|117.6|117.9|117.4|117.54|220
2021.06.24 13:00:00|117.52|117.96|117.4|117.82|178
2021.06.24 14:00:00|117.8|118.04|117.68|118.04|196
2021.06.24 15:00:00|118.05|118.2|117.96|118.19|165
2021.06.24 16:00:00|118.18|119.06|118.1|118.66|373
2021.06.24 17:00:00|118.68|118.78|118.24|118.38|316
2021.06.24 18:00:00|118.4|118.41|118.1|118.3|202
2021.06.25 10:00:00|118.45|118.66|118.1|118.38|317
2021.06.25 11:00:00|118.4|118.4|117.78|117.82|253
2021.06.25 12:00:00|117.78|118.02|117.62|117.9|194
2021.06.25 13:00:00|117.91|117.91|117.46|117.74|191
2021.06.25 14:00:00|117.78|117.8|117.48|117.56|177
2021.06.25 15:00:00|117.55|117.8|117.4|117.78|198
2021.06.25 16:00:00|117.76|117.96|117.38|117.42|223
2021.06.25 17:00:00|117.43|117.7|117.17|117.54|255
2021.06.25 18:00:00|117.55|117.55|117.34|117.44|159
2021.06.28 10:00:00|117.26|117.72|117.1|117.4|305
2021.06.28 11:00:00|117.38|117.71|117.36|117.64|237
2021.06.28 12:00:00|117.62|118.37|117.62|118.1|220
2021.06.28 13:00:00|118.08|118.08|117.52|117.94|192
2021.06.28 14:00:00|117.95|118.44|117.89|118.3|162
2021.06.28 15:00:00|118.27|118.36|118.1|118.28|145
2021.06.28 16:00:00|118.29|118.9|118.29|118.38|366
2021.06.28 17:00:00|118.4|118.52|117.92|118.04|267
2021.06.28 18:00:00|118.03|118.16|117.95|118.04|161
2021.06.29 10:00:00|118.25|119.28|118.25|119.2|372
2021.06.29 11:00:00|119.22|119.28|118.73|119.26|269
2021.06.29 12:00:00|119.3|119.72|119.28|119.7|252
2021.06.29 13:00:00|119.71|120.35|119.64|120.28|301
2021.06.29 14:00:00|120.29|120.3|119.78|119.94|177
2021.06.29 15:00:00|119.93|120.36|119.86|120.18|199
2021.06.29 16:00:00|120.14|120.2|119.72|120.08|305
2021.06.29 17:00:00|120.1|120.12|119.74|119.82|301
2021.06.29 18:00:00|119.83|119.84|119.38|119.56|163
2021.06.30 10:00:00|120.25|120.9|120.15|120.88|420
2021.06.30 11:00:00|120.9|120.98|119.18|119.24|412
2021.06.30 12:00:00|119.2|119.36|118.78|119.02|413
2021.06.30 13:00:00|119.04|119.57|119.01|119.2|240
2021.06.30 14:00:00|119.23|119.74|119.18|119.64|219
2021.06.30 15:00:00|119.62|119.66|119.23|119.4|182
2021.06.30 16:00:00|119.41|119.52|118.94|119.12|321
2021.06.30 17:00:00|119.14|119.36|118.66|118.76|348
2021.06.30 18:00:00|118.75|118.8|118.5|118.64|276
2021.07.01 10:00:00|119.43|119.66|118.76|119.06|416
2021.07.01 11:00:00|119.04|119.58|118.88|118.96|279
2021.07.01 12:00:00|118.95|119.08|118.14|118.36|312
2021.07.01 13:00:00|118.38|118.38|117.36|117.5|348
2021.07.01 14:00:00|117.41|118.14|117.27|118.08|332
2021.07.01 15:00:00|118.1|118.28|117.72|117.84|254
2021.07.01 16:00:00|117.85|118.42|117.76|118.25|271
2021.07.01 17:00:00|118.26|118.68|118.22|118.6|318
2021.07.01 18:00:00|118.62|118.62|117.82|118.12|223
2021.07.02 10:00:00|118.35|119.12|117.84|118.78|319
2021.07.02 11:00:00|118.75|118.78|118.22|118.48|163
2021.07.02 12:00:00|118.41|118.81|118.41|118.72|168
2021.07.02 13:00:00|118.73|118.9|118.57|118.74|177
2021.07.02 14:00:00|118.67|118.8|118.59|118.8|110
2021.07.02 15:00:00|118.76|119.04|118.65|118.82|163
2021.07.02 16:00:00|118.83|119.04|118.76|118.89|249
2021.07.02 17:00:00|118.88|118.95|118.68|118.84|198
2021.07.02 18:00:00|118.85|119.02|118.76|119.02|116
2021.07.05 10:00:00|118.95|119|117.9|117.94|341
2021.07.05 11:00:00|117.9|118.44|117.78|118.15|240
2021.07.05 12:00:00|118.16|118.45|118|118.32|264
2021.07.05 13:00:00|118.34|118.54|118.28|118.38|226
2021.07.05 14:00:00|118.39|118.62|118.38|118.46|170
2021.07.05 15:00:00|118.47|118.58|118.33|118.5|138
2021.07.05 16:00:00|118.51|118.61|118.22|118.42|163
2021.07.05 17:00:00|118.4|118.67|118.38|118.66|127
2021.07.05 18:00:00|118.67|118.74|118.54|118.58|113
2021.07.06 10:00:00|118.51|118.82|118.02|118.65|383
2021.07.06 11:00:00|118.66|118.96|118.46|118.8|283
2021.07.06 12:00:00|118.78|119.38|118.76|119.3|337
2021.07.06 13:00:00|119.29|119.54|119.27|119.54|208
2021.07.06 14:00:00|119.46|119.84|119.39|119.64|169
2021.07.06 15:00:00|119.66|120.17|119.65|120.14|201
2021.07.06 16:00:00|120.16|120.76|120.12|120.52|421
2021.07.06 17:00:00|120.54|120.78|119.88|119.9|575
2021.07.06 18:00:00|119.89|120.22|119.72|119.92|355
2021.07.07 10:00:00|122.17|124.4|121.78|123.98|833
2021.07.07 11:00:00|124|124.6|123.64|124|538
2021.07.07 12:00:00|124.04|124.84|123.88|124.72|493
2021.07.07 13:00:00|124.74|125.92|124.65|125.02|714
2021.07.07 14:00:00|125.22|125.39|124.92|125.06|274
2021.07.07 15:00:00|125.1|125.14|124.83|125|281
2021.07.07 16:00:00|125.01|125.1|124.32|124.42|521
2021.07.07 17:00:00|124.41|124.56|123.52|124.02|482
2021.07.07 18:00:00|124|124.36|123.78|124.22|324
2021.07.08 10:00:00|123.55|123.72|122.46|122.56|560
2021.07.08 11:00:00|122.5|122.74|122|122.4|451
2021.07.08 12:00:00|122.42|122.88|122.04|122.59|356
2021.07.08 13:00:00|122.58|122.6|121.66|122.16|398
2021.07.08 14:00:00|122.17|122.2|121.14|121.28|285
2021.07.08 15:00:00|121.22|121.82|120.97|121.55|383
2021.07.08 16:00:00|121.56|122.82|121.42|122.78|844
2021.07.08 17:00:00|122.74|122.9|121.72|121.9|814
2021.07.08 18:00:00|121.88|123.16|121.84|122.96|484
2021.07.09 10:00:00|123.67|124.06|122.98|123.05|570
2021.07.09 11:00:00|123.06|123.22|122.82|123.15|467
2021.07.09 12:00:00|123.18|123.36|122.46|122.46|588
2021.07.09 13:00:00|122.48|122.72|122.24|122.5|285
2021.07.09 14:00:00|122.55|122.8|122.42|122.72|215
2021.07.09 15:00:00|122.74|123.25|122.68|123.01|278
2021.07.09 16:00:00|122.99|123.76|122.92|123.64|550
2021.07.09 17:00:00|123.66|124.06|123.4|124.04|462
2021.07.09 18:00:00|124.06|124.29|124.04|124.26|248
2021.07.12 10:00:00|124.13|125|124.13|124.5|376
2021.07.12 11:00:00|124.48|124.58|123.54|124.04|372
2021.07.12 12:00:00|124|124.63|123.98|124.46|273
2021.07.12 13:00:00|124.48|125.19|124.18|124.98|387
2021.07.12 14:00:00|125.02|125.06|124.66|124.95|215
2021.07.12 15:00:00|124.94|125.08|124.76|124.82|202
2021.07.12 16:00:00|124.84|125.15|124.74|124.94|434
2021.07.12 17:00:00|124.93|125.42|124.44|125.34|541
2021.07.12 18:00:00|125.36|125.84|125.36|125.66|300
2021.07.13 10:00:00|125.21|125.84|125.04|125.65|485
2021.07.13 11:00:00|125.66|125.88|125.48|125.88|317
2021.07.13 12:00:00|125.85|126.26|125.78|126.02|222
2021.07.13 13:00:00|126.04|126.1|125.66|125.88|209
2021.07.13 14:00:00|125.92|126.06|125.79|125.98|180
2021.07.13 15:00:00|125.96|126.08|125.41|125.48|377
2021.07.13 16:00:00|125.49|126.2|125.49|126.1|369
2021.07.13 17:00:00|126.12|126.74|126.12|126.66|456
2021.07.13 18:00:00|126.67|127.02|126.65|126.94|289
2021.07.14 10:00:00|126.75|127.24|125.94|126.07|596
2021.07.14 11:00:00|126.06|126.52|125.88|126.42|393
2021.07.14 12:00:00|126.4|126.55|126.23|126.38|312
2021.07.14 13:00:00|126.36|126.46|126.12|126.32|196
2021.07.14 14:00:00|126.34|126.92|126.3|126.86|173
2021.07.14 15:00:00|126.88|127.06|126.6|127|194
2021.07.14 16:00:00|127.04|127.07|126.1|126.43|513
2021.07.14 17:00:00|126.46|126.87|126.46|126.84|443
2021.07.14 18:00:00|126.85|126.88|126.54|126.56|209
2021.07.15 10:00:00|125.79|126.34|125.48|126.02|431
2021.07.15 11:00:00|126.04|126.44|125.9|126.06|344
2021.07.15 12:00:00|126.04|126.4|125.94|126.38|364
2021.07.15 13:00:00|126.37|126.37|125.46|125.46|321
2021.07.15 14:00:00|125.47|125.65|125.16|125.52|318
2021.07.15 15:00:00|125.54|125.9|125.24|125.5|333
2021.07.15 16:00:00|125.49|125.7|125.08|125.58|616
2021.07.15 17:00:00|125.62|125.7|124.84|124.96|672
2021.07.15 18:00:00|124.94|125.27|124.71|125.12|349
2021.07.16 10:00:00|125.39|126.06|124.9|125.78|415
2021.07.16 11:00:00|125.88|126.1|125.56|125.88|266
2021.07.16 12:00:00|125.9|126.28|125.64|125.82|316
2021.07.16 13:00:00|125.8|125.84|125.2|125.64|278
2021.07.16 14:00:00|125.68|125.68|125.26|125.4|223
2021.07.16 15:00:00|125.41|125.86|125.41|125.56|213
2021.07.16 16:00:00|125.55|125.82|125.01|125.34|325
2021.07.16 17:00:00|125.36|125.44|124.7|125.16|551
2021.07.16 18:00:00|125.14|125.3|124.86|125.06|255
2021.07.19 10:00:00|124.67|125.02|123.99|124.18|463
2021.07.19 11:00:00|124.2|124.68|123.4|123.54|346
2021.07.19 12:00:00|123.5|123.74|123.1|123.28|351
2021.07.19 13:00:00|123.3|123.38|122.88|123.1|225
2021.07.19 14:00:00|123.12|123.16|122.3|122.58|329
2021.07.19 15:00:00|122.57|122.64|121.82|122.4|367
2021.07.19 16:00:00|122.42|122.84|122.02|122.28|647
2021.07.19 17:00:00|122.26|122.6|121.9|122.6|827
2021.07.19 18:00:00|122.58|122.86|122.42|122.54|400
2021.07.20 10:00:00|122.61|123.18|121.98|121.98|605
2021.07.20 11:00:00|122|122.42|121.9|122|265
2021.07.20 12:00:00|121.98|122.02|121.22|121.48|268
2021.07.20 13:00:00|121.44|121.7|121.04|121.24|297
2021.07.20 14:00:00|121.39|121.46|120.52|120.86|324
2021.07.20 15:00:00|120.89|121.1|120.68|120.92|297
2021.07.20 16:00:00|120.94|121.96|120.82|121.64|558
2021.07.20 17:00:00|121.66|121.84|121.08|121.54|488
2021.07.20 18:00:00|121.58|121.59|121.18|121.2|316
2021.07.21 10:00:00|117.46|119.38|114.58|118.78|1949
2021.07.21 11:00:00|118.74|119.22|118.5|118.64|658
2021.07.21 12:00:00|118.62|119.08|118.07|118.69|564
2021.07.21 13:00:00|118.68|119.6|118.43|118.48|462
2021.07.21 14:00:00|118.44|119.08|116.01|116.28|831
2021.07.21 15:00:00|116.34|117.09|116.02|116.53|858
2021.07.21 16:00:00|116.5|116.92|115.42|116.82|1474
2021.07.21 17:00:00|116.84|117.64|116.52|117.5|1141
2021.07.21 18:00:00|117.51|118.08|117.25|117.96|462
2021.07.22 10:00:00|118.56|119.1|117.78|118.04|743
2021.07.22 11:00:00|118.01|118.02|117.22|117.52|546
2021.07.22 12:00:00|117.5|117.56|116.52|116.7|486
2021.07.22 13:00:00|116.72|117.21|116.48|117.08|350
2021.07.22 14:00:00|117.11|117.72|117.11|117.68|369
2021.07.22 15:00:00|117.69|117.88|117.04|117.26|412
2021.07.22 16:00:00|117.24|117.84|116.58|117.64|593
2021.07.22 17:00:00|117.62|118.66|117.58|118.45|546
2021.07.22 18:00:00|118.47|118.7|118.4|118.66|284
2021.07.23 10:00:00|119.37|119.4|118.26|118.66|611
2021.07.23 11:00:00|118.64|118.68|118.26|118.68|296
2021.07.23 12:00:00|118.66|119.11|118.58|118.86|275
2021.07.23 13:00:00|118.88|119.06|118.72|119.02|191
2021.07.23 14:00:00|119.03|119.3|118.76|119.15|272
2021.07.23 15:00:00|119.14|119.16|118.92|118.94|183
2021.07.23 16:00:00|118.89|119.08|118.22|118.33|483
2021.07.23 17:00:00|118.32|118.44|117.74|117.92|481
2021.07.23 18:00:00|117.94|118.04|117.34|117.44|391
2021.07.26 10:00:00|117.01|118.44|117|117.92|507
2021.07.26 11:00:00|117.94|118.46|117.9|118.26|210
2021.07.26 12:00:00|118.22|118.28|117.59|117.6|197
2021.07.26 13:00:00|117.62|118.02|117.49|117.78|141
2021.07.26 14:00:00|117.83|118.04|117.7|118|139
2021.07.26 15:00:00|117.98|117.98|117.63|117.84|193
2021.07.26 16:00:00|117.82|117.99|117.58|117.76|396
2021.07.26 17:00:00|117.78|117.8|116.98|117.12|467
2021.07.26 18:00:00|117.1|117.3|117.02|117.28|187
2021.07.27 10:00:00|117.09|118.6|117.04|117.9|557
2021.07.27 11:00:00|117.92|118.7|117.72|118.26|405
2021.07.27 12:00:00|118.23|118.86|117.98|118.83|359
2021.07.27 13:00:00|118.84|118.96|118.65|118.96|258
2021.07.27 14:00:00|118.99|119.23|118.82|119.03|241
2021.07.27 15:00:00|119.04|119.58|118.87|119.4|290
2021.07.27 16:00:00|119.46|119.96|119.34|119.94|589
2021.07.27 17:00:00|119.88|119.94|118.82|118.98|589
2021.07.27 18:00:00|118.96|119.14|118.72|118.74|378
2021.07.28 10:00:00|119.25|120|119.2|119.72|415
2021.07.28 11:00:00|119.7|119.73|119.32|119.55|293
2021.07.28 12:00:00|119.59|119.66|119.2|119.6|235
2021.07.28 13:00:00|119.58|119.72|119.22|119.36|203
2021.07.28 14:00:00|119.33|119.91|119.31|119.89|282
2021.07.28 15:00:00|119.87|120.22|119.79|120.2|282
2021.07.28 16:00:00|120.17|120.5|119.6|120.46|418
2021.07.28 17:00:00|120.48|121|120.46|120.7|524
2021.07.28 18:00:00|120.71|121.06|120.68|120.82|266
2021.07.29 10:00:00|121.05|121.18|120.34|120.86|492
2021.07.29 11:00:00|120.84|121.04|120.43|120.5|234
2021.07.29 12:00:00|120.47|120.71|120.32|120.43|196
2021.07.29 13:00:00|120.44|120.71|120.37|120.66|186
2021.07.29 14:00:00|120.59|120.74|120.38|120.74|161
2021.07.29 15:00:00|120.73|121.22|120.73|120.9|354
2021.07.29 16:00:00|120.89|121.47|120.7|121.41|535
2021.07.29 17:00:00|121.42|121.46|121.06|121.26|330
2021.07.29 18:00:00|121.26|121.32|120.9|121.04|164
2021.07.30 10:00:00|120.01|120.02|119.18|119.88|345
2021.07.30 11:00:00|119.84|120.28|119.64|120.04|180
2021.07.30 12:00:00|120.09|120.5|120.06|120.11|203
2021.07.30 13:00:00|120.15|120.5|120.12|120.28|152
2021.07.30 14:00:00|120.19|120.46|120|120.26|186
2021.07.30 15:00:00|120.23|120.52|120.1|120.46|162
2021.07.30 16:00:00|120.44|121.08|120.36|121.08|375
2021.07.30 17:00:00|121.1|121.34|120.8|121.12|396
2021.07.30 18:00:00|121.08|121.12|120.8|120.88|244
2021.08.02 10:00:00|121.65|122.78|120.38|120.54|447
2021.08.02 11:00:00|120.56|120.67|120.04|120.23|242
2021.08.02 12:00:00|120.26|120.26|119.8|120.04|179
2021.08.02 13:00:00|120.06|120.28|119.59|119.59|245
2021.08.02 14:00:00|119.58|120.02|119.38|120|198
2021.08.02 15:00:00|120.02|120.14|119.66|119.88|184
2021.08.02 16:00:00|119.89|120.44|119.89|120.28|364
2021.08.02 17:00:00|120.26|121.1|120.24|121.1|339
2021.08.02 18:00:00|121.12|121.56|121.06|121.36|214
2021.08.03 10:00:00|120.85|121.72|120.56|121.31|468
2021.08.03 11:00:00|121.3|122.25|121.2|122.24|236
2021.08.03 12:00:00|122.26|122.76|122.2|122.76|288
2021.08.03 13:00:00|122.79|122.81|122.22|122.38|240
2021.08.03 14:00:00|122.34|122.37|122.02|122.22|174
2021.08.03 15:00:00|122.25|122.33|121.56|121.74|201
2021.08.03 16:00:00|121.8|122.18|121.4|121.64|393
2021.08.03 17:00:00|121.68|122.05|121.16|121.95|528
2021.08.03 18:00:00|121.92|121.97|121.64|121.73|248
2021.08.04 10:00:00|122.65|123.44|122.48|122.62|432
2021.08.04 11:00:00|122.64|123.34|122.35|123.32|216
2021.08.04 12:00:00|123.3|123.36|123.01|123.08|261
2021.08.04 13:00:00|123.06|123.4|123|123.07|170
2021.08.04 14:00:00|123.08|123.25|122.7|122.76|205
2021.08.04 15:00:00|122.77|122.79|121.92|122.14|278
2021.08.04 16:00:00|122.12|123.15|122.04|123.12|392
2021.08.04 17:00:00|123.14|123.26|122.78|123.06|539
2021.08.04 18:00:00|123.07|123.28|122.92|122.92|237
2021.08.05 10:00:00|124.09|124.84|124.02|124.6|426
2021.08.05 11:00:00|124.58|125.09|124.38|124.39|302
2021.08.05 12:00:00|124.4|124.54|124.08|124.26|219
2021.08.05 13:00:00|124.24|124.42|123.96|124.42|204
2021.08.05 14:00:00|124.44|124.73|124.3|124.58|242
2021.08.05 15:00:00|124.56|125.13|124.52|124.98|248
2021.08.05 16:00:00|125|125.8|124.9|125.7|412
2021.08.05 17:00:00|125.71|125.71|125.2|125.62|489
2021.08.05 18:00:00|125.64|125.78|125.58|125.64|183
2021.08.06 10:00:00|125.49|125.78|124.56|125.12|257
2021.08.06 11:00:00|125.07|125.18|124.92|125.16|203
2021.08.06 12:00:00|125.14|125.18|124.5|124.96|264
2021.08.06 13:00:00|124.92|124.94|124.72|124.9|143
2021.08.06 14:00:00|124.86|124.92|124.68|124.7|125
2021.08.06 15:00:00|124.71|124.96|124.2|124.6|225
2021.08.06 16:00:00|124.58|125.06|124.39|124.79|422
2021.08.06 17:00:00|124.76|125.06|124.69|124.7|393
2021.08.06 18:00:00|124.72|124.85|124.66|124.8|182
2021.08.09 10:00:00|124.21|124.74|123.94|124.22|222
2021.08.09 11:00:00|124.2|124.22|123.8|123.91|196
2021.08.09 12:00:00|123.92|123.92|123.54|123.8|181
2021.08.09 13:00:00|123.77|124.07|123.62|123.91|168
2021.08.09 14:00:00|123.88|124.5|123.84|124.48|169
2021.08.09 15:00:00|124.5|124.66|124.35|124.44|163
2021.08.09 16:00:00|124.4|124.58|124.04|124.36|338
2021.08.09 17:00:00|124.38|124.66|124.04|124.34|346
2021.08.09 18:00:00|124.33|124.45|124.18|124.44|190
2021.08.10 10:00:00|124.73|125.02|124.44|124.98|314
2021.08.10 11:00:00|125|125.18|124.76|124.81|210
2021.08.10 12:00:00|124.8|125.16|124.54|125.1|195
2021.08.10 13:00:00|125.1|125.35|125.06|125.32|138
2021.08.10 14:00:00|126.25|126.26|125.15|125.28|187
2021.08.10 15:00:00|125.25|125.32|125.1|125.32|111
2021.08.10 16:00:00|125.33|125.76|125.21|125.48|248
2021.08.10 17:00:00|125.47|125.51|124.36|124.42|331
2021.08.10 18:00:00|124.38|124.42|124.14|124.2|200
2021.08.11 10:00:00|124.27|124.34|123.74|124.05|406
2021.08.11 11:00:00|124.04|124.32|123.8|123.84|210
2021.08.11 12:00:00|123.87|124.32|123.69|123.98|152
2021.08.11 13:00:00|123.93|124.1|123.84|124|126
2021.08.11 14:00:00|123.98|124.08|123.7|123.7|103
2021.08.11 15:00:00|123.71|124.3|123.48|123.96|190
2021.08.11 16:00:00|123.94|124.95|123.94|124.55|541
2021.08.11 17:00:00|124.56|124.82|123.74|123.74|332
2021.08.11 18:00:00|123.75|123.84|123.46|123.62|209
2021.08.12 10:00:00|123.17|123.62|122.78|122.84|329
2021.08.12 11:00:00|122.88|123.2|122.86|123.08|186
2021.08.12 12:00:00|123.05|123.46|122.93|123.4|177
2021.08.12 13:00:00|123.44|123.92|123.44|123.86|161
2021.08.12 14:00:00|123.9|124.06|123.86|123.96|157
2021.08.12 15:00:00|123.97|124.3|123.69|124.3|225
2021.08.12 16:00:00|124.28|124.94|124.2|124.78|414
2021.08.12 17:00:00|124.74|125.78|124.48|125.78|386
2021.08.12 18:00:00|125.75|125.81|125.46|125.46|202
2021.08.13 10:00:00|125.3|125.8|125|125.56|360
2021.08.13 11:00:00|125.55|126.1|125.5|125.88|262
2021.08.13 12:00:00|125.9|126.12|125.7|126.06|286
2021.08.13 13:00:00|126.02|126.06|125.84|125.94|205
2021.08.13 14:00:00|125.85|125.96|125.58|125.61|159
2021.08.13 15:00:00|125.61|125.74|125.41|125.64|163
2021.08.13 16:00:00|125.65|125.68|125.18|125.24|288
2021.08.13 17:00:00|125.26|125.6|125.17|125.27|276
2021.08.13 18:00:00|125.28|125.36|125.12|125.32|141
2021.08.16 10:00:00|124.39|125.46|124.21|125.04|319
2021.08.16 11:00:00|125.05|125.2|124.88|124.98|201
2021.08.16 12:00:00|124.96|125.24|124.84|125.13|152
2021.08.16 13:00:00|125.11|125.18|124.6|124.9|158
2021.08.16 14:00:00|124.92|125.22|124.83|124.95|139
2021.08.16 15:00:00|124.94|125.1|124.69|124.88|168
2021.08.16 16:00:00|124.9|125.56|124.84|125.44|342
2021.08.16 17:00:00|125.47|125.5|124.71|124.96|386
2021.08.16 18:00:00|124.98|125.3|124.95|125.27|145
2021.08.17 10:00:00|125.37|125.6|124.64|125.57|285
2021.08.17 11:00:00|125.6|126.06|125.6|125.9|193
2021.08.17 12:00:00|125.91|126.34|125.88|126.2|183
2021.08.17 13:00:00|126.16|126.26|125.89|126.2|125
2021.08.17 14:00:00|126.17|126.52|126.17|126.38|133
2021.08.17 15:00:00|126.37|126.44|125.92|125.92|205
2021.08.17 16:00:00|125.89|126.16|125.72|125.96|370
2021.08.17 17:00:00|125.94|126.81|125.8|126.69|340
2021.08.17 18:00:00|126.68|127.04|126.64|126.92|269
2021.08.18 10:00:00|126.97|127.18|126.56|126.7|318
2021.08.18 11:00:00|126.72|127.2|126.62|126.88|196
2021.08.18 12:00:00|126.91|127.22|126.86|127.14|168
2021.08.18 13:00:00|127.12|127.22|126.99|127.1|165
2021.08.18 14:00:00|127.12|127.19|126.98|127|149
2021.08.18 15:00:00|127.02|127.14|126.9|126.98|186
2021.08.18 16:00:00|126.96|127.06|126.7|127.02|303
2021.08.18 17:00:00|127.01|127.12|126.78|126.96|258
2021.08.18 18:00:00|126.95|126.97|126.68|126.78|182
2021.08.19 10:00:00|125.07|125.7|124.92|125.56|500
2021.08.19 11:00:00|125.54|125.56|124.38|124.53|277
2021.08.19 12:00:00|124.52|124.72|124.04|124.6|322
2021.08.19 13:00:00|124.64|125.1|124.58|124.58|239
2021.08.19 14:00:00|124.53|124.84|124.24|124.42|189
2021.08.19 15:00:00|124.44|124.6|124.02|124.02|194
2021.08.19 16:00:00|124.04|124.97|123.94|124.84|574
2021.08.19 17:00:00|124.88|125.68|124.88|125.64|560
2021.08.19 18:00:00|125.66|125.76|125.4|125.56|277
2021.08.20 10:00:00|126.03|126.34|124.68|124.95|455
2021.08.20 11:00:00|124.96|125.64|124.84|125.5|276
2021.08.20 12:00:00|125.56|125.74|125.18|125.48|287
2021.08.20 13:00:00|125.46|125.56|125.2|125.42|183
2021.08.20 14:00:00|125.39|125.84|125.3|125.84|166
2021.08.20 15:00:00|125.82|125.96|125.66|125.94|161
2021.08.20 16:00:00|125.96|126.32|125.88|126.2|340
2021.08.20 17:00:00|126.16|126.62|126.16|126.36|286
2021.08.20 18:00:00|126.38|126.4|126|126|147
2021.08.23 10:00:00|126.23|126.3|125.64|125.84|301
2021.08.23 11:00:00|125.85|126.09|125.4|126|212
2021.08.23 12:00:00|126.04|126.1|125.72|126|189
2021.08.23 13:00:00|125.96|126.02|125.65|125.8|146
2021.08.23 14:00:00|125.81|126.1|125.78|126.02|143
2021.08.23 15:00:00|126.04|126.1|125.48|125.62|182
2021.08.23 16:00:00|125.6|125.7|125.26|125.5|305
2021.08.23 17:00:00|125.48|126.36|125.4|126.19|224
2021.08.23 18:00:00|126.18|126.58|126.18|126.58|138
2021.08.24 10:00:00|126.75|127.12|126.62|126.76|231
2021.08.24 11:00:00|126.74|126.94|126.5|126.78|175
2021.08.24 12:00:00|126.8|126.84|126.25|126.28|153
2021.08.24 13:00:00|126.26|126.38|126|126.06|159
2021.08.24 14:00:00|126.04|126.11|125.83|125.92|150
2021.08.24 15:00:00|125.9|125.97|125.17|125.39|208
2021.08.24 16:00:00|125.4|126.02|125.4|125.89|330
2021.08.24 17:00:00|125.88|126.37|125.84|126.08|210
2021.08.24 18:00:00|126.05|126.22|126.04|126.04|122
2021.08.25 10:00:00|126.18|126.6|126.08|126.58|200
2021.08.25 11:00:00|126.59|126.6|125.98|126.06|148
2021.08.25 12:00:00|126.04|126.08|125.72|125.74|199
2021.08.25 13:00:00|125.72|125.86|125.55|125.68|147
2021.08.25 14:00:00|125.72|125.74|125.37|125.44|128
2021.08.25 15:00:00|125.43|125.52|125.23|125.48|137
2021.08.25 16:00:00|125.45|125.5|125.2|125.26|266
2021.08.25 17:00:00|125.28|125.5|124.92|124.96|257
2021.08.25 18:00:00|125|125.14|125|125.06|112
2021.08.26 10:00:00|124.35|124.6|123.5|124.6|365
2021.08.26 11:00:00|124.66|124.96|124.28|124.3|202
2021.08.26 12:00:00|124.24|124.56|123.92|124.42|266
2021.08.26 13:00:00|124.46|124.6|124.34|124.58|150
2021.08.26 14:00:00|124.6|125|124.46|124.8|142
2021.08.26 15:00:00|124.77|124.94|124.72|124.78|183
2021.08.26 16:00:00|124.8|125.4|124.76|125.22|254
2021.08.26 17:00:00|125.23|125.4|124.66|125.16|310
2021.08.26 18:00:00|125.14|125.46|124.95|125.34|202
2021.08.27 10:00:00|124.75|125.16|124.48|124.91|364
2021.08.27 11:00:00|124.92|125.28|124.9|125.17|227
2021.08.27 12:00:00|125.16|125.4|125.05|125.1|248
2021.08.27 13:00:00|125.12|125.34|125.06|125.06|155
2021.08.27 14:00:00|125.08|125.3|124.91|125.22|147
2021.08.27 15:00:00|125.25|125.39|125.1|125.34|183
2021.08.27 16:00:00|125.33|125.76|125.33|125.66|279
2021.08.27 17:00:00|125.68|126.22|125.4|125.73|326
2021.08.27 18:00:00|125.76|125.88|125.66|125.7|131
2021.08.30 10:00:00|125.57|125.96|125.57|125.78|169
2021.08.30 11:00:00|125.88|126.24|125.76|126.2|112
2021.08.30 12:00:00|126.22|126.49|126.11|126.34|156
2021.08.30 13:00:00|126.39|126.52|126.24|126.32|98
2021.08.30 14:00:00|126.35|126.42|126.2|126.21|85
2021.08.30 15:00:00|126.21|126.22|125.79|125.97|111
2021.08.30 16:00:00|125.96|126.12|125.8|125.93|225
2021.08.30 17:00:00|125.94|126.47|125.82|126.38|214
2021.08.30 18:00:00|126.39|126.58|126.39|126.5|117
2021.08.31 10:00:00|126.9|127.76|126.86|127.68|391
2021.08.31 11:00:00|127.73|128.02|127.53|127.74|230
2021.08.31 12:00:00|127.76|128.24|127.72|128.16|258
2021.08.31 13:00:00|128.19|128.34|127.14|127.32|239
2021.08.31 14:00:00|127.3|127.5|126.79|126.96|183
2021.08.31 15:00:00|126.94|127.18|126.76|126.92|212
2021.08.31 16:00:00|126.9|127.16|126.58|126.58|358
2021.08.31 17:00:00|126.6|126.96|126.3|126.42|421
2021.08.31 18:00:00|126.44|127.06|126.34|126.96|244
2021.09.01 10:00:00|127.91|129.04|127.72|128.8|535
2021.09.01 11:00:00|128.83|129.06|128.35|128.35|304
2021.09.01 12:00:00|128.36|128.48|128.08|128.14|281
2021.09.01 13:00:00|128.13|128.31|127.9|128.27|218
2021.09.01 14:00:00|128.17|128.2|127.64|128.08|140
2021.09.01 15:00:00|128.09|128.29|127.5|127.5|266
2021.09.01 16:00:00|127.52|127.59|127.06|127.5|479
2021.09.01 17:00:00|127.48|127.78|127.12|127.34|370
2021.09.01 18:00:00|127.32|127.43|127.1|127.29|223
2021.09.02 10:00:00|126.75|126.96|125.02|125.86|483
2021.09.02 11:00:00|125.87|126.64|125.66|126.28|235
2021.09.02 12:00:00|126.32|126.62|126.04|126.19|200
2021.09.02 13:00:00|126.18|126.29|125.98|126.09|205
2021.09.02 14:00:00|126.09|126.14|125.92|125.98|160
2021.09.02 15:00:00|125.94|126.36|125.77|126.2|187
2021.09.02 16:00:00|126.21|126.25|125.8|125.87|355
2021.09.02 17:00:00|125.86|125.95|125.46|125.54|424
2021.09.02 18:00:00|125.53|125.65|125.44|125.61|203
2021.09.03 10:00:00|125.23|125.78|124.96|125.7|285
2021.09.03 11:00:00|125.76|125.88|125.6|125.62|154
2021.09.03 12:00:00|125.59|125.66|125.29|125.4|178
2021.09.03 13:00:00|125.42|125.62|125.3|125.44|148
2021.09.03 14:00:00|125.29|125.46|125.27|125.28|102
2021.09.03 15:00:00|125.25|125.56|125.18|125.36|184
2021.09.03 16:00:00|125.38|125.38|124.08|124.52|477
2021.09.03 17:00:00|124.5|125.4|124.42|125.36|382
