2020.11.03 18:00:00|9.869999999999999|9.880000000000001|9.81|9.815|685
2020.11.04 10:00:00|9.57|9.859999999999999|9.51|9.824999999999999|2665
2020.11.04 11:00:00|9.824999999999999|9.914999999999999|9.81|9.815|1362
2020.11.04 12:00:00|9.815|9.824999999999999|9.695|9.765000000000001|844
2020.11.04 13:00:00|9.77|9.789999999999999|9.725|9.734999999999999|798
2020.11.04 14:00:00|9.74|9.845000000000001|9.73|9.824999999999999|699
2020.11.04 15:00:00|9.83|9.895|9.815|9.845000000000001|749
2020.11.04 16:00:00|9.85|9.875|9.625|9.785|2050
2020.11.04 17:00:00|9.785|9.914999999999999|9.775|9.904999999999999|1610
2020.11.04 18:00:00|9.91|9.93|9.869999999999999|9.875|610
2020.11.05 10:00:00|9.925000000000001|9.970000000000001|9.77|9.785|1841
2020.11.05 11:00:00|9.785|9.824999999999999|9.73|9.800000000000001|809
2020.11.05 12:00:00|9.800000000000001|9.890000000000001|9.779999999999999|9.890000000000001|810
2020.11.05 13:00:00|9.885|9.895|9.815|9.824999999999999|722
2020.11.05 14:00:00|9.83|9.859999999999999|9.795|9.85|587
2020.11.05 15:00:00|9.845000000000001|9.85|9.785|9.82|545
2020.11.05 16:00:00|9.82|9.84|9.76|9.775|1619
2020.11.05 17:00:00|9.775|9.84|9.699999999999999|9.705|1561
2020.11.05 18:00:00|9.710000000000001|9.710000000000001|9.66|9.664999999999999|603
2020.11.06 10:00:00|9.645|9.76|9.605|9.74|1823
2020.11.06 11:00:00|9.734999999999999|9.74|9.6|9.609999999999999|785
2020.11.06 12:00:00|9.615|9.69|9.58|9.654999999999999|656
2020.11.06 13:00:00|9.65|9.68|9.615|9.630000000000001|464
2020.11.06 14:00:00|9.630000000000001|9.68|9.619999999999999|9.654999999999999|443
2020.11.06 15:00:00|9.65|9.710000000000001|9.605|9.705|595
2020.11.06 16:00:00|9.699999999999999|9.824999999999999|9.645|9.765000000000001|1984
2020.11.06 17:00:00|9.77|9.779999999999999|9.67|9.69|1384
2020.11.06 18:00:00|9.695|9.715|9.635|9.675000000000001|591
2020.11.09 10:00:00|9.824999999999999|9.859999999999999|9.74|9.789999999999999|1395
2020.11.09 11:00:00|9.789999999999999|9.845000000000001|9.775|9.824999999999999|650
2020.11.09 12:00:00|9.824999999999999|9.875|9.82|9.865|452
2020.11.09 13:00:00|9.869999999999999|10.43|9.83|10.36|1458
2020.11.09 14:00:00|10.385|10.7|10.28|10.69|2008
2020.11.09 15:00:00|10.68|10.9|10.67|10.815|2659
2020.11.09 16:00:00|10.82|11.13|10.82|10.89|3903
2020.11.09 17:00:00|10.89|10.99|10.845|10.895|3112
2020.11.09 18:00:00|10.895|10.935|10.85|10.925|1290
2020.11.10 10:00:00|11.005|11.255|10.8|11.245|2933
2020.11.10 11:00:00|11.25|11.45|11.22|11.4|2339
2020.11.10 12:00:00|11.395|11.485|11.3|11.35|2173
2020.11.10 13:00:00|11.355|11.415|11.135|11.32|1694
2020.11.10 14:00:00|11.315|11.34|11.12|11.2|1663
2020.11.10 15:00:00|11.195|11.285|11.15|11.275|1575
2020.11.10 16:00:00|11.275|11.325|11.12|11.2|4174
2020.11.10 17:00:00|11.2|11.23|11.15|11.185|2931
2020.11.10 18:00:00|11.18|11.28|11.18|11.265|1125
2020.11.11 10:00:00|11.495|11.615|11.145|11.33|3505
2020.11.11 11:00:00|11.33|11.455|11.29|11.45|1553
2020.11.11 12:00:00|11.445|11.55|11.42|11.535|1245
2020.11.11 13:00:00|11.53|11.57|11.395|11.41|1236
2020.11.11 14:00:00|11.41|11.51|11.37|11.505|1276
2020.11.11 15:00:00|11.505|11.51|11.41|11.465|1080
2020.11.11 16:00:00|11.465|11.525|11.4|11.455|1752
2020.11.11 17:00:00|11.455|11.475|11.39|11.45|1941
2020.11.11 18:00:00|11.45|11.46|11.4|11.45|776
2020.11.12 10:00:00|11.105|11.275|11.045|11.165|2239
2020.11.12 11:00:00|11.165|11.22|11.09|11.105|1723
2020.11.12 12:00:00|11.105|11.165|11.09|11.145|1104
2020.11.12 13:00:00|11.15|11.22|11.13|11.18|1104
2020.11.12 14:00:00|11.185|11.185|11.065|11.075|1066
2020.11.12 15:00:00|11.075|11.12|11.03|11.06|796
2020.11.12 16:00:00|11.06|11.165|11.01|11.15|1638
2020.11.12 17:00:00|11.145|11.315|11.135|11.285|1719
2020.11.12 18:00:00|11.285|11.285|11.185|11.24|1148
2020.11.13 10:00:00|10.97|11.13|10.955|11.09|1676
2020.11.13 11:00:00|11.095|11.155|11.06|11.145|1092
2020.11.13 12:00:00|11.14|11.23|11.12|11.215|742
2020.11.13 13:00:00|11.22|11.22|11.095|11.14|637
2020.11.13 14:00:00|11.135|11.14|11.055|11.06|509
2020.11.13 15:00:00|11.06|11.085|11.04|11.075|436
2020.11.13 16:00:00|11.075|11.135|11.035|11.12|711
2020.11.13 17:00:00|11.115|11.16|11.09|11.115|810
2020.11.13 18:00:00|11.12|11.16|11.115|11.16|502
2020.11.16 10:00:00|11.24|11.28|11.16|11.2|1834
2020.11.16 11:00:00|11.2|11.32|11.2|11.31|869
2020.11.16 12:00:00|11.31|11.315|11.225|11.27|718
2020.11.16 13:00:00|11.275|11.44|11.23|11.43|1089
2020.11.16 14:00:00|11.43|11.67|11.42|11.655|1385
2020.11.16 15:00:00|11.65|11.83|11.63|11.83|906
2020.11.16 16:00:00|11.83|11.89|11.62|11.715|1767
2020.11.16 17:00:00|11.705|11.84|11.7|11.83|1548
2020.11.16 18:00:00|11.835|11.855|11.76|11.845|833
2020.11.17 10:00:00|11.715|11.86|11.615|11.635|2405
2020.11.17 11:00:00|11.635|11.735|11.61|11.705|1413
2020.11.17 12:00:00|11.705|11.77|11.69|11.76|894
2020.11.17 13:00:00|11.765|11.79|11.705|11.755|908
2020.11.17 14:00:00|11.76|11.78|11.73|11.76|750
2020.11.17 15:00:00|11.765|11.81|11.74|11.775|973
2020.11.17 16:00:00|11.77|11.81|11.64|11.665|1889
2020.11.17 17:00:00|11.655|11.895|11.65|11.88|1660
2020.11.17 18:00:00|11.875|11.98|11.875|11.955|784
2020.11.18 10:00:00|11.93|11.97|11.885|11.915|1605
2020.11.18 11:00:00|11.91|11.955|11.86|11.93|911
2020.11.18 12:00:00|11.93|11.99|11.93|11.95|822
2020.11.18 13:00:00|11.945|12.085|11.93|12.03|881
2020.11.18 14:00:00|12.03|12.11|12.02|12.095|722
2020.11.18 15:00:00|12.095|12.15|12.045|12.15|627
2020.11.18 16:00:00|12.145|12.19|12.075|12.12|1533
2020.11.18 17:00:00|12.12|12.14|11.97|11.975|1608
2020.11.18 18:00:00|11.98|12.07|11.98|12.05|541
2020.11.19 10:00:00|11.795|11.82|11.695|11.72|1674
2020.11.19 11:00:00|11.725|11.765|11.685|11.72|898
2020.11.19 12:00:00|11.72|11.73|11.67|11.69|654
2020.11.19 13:00:00|11.69|11.71|11.67|11.705|630
2020.11.19 14:00:00|11.705|11.745|11.7|11.74|425
2020.11.19 15:00:00|11.735|11.755|11.685|11.74|575
2020.11.19 16:00:00|11.74|11.795|11.64|11.77|1507
2020.11.19 17:00:00|11.765|11.78|11.72|11.725|964
2020.11.19 18:00:00|11.72|11.775|11.705|11.73|428
2020.11.20 10:00:00|11.82|11.91|11.805|11.9|1434
2020.11.20 11:00:00|11.895|11.925|11.84|11.875|794
2020.11.20 12:00:00|11.88|11.96|11.865|11.95|780
2020.11.20 13:00:00|11.945|11.985|11.92|11.98|687
2020.11.20 14:00:00|11.98|11.98|11.915|11.93|556
2020.11.20 15:00:00|11.925|12|11.92|11.98|659
2020.11.20 16:00:00|11.985|12.03|11.93|11.97|1516
2020.11.20 17:00:00|11.97|11.975|11.87|11.945|1125
2020.11.20 18:00:00|11.94|11.98|11.92|11.925|457
2020.11.23 10:00:00|12.17|12.38|12.17|12.295|2175
2020.11.23 11:00:00|12.295|12.36|12.275|12.35|703
2020.11.23 12:00:00|12.355|12.39|12.33|12.385|471
2020.11.23 13:00:00|12.39|12.41|12.31|12.315|658
2020.11.23 14:00:00|12.31|12.355|12.285|12.32|547
2020.11.23 15:00:00|12.325|12.335|12.245|12.3|892
2020.11.23 16:00:00|12.3|12.42|12.3|12.4|1466
2020.11.23 17:00:00|12.405|12.565|12.385|12.55|1556
2020.11.23 18:00:00|12.555|12.555|12.495|12.53|665
2020.11.24 10:00:00|12.74|12.94|12.735|12.91|1626
2020.11.24 11:00:00|12.9|13.055|12.88|13.05|1134
2020.11.24 12:00:00|13.05|13.105|13.02|13.09|969
2020.11.24 13:00:00|13.09|13.13|13.065|13.12|829
2020.11.24 14:00:00|13.12|13.19|13.09|13.16|531
2020.11.24 15:00:00|13.155|13.275|13.145|13.265|812
2020.11.24 16:00:00|13.27|13.3|13.215|13.245|1921
2020.11.24 17:00:00|13.245|13.32|13.22|13.245|1899
2020.11.24 18:00:00|13.24|13.26|13.205|13.205|723
2020.11.25 10:00:00|13.37|13.555|13.2|13.25|2497
2020.11.25 11:00:00|13.235|13.29|13.01|13.05|1481
2020.11.25 12:00:00|13.05|13.13|13.02|13.09|992
2020.11.25 13:00:00|13.095|13.105|13.025|13.055|663
2020.11.25 14:00:00|13.05|13.06|12.965|12.97|658
2020.11.25 15:00:00|12.97|13.035|12.96|13.03|638
2020.11.25 16:00:00|13.035|13.09|12.87|12.905|1585
2020.11.25 17:00:00|12.905|13.085|12.865|13.06|1623
2020.11.25 18:00:00|13.06|13.095|13.02|13.025|751
2020.11.26 10:00:00|13.01|13.01|12.835|12.915|1356
2020.11.26 11:00:00|12.915|13.01|12.905|12.925|966
2020.11.26 12:00:00|12.925|12.94|12.89|12.91|613
2020.11.26 13:00:00|12.91|12.945|12.9|12.925|468
2020.11.26 14:00:00|12.92|12.95|12.905|12.925|553
2020.11.26 15:00:00|12.93|12.985|12.895|12.94|537
2020.11.26 16:00:00|12.945|13.005|12.93|12.955|505
2020.11.26 17:00:00|12.96|13.01|12.935|12.99|577
2020.11.26 18:00:00|12.995|13.01|12.955|12.97|319
2020.11.27 10:00:00|12.885|12.995|12.775|12.925|1744
2020.11.27 11:00:00|12.93|12.985|12.92|12.97|1024
2020.11.27 12:00:00|12.97|13.025|12.95|13.005|920
2020.11.27 13:00:00|13|13.015|12.96|12.98|653
2020.11.27 14:00:00|12.98|12.98|12.945|12.97|489
2020.11.27 15:00:00|12.97|12.99|12.925|12.93|503
2020.11.27 16:00:00|12.93|13.03|12.925|12.995|1488
2020.11.27 17:00:00|12.995|13.04|12.95|12.97|1237
2020.11.27 18:00:00|12.97|13.04|12.955|13.02|525
2020.11.30 10:00:00|12.835|12.86|12.59|12.805|1877
2020.11.30 11:00:00|12.8|12.87|12.745|12.805|932
2020.11.30 12:00:00|12.805|12.85|12.76|12.785|667
2020.11.30 13:00:00|12.78|12.83|12.74|12.765|720
2020.11.30 14:00:00|12.76|12.86|12.755|12.815|600
2020.11.30 15:00:00|12.81|12.845|12.785|12.835|599
2020.11.30 16:00:00|12.835|12.86|12.715|12.75|1375
2020.11.30 17:00:00|12.75|12.8|12.58|12.595|1438
2020.11.30 18:00:00|12.595|12.63|12.44|12.44|919
2020.12.01 10:00:00|12.21|12.665|12.165|12.63|1819
2020.12.01 11:00:00|12.63|12.73|12.625|12.71|1004
2020.12.01 12:00:00|12.705|12.8|12.67|12.755|720
2020.12.01 13:00:00|12.76|12.805|12.725|12.79|527
2020.12.01 14:00:00|12.785|12.805|12.71|12.72|507
2020.12.01 15:00:00|12.725|12.74|12.645|12.735|562
2020.12.01 16:00:00|12.73|12.74|12.615|12.7|1547
2020.12.01 17:00:00|12.705|12.715|12.59|12.69|1470
2020.12.01 18:00:00|12.695|12.7|12.62|12.66|775
2020.12.02 10:00:00|12.555|12.805|12.5|12.78|1985
2020.12.02 11:00:00|12.775|12.775|12.65|12.76|935
2020.12.02 12:00:00|12.76|12.77|12.675|12.75|571
2020.12.02 13:00:00|12.745|12.775|12.64|12.735|593
2020.12.02 14:00:00|12.735|12.815|12.715|12.765|710
2020.12.02 15:00:00|12.765|12.885|12.75|12.865|758
2020.12.02 16:00:00|12.86|12.95|12.82|12.9|1557
2020.12.02 17:00:00|12.9|13.065|12.885|13.055|1496
2020.12.02 18:00:00|13.06|13.15|13.055|13.1|731
2020.12.03 10:00:00|13.055|13.13|12.94|12.98|1598
2020.12.03 11:00:00|12.98|12.99|12.83|12.905|917
2020.12.03 12:00:00|12.91|12.995|12.905|12.96|850
2020.12.03 13:00:00|12.955|13.04|12.955|13.04|560
2020.12.03 14:00:00|13.045|13.055|12.985|13.015|575
2020.12.03 15:00:00|13.01|13.08|12.99|13.015|645
2020.12.03 16:00:00|13.015|13.03|12.89|12.99|1189
2020.12.03 17:00:00|12.99|13.06|12.93|13.06|1255
2020.12.03 18:00:00|13.065|13.12|13.045|13.095|446
2020.12.04 10:00:00|13.32|13.41|13.21|13.4|1420
2020.12.04 11:00:00|13.385|13.45|13.34|13.44|1165
2020.12.04 12:00:00|13.44|13.515|13.38|13.475|1098
2020.12.04 13:00:00|13.48|13.495|13.405|13.44|732
2020.12.04 14:00:00|13.44|13.48|13.42|13.475|680
2020.12.04 15:00:00|13.475|13.49|13.37|13.37|727
2020.12.04 16:00:00|13.37|13.475|13.305|13.465|1171
2020.12.04 17:00:00|13.47|13.575|13.45|13.54|1445
2020.12.04 18:00:00|13.54|13.55|13.485|13.495|586
2020.12.07 10:00:00|13.55|13.56|13.36|13.405|1956
2020.12.07 11:00:00|13.41|13.605|13.4|13.585|905
2020.12.07 12:00:00|13.59|13.595|13.53|13.55|539
2020.12.07 13:00:00|13.55|13.66|13.54|13.64|516
2020.12.07 14:00:00|13.64|13.665|13.59|13.655|620
2020.12.07 15:00:00|13.65|13.665|13.56|13.57|627
2020.12.07 16:00:00|13.575|13.61|13.435|13.555|1495
2020.12.07 17:00:00|13.56|13.65|13.5|13.625|1266
2020.12.07 18:00:00|13.62|13.63|13.545|13.58|478
2020.12.08 10:00:00|13.44|13.47|13.365|13.455|1292
2020.12.08 11:00:00|13.45|13.535|13.425|13.425|746
2020.12.08 12:00:00|13.43|13.45|13.4|13.415|657
2020.12.08 13:00:00|13.41|13.42|13.35|13.375|734
2020.12.08 14:00:00|13.38|13.45|13.375|13.43|603
2020.12.08 15:00:00|13.425|13.455|13.38|13.42|724
2020.12.08 16:00:00|13.42|13.57|13.37|13.465|1378
2020.12.08 17:00:00|13.46|13.55|13.43|13.5|1503
2020.12.08 18:00:00|13.505|13.525|13.465|13.47|642
2020.12.09 10:00:00|13.56|13.79|13.53|13.755|1492
2020.12.09 11:00:00|13.75|13.785|13.69|13.71|949
2020.12.09 12:00:00|13.705|13.725|13.54|13.55|550
2020.12.09 13:00:00|13.55|13.56|13.47|13.5|572
2020.12.09 14:00:00|13.495|13.505|13.42|13.445|547
2020.12.09 15:00:00|13.44|13.53|13.43|13.51|494
2020.12.09 16:00:00|13.505|13.54|13.44|13.515|1469
2020.12.09 17:00:00|13.515|13.615|13.315|13.315|1489
2020.12.09 18:00:00|13.32|13.365|13.265|13.33|895
2020.12.10 10:00:00|13.455|13.655|13.42|13.635|1387
2020.12.10 11:00:00|13.64|13.73|13.625|13.655|1011
2020.12.10 12:00:00|13.655|13.71|13.625|13.695|658
2020.12.10 13:00:00|13.69|13.775|13.64|13.77|614
2020.12.10 14:00:00|13.77|13.77|13.63|13.705|786
2020.12.10 15:00:00|13.7|13.735|13.57|13.62|924
2020.12.10 16:00:00|13.62|13.78|13.55|13.77|2063
2020.12.10 17:00:00|13.77|13.95|13.765|13.945|1900
2020.12.10 18:00:00|13.945|13.99|13.875|13.875|924
2020.12.11 10:00:00|13.83|13.85|13.56|13.64|2160
2020.12.11 11:00:00|13.645|13.735|13.55|13.57|1066
2020.12.11 12:00:00|13.565|13.625|13.515|13.515|1067
2020.12.11 13:00:00|13.52|13.54|13.42|13.49|1190
2020.12.11 14:00:00|13.495|13.57|13.45|13.555|730
2020.12.11 15:00:00|13.56|13.62|13.555|13.585|752
2020.12.11 16:00:00|13.59|13.655|13.5|13.56|2283
2020.12.11 17:00:00|13.565|13.6|13.43|13.45|1776
2020.12.11 18:00:00|13.455|13.49|13.415|13.42|836
2020.12.14 10:00:00|13.435|13.63|13.365|13.555|1258
2020.12.14 11:00:00|13.56|13.575|13.49|13.55|630
2020.12.14 12:00:00|13.55|13.59|13.485|13.5|532
2020.12.14 13:00:00|13.5|13.51|13.42|13.47|708
2020.12.14 14:00:00|13.475|13.475|13.31|13.36|595
2020.12.14 15:00:00|13.365|13.395|13.305|13.365|604
2020.12.14 16:00:00|13.37|13.375|13.16|13.19|1869
2020.12.14 17:00:00|13.19|13.26|13.07|13.085|1585
2020.12.14 18:00:00|13.08|13.085|13.015|13.05|548
2020.12.15 10:00:00|12.92|13.36|12.905|13.34|2619
2020.12.15 11:00:00|13.34|13.37|13.245|13.26|1149
2020.12.15 12:00:00|13.265|13.275|13.22|13.225|722
2020.12.15 13:00:00|13.225|13.23|13.1|13.105|787
2020.12.15 14:00:00|13.11|13.13|13.04|13.04|1018
2020.12.15 15:00:00|13.045|13.12|13.015|13.07|1098
2020.12.15 16:00:00|13.07|13.14|12.99|13.01|1715
2020.12.15 17:00:00|13.015|13.1|12.99|13.095|1446
2020.12.15 18:00:00|13.1|13.135|13.07|13.135|936
2020.12.16 10:00:00|13.32|13.57|13.27|13.54|2369
2020.12.16 11:00:00|13.54|13.575|13.46|13.47|1110
2020.12.16 12:00:00|13.47|13.47|13.395|13.44|869
2020.12.16 13:00:00|13.44|13.45|13.37|13.425|852
2020.12.16 14:00:00|13.425|13.44|13.36|13.37|615
2020.12.16 15:00:00|13.365|13.38|13.285|13.29|693
2020.12.16 16:00:00|13.29|13.325|13.195|13.32|1751
2020.12.16 17:00:00|13.325|13.415|13.275|13.39|2303
2020.12.16 18:00:00|13.385|13.51|13.365|13.505|1125
2020.12.17 10:00:00|13.595|13.64|13.525|13.57|1482
2020.12.17 11:00:00|13.57|13.62|13.54|13.55|801
2020.12.17 12:00:00|13.55|13.565|13.495|13.51|769
2020.12.17 13:00:00|13.51|13.59|13.495|13.58|545
2020.12.17 14:00:00|13.575|13.61|13.535|13.61|566
2020.12.17 15:00:00|13.605|13.62|13.465|13.49|609
2020.12.17 16:00:00|13.49|13.53|13.41|13.45|1657
2020.12.17 17:00:00|13.445|13.48|13.385|13.45|1400
2020.12.17 18:00:00|13.45|13.5|13.435|13.48|634
2020.12.18 10:00:00|13.44|13.55|13.375|13.515|1673
2020.12.18 11:00:00|13.52|13.575|13.475|13.54|848
2020.12.18 12:00:00|13.545|13.605|13.42|13.44|1061
2020.12.18 13:00:00|13.445|13.48|13.395|13.42|714
2020.12.18 14:00:00|13.42|13.47|13.41|13.42|717
2020.12.18 15:00:00|13.42|13.48|13.41|13.435|540
2020.12.18 16:00:00|13.43|13.51|13.43|13.44|1290
2020.12.18 17:00:00|13.445|13.49|13.37|13.37|1530
2020.12.18 18:00:00|13.375|13.42|13.34|13.345|631
2020.12.21 10:00:00|12.78|12.985|12.705|12.89|2347
2020.12.21 11:00:00|12.895|12.9|12.58|12.61|1351
2020.12.21 12:00:00|12.61|12.62|12.36|12.415|2259
2020.12.21 13:00:00|12.415|12.69|12.4|12.63|2186
2020.12.21 14:00:00|12.635|12.775|12.57|12.58|1703
2020.12.21 15:00:00|12.575|12.575|12.44|12.47|1588
2020.12.21 16:00:00|12.475|12.665|12.39|12.565|2889
2020.12.21 17:00:00|12.565|12.66|12.51|12.62|2394
2020.12.21 18:00:00|12.625|12.67|12.6|12.61|886
2020.12.22 10:00:00|12.535|12.695|12.51|12.675|1739
2020.12.22 11:00:00|12.675|12.72|12.615|12.63|849
2020.12.22 12:00:00|12.63|12.73|12.63|12.635|801
2020.12.22 13:00:00|12.635|12.73|12.625|12.715|573
2020.12.22 14:00:00|12.715|12.745|12.675|12.7|572
2020.12.22 15:00:00|12.695|12.735|12.675|12.675|397
2020.12.22 16:00:00|12.68|12.695|12.625|12.665|1107
2020.12.22 17:00:00|12.66|12.72|12.64|12.69|1166
2020.12.22 18:00:00|12.685|12.715|12.65|12.68|567
2020.12.23 10:00:00|12.54|12.725|12.54|12.7|963
2020.12.23 11:00:00|12.695|12.735|12.615|12.72|699
2020.12.23 12:00:00|12.72|12.8|12.72|12.78|464
2020.12.23 13:00:00|12.775|12.785|12.72|12.78|453
2020.12.23 14:00:00|12.78|12.78|12.715|12.72|326
2020.12.23 15:00:00|12.72|12.74|12.68|12.705|390
2020.12.23 16:00:00|12.71|12.92|12.695|12.87|1258
2020.12.23 17:00:00|12.865|12.915|12.76|12.845|1325
2020.12.23 18:00:00|12.85|12.915|12.82|12.9|710
2020.12.24 10:00:00|12.865|13.03|12.84|12.845|1118
2020.12.24 11:00:00|12.84|12.905|12.825|12.86|742
2020.12.24 12:00:00|12.86|12.88|12.79|12.795|599
2020.12.24 13:00:00|12.8|12.905|12.79|12.905|467
2020.12.24 14:00:00|12.9|12.905|12.87|12.885|191
2020.12.29 10:00:00|12.865|12.96|12.775|12.91|2248
2020.12.29 11:00:00|12.915|13.075|12.885|13.05|969
2020.12.29 12:00:00|13.055|13.065|12.945|12.98|748
2020.12.29 13:00:00|12.975|12.98|12.905|12.95|593
2020.12.29 14:00:00|12.95|12.975|12.915|12.935|407
2020.12.29 15:00:00|12.935|12.98|12.92|12.95|523
2020.12.29 16:00:00|12.955|12.955|12.85|12.875|1041
2020.12.29 17:00:00|12.875|12.92|12.805|12.85|1178
2020.12.29 18:00:00|12.845|12.85|12.795|12.795|648
2020.12.30 10:00:00|12.81|12.85|12.73|12.76|1013
2020.12.30 11:00:00|12.76|12.775|12.715|12.775|599
2020.12.30 12:00:00|12.77|12.805|12.76|12.775|376
2020.12.30 13:00:00|12.78|12.84|12.77|12.81|318
2020.12.30 14:00:00|12.81|12.825|12.78|12.815|293
2020.12.30 15:00:00|12.82|12.825|12.73|12.75|349
2020.12.30 16:00:00|12.74|12.785|12.705|12.775|966
2020.12.30 17:00:00|12.77|12.77|12.72|12.77|1015
2020.12.30 18:00:00|12.775|12.78|12.675|12.675|507
2020.12.31 10:00:00|12.5|12.54|12.395|12.4|987
2020.12.31 11:00:00|12.4|12.5|12.37|12.485|659
2020.12.31 12:00:00|12.49|12.61|12.49|12.585|456
2020.12.31 13:00:00|12.58|12.73|12.57|12.665|615
2020.12.31 14:00:00|12.665|12.685|12.55|12.57|399
2021.01.04 10:00:00|12.76|12.91|12.68|12.91|2133
2021.01.04 11:00:00|12.91|13.1|12.91|13.025|1446
2021.01.04 12:00:00|13.025|13.05|12.825|12.84|972
2021.01.04 13:00:00|12.835|12.905|12.81|12.835|702
2021.01.04 14:00:00|12.835|12.87|12.745|12.795|713
2021.01.04 15:00:00|12.79|12.825|12.755|12.795|686
2021.01.04 16:00:00|12.79|12.81|12.705|12.745|1852
2021.01.04 17:00:00|12.75|12.77|12.5|12.53|2246
2021.01.04 18:00:00|12.53|12.62|12.5|12.605|1276
2021.01.05 10:00:00|12.645|13.01|12.615|12.92|2879
2021.01.05 11:00:00|12.91|12.96|12.85|12.94|1353
2021.01.05 12:00:00|12.945|12.96|12.89|12.89|812
2021.01.05 13:00:00|12.9|12.925|12.83|12.86|752
2021.01.05 14:00:00|12.865|12.87|12.76|12.85|694
2021.01.05 15:00:00|12.855|12.9|12.825|12.87|784
2021.01.05 16:00:00|12.87|13.17|12.865|13.15|2095
2021.01.05 17:00:00|13.155|13.33|13.14|13.31|1581
2021.01.05 18:00:00|13.31|13.37|13.285|13.345|644
2021.01.06 10:00:00|13.73|13.895|13.59|13.71|2237
2021.01.06 11:00:00|13.7|13.805|13.66|13.79|1210
2021.01.06 12:00:00|13.78|14.01|13.76|14.005|1334
2021.01.06 13:00:00|14.005|14.01|13.9|13.97|1403
2021.01.06 14:00:00|13.96|14.035|13.945|13.96|1455
2021.01.06 15:00:00|13.965|14.18|13.96|14.18|1544
2021.01.06 16:00:00|14.18|14.22|13.99|14.14|2941
2021.01.06 17:00:00|14.14|14.305|14.14|14.29|2745
2021.01.06 18:00:00|14.29|14.33|14.265|14.3|1104
2021.01.07 10:00:00|14.495|14.565|14.32|14.365|1704
2021.01.07 11:00:00|14.36|14.365|14.235|14.28|1189
2021.01.07 12:00:00|14.285|14.3|14.1|14.105|926
2021.01.07 13:00:00|14.105|14.125|14.04|14.055|838
2021.01.07 14:00:00|14.06|14.09|14.02|14.07|601
2021.01.07 15:00:00|14.07|14.115|14.02|14.1|725
2021.01.07 16:00:00|14.105|14.18|13.99|14.16|2103
2021.01.07 17:00:00|14.165|14.35|14.14|14.315|1836
2021.01.07 18:00:00|14.315|14.325|14.225|14.29|827
2021.01.08 10:00:00|14.235|14.35|14.17|14.265|2330
2021.01.08 11:00:00|14.26|14.265|14.055|14.09|1120
2021.01.08 12:00:00|14.09|14.12|14.06|14.12|689
2021.01.08 13:00:00|14.12|14.225|14.1|14.195|811
2021.01.08 14:00:00|14.19|14.22|14.155|14.175|590
2021.01.08 15:00:00|14.175|14.25|14.17|14.19|655
2021.01.08 16:00:00|14.19|14.23|14.055|14.09|2122
2021.01.08 17:00:00|14.09|14.165|14.09|14.125|1978
2021.01.08 18:00:00|14.13|14.17|14.085|14.15|803
2021.01.11 10:00:00|14.09|14.16|13.985|14.095|1795
2021.01.11 11:00:00|14.1|14.125|13.99|14.01|608
2021.01.11 12:00:00|14.01|14.035|13.97|13.985|517
2021.01.11 13:00:00|13.98|14.015|13.96|14.015|507
2021.01.11 14:00:00|14.02|14.06|13.995|14.05|453
2021.01.11 15:00:00|14.04|14.08|13.93|13.94|683
2021.01.11 16:00:00|13.94|14.1|13.83|14.08|1902
2021.01.11 17:00:00|14.08|14.1|14.03|14.09|1534
2021.01.11 18:00:00|14.09|14.115|14.045|14.11|685
2021.01.12 10:00:00|14.215|14.3|14.16|14.225|1468
2021.01.12 11:00:00|14.225|14.26|14.175|14.175|941
2021.01.12 12:00:00|14.175|14.29|14.17|14.28|766
2021.01.12 13:00:00|14.285|14.285|14.185|14.24|589
2021.01.12 14:00:00|14.235|14.335|14.235|14.305|678
2021.01.12 15:00:00|14.305|14.37|14.295|14.33|760
2021.01.12 16:00:00|14.33|14.36|14.245|14.325|1667
2021.01.12 17:00:00|14.325|14.47|14.31|14.46|1509
2021.01.12 18:00:00|14.465|14.47|14.325|14.325|755
2021.01.13 10:00:00|14.45|14.555|14.41|14.51|1422
2021.01.13 11:00:00|14.515|14.53|14.42|14.45|753
2021.01.13 12:00:00|14.455|14.475|14.34|14.385|910
2021.01.13 13:00:00|14.385|14.405|14.33|14.345|654
2021.01.13 14:00:00|14.34|14.35|14.29|14.32|654
2021.01.13 15:00:00|14.32|14.37|14.29|14.33|612
2021.01.13 16:00:00|14.33|14.35|14.185|14.22|1489
2021.01.13 17:00:00|14.215|14.25|14.16|14.22|1188
2021.01.13 18:00:00|14.22|14.22|14.145|14.185|551
2021.01.14 10:00:00|14.085|14.33|14.085|14.29|1796
2021.01.14 11:00:00|14.295|14.445|14.275|14.395|828
2021.01.14 12:00:00|14.395|14.4|14.31|14.335|575
2021.01.14 13:00:00|14.33|14.35|14.265|14.32|648
2021.01.14 14:00:00|14.32|14.32|14.255|14.275|455
2021.01.14 15:00:00|14.27|14.28|14.185|14.2|561
2021.01.14 16:00:00|14.2|14.33|14.195|14.32|1312
2021.01.14 17:00:00|14.315|14.395|14.26|14.315|1728
2021.01.14 18:00:00|14.32|14.455|14.32|14.45|730
2021.01.15 10:00:00|14.37|14.455|14.27|14.32|2590
2021.01.15 11:00:00|14.32|14.415|14.305|14.36|1247
2021.01.15 12:00:00|14.35|14.365|14.23|14.24|937
2021.01.15 13:00:00|14.24|14.31|14.215|14.285|755
2021.01.15 14:00:00|14.29|14.315|14.25|14.28|756
2021.01.15 15:00:00|14.275|14.34|14.235|14.26|601
2021.01.15 16:00:00|14.26|14.295|14.145|14.185|1696
2021.01.15 17:00:00|14.19|14.19|13.945|14.16|2561
2021.01.15 18:00:00|14.16|14.23|14.13|14.2|884
2021.01.18 10:00:00|13.9|14.015|13.86|13.94|1287
2021.01.18 11:00:00|13.935|14.055|13.92|14.015|868
2021.01.18 12:00:00|14.02|14.09|14.015|14.04|714
2021.01.18 13:00:00|14.045|14.075|13.955|13.96|609
2021.01.18 14:00:00|13.96|13.99|13.955|13.96|434
2021.01.18 15:00:00|13.955|14.08|13.94|14.045|481
2021.01.18 16:00:00|14.05|14.05|13.97|14.01|550
2021.01.18 17:00:00|14.005|14.05|13.985|14.025|534
2021.01.18 18:00:00|14.03|14.065|14.005|14.065|326
2021.01.19 10:00:00|14.195|14.225|14.06|14.06|1588
2021.01.19 11:00:00|14.05|14.16|14.025|14.125|849
2021.01.19 12:00:00|14.125|14.14|14.055|14.09|633
2021.01.19 13:00:00|14.09|14.12|14.03|14.045|502
2021.01.19 14:00:00|14.045|14.085|13.99|14.075|633
2021.01.19 15:00:00|14.07|14.105|14.06|14.09|407
2021.01.19 16:00:00|14.09|14.155|13.99|14.04|1535
2021.01.19 17:00:00|14.04|14.22|14|14.15|1505
2021.01.19 18:00:00|14.15|14.175|14.1|14.12|747
2021.01.20 10:00:00|14.165|14.17|13.99|14.1|1310
2021.01.20 11:00:00|14.095|14.145|14.025|14.145|926
2021.01.20 12:00:00|14.145|14.145|14.06|14.09|806
2021.01.20 13:00:00|14.09|14.12|14.025|14.03|697
2021.01.20 14:00:00|14.03|14.07|14.015|14.045|588
2021.01.20 15:00:00|14.045|14.07|14.015|14.055|635
2021.01.20 16:00:00|14.05|14.17|14.04|14.115|1241
2021.01.20 17:00:00|14.11|14.195|14.075|14.1|1672
2021.01.20 18:00:00|14.1|14.15|14.08|14.135|568
2021.01.21 10:00:00|14.16|14.16|13.99|14|2060
2021.01.21 11:00:00|14|14.02|13.94|13.955|994
2021.01.21 12:00:00|13.95|13.98|13.93|13.965|619
2021.01.21 13:00:00|13.96|13.97|13.92|13.955|600
2021.01.21 14:00:00|13.955|14.025|13.945|14|577
2021.01.21 15:00:00|14|14.06|13.96|14|761
2021.01.21 16:00:00|14.005|14.08|13.87|13.875|1677
2021.01.22 10:00:00|13.49|13.645|13.43|13.605|1652
2021.01.22 11:00:00|13.61|13.615|13.47|13.48|1112
2021.01.22 12:00:00|13.475|13.535|13.47|13.495|950
2021.01.22 13:00:00|13.495|13.525|13.435|13.48|766
2021.01.22 14:00:00|13.48|13.5|13.42|13.46|533
2021.01.22 15:00:00|13.465|13.495|13.39|13.485|590
2021.01.22 16:00:00|13.485|13.685|13.43|13.62|1830
2021.01.22 17:00:00|13.62|13.65|13.56|13.575|1331
2021.01.22 18:00:00|13.575|13.585|13.53|13.54|649
2021.01.25 10:00:00|13.58|13.58|13.32|13.36|1702
2021.01.25 11:00:00|13.36|13.44|13.3|13.37|839
2021.01.25 12:00:00|13.37|13.425|13.335|13.4|698
2021.01.25 13:00:00|13.4|13.44|13.305|13.33|830
2021.01.25 14:00:00|13.32|13.34|13.19|13.21|1145
2021.01.25 15:00:00|13.215|13.26|13.15|13.235|1062
2021.01.25 16:00:00|13.23|13.25|13.09|13.105|1773
2021.01.25 17:00:00|13.1|13.285|13.09|13.09|1567
2021.01.25 18:00:00|13.095|13.2|13.065|13.16|975
2021.01.26 10:00:00|13.185|13.34|13.125|13.255|2917
2021.01.26 11:00:00|13.255|13.345|13.24|13.255|1381
2021.01.26 12:00:00|13.25|13.335|13.23|13.335|1036
2021.01.26 13:00:00|13.34|13.44|13.315|13.39|956
2021.01.26 14:00:00|13.385|13.465|13.355|13.465|993
2021.01.26 15:00:00|13.465|13.51|13.415|13.48|1299
2021.01.26 16:00:00|13.48|13.5|13.305|13.345|1776
2021.01.26 17:00:00|13.345|13.415|13.31|13.335|1902
2021.01.26 18:00:00|13.33|13.35|13.29|13.33|657
2021.01.27 10:00:00|13.195|13.31|13.13|13.2|2585
2021.01.27 11:00:00|13.2|13.28|13.2|13.225|1450
2021.01.27 12:00:00|13.22|13.28|13.17|13.175|1123
2021.01.27 13:00:00|13.175|13.235|13.105|13.23|1470
2021.01.27 14:00:00|13.225|13.24|13.11|13.13|1408
2021.01.27 15:00:00|13.13|13.195|13.045|13.065|1468
2021.01.27 16:00:00|13.07|13.14|12.9|13.005|2988
2021.01.27 17:00:00|13.01|13.16|13.01|13.125|3252
2021.01.27 18:00:00|13.12|13.255|13.11|13.255|1478
2021.01.28 10:00:00|12.96|13.05|12.87|12.91|3482
2021.01.28 11:00:00|12.915|12.925|12.75|12.89|2166
2021.01.28 12:00:00|12.89|13|12.81|12.825|1392
2021.01.28 13:00:00|12.815|12.96|12.795|12.92|1380
2021.01.28 14:00:00|12.925|13|12.915|12.95|1138
2021.01.28 15:00:00|12.95|13.05|12.895|13.045|1331
2021.01.28 16:00:00|13.05|13.205|12.985|13.05|1905
2021.01.28 17:00:00|13.055|13.075|12.925|12.97|2759
2021.01.28 18:00:00|12.975|13.045|12.955|12.99|1363
2021.01.29 10:00:00|12.85|12.995|12.8|12.98|1940
2021.01.29 11:00:00|12.99|13.06|12.895|13.045|1463
2021.01.29 12:00:00|13.045|13.06|12.945|13|937
2021.01.29 13:00:00|12.995|13.065|12.96|12.98|886
2021.01.29 14:00:00|12.98|13|12.88|12.88|680
2021.01.29 15:00:00|12.88|12.91|12.77|12.865|1722
2021.01.29 16:00:00|12.865|12.94|12.82|12.89|2136
2021.01.29 17:00:00|12.885|12.945|12.83|12.85|2130
2021.01.29 18:00:00|12.85|12.855|12.73|12.745|877
2021.02.01 10:00:00|12.725|12.76|12.5|12.58|2567
2021.02.01 11:00:00|12.57|12.65|12.515|12.52|1027
2021.02.01 12:00:00|12.52|12.64|12.51|12.575|890
2021.02.01 13:00:00|12.575|12.695|12.57|12.64|763
2021.02.01 14:00:00|12.64|12.68|12.61|12.625|847
2021.02.01 15:00:00|12.63|12.64|12.57|12.62|823
2021.02.01 16:00:00|12.62|12.68|12.505|12.52|1989
2021.02.01 17:00:00|12.515|12.53|12.455|12.51|2418
2021.02.01 18:00:00|12.51|12.56|12.485|12.525|784
2021.02.02 10:00:00|12.585|12.705|12.52|12.54|1589
2021.02.02 11:00:00|12.545|12.56|12.495|12.545|819
2021.02.02 12:00:00|12.55|12.61|12.53|12.57|680
2021.02.02 13:00:00|12.57|12.58|12.51|12.51|536
2021.02.02 14:00:00|12.515|12.585|12.51|12.55|631
2021.02.02 15:00:00|12.545|12.645|12.545|12.625|514
2021.02.02 16:00:00|12.63|12.74|12.53|12.555|1626
2021.02.02 17:00:00|12.56|12.61|12.4|12.485|1941
2021.02.02 18:00:00|12.49|12.52|12.455|12.49|759
2021.02.03 10:00:00|12.56|12.6|12.31|12.325|2658
2021.02.03 11:00:00|12.325|12.38|12.25|12.365|1327
2021.02.03 12:00:00|12.36|12.42|12.35|12.37|833
2021.02.03 13:00:00|12.365|12.385|12.28|12.315|670
2021.02.03 14:00:00|12.32|12.375|12.3|12.37|771
2021.02.03 15:00:00|12.365|12.41|12.36|12.37|575
2021.02.03 16:00:00|12.365|12.39|12.295|12.34|1868
2021.02.03 17:00:00|12.345|12.64|12.34|12.615|2530
2021.02.03 18:00:00|12.615|12.685|12.605|12.65|1162
2021.02.04 10:00:00|12.675|12.91|12.62|12.83|1311
2021.02.04 11:00:00|12.82|12.87|12.55|12.56|834
2021.02.04 12:00:00|12.56|12.63|12.525|12.625|902
2021.02.04 13:00:00|12.625|12.63|12.47|12.475|732
2021.02.04 14:00:00|12.475|12.495|12.39|12.48|906
2021.02.04 15:00:00|12.475|12.505|12.42|12.43|716
2021.02.04 16:00:00|12.42|12.51|12.36|12.47|1567
2021.02.04 17:00:00|12.47|12.515|12.345|12.4|1576
2021.02.04 18:00:00|12.395|12.47|12.38|12.465|640
2021.02.05 10:00:00|12.51|12.6|12.355|12.59|1677
2021.02.05 11:00:00|12.595|12.795|12.58|12.785|1018
2021.02.05 12:00:00|12.79|12.87|12.755|12.84|945
2021.02.05 13:00:00|12.83|12.88|12.82|12.87|732
2021.02.05 14:00:00|12.87|12.895|12.84|12.85|532
2021.02.05 15:00:00|12.85|12.87|12.78|12.835|614
2021.02.05 16:00:00|12.84|12.93|12.8|12.81|1241
2021.02.05 17:00:00|12.81|12.93|12.725|12.865|1283
2021.02.05 18:00:00|12.87|12.885|12.8|12.815|653
2021.02.08 10:00:00|12.915|12.92|12.79|12.82|1938
2021.02.08 11:00:00|12.815|12.905|12.815|12.895|900
2021.02.08 12:00:00|12.89|12.91|12.86|12.89|639
2021.02.08 13:00:00|12.895|12.96|12.89|12.955|524
2021.02.08 14:00:00|12.955|12.97|12.89|12.925|472
2021.02.08 15:00:00|12.92|12.94|12.9|12.915|445
2021.02.08 16:00:00|12.92|12.96|12.885|12.93|1091
2021.02.08 17:00:00|12.935|13.035|12.92|13.02|953
2021.02.08 18:00:00|13.02|13.05|13.01|13.04|586
2021.02.09 10:00:00|13.175|13.33|13|13.32|1369
2021.02.09 11:00:00|13.32|13.35|13.18|13.235|1062
2021.02.09 12:00:00|13.235|13.315|13.23|13.25|671
2021.02.09 13:00:00|13.25|13.255|13.21|13.235|494
2021.02.09 14:00:00|13.23|13.265|13.185|13.19|488
2021.02.09 15:00:00|13.19|13.23|13.15|13.22|542
2021.02.09 16:00:00|13.22|13.22|13.035|13.11|1198
2021.02.09 17:00:00|13.105|13.14|13.045|13.06|1235
2021.02.09 18:00:00|13.065|13.065|13.01|13.05|530
2021.02.10 10:00:00|13.13|13.13|12.895|12.93|1728
2021.02.10 11:00:00|12.93|13.005|12.91|12.975|896
2021.02.10 12:00:00|12.98|13.015|12.945|13|585
2021.02.10 13:00:00|12.995|13.01|12.905|12.94|645
2021.02.10 14:00:00|12.945|12.99|12.92|12.93|550
2021.02.10 15:00:00|12.925|12.97|12.87|12.885|732
2021.02.10 16:00:00|12.88|13.015|12.85|12.93|1553
2021.02.10 17:00:00|12.93|12.98|12.8|12.97|2713
2021.02.10 18:00:00|12.975|13.07|12.95|12.995|1224
2021.02.11 10:00:00|12.975|13.055|12.87|12.95|1302
2021.02.11 11:00:00|12.945|12.945|12.77|12.78|873
2021.02.11 12:00:00|12.785|12.84|12.775|12.825|599
2021.02.11 13:00:00|12.825|12.865|12.78|12.78|478
2021.02.11 14:00:00|12.775|12.81|12.745|12.76|535
2021.02.11 15:00:00|12.765|12.82|12.76|12.79|516
2021.02.11 16:00:00|12.79|12.825|12.725|12.755|1142
2021.02.11 17:00:00|12.76|12.785|12.71|12.725|1045
2021.02.11 18:00:00|12.73|12.76|12.695|12.76|436
2021.02.12 10:00:00|12.625|12.75|12.6|12.64|1485
2021.02.12 11:00:00|12.64|12.84|12.63|12.79|949
2021.02.12 12:00:00|12.785|12.835|12.75|12.83|533
2021.02.12 13:00:00|12.83|12.845|12.74|12.78|529
2021.02.12 14:00:00|12.775|12.82|12.73|12.74|571
2021.02.12 15:00:00|12.745|12.79|12.73|12.765|515
2021.02.12 16:00:00|12.77|12.94|12.74|12.92|1086
2021.02.12 17:00:00|12.92|13.04|12.92|12.95|1129
2021.02.12 18:00:00|12.955|13|12.925|12.995|399
2021.02.15 10:00:00|13.215|13.48|13.14|13.325|2074
2021.02.15 11:00:00|13.325|13.465|13.31|13.455|709
2021.02.15 12:00:00|13.45|13.45|13.35|13.4|411
2021.02.15 13:00:00|13.395|13.52|13.39|13.52|411
2021.02.15 14:00:00|13.52|13.53|13.47|13.49|441
2021.02.15 15:00:00|13.49|13.585|13.49|13.58|491
2021.02.15 16:00:00|13.58|13.75|13.565|13.71|679
2021.02.15 17:00:00|13.71|13.78|13.66|13.78|937
2021.02.15 18:00:00|13.78|13.795|13.725|13.78|699
2021.02.16 10:00:00|13.815|14.005|13.795|13.985|1919
2021.02.16 11:00:00|13.98|13.99|13.79|13.845|1577
2021.02.16 12:00:00|13.845|13.89|13.775|13.78|990
2021.02.16 13:00:00|13.78|13.79|13.685|13.74|1121
2021.02.16 14:00:00|13.73|13.745|13.655|13.72|974
2021.02.16 15:00:00|13.715|13.73|13.635|13.65|685
2021.02.16 16:00:00|13.65|13.79|13.545|13.76|2183
2021.02.16 17:00:00|13.76|13.765|13.63|13.7|2284
2021.02.16 18:00:00|13.695|13.75|13.66|13.67|852
2021.02.17 10:00:00|13.805|13.89|13.74|13.865|2411
2021.02.17 11:00:00|13.865|13.915|13.805|13.91|1115
2021.02.17 12:00:00|13.905|13.95|13.845|13.9|838
2021.02.17 13:00:00|13.9|13.965|13.855|13.93|869
2021.02.17 14:00:00|13.93|13.93|13.86|13.895|723
2021.02.17 15:00:00|13.9|13.995|13.865|13.93|1032
2021.02.17 16:00:00|13.93|13.95|13.62|13.85|3018
2021.02.17 17:00:00|13.855|13.885|13.785|13.855|3319
2021.02.17 18:00:00|13.86|13.865|13.76|13.77|1421
2021.02.18 10:00:00|13.685|13.8|13.615|13.695|1915
2021.02.18 11:00:00|13.69|13.71|13.54|13.59|1030
2021.02.18 12:00:00|13.59|13.615|13.425|13.435|961
2021.02.18 13:00:00|13.43|13.505|13.38|13.5|976
2021.02.18 14:00:00|13.495|13.55|13.48|13.515|883
2021.02.18 15:00:00|13.52|13.525|13.33|13.36|1066
2021.02.18 16:00:00|13.365|13.48|13.32|13.415|2456
2021.02.18 17:00:00|13.41|13.42|13.25|13.285|2866
2021.02.18 18:00:00|13.29|13.39|13.26|13.27|1129
2021.02.19 10:00:00|13.145|13.255|13.085|13.25|1902
2021.02.19 11:00:00|13.245|13.345|13.205|13.32|1388
2021.02.19 12:00:00|13.32|13.385|13.245|13.33|1181
2021.02.19 13:00:00|13.335|13.415|13.31|13.385|905
2021.02.19 14:00:00|13.39|13.455|13.37|13.37|709
2021.02.19 15:00:00|13.365|13.395|13.3|13.35|1155
2021.02.19 16:00:00|13.35|13.41|13.29|13.39|1667
2021.02.19 17:00:00|13.39|13.46|13.325|13.45|1414
2021.02.19 18:00:00|13.445|13.47|13.425|13.46|578
2021.02.22 10:00:00|13.415|13.44|13.305|13.385|3104
2021.02.22 11:00:00|13.38|13.5|13.355|13.41|1446
2021.02.22 12:00:00|13.41|13.445|13.36|13.41|903
2021.02.22 13:00:00|13.41|13.47|13.38|13.465|884
2021.02.22 14:00:00|13.465|13.495|13.44|13.455|694
2021.02.22 15:00:00|13.46|13.475|13.405|13.44|740
2021.02.22 16:00:00|13.445|13.66|13.41|13.65|1823
2021.02.22 17:00:00|13.645|13.785|13.635|13.75|2218
2021.02.22 18:00:00|13.75|13.785|13.73|13.76|938
2021.02.23 10:00:00|13.88|14.11|13.86|13.97|2511
2021.02.23 11:00:00|13.96|13.97|13.79|13.865|1911
2021.02.23 12:00:00|13.865|13.895|13.705|13.845|2207
2021.02.23 13:00:00|13.845|13.85|13.72|13.825|1622
2021.02.23 14:00:00|13.83|13.855|13.79|13.82|1208
2021.02.23 15:00:00|13.82|13.83|13.74|13.75|1144
2021.02.23 16:00:00|13.755|13.835|13.5|13.71|3416
2021.02.23 17:00:00|13.71|13.885|13.685|13.695|3983
2021.02.23 18:00:00|13.695|13.74|13.66|13.71|1736
2021.02.24 10:00:00|13.685|13.765|13.59|13.765|2000
2021.02.24 11:00:00|13.765|13.83|13.705|13.795|1160
2021.02.24 12:00:00|13.795|13.865|13.77|13.805|1134
2021.02.24 13:00:00|13.8|13.875|13.795|13.855|868
2021.02.24 14:00:00|13.855|13.9|13.825|13.85|875
2021.02.24 15:00:00|13.85|13.855|13.805|13.835|931
2021.02.24 16:00:00|13.835|14.06|13.835|14.03|2412
2021.02.24 17:00:00|14.025|14.205|13.99|14.165|2730
2021.02.24 18:00:00|14.17|14.295|14.165|14.26|1822
2021.02.25 10:00:00|14.41|14.525|14.35|14.49|3281
2021.02.25 11:00:00|14.49|14.59|14.46|14.52|2324
2021.02.25 12:00:00|14.52|14.61|14.485|14.565|1509
2021.02.25 13:00:00|14.57|14.615|14.48|14.48|1509
2021.02.25 14:00:00|14.485|14.555|14.45|14.475|1370
2021.02.25 15:00:00|14.47|14.5|14.4|14.44|1117
2021.02.25 16:00:00|14.435|14.5|14.36|14.5|2618
2021.02.25 17:00:00|14.485|14.53|14.4|14.43|4287
2021.02.25 18:00:00|14.43|14.47|14.4|14.415|2258
2021.02.26 10:00:00|14.19|14.31|14.1|14.265|2442
2021.02.26 11:00:00|14.26|14.34|14.18|14.195|1671
2021.02.26 12:00:00|14.19|14.255|14.15|14.19|1515
2021.02.26 13:00:00|14.19|14.19|13.985|13.99|1603
2021.02.26 14:00:00|13.995|14.08|13.95|13.96|1825
2021.02.26 15:00:00|13.955|14.015|13.935|14.01|1946
2021.02.26 16:00:00|14.01|14.065|13.9|13.935|3377
2021.02.26 17:00:00|13.92|13.975|13.77|13.845|4773
2021.02.26 18:00:00|13.85|13.96|13.76|13.77|3274
2021.03.01 10:00:00|14.1|14.215|14.015|14.15|2354
2021.03.01 11:00:00|14.155|14.18|14.06|14.105|977
2021.03.01 12:00:00|14.1|14.11|14.02|14.025|805
2021.03.01 13:00:00|14.03|14.03|13.87|13.905|950
2021.03.01 14:00:00|13.91|13.985|13.895|13.985|800
2021.03.01 15:00:00|13.98|14|13.91|13.91|1171
2021.03.01 16:00:00|13.91|14.09|13.87|14.055|2717
2021.03.01 17:00:00|14.06|14.135|13.99|14.07|1743
2021.03.01 18:00:00|14.07|14.08|14.01|14.025|1142
2021.03.02 10:00:00|13.78|13.88|13.715|13.79|1765
2021.03.02 11:00:00|13.79|13.9|13.75|13.86|1201
2021.03.02 12:00:00|13.86|13.93|13.86|13.91|1077
2021.03.02 13:00:00|13.905|13.985|13.87|13.875|883
2021.03.02 14:00:00|13.87|13.95|13.87|13.95|879
2021.03.02 15:00:00|13.95|13.955|13.9|13.935|921
2021.03.02 16:00:00|13.935|14.1|13.935|14.025|2240
2021.03.02 17:00:00|14.02|14.15|14.01|14.12|2557
2021.03.02 18:00:00|14.115|14.14|14.07|14.09|1193
2021.03.03 10:00:00|14.22|14.33|14.2|14.28|1495
2021.03.03 11:00:00|14.28|14.36|14.27|14.32|970
2021.03.03 12:00:00|14.325|14.325|14.23|14.28|673
2021.03.03 13:00:00|14.28|14.29|14.235|14.275|664
2021.03.03 14:00:00|14.27|14.27|14.135|14.15|633
2021.03.03 15:00:00|14.145|14.165|14.025|14.115|1320
2021.03.03 16:00:00|14.11|14.235|14.095|14.17|2383
2021.03.03 17:00:00|14.17|14.27|14.12|14.25|3052
2021.03.03 18:00:00|14.245|14.27|14.22|14.255|930
2021.03.04 10:00:00|14.23|14.315|14.185|14.2|2122
2021.03.04 11:00:00|14.2|14.225|14.06|14.16|1318
2021.03.04 12:00:00|14.165|14.165|14.045|14.13|1408
2021.03.04 13:00:00|14.13|14.23|14.12|14.215|1118
2021.03.04 14:00:00|14.22|14.305|14.205|14.305|759
2021.03.04 15:00:00|14.3|14.42|14.28|14.41|996
2021.03.04 16:00:00|14.415|14.455|14.31|14.375|2778
2021.03.04 17:00:00|14.375|14.64|14.285|14.63|3930
2021.03.04 18:00:00|14.635|14.675|14.58|14.61|2000
2021.03.05 10:00:00|14.685|14.73|14.525|14.58|2410
2021.03.05 11:00:00|14.585|14.855|14.55|14.85|1582
2021.03.05 12:00:00|14.85|14.975|14.795|14.9|1124
2021.03.05 13:00:00|14.895|14.955|14.86|14.945|986
2021.03.05 14:00:00|14.945|14.975|14.86|14.875|966
2021.03.05 15:00:00|14.88|15.07|14.795|15.03|1847
2021.03.05 16:00:00|15.025|15.1|14.87|15.095|3666
2021.03.05 17:00:00|15.095|15.16|14.935|14.94|5165
2021.03.05 18:00:00|14.94|14.95|14.8|14.83|2095
2021.03.08 10:00:00|15.115|15.155|14.995|15.07|2690
2021.03.08 11:00:00|15.07|15.085|14.83|14.9|1838
2021.03.08 12:00:00|14.9|14.92|14.78|14.83|1560
2021.03.08 13:00:00|14.835|14.925|14.8|14.84|1734
2021.03.08 14:00:00|14.835|14.855|14.76|14.785|1503
2021.03.08 15:00:00|14.785|14.805|14.71|14.78|1426
2021.03.08 16:00:00|14.78|14.825|14.64|14.695|3584
2021.03.08 17:00:00|14.7|14.82|14.59|14.785|3700
2021.03.08 18:00:00|14.78|14.86|14.765|14.85|1085
2021.03.09 10:00:00|14.895|15.13|14.89|15.11|1658
2021.03.09 11:00:00|15.105|15.115|15.06|15.08|983
2021.03.09 12:00:00|15.08|15.16|15.06|15.085|882
2021.03.09 13:00:00|15.085|15.18|15.08|15.14|902
2021.03.09 14:00:00|15.145|15.145|14.98|14.995|799
2021.03.09 15:00:00|15|15|14.92|14.965|722
2021.03.09 16:00:00|14.965|14.98|14.64|14.705|2150
2021.03.09 17:00:00|14.71|14.95|14.67|14.935|1891
2021.03.09 18:00:00|14.94|14.975|14.885|14.91|778
2021.03.10 10:00:00|14.655|14.88|14.62|14.815|1514
2021.03.10 11:00:00|14.815|14.95|14.81|14.9|1286
2021.03.10 12:00:00|14.9|15|14.88|14.89|1389
2021.03.10 13:00:00|14.89|14.93|14.845|14.9|1228
2021.03.10 14:00:00|14.9|14.92|14.835|14.9|938
2021.03.10 15:00:00|14.895|14.98|14.855|14.935|1168
2021.03.10 16:00:00|14.94|15.07|14.81|15.03|2419
2021.03.10 17:00:00|15.03|15.045|14.965|14.975|2635
2021.03.10 18:00:00|14.98|15.03|14.93|14.97|1245
2021.03.11 10:00:00|15.12|15.13|14.98|15.01|2092
2021.03.11 11:00:00|15.015|15.055|14.955|14.99|1241
2021.03.11 12:00:00|14.99|15|14.835|14.87|981
2021.03.11 13:00:00|14.865|14.875|14.79|14.81|835
2021.03.11 14:00:00|14.805|14.87|14.79|14.83|1161
2021.03.11 15:00:00|14.835|15.05|14.83|15.025|1333
2021.03.11 16:00:00|15.03|15.055|14.92|15.01|2664
2021.03.11 17:00:00|15.01|15.11|14.985|15.08|2280
2021.03.11 18:00:00|15.075|15.075|15.02|15.025|907
2021.03.12 10:00:00|14.965|15.085|14.935|15.03|1430
2021.03.12 11:00:00|15.03|15.13|15.005|15.1|1086
2021.03.12 12:00:00|15.105|15.11|15.01|15.075|1027
2021.03.12 13:00:00|15.07|15.09|15|15.07|1010
2021.03.12 14:00:00|15.065|15.12|15.06|15.105|771
2021.03.12 15:00:00|15.105|15.12|15.07|15.1|721
2021.03.12 16:00:00|15.09|15.22|15.075|15.12|1733
2021.03.12 17:00:00|15.125|15.13|15.05|15.11|1669
2021.03.12 18:00:00|15.11|15.165|15.105|15.15|700
2021.03.15 10:00:00|15.155|15.19|15.03|15.035|1729
2021.03.15 11:00:00|15.035|15.06|14.97|15.045|898
2021.03.15 12:00:00|15.04|15.07|15.01|15.04|784
2021.03.15 13:00:00|15.035|15.055|14.975|14.98|672
2021.03.15 14:00:00|14.98|14.985|14.91|14.98|806
2021.03.15 15:00:00|14.985|15.04|14.83|14.875|1351
2021.03.15 16:00:00|14.87|14.92|14.79|14.805|1665
2021.03.15 17:00:00|14.8|14.86|14.745|14.8|1874
2021.03.15 18:00:00|14.8|14.86|14.8|14.86|796
2021.03.16 10:00:00|14.88|14.91|14.74|14.76|1291
2021.03.16 11:00:00|14.765|14.865|14.705|14.735|1241
2021.03.16 12:00:00|14.735|14.82|14.7|14.79|955
2021.03.16 13:00:00|14.785|14.85|14.755|14.775|692
2021.03.16 14:00:00|14.78|14.79|14.685|14.69|712
2021.03.16 15:00:00|14.685|14.69|14.525|14.56|1269
2021.03.16 16:00:00|14.555|14.56|14.44|14.455|1424
2021.03.16 17:00:00|14.46|14.53|14.41|14.53|1286
2021.03.16 18:00:00|14.53|14.59|14.515|14.585|384
2021.03.17 10:00:00|14.51|14.57|14.44|14.455|1750
2021.03.17 11:00:00|14.45|14.51|14.405|14.47|1197
2021.03.17 12:00:00|14.47|14.48|14.395|14.405|961
2021.03.17 13:00:00|14.4|14.42|14.34|14.385|896
2021.03.17 14:00:00|14.38|14.39|14.33|14.36|777
2021.03.17 15:00:00|14.36|14.59|14.3|14.53|1920
2021.03.17 16:00:00|14.525|14.61|14.44|14.52|1948
2021.03.17 17:00:00|14.525|14.63|14.515|14.55|1605
2021.03.17 18:00:00|14.555|14.62|14.535|14.58|682
2021.03.18 10:00:00|14.6|14.6|14.46|14.48|1391
2021.03.18 11:00:00|14.48|14.48|14.38|14.46|1032
2021.03.18 12:00:00|14.46|14.515|14.425|14.49|743
2021.03.18 13:00:00|14.49|14.54|14.46|14.48|1147
2021.03.18 14:00:00|14.48|14.52|14.445|14.51|1025
2021.03.18 15:00:00|14.515|14.52|14.425|14.5|2176
2021.03.18 16:00:00|14.505|14.535|14.31|14.355|1867
2021.03.18 17:00:00|14.36|14.43|14.34|14.405|1400
2021.03.18 18:00:00|14.405|14.415|14.375|14.39|525
2021.03.19 10:00:00|14.035|14.26|13.93|14.25|1963
2021.03.19 11:00:00|14.25|14.35|14.215|14.265|1071
2021.03.19 12:00:00|14.265|14.3|14.14|14.19|1259
2021.03.19 13:00:00|14.19|14.21|14.07|14.095|999
2021.03.19 14:00:00|14.1|14.18|14.1|14.16|1122
2021.03.19 15:00:00|14.155|14.2|13.99|14.135|2904
2021.03.19 16:00:00|14.13|14.275|14.075|14.25|2600
2021.03.19 17:00:00|14.245|14.26|14.17|14.25|1610
2021.03.19 18:00:00|14.255|14.325|14.255|14.26|659
2021.03.22 10:00:00|14.05|14.1|13.955|14.02|2278
2021.03.22 11:00:00|14.02|14.115|14.01|14.095|1355
2021.03.22 12:00:00|14.09|14.12|14.065|14.08|909
2021.03.22 13:00:00|14.08|14.13|14.05|14.125|782
2021.03.22 14:00:00|14.13|14.165|14.105|14.14|744
2021.03.22 15:00:00|14.14|14.19|14.09|14.12|1618
2021.03.22 16:00:00|14.12|14.19|14.095|14.165|1519
2021.03.22 17:00:00|14.165|14.185|14.09|14.16|1631
2021.03.22 18:00:00|14.16|14.165|14.12|14.13|513
2021.03.23 10:00:00|13.905|13.995|13.875|13.98|1906
2021.03.23 11:00:00|13.975|13.99|13.78|13.79|1323
2021.03.23 12:00:00|13.785|13.8|13.725|13.745|1012
2021.03.23 13:00:00|13.75|13.77|13.72|13.74|717
2021.03.23 14:00:00|13.74|13.745|13.66|13.71|780
2021.03.23 15:00:00|13.71|13.755|13.59|13.74|1736
2021.03.23 16:00:00|13.74|13.755|13.6|13.61|1485
2021.03.23 17:00:00|13.61|13.69|13.59|13.66|1099
2021.03.23 18:00:00|13.665|13.71|13.66|13.67|485
2021.03.24 10:00:00|13.49|13.63|13.49|13.57|1357
2021.03.24 11:00:00|13.565|13.77|13.56|13.74|1150
2021.03.24 12:00:00|13.735|13.81|13.66|13.695|1027
2021.03.24 13:00:00|13.695|13.79|13.665|13.67|1039
2021.03.24 14:00:00|13.675|13.72|13.65|13.65|748
2021.03.24 15:00:00|13.645|13.77|13.635|13.715|1796
2021.03.24 16:00:00|13.715|13.83|13.715|13.795|1687
2021.03.24 17:00:00|13.795|13.83|13.77|13.81|1101
2021.03.24 18:00:00|13.815|13.89|13.81|13.875|471
2021.03.25 10:00:00|13.775|13.8|13.69|13.695|1489
2021.03.25 11:00:00|13.695|13.72|13.61|13.655|950
2021.03.25 12:00:00|13.655|13.69|13.62|13.685|909
2021.03.25 13:00:00|13.68|13.685|13.445|13.495|1468
2021.03.25 14:00:00|13.5|13.505|13.385|13.47|1420
2021.03.25 15:00:00|13.47|13.49|13.39|13.42|3258
2021.03.25 16:00:00|13.42|13.48|13.3|13.34|2908
2021.03.25 17:00:00|13.34|13.47|13.275|13.47|2123
2021.03.25 18:00:00|13.47|13.51|13.445|13.495|615
2021.03.26 10:00:00|13.685|13.73|13.595|13.6|1692
2021.03.26 11:00:00|13.61|13.7|13.575|13.69|1009
2021.03.26 12:00:00|13.69|13.71|13.65|13.7|772
2021.03.26 13:00:00|13.705|13.745|13.695|13.73|748
2021.03.26 14:00:00|13.73|13.775|13.69|13.755|619
2021.03.26 15:00:00|13.75|13.84|13.745|13.775|1278
2021.03.26 16:00:00|13.77|13.855|13.725|13.81|1443
2021.03.26 17:00:00|13.81|13.82|13.73|13.75|1233
2021.03.26 18:00:00|13.75|13.79|13.74|13.78|649
2021.03.29 10:00:00|13.72|13.765|13.65|13.73|1310
2021.03.29 11:00:00|13.725|13.73|13.61|13.65|962
2021.03.29 12:00:00|13.65|13.79|13.645|13.79|824
2021.03.29 13:00:00|13.79|13.845|13.77|13.815|761
2021.03.29 14:00:00|13.815|13.845|13.785|13.8|612
2021.03.29 15:00:00|13.8|13.805|13.73|13.76|572
2021.03.29 16:00:00|13.755|13.755|13.66|13.745|1275
2021.03.29 17:00:00|13.74|13.81|13.73|13.755|1781
2021.03.29 18:00:00|13.75|13.77|13.72|13.765|614
2021.03.30 10:00:00|13.84|13.94|13.81|13.88|1205
2021.03.30 11:00:00|13.88|13.92|13.815|13.82|739
2021.03.30 12:00:00|13.82|13.82|13.71|13.73|478
2021.03.30 13:00:00|13.73|13.76|13.685|13.71|434
2021.03.30 14:00:00|13.71|13.71|13.65|13.7|586
2021.03.30 15:00:00|13.7|13.72|13.655|13.685|418
2021.03.30 16:00:00|13.69|13.755|13.645|13.75|1171
2021.03.30 17:00:00|13.75|13.77|13.69|13.695|1267
2021.03.30 18:00:00|13.7|13.765|13.685|13.725|788
2021.03.31 10:00:00|13.685|13.71|13.51|13.54|1677
2021.03.31 11:00:00|13.545|13.56|13.465|13.48|808
2021.03.31 12:00:00|13.48|13.48|13.405|13.415|703
2021.03.31 13:00:00|13.42|13.46|13.415|13.455|516
2021.03.31 14:00:00|13.455|13.485|13.44|13.475|509
2021.03.31 15:00:00|13.475|13.48|13.41|13.435|934
2021.03.31 16:00:00|13.435|13.475|13.39|13.425|1433
2021.03.31 17:00:00|13.425|13.425|13.36|13.395|1156
2021.03.31 18:00:00|13.4|13.455|13.37|13.4|707
2021.04.01 10:00:00|13.39|13.43|13.345|13.405|1120
2021.04.01 11:00:00|13.41|13.445|13.385|13.415|619
2021.04.01 12:00:00|13.41|13.42|13.4|13.41|461
2021.04.01 13:00:00|13.405|13.455|13.37|13.38|461
2021.04.01 14:00:00|13.38|13.41|13.365|13.365|400
2021.04.01 15:00:00|13.37|13.37|13.325|13.35|325
2021.04.01 16:00:00|13.35|13.425|13.335|13.385|1343
2021.04.01 17:00:00|13.39|13.425|13.35|13.36|1366
2021.04.01 18:00:00|13.36|13.39|13.33|13.34|644
2021.04.06 10:00:00|13.475|13.54|13.425|13.485|1297
2021.04.06 11:00:00|13.485|13.57|13.45|13.555|875
2021.04.06 12:00:00|13.55|13.565|13.485|13.535|701
2021.04.06 13:00:00|13.54|13.565|13.495|13.545|683
2021.04.06 14:00:00|13.54|13.59|13.51|13.57|440
2021.04.06 15:00:00|13.565|13.575|13.515|13.525|512
2021.04.06 16:00:00|13.525|13.735|13.52|13.725|1187
2021.04.06 17:00:00|13.72|13.725|13.6|13.63|1555
2021.04.06 18:00:00|13.63|13.63|13.55|13.565|735
2021.04.07 10:00:00|13.645|13.76|13.555|13.715|1763
2021.04.07 11:00:00|13.72|13.72|13.575|13.62|1231
2021.04.07 12:00:00|13.62|13.635|13.565|13.59|877
2021.04.07 13:00:00|13.595|13.665|13.59|13.64|792
2021.04.07 14:00:00|13.64|13.655|13.58|13.59|858
2021.04.07 15:00:00|13.59|13.635|13.585|13.63|776
2021.04.07 16:00:00|13.635|13.78|13.59|13.745|1724
2021.04.07 17:00:00|13.745|13.805|13.715|13.77|1304
2021.04.07 18:00:00|13.765|13.79|13.745|13.765|774
2021.04.08 10:00:00|13.785|13.82|13.6|13.635|1592
2021.04.08 11:00:00|13.63|13.655|13.605|13.63|930
2021.04.08 12:00:00|13.635|13.675|13.55|13.555|709
2021.04.08 13:00:00|13.555|13.59|13.535|13.555|773
2021.04.08 14:00:00|13.56|13.58|13.55|13.555|553
2021.04.08 15:00:00|13.555|13.58|13.5|13.52|539
2021.04.08 16:00:00|13.52|13.53|13.28|13.35|1958
2021.04.08 17:00:00|13.355|13.42|13.33|13.395|1246
2021.04.08 18:00:00|13.395|13.435|13.39|13.425|649
2021.04.09 10:00:00|13.405|13.52|13.37|13.42|1694
2021.04.09 11:00:00|13.42|13.42|13.29|13.345|1022
2021.04.09 12:00:00|13.345|13.42|13.335|13.405|769
2021.04.09 13:00:00|13.405|13.45|13.39|13.395|536
2021.04.09 14:00:00|13.395|13.41|13.38|13.39|448
2021.04.09 15:00:00|13.385|13.4|13.345|13.39|500
2021.04.09 16:00:00|13.385|13.4|13.33|13.375|1224
2021.04.09 17:00:00|13.38|13.385|13.29|13.32|1174
2021.04.09 18:00:00|13.32|13.36|13.32|13.34|478
2021.04.12 10:00:00|13.33|13.385|13.23|13.24|1560
2021.04.12 11:00:00|13.24|13.34|13.19|13.325|998
2021.04.12 12:00:00|13.325|13.38|13.315|13.355|936
2021.04.12 13:00:00|13.355|13.43|13.335|13.41|839
2021.04.12 14:00:00|13.415|13.45|13.39|13.43|761
2021.04.12 15:00:00|13.425|13.46|13.4|13.43|684
2021.04.12 16:00:00|13.43|13.53|13.425|13.46|1619
2021.04.12 17:00:00|13.46|13.475|13.39|13.39|1187
2021.04.12 18:00:00|13.39|13.41|13.37|13.385|538
2021.04.13 10:00:00|13.35|13.35|13.165|13.2|1000
2021.04.13 11:00:00|13.195|13.26|13.18|13.19|677
2021.04.13 12:00:00|13.19|13.25|13.175|13.235|553
2021.04.13 13:00:00|13.24|13.27|13.225|13.23|523
2021.04.13 14:00:00|13.225|13.23|13.18|13.22|778
2021.04.13 15:00:00|13.22|13.295|13.215|13.29|510
2021.04.13 16:00:00|13.285|13.3|13.2|13.225|1096
2021.04.13 17:00:00|13.23|13.305|13.215|13.265|862
2021.04.13 18:00:00|13.265|13.29|13.26|13.29|333
2021.04.14 10:00:00|13.32|13.355|13.23|13.24|1057
2021.04.14 11:00:00|13.24|13.3|13.235|13.29|594
2021.04.14 12:00:00|13.29|13.365|13.29|13.36|624
2021.04.14 13:00:00|13.365|13.37|13.31|13.33|623
2021.04.14 14:00:00|13.335|13.36|13.32|13.32|741
2021.04.14 15:00:00|13.32|13.35|13.29|13.3|561
2021.04.14 16:00:00|13.3|13.415|13.3|13.4|1335
2021.04.14 17:00:00|13.4|13.625|13.39|13.595|1814
2021.04.14 18:00:00|13.595|13.665|13.58|13.65|671
2021.04.15 10:00:00|13.68|13.72|13.59|13.59|1253
2021.04.15 11:00:00|13.595|13.67|13.59|13.635|778
2021.04.15 12:00:00|13.63|13.665|13.62|13.655|696
2021.04.15 13:00:00|13.655|13.74|13.64|13.725|515
2021.04.15 14:00:00|13.73|13.73|13.625|13.65|891
2021.04.15 15:00:00|13.645|13.68|13.62|13.655|660
2021.04.15 16:00:00|13.66|13.675|13.52|13.61|1684
2021.04.15 17:00:00|13.61|13.665|13.59|13.65|1386
2021.04.15 18:00:00|13.65|13.67|13.62|13.625|550
2021.04.16 10:00:00|13.67|13.73|13.58|13.59|1152
2021.04.16 11:00:00|13.59|13.61|13.545|13.57|740
2021.04.16 12:00:00|13.57|13.64|13.55|13.585|1000
2021.04.16 13:00:00|13.585|13.645|13.585|13.59|541
2021.04.16 14:00:00|13.585|13.6|13.565|13.595|475
2021.04.16 15:00:00|13.59|13.605|13.56|13.6|445
2021.04.16 16:00:00|13.6|13.64|13.49|13.5|1475
2021.04.16 17:00:00|13.495|13.505|13.435|13.46|1577
2021.04.16 18:00:00|13.46|13.49|13.46|13.48|509
2021.04.19 10:00:00|13.43|13.445|13.32|13.385|1224
2021.04.19 11:00:00|13.39|13.425|13.375|13.39|680
2021.04.19 12:00:00|13.385|13.42|13.345|13.415|546
2021.04.19 13:00:00|13.41|13.445|13.38|13.39|388
2021.04.19 14:00:00|13.385|13.405|13.365|13.385|539
2021.04.19 15:00:00|13.39|13.445|13.38|13.4|549
2021.04.19 16:00:00|13.395|13.48|13.37|13.46|1179
2021.04.19 17:00:00|13.465|13.465|13.305|13.315|1338
2021.04.19 18:00:00|13.31|13.36|13.295|13.35|559
2021.04.20 10:00:00|13.405|13.465|13.35|13.395|1459
2021.04.20 11:00:00|13.395|13.445|13.38|13.41|955
2021.04.20 12:00:00|13.415|13.415|13.28|13.305|1041
2021.04.20 13:00:00|13.305|13.31|13.19|13.2|936
2021.04.20 14:00:00|13.205|13.21|13.12|13.19|729
2021.04.20 15:00:00|13.195|13.23|13.18|13.21|649
2021.04.20 16:00:00|13.21|13.255|13.05|13.07|1667
2021.04.20 17:00:00|13.07|13.085|12.895|12.96|1944
2021.04.20 18:00:00|12.955|12.97|12.87|12.89|1004
2021.04.21 10:00:00|12.935|13.17|12.92|13.13|1502
2021.04.21 11:00:00|13.125|13.135|12.99|13.025|977
2021.04.21 12:00:00|13.03|13.05|12.95|12.96|957
2021.04.21 13:00:00|12.96|13.07|12.95|13.055|1257
2021.04.21 14:00:00|13.05|13.06|13.01|13.01|810
2021.04.21 15:00:00|13.015|13.025|12.925|12.97|950
2021.04.21 16:00:00|12.97|13.085|12.92|13.025|2164
2021.04.21 17:00:00|13.03|13.13|13.025|13.11|1789
2021.04.21 18:00:00|13.105|13.145|13.05|13.075|547
2021.04.22 10:00:00|13.005|13.04|12.88|12.92|1127
2021.04.22 11:00:00|12.92|12.995|12.91|12.94|896
2021.04.22 12:00:00|12.945|13.015|12.945|13.005|547
2021.04.22 13:00:00|13|13.02|12.95|12.97|416
2021.04.22 14:00:00|12.965|12.99|12.94|12.97|390
2021.04.22 15:00:00|12.97|13.035|12.97|13.01|544
2021.04.22 16:00:00|13.01|13.08|12.925|12.985|1907
2021.04.22 17:00:00|12.985|12.985|12.92|12.96|1215
2021.04.22 18:00:00|12.96|13.01|12.955|13.005|504
2021.04.23 10:00:00|12.935|13.03|12.89|12.975|1131
2021.04.23 11:00:00|12.975|12.975|12.91|12.935|645
2021.04.23 12:00:00|12.935|12.945|12.89|12.9|651
2021.04.23 13:00:00|12.905|12.945|12.9|12.92|494
2021.04.23 14:00:00|12.925|12.96|12.92|12.925|590
2021.04.23 15:00:00|12.925|12.945|12.895|12.905|657
2021.04.23 16:00:00|12.91|12.965|12.875|12.895|1319
2021.04.23 17:00:00|12.89|13|12.89|12.945|963
