2020.08.21 22:30:00|77|77.13|76.93000000000001|76.98999999999999|559
2020.08.24 16:30:00|77.48|78.15000000000001|77.16|77.92|4415
2020.08.24 17:30:00|77.93000000000001|79.06|77.92|78.84999999999999|2569
2020.08.24 18:30:00|78.84|78.84|78.42|78.55|2055
2020.08.24 19:30:00|78.54000000000001|78.76000000000001|78.44|78.73|1448
2020.08.24 20:30:00|78.72|78.73999999999999|78.31|78.37|1053
2020.08.24 21:30:00|78.38|78.38|78.16|78.33|1304
2020.08.24 22:30:00|78.34|78.61|78.29000000000001|78.59999999999999|597
2020.08.25 16:30:00|79.98|80.7|79.87|80.41|5951
2020.08.25 17:30:00|80.39|81.03|80.34999999999999|80.95999999999999|2995
2020.08.25 18:30:00|80.97|81.40000000000001|80.84999999999999|81.38|2652
2020.08.25 19:30:00|81.38|82.98|81.37|82.19|4267
2020.08.25 20:30:00|82.2|82.33|81.95|82.22|1623
2020.08.25 21:30:00|82.22|82.61|82.19|82.58|1227
2020.08.25 22:30:00|82.56999999999999|82.66|82.40000000000001|82.62|784
2020.08.26 16:30:00|82.11|82.5|81.79000000000001|82.23999999999999|4354
2020.08.26 17:30:00|82.25|82.41|82.03|82.25|1701
2020.08.26 18:30:00|82.23999999999999|82.55|82.2|82.45999999999999|1427
2020.08.26 19:30:00|82.47|82.56999999999999|82.34999999999999|82.44|874
2020.08.26 20:30:00|82.43000000000001|82.63|82.38|82.5|835
2020.08.26 21:30:00|82.48999999999999|82.53|82.27|82.39|1240
2020.08.26 22:30:00|82.40000000000001|82.40000000000001|82.18000000000001|82.3|1067
2020.08.27 16:30:00|82.58|83.31|82.48999999999999|83.29000000000001|5740
2020.08.27 17:30:00|83.3|83.43000000000001|82.84999999999999|82.90000000000001|3163
2020.08.27 18:30:00|82.91|83.27|82.79000000000001|83.08|2529
2020.08.27 19:30:00|83.06999999999999|83.16|82.67|83.15000000000001|3773
2020.08.27 20:30:00|83.14|83.38|82.98999999999999|83.37|2205
2020.08.27 21:30:00|83.38|83.55|83.18000000000001|83.39|2590
2020.08.27 22:30:00|83.39|83.51000000000001|83.25|83.33|2276
2020.08.28 16:30:00|83.56999999999999|84.03|83.39|83.61|4596
2020.08.28 17:30:00|83.62|84.5|83.34999999999999|84.5|2392
2020.08.28 18:30:00|84.5|84.68000000000001|84.14|84.36|2058
2020.08.28 19:30:00|84.36|85.15000000000001|84.34|84.65000000000001|2652
2020.08.28 20:30:00|84.64|84.91|84.59999999999999|84.90000000000001|1599
2020.08.28 21:30:00|84.91|85.19|84.83|85.09999999999999|1352
2020.08.28 22:30:00|85.09|85.2|84.79000000000001|84.91|993
2020.08.31 16:30:00|85.23|85.26000000000001|84.22|84.22|5345
2020.08.31 17:30:00|84.22|84.48|83.94|84.25|3329
2020.08.31 18:30:00|84.26000000000001|84.89|84.26000000000001|84.69|2111
2020.08.31 19:30:00|84.68000000000001|84.76000000000001|84.42|84.48|1162
2020.08.31 20:30:00|84.48|84.72|84.44|84.61|948
2020.08.31 21:30:00|84.62|84.70999999999999|84.34|84.43000000000001|1150
2020.08.31 22:30:00|84.43000000000001|84.73999999999999|84.43000000000001|84.45|934
2020.09.01 16:30:00|84.41|85.41|84.14|85.39|4738
2020.09.01 17:30:00|85.40000000000001|85.40000000000001|84.79000000000001|84.98|2172
2020.09.01 18:30:00|84.95999999999999|85.26000000000001|84.89|85.15000000000001|1416
2020.09.01 19:30:00|85.15000000000001|85.59|85.14|85.48999999999999|1268
2020.09.01 20:30:00|85.48|85.87|85.45|85.86|1091
2020.09.01 21:30:00|85.84999999999999|85.89|85.66|85.68000000000001|904
2020.09.01 22:30:00|85.68000000000001|86|85.62|85.98|501
2020.09.02 16:30:00|86.65000000000001|86.95|86.20999999999999|86.51000000000001|7386
2020.09.02 17:30:00|86.5|87.19|86.45|86.97|4874
2020.09.02 18:30:00|86.98|87.04000000000001|86.55|86.83|3250
2020.09.02 19:30:00|86.84|87.89|86.81999999999999|87.73|3134
2020.09.02 20:30:00|87.73999999999999|88.03|87.72|87.78|1972
2020.09.02 21:30:00|87.77|88.59|87.73|88.51000000000001|2232
2020.09.02 22:30:00|88.48999999999999|88.66|88.27|88.28|1835
2020.09.03 16:30:00|88.66|88.90000000000001|87.38|87.91|7169
2020.09.03 17:30:00|87.89|88.12|86.08|86.48999999999999|10431
2020.09.03 18:30:00|86.48999999999999|87.08|86.18000000000001|86.64|8837
2020.09.03 19:30:00|86.63|86.8|86.15000000000001|86.73|7747
2020.09.03 20:30:00|86.72|86.72|86.08|86.45|7688
2020.09.03 21:30:00|86.44|86.77|85.59999999999999|85.70999999999999|7246
2020.09.03 22:30:00|85.70999999999999|86.55|85.63|86.44|4735
2020.09.04 16:30:00|87.20999999999999|87.7|86.38|86.45|11425
2020.09.04 17:30:00|86.45999999999999|86.76000000000001|85.22|85.90000000000001|11661
2020.09.04 18:30:00|85.91|86.25|85.59999999999999|86.20999999999999|9154
2020.09.04 19:30:00|86.20999999999999|86.44|85.77|85.91|6748
2020.09.04 20:30:00|85.92|86.47|85.73|86.44|6686
2020.09.04 21:30:00|86.43000000000001|87.06|86.34|86.87|6743
2020.09.04 22:30:00|86.88|86.91|86.04000000000001|86.2|4922
2020.09.08 16:30:00|85.20999999999999|87.26000000000001|85.16|87.25|11395
2020.09.08 17:30:00|87.25|87.5|86.73999999999999|87.08|9173
2020.09.08 18:30:00|87.06999999999999|87.26000000000001|86.53|86.89|6462
2020.09.08 19:30:00|86.89|86.95999999999999|86.5|86.65000000000001|4311
2020.09.08 20:30:00|86.64|87.01000000000001|86.17|86.2|4266
2020.09.08 21:30:00|86.20999999999999|86.20999999999999|85.56|86.08|6481
2020.09.08 22:30:00|86.08|86.19|85.22|85.34999999999999|3239
2020.09.09 16:30:00|85.66|86.20999999999999|84.37|86.06999999999999|9060
2020.09.09 17:30:00|86.08|86.54000000000001|85.83|86|5270
2020.09.09 18:30:00|86.01000000000001|86.39|85.90000000000001|86.36|3083
2020.09.09 19:30:00|86.37|86.70999999999999|86.34999999999999|86.63|2963
2020.09.09 20:30:00|86.63|86.73999999999999|86.19|86.20999999999999|3013
2020.09.09 21:30:00|86.2|86.48|86.17|86.37|2851
2020.09.09 22:30:00|86.36|86.45999999999999|85.76000000000001|85.78|2700
2020.09.10 16:30:00|85.88|86.98999999999999|85.77|86.13|5966
2020.09.10 17:30:00|86.12|86.52|85.58|86.31|7147
2020.09.10 18:30:00|86.3|86.7|85.79000000000001|85.84999999999999|5991
2020.09.10 19:30:00|85.84999999999999|86.23|85.66|85.95|4922
2020.09.10 20:30:00|85.95999999999999|86.16|84.98|85.01000000000001|5617
2020.09.10 21:30:00|85.02|85.48999999999999|84.43000000000001|84.77|8545
2020.09.10 22:30:00|84.76000000000001|85.16|84.64|84.73999999999999|4874
2020.09.11 16:30:00|85.09999999999999|85.39|84.53|85.08|10055
2020.09.11 17:30:00|85.09|85.76000000000001|84.92|85.02|7018
2020.09.11 18:30:00|85.02|85.29000000000001|84.75|85.06999999999999|4535
2020.09.11 19:30:00|85.06|85.06999999999999|84.17|84.25|5652
2020.09.11 20:30:00|84.26000000000001|84.77|84.06|84.5|5248
2020.09.11 21:30:00|84.48999999999999|85.27|84.48|85.20999999999999|6087
2020.09.11 22:30:00|85.22|85.39|85.03|85.19|2737
2020.09.14 16:30:00|85.79000000000001|86.7|85.68000000000001|86.56|4665
2020.09.14 17:30:00|86.56999999999999|86.81|86.31999999999999|86.47|3570
2020.09.14 18:30:00|86.48|86.65000000000001|86.13|86.3|2386
2020.09.14 19:30:00|86.31|86.52|86.09|86.19|2256
2020.09.14 20:30:00|86.18000000000001|86.59|86.01000000000001|86.45999999999999|2835
2020.09.14 21:30:00|86.45999999999999|86.56999999999999|86.25|86.48|3852
2020.09.14 22:30:00|86.48|86.97|86.36|86.53|1809
2020.09.15 16:30:00|87.33|88.11|87.12|87.95999999999999|4183
2020.09.15 17:30:00|87.97|88.17|87.31999999999999|88.11|3878
2020.09.15 18:30:00|88.11|88.14|87.48999999999999|87.79000000000001|2354
2020.09.15 19:30:00|87.8|88.11|87.56|87.95999999999999|2969
2020.09.15 20:30:00|87.95|87.95999999999999|87.62|87.90000000000001|2680
2020.09.15 21:30:00|87.90000000000001|88.05|87.67|87.67|3358
2020.09.15 22:30:00|87.67|87.73999999999999|87.47|87.66|2022
2020.09.16 16:30:00|87.75|88.89|87.7|88.68000000000001|3766
2020.09.16 17:30:00|88.67|89.12|88.23|89.06|2827
2020.09.16 18:30:00|89.06|89.33|88.90000000000001|89.11|2307
2020.09.16 19:30:00|89.09999999999999|89.23|88.95999999999999|89.12|2436
2020.09.16 20:30:00|89.11|89.37|88.81999999999999|89.22|2913
2020.09.16 21:30:00|89.23|89.36|88.33|88.45999999999999|5277
2020.09.16 22:30:00|88.45|88.77|88.2|88.34|3320
2020.09.17 16:30:00|86.72|87.17|86.34|86.66|8383
2020.09.17 17:30:00|86.65000000000001|87.26000000000001|86.5|86.54000000000001|7725
2020.09.17 18:30:00|86.53|86.7|85.3|85.45999999999999|7774
2020.09.17 19:30:00|85.47|86.03|85.33|85.63|8146
2020.09.17 20:30:00|85.64|86.18000000000001|85.59999999999999|85.69|4982
2020.09.17 21:30:00|85.69|86.23|85.58|85.98999999999999|5740
2020.09.17 22:30:00|85.98999999999999|86.84|85.95|86.72|4021
2020.09.18 16:30:00|86.73999999999999|87.15000000000001|86.43000000000001|86.73999999999999|6211
2020.09.18 17:30:00|86.75|86.77|85.70999999999999|85.81|6682
2020.09.18 18:30:00|85.83|86.12|85.53|85.75|5553
2020.09.18 19:30:00|85.73999999999999|85.76000000000001|84.95999999999999|84.95999999999999|6422
2020.09.18 20:30:00|84.95|85.04000000000001|84.54000000000001|84.75|6412
2020.09.18 21:30:00|84.73999999999999|85.33|84.59999999999999|85.31999999999999|4907
2020.09.18 22:30:00|85.31|85.42|84.59999999999999|84.81999999999999|2583
2020.09.21 16:30:00|82.90000000000001|83.33|81.7|82.20999999999999|10222
2020.09.21 17:30:00|82.2|82.87|81.97|82.40000000000001|8418
2020.09.21 18:30:00|82.40000000000001|83.09999999999999|82.29000000000001|82.98999999999999|6876
2020.09.21 19:30:00|82.98|83.34999999999999|82.75|83.29000000000001|5940
2020.09.21 20:30:00|83.3|83.42|82.90000000000001|83.09|5012
2020.09.21 21:30:00|83.09|83.48999999999999|82.76000000000001|83.3|5089
2020.09.21 22:30:00|83.31|83.89|83.17|83.83|2590
2020.09.22 16:30:00|83.70999999999999|84.33|83.5|84.09|7765
2020.09.22 17:30:00|84.08|84.09|83.22|83.3|7106
2020.09.22 18:30:00|83.31|83.70999999999999|83.18000000000001|83.37|4912
2020.09.22 19:30:00|83.38|83.43000000000001|83.12|83.34|3717
2020.09.22 20:30:00|83.33|83.8|83.33|83.66|3907
2020.09.22 21:30:00|83.67|83.8|83.52|83.77|3773
2020.09.22 22:30:00|83.78|84.02|83.67|83.88|2218
2020.09.23 16:30:00|84.27|84.81|83.78|84.02|6499
2020.09.23 17:30:00|84.03|84.58|83.89|84.39|6447
2020.09.23 18:30:00|84.38|84.51000000000001|84.15000000000001|84.38|4641
2020.09.23 19:30:00|84.37|84.84|84.27|84.58|3848
2020.09.23 20:30:00|84.59|84.62|83.64|83.67|5719
2020.09.23 21:30:00|83.66|83.81|82.92|83.14|10569
2020.09.23 22:30:00|83.15000000000001|83.33|82.77|82.95|5806
2020.09.24 16:30:00|82.76000000000001|82.86|81.76000000000001|82.3|10585
2020.09.24 17:30:00|82.29000000000001|82.78|81.98999999999999|82.61|11720
2020.09.24 18:30:00|82.61|83.5|82.54000000000001|83.23999999999999|6947
2020.09.24 19:30:00|83.25|83.81999999999999|82.92|83.73999999999999|5601
2020.09.24 20:30:00|83.75|83.98999999999999|83.12|83.28|6559
2020.09.24 21:30:00|83.28|83.45999999999999|82.66|82.81|9046
2020.09.24 22:30:00|82.8|83.13|82.67|82.89|4529
2020.09.25 16:30:00|82.31999999999999|82.86|82.05|82.84|8694
2020.09.25 17:30:00|82.84|83.47|82.56|83.36|7482
2020.09.25 18:30:00|83.37|83.5|82.84999999999999|83.12|3912
2020.09.25 19:30:00|83.13|83.56999999999999|83.01000000000001|83.56|3677
2020.09.25 20:30:00|83.56999999999999|83.98999999999999|83.48|83.98|1867
2020.09.25 21:30:00|83.98999999999999|84.54000000000001|83.88|84.38|3738
2020.09.25 22:30:00|84.37|84.40000000000001|84.01000000000001|84.15000000000001|2483
2020.09.28 16:30:00|85.62|85.84999999999999|84.81999999999999|85.23999999999999|8515
2020.09.28 17:30:00|85.23999999999999|85.53|85.02|85.31|6503
2020.09.28 18:30:00|85.31999999999999|85.7|85.25|85.42|4277
2020.09.28 19:30:00|85.43000000000001|85.79000000000001|85.34999999999999|85.63|2541
2020.09.28 20:30:00|85.63|85.98999999999999|85.59999999999999|85.73|2381
2020.09.28 21:30:00|85.72|86.09|85.70999999999999|85.90000000000001|3101
2020.09.28 22:30:00|85.89|86.02|85.69|85.94|2956
2020.09.29 16:30:00|85.8|85.8|84.95999999999999|85.3|5852
2020.09.29 17:30:00|85.31|85.36|84.61|84.73999999999999|6156
2020.09.29 18:30:00|84.73999999999999|84.89|84.47|84.56|4054
2020.09.29 19:30:00|84.56999999999999|85.03|84.51000000000001|84.81999999999999|2896
2020.09.29 20:30:00|84.83|85.27|84.8|85.23|2740
2020.09.29 21:30:00|85.22|85.28|84.90000000000001|84.94|3098
2020.09.29 22:30:00|84.95|85.06999999999999|84.65000000000001|84.66|1493
2020.09.30 16:30:00|86.13|86.98|86.06|86.88|7223
2020.09.30 17:30:00|86.88|87|86.43000000000001|86.77|4657
2020.09.30 18:30:00|86.76000000000001|86.94|86.55|86.75|2581
2020.09.30 19:30:00|86.73999999999999|86.81|85.97|86.06999999999999|2441
2020.09.30 20:30:00|86.06|86.52|85.77|86.05|3690
2020.09.30 21:30:00|86.05|86.06999999999999|85.31999999999999|85.76000000000001|9942
2020.09.30 22:30:00|85.75|86.03|85.56|85.77|4856
2020.10.01 16:30:00|86.81999999999999|87.29000000000001|86.43000000000001|86.89|7581
2020.10.01 17:30:00|86.89|87.23999999999999|86.52|86.89|7053
2020.10.01 18:30:00|86.90000000000001|87.06999999999999|86.63|87.05|4224
2020.10.01 19:30:00|87.06|87.12|86.59|86.65000000000001|2782
2020.10.01 20:30:00|86.64|86.73999999999999|86.04000000000001|86.34|7322
2020.10.01 21:30:00|86.34|86.61|86.34|86.39|4152
2020.10.01 22:30:00|86.38|86.63|86.25|86.59|1975
2020.10.02 16:30:00|85.37|86.23999999999999|85.25|86.22|9770
2020.10.02 17:30:00|86.2|86.58|85.77|86.43000000000001|8788
2020.10.02 18:30:00|86.43000000000001|86.81|85.61|86.68000000000001|9765
2020.10.02 19:30:00|86.68000000000001|86.94|86.48999999999999|86.84999999999999|7626
2020.10.02 20:30:00|86.86|86.97|86.25|86.78|6753
2020.10.02 21:30:00|86.79000000000001|86.83|86.38|86.72|7452
2020.10.02 22:30:00|86.73|86.87|86.41|86.45|2924
2020.10.05 16:30:00|87.20999999999999|87.73999999999999|87.2|87.33|5043
2020.10.05 17:30:00|87.34|88.01000000000001|87.34|87.90000000000001|3210
2020.10.05 18:30:00|87.91|88.04000000000001|87.72|87.95999999999999|1717
2020.10.05 19:30:00|87.97|88.44|87.86|87.92|1949
2020.10.05 20:30:00|87.92|88.14|87.73999999999999|88.06999999999999|2173
2020.10.05 21:30:00|88.08|88.48999999999999|88.06999999999999|88.45999999999999|2076
2020.10.05 22:30:00|88.47|88.52|88.23|88.3|1257
2020.10.06 16:30:00|88.56999999999999|89.12|88.36|89.09999999999999|5041
2020.10.06 17:30:00|89.11|89.11|88.15000000000001|88.29000000000001|6018
2020.10.06 18:30:00|88.28|88.72|88.15000000000001|88.45999999999999|4740
2020.10.06 19:30:00|88.45|88.95|88.34999999999999|88.66|2558
2020.10.06 20:30:00|88.67|88.81999999999999|88.45|88.79000000000001|2625
2020.10.06 21:30:00|88.79000000000001|89.02|86.68000000000001|87.16|17906
2020.10.06 22:30:00|87.17|87.31|86.65000000000001|86.84|6599
2020.10.07 16:30:00|87.65000000000001|87.92|87.34999999999999|87.59|4937
2020.10.07 17:30:00|87.59|88.2|87.28|88.18000000000001|3644
2020.10.07 18:30:00|88.19|88.31|87.78|87.95999999999999|3460
2020.10.07 19:30:00|87.95999999999999|88.5|87.94|88.38|2100
2020.10.07 20:30:00|88.39|88.77|88.34999999999999|88.72|2680
2020.10.07 21:30:00|88.73|88.81999999999999|88.55|88.78|1714
2020.10.07 22:30:00|88.77|88.79000000000001|88.28|88.28|1323
2020.10.08 16:30:00|88.40000000000001|88.66|88.26000000000001|88.39|5334
2020.10.08 17:30:00|88.40000000000001|88.97|88.37|88.8|4612
2020.10.08 18:30:00|88.79000000000001|89.40000000000001|88.53|89.34999999999999|2943
2020.10.08 19:30:00|89.36|89.45999999999999|89.2|89.3|1214
2020.10.08 20:30:00|89.3|89.42|89.18000000000001|89.39|1181
2020.10.08 21:30:00|89.40000000000001|89.44|89.17|89.36|1414
2020.10.08 22:30:00|89.37|89.42|89.26000000000001|89.37|906
2020.10.09 16:30:00|89.67|89.93000000000001|89.42|89.45999999999999|3827
2020.10.09 17:30:00|89.45999999999999|89.98|89.45|89.89|2512
2020.10.09 18:30:00|89.90000000000001|90.06999999999999|89.79000000000001|89.94|2647
2020.10.09 19:30:00|89.95|90.17|89.93000000000001|90|1335
2020.10.09 20:30:00|89.98999999999999|90.04000000000001|89.81999999999999|89.87|870
2020.10.09 21:30:00|89.88|89.98999999999999|89.77|89.94|1544
