2021.03.19 18:00:00|10928.96|10939.01|10927.35|10938.75|756
2021.03.22 10:00:00|10946.14|10986.66|10941.25|10957.36|2806
2021.03.22 11:00:00|10957.44|10966.56|10940.31|10951.81|2414
2021.03.22 12:00:00|10951.48|10959.98|10942.78|10957.53|2085
2021.03.22 13:00:00|10957.34|10984.74|10953.86|10976.02|1758
2021.03.22 14:00:00|10976.05|10977.16|10957.94|10965.55|1818
2021.03.22 15:00:00|10965.52|11002.09|10957.31|11000.05|2274
2021.03.22 16:00:00|11000.38|11039.23|10993.61|11028.44|2463
2021.03.22 17:00:00|11028.85|11034.89|11012.77|11034.89|2291
2021.03.22 18:00:00|11032.86|11035.35|11023.94|11031.43|734
2021.03.23 10:00:00|11032.25|11067.77|11009.22|11065.72|2618
2021.03.23 11:00:00|11065.67|11081.41|11048.92|11058.31|2477
2021.03.23 12:00:00|11058.28|11062.42|11037.19|11050.84|2241
2021.03.23 13:00:00|11050.85|11077.81|11041.04|11069.75|1843
2021.03.23 14:00:00|11069.72|11074.47|11058.9|11069.35|1755
2021.03.23 15:00:00|11069.74|11080.59|11061.54|11080.38|2345
2021.03.23 16:00:00|11080.47|11101.93|11080.3|11099.62|2351
2021.03.23 17:00:00|11099.81|11111.92|11097.18|11107.89|2096
2021.03.23 18:00:00|11108.13|11108.5|11092.99|11093.99|701
2021.03.24 10:00:00|11055.01|11102.04|11045.48|11088.17|2489
2021.03.24 11:00:00|11088.43|11089.27|11061.69|11065.66|2279
2021.03.24 12:00:00|11065.4|11070.52|11044.94|11053.32|2032
2021.03.24 13:00:00|11053.63|11077.8|11052.46|11065.97|1620
2021.03.24 14:00:00|11065.88|11067.05|11040.51|11054.21|1748
2021.03.24 15:00:00|11054.23|11059|11027.53|11031.46|2349
2021.03.24 16:00:00|11031.14|11053.68|11030.32|11051.45|2399
2021.03.24 17:00:00|11051.33|11070.01|11046.98|11058.14|2210
2021.03.24 18:00:00|11058.01|11061.73|11053.68|11060.27|690
2021.03.25 10:00:00|11025.77|11087.36|11013.65|11073.91|2504
2021.03.25 11:00:00|11073.85|11082.26|11064.39|11079.46|2118
2021.03.25 12:00:00|11079.48|11096.84|11075.63|11092.11|1807
2021.03.25 13:00:00|11092.2|11092.2|11041.76|11044.12|2323
2021.03.25 14:00:00|11044.82|11068.21|11031.69|11064.76|2363
2021.03.25 15:00:00|11064.71|11081.9|11046.12|11055.22|2510
2021.03.25 16:00:00|11055.28|11071.62|11046.61|11060.17|2647
2021.03.25 17:00:00|11060.74|11072.73|11043.86|11070.13|2517
2021.03.25 18:00:00|11070.2|11080.63|11060.66|11078.8|869
2021.03.26 10:00:00|11114|11138.17|11099.56|11110.33|2457
2021.03.26 11:00:00|11110.36|11119.09|11092.85|11094.99|2094
2021.03.26 12:00:00|11094.39|11104.42|11085.63|11102.7|1786
2021.03.26 13:00:00|11102.79|11116.34|11092.51|11116.15|1569
2021.03.26 14:00:00|11115.9|11115.9|11096.78|11103.72|1576
2021.03.26 15:00:00|11103.6|11129.72|11101.68|11106.72|2111
2021.03.26 16:00:00|11106.48|11110.74|11086.3|11091.67|2377
2021.03.26 17:00:00|11092.12|11115.62|11089.73|11115.62|1912
2021.03.26 18:00:00|11115.45|11116.03|11109.33|11114.44|650
2021.03.29 10:00:00|11116.52|11119.44|11056.98|11060.03|2695
2021.03.29 11:00:00|11058.49|11085.49|11052.42|11078.92|2527
2021.03.29 12:00:00|11078.95|11087.62|11066.48|11087.49|2204
2021.03.29 13:00:00|11087.66|11101.29|11086.31|11087.31|1964
2021.03.29 14:00:00|11087.2|11103.3|11073.3|11074.43|1828
2021.03.29 15:00:00|11074.75|11077.62|11054.61|11065.03|1907
2021.03.29 16:00:00|11065.71|11096.02|11064.81|11092.31|2274
2021.03.29 17:00:00|11092.15|11101.72|11076.27|11079.94|2561
2021.03.29 18:00:00|11080.12|11087.33|11079.11|11084.33|850
2021.03.30 10:00:00|11109.29|11132.4|11097.07|11105.45|2422
2021.03.30 11:00:00|11103.68|11115.16|11092.43|11104.28|2065
2021.03.30 12:00:00|11103.87|11106.94|11084.99|11097.37|2108
2021.03.30 13:00:00|11097.33|11109.57|11087.54|11100.88|1809
2021.03.30 14:00:00|11100.79|11101.85|11087.35|11089.93|1434
2021.03.30 15:00:00|11089.88|11093.64|11073.8|11086.82|1652
2021.03.30 16:00:00|11086.88|11113.19|11083.19|11107.64|2128
2021.03.30 17:00:00|11108.67|11119.3|11088.26|11113.54|2452
2021.03.30 18:00:00|11113.14|11124.62|11111.53|11123.58|820
2021.03.31 10:00:00|11110.27|11115.12|11080.91|11091.5|2410
2021.03.31 11:00:00|11089.79|11091.15|11067|11082.78|2043
2021.03.31 12:00:00|11082.67|11109.01|11081.74|11089.53|1878
2021.03.31 13:00:00|11089.51|11105.97|11085.58|11101.34|1648
2021.03.31 14:00:00|11101.3|11115.51|11097.04|11106.87|1418
2021.03.31 15:00:00|11106.93|11117.35|11097.07|11097.84|1953
2021.03.31 16:00:00|11096.92|11097.86|11054.43|11055.04|2160
2021.03.31 17:00:00|11055.75|11070.97|11041.87|11042.81|2348
2021.03.31 18:00:00|11042.83|11060.37|11040.42|11052.25|801
2021.04.01 10:00:00|11101.9|11135.08|11077.88|11135.08|2430
2021.04.01 11:00:00|11135.48|11135.48|11106.75|11116.28|2088
2021.04.01 12:00:00|11116.33|11128.77|11107.53|11117.63|1713
2021.04.01 13:00:00|11117.66|11117.98|11082.8|11083.37|1612
2021.04.01 14:00:00|11083.26|11093.38|11078.79|11086.14|1431
2021.04.01 15:00:00|11086.09|11093.48|11074.2|11081.84|1525
2021.04.01 16:00:00|11081.91|11095.1|11080.46|11089.32|1767
2021.04.01 17:00:00|11089.39|11126.11|11089.1|11110.5|2180
2021.04.01 18:00:00|11109.93|11112.53|11102.86|11110.22|763
2021.04.06 10:00:00|11169.16|11177.26|11135.48|11168.53|2826
2021.04.06 11:00:00|11168.53|11193.02|11154.9|11181.8|2425
2021.04.06 12:00:00|11181.69|11184.88|11157.73|11181.57|2190
2021.04.06 13:00:00|11181.88|11191.28|11176.38|11188.3|1975
2021.04.06 14:00:00|11188.27|11207.38|11188.27|11200.04|1838
2021.04.06 15:00:00|11200.01|11200.01|11172.93|11180.23|1860
2021.04.06 16:00:00|11180.68|11184.18|11170.34|11180.24|2225
2021.04.06 17:00:00|11180.33|11193.69|11162.37|11192.72|2280
2021.04.06 18:00:00|11192.09|11192.09|11179.85|11188.15|857
2021.04.07 10:00:00|11127.28|11157.84|11122.41|11147.41|2439
2021.04.07 11:00:00|11146.62|11148.15|11129.74|11130.36|2047
2021.04.07 12:00:00|11130.31|11142.05|11127.96|11128.96|1766
2021.04.07 13:00:00|11129.01|11136.28|11122.33|11123.84|1427
2021.04.07 14:00:00|11124.02|11128.66|11113.71|11116.07|1437
2021.04.07 15:00:00|11115.48|11129.54|11101.94|11104.06|1604
2021.04.07 16:00:00|11104.95|11135.45|11104.95|11121.67|2122
2021.04.07 17:00:00|11120.13|11141.04|11118.24|11136.74|2188
2021.04.07 18:00:00|11136.07|11139.75|11129.88|11130.94|774
2021.04.08 10:00:00|11137.87|11146.15|11122.27|11136.75|2349
2021.04.08 11:00:00|11137.11|11160.71|11133.81|11151.69|2101
2021.04.08 12:00:00|11151.71|11168.46|11149.1|11167.1|1874
2021.04.08 13:00:00|11167|11172.13|11155.28|11159.74|1668
2021.04.08 14:00:00|11160.05|11168.5|11154.34|11167.13|1693
2021.04.08 15:00:00|11166.87|11172.38|11161.15|11167.38|1663
2021.04.08 16:00:00|11167.49|11192.31|11161.79|11191.4|2164
2021.04.08 17:00:00|11191.26|11195.25|11175.93|11184.66|2179
2021.04.08 18:00:00|11184.1|11186.51|11179.84|11186.48|714
2021.04.09 10:00:00|11194.4|11219.69|11184.05|11219.69|2686
2021.04.09 11:00:00|11219.72|11240.67|11215.44|11235.54|2558
2021.04.09 12:00:00|11235.51|11235.51|11199.94|11212.46|2094
2021.04.09 13:00:00|11211.91|11220.67|11199.83|11209.1|1657
2021.04.09 14:00:00|11207.9|11217.29|11205.51|11214.88|1661
2021.04.09 15:00:00|11215.08|11224.3|11202.53|11222.39|1830
2021.04.09 16:00:00|11221.69|11226.47|11203.85|11221.87|2257
2021.04.09 17:00:00|11222.27|11231.58|11208.93|11208.93|2293
2021.04.09 18:00:00|11208.86|11224.25|11207.42|11223.3|790
2021.04.12 10:00:00|11210.34|11232.12|11197.85|11208.11|2494
2021.04.12 11:00:00|11206.15|11210.03|11193.73|11205.4|2081
2021.04.12 12:00:00|11205.4|11217.27|11185.69|11217.1|2030
2021.04.12 13:00:00|11217.26|11218.92|11202.53|11204.16|1617
2021.04.12 14:00:00|11204.11|11204.47|11187.92|11193.34|1480
2021.04.12 15:00:00|11193.83|11200.74|11187.62|11188.4|1666
2021.04.12 16:00:00|11189.35|11197.27|11175.86|11196.98|2141
2021.04.12 17:00:00|11196.76|11197.94|11166.43|11169.15|2086
2021.04.12 18:00:00|11168.99|11175.71|11160.24|11174.66|724
2021.04.13 10:00:00|11165.22|11175.03|11129.65|11145.58|2529
2021.04.13 11:00:00|11145.78|11156.17|11133.91|11154.65|2226
2021.04.13 12:00:00|11154.89|11156.2|11130.76|11139.53|2050
2021.04.13 13:00:00|11139.88|11140.44|11110.39|11111.7|1856
2021.04.13 14:00:00|11111.63|11126.8|11088.67|11117.44|2161
2021.04.13 15:00:00|11117.53|11128.01|11110.45|11124.71|2061
2021.04.13 16:00:00|11124.22|11131.56|11098.72|11126.93|2576
2021.04.13 17:00:00|11127.13|11137.42|11101.33|11107.42|2490
2021.04.13 18:00:00|11106.97|11112.18|11098.57|11099.23|890
2021.04.14 10:00:00|11125.68|11143.66|11116.2|11122.25|2630
2021.04.14 11:00:00|11122.15|11152.38|11120.22|11151.46|2445
2021.04.14 12:00:00|11151.42|11160.27|11133.89|11156.1|2094
2021.04.14 13:00:00|11155.99|11161.99|11146.63|11157.69|1885
2021.04.14 14:00:00|11157.71|11168.95|11156.16|11168.72|1816
2021.04.14 15:00:00|11168.78|11176.66|11153|11155.55|1927
2021.04.14 16:00:00|11155.7|11164.73|11136.99|11161.71|2417
2021.04.14 17:00:00|11162.56|11176.02|11149.28|11154.85|2464
2021.04.14 18:00:00|11154.98|11157.18|11146.93|11147.56|739
2021.04.15 10:00:00|11159.34|11196.59|11151.39|11192.05|2612
2021.04.15 11:00:00|11191.81|11211.49|11189.98|11193.72|2181
2021.04.15 12:00:00|11193.78|11193.78|11174.42|11176.27|2049
2021.04.15 13:00:00|11176.67|11191.82|11172.18|11189.39|1618
2021.04.15 14:00:00|11189.21|11192.02|11165.19|11189.56|2040
2021.04.15 15:00:00|11190.2|11201.93|11183.17|11200.76|1910
2021.04.15 16:00:00|11200.91|11209.07|11180.42|11206.52|2280
2021.04.15 17:00:00|11206.75|11218.02|11202.09|11217.99|2332
2021.04.15 18:00:00|11217.57|11219.96|11211.51|11214.28|726
2021.04.16 10:00:00|11203.27|11212.13|11171.16|11178.54|2487
2021.04.16 11:00:00|11178.15|11188.35|11172.12|11177.75|2272
2021.04.16 12:00:00|11177.36|11211.59|11175.01|11208.71|2312
2021.04.16 13:00:00|11209.77|11209.77|11175.56|11177.04|1811
2021.04.16 14:00:00|11177.49|11190.54|11162.48|11187.81|1734
2021.04.16 15:00:00|11188.23|11209.53|11186.08|11198.85|1747
2021.04.16 16:00:00|11199.37|11200.32|11172.83|11188.92|2294
2021.04.16 17:00:00|11188.34|11210.08|11182.97|11204.52|2341
2021.04.16 18:00:00|11204.55|11217.12|11204.11|11217.12|710
2021.04.19 10:00:00|11223.3|11261.19|11221.03|11233.96|2535
2021.04.19 11:00:00|11233.72|11236.33|11214.8|11222.58|2367
2021.04.19 12:00:00|11222.53|11226.45|11210.94|11217.57|1920
2021.04.19 13:00:00|11217.54|11229.89|11205.63|11211.69|1760
2021.04.19 14:00:00|11212.12|11223.18|11205.87|11207.34|1925
2021.04.19 15:00:00|11207.18|11208.8|11187.65|11203.15|2021
2021.04.19 16:00:00|11203.39|11210.82|11182.23|11195.68|2409
2021.04.19 17:00:00|11194.55|11196.77|11177.29|11189.51|2553
2021.04.19 18:00:00|11189.41|11193.07|11186.72|11190.2|855
2021.04.20 10:00:00|11201.34|11210.05|11179.4|11196.33|2638
2021.04.20 11:00:00|11196.08|11196.64|11162.4|11163.3|2455
2021.04.20 12:00:00|11163.38|11165.23|11128.78|11132.08|2438
2021.04.20 13:00:00|11132.74|11139.36|11115.64|11130.33|2182
2021.04.20 14:00:00|11130.14|11131.51|11111.71|11121.16|2055
2021.04.20 15:00:00|11120.96|11126.15|11104.22|11115.3|2101
2021.04.20 16:00:00|11115.45|11138.43|11097.22|11111.1|2544
2021.04.20 17:00:00|11110.73|11117.31|11059.88|11069.78|2862
2021.04.20 18:00:00|11069.62|11089.32|11063.48|11075.86|998
2021.04.21 10:00:00|11118.75|11158.81|11118.31|11152.49|2736
2021.04.21 11:00:00|11152.62|11156.01|11129.11|11137.48|2512
2021.04.21 12:00:00|11137.09|11150.15|11129.81|11134.8|2212
2021.04.21 13:00:00|11135.08|11158.24|11118.92|11158.21|2175
2021.04.21 14:00:00|11157.95|11171.8|11148.84|11152.32|2020
2021.04.21 15:00:00|11152.48|11154.2|11132.48|11140.04|2210
2021.04.21 16:00:00|11139.5|11199.6|11135.19|11196.88|2800
2021.04.21 17:00:00|11196.21|11223.17|11195.78|11215.84|2784
2021.04.21 18:00:00|11215.75|11219.86|11211.78|11213.33|821
2021.04.22 10:00:00|11221.21|11248.97|11218.52|11222.13|2979
2021.04.22 11:00:00|11222.13|11236.6|11213.73|11215.9|2877
2021.04.22 12:00:00|11216.29|11237.17|11215.31|11229.73|2393
2021.04.22 13:00:00|11229.72|11231.17|11198.52|11213.24|2210
2021.04.22 14:00:00|11213.2|11220.61|11207.52|11214.16|2219
2021.04.22 15:00:00|11214.24|11222.17|11197.68|11199.25|2188
2021.04.22 16:00:00|11199|11227.2|11191.67|11224.97|2631
2021.04.22 17:00:00|11224.93|11237.74|11203.95|11211.22|2649
2021.04.22 18:00:00|11211.32|11223.75|11211.09|11223.08|877
2021.04.23 10:00:00|11201.86|11211.07|11168.29|11209.71|2713
2021.04.23 11:00:00|11209.78|11209.78|11164.16|11164.16|2453
2021.04.23 12:00:00|11164|11171.72|11151.86|11153.15|2312
2021.04.23 13:00:00|11153.42|11159.61|11144.13|11145.05|2038
2021.04.23 14:00:00|11145.99|11163.8|11133.53|11155.54|1950
2021.04.23 15:00:00|11155.51|11161.95|11123.8|11148.25|2245
2021.04.23 16:00:00|11148.37|11166.79|11138.92|11166.31|2499
2021.04.23 17:00:00|11166.59|11181.8|11157.17|11170.63|2558
2021.04.23 18:00:00|11170.68|11181.43|11169.71|11180.3|801
2021.04.26 10:00:00|11172.16|11197.3|11169.01|11170.63|2570
2021.04.26 11:00:00|11169.35|11171.8|11139.43|11163.58|2526
2021.04.26 12:00:00|11163.34|11167.95|11148.23|11153.89|2273
2021.04.26 13:00:00|11153.51|11162.18|11124.33|11133.24|2070
2021.04.26 14:00:00|11132.94|11153.61|11128.37|11149.89|1855
2021.04.26 15:00:00|11149.95|11180.34|11144.86|11171.26|1922
2021.04.26 16:00:00|11171.38|11176.42|11158.82|11166.05|2246
2021.04.26 17:00:00|11166.07|11177.31|11163.03|11167.65|2305
2021.04.26 18:00:00|11167.63|11172.68|11163|11171.04|670
2021.04.27 10:00:00|11153.27|11172.35|11140.43|11167.24|2592
2021.04.27 11:00:00|11165.76|11167.62|11136.23|11136.53|2229
2021.04.27 12:00:00|11136.34|11149.89|11098.84|11105.16|2265
2021.04.27 13:00:00|11105.44|11116.63|11096.54|11100.48|2008
2021.04.27 14:00:00|11101.37|11105.36|11076.35|11083.38|1822
2021.04.27 15:00:00|11083.45|11100.22|11082.47|11088.18|1808
2021.04.27 16:00:00|11088.11|11100.17|11069.66|11079.96|2326
2021.04.27 17:00:00|11080.17|11088.41|11061.73|11079.63|2349
2021.04.27 18:00:00|11079.6|11081.71|11070.99|11079.25|706
2021.04.28 10:00:00|11105.75|11117.26|11074.58|11086.49|2632
2021.04.28 11:00:00|11084.88|11092.02|11064.23|11085.4|2370
2021.04.28 12:00:00|11085.28|11093.66|11067.46|11076.6|2053
2021.04.28 13:00:00|11076.91|11107.24|11074.43|11107.24|1736
2021.04.28 14:00:00|11104.78|11107.72|11086.83|11099.48|1718
2021.04.28 15:00:00|11099.46|11110.4|11094.71|11098.18|1687
2021.04.28 16:00:00|11098.15|11120.41|11088.87|11117.4|2213
2021.04.28 17:00:00|11117.43|11118.24|11104.3|11106.2|2240
2021.04.28 18:00:00|11105.44|11106.09|11097.21|11105.27|724
2021.04.29 10:00:00|11131.07|11156.15|11105.62|11151.9|2636
2021.04.29 11:00:00|11150.55|11154.42|11131.16|11133.59|2364
2021.04.29 12:00:00|11133.6|11135.42|11117.94|11121.89|2146
2021.04.29 13:00:00|11121.84|11121.84|11102.12|11114.06|1779
2021.04.29 14:00:00|11114.13|11118.55|11081.09|11081.64|1797
2021.04.29 15:00:00|11081.59|11106.59|11078.45|11104.17|1865
2021.04.29 16:00:00|11104.05|11111.89|11075.98|11083.38|2343
2021.04.29 17:00:00|11082.43|11091.49|11057.83|11070.8|2629
2021.04.29 18:00:00|11070.43|11088.71|11067.57|11080.33|768
2021.04.30 10:00:00|11095.49|11111.69|11087.78|11095.7|2648
2021.04.30 11:00:00|11095.7|11117.33|11084.72|11087.49|2199
2021.04.30 12:00:00|11087.27|11087.56|11065.52|11070.01|2106
2021.04.30 13:00:00|11070.51|11073.08|11021.67|11036.38|2079
2021.04.30 14:00:00|11036.04|11048.05|11019.08|11048.05|1891
2021.04.30 15:00:00|11048.14|11072.35|11043.24|11071.27|1854
2021.04.30 16:00:00|11071.26|11094.38|11058.74|11094.09|2216
2021.04.30 17:00:00|11093.09|11098.05|11069.04|11074.11|2308
2021.04.30 18:00:00|11073.47|11074.43|11029.39|11029.39|870
2021.05.03 10:00:00|11071.3|11142.79|11057.26|11142.02|2342
2021.05.03 11:00:00|11141.91|11143.51|11093.84|11097.74|2033
2021.05.03 12:00:00|11097.7|11098.07|11050.71|11072.62|2054
2021.05.03 13:00:00|11072.82|11104.52|11062.72|11096.11|1616
2021.05.03 14:00:00|11095.41|11129.75|11095.41|11129.47|1574
2021.05.03 15:00:00|11129.44|11135.75|11114.32|11120.96|1614
2021.05.03 16:00:00|11120.92|11124.55|11094.5|11113.04|1987
2021.05.03 17:00:00|11112.97|11112.97|11089.51|11104.05|2311
2021.05.03 18:00:00|11104.06|11112.04|11099.11|11108.6|704
2021.05.04 10:00:00|11115.31|11139|11078.56|11084.25|2593
2021.05.04 11:00:00|11084.25|11091.12|11069.88|11084.85|2267
2021.05.04 12:00:00|11084.75|11103.01|11074.37|11100.68|1960
2021.05.04 13:00:00|11100.73|11115.1|11090.49|11104.07|1676
2021.05.04 14:00:00|11104.01|11113.79|11049.89|11052.14|2119
2021.05.04 15:00:00|11052.11|11058.37|11009.39|11009.8|2505
2021.05.04 16:00:00|11009.06|11039.12|10984.02|10992.51|2757
2021.05.04 17:00:00|10991.9|10997.28|10961.94|10963.49|3072
2021.05.04 18:00:00|10963.5|10975.27|10953.46|10961.89|1027
2021.05.05 10:00:00|11025.32|11103.69|11007.04|11101.95|2713
2021.05.05 11:00:00|11101.95|11108.23|11082.94|11083.34|2398
2021.05.05 12:00:00|11083.41|11102.26|11074.66|11090.46|2191
2021.05.05 13:00:00|11090.34|11098.5|11079.91|11094.47|1841
2021.05.05 14:00:00|11094.55|11098.71|11088.24|11090.15|1749
2021.05.05 15:00:00|11090.25|11099.04|11066|11066.95|1978
2021.05.05 16:00:00|11067.02|11092.62|11059.82|11084.01|2505
2021.05.05 17:00:00|11085.19|11091.43|11069.17|11082.52|2570
2021.05.05 18:00:00|11082.82|11101.81|11079.28|11099.54|856
2021.05.06 10:00:00|11121.29|11134.98|11093.36|11100.82|2699
2021.05.06 11:00:00|11100.8|11106.83|11076.68|11080.75|2480
2021.05.06 12:00:00|11081.22|11092.12|11056.07|11081.31|2507
2021.05.06 13:00:00|11080.63|11097.22|11080.25|11092.79|2119
2021.05.06 14:00:00|11093.03|11102.23|11076.81|11087.66|2011
2021.05.06 15:00:00|11087.25|11090.94|11067.03|11075.2|2013
2021.05.06 16:00:00|11075.59|11094.66|11069.02|11081.84|2574
2021.05.06 17:00:00|11081.96|11091.26|11063.73|11083.8|2830
2021.05.06 18:00:00|11083.72|11092.38|11081.22|11091.27|864
2021.05.07 10:00:00|11130.09|11141.66|11100.47|11112.07|2575
2021.05.07 11:00:00|11112.09|11130.58|11101.06|11130.58|2345
2021.05.07 12:00:00|11130.72|11144.1|11127.87|11136.61|2184
2021.05.07 13:00:00|11136.35|11160.98|11130.95|11146.84|1972
2021.05.07 14:00:00|11146|11155.86|11142.72|11153.1|1806
2021.05.07 15:00:00|11153.14|11155.97|11116.86|11137.38|2404
2021.05.07 16:00:00|11136.97|11157.66|11123.56|11142.63|2783
2021.05.07 17:00:00|11143.13|11156.42|11132.62|11143.78|2605
2021.05.07 18:00:00|11143.93|11154.29|11141.39|11153.56|728
2021.05.10 10:00:00|11153.07|11153.25|11121.44|11123.9|2626
2021.05.10 11:00:00|11123.9|11142.73|11108.13|11109.05|2316
2021.05.10 12:00:00|11109.12|11131.75|11105.14|11116.97|1990
2021.05.10 13:00:00|11116.87|11120.11|11091.99|11097.92|1835
2021.05.10 14:00:00|11098.24|11112.74|11094.04|11110|1852
2021.05.10 15:00:00|11110.36|11119.68|11094.85|11095.51|2065
2021.05.10 16:00:00|11095.67|11122.86|11088.54|11114.56|2470
2021.05.10 17:00:00|11114.98|11114.98|11080.5|11096.58|2724
2021.05.10 18:00:00|11096.72|11103.88|11082.74|11103.88|789
2021.05.11 10:00:00|11032.77|11032.77|10959.41|10979.35|2868
2021.05.11 11:00:00|10979.21|10979.21|10932.84|10943.92|2765
2021.05.11 12:00:00|10943.89|10977.02|10943.77|10963.05|2470
2021.05.11 13:00:00|10963.08|10967.42|10944.74|10963.1|2327
2021.05.11 14:00:00|10963.26|10980.21|10954.81|10968.53|2137
2021.05.11 15:00:00|10968.12|10972.63|10935.84|10935.84|2474
2021.05.11 16:00:00|10936.09|10981.94|10926.41|10981.94|2993
2021.05.11 17:00:00|10983.35|10990.45|10937.93|10958.64|3239
2021.05.11 18:00:00|10958.58|10968.56|10950.08|10966.59|1041
2021.05.12 10:00:00|11007.07|11033.09|10992.23|11022.99|2673
2021.05.12 11:00:00|11021.28|11026.17|10989.75|11009.99|2458
2021.05.12 12:00:00|11010.11|11032.54|11002.19|11021.34|2350
2021.05.12 13:00:00|11021.27|11046.39|11015.67|11016.59|2130
2021.05.12 14:00:00|11015.42|11026.54|11009.56|11020.12|1856
2021.05.12 15:00:00|11020.14|11037.75|10975.36|11015.22|2467
2021.05.12 16:00:00|11016.07|11062.41|11000.96|11041.47|2802
2021.05.12 17:00:00|11041.66|11063.49|11035.04|11043.88|2852
2021.05.12 18:00:00|11043.97|11053.5|11038.15|11043.96|908
2021.05.14 10:00:00|11082.93|11113|11060.56|11076.5|2761
2021.05.14 11:00:00|11075.29|11084.09|11060.87|11067.94|2405
2021.05.14 12:00:00|11067.57|11082.64|11064.74|11073.67|2003
2021.05.14 13:00:00|11073.63|11090.64|11071.6|11083.77|1696
2021.05.14 14:00:00|11083.86|11089.28|11076.87|11089.28|1697
2021.05.14 15:00:00|11089.16|11094.45|11080.13|11089.34|1825
2021.05.14 16:00:00|11089.19|11107.18|11086.23|11098.47|2345
2021.05.14 17:00:00|11098.88|11106.69|11082.8|11105.31|2501
2021.05.14 18:00:00|11104.75|11123.6|11101.96|11122.74|744
2021.05.17 10:00:00|11138.15|11146.47|11089|11099.65|2624
2021.05.17 11:00:00|11099.65|11130.79|11095.61|11125.4|2187
2021.05.17 12:00:00|11125.33|11133.42|11111.68|11113.53|2072
2021.05.17 13:00:00|11112.84|11116.92|11095.03|11096.13|2029
2021.05.17 14:00:00|11096.2|11103.84|11078.26|11102.95|1859
2021.05.17 15:00:00|11102.86|11128.93|11099.19|11120.11|1848
2021.05.17 16:00:00|11120.07|11154.05|11119.49|11147.12|2351
2021.05.17 17:00:00|11147.09|11158.1|11135.48|11139.28|2795
2021.05.17 18:00:00|11138.85|11140.05|11130.07|11136.76|860
2021.05.18 10:00:00|11179.15|11199.1|11136.73|11158.27|2495
2021.05.18 11:00:00|11158.61|11159.12|11124|11126.64|2137
2021.05.18 12:00:00|11127.29|11137.3|11117.19|11130.59|2028
2021.05.18 13:00:00|11130.44|11142.54|11126.18|11140.48|1674
2021.05.18 14:00:00|11140.17|11143.56|11123.45|11138.24|1808
2021.05.18 15:00:00|11138.26|11138.65|11127.3|11132.7|1783
2021.05.18 16:00:00|11132.77|11139.17|11119.8|11123.34|2331
2021.05.18 17:00:00|11123.24|11139.67|11110.38|11130.79|2393
2021.05.18 18:00:00|11130.72|11136.37|11127.34|11136.21|702
2021.05.19 10:00:00|11039.33|11066.54|11030.18|11044.61|2699
2021.05.19 11:00:00|11045.92|11049.3|11016.44|11036.38|2543
2021.05.19 12:00:00|11036.47|11093.88|11035.3|11064.15|2411
2021.05.19 13:00:00|11064.43|11071.85|11053.08|11071.83|1956
2021.05.19 14:00:00|11071.13|11072.44|11026.76|11027.52|2087
2021.05.19 15:00:00|11026.93|11049.18|11014.99|11014.99|2223
2021.05.19 16:00:00|11015.06|11032.66|10998.14|11016.72|2827
2021.05.19 17:00:00|11017.11|11028.32|10988.71|11022.87|3095
2021.05.19 18:00:00|11022.84|11048.33|11021.36|11035.05|895
2021.05.20 10:00:00|11095.44|11131.82|11077.41|11083.46|2555
2021.05.20 11:00:00|11083.46|11092.72|11060.32|11065.72|2412
2021.05.20 12:00:00|11065.77|11075.92|11047.15|11072.52|2245
2021.05.20 13:00:00|11073.38|11094.29|11071.69|11094.24|1938
2021.05.20 14:00:00|11093.82|11105.74|11073.39|11103.66|1877
2021.05.20 15:00:00|11103.78|11112.76|11097.72|11109.33|1809
2021.05.20 16:00:00|11109.54|11133.06|11094.18|11128.09|2437
2021.05.20 17:00:00|11128.29|11143.81|11127.64|11136.66|2545
2021.05.20 18:00:00|11136.68|11140.41|11132.05|11138.39|728
2021.05.21 10:00:00|11181.89|11189.65|11148.71|11151.41|2569
2021.05.21 11:00:00|11151.3|11157.89|11133.32|11145.04|2273
2021.05.21 12:00:00|11145.06|11187.13|11145|11181.35|2357
2021.05.21 13:00:00|11182.06|11183.14|11167.86|11169.98|1976
2021.05.21 14:00:00|11170.09|11204.71|11169.85|11203.79|1805
2021.05.21 15:00:00|11203.75|11212.02|11193.68|11211.23|1871
2021.05.21 16:00:00|11211.68|11232.15|11205.8|11232.04|2309
2021.05.21 17:00:00|11232.26|11232.78|11212.43|11219.94|2394
2021.05.21 18:00:00|11220.07|11221.94|11215.6|11219.45|733
2021.05.25 10:00:00|11265.98|11296.07|11261.75|11270.1|2395
2021.05.25 11:00:00|11270.1|11292.41|11265.86|11291.55|2062
2021.05.25 12:00:00|11291.7|11304.56|11284.53|11303.31|1833
2021.05.25 13:00:00|11303.38|11311.14|11298.74|11305.73|1433
2021.05.25 14:00:00|11305.2|11320.53|11304.53|11313.98|1394
2021.05.25 15:00:00|11313.94|11321.18|11310.75|11313.95|1581
2021.05.25 16:00:00|11314.06|11324.27|11295.25|11314.79|2149
2021.05.25 17:00:00|11315.33|11323.08|11308.6|11320.75|2353
2021.05.25 18:00:00|11320.87|11326.37|11316.38|11321.58|817
2021.05.26 10:00:00|11327.92|11351.42|11325|11350.77|2411
2021.05.26 11:00:00|11349.35|11375.52|11344.46|11352.78|2318
2021.05.26 12:00:00|11352.63|11368.9|11333.84|11335.42|2046
2021.05.26 13:00:00|11335.62|11342.75|11324.83|11327.01|1632
2021.05.26 14:00:00|11327.08|11334.67|11314.22|11314.93|1873
2021.05.26 15:00:00|11314.84|11341|11314.22|11337.27|1936
2021.05.26 16:00:00|11337.18|11343.82|11304.46|11313.07|2277
2021.05.26 17:00:00|11313.91|11338.53|11313.91|11333.69|2315
2021.05.26 18:00:00|11334.01|11344.58|11333.77|11344.58|727
2021.05.27 10:00:00|11338.46|11348.87|11315.06|11339.32|2356
2021.05.27 11:00:00|11339.32|11361.88|11337.19|11356.16|2064
2021.05.27 12:00:00|11355.93|11367.36|11353|11356.45|1812
2021.05.27 13:00:00|11356.47|11363.51|11353.11|11357.77|1597
2021.05.27 14:00:00|11357.8|11363.29|11349.49|11362.95|1515
2021.05.27 15:00:00|11362.93|11374.44|11353.52|11365.47|1761
2021.05.27 16:00:00|11365.36|11402.61|11364.88|11377.6|2382
2021.05.27 17:00:00|11377.79|11378.75|11350.77|11351.85|2458
2021.05.27 18:00:00|11351.61|11352.87|11331.51|11332.36|793
2021.05.28 10:00:00|11325.38|11348.48|11319.97|11348.48|2359
2021.05.28 11:00:00|11348.45|11359.37|11341.06|11359.3|2106
2021.05.28 12:00:00|11359.2|11381.62|11357.19|11377.53|1986
2021.05.28 13:00:00|11377.56|11389.33|11370.13|11386.56|1550
2021.05.28 14:00:00|11386.02|11396.64|11384.45|11391.82|1538
2021.05.28 15:00:00|11391.65|11420.8|11389.59|11417.04|1560
2021.05.28 16:00:00|11416.97|11429.25|11406.19|11427.4|2160
2021.05.28 17:00:00|11428.25|11438.22|11426.8|11431.62|2353
2021.05.28 18:00:00|11431.42|11432.45|11424.99|11425.68|802
2021.05.31 10:00:00|11403.93|11425.32|11395.43|11414.51|1757
2021.05.31 11:00:00|11414.51|11427.42|11407.84|11412.39|1528
2021.05.31 12:00:00|11412.47|11427.36|11409.97|11412.96|1401
2021.05.31 13:00:00|11412.89|11417.15|11405.62|11405.92|918
2021.05.31 14:00:00|11405.89|11407.83|11387.74|11389.71|1019
2021.05.31 15:00:00|11389.81|11394.85|11385.98|11391.29|1053
2021.05.31 16:00:00|11391.26|11391.26|11382.6|11383.64|1094
2021.05.31 17:00:00|11383.67|11385.46|11374.47|11375.03|1162
2021.05.31 18:00:00|11375.28|11377.81|11362.94|11371.9|513
2021.06.01 10:00:00|11410.73|11414.06|11383.83|11412.22|2358
2021.06.01 11:00:00|11410.96|11454.05|11406.26|11450.84|2238
2021.06.01 12:00:00|11450.99|11471.71|11445.03|11467.41|2037
2021.06.01 13:00:00|11467.37|11479.17|11467.37|11474.79|1505
2021.06.01 14:00:00|11474.83|11489.51|11474.58|11489.51|1483
2021.06.01 15:00:00|11489|11495.12|11479.63|11480.51|1518
2021.06.01 16:00:00|11480.54|11490.14|11444.69|11459.03|2205
2021.06.01 17:00:00|11459.66|11459.9|11426.76|11432.27|2631
2021.06.01 18:00:00|11432.08|11437.98|11427.66|11428.64|748
2021.06.02 10:00:00|11456.13|11480.22|11455.16|11461.02|2301
2021.06.02 11:00:00|11461.05|11486.2|11457.02|11474.54|1986
2021.06.02 12:00:00|11474.14|11489.31|11471.21|11483.36|1659
2021.06.02 13:00:00|11483.24|11487.08|11467.59|11486.25|1435
2021.06.02 14:00:00|11487.35|11487.7|11473.69|11475.32|1442
2021.06.02 15:00:00|11475.34|11478.81|11462|11464.63|1539
2021.06.02 16:00:00|11464.31|11468.04|11449.79|11452.03|2089
2021.06.02 17:00:00|11452.29|11469.64|11449.5|11465.73|2038
2021.06.02 18:00:00|11465.58|11471.22|11460.07|11463.15|694
2021.06.03 10:00:00|11441.74|11464.15|11435.24|11463.91|2021
2021.06.03 11:00:00|11463.52|11475.38|11455.43|11469.45|1729
2021.06.03 12:00:00|11469.26|11471.02|11455.03|11458.74|1543
2021.06.03 13:00:00|11458.71|11460.33|11431.41|11434.96|1668
2021.06.03 14:00:00|11434.89|11435.47|11423.37|11430.44|1757
2021.06.03 15:00:00|11430.8|11446.63|11418.77|11443.55|1928
2021.06.03 16:00:00|11443.49|11478.82|11443.49|11466.37|2338
2021.06.03 17:00:00|11466.37|11495.77|11466.37|11495.4|2365
2021.06.03 18:00:00|11495.4|11498.21|11490.7|11498.21|759
2021.06.04 10:00:00|11518.06|11524.73|11506.21|11514.54|2030
2021.06.04 11:00:00|11515.07|11515.37|11499.42|11501.2|1738
2021.06.04 12:00:00|11501.84|11515.72|11499.5|11514.03|1594
2021.06.04 13:00:00|11514.13|11533.05|11510.18|11531.9|1315
2021.06.04 14:00:00|11531.88|11535.23|11523.87|11528.46|1278
2021.06.04 15:00:00|11528.34|11531.76|11513.06|11523.67|1931
2021.06.04 16:00:00|11523.99|11537.85|11514.64|11536.21|2040
2021.06.04 17:00:00|11536.21|11556.47|11533.25|11552.1|1957
2021.06.04 18:00:00|11552.49|11561.44|11548.82|11559.22|660
2021.06.07 10:00:00|11530|11568.74|11523.44|11554.55|2121
2021.06.07 11:00:00|11554.86|11569.42|11550.35|11569.17|1755
2021.06.07 12:00:00|11568.98|11570.17|11553.02|11559.9|1679
2021.06.07 13:00:00|11559.79|11578.37|11559.41|11565.11|1303
2021.06.07 14:00:00|11565.26|11570.03|11560.87|11565.07|1251
2021.06.07 15:00:00|11565.33|11583.33|11564.55|11578.53|1325
2021.06.07 16:00:00|11578.78|11581.85|11570.75|11573.65|1783
2021.06.07 17:00:00|11574.3|11610.53|11556.75|11609.91|1982
2021.06.07 18:00:00|11610.27|11634.91|11591.29|11634.89|967
2021.06.08 10:00:00|11664.09|11684.43|11648.6|11673.16|2428
2021.06.08 11:00:00|11672.85|11672.85|11658.33|11670.09|2088
2021.06.08 12:00:00|11669.85|11692.3|11663.42|11690.92|2007
2021.06.08 13:00:00|11690.8|11690.8|11650.72|11671.86|1865
2021.06.08 14:00:00|11670.68|11694.61|11668.75|11694.36|1640
2021.06.08 15:00:00|11694.11|11696.43|11682.82|11689.96|1786
2021.06.08 16:00:00|11690.53|11695.23|11666.33|11670.7|2292
2021.06.08 17:00:00|11670.3|11679.04|11649.93|11653.56|2377
2021.06.08 18:00:00|11653.75|11660.1|11641.67|11641.98|829
2021.06.09 10:00:00|11631.36|11658.55|11627.71|11658.55|2312
2021.06.09 11:00:00|11657.18|11693.51|11653.82|11690.13|2158
2021.06.09 12:00:00|11690.16|11696.78|11671.33|11688.42|1951
2021.06.09 13:00:00|11688.58|11706.32|11684.93|11697.07|1594
2021.06.09 14:00:00|11697.11|11717.8|11696.07|11715.38|1588
2021.06.09 15:00:00|11715.22|11729.95|11712.75|11714.35|1519
2021.06.09 16:00:00|11714.21|11757.16|11714.18|11756.5|2204
2021.06.09 17:00:00|11755.94|11761.11|11740.72|11758.11|2192
2021.06.09 18:00:00|11758.07|11777.7|11752.86|11777.7|765
2021.06.10 10:00:00|11803.3|11817.38|11774.78|11817.38|2349
2021.06.10 11:00:00|11815.96|11819.46|11780.02|11786.62|2206
2021.06.10 12:00:00|11787.54|11792.27|11774.77|11783.03|1898
2021.06.10 13:00:00|11782.87|11792.56|11778.93|11780.31|1422
2021.06.10 14:00:00|11779.99|11798.47|11765.66|11778.18|1831
2021.06.10 15:00:00|11778.47|11793.28|11769.87|11791.97|2044
2021.06.10 16:00:00|11791.82|11828.17|11785.51|11801.23|2386
2021.06.10 17:00:00|11801.43|11807.57|11791.91|11803.5|2388
2021.06.10 18:00:00|11803.2|11817|11801.13|11817|834
2021.06.11 10:00:00|11789.63|11827.71|11777.62|11819.94|2285
2021.06.11 11:00:00|11818.37|11845|11817.22|11838.59|1830
2021.06.11 12:00:00|11838.61|11849.62|11832.89|11838.87|1581
2021.06.11 13:00:00|11839.18|11861.44|11839.18|11858.66|1430
2021.06.11 14:00:00|11858.54|11868.16|11841.82|11854.31|1545
2021.06.11 15:00:00|11854.24|11859.33|11841.57|11851.23|1644
2021.06.11 16:00:00|11851.25|11862.14|11838|11849.54|2145
2021.06.11 17:00:00|11849.65|11856.87|11835.06|11836.59|1988
2021.06.11 18:00:00|11836.53|11844.77|11828.63|11842.68|690
2021.06.14 10:00:00|11876.48|11890.21|11847.88|11856.04|2213
2021.06.14 11:00:00|11854.47|11858.61|11832.01|11839.85|1897
2021.06.14 12:00:00|11839.9|11857.48|11832.01|11855.36|1705
2021.06.14 13:00:00|11855.26|11862.46|11838.66|11839.43|1392
2021.06.14 14:00:00|11839.46|11844.75|11833.85|11841.31|1221
2021.06.14 15:00:00|11840.31|11851.67|11838.99|11844.21|1306
2021.06.14 16:00:00|11843.96|11850.11|11832.31|11848.31|1899
2021.06.14 17:00:00|11848.06|11870.16|11845.61|11870.16|2005
2021.06.14 18:00:00|11870.03|11871.33|11856.43|11857.82|708
2021.06.15 10:00:00|11891.71|11912.25|11890.19|11897.74|2044
2021.06.15 11:00:00|11897.11|11905.04|11886.76|11902.63|1874
2021.06.15 12:00:00|11902.82|11927.62|11902.82|11909.55|1813
2021.06.15 13:00:00|11909.49|11910.74|11893.62|11903.19|1451
2021.06.15 14:00:00|11902.85|11925.68|11898.51|11925.53|1282
2021.06.15 15:00:00|11925.6|11955.36|11923.32|11946.96|1799
2021.06.15 16:00:00|11947.34|11957.47|11933.28|11937.91|2220
2021.06.15 17:00:00|11937.89|11948.81|11925.76|11944.06|2387
2021.06.15 18:00:00|11943.81|11945.12|11928.54|11930.19|730
2021.06.16 10:00:00|11937.99|11954.77|11917.87|11919.25|2144
2021.06.16 11:00:00|11919.64|11946.64|11917.47|11946.44|1822
2021.06.16 12:00:00|11946.66|11955.25|11941.18|11954.12|1616
2021.06.16 13:00:00|11954|11978.72|11953.3|11964.05|1422
2021.06.16 14:00:00|11964.08|11967.11|11955.97|11964.15|1195
2021.06.16 15:00:00|11964.14|11971.48|11957.49|11963.21|1394
2021.06.16 16:00:00|11963.24|11980.02|11962.23|11977.7|1949
2021.06.16 17:00:00|11979.75|11984.31|11968.27|11984.31|1886
2021.06.16 18:00:00|11984.43|11987.67|11978.93|11987.52|640
2021.06.17 10:00:00|11944.15|11962.08|11925.37|11925.58|2438
2021.06.17 11:00:00|11925.58|11931.02|11908.56|11926.91|2301
2021.06.17 12:00:00|11926.98|11935.41|11920.09|11928.8|1946
2021.06.17 13:00:00|11928.68|11951|11928.24|11948.79|1503
2021.06.17 14:00:00|11948.61|11985.23|11947.57|11966.61|1799
2021.06.17 15:00:00|11966.89|11976.47|11960.87|11976.34|1749
2021.06.17 16:00:00|11976.4|11990.74|11971.64|11982.7|2379
2021.06.17 17:00:00|11983.05|12011.74|11981.02|11993.38|2473
2021.06.17 18:00:00|11993.12|11999.9|11991.02|11998.05|842
2021.06.18 10:00:00|12018.32|12036.44|12000.13|12031.32|2568
2021.06.18 11:00:00|12031.32|12062.13|12023.53|12050.85|2268
2021.06.18 12:00:00|12050.83|12065.16|12040.34|12062.19|2195
2021.06.18 13:00:00|12062.72|12062.72|12032.37|12042.39|1956
2021.06.18 14:00:00|12041.64|12041.64|12003.1|12007.75|1930
2021.06.18 15:00:00|12007.97|12007.99|11957.59|11962.02|2502
2021.06.18 16:00:00|11961.98|11977.86|11948.28|11971.57|2808
2021.06.18 17:00:00|11971.46|11974.38|11924.75|11937.83|2801
2021.06.18 18:00:00|11937.92|11946.4|11927.65|11942.14|929
2021.06.21 10:00:00|11879.17|11945.37|11876.99|11934.81|2701
2021.06.21 11:00:00|11933.31|11934.59|11901.93|11923.21|2608
2021.06.21 12:00:00|11923.12|11964.98|11918.28|11953.73|2385
2021.06.21 13:00:00|11953.58|11963.03|11944.02|11960.37|1974
2021.06.21 14:00:00|11960.49|11970.81|11937.22|11960.05|1990
2021.06.21 15:00:00|11960.12|11964.69|11936.45|11954.19|1947
2021.06.21 16:00:00|11954.21|11959.09|11932.36|11950.14|2468
2021.06.21 17:00:00|11951.07|11986.66|11947.49|11984.71|2435
2021.06.21 18:00:00|11985.02|11986|11976.57|11983.18|744
2021.06.22 10:00:00|11980.23|11981.45|11911.06|11917.89|2454
2021.06.22 11:00:00|11917.7|11935.71|11906.79|11920.09|2207
2021.06.22 12:00:00|11920.02|11956.23|11919.5|11946.75|2028
2021.06.22 13:00:00|11946.68|11972.26|11945.22|11966.72|1791
2021.06.22 14:00:00|11967.08|11981.18|11964.96|11973.83|1586
2021.06.22 15:00:00|11973.8|11982.53|11957.11|11961.38|1706
2021.06.22 16:00:00|11961.29|11974.79|11955.99|11959.4|2158
2021.06.22 17:00:00|11959.24|11973.54|11947.9|11973.06|2276
2021.06.22 18:00:00|11973.04|11984.38|11965.46|11982.24|698
2021.06.23 10:00:00|11954.94|11979.11|11946.58|11952.9|2348
2021.06.23 11:00:00|11952.79|11964.92|11939.25|11958.19|2108
2021.06.23 12:00:00|11958.28|11959.87|11931.26|11942.85|1931
2021.06.23 13:00:00|11942.88|11980.61|11942.04|11963.24|1676
2021.06.23 14:00:00|11963.09|11963.86|11945.52|11963.25|1774
2021.06.23 15:00:00|11963.18|11981.24|11962.57|11975.11|1547
2021.06.23 16:00:00|11975.09|11982.35|11935.56|11942.07|2146
2021.06.23 17:00:00|11942.24|11945.89|11909.17|11911.55|2252
2021.06.23 18:00:00|11912.23|11912.95|11892.65|11898.85|816
2021.06.24 10:00:00|11945.21|11955.64|11919.95|11947.45|2303
2021.06.24 11:00:00|11946.12|11959.53|11928.38|11938.41|2119
2021.06.24 12:00:00|11938.29|11958.92|11934.09|11937.63|1962
2021.06.24 13:00:00|11937.46|11964.5|11936.47|11964.36|1548
2021.06.24 14:00:00|11964.42|11984.87|11959.53|11970.4|1878
2021.06.24 15:00:00|11970.39|11976.38|11945.28|11945.44|1827
2021.06.24 16:00:00|11945.68|12004.46|11944.23|11989.47|2268
2021.06.24 17:00:00|11989.5|12004.13|11989.5|11994.04|2222
2021.06.24 18:00:00|11993.97|11994.8|11980.87|11989.02|759
2021.06.25 10:00:00|11965.31|11981.69|11963.29|11977.41|2234
2021.06.25 11:00:00|11977.17|11986.33|11970.93|11978.37|1851
2021.06.25 12:00:00|11978.5|11990.36|11968|11990.36|1543
2021.06.25 13:00:00|11990.28|11996.23|11978.56|11993.94|1344
2021.06.25 14:00:00|11993.79|11994.49|11972.47|11978.15|1374
2021.06.25 15:00:00|11978.34|11997.64|11978.34|11990.9|1572
2021.06.25 16:00:00|11990.68|11997.55|11969.97|11971.49|1890
2021.06.25 17:00:00|11971.25|11993.92|11970.97|11987.17|1782
2021.06.25 18:00:00|11987.19|11987.19|11983.04|11984.98|530
2021.06.28 10:00:00|12004.26|12020.27|12003.48|12010.88|2456
2021.06.28 11:00:00|12009.23|12013.03|11995.59|12001.72|2134
2021.06.28 12:00:00|12001.77|12013.03|11998.95|12003.29|1797
2021.06.28 13:00:00|12003.31|12003.31|11981.17|11992.23|1705
2021.06.28 14:00:00|11992.44|12025.5|11990.11|12024.2|1755
2021.06.28 15:00:00|12024.92|12025.2|12006.26|12010.21|1650
2021.06.28 16:00:00|12010.1|12030.02|12003.84|12009.95|2228
2021.06.28 17:00:00|12009.83|12023.17|12002.33|12012.54|2305
2021.06.28 18:00:00|12012.51|12012.51|12002.12|12005.27|749
2021.06.29 10:00:00|12024.05|12056.45|12023.72|12053.22|2357
2021.06.29 11:00:00|12051.84|12056.93|12008.95|12013.33|2172
2021.06.29 12:00:00|12014.14|12031.46|12014.14|12029.51|1985
2021.06.29 13:00:00|12029.25|12044.94|12022.67|12042.78|1626
2021.06.29 14:00:00|12043.21|12044.95|12030.71|12038.46|1287
2021.06.29 15:00:00|12038.36|12067.62|12038.15|12064.17|1642
2021.06.29 16:00:00|12064.12|12065.24|12035.92|12038.94|2122
2021.06.29 17:00:00|12040.12|12044.31|12027.01|12028.59|1960
2021.06.29 18:00:00|12028.62|12035.66|12019.63|12034.75|624
2021.06.30 10:00:00|12018.26|12028.69|11986.42|12002.96|2380
2021.06.30 11:00:00|12003.39|12003.39|11940.87|11941.35|2514
2021.06.30 12:00:00|11940.76|11951.74|11924.47|11950.63|2569
2021.06.30 13:00:00|11950.5|11982.53|11950.44|11968.04|2073
2021.06.30 14:00:00|11968.15|12000.98|11964.04|12000.79|1815
2021.06.30 15:00:00|12000.6|12000.63|11975.48|11981.12|1925
2021.06.30 16:00:00|11981.21|11996.74|11953.81|11986.45|2445
2021.06.30 17:00:00|11986.88|11989.61|11953.05|11954.4|2436
2021.06.30 18:00:00|11954.91|11956.22|11930.97|11938.97|888
2021.07.01 10:00:00|11986.16|12009.83|11976.87|11985.46|2522
2021.07.01 11:00:00|11985.7|11997.45|11965|11966.79|2303
2021.07.01 12:00:00|11966.86|11967.39|11928.23|11951.2|2302
2021.07.01 13:00:00|11951.49|11965.42|11904.06|11908.48|2494
2021.07.01 14:00:00|11908.45|11957.43|11895.91|11955.28|2445
2021.07.01 15:00:00|11955.11|11963.01|11942.57|11949.91|2181
2021.07.01 16:00:00|11949.96|11976.86|11948.39|11975.14|2415
2021.07.01 17:00:00|11974.56|12001.34|11969.68|11983.52|2393
2021.07.01 18:00:00|11983.41|11984.57|11967.88|11970.38|736
2021.07.02 10:00:00|12010.07|12056.38|12005.22|12049.4|2460
2021.07.02 11:00:00|12049.35|12054.06|11999.95|12005.14|2226
2021.07.02 12:00:00|12005.09|12008.63|11991.95|12000.82|1853
2021.07.02 13:00:00|12000.72|12013.03|11989.77|11994.34|1643
2021.07.02 14:00:00|11994.41|11994.96|11974.84|11977.44|1485
2021.07.02 15:00:00|11977.42|11981.95|11949.29|11950.4|1981
2021.07.02 16:00:00|11950.46|11962.3|11933.16|11946.91|2390
2021.07.02 17:00:00|11946.79|11952.55|11938.21|11948.59|2181
2021.07.02 18:00:00|11948.12|11957.72|11945.13|11956.09|706
2021.07.05 10:00:00|11943|11943.15|11897.18|11902|2397
2021.07.05 11:00:00|11902.31|11940.15|11895.35|11908.95|2240
2021.07.05 12:00:00|11909.58|11929.17|11904.45|11919.17|2053
2021.07.05 13:00:00|11919.25|11920.36|11903.46|11911.51|1612
2021.07.05 14:00:00|11910.69|11934.49|11909.29|11930.29|1679
2021.07.05 15:00:00|11930.43|11963.72|11930.43|11954.25|1766
2021.07.05 16:00:00|11954.27|11961.85|11943.46|11950.38|1677
2021.07.05 17:00:00|11951.02|11963.75|11947.52|11960|1482
2021.07.05 18:00:00|11959.48|11961.28|11950.36|11951.32|674
2021.07.06 10:00:00|11937.69|11979.77|11926.41|11971.57|2570
2021.07.06 11:00:00|11971.48|11985.69|11955.62|11966.23|2374
2021.07.06 12:00:00|11966.09|11987.23|11962.01|11979.7|2239
2021.07.06 13:00:00|11979.67|11988.87|11974.4|11979.9|1820
2021.07.06 14:00:00|11980.52|11991.68|11975|11986.54|1578
2021.07.06 15:00:00|11986.66|12006.32|11978.26|12006.28|1663
2021.07.06 16:00:00|12006.16|12019.47|11980.47|11982.27|2320
2021.07.06 17:00:00|11981.6|11985.5|11941.74|11943.26|2798
2021.07.06 18:00:00|11943.33|11954.89|11935.92|11947.79|890
2021.07.07 10:00:00|11986.44|12014.93|11983.2|12002.73|2495
2021.07.07 11:00:00|12002.73|12016.87|11999.16|12014.27|2259
2021.07.07 12:00:00|12014.62|12029.46|12009.95|12009.95|2061
2021.07.07 13:00:00|12010.32|12013.98|11998.34|12009.78|2039
2021.07.07 14:00:00|12009.8|12010.48|11999.45|12007.77|1846
2021.07.07 15:00:00|12007.76|12023.76|12000.68|12021.37|1932
2021.07.07 16:00:00|12021.66|12053.72|12018.21|12040.89|2455
2021.07.07 17:00:00|12040.83|12065.23|12028.51|12041.79|2640
2021.07.07 18:00:00|12041.29|12063.73|12040.2|12060.55|855
2021.07.08 10:00:00|12009.46|12015.32|11951.39|11982.54|2930
2021.07.08 11:00:00|11982.89|11993.86|11939.74|11954.72|3033
2021.07.08 12:00:00|11954.78|11958.64|11928.27|11947.54|2770
2021.07.08 13:00:00|11947.59|11947.59|11902.07|11930.2|2707
2021.07.08 14:00:00|11929.62|11933.34|11877.05|11881.31|2584
2021.07.08 15:00:00|11881.39|11914.04|11859.03|11893.92|2751
2021.07.08 16:00:00|11894.16|11911.24|11867.9|11910.64|2922
2021.07.08 17:00:00|11910.76|11911.14|11857.78|11872.53|3287
2021.07.08 18:00:00|11872.84|11901.17|11867.41|11896.42|1028
2021.07.09 10:00:00|11956.07|11995.8|11955.94|11981.48|2679
2021.07.09 11:00:00|11981.65|11999.93|11980.57|11991.16|2558
2021.07.09 12:00:00|11991.34|11998.11|11965.75|11968.24|2475
2021.07.09 13:00:00|11968.01|11995.1|11954.34|11983.38|2145
2021.07.09 14:00:00|11983.42|11993.29|11969.88|11991.94|2112
2021.07.09 15:00:00|11992|11993.95|11941.57|11944.2|2095
2021.07.09 16:00:00|11944.57|11982.8|11929.05|11977.68|2485
2021.07.09 17:00:00|11977.71|11990.61|11976.8|11990.32|2418
2021.07.09 18:00:00|11990.58|11994.11|11986.7|11987.46|765
2021.07.12 10:00:00|11998.79|12006.15|11953.63|11960.16|2586
2021.07.12 11:00:00|11960.37|12032.24|11955.88|12029.42|2362
2021.07.12 12:00:00|12029.33|12039.9|12014.97|12036.32|2062
2021.07.12 13:00:00|12036.35|12042.73|12021.8|12021.8|2008
2021.07.12 14:00:00|12021.64|12047.94|12021.64|12042.38|1717
2021.07.12 15:00:00|12042.33|12045.03|12030.66|12042.67|1747
2021.07.12 16:00:00|12042.77|12060.69|12038.55|12054.17|2360
2021.07.12 17:00:00|12054.47|12070.5|12048.2|12063.15|2553
2021.07.12 18:00:00|12063.55|12069.46|12060.1|12068.98|763
2021.07.13 10:00:00|12046.29|12047.74|12020.96|12030.49|2465
2021.07.13 11:00:00|12029.02|12034.76|12013.86|12024.99|2243
2021.07.13 12:00:00|12024.85|12053.45|12019.31|12046.49|1960
2021.07.13 13:00:00|12046.54|12053.9|12026.8|12041.15|1552
2021.07.13 14:00:00|12041.51|12055.72|12037.91|12044.75|1563
2021.07.13 15:00:00|12044.66|12050.96|12027.26|12038.68|2113
2021.07.13 16:00:00|12039.3|12072.97|12038.91|12062.14|2420
2021.07.13 17:00:00|12062.21|12063.28|12039.79|12040.12|2228
2021.07.13 18:00:00|12040.14|12055.37|12038.66|12055.37|687
2021.07.14 10:00:00|12049.85|12055.22|11994.79|12002.43|2498
2021.07.14 11:00:00|12002.8|12014.43|11979.04|11998.34|2318
2021.07.14 12:00:00|11998.39|12021.46|11991.27|12012.32|1998
2021.07.14 13:00:00|12012.52|12013.35|12000.39|12004.38|1635
2021.07.14 14:00:00|12002.05|12020.48|12000.26|12016.61|1604
2021.07.14 15:00:00|12016.98|12018.59|11990.21|12001.23|1920
2021.07.14 16:00:00|12001.16|12010.22|11989.71|11994.83|2364
2021.07.14 17:00:00|11995.85|12027.86|11988.86|12023.62|2401
2021.07.14 18:00:00|12023.91|12027.04|12015.07|12026.88|750
2021.07.15 10:00:00|12021.93|12040.75|12000.12|12026.91|2548
2021.07.15 11:00:00|12026.6|12054.39|12018.62|12032.14|2321
2021.07.15 12:00:00|12032.07|12033.26|12005.6|12018.82|2028
2021.07.15 13:00:00|12019.11|12022.21|11965.02|11989.38|2353
2021.07.15 14:00:00|11989.19|11994.73|11960.07|11991.69|2228
2021.07.15 15:00:00|11990.93|12004.59|11978.85|11990.64|2166
2021.07.15 16:00:00|11990.57|11994.73|11963.11|11991.85|2627
2021.07.15 17:00:00|11991.69|11999.52|11968.7|11971.45|2618
2021.07.15 18:00:00|11971.12|11971.12|11954.37|11959.04|900
2021.07.16 10:00:00|12007.04|12051.26|12001.67|12030.96|2695
2021.07.16 11:00:00|12030.91|12033.89|12008.82|12021.18|2363
2021.07.16 12:00:00|12020.55|12032.05|11998.19|12004.14|2273
2021.07.16 13:00:00|12004.61|12019.03|11990.34|12014.4|2203
2021.07.16 14:00:00|12014.1|12021.45|11990.9|11991.92|1848
2021.07.16 15:00:00|11991.9|12029.65|11991.88|12024.41|2038
2021.07.16 16:00:00|12024.47|12027.8|11989.84|12004.41|2463
2021.07.16 17:00:00|12004.77|12015.05|11963.99|11999.72|2921
2021.07.16 18:00:00|11999.83|12008.64|11993.38|11997.62|900
2021.07.19 10:00:00|11946.92|11949.17|11893.1|11922.69|2871
2021.07.19 11:00:00|11921.41|11973.66|11891.37|11902.06|2931
2021.07.19 12:00:00|11902.09|11914.27|11885.93|11901.28|2696
2021.07.19 13:00:00|11902.54|11909.85|11866.61|11884.46|2430
2021.07.19 14:00:00|11884.49|11888.08|11837.87|11863.05|2561
2021.07.19 15:00:00|11863.25|11869.97|11814.2|11831.85|2721
2021.07.19 16:00:00|11831.87|11856.54|11815.24|11818.78|2963
2021.07.19 17:00:00|11818.68|11850.53|11793.97|11835.16|3330
2021.07.19 18:00:00|11835.04|11881.18|11832.18|11878.92|1069
2021.07.20 10:00:00|11930.71|11980.63|11921.1|11951.73|2844
2021.07.20 11:00:00|11951.55|11963.64|11936.22|11940.05|2562
2021.07.20 12:00:00|11940.06|11950.95|11894.43|11906.01|2481
2021.07.20 13:00:00|11905.94|11948.72|11897.25|11933.16|2450
2021.07.20 14:00:00|11932.33|11960.91|11910.58|11960.15|2546
2021.07.20 15:00:00|11959.61|11961.09|11928.62|11929.01|2314
2021.07.20 16:00:00|11928.87|11952.41|11893.27|11950.41|2877
2021.07.20 17:00:00|11951.51|11977.6|11944.43|11977.55|2843
2021.07.20 18:00:00|11977.46|11979.11|11957.95|11961.68|908
2021.07.21 10:00:00|12013.42|12036.78|11997.6|12022.91|2832
2021.07.21 11:00:00|12022.96|12043.39|11995.21|11996.09|2676
2021.07.21 12:00:00|11995.51|12028.15|11979.03|12023.92|2454
2021.07.21 13:00:00|12022.87|12038.64|12013.63|12028.62|2123
2021.07.21 14:00:00|12026.15|12026.64|11977.55|11983.09|2148
2021.07.21 15:00:00|11983.21|12011.9|11979.66|11979.66|2330
2021.07.21 16:00:00|11977.49|12008.66|11977.49|12006.12|2742
2021.07.21 17:00:00|12005.14|12023.65|11999.02|12018.99|2853
2021.07.21 18:00:00|12018.87|12023.77|12015.07|12020.35|816
2021.07.22 10:00:00|12009.92|12014.18|11983.32|12006.89|2933
2021.07.22 11:00:00|12007.13|12010.9|11983.17|11991.1|2627
2021.07.22 12:00:00|11991.28|12010.9|11981.62|12004.4|2341
2021.07.22 13:00:00|12004.48|12022.41|11995.66|12013.57|2022
2021.07.22 14:00:00|12013.62|12028.76|12007.71|12027.01|2214
2021.07.22 15:00:00|12027.08|12036.02|11993.93|11998.99|2293
2021.07.22 16:00:00|11998.96|12002.56|11920.94|11940.21|3175
2021.07.22 17:00:00|11940.28|11974.51|11937.38|11971.65|2989
2021.07.22 18:00:00|11970.91|11971.32|11954.82|11964.28|985
2021.07.23 10:00:00|12025.05|12053.03|12009.89|12043.87|2766
2021.07.23 11:00:00|12043.85|12071.84|12035.35|12071.11|2437
2021.07.23 12:00:00|12071.37|12093.81|12070.48|12088.8|2067
2021.07.23 13:00:00|12088.81|12100.07|12085.42|12092.52|1746
2021.07.23 14:00:00|12092.16|12094.66|12075.46|12080.74|1727
2021.07.23 15:00:00|12080.76|12082.95|12071.81|12082.11|1838
2021.07.23 16:00:00|12082.03|12115.04|12079.59|12114.45|2397
2021.07.23 17:00:00|12114.5|12136.62|12108.96|12117.71|2502
2021.07.23 18:00:00|12117.76|12124.5|12111.64|12122.74|811
2021.07.26 10:00:00|12083.27|12083.3|12030.51|12045.78|2656
2021.07.26 11:00:00|12046.09|12066.11|12029.28|12044.46|2376
2021.07.26 12:00:00|12044.37|12051.21|12020.83|12028.7|2139
2021.07.26 13:00:00|12028.74|12044.45|12025.15|12041.13|1908
2021.07.26 14:00:00|12041.26|12045.33|12030.45|12035|1837
2021.07.26 15:00:00|12035.55|12051.63|12033.6|12050.04|1807
2021.07.26 16:00:00|12050.02|12063.01|12043.68|12056.72|2406
2021.07.26 17:00:00|12056.87|12056.92|12029.84|12038.05|2518
2021.07.26 18:00:00|12037.92|12039.75|12034.17|12039.63|741
2021.07.27 10:00:00|11992.46|11992.68|11934.61|11973.83|2803
2021.07.27 11:00:00|11974.32|12003.93|11970.24|11994.17|2641
2021.07.27 12:00:00|11994.14|12028.5|11984.22|12025.66|2311
2021.07.27 13:00:00|12025.69|12035.65|12020.45|12027.22|1777
2021.07.27 14:00:00|12027.31|12037.89|12014.35|12021.4|1563
2021.07.27 15:00:00|12021.34|12024.32|12006.87|12023.47|1778
2021.07.27 16:00:00|12023.38|12031.16|11989.81|12005.65|2579
2021.07.27 17:00:00|12005.65|12029.44|12001.3|12015.67|2675
2021.07.27 18:00:00|12015.55|12026.79|12013.08|12021.06|855
2021.07.28 10:00:00|12052.81|12063.27|12033.58|12058.21|2621
2021.07.28 11:00:00|12058.21|12065.37|12048.53|12059.3|2349
2021.07.28 12:00:00|12059.27|12074.66|12054.14|12061.27|2039
2021.07.28 13:00:00|12061.22|12061.22|12031.86|12039.28|1841
2021.07.28 14:00:00|12039.57|12062.69|12036.64|12039.88|1953
2021.07.28 15:00:00|12039.03|12043.32|12026.54|12032.32|1820
2021.07.28 16:00:00|12032.59|12058.99|12031.15|12056.81|2260
2021.07.28 17:00:00|12056.84|12066.25|12046.35|12054.5|2460
2021.07.28 18:00:00|12054.81|12056.35|12048.38|12054.25|721
2021.07.29 10:00:00|12006.64|12065.28|12002.55|12055.76|2849
2021.07.29 11:00:00|12055.05|12085.75|12050.79|12085.75|2506
2021.07.29 12:00:00|12085.87|12087.12|12070.53|12071.53|2089
2021.07.29 13:00:00|12071.51|12079.71|12056.01|12079.64|1892
2021.07.29 14:00:00|12079.94|12086.57|12068.55|12085.92|1931
2021.07.29 15:00:00|12085.47|12108.81|12083.32|12105.05|1940
2021.07.29 16:00:00|12105.12|12109.79|12081.93|12085|2535
2021.07.29 17:00:00|12084.96|12085.78|12065.67|12066.9|2316
2021.07.29 18:00:00|12066.89|12069.43|12059.56|12068.98|754
2021.07.30 10:00:00|12009.57|12040|11992.37|12035.34|2713
2021.07.30 11:00:00|12035.9|12074.48|12029.93|12066.29|2399
2021.07.30 12:00:00|12066.28|12073.83|12056.39|12062.05|2466
2021.07.30 13:00:00|12062.13|12086.75|12056.02|12086.41|2102
2021.07.30 14:00:00|12086.2|12094.42|12080.13|12091.63|1988
2021.07.30 15:00:00|12091.7|12122.8|12078.38|12119.4|2041
2021.07.30 16:00:00|12119.71|12141.54|12113.47|12132.07|2535
2021.07.30 17:00:00|12132.33|12133.96|12107.21|12108.06|2513
2021.07.30 18:00:00|12106.93|12115.19|12097.43|12113.6|824
2021.08.02 10:00:00|12166.84|12189.51|12146.12|12156.11|2696
2021.08.02 11:00:00|12155.22|12181.05|12151.99|12162.17|2355
2021.08.02 12:00:00|12162.2|12163.43|12142.74|12146.94|2239
2021.08.02 13:00:00|12146.49|12150.17|12123.8|12124.49|1851
2021.08.02 14:00:00|12123.83|12140.01|12117.01|12133.27|1821
2021.08.02 15:00:00|12133.39|12138.52|12123.39|12138.48|1860
2021.08.02 16:00:00|12138.31|12156.06|12119.02|12129.25|2386
2021.08.02 17:00:00|12130.23|12153.66|12118.56|12153.37|2540
2021.08.02 18:00:00|12152.96|12164.25|12146.6|12153.72|884
2021.08.03 10:00:00|12169.04|12210.48|12169.04|12206.96|2622
2021.08.03 11:00:00|12205.36|12207.97|12182.03|12188.35|2303
2021.08.03 12:00:00|12188.29|12200.13|12184.32|12196.93|1962
2021.08.03 13:00:00|12196.87|12200.27|12183.89|12192.13|1838
2021.08.03 14:00:00|12192.05|12192.39|12177.86|12185.67|1680
2021.08.03 15:00:00|12185.63|12187.58|12159.78|12160.38|2020
2021.08.03 16:00:00|12159.59|12171|12133.53|12136.2|2593
2021.08.03 17:00:00|12136.1|12161.25|12133.61|12158.61|2833
2021.08.03 18:00:00|12158.53|12163.9|12156.48|12159.34|892
2021.08.04 10:00:00|12191.94|12203.86|12177.8|12179.72|2441
2021.08.04 11:00:00|12178.27|12191.19|12171.11|12180.72|2249
2021.08.04 12:00:00|12180.65|12190.91|12176.52|12188.46|1958
2021.08.04 13:00:00|12188.39|12204.18|12188.35|12198.42|1526
2021.08.04 14:00:00|12198.26|12198.26|12181.22|12190.93|1552
2021.08.04 15:00:00|12190.6|12191.51|12165.56|12170.04|2028
2021.08.04 16:00:00|12169.32|12191.55|12162.91|12189.53|2495
2021.08.04 17:00:00|12189.09|12209.46|12182.32|12188.21|2810
2021.08.04 18:00:00|12188.24|12193.29|12183.24|12184.7|863
2021.08.05 10:00:00|12182.67|12192.46|12167.63|12175.79|2554
2021.08.05 11:00:00|12174.49|12200.14|12170.63|12192.22|2180
2021.08.05 12:00:00|12192.11|12204.94|12184.73|12204.45|1876
2021.08.05 13:00:00|12204.52|12206.3|12192.9|12193.8|1567
2021.08.05 14:00:00|12194.59|12197.75|12168.92|12172.85|1725
2021.08.05 15:00:00|12172.94|12180.76|12167.02|12167.44|1598
2021.08.05 16:00:00|12167.11|12196.01|12160.66|12189.55|2188
2021.08.05 17:00:00|12190.1|12199.65|12183.32|12192.06|2353
2021.08.05 18:00:00|12192.41|12198.38|12186.77|12187.58|755
2021.08.06 10:00:00|12206.77|12209|12185.25|12203.39|2404
2021.08.06 11:00:00|12203.6|12209.94|12190.02|12207.38|2000
2021.08.06 12:00:00|12207.46|12209.7|12196.94|12199.37|1876
2021.08.06 13:00:00|12199.4|12199.4|12184.02|12188.43|1649
2021.08.06 14:00:00|12188.46|12189.9|12177.3|12177.37|1297
2021.08.06 15:00:00|12177.74|12201.7|12173.73|12177.09|1900
2021.08.06 16:00:00|12176.7|12184.44|12152.14|12152.23|2541
2021.08.06 17:00:00|12151.91|12171.99|12143.23|12167.56|2324
2021.08.06 18:00:00|12167.41|12171.24|12164.17|12164.66|763
2021.08.09 10:00:00|12225.18|12251.58|12211.29|12227.4|2466
2021.08.09 11:00:00|12225.89|12244.4|12222.2|12244.38|2046
2021.08.09 12:00:00|12244.36|12257.86|12224.78|12253.63|1905
2021.08.09 13:00:00|12254.37|12268.68|12254.26|12260.84|1645
2021.08.09 14:00:00|12260.46|12278.91|12258.08|12276.95|1521
2021.08.09 15:00:00|12277.18|12279.53|12265.65|12277.46|1634
2021.08.09 16:00:00|12277.39|12292.52|12271.76|12287.27|2197
2021.08.09 17:00:00|12287.5|12315.08|12283.51|12309.7|2320
2021.08.09 18:00:00|12309.15|12309.66|12292.52|12293.62|685
2021.08.10 10:00:00|12305.6|12341.42|12305.48|12339.78|2249
2021.08.10 11:00:00|12339.63|12341.93|12320.83|12327.74|2003
2021.08.10 12:00:00|12327.9|12340.77|12321.59|12335.46|1774
2021.08.10 13:00:00|12335.25|12354.21|12332.04|12350.49|1517
2021.08.10 14:00:00|12350.61|12360.77|12347.26|12347.26|1335
2021.08.10 15:00:00|12347.02|12357.34|12341.39|12355.69|1577
2021.08.10 16:00:00|12355.81|12377.42|12352.63|12369.46|2184
2021.08.10 17:00:00|12369.15|12375.4|12333.91|12341.61|2423
2021.08.10 18:00:00|12341.14|12351.27|12340.63|12347.2|766
2021.08.11 10:00:00|12381.86|12389.18|12354.94|12367.61|2473
2021.08.11 11:00:00|12366.33|12379.26|12360.65|12372.17|2142
2021.08.11 12:00:00|12372.2|12390.09|12368.25|12384.2|1907
2021.08.11 13:00:00|12384.26|12394.56|12381.42|12393.22|1568
2021.08.11 14:00:00|12392.86|12394.23|12373.67|12376.45|1433
2021.08.11 15:00:00|12376.31|12412.07|12375.05|12399.33|1814
2021.08.11 16:00:00|12399.52|12421.09|12396.84|12402.86|2478
2021.08.11 17:00:00|12403.06|12412.18|12391.22|12391.71|2272
2021.08.11 18:00:00|12391.68|12393.91|12381.3|12387.3|752
2021.08.12 10:00:00|12409.51|12429.53|12400.7|12427.67|2494
2021.08.12 11:00:00|12426.11|12426.9|12412.8|12417.51|2099
2021.08.12 12:00:00|12417.54|12425.44|12412.8|12424.43|1954
2021.08.12 13:00:00|12424.49|12437.37|12418.61|12430.19|1683
2021.08.12 14:00:00|12430.26|12432.76|12418.27|12422.98|1608
2021.08.12 15:00:00|12422.93|12430.87|12411.27|12413.25|1678
2021.08.12 16:00:00|12413.09|12422.57|12407.15|12417.71|2285
2021.08.12 17:00:00|12416.41|12435.8|12413.14|12429.26|2188
2021.08.12 18:00:00|12429.38|12431.65|12423.15|12430.29|692
2021.08.13 10:00:00|12447.08|12473.07|12447.08|12472.11|2334
2021.08.13 11:00:00|12470.43|12472.03|12451.67|12467.19|1989
2021.08.13 12:00:00|12467.25|12472.45|12450.76|12458.35|1765
2021.08.13 13:00:00|12458|12465.72|12451.91|12465.6|1293
2021.08.13 14:00:00|12465.59|12465.64|12446.1|12459.14|1284
2021.08.13 15:00:00|12459.12|12461.19|12447.58|12458.87|1372
2021.08.13 16:00:00|12458.77|12459.72|12437.42|12447.32|1907
2021.08.13 17:00:00|12447.36|12449.04|12436.39|12440.24|1915
2021.08.13 18:00:00|12440.23|12449.85|12439.69|12449.66|572
2021.08.16 10:00:00|12409.74|12438.23|12405.7|12421.39|2431
2021.08.16 11:00:00|12420.77|12420.77|12391.07|12392.4|2103
2021.08.16 12:00:00|12392.43|12401.93|12387.4|12394.63|1826
2021.08.16 13:00:00|12394.67|12400.96|12370.35|12393.66|1861
2021.08.16 14:00:00|12393.64|12397.15|12381.66|12385.52|1566
2021.08.16 15:00:00|12385.36|12385.36|12369.17|12381.71|1771
2021.08.16 16:00:00|12381.74|12395.71|12373.99|12383.12|2322
2021.08.16 17:00:00|12383.07|12392.3|12374.59|12390.22|2611
2021.08.16 18:00:00|12390.2|12402.64|12388.97|12402.49|773
2021.08.17 10:00:00|12416.55|12422.46|12387.15|12421.48|2379
2021.08.17 11:00:00|12421.17|12430.8|12406.83|12430.8|2277
2021.08.17 12:00:00|12430.8|12438.05|12421.88|12430.83|1983
2021.08.17 13:00:00|12430.92|12443.9|12427.31|12437.73|1650
2021.08.17 14:00:00|12437.82|12448.08|12429.53|12447.95|1489
2021.08.17 15:00:00|12447.91|12451.04|12428.46|12442.51|1829
2021.08.17 16:00:00|12443|12451.84|12424.9|12449.25|2492
2021.08.17 17:00:00|12449.28|12490.96|12447.61|12478.3|2520
2021.08.17 18:00:00|12478.26|12478.84|12470.78|12474.78|750
2021.08.18 10:00:00|12465.88|12512.27|12457.06|12497.86|2603
2021.08.18 11:00:00|12496.49|12515.46|12485.48|12514.46|2364
2021.08.18 12:00:00|12514.36|12516.1|12494.44|12506.67|2206
2021.08.18 13:00:00|12506.36|12528.45|12500.31|12526.56|1916
2021.08.18 14:00:00|12526.35|12546.01|12526.35|12538.4|1782
2021.08.18 15:00:00|12537.85|12550.03|12529.98|12546.97|2026
2021.08.18 16:00:00|12547.1|12555.22|12537.12|12542.54|2564
2021.08.18 17:00:00|12542.79|12567.6|12537.8|12547.36|2586
2021.08.18 18:00:00|12547.32|12549.06|12535.44|12541.34|867
2021.08.19 10:00:00|12434.08|12438.41|12389.68|12398.72|2995
2021.08.19 11:00:00|12399.16|12399.16|12320.39|12335.66|3013
2021.08.19 12:00:00|12335.53|12351.76|12299.68|12341.31|2969
2021.08.19 13:00:00|12341.34|12358.9|12326.38|12331.61|2617
2021.08.19 14:00:00|12330.44|12337.06|12300.26|12307.13|2387
2021.08.19 15:00:00|12307.91|12318.77|12290.14|12295.15|2466
2021.08.19 16:00:00|12295.09|12381.13|12292.9|12369.15|2914
2021.08.19 17:00:00|12369.35|12399.92|12360.21|12385.31|2983
2021.08.19 18:00:00|12385.37|12395.57|12380.01|12389.65|990
2021.08.20 10:00:00|12406.83|12409.03|12321.18|12343.48|2875
2021.08.20 11:00:00|12342.09|12362.29|12322.55|12351.22|2711
2021.08.20 12:00:00|12351.11|12370.79|12335.56|12344.05|2576
2021.08.20 13:00:00|12343.83|12355.85|12330.4|12343.88|2206
2021.08.20 14:00:00|12343.9|12358.93|12323.47|12356.16|1941
2021.08.20 15:00:00|12356.78|12365.64|12348.41|12365.64|1880
2021.08.20 16:00:00|12365.6|12413.3|12363.76|12410.6|2710
2021.08.20 17:00:00|12410.45|12421.61|12406.55|12412.12|2563
2021.08.20 18:00:00|12412.05|12413.75|12405.48|12407.39|781
2021.08.23 10:00:00|12475.98|12477.74|12417.69|12433.67|2641
2021.08.23 11:00:00|12433.67|12456.77|12422.21|12451.96|2350
2021.08.23 12:00:00|12451.98|12469.88|12447.62|12461.52|2096
2021.08.23 13:00:00|12462.15|12475.93|12462.15|12470.98|1743
2021.08.23 14:00:00|12469.78|12473.95|12457.34|12465.54|1630
2021.08.23 15:00:00|12465.5|12476.68|12460.42|12464.41|1684
2021.08.23 16:00:00|12464.54|12465.67|12439.8|12446.47|2354
2021.08.23 17:00:00|12446.51|12482.13|12445.32|12471.3|2135
2021.08.23 18:00:00|12471.42|12484.47|12471.12|12477.41|622
2021.08.24 10:00:00|12499.12|12519.26|12491.12|12495.83|2551
2021.08.24 11:00:00|12496.14|12497.74|12466.84|12473.02|2159
2021.08.24 12:00:00|12473.39|12479.08|12452.95|12452.95|1919
2021.08.24 13:00:00|12453.2|12456.67|12440.02|12444.91|1741
2021.08.24 14:00:00|12445.26|12447.86|12420.88|12425.7|1536
2021.08.24 15:00:00|12425.56|12430.05|12402.46|12407.9|1710
2021.08.24 16:00:00|12407.81|12430.67|12407.81|12419.64|2340
2021.08.24 17:00:00|12419.49|12432.77|12410.06|12415.92|2131
2021.08.24 18:00:00|12416.16|12435.59|12416.16|12434.76|677
2021.08.25 10:00:00|12427.47|12427.92|12398.68|12408.64|2359
2021.08.25 11:00:00|12408.61|12413.35|12392.84|12406.39|2092
2021.08.25 12:00:00|12406.5|12414.27|12397.18|12398.47|1797
2021.08.25 13:00:00|12398.36|12400.04|12374.65|12382.34|1614
2021.08.25 14:00:00|12380.81|12381.5|12358.85|12372.94|1664
2021.08.25 15:00:00|12373.03|12374.17|12358.37|12359.9|1624
2021.08.25 16:00:00|12360.32|12360.69|12319.58|12324.1|2251
2021.08.25 17:00:00|12324.35|12344.21|12324.35|12342.9|2272
2021.08.25 18:00:00|12343.06|12361.17|12340.81|12361.08|744
2021.08.26 10:00:00|12333.92|12376.93|12322.54|12373.65|2607
2021.08.26 11:00:00|12372.19|12384.51|12358.55|12358.55|2381
2021.08.26 12:00:00|12358.63|12375.38|12345.7|12374.04|2232
2021.08.26 13:00:00|12374.13|12392.02|12366.89|12390.9|1651
2021.08.26 14:00:00|12392.9|12399.77|12383.58|12389.49|1569
2021.08.26 15:00:00|12389.96|12392.37|12380.89|12383.09|1713
2021.08.26 16:00:00|12383.34|12418.47|12381.54|12395.98|2323
2021.08.26 17:00:00|12394.77|12405.7|12368.49|12383.99|2575
2021.08.26 18:00:00|12382.12|12394.11|12373.25|12393.13|853
2021.08.27 10:00:00|12378.6|12416.11|12374.14|12416.11|2263
2021.08.27 11:00:00|12416|12423.44|12408.78|12422.78|1903
2021.08.27 12:00:00|12423.02|12424.27|12410.76|12412.4|1713
2021.08.27 13:00:00|12412.18|12426.1|12409.57|12420.96|1315
2021.08.27 14:00:00|12420.93|12426.44|12410.72|12413.85|1290
2021.08.27 15:00:00|12413.69|12426.19|12412.07|12419.76|1425
2021.08.27 16:00:00|12419.24|12446.46|12415.72|12426.69|2133
2021.08.27 17:00:00|12428.97|12448.56|12418.95|12432.31|2408
2021.08.27 18:00:00|12432.18|12432.78|12421.78|12425.83|707
2021.08.30 10:00:00|12408.44|12424.2|12402.31|12415.33|1930
2021.08.30 11:00:00|12413.84|12437.79|12413.84|12437.51|1670
2021.08.30 12:00:00|12437.58|12438.22|12429.26|12432.41|1390
2021.08.30 13:00:00|12432.38|12433.67|12421.46|12423.99|1084
2021.08.30 14:00:00|12424.3|12426.06|12413.33|12416.71|1080
2021.08.30 15:00:00|12416.71|12417.45|12399.67|12409.35|1262
2021.08.30 16:00:00|12409.32|12415.15|12398.78|12413.93|1690
2021.08.30 17:00:00|12414.08|12436.87|12403.43|12426.72|1845
2021.08.30 18:00:00|12426.35|12435.58|12425.83|12431.49|525
2021.08.31 10:00:00|12451.21|12489.09|12438.09|12475.54|2318
2021.08.31 11:00:00|12473.95|12481.91|12443.72|12452.69|2211
2021.08.31 12:00:00|12452.67|12459.84|12444.04|12448.09|2027
2021.08.31 13:00:00|12448.05|12458.79|12394.02|12399.96|2193
2021.08.31 14:00:00|12400.99|12416.66|12392.12|12415.8|2201
2021.08.31 15:00:00|12415.76|12428.71|12400.88|12419.26|2273
2021.08.31 16:00:00|12419.41|12449.28|12418.46|12426.92|2463
2021.08.31 17:00:00|12427.78|12442|12393.13|12404.02|2626
2021.08.31 18:00:00|12404.27|12415.58|12402.12|12410.91|852
2021.09.01 10:00:00|12469.61|12484.8|12458.14|12460.87|2476
2021.09.01 11:00:00|12459.38|12462.61|12446.06|12449.14|2122
2021.09.01 12:00:00|12449.17|12452.16|12435.34|12446.06|1957
2021.09.01 13:00:00|12445.91|12450.15|12422.52|12435.18|1626
2021.09.01 14:00:00|12435.43|12441.09|12424.85|12441.09|1494
2021.09.01 15:00:00|12441.1|12453.09|12419.72|12419.8|1933
2021.09.01 16:00:00|12418.98|12432.92|12410.05|12420.71|2449
2021.09.01 17:00:00|12421.08|12434.42|12415.05|12427.17|2401
2021.09.01 18:00:00|12427.31|12432.33|12421.37|12428.5|757
2021.09.02 10:00:00|12442.48|12450.42|12418.24|12450.42|2348
2021.09.02 11:00:00|12448.79|12458.71|12437.57|12458.32|2060
2021.09.02 12:00:00|12458.36|12463.7|12448.54|12456.07|1954
2021.09.02 13:00:00|12455.92|12462.29|12446.07|12447.16|1557
2021.09.02 14:00:00|12447.57|12460.68|12445.74|12450.09|1377
2021.09.02 15:00:00|12450.07|12460.96|12441.78|12460.05|1468
2021.09.02 16:00:00|12460.11|12461|12430.68|12431.5|1961
2021.09.02 17:00:00|12431.27|12434.88|12420.76|12426.45|1978
2021.09.02 18:00:00|12426.69|12428.93|12422.12|12426.03|735
2021.09.03 10:00:00|12411.43|12421.75|12397.7|12417|2163
2021.09.03 11:00:00|12417.24|12417.24|12395.74|12398.58|1801
2021.09.03 12:00:00|12398.58|12400.66|12379.84|12387.91|1801
2021.09.03 13:00:00|12387.94|12388.67|12379.84|12383.21|1273
2021.09.03 14:00:00|12383.31|12385.73|12374.9|12377.28|1254
2021.09.03 15:00:00|12377.25|12383.68|12363.99|12370.13|1761
2021.09.03 16:00:00|12370.36|12375.06|12289.7|12305.62|2678
2021.09.03 17:00:00|12306.19|12349.04|12299.6|12347.92|2479
