2020.02.05 22:30:00|726.49|741.05|714.49|733.0599999999999|7868
2020.02.06 16:30:00|702|769.77|686.49|739.08|24242
2020.02.06 17:30:00|739.09|794.9400000000001|739.08|777.84|21991
2020.02.06 18:30:00|777.84|787.22|751.65|760.99|17125
2020.02.06 19:30:00|761|774.97|755.8|762.49|12291
2020.02.06 20:30:00|762.49|765.59|735.49|746.83|12507
2020.02.06 21:30:00|746.83|756.6799999999999|727.48|738.49|12553
2020.02.06 22:30:00|738.49|752.49|733.2|747.1900000000001|7260
2020.02.07 16:30:00|747.3|767.67|734.49|738.24|16068
2020.02.07 17:30:00|738.24|748.3099999999999|735.54|742.25|11768
2020.02.07 18:30:00|742.09|757.84|741.72|751.74|11861
2020.02.07 19:30:00|751.46|751.5|742.99|745.3200000000001|8655
2020.02.07 20:30:00|745.33|748.49|731.49|738.49|10621
2020.02.07 21:30:00|738.78|747.72|736.6|740.5|10320
2020.02.07 22:30:00|740.5|748.64|740.03|746.95|6266
2020.02.10 16:30:00|792|818.49|778.92|785.97|20379
2020.02.10 17:30:00|786.49|786.5|751.89|761.54|20409
2020.02.10 18:30:00|761.52|770.9|753.6900000000001|753.88|14198
2020.02.10 19:30:00|753.6900000000001|765.6900000000001|753.4|763.45|11650
2020.02.10 20:30:00|763.47|777.9299999999999|759.49|776.29|12014
2020.02.10 21:30:00|776.49|784.49|768.04|781.99|13641
2020.02.10 22:30:00|782.24|782.9299999999999|763.09|769.23|7660
2020.02.11 16:30:00|775.39|776.9|757.49|766.5599999999999|20126
2020.02.11 17:30:00|766.59|780.55|765.49|775.9400000000001|14174
2020.02.11 18:30:00|775.9400000000001|776.29|770.83|775.46|11699
2020.02.11 19:30:00|775.47|782.72|772.6900000000001|780.71|11918
2020.02.11 20:30:00|780.87|781.3200000000001|773.27|775.1799999999999|10684
2020.02.11 21:30:00|775.1900000000001|775.85|767.12|770.52|11091
2020.02.11 22:30:00|770.52|774.75|769.72|773.39|5113
2020.02.12 16:30:00|782.61|788.92|771.65|781.52|16291
2020.02.12 17:30:00|781.52|781.52|775.14|779.02|10034
2020.02.12 18:30:00|779.02|782.29|777.99|779.85|9210
2020.02.12 19:30:00|779.87|780.17|776.9299999999999|778.3|7950
2020.02.12 20:30:00|778.3099999999999|778.75|767.59|768.0700000000001|9921
2020.02.12 21:30:00|768.0700000000001|772.97|762.76|771.6799999999999|12245
2020.02.12 22:30:00|771.6799999999999|772.49|766.1900000000001|766.7|5238
2020.02.13 16:30:00|746.33|775.74|746.33|773.49|15474
2020.02.13 17:30:00|773.52|787.25|770.05|786.55|14688
2020.02.13 18:30:00|786.55|806.21|785.04|805.49|14429
2020.02.13 19:30:00|805.49|817.27|792.1|805.0599999999999|16025
2020.02.13 20:30:00|805.0599999999999|811.99|801.5|809.99|11751
2020.02.13 21:30:00|809.99|813.96|798.49|802.4400000000001|11526
2020.02.13 22:30:00|802.45|803.78|793.17|802.3|6313
2020.02.14 16:30:00|793.49|810.88|793.49|801.99|19400
2020.02.14 17:30:00|802.2|812.01|800.09|807|15406
2020.02.14 18:30:00|807.09|807.55|797.53|801.3099999999999|12018
2020.02.14 19:30:00|801.3|803.14|796.16|801.8099999999999|9455
2020.02.14 20:30:00|801.78|806.1|799.3099999999999|801.1|8621
2020.02.14 21:30:00|801.1|802.39|798.4|800.0700000000001|9120
2020.02.14 22:30:00|800.0700000000001|801.35|791.99|798.6900000000001|6113
2020.02.18 16:30:00|853.79|859.04|831.85|850.6|15607
2020.02.18 17:30:00|850.6|854.88|837.99|839.09|11422
2020.02.18 18:30:00|839.1|849.99|839.1|846.29|9525
2020.02.18 19:30:00|846.29|853.26|844.15|848.75|8086
2020.02.18 20:30:00|848.75|851.1|845.59|849.4|7452
2020.02.18 21:30:00|849.4|857.39|847.71|850.85|9255
2020.02.18 22:30:00|850.84|859.36|849.67|858.23|5053
2020.02.19 16:30:00|915.5|937.87|901|924.49|16525
2020.02.19 17:30:00|924.49|943.87|923.7|936.99|13720
2020.02.19 18:30:00|936.77|941.5|923.61|926.8|11625
2020.02.19 19:30:00|926.8|928.95|909.49|927.36|10550
2020.02.19 20:30:00|927.52|927.66|916.1900000000001|920.0700000000001|8748
2020.02.19 21:30:00|920.09|921.22|900.52|910.5700000000001|10844
2020.02.19 22:30:00|910.5700000000001|918.49|907.74|916|5470
2020.02.20 16:30:00|908.5|910.37|890.51|903.67|19857
2020.02.20 17:30:00|903.75|905.75|871.03|875.73|18448
2020.02.20 18:30:00|875.6900000000001|887.3099999999999|859.02|871.54|21735
2020.02.20 19:30:00|871.54|894.26|871.53|890.01|16843
2020.02.20 20:30:00|890.02|894.92|884.5|890.84|12195
2020.02.20 21:30:00|890.85|893.27|882.46|890.27|11682
2020.02.20 22:30:00|890.27|899.9|890.27|898.0700000000001|8131
2020.02.21 16:30:00|902.98|912.3200000000001|879.75|886.7|15892
2020.02.21 17:30:00|886.7|902.58|883.5|901.42|13029
2020.02.21 18:30:00|901.42|902.28|891.85|893.29|10135
2020.02.21 19:30:00|893.05|894.8200000000001|883.77|886.59|10212
2020.02.21 20:30:00|886.59|896.13|882.67|894.7|10859
2020.02.21 21:30:00|894.71|899.99|890.89|893.49|11192
2020.02.21 22:30:00|893.5|901.23|893.04|900.12|6008
2020.02.24 16:30:00|826.61|862.13|823.49|852.5700000000001|15505
2020.02.24 17:30:00|852.73|856.4299999999999|836.89|838.6900000000001|12866
2020.02.24 18:30:00|838.7|839.26|822.9400000000001|833.09|13471
2020.02.24 19:30:00|833.08|840.61|827.59|833.99|11123
2020.02.24 20:30:00|834|838.47|831.6900000000001|835.0599999999999|9954
2020.02.24 21:30:00|835.0700000000001|847.25|834.85|841.64|11304
2020.02.24 22:30:00|841.65|841.9400000000001|832.99|834.87|5493
2020.02.25 16:30:00|853.02|853.02|807.75|813.63|21528
2020.02.25 17:30:00|813.63|817.49|786.49|799.35|22400
2020.02.25 18:30:00|799.35|816.74|795.49|804.67|18359
2020.02.25 19:30:00|804.67|811.05|796.15|803.4|14936
2020.02.25 20:30:00|803.4|806.1799999999999|792.72|793.03|14954
2020.02.25 21:30:00|793.04|805.8099999999999|791.49|795.99|15917
2020.02.25 22:30:00|795.6|799.38|791.64|798.96|8339
2020.02.26 16:30:00|787|803.79|779.5|789.0599999999999|15228
2020.02.26 17:30:00|789.0599999999999|807.15|787.53|806.5|13342
2020.02.26 18:30:00|806.51|812.03|785.6|794.01|13177
2020.02.26 19:30:00|794.28|799.99|784.6|789.51|10430
2020.02.26 20:30:00|789.49|789.5|775.6|785.6|11843
2020.02.26 21:30:00|785.49|788.47|778.5700000000001|779.49|10303
2020.02.26 22:30:00|779.49|781.52|776.72|778.09|5739
2020.02.27 16:30:00|736.29|738.49|671.5|686.61|18112
2020.02.27 17:30:00|686.75|722.99|668.49|697.6900000000001|13694
2020.02.27 18:30:00|697.6900000000001|717.1799999999999|695.87|712.5599999999999|11776
2020.02.27 19:30:00|712.5599999999999|727.99|703.71|704.15|12097
2020.02.27 20:30:00|704.15|708.49|691.49|697.99|12682
2020.02.27 21:30:00|697.99|699.24|680.21|688.12|12620
2020.02.27 22:30:00|687.85|690.49|676.49|679.3|6329
2020.02.28 16:30:00|637.49|651.99|610.75|624.5|19453
2020.02.28 17:30:00|624.1900000000001|648.26|622.49|647.5|17111
2020.02.28 18:30:00|647.5|689.73|642.7|653.6|18988
2020.02.28 19:30:00|653.61|659.48|640.6|644.76|15647
2020.02.28 20:30:00|644.76|647.49|630.49|644.52|14639
2020.02.28 21:30:00|644.52|657.49|636.49|643.5599999999999|14530
2020.02.28 22:30:00|643.5599999999999|672.14|641.66|664.78|7425
2020.03.02 16:30:00|721.66|722.4|686.11|692.76|13669
2020.03.02 17:30:00|692.77|715.5700000000001|686.49|710.38|14300
2020.03.02 18:30:00|710.39|728.51|709.5|725.29|14031
2020.03.02 19:30:00|725.37|737.85|721.49|724.8200000000001|12024
2020.03.02 20:30:00|724.83|732.63|722.65|724.99|10115
2020.03.02 21:30:00|724.99|728.23|713.49|726.5|10966
2020.03.02 22:30:00|726.52|742.58|726.0599999999999|742.4299999999999|5918
2020.03.03 16:30:00|795.13|800.6799999999999|762.58|774.49|20287
2020.03.03 17:30:00|774.49|786.33|750.77|757.49|16551
2020.03.03 18:30:00|757.49|777.02|753.49|766.5|18221
2020.03.03 19:30:00|766.5|771.64|739.6|746.4299999999999|17057
2020.03.03 20:30:00|745.52|751.6900000000001|715.6|730.0599999999999|18920
2020.03.03 21:30:00|730.0599999999999|758.08|724.67|754.4400000000001|18672
2020.03.03 22:30:00|754.45|754.49|736.99|744.71|7403
2020.03.04 16:30:00|760.41|763.6900000000001|735.59|753.1900000000001|19970
2020.03.04 17:30:00|753.1900000000001|753.83|739.8099999999999|746.52|15164
2020.03.04 18:30:00|746.53|748.6|724.09|733.53|15361
2020.03.04 19:30:00|733.53|752.04|728.54|743.63|14707
2020.03.04 20:30:00|743.64|744.29|732.8|736.02|12626
2020.03.04 21:30:00|736.02|743.54|729.49|741.85|12668
2020.03.04 22:30:00|741.85|748.77|733.99|748.6900000000001|7352
2020.03.05 16:30:00|726.4|740.3|717.5599999999999|732.05|14251
2020.03.05 17:30:00|732.05|744.9299999999999|730.15|741.08|11984
2020.03.05 18:30:00|741.08|742.3|730.9400000000001|733.48|9690
2020.03.05 19:30:00|732.97|736.35|724.59|731.9|10160
2020.03.05 20:30:00|732.35|735.1|725.49|727.2|9390
2020.03.05 21:30:00|727.21|730.48|719.17|719.79|10789
2020.03.05 22:30:00|719.79|727.22|719.1900000000001|723.79|5767
2020.03.06 16:30:00|696.61|704.48|683.6900000000001|704.1|16069
2020.03.06 17:30:00|704.11|704.83|690.09|692.75|13152
2020.03.06 18:30:00|692.75|695.54|685.1|687.8099999999999|10608
2020.03.06 19:30:00|687.76|696.86|686.71|693.74|10072
2020.03.06 20:30:00|693.74|695.55|686.48|688.52|9575
2020.03.06 21:30:00|688.51|698.84|686.74|695.14|10757
2020.03.06 22:30:00|694.99|706.1900000000001|693.85|703.99|6409
2020.03.09 15:30:00|617.27|660.83|606.49|638|12255
2020.03.09 16:30:00|638.01|646.5|625.49|629.05|14544
2020.03.09 17:30:00|628.55|640.97|624.74|630.49|13166
2020.03.09 18:30:00|630.49|639|629.49|629.95|10225
2020.03.09 19:30:00|629.96|629.96|614.75|617|11299
2020.03.09 20:30:00|616.99|624.3099999999999|611.8200000000001|614.11|12273
2020.03.09 21:30:00|614.11|617.78|609.49|609.49|6220
2020.03.10 15:30:00|658.6|667|637.7|639.17|15290
2020.03.10 16:30:00|639.17|642.49|612.8|614.46|14345
2020.03.10 17:30:00|614.6799999999999|635.33|607.49|625.58|13935
2020.03.10 18:30:00|625.5700000000001|635.36|623.52|632.58|11155
2020.03.10 19:30:00|632.6|634.3|625.73|628.49|10535
2020.03.10 20:30:00|628.5|648.27|627.0599999999999|641.49|13590
2020.03.10 21:30:00|641.49|645.17|637.49|643.3|6298
2020.03.11 15:30:00|637.34|652.0700000000001|631.49|633.5|16134
2020.03.11 16:30:00|633.5|636.14|629.6900000000001|631.97|14102
2020.03.11 17:30:00|631.97|647.61|631.49|642.7|12478
2020.03.11 18:30:00|642.71|644.78|629.99|631.99|11457
2020.03.11 19:30:00|632.5|633.64|615.1799999999999|616.51|11197
2020.03.11 20:30:00|616.62|629.21|612.49|628.76|15094
2020.03.11 21:30:00|628.76|638.11|624.52|633.51|7227
2020.03.12 15:30:00|572.9|587.3099999999999|548.76|573.01|11639
2020.03.12 16:30:00|573.02|576.16|558.04|560.2|16082
2020.03.12 17:30:00|559.99|561.89|545.6|553.36|14521
2020.03.12 18:30:00|553.49|593.6|549.52|567.8|13051
2020.03.12 19:30:00|567.8099999999999|571.5|554.49|561.51|13281
2020.03.12 20:30:00|561.52|563.64|552.49|555.74|12766
2020.03.12 21:30:00|555.75|570.48|554.5|559.5|6133
2020.03.13 15:30:00|601.28|606.9299999999999|551.2|567.6900000000001|15675
2020.03.13 16:30:00|567.86|571.8|529.85|530.6|11528
2020.03.13 17:30:00|530.6|532.04|501.49|515.65|16595
2020.03.13 18:30:00|515.65|533.59|514.99|525.5|14340
2020.03.13 19:30:00|525.4|540.87|519.49|519.52|11885
2020.03.13 20:30:00|519.51|529.45|516.0599999999999|527.03|11028
2020.03.13 21:30:00|527.03|540.24|517.49|533.28|5588
2020.03.16 15:30:00|459.39|469.81|441.66|452.99|13659
2020.03.16 16:30:00|453.01|493.5|453.01|482.44|18013
2020.03.16 17:30:00|482.44|489.98|471.59|479.74|15050
2020.03.16 18:30:00|479.73|483.5|464.49|465.8|12800
2020.03.16 19:30:00|465.8|468.4|451.51|461.5|13071
2020.03.16 20:30:00|461.75|474.04|457.69|460.5|13820
2020.03.16 21:30:00|460.5|460.89|442.7|442.7|6257
2020.03.17 15:30:00|443.45|446.5|395.49|418.74|22337
2020.03.17 16:30:00|418.9|443.52|409.49|433.47|18966
2020.03.17 17:30:00|432.49|470.75|427.59|436.49|19338
2020.03.17 18:30:00|436.49|447.67|419.49|427.49|16440
2020.03.17 19:30:00|427.5|442.04|426.42|438.44|14580
2020.03.17 20:30:00|438.44|445.26|415.84|416.21|15273
2020.03.17 21:30:00|416.2|434.56|415.29|428.58|8157
2020.03.18 15:30:00|393.49|404.05|380.7|393.49|18531
2020.03.18 16:30:00|393.63|396.16|377.69|380.19|16158
2020.03.18 17:30:00|380.19|390.92|379.79|382.09|15012
2020.03.18 18:30:00|382.12|383.39|359.5|360.49|10092
2020.03.18 19:30:00|360.49|365.82|350|352.89|12658
2020.03.18 20:30:00|352.89|363.45|351.09|353.13|13518
2020.03.18 21:30:00|353.14|362.6|350.57|360.02|6717
2020.03.19 15:30:00|370.98|433.88|357.95|419.8|16682
2020.03.19 16:30:00|419.81|420.57|391.28|416.45|14504
2020.03.19 17:30:00|416.46|417.14|402.5|412.5|12398
2020.03.19 18:30:00|412.63|424.52|408.86|417.59|11750
2020.03.19 19:30:00|417.59|436.39|416.49|432.5|11028
2020.03.19 20:30:00|432.5|451.24|430.52|435.05|14563
2020.03.19 21:30:00|435.14|437.55|419.49|426.99|6176
2020.03.20 15:30:00|441.51|449.04|425.04|446.78|17237
2020.03.20 16:30:00|446.7|475.92|443.49|454.42|17761
2020.03.20 17:30:00|453.89|464.28|433.58|436.84|13781
2020.03.20 18:30:00|436.84|452.02|435.81|439.12|11982
2020.03.20 19:30:00|439.5|442.75|431.24|431.28|10207
2020.03.20 20:30:00|431.5|436.79|425.49|435.93|11908
2020.03.20 21:30:00|435.94|442.12|426.08|426.91|6896
2020.03.23 15:30:00|428.26|440.25|410.55|428.98|13362
2020.03.23 16:30:00|428.99|433.02|409.99|410.59|13913
2020.03.23 17:30:00|410.6|426.97|410.49|422.97|12579
2020.03.23 18:30:00|423.03|439.48|419.99|431.69|12480
2020.03.23 19:30:00|431.69|434.93|422.34|428.41|10158
2020.03.23 20:30:00|428.43|433.39|424.7|426.2|9671
2020.03.23 21:30:00|426.25|434.49|422.64|432.59|5725
2020.03.24 15:30:00|482|510.49|473.49|503.52|24803
2020.03.24 16:30:00|503.67|505.42|488.49|502.99|20395
2020.03.24 17:30:00|502.99|510.96|496.55|508.59|16847
2020.03.24 18:30:00|508.48|512.96|495.99|499.6|15269
2020.03.24 19:30:00|498.99|506.87|489.71|496.35|14270
2020.03.24 20:30:00|496.35|504.23|492.99|502.1|13305
2020.03.24 21:30:00|502.1|508.82|499.5|503.49|7957
2020.03.25 15:30:00|534.9|555.65|510.6|524.91|24952
2020.03.25 16:30:00|524.55|545|524.54|541.8200000000001|20316
2020.03.25 17:30:00|541.5|553.37|537.49|551.51|17637
2020.03.25 18:30:00|551.12|551.72|541.55|544.14|15084
2020.03.25 19:30:00|544.14|547.8200000000001|534.49|537.86|14204
2020.03.25 20:30:00|537.87|552.1|535.49|544.83|13894
2020.03.25 21:30:00|544.83|551.92|532.89|538.54|8125
2020.03.26 15:30:00|550.6799999999999|558.1900000000001|541.54|545.3|16095
2020.03.26 16:30:00|545.3|549.49|533.6900000000001|536.2|14266
2020.03.26 17:30:00|536.2|542.1799999999999|530.39|535.49|12541
2020.03.26 18:30:00|535.52|535.91|516.6900000000001|517.52|12148
2020.03.26 19:30:00|517.52|522.98|511.69|516.9299999999999|12193
2020.03.26 20:30:00|516.9299999999999|526.08|515.49|525.12|10678
2020.03.26 21:30:00|525.13|528.35|515.35|526.02|6245
2020.03.27 15:30:00|498.39|509.49|493.52|499.5|19330
2020.03.27 16:30:00|499.51|506.81|496.37|502.25|12965
2020.03.27 17:30:00|502.26|504.34|498.52|500.03|10193
2020.03.27 18:30:00|500.04|505.99|499.5|503.93|9992
2020.03.27 19:30:00|503.81|515.73|503.7|510.77|12932
2020.03.27 20:30:00|510.76|525.21|510.01|517.08|13869
2020.03.27 21:30:00|517.1|521.89|513.49|514.05|7673
2020.03.30 16:30:00|511.51|514.02|490.72|497.24|14341
2020.03.30 17:30:00|497.24|503.92|496.76|503.33|11981
2020.03.30 18:30:00|503.35|515.85|503.35|513.02|11501
2020.03.30 19:30:00|513.02|513.02|503.61|505.19|9602
2020.03.30 20:30:00|505.19|507.65|499.5|504.81|10559
2020.03.30 21:30:00|504.81|507.4|500.49|502.92|9910
2020.03.30 22:30:00|502.93|503.76|499.49|500.99|5799
2020.03.31 16:30:00|499.26|538.89|497.53|532.5599999999999|21110
2020.03.31 17:30:00|532.39|534.95|525.99|533.62|15157
2020.03.31 18:30:00|533.63|542.1|529.5|532.48|14340
2020.03.31 19:30:00|532.48|534.4|519.6|522.5|11747
2020.03.31 20:30:00|522.5|530.12|520.99|526.22|9939
2020.03.31 21:30:00|526.22|529.6799999999999|508.85|514.03|10224
2020.03.31 22:30:00|514.04|523.39|513.49|522.88|6397
2020.04.01 16:30:00|502.49|513.01|500.49|507.21|17128
2020.04.01 17:30:00|507.21|509.81|502.91|503.33|11332
2020.04.01 18:30:00|503.32|504.53|496.26|497.07|14258
2020.04.01 19:30:00|497.07|498.72|490.57|492.39|14276
2020.04.01 20:30:00|492.39|492.39|485.11|487.51|14275
2020.04.01 21:30:00|487.51|487.51|475.65|477.17|13997
2020.04.01 22:30:00|477.18|483.11|474.59|480.91|9127
2020.04.02 16:30:00|482|485.19|466.6|481.63|15356
2020.04.02 17:30:00|481.49|493.49|473.69|475.87|15096
2020.04.02 18:30:00|475.58|481.77|468.49|470.15|11386
2020.04.02 19:30:00|470.15|474.33|459.09|459.97|12319
2020.04.02 20:30:00|459.97|462.14|449.74|452.62|13484
2020.04.02 21:30:00|452.63|458.11|448.25|449.88|12565
2020.04.02 22:30:00|449.88|454.2|445.74|452.5|7443
2020.04.03 16:30:00|502.53|514.58|483.71|485.74|19391
2020.04.03 17:30:00|485.75|492.96|482.02|488.1|12910
2020.04.03 18:30:00|488.13|491|477.56|479.18|10865
2020.04.03 19:30:00|479.19|480.92|469.49|470.61|11904
2020.04.03 20:30:00|470.62|478.97|467.88|478.8|11093
2020.04.03 21:30:00|478.64|480.46|474.69|477.06|10681
2020.04.03 22:30:00|477.08|480.04|474.75|478.61|6564
2020.04.06 16:30:00|508.2|519.85|497.29|508.28|17424
2020.04.06 17:30:00|508.28|512.74|502.49|506.09|13085
2020.04.06 18:30:00|506.09|511.48|502.73|510.24|11761
2020.04.06 19:30:00|510.24|512.8099999999999|506.07|506.5|9478
2020.04.06 20:30:00|506.5|511.45|505.69|507.11|9107
2020.04.06 21:30:00|507.21|510.18|505.99|509.95|8753
2020.04.06 22:30:00|509.96|517.9|508.99|515.3|6538
2020.04.07 16:30:00|539.99|564.15|531.83|544.04|23595
2020.04.07 17:30:00|544.05|552.49|536.96|544.0599999999999|17106
2020.04.07 18:30:00|544|558.5|544|555.5599999999999|15889
2020.04.07 19:30:00|555.5700000000001|560.88|552.7|556.25|14411
2020.04.07 20:30:00|556.27|556.49|546.42|551.46|13036
2020.04.07 21:30:00|551.49|553|540.12|542.34|13853
2020.04.07 22:30:00|542.42|551.17|541.49|544.79|7645
2020.04.08 16:30:00|552.84|556.5|532.79|541.8099999999999|19450
2020.04.08 17:30:00|541.83|551.14|537.15|550.25|14628
2020.04.08 18:30:00|550.11|551.97|542.5|547|12865
2020.04.08 19:30:00|547.02|550.7|545.08|545.55|10025
2020.04.08 20:30:00|545.5700000000001|548.27|541.49|547.24|10559
2020.04.08 21:30:00|547.29|548.59|543.49|544.86|10738
2020.04.08 22:30:00|544.86|549.61|542.6900000000001|547.8099999999999|7507
2020.04.09 16:30:00|565.5|574.61|556.6|564.92|17083
2020.04.09 17:30:00|564.99|568.98|560.54|563.3|13143
2020.04.09 18:30:00|563.3|570.58|561.99|566.8|12254
2020.04.09 19:30:00|566.8|571|565.73|569.02|10736
2020.04.09 20:30:00|569.02|573.89|566.49|568.04|12231
2020.04.09 21:30:00|568.04|570.99|563.6|569.96|11944
2020.04.09 22:30:00|569.96|572.4299999999999|568.28|572.15|6840
2020.04.13 16:30:00|585.41|604.4|579.89|598.37|16583
2020.04.13 17:30:00|598.5|610.91|595.6|610.49|13831
2020.04.13 18:30:00|610.22|634.21|606.49|623.71|16884
2020.04.13 19:30:00|623.6900000000001|630.09|620.51|625.13|11126
2020.04.13 20:30:00|625.13|640.6900000000001|624.52|637.4299999999999|12687
2020.04.13 21:30:00|637.4299999999999|645.2|635.04|639.5700000000001|12780
2020.04.13 22:30:00|639.59|651.41|639|650.14|8131
2020.04.14 16:30:00|697.02|740.97|691.84|731.74|23528
2020.04.14 17:30:00|731.76|736.5|705.99|723.09|17750
2020.04.14 18:30:00|723.34|734.3200000000001|721.13|728.58|12821
2020.04.14 19:30:00|728.58|736.02|727.42|731.55|10531
2020.04.14 20:30:00|731.55|738.08|726.7|727.3099999999999|9973
2020.04.14 21:30:00|727.51|729.21|708.39|714.59|13456
2020.04.14 22:30:00|714.5700000000001|716.98|702.26|708.9299999999999|7514
2020.04.15 16:30:00|732.49|752.49|725.78|738.53|20889
2020.04.15 17:30:00|738.38|739.54|717.6|725.98|16746
2020.04.15 18:30:00|726.05|729.6|709.49|724.52|14916
2020.04.15 19:30:00|724.67|736.16|717.59|729.2|12862
2020.04.15 20:30:00|729.23|733.23|724.6900000000001|729.2|11630
2020.04.15 21:30:00|729.36|735.5|721.71|723.77|12154
2020.04.15 22:30:00|723.61|729.74|720.49|728.96|7192
2020.04.16 16:30:00|717.86|727.1|706.2|725.99|19432
2020.04.16 17:30:00|725.9299999999999|758.7|722.08|755.11|19585
2020.04.16 18:30:00|755.11|756.88|734.49|740.02|17305
2020.04.16 19:30:00|740.02|743.5|731.49|739.8|13603
2020.04.16 20:30:00|739.77|742.1|732.49|740.0700000000001|11443
2020.04.16 21:30:00|740.08|745.9400000000001|737.49|742.53|12759
2020.04.16 22:30:00|742.54|747.78|742.1|744.8099999999999|8191
2020.04.17 16:30:00|764.85|771.3|755.11|761.29|15190
2020.04.17 17:30:00|761.3|762.3|750.79|755.5|12502
2020.04.17 18:30:00|755.5|763.85|754.26|761|10069
2020.04.17 19:30:00|761.02|761.63|753.16|754.52|9219
2020.04.17 20:30:00|754.54|756.73|747.0700000000001|751.77|9651
2020.04.17 21:30:00|751.75|755.02|748.74|749.59|9874
2020.04.17 22:30:00|749.59|754.45|749.49|752.6799999999999|6081
2020.04.20 16:30:00|732.9|752.27|711.7|750.12|19102
2020.04.20 17:30:00|750.12|764.9|749.99|757.9400000000001|16111
2020.04.20 18:30:00|757.9400000000001|760.62|747.63|750.14|11751
2020.04.20 19:30:00|750.15|757.27|748.9|752.6|10320
2020.04.20 20:30:00|752.6|756.86|745.91|746.85|9411
2020.04.20 21:30:00|746.86|756.8099999999999|746.86|752.96|12759
2020.04.20 22:30:00|753.0599999999999|753.58|744.5700000000001|745.5|6541
2020.04.21 16:30:00|731.01|752.39|730.6900000000001|740.48|15691
2020.04.21 17:30:00|740.48|740.55|672.89|687.33|19708
2020.04.21 18:30:00|687.33|698.14|684.74|696.17|14309
2020.04.21 19:30:00|696.17|707.3|686.62|707.28|12568
2020.04.21 20:30:00|707.29|711.59|700.16|709.5|12372
2020.04.21 21:30:00|709.45|711.97|690.79|696.52|12536
2020.04.21 22:30:00|696.33|697.76|683.76|686.27|6896
2020.04.22 16:30:00|705.3200000000001|711.67|688.2|696.97|18622
2020.04.22 17:30:00|696.98|708.95|696.98|697.99|13415
2020.04.22 18:30:00|697.99|702.98|695.72|698.74|9822
2020.04.22 19:30:00|698.74|706.86|696.09|705.13|9096
2020.04.22 20:30:00|705.15|721.95|703.33|719.0599999999999|11365
2020.04.22 21:30:00|719.0599999999999|724.27|714.54|722.4|12689
2020.04.22 22:30:00|722.4299999999999|733.41|722.4299999999999|731.49|8357
2020.04.23 16:30:00|726.39|731.99|713.62|726.98|16949
2020.04.23 17:30:00|726.98|733.3099999999999|720.62|728.42|13167
2020.04.23 18:30:00|728.45|728.83|721.74|724.29|9924
2020.04.23 19:30:00|724.29|727.8|713.5|720.09|14537
2020.04.23 20:30:00|720.09|722.9299999999999|707.9400000000001|715.49|12861
2020.04.23 21:30:00|715.5|718.49|708.49|711.25|11000
2020.04.23 22:30:00|711.27|711.3099999999999|702.59|704.5|7647
2020.04.24 16:30:00|714.02|714.5|697.59|710.91|16317
2020.04.24 17:30:00|711.01|718.99|704.86|707.51|14488
2020.04.24 18:30:00|707.61|714.39|704.5700000000001|712.12|10229
2020.04.24 19:30:00|712.12|716.4299999999999|709.59|711.83|9399
2020.04.24 20:30:00|711.83|716.16|709.1900000000001|714.99|9257
2020.04.24 21:30:00|714.99|726.87|714.53|725.02|13627
2020.04.24 22:30:00|725.02|730.0700000000001|722.8099999999999|724.22|7885
2020.04.27 16:30:00|736.5700000000001|798.5|734.9|792.91|26690
2020.04.27 17:30:00|792.9299999999999|795.01|782.7|792.83|16699
2020.04.27 18:30:00|792.83|794.85|781.8|790.55|12926
2020.04.27 19:30:00|790.5700000000001|792.55|779.29|786.03|12677
2020.04.27 20:30:00|786.04|793.99|781.59|792|10819
2020.04.27 21:30:00|792.02|797.17|786.34|789.0599999999999|12473
2020.04.27 22:30:00|789.05|798.48|789.05|797.9299999999999|8054
2020.04.28 16:30:00|799.14|800.61|764.3|770.64|22682
2020.04.28 17:30:00|770.65|773.3099999999999|755.97|771.5700000000001|18310
2020.04.28 18:30:00|771.46|780.3200000000001|769.49|774.5700000000001|14150
2020.04.28 19:30:00|774.5599999999999|781.71|772.99|777.39|12082
2020.04.28 20:30:00|777.41|781.35|774.34|779.39|10898
2020.04.28 21:30:00|779.24|780.1900000000001|765.26|770.5|12648
2020.04.28 22:30:00|770.51|770.85|763.49|768.35|7660
2020.04.29 16:30:00|794.49|799.5|783.37|789.4299999999999|17656
2020.04.29 17:30:00|789.4400000000001|797.1|788.27|789.74|14113
2020.04.29 18:30:00|789.74|792.14|782.6|785.62|11263
2020.04.29 19:30:00|785.62|792.38|785|791|11456
2020.04.29 20:30:00|791.14|796.45|787.54|793.87|10885
2020.04.29 21:30:00|793.87|802.46|790.67|797.12|13640
2020.04.29 22:30:00|797.13|801.47|795.6900000000001|799|7601
2020.04.30 16:30:00|845.85|868.96|827.74|837.62|19822
2020.04.30 17:30:00|837.92|840.27|810.71|824.95|17306
2020.04.30 18:30:00|824.95|833.6|820.49|820.83|12114
2020.04.30 19:30:00|821.0700000000001|821.96|786.49|786.76|15169
2020.04.30 20:30:00|786.76|795.23|764.39|769.76|19779
2020.04.30 21:30:00|769.6|791.1799999999999|762.85|788.5|15569
2020.04.30 22:30:00|788.7|792.66|774.5|780.85|8025
2020.05.01 16:30:00|761.5700000000001|771.59|741.05|760.9299999999999|17404
2020.05.01 17:30:00|760.85|768.76|716.74|730.78|18233
2020.05.01 18:30:00|730.78|732.51|682.49|710.5599999999999|24554
2020.05.01 19:30:00|710.5599999999999|721.37|696.59|711.71|16411
2020.05.01 20:30:00|711.47|714.59|696.49|711.8099999999999|14006
2020.05.01 21:30:00|711.8200000000001|712|702.1900000000001|706.9299999999999|13120
2020.05.01 22:30:00|706.95|707.4299999999999|696.99|700.8|7541
2020.05.04 16:30:00|702|747.85|700.49|737.86|24615
2020.05.04 17:30:00|737.87|746.39|731.79|737.26|17956
2020.05.04 18:30:00|737.26|745.99|736.99|741.4|13431
2020.05.04 19:30:00|741.42|741.55|726.49|731.8099999999999|12059
2020.05.04 20:30:00|731.8099999999999|743.9299999999999|730.66|742.28|10823
2020.05.04 21:30:00|741.87|750.96|737.23|749.37|13448
2020.05.04 22:30:00|749.24|761.39|747.87|760.16|9746
2020.05.05 16:30:00|785.4|798.25|769.49|771.64|20430
2020.05.05 17:30:00|771.64|780.5599999999999|761.66|771.34|17533
2020.05.05 18:30:00|771.35|780.16|770.71|772.4299999999999|11752
2020.05.05 19:30:00|772.4299999999999|777.9|768.49|772.35|11443
2020.05.05 20:30:00|772.37|778.9299999999999|770.79|776.99|9487
2020.05.05 21:30:00|777.01|785.49|772.7|773.72|13289
2020.05.05 22:30:00|773.73|774.38|763.49|766.78|9471
2020.05.06 16:30:00|774.49|780.36|760.6|771.46|14847
2020.05.06 17:30:00|771.83|777.39|770|773.5700000000001|11569
2020.05.06 18:30:00|773.39|776.4|768.84|774.6900000000001|9809
2020.05.06 19:30:00|774.6900000000001|780.02|773.59|776.98|9158
2020.05.06 20:30:00|776.99|783.25|775.74|780.26|10259
2020.05.06 21:30:00|780.27|789.26|779.29|785.9|12521
2020.05.06 22:30:00|785.91|785.92|777.9|781.9400000000001|6435
2020.05.07 16:30:00|775.6|795.42|771.84|782.5700000000001|16993
2020.05.07 17:30:00|782.58|786.26|773.4|776.7|12985
2020.05.07 18:30:00|776.7|789.49|775.04|788.11|11328
2020.05.07 19:30:00|788.11|788.12|782.03|786|10180
2020.05.07 20:30:00|786.01|789.38|779.03|782.49|9854
2020.05.07 21:30:00|782.49|784.74|778.73|780.9400000000001|10659
2020.05.07 22:30:00|780.66|781.38|776.49|779.5599999999999|6299
2020.05.08 16:30:00|789.74|817.41|786.49|812.3200000000001|19682
2020.05.08 17:30:00|812.3200000000001|818.84|806.6|817.64|14170
2020.05.08 18:30:00|817.5|823.35|813.7|816.62|13606
2020.05.08 19:30:00|816.65|821.41|815.99|820.0700000000001|10595
2020.05.08 20:30:00|820.0700000000001|820.62|812.8099999999999|816.11|10783
2020.05.08 21:30:00|816.12|821.91|815.6900000000001|819.66|11266
2020.05.08 22:30:00|819.66|821.7|813.49|818.5|7981
2020.05.11 16:30:00|791.4|810.84|785.99|808.64|15820
2020.05.11 17:30:00|808.62|818.13|805.54|815.72|12289
2020.05.11 18:30:00|815.72|817.46|812|813.85|9235
2020.05.11 19:30:00|813.75|813.75|805.27|808.9400000000001|9603
2020.05.11 20:30:00|808.9400000000001|814.87|808.9400000000001|812.5599999999999|8716
2020.05.11 21:30:00|812.54|815.28|806.6900000000001|813.99|9982
2020.05.11 22:30:00|814|823.46|809.73|810.13|7670
2020.05.12 16:30:00|833.4400000000001|836.91|818.49|830.8|15549
2020.05.12 17:30:00|830.59|842.36|828.99|838.21|13698
2020.05.12 18:30:00|838.21|839.87|834|837.5599999999999|9366
2020.05.12 19:30:00|837.5599999999999|839.33|822.49|826.15|9724
2020.05.12 20:30:00|826.15|832.5|822.99|826.59|9870
2020.05.12 21:30:00|826.59|830.37|812.49|816.41|10939
2020.05.12 22:30:00|816.42|820.0700000000001|807.49|808.8|7094
2020.05.13 16:30:00|824.49|825|804.73|820.12|13059
2020.05.13 17:30:00|820.12|822.11|797.8099999999999|799.38|13995
2020.05.13 18:30:00|799.4|802.34|762.65|782.11|17007
2020.05.13 19:30:00|782.16|788.92|774.6900000000001|782.73|12822
2020.05.13 20:30:00|782.73|790.5|771.54|784.1799999999999|12044
2020.05.13 21:30:00|783.85|784.9|773.99|779.54|12241
2020.05.13 22:30:00|779.55|794.5|777.64|789.65|7457
2020.05.14 16:30:00|783.1799999999999|791.29|764.3099999999999|768.15|18080
2020.05.14 17:30:00|768.16|788.65|763.62|779.05|15451
2020.05.14 18:30:00|779.0700000000001|784.13|775.52|782.33|12456
2020.05.14 19:30:00|782.55|793.05|781.66|790.5700000000001|12192
2020.05.14 20:30:00|790.5700000000001|793.86|783.99|791.3|12014
2020.05.14 21:30:00|791.3|801.34|785.23|800.73|13818
2020.05.14 22:30:00|800.74|802.53|795.49|802.52|8075
2020.05.15 16:30:00|793.2|804.46|785.9299999999999|801.6900000000001|13547
2020.05.15 17:30:00|801.6900000000001|802.51|789.6799999999999|793.99|11437
2020.05.15 18:30:00|793.99|799.66|791.2|797.83|9890
2020.05.15 19:30:00|797.83|803.42|796.3|800.88|9777
2020.05.15 20:30:00|800.88|802.3|794.72|798.6900000000001|9398
2020.05.15 21:30:00|798.7|802.3099999999999|796.49|799.01|9556
2020.05.15 22:30:00|799.13|801.36|798.26|798.49|5782
2020.05.18 16:30:00|825|833.98|813.3099999999999|819.02|16335
2020.05.18 17:30:00|819.2|823.04|814.6799999999999|815.96|11982
2020.05.18 18:30:00|815.72|816.96|806.99|808.29|11577
2020.05.18 19:30:00|808.3|814.6900000000001|807.49|812.85|9765
2020.05.18 20:30:00|812.85|813.3|806.71|807.33|8369
2020.05.18 21:30:00|807.3200000000001|811.38|803.17|810.75|11266
2020.05.18 22:30:00|810.74|816.3099999999999|810.54|812.99|6937
2020.05.19 16:30:00|815.42|818.5|805.5700000000001|811.54|14761
2020.05.19 17:30:00|811.3099999999999|816.64|806.72|815.27|11793
2020.05.19 18:30:00|815.27|819.65|812.49|813.62|11208
2020.05.19 19:30:00|813.62|818.86|813.49|817.16|8092
2020.05.19 20:30:00|817.1799999999999|821.45|815.09|817.5599999999999|9375
2020.05.19 21:30:00|817.49|821.33|810.23|812.45|12621
2020.05.19 22:30:00|812.45|813.17|807.49|807.49|8028
2020.05.20 16:30:00|822.49|825.04|813.91|817.99|14070
2020.05.20 17:30:00|817.99|820.89|814.49|820.13|10313
2020.05.20 18:30:00|820.13|820.4400000000001|812.12|813.66|8421
2020.05.20 19:30:00|813.71|815.73|811.22|813.1|9413
2020.05.20 20:30:00|813.1|815.58|811.99|813.35|8106
2020.05.20 21:30:00|813.14|815.14|812.09|813.25|8350
2020.05.20 22:30:00|813.09|814.88|812.49|814.49|5862
2020.05.21 16:30:00|816.9|818.38|806.49|810.39|14071
2020.05.21 17:30:00|810.39|810.39|795.49|798.4299999999999|14903
2020.05.21 18:30:00|798.4299999999999|809.04|798.01|807.16|10890
2020.05.21 19:30:00|807.17|808.98|804.52|808.86|8860
2020.05.21 20:30:00|808.85|818.61|807.4400000000001|816.4400000000001|10039
2020.05.21 21:30:00|815.9400000000001|831.26|813.49|828.9|14624
2020.05.21 22:30:00|828.91|831.9299999999999|824.75|826.8200000000001|7771
2020.05.22 16:30:00|822.5700000000001|831.16|815.49|819.92|13669
2020.05.22 17:30:00|819.92|823.6900000000001|816.5|817.84|9922
2020.05.22 18:30:00|817.85|820.35|815.74|819.99|7162
2020.05.22 19:30:00|820|826.03|820|823.37|7820
2020.05.22 20:30:00|823.21|826.63|822.67|825.42|6890
2020.05.22 21:30:00|825.42|830.25|817.99|820.97|10338
2020.05.22 22:30:00|820.98|821.12|811.37|815.89|6995
2020.05.26 16:30:00|828.89|831.65|816.6900000000001|822.97|12371
2020.05.26 17:30:00|822.96|823.23|816.49|819.65|9132
2020.05.26 18:30:00|819.65|820.01|815.17|817.41|9268
2020.05.26 19:30:00|817.28|825.05|815.99|824.53|7710
2020.05.26 20:30:00|824.54|824.5700000000001|817.72|819.13|6739
2020.05.26 21:30:00|819.13|820.42|817.04|818.96|8136
2020.05.26 22:30:00|818.97|820.04|816.49|818.04|6137
2020.05.27 16:30:00|817.96|822.23|798.49|806.63|14528
2020.05.27 17:30:00|806.91|806.91|784.49|799.9400000000001|14220
2020.05.27 18:30:00|799.9|808.72|797.49|803.77|10095
2020.05.27 19:30:00|803.77|811.9|802.99|811.4|9810
2020.05.27 20:30:00|811.21|812.38|805.99|811.45|9126
2020.05.27 21:30:00|811.4400000000001|821.67|811.05|819.0700000000001|11262
2020.05.27 22:30:00|819.0700000000001|820.29|815.49|819.17|7151
2020.05.28 16:30:00|813.29|816.99|806.09|815.0700000000001|13615
2020.05.28 17:30:00|815.0700000000001|820.6|813.09|817.5599999999999|10705
2020.05.28 18:30:00|817.5599999999999|819.15|813.99|816.42|8844
2020.05.28 19:30:00|816.42|819.0599999999999|815.54|817.91|7178
2020.05.28 20:30:00|817.91|824.02|816.49|817.23|10291
2020.05.28 21:30:00|817.24|818.54|808.77|808.77|10256
2020.05.28 22:30:00|808.77|810.66|801.1799999999999|805.29|8034
2020.05.29 16:30:00|806.37|812.99|803.61|809.02|13194
2020.05.29 17:30:00|809.03|812.3099999999999|806.5700000000001|810.16|10465
2020.05.29 18:30:00|810.02|819.38|809.99|818.5|11576
2020.05.29 19:30:00|818.51|822.84|816.04|819.9400000000001|10781
2020.05.29 20:30:00|819.9400000000001|823.12|816.66|822.79|10569
2020.05.29 21:30:00|822.79|826.6|811.95|825.4299999999999|15294
2020.05.29 22:30:00|825.25|834.4|823.87|833.72|8989
2020.06.01 16:30:00|861.84|880.74|854.5700000000001|876.62|18300
2020.06.01 17:30:00|876.64|883.4299999999999|875.49|876.7|13927
2020.06.01 18:30:00|876.7|881.0700000000001|874.52|877.01|10488
2020.06.01 19:30:00|877.0700000000001|884.42|877.01|881.63|9624
2020.06.01 20:30:00|881.63|884.36|878.29|881.3099999999999|10645
2020.06.01 21:30:00|881.3200000000001|894.4|880.49|894.1|12671
2020.06.01 22:30:00|894.1|898.47|891.49|897.52|8958
2020.06.02 16:30:00|891.67|907.99|886.74|895.09|17420
2020.06.02 17:30:00|895.09|895.09|870.12|880.54|16451
2020.06.02 18:30:00|880.54|891.17|878.55|890.58|12462
2020.06.02 19:30:00|890.58|891.28|886.58|891.15|8805
2020.06.02 20:30:00|891.25|896.5|889.59|892.49|10390
2020.06.02 21:30:00|892.74|893.59|879.64|882.11|11365
2020.06.02 22:30:00|882.12|886.38|880.39|880.6|6915
2020.06.03 16:30:00|884.39|897.3|879.66|892.49|19442
2020.06.03 17:30:00|892.35|894.4|887.59|892.1900000000001|14448
2020.06.03 18:30:00|892.1900000000001|892.5700000000001|881.99|884.86|13500
2020.06.03 19:30:00|884.85|888.41|883.29|883.61|9689
2020.06.03 20:30:00|883.54|887.36|882.49|883.5|9839
2020.06.03 21:30:00|883.51|885.4400000000001|879.59|883.5700000000001|11362
2020.06.03 22:30:00|883.58|885.86|879.74|882.04|7162
2020.06.04 16:30:00|887.2|895.0599999999999|887.15|889.25|14537
2020.06.04 17:30:00|889.39|891.46|873.73|877.97|13653
2020.06.04 18:30:00|877.97|884.3099999999999|877.49|882.29|10438
2020.06.04 19:30:00|882.28|882.29|873.62|875.64|10630
2020.06.04 20:30:00|875.64|880.49|874.74|874.99|8051
2020.06.04 21:30:00|875.03|875.55|857.8|862.3|16823
2020.06.04 22:30:00|862.3099999999999|864.29|861.64|863.73|9204
2020.06.05 16:30:00|876.46|880.2|865.5599999999999|870.17|18290
2020.06.05 17:30:00|870.17|876.02|867.5700000000001|875.11|15151
2020.06.05 18:30:00|875.25|878.27|871.79|878.23|12995
2020.06.05 19:30:00|878.24|879.65|875.12|878.52|10062
2020.06.05 20:30:00|878.51|878.71|872.61|875.75|9274
2020.06.05 21:30:00|875.76|885.79|875.49|884.75|13401
2020.06.05 22:30:00|884.76|885.28|881.59|884.74|8290
2020.06.08 16:30:00|918.96|932.14|908.54|918.58|17020
2020.06.08 17:30:00|918.58|929.15|914.58|927.4400000000001|14157
2020.06.08 18:30:00|927.4400000000001|929.35|922.49|925.53|10845
2020.06.08 19:30:00|925.53|934.2|925.51|928.53|10608
2020.06.08 20:30:00|928.53|936.8|928|934.75|11834
2020.06.08 21:30:00|934.75|944|932.84|943.45|13142
2020.06.08 22:30:00|943.46|949.48|943.45|949.16|8772
2020.06.09 16:30:00|939.53|943.12|923.39|935.09|15925
2020.06.09 17:30:00|935.15|953.58|933.9299999999999|946.12|14035
2020.06.09 18:30:00|946.12|947.77|936.86|944.3|11263
2020.06.09 19:30:00|944.3|953.21|943.49|949.89|12929
2020.06.09 20:30:00|949.9|952.25|942.75|945.16|11643
2020.06.09 21:30:00|945.15|947.8099999999999|941.55|945.29|11253
2020.06.09 22:30:00|945.29|946.3099999999999|938.99|939.5|6985
2020.06.10 16:30:00|995.48|1006.12|981.99|998.99|19028
2020.06.10 17:30:00|999|1010.89|997.63|1007.11|16337
2020.06.10 18:30:00|1007.11|1019.26|1004.77|1015.31|14888
2020.06.10 19:30:00|1015.3|1017.4|1011.69|1011.92|12462
2020.06.10 20:30:00|1011.94|1016.83|1003.6|1016.55|12402
2020.06.10 21:30:00|1016.51|1021.08|1007.49|1020.74|14128
2020.06.10 22:30:00|1020.74|1026.44|1018.49|1024.31|8103
2020.06.11 16:30:00|985.87|1017.97|982.61|1001.28|21939
2020.06.11 17:30:00|1001.28|1011.17|993.49|1003.23|19417
2020.06.11 18:30:00|1003.24|1004.13|983.61|990.6900000000001|20386
2020.06.11 19:30:00|990.79|995.62|973.49|988.04|20367
2020.06.11 20:30:00|988.05|992.78|980.62|985.45|16967
2020.06.11 21:30:00|985.4299999999999|986.9|973.54|977.78|18482
2020.06.11 22:30:00|977.77|982.3099999999999|971.49|972.8|10650
2020.06.12 16:30:00|978.6799999999999|987.1|955.03|955.54|24531
2020.06.12 17:30:00|955.47|957.54|927.99|932.96|22639
2020.06.12 18:30:00|933|952.02|929.74|943.39|18305
2020.06.12 19:30:00|943.4|943.6900000000001|929.3099999999999|932.35|17281
2020.06.12 20:30:00|932.35|934.13|912.09|924.9299999999999|21046
2020.06.12 21:30:00|925.05|931.26|919.49|921.46|18766
2020.06.12 22:30:00|921.47|938.04|920.74|934.15|11571
2020.06.15 16:30:00|917.7|944.86|907.99|932.58|20949
2020.06.15 17:30:00|932.58|952.34|931.04|949.11|19333
2020.06.15 18:30:00|949.11|957.21|941.77|956.83|16909
2020.06.15 19:30:00|956.84|973.87|955.64|964.6|20057
2020.06.15 20:30:00|964.59|982.08|960.9|979.01|17871
2020.06.15 21:30:00|979.01|998.04|976.53|989.85|19792
2020.06.15 22:30:00|989.85|995.38|985.04|989.99|12266
2020.06.16 16:30:00|1007.73|1008.69|980.74|986.66|17796
2020.06.16 17:30:00|986.66|997.01|961.77|979.13|18103
2020.06.16 18:30:00|979.42|982.29|967.95|976.08|14171
2020.06.16 19:30:00|976.09|994.27|973.84|991.49|14910
2020.06.16 20:30:00|991.49|991.75|979.49|983.26|14020
2020.06.16 21:30:00|983.26|985.38|972.8200000000001|979.05|14524
2020.06.16 22:30:00|979.17|983.39|975.49|981.13|8290
2020.06.17 16:30:00|984.72|996.1900000000001|981.79|987.35|15498
2020.06.17 17:30:00|987.35|995.49|985.05|993.74|13716
2020.06.17 18:30:00|993.74|998.84|993.39|993.49|11672
2020.06.17 19:30:00|993.46|1004.35|992.99|1002.29|12215
2020.06.17 20:30:00|1002.28|1002.62|990.37|992.76|12196
2020.06.17 21:30:00|992.77|998.29|985.6900000000001|987.49|11989
2020.06.17 22:30:00|987.49|992.99|985.8200000000001|989.95|7392
2020.06.18 16:30:00|1004.11|1018.16|1001.1|1004.73|17334
2020.06.18 17:30:00|1004.69|1008.26|999.59|1003.61|14627
2020.06.18 18:30:00|1003.61|1004.43|993.89|1001.54|13439
2020.06.18 19:30:00|1001.55|1004.52|998.59|1001.5|10175
2020.06.18 20:30:00|1001.5|1004.85|996.21|996.99|10215
2020.06.18 21:30:00|996.99|1001.62|995.53|1001.49|10606
2020.06.18 22:30:00|1001.5|1003.47|998.65|1002.32|6575
2020.06.19 16:30:00|1010.57|1012.87|1003.62|1007.59|14348
2020.06.19 17:30:00|1007.59|1008.26|1002.87|1004.34|11566
2020.06.19 18:30:00|1004.34|1004.5|990.78|995.1799999999999|14791
2020.06.19 19:30:00|995.1900000000001|1000.39|994.5|998.2|11482
2020.06.19 20:30:00|998.2|999.46|991.99|993.09|12646
2020.06.19 21:30:00|993.09|1000.6|991.5|999.4400000000001|12613
2020.06.19 22:30:00|999.45|1001.71|998.74|1000.07|8113
2020.06.22 16:30:00|998.45|1008.01|993.6|1002.1|11214
2020.06.22 17:30:00|1002.11|1002.75|989.5|994.72|12403
2020.06.22 18:30:00|994.9299999999999|999.9400000000001|993.49|997.73|9254
2020.06.22 19:30:00|997.74|999.3099999999999|995.49|998.61|7883
2020.06.22 20:30:00|998.61|1000.21|995.51|996.04|8841
2020.06.22 21:30:00|996.04|999.41|994.5|994.9400000000001|9691
2020.06.22 22:30:00|994.9400000000001|995.89|992.76|993.76|6348
2020.06.23 16:30:00|995.99|1011.39|993.49|1006.85|14438
2020.06.23 17:30:00|1007.06|1008.79|1001.49|1006.34|11736
2020.06.23 18:30:00|1006.35|1008.11|1001.55|1003.15|9516
2020.06.23 19:30:00|1003.03|1003.87|999.49|1001.74|9684
2020.06.23 20:30:00|1001.75|1004.29|998.61|999.97|8048
2020.06.23 21:30:00|999.96|1001.29|995.85|998.78|9783
2020.06.23 22:30:00|998.78|1002.44|997.74|1001.15|7281
2020.06.24 16:30:00|995.59|999.92|952.5|981|17187
2020.06.24 17:30:00|981|981.63|965.49|970.49|15196
2020.06.24 18:30:00|970.27|970.5|955.49|963.95|15356
2020.06.24 19:30:00|963.96|969.98|960.49|961.76|13225
2020.06.24 20:30:00|961.77|965.48|959.49|964.6900000000001|11847
2020.06.24 21:30:00|964.6900000000001|966.62|959.49|963.64|12193
2020.06.24 22:30:00|963.73|968.96|959.51|960.39|7874
2020.06.25 16:30:00|953.08|962.7|936.63|960.99|15354
2020.06.25 17:30:00|961.05|966.63|953.79|960.55|12640
2020.06.25 18:30:00|960.65|974.28|957.14|969.6900000000001|10682
2020.06.25 19:30:00|969.71|974.62|967.6900000000001|971.1|10370
2020.06.25 20:30:00|971.17|975.17|969.1900000000001|971.79|8748
2020.06.25 21:30:00|971.79|980.38|968.09|979.55|10195
2020.06.25 22:30:00|979.5599999999999|985.28|977.1900000000001|984.6900000000001|7319
2020.06.26 16:30:00|990.62|993.13|966.8200000000001|972.92|15437
2020.06.26 17:30:00|972.5|974.49|960.8200000000001|970.61|15075
2020.06.26 18:30:00|970.62|976.49|963.85|968.03|10691
2020.06.26 19:30:00|968.03|971.26|964.59|968.59|9408
2020.06.26 20:30:00|968.6|968.92|961.39|962.3099999999999|10453
2020.06.26 21:30:00|962.15|966.67|959.5599999999999|962.67|11860
2020.06.26 22:30:00|962.6799999999999|962.83|954.28|960.15|8108
2020.06.29 16:30:00|967.62|975.48|947.99|974.6|13462
2020.06.29 17:30:00|974.59|988.42|974.59|987.16|16426
2020.06.29 18:30:00|987.16|993.84|982.6900000000001|991.23|12859
2020.06.29 19:30:00|991.24|992.88|984.54|991.58|10737
2020.06.29 20:30:00|991.58|996.3|988.39|989.95|8511
2020.06.29 21:30:00|989.95|996.12|985.02|995.89|9820
2020.06.29 22:30:00|996.09|1009.48|995.74|1008.68|9253
2020.06.30 16:30:00|1006.18|1048.11|1003.22|1044.43|26279
2020.06.30 17:30:00|1044.39|1062.99|1043.49|1061.75|21821
2020.06.30 18:30:00|1061.59|1086.65|1061.59|1081.95|23358
2020.06.30 19:30:00|1081.98|1084.67|1065.49|1076.94|18063
2020.06.30 20:30:00|1076.94|1079.29|1071.81|1078.19|13838
2020.06.30 21:30:00|1078.2|1084.96|1075.89|1077.59|17169
2020.06.30 22:30:00|1077.59|1081.58|1074.59|1078.17|9922
2020.07.01 16:30:00|1091.72|1125.97|1089.87|1123.49|22654
2020.07.01 17:30:00|1123.57|1134.38|1123.03|1125.21|18422
2020.07.01 18:30:00|1125.21|1129.02|1116.6|1121.04|13529
2020.07.01 19:30:00|1121.03|1125.34|1108.63|1114.65|12741
2020.07.01 20:30:00|1114.66|1127.13|1106.91|1123.61|12847
2020.07.01 21:30:00|1123.61|1125|1113.24|1121.89|11663
2020.07.01 22:30:00|1121.9|1123.68|1114.49|1118.49|7353
2020.07.02 16:30:00|1221|1221|1196.09|1204.59|24009
2020.07.02 17:30:00|1204.25|1209.66|1185.09|1194.56|23808
2020.07.02 18:30:00|1194.56|1209.1|1190.33|1208.01|20419
2020.07.02 19:30:00|1208.02|1214.85|1197.58|1201.21|19171
2020.07.02 20:30:00|1201.21|1207.63|1198.34|1207|16150
2020.07.02 21:30:00|1207|1214.14|1204.12|1210.34|19402
2020.07.02 22:30:00|1210.35|1213.08|1205.89|1207.26|10953
2020.07.06 16:30:00|1270.61|1308.71|1265.49|1301.7|27333
2020.07.06 17:30:00|1301.16|1325.24|1297.29|1321.75|23688
2020.07.06 18:30:00|1321.75|1340.97|1317.49|1330.39|23920
2020.07.06 19:30:00|1330.39|1332.08|1320.49|1331.52|16749
2020.07.06 20:30:00|1331.92|1333.83|1307.35|1320.82|18006
2020.07.06 21:30:00|1320.94|1346.97|1319.96|1341.82|18985
2020.07.06 22:30:00|1341.62|1377.13|1339.59|1370.49|13554
2020.07.07 16:30:00|1390.61|1428.28|1336.15|1370.79|28821
2020.07.07 17:30:00|1370.07|1418.94|1359.83|1416.44|26333
2020.07.07 18:30:00|1416.44|1422.03|1383.85|1389.49|21496
2020.07.07 19:30:00|1388.93|1409.01|1386.49|1395.91|18843
2020.07.07 20:30:00|1395.9|1404.72|1392.49|1395.53|17327
2020.07.07 21:30:00|1395.53|1395.54|1365.49|1378.93|21265
2020.07.07 22:30:00|1379.58|1403.75|1378.49|1387.98|12193
2020.07.08 16:30:00|1408.74|1416.06|1388.49|1396.61|17644
2020.07.08 17:30:00|1396.6|1403.43|1380.5|1387.2|17037
2020.07.08 18:30:00|1387.2|1398.97|1385.49|1392.59|12772
2020.07.08 19:30:00|1392.66|1393.52|1382.79|1387.27|12524
2020.07.08 20:30:00|1387.27|1389.76|1359.49|1365.93|15570
2020.07.08 21:30:00|1365.94|1365.95|1310.6|1358.5|21235
2020.07.08 22:30:00|1358.51|1370.49|1353.12|1364.55|8939
2020.07.09 16:30:00|1391.28|1406.99|1369.55|1382.3|19288
2020.07.09 17:30:00|1382.21|1386.07|1350.49|1367.47|16181
2020.07.09 18:30:00|1367.5|1382.49|1363.35|1370.87|14495
2020.07.09 19:30:00|1370.87|1381.17|1368.74|1376.23|11749
2020.07.09 20:30:00|1376.24|1389.1|1371.53|1386.81|11494
2020.07.09 21:30:00|1386.81|1402.09|1380.52|1382.5|14772
2020.07.09 22:30:00|1382.5|1397.99|1378.49|1393.24|7801
2020.07.10 16:30:00|1396.16|1401.95|1375.49|1400.99|15319
2020.07.10 17:30:00|1400.99|1420.09|1400.99|1405.59|17149
2020.07.10 18:30:00|1405.59|1414.87|1404.03|1411.51|13048
2020.07.10 19:30:00|1411.52|1495.13|1409.99|1490|21606
2020.07.10 20:30:00|1490|1496.72|1471.88|1492.49|18517
2020.07.10 21:30:00|1492.41|1535.3|1485.62|1534.24|19541
2020.07.10 22:30:00|1534.24|1548.15|1520.69|1545.35|11708
2020.07.13 16:30:00|1672.55|1792|1669.18|1738.23|15777
2020.07.13 17:30:00|1738.24|1773.67|1738.23|1759.09|17961
2020.07.13 18:30:00|1759.09|1763.59|1717.47|1735.23|14700
2020.07.13 19:30:00|1735.45|1736.66|1651.25|1699.78|14861
2020.07.13 20:30:00|1699.79|1706.47|1504.23|1556.3|13019
2020.07.13 21:30:00|1555.28|1626.73|1527.24|1555.73|6515
2020.07.13 22:30:00|1554.73|1566.23|1470.34|1491.25|3036
2020.07.14 16:30:00|1528.13|1587.72|1430.23|1481|11597
2020.07.14 17:30:00|1480.73|1556.25|1480.73|1533.24|15118
2020.07.14 18:30:00|1533.23|1544.37|1493.23|1514.76|15364
2020.07.14 19:30:00|1515.23|1523.54|1481.75|1509.83|16283
2020.07.14 20:30:00|1509.83|1534.99|1508.98|1516.23|15147
2020.07.14 21:30:00|1516.24|1517.86|1484.28|1496.67|17104
2020.07.14 22:30:00|1496.67|1531.09|1495.55|1515.24|10919
2020.07.15 16:30:00|1525|1531.95|1483.03|1508.35|17403
2020.07.15 17:30:00|1508.36|1512.63|1465.23|1489.81|19250
2020.07.15 18:30:00|1489.81|1491.26|1456.23|1490.05|18250
2020.07.15 19:30:00|1489.5|1513.83|1485.52|1499.24|16464
2020.07.15 20:30:00|1498.83|1506.93|1493.22|1505.23|12931
2020.07.15 21:30:00|1505.23|1519.39|1501.89|1517.98|14268
2020.07.15 22:30:00|1517.98|1548.9|1516.72|1545.61|10182
2020.07.16 16:30:00|1486.64|1517.12|1464.87|1481.97|24545
2020.07.16 17:30:00|1481.35|1499.47|1472.34|1485.45|22731
2020.07.16 18:30:00|1485.46|1497.46|1477.33|1489.71|18865
2020.07.16 19:30:00|1489.72|1529.97|1487.72|1524.32|20991
2020.07.16 20:30:00|1524.13|1525.92|1502.43|1512.47|16483
2020.07.16 21:30:00|1512.47|1527.6|1500.25|1519.46|18338
2020.07.16 22:30:00|1519.46|1522.95|1489.23|1498.48|10529
2020.07.17 16:30:00|1522.51|1535.97|1489.23|1495.64|18763
2020.07.17 17:30:00|1495.28|1513.23|1489.24|1505.88|15303
2020.07.17 18:30:00|1505.9|1510.99|1493.35|1505.23|12859
2020.07.17 19:30:00|1505.24|1514.88|1500.09|1503.08|12503
2020.07.17 20:30:00|1503.08|1514.38|1501.33|1507.85|12742
2020.07.17 21:30:00|1507.85|1511.63|1500.73|1502.93|11655
2020.07.17 22:30:00|1502.93|1508.23|1497.23|1499.24|7900
2020.07.20 16:30:00|1520.04|1528.56|1487.13|1500.77|18738
2020.07.20 17:30:00|1500.77|1504.64|1492.58|1499.33|15427
2020.07.20 18:30:00|1499.23|1524.66|1493.77|1524.66|13821
2020.07.20 19:30:00|1524.65|1593.97|1520.29|1586.19|21208
2020.07.20 20:30:00|1586.24|1634.6|1584.02|1615.08|19872
2020.07.20 21:30:00|1615.09|1643.95|1606.23|1637.23|18486
2020.07.20 22:30:00|1637.4|1648.88|1625.34|1641.63|10065
2020.07.21 16:30:00|1644.58|1673.88|1601.3|1630.23|19917
2020.07.21 17:30:00|1630.23|1637.98|1601.23|1621.53|21151
2020.07.21 18:30:00|1621.53|1630.55|1607.23|1616.23|19480
2020.07.21 19:30:00|1616.24|1627.52|1557.23|1586.35|19880
2020.07.21 20:30:00|1586.59|1609.73|1576.65|1608.99|19556
2020.07.21 21:30:00|1609.27|1609.71|1559.33|1571.77|20642
2020.07.21 22:30:00|1571.78|1581.05|1557.52|1565.17|11059
2020.07.22 16:30:00|1598.83|1624.98|1582.23|1585.32|21768
2020.07.22 17:30:00|1585.31|1593.59|1560.81|1582.81|22950
2020.07.22 18:30:00|1582.44|1592.99|1573.23|1586.63|19376
2020.07.22 19:30:00|1586.64|1588.75|1577.61|1586.61|15608
2020.07.22 20:30:00|1586.89|1588.3|1571.23|1575.23|16790
2020.07.22 21:30:00|1575.43|1616.72|1569.23|1590.23|23812
2020.07.22 22:30:00|1589.83|1603.89|1583.39|1590.12|12854
2020.07.23 16:30:00|1665.1|1687.49|1550.34|1597.87|14393
2020.07.23 17:30:00|1598.44|1623.08|1583.45|1591.47|12144
2020.07.23 18:30:00|1591.47|1600.21|1555.8|1563.07|15897
2020.07.23 19:30:00|1563.07|1567.05|1513.25|1530.63|19039
2020.07.23 20:30:00|1529.43|1533.34|1479.61|1498.75|21340
2020.07.23 21:30:00|1498.51|1530.74|1491.35|1519.25|17865
2020.07.23 22:30:00|1519.26|1529.78|1501.73|1512.23|8877
2020.07.24 16:30:00|1413.31|1444.53|1365.33|1443.86|25543
2020.07.24 17:30:00|1443.83|1463.49|1414.43|1444.68|25090
2020.07.24 18:30:00|1444.68|1445.23|1416.86|1432.32|20556
2020.07.24 19:30:00|1432.33|1435.77|1402.92|1418.39|20780
2020.07.24 20:30:00|1418.39|1450.93|1416.74|1449.18|21101
2020.07.24 21:30:00|1449.18|1449.19|1420.58|1421.38|18706
2020.07.24 22:30:00|1421.38|1429.23|1413.9|1414.65|11011
2020.07.27 16:30:00|1436.17|1478.71|1412.19|1454.52|26663
2020.07.27 17:30:00|1454.52|1468.54|1425.35|1428.28|22540
2020.07.27 18:30:00|1428.29|1449.87|1415.23|1439.88|19683
2020.07.27 19:30:00|1439.92|1472.85|1439.24|1471.89|16527
2020.07.27 20:30:00|1472.09|1503.73|1463.46|1496.72|21233
2020.07.27 21:30:00|1496.71|1539.41|1491.23|1537.8|22521
2020.07.27 22:30:00|1537.89|1546.73|1525.23|1540.96|12687
2020.07.28 16:30:00|1497.56|1530.82|1476.78|1523.47|21570
2020.07.28 17:30:00|1523.48|1539.65|1504.23|1535.98|16700
2020.07.28 18:30:00|1536.01|1563.54|1518.63|1531.38|18217
2020.07.28 19:30:00|1531.39|1545.61|1510.66|1522.54|13990
2020.07.28 20:30:00|1522.54|1524.23|1499.74|1501.33|12388
2020.07.28 21:30:00|1501.34|1515.08|1488.23|1492.28|16785
2020.07.28 22:30:00|1492.28|1498.38|1473.65|1473.82|8858
2020.07.29 16:30:00|1496.56|1517.23|1486.23|1495.73|21381
2020.07.29 17:30:00|1495.74|1528.45|1493.23|1525.33|19541
2020.07.29 18:30:00|1525.35|1533.29|1514.33|1515.98|19163
2020.07.29 19:30:00|1515.23|1523.65|1502.35|1503.76|13743
2020.07.29 20:30:00|1503.77|1521.05|1499.33|1515.36|13854
2020.07.29 21:30:00|1515.37|1524.04|1489.83|1497.09|18440
2020.07.29 22:30:00|1497.09|1504.48|1494.33|1498.34|9983
2020.07.30 16:30:00|1486|1503.2|1470.23|1482.37|17636
2020.07.30 17:30:00|1482.37|1493.45|1473.23|1489.19|14603
2020.07.30 18:30:00|1489.19|1511.92|1487.23|1499.56|14724
2020.07.30 19:30:00|1499.78|1506.79|1494.24|1501.13|11478
2020.07.30 20:30:00|1501.13|1501.67|1489.15|1491.36|11020
2020.07.30 21:30:00|1491.36|1500.73|1487.23|1495.27|11965
2020.07.30 22:30:00|1495.27|1497.79|1486.23|1486.51|6416
2020.07.31 16:30:00|1505.84|1509.88|1454.23|1466.32|18097
2020.07.31 17:30:00|1466.25|1481.96|1459.23|1478.91|15372
2020.07.31 18:30:00|1479.24|1482.89|1437.1|1452.23|16028
2020.07.31 19:30:00|1452.23|1452.77|1424.23|1444.45|16443
2020.07.31 20:30:00|1444.46|1445.38|1421.11|1425.3|14198
2020.07.31 21:30:00|1425.29|1442.48|1419.94|1434.23|14998
2020.07.31 22:30:00|1434.23|1438.27|1427.23|1430.4|8253
2020.08.03 16:30:00|1446.7|1488.99|1445.23|1485.63|19367
2020.08.03 17:30:00|1485.63|1508.56|1481.53|1491.71|16301
2020.08.03 18:30:00|1491.88|1501.25|1486.67|1495.67|11808
2020.08.03 19:30:00|1495.67|1505.6|1494.45|1498.88|12379
2020.08.03 20:30:00|1498.92|1499.23|1476.29|1485.43|12454
2020.08.03 21:30:00|1485.43|1489.74|1477.91|1480.89|10023
2020.08.03 22:30:00|1480.89|1486.33|1474.23|1483.23|6828
2020.08.04 16:30:00|1500.6|1526.07|1491.23|1492.32|23893
2020.08.04 17:30:00|1493|1497.84|1464.64|1467.5|23989
2020.08.04 18:30:00|1467.82|1481.57|1461.23|1469.23|20020
2020.08.04 19:30:00|1469.24|1476.21|1463.23|1471.2|13785
2020.08.04 20:30:00|1471.21|1484.33|1468.23|1469.03|13115
2020.08.04 21:30:00|1469.03|1475.38|1463.23|1473.03|13782
2020.08.04 22:30:00|1473.04|1486.56|1469.9|1483.83|8420
2020.08.05 16:30:00|1493.01|1494.23|1467.53|1479.23|17112
2020.08.05 17:30:00|1479.24|1494.99|1475.28|1482.25|13477
2020.08.05 18:30:00|1482.25|1484.42|1475.23|1482.53|13156
2020.08.05 19:30:00|1482.54|1489.08|1478.95|1481.87|9218
2020.08.05 20:30:00|1481.87|1491.85|1479.73|1489.93|9809
2020.08.05 21:30:00|1489.94|1493.84|1481.73|1487.96|9921
2020.08.05 22:30:00|1488.56|1489.01|1481.73|1484.33|7470
2020.08.06 16:30:00|1487.31|1505.89|1476.36|1481.91|20643
2020.08.06 17:30:00|1481.91|1497.19|1477.23|1489.25|17511
2020.08.06 18:30:00|1489.25|1494.11|1485.69|1492.03|13381
2020.08.06 19:30:00|1492.04|1494.67|1485.69|1488.5|11130
2020.08.06 20:30:00|1488.5|1494.51|1485.88|1492.55|10531
2020.08.06 21:30:00|1492.56|1516.23|1489.67|1495.83|20791
2020.08.06 22:30:00|1495.84|1497.3|1488.47|1488.91|9207
2020.08.07 16:30:00|1495.37|1495.74|1476.64|1481.34|16107
2020.08.07 17:30:00|1481.35|1484.44|1470.23|1472.52|14435
2020.08.07 18:30:00|1472.53|1474.33|1453.23|1457.77|18191
2020.08.07 19:30:00|1457.76|1462.04|1432.23|1439.6|17762
2020.08.07 20:30:00|1439.61|1446.7|1414.23|1416.57|17158
2020.08.07 21:30:00|1416.58|1445.84|1415.73|1435.23|16864
2020.08.07 22:30:00|1435.23|1453.54|1434.68|1452.83|8995
2020.08.10 16:30:00|1448|1456.04|1415.23|1419.26|20159
2020.08.10 17:30:00|1419.27|1420.05|1384.73|1416.89|20644
2020.08.10 18:30:00|1416.9|1425.25|1407.23|1408.73|13994
2020.08.10 19:30:00|1408.74|1438.43|1405.43|1427.54|11738
2020.08.10 20:30:00|1427.54|1430.23|1410.23|1417.66|11673
2020.08.10 21:30:00|1417.66|1425.63|1408.03|1412.24|11834
2020.08.10 22:30:00|1412.25|1418.88|1403.54|1418.21|7723
2020.08.11 16:30:00|1393.01|1414.31|1364.23|1397.35|18983
2020.08.11 17:30:00|1397.35|1415.45|1384.23|1412.57|14010
2020.08.11 18:30:00|1412.58|1416.4|1399.46|1410.34|10424
2020.08.11 19:30:00|1410.34|1418.77|1400.34|1404.3|10356
2020.08.11 20:30:00|1404.3|1404.61|1386.6|1387.61|11421
2020.08.11 21:30:00|1387.61|1394.32|1372.23|1379.23|14820
2020.08.11 22:30:00|1379.23|1379.73|1367.23|1372.23|9848
2020.08.12 16:30:00|1462.95|1488.84|1434.23|1487.23|21462
2020.08.12 17:30:00|1487.23|1505.99|1474.23|1497.27|22721
2020.08.12 18:30:00|1497.27|1515.54|1489.23|1515.35|18633
2020.08.12 19:30:00|1515.35|1534.7|1508.23|1526.76|21109
2020.08.12 20:30:00|1526.91|1583.89|1526.76|1565.23|24643
2020.08.12 21:30:00|1565.23|1573.63|1535.88|1541.35|23017
2020.08.12 22:30:00|1541.51|1556.22|1530.23|1553.23|12116
2020.08.13 16:30:00|1597|1624.78|1566.26|1624.46|30781
2020.08.13 17:30:00|1624.46|1649.48|1620.34|1629.68|26652
2020.08.13 18:30:00|1629.88|1647.88|1621.69|1643.58|16604
2020.08.13 19:30:00|1643.24|1649.18|1622.64|1632.24|15365
2020.08.13 20:30:00|1632.24|1636.21|1599.85|1609.61|19110
2020.08.13 21:30:00|1609.62|1628.23|1593.43|1625.87|20309
2020.08.13 22:30:00|1625.87|1634.24|1616.23|1618.88|11675
2020.08.14 16:30:00|1653|1667.46|1630.23|1637.89|30803
2020.08.14 17:30:00|1637.89|1656.27|1635.23|1650.76|25330
2020.08.14 18:30:00|1650.76|1654.34|1640.23|1644.23|20680
2020.08.14 19:30:00|1645.01|1655.1|1633.33|1654.44|15094
2020.08.14 20:30:00|1654.44|1656.73|1636.03|1641.59|17027
2020.08.14 21:30:00|1641.94|1645.62|1625.83|1639.81|18930
2020.08.14 22:30:00|1639.99|1650.89|1636.87|1650.05|12818
2020.08.17 16:30:00|1685.03|1764.09|1680.96|1762.96|27852
2020.08.17 17:30:00|1763.55|1791.56|1758.23|1768.62|22383
2020.08.17 18:30:00|1768.61|1795.27|1752.73|1785.23|18459
2020.08.17 19:30:00|1785.23|1793.11|1776.95|1784.23|14732
2020.08.17 20:30:00|1784.23|1803.89|1774.78|1797.24|16595
2020.08.17 21:30:00|1797.23|1834.87|1795.63|1830.26|19703
2020.08.17 22:30:00|1829.23|1844.52|1820.23|1834.69|11760
2020.08.18 16:30:00|1898.86|1922.46|1844.28|1876.23|23022
2020.08.18 17:30:00|1875.86|1916.57|1872.33|1891.15|15350
2020.08.18 18:30:00|1891.16|1898.29|1875.46|1895.27|13097
2020.08.18 19:30:00|1895.27|1900.67|1878.33|1887.23|12532
2020.08.18 20:30:00|1887.24|1907.23|1882.23|1898.9|13332
2020.08.18 21:30:00|1898.91|1912.55|1891.73|1893.25|15590
2020.08.18 22:30:00|1893.28|1905.04|1880.26|1886.23|9468
2020.08.19 16:30:00|1866.23|1906.16|1840.23|1895.24|30480
2020.08.19 17:30:00|1895.24|1904.03|1878.88|1888.28|27920
2020.08.19 18:30:00|1888.29|1909.82|1888.28|1902.51|21727
2020.08.19 19:30:00|1902.52|1904.74|1890.34|1899.8|17059
2020.08.19 20:30:00|1899.8|1907.2|1867.27|1884.23|22869
2020.08.19 21:30:00|1884.24|1897.03|1879.35|1884.75|22160
2020.08.19 22:30:00|1884.76|1887.21|1870.96|1878.75|14240
2020.08.20 16:30:00|1875|1897.25|1865.22|1892.24|20492
2020.08.20 17:30:00|1892.25|1981.08|1886.91|1980.8|24988
2020.08.20 18:30:00|1980.88|1995.86|1976.3|1989.08|23478
2020.08.20 19:30:00|1989.08|2001.23|1984.23|1993.73|18585
2020.08.20 20:30:00|1993.82|1995.73|1965.23|1994.23|18760
2020.08.20 21:30:00|1994.24|2020.82|1989.23|2005.46|19806
2020.08.20 22:30:00|2005.47|2013.84|1999.23|2000.23|12161
2020.08.21 16:30:00|2037.63|2079.82|2024.23|2062.01|28636
2020.08.21 17:30:00|2062.01|2066.18|2046.23|2058.23|22125
2020.08.21 18:30:00|2058.23|2088.12|2038.67|2087.12|21106
2020.08.21 19:30:00|2087.86|2090.74|2072.23|2080.51|18548
2020.08.21 20:30:00|2080.51|2093.74|2078.23|2092.54|18372
2020.08.21 21:30:00|2092.54|2094.5|2073.03|2081.72|21405
2020.08.21 22:30:00|2081.71|2081.72|2035.23|2048.23|13101
2020.08.24 16:30:00|2116|2125.32|1938.14|1987.23|31763
2020.08.24 17:30:00|1987.24|2021.26|1963.33|1989.25|25964
2020.08.24 18:30:00|1989.25|2060.83|1986.53|2039.23|27087
2020.08.24 19:30:00|2039.24|2047.26|2016.05|2024.23|22961
2020.08.24 20:30:00|2024.24|2027.02|1999.53|2008.16|24361
2020.08.24 21:30:00|2008.16|2019.85|1991.84|2012.16|24374
2020.08.24 22:30:00|2012.37|2014.82|2001.23|2014.13|13268
2020.08.25 16:30:00|1982.58|2025.74|1973.23|1990.97|20860
2020.08.25 17:30:00|1990.97|2005.49|1982.73|1991.24|17763
2020.08.25 18:30:00|1991.03|1992.49|1967.35|1983.36|18564
2020.08.25 19:30:00|1983.35|2006.5|1979.48|2002.55|14413
2020.08.25 20:30:00|2002.48|2004.48|1988.36|1995.76|11348
2020.08.25 21:30:00|1995.77|2018.88|1994.23|2009.23|16010
2020.08.25 22:30:00|2009.23|2025.03|2006.23|2022.43|9268
2020.08.26 16:30:00|2060.13|2113.7|2052.46|2110.23|25696
2020.08.26 17:30:00|2110.23|2119.23|2099.24|2111.23|19116
2020.08.26 18:30:00|2111.23|2117.4|2103.23|2115.23|16400
2020.08.26 19:30:00|2115.23|2144.49|2106.23|2135.08|17405
2020.08.26 20:30:00|2135.09|2164.72|2134.03|2163.39|18210
2020.08.26 21:30:00|2163.4|2164.53|2116.23|2152.73|19018
2020.08.26 22:30:00|2152.73|2164.52|2139.34|2150.52|9923
2020.08.27 16:30:00|2190.73|2222.23|2179.23|2210.18|23617
2020.08.27 17:30:00|2210.18|2246.5|2206.03|2242.53|23450
2020.08.27 18:30:00|2242.96|2294.41|2230.23|2236.52|27934
2020.08.27 19:30:00|2236.23|2253.65|2141.73|2221.84|16205
2020.08.27 20:30:00|2221.84|2242.02|2204.57|2239.89|20083
2020.08.27 21:30:00|2239.9|2251.38|2225.23|2238.83|21227
2020.08.27 22:30:00|2239.08|2246.63|2213.71|2237.16|11574
2020.08.28 16:30:00|2294.46|2317.21|2262.23|2292.23|22564
2020.08.28 17:30:00|2292.23|2292.23|2252.27|2280.72|19456
2020.08.28 18:30:00|2280.72|2284.23|2263.23|2269.23|15313
2020.08.28 19:30:00|2269.24|2270.15|2188.23|2207.23|22057
2020.08.28 20:30:00|2207.23|2244.47|2205.54|2222.53|20371
2020.08.28 21:30:00|2222.54|2236.56|2185.24|2192.02|21389
2020.08.28 22:30:00|2192.02|2231.93|2191.59|2211.53|12332
2020.08.31 10:40:00|442.3|442.3|442.3|442.3|1
2020.08.31 16:30:00|441.13|467.24|439.34|466.63|29897
2020.08.31 17:30:00|466.43|495.94|463.28|480.32|34485
2020.08.31 18:30:00|480.49|485.96|473.23|480.25|25160
2020.08.31 19:30:00|480.25|486.93|469.74|484.87|20918
2020.08.31 20:30:00|484.94|489.51|481.88|487.45|21432
2020.08.31 21:30:00|487.47|498.22|482.81|497.49|21831
2020.08.31 22:30:00|497.49|499.13|494.43|497.73|11221
2020.09.01 16:30:00|494.65|501.4|469.74|501.09|27328
2020.09.01 17:30:00|500.93|501.23|484.23|485.28|21545
2020.09.01 18:30:00|485.29|491.05|480.43|485.73|18344
2020.09.01 19:30:00|485.74|486.89|476.73|479.5|16080
2020.09.01 20:30:00|479.51|481.87|472.25|476.04|17661
2020.09.01 21:30:00|476.1|477.76|471.65|475.64|16450
2020.09.01 22:30:00|475.64|476.83|473.03|474.23|7984
2020.09.02 16:30:00|475.13|475.23|434.79|450.31|31983
2020.09.02 17:30:00|450.26|451.92|422.34|428.28|28332
2020.09.02 18:30:00|428.28|442.56|404.35|439.39|29077
2020.09.02 19:30:00|439.4|450.16|435.83|447.58|26296
2020.09.02 20:30:00|447.59|449.56|436.13|441.73|24222
2020.09.02 21:30:00|441.73|446.27|439.33|439.58|21975
2020.09.02 22:30:00|439.59|447.74|430.81|446.56|12875
2020.09.03 16:30:00|410.5|430.53|409.45|416.28|21970
2020.09.03 17:30:00|416.36|421.5|404.23|412.95|14487
2020.09.03 18:30:00|412.95|418.69|410.23|412.81|11647
2020.09.03 19:30:00|413.01|414.16|408.4|411.43|10316
2020.09.03 20:30:00|411.43|413.26|404.36|410.45|11089
2020.09.03 21:30:00|410.45|412.35|401.33|402.53|11587
2020.09.03 22:30:00|402.53|407.77|401.23|406.24|7174
2020.09.04 16:30:00|408.56|427.05|385.03|386.24|22156
2020.09.04 17:30:00|386.81|389.15|371.25|381.25|18024
2020.09.04 18:30:00|381.41|410.24|381.23|409.5|21228
2020.09.04 19:30:00|409.5|418.11|399.33|402.25|21528
2020.09.04 20:30:00|402.25|408.2|400.73|406.52|18255
2020.09.04 21:30:00|406.36|425.81|404.83|424.76|22550
2020.09.04 22:30:00|424.81|424.97|414.78|417.04|11864
2020.09.08 16:30:00|349.6|367.73|335.18|364.01|27355
2020.09.08 17:30:00|364.01|367.3|352.23|356.35|25100
2020.09.08 18:30:00|356.35|359.09|346.49|352.28|22643
2020.09.08 19:30:00|352.32|354.34|341.43|341.76|23246
2020.09.08 20:30:00|341.75|349.04|341.23|341.88|23142
2020.09.08 21:30:00|342|343.27|334.39|337.83|25410
2020.09.08 22:30:00|337.83|340.46|329.23|329.25|12484
2020.09.09 16:30:00|353.73|363.86|346.43|355.23|21227
2020.09.09 17:30:00|355.23|357.02|340.74|348.38|18621
2020.09.09 18:30:00|348.38|351.61|345.23|345.73|15594
2020.09.09 19:30:00|345.73|354.79|345.73|350.95|16409
2020.09.09 20:30:00|350.95|355.06|348.23|353.85|15106
2020.09.09 21:30:00|353.85|363.73|352.79|360.23|18589
2020.09.09 22:30:00|359.92|368.02|358.82|364.89|10108
2020.09.10 16:30:00|380.23|396.12|377.23|395.03|24823
2020.09.10 17:30:00|394.93|398.04|379.33|389.88|22257
2020.09.10 18:30:00|389.88|391.5|381.48|384.12|20503
2020.09.10 19:30:00|384.13|386.59|379.6|383.47|19475
2020.09.10 20:30:00|383.47|384.61|365.51|365.74|22922
2020.09.10 21:30:00|365.73|373.65|359.79|365.83|24315
2020.09.10 22:30:00|365.83|374.42|364.54|370.73|12406
2020.09.11 16:30:00|379.79|380.19|360.53|368.7|21452
2020.09.11 17:30:00|368.76|375.75|364.34|370.92|19628
2020.09.11 18:30:00|370.92|374.64|366.89|369.91|18326
2020.09.11 19:30:00|369.87|369.95|360.78|362.1|19924
2020.09.11 20:30:00|362.12|368.45|359.74|365.26|18397
2020.09.11 21:30:00|365.27|372.25|365.16|371.27|18897
2020.09.11 22:30:00|371.26|372.52|369|371.34|11199
2020.09.14 16:30:00|378.95|397.03|372.53|395.75|22045
2020.09.14 17:30:00|395.73|401.5|390.81|400.67|22497
2020.09.14 18:30:00|400.63|408.82|397.58|403.98|21731
2020.09.14 19:30:00|403.94|408.53|397.59|400.78|19706
2020.09.14 20:30:00|400.85|408.13|395.82|406.17|18227
2020.09.14 21:30:00|406.18|412.28|405.6|410.23|20804
