2020.08.21 18:00:00|2.27|2.2765|2.2695|2.2695|138
2020.08.24 10:00:00|2.2835|2.2895|2.2755|2.2775|308
2020.08.24 11:00:00|2.2775|2.2845|2.2755|2.2835|171
2020.08.24 12:00:00|2.2825|2.2925|2.2815|2.2855|126
2020.08.24 13:00:00|2.2845|2.2865|2.2795|2.2825|125
2020.08.24 14:00:00|2.2825|2.2915|2.2795|2.2915|142
2020.08.24 15:00:00|2.2905|2.2905|2.2765|2.2765|218
2020.08.24 16:00:00|2.2765|2.2815|2.2685|2.2695|186
2020.08.24 17:00:00|2.2705|2.2715|2.2645|2.2685|222
2020.08.24 18:00:00|2.269|2.2735|2.2665|2.2705|127
2020.08.25 10:00:00|2.2615|2.2855|2.2615|2.2645|547
2020.08.25 11:00:00|2.2655|2.2685|2.2545|2.2555|240
2020.08.25 12:00:00|2.2555|2.2635|2.2535|2.2545|152
2020.08.25 13:00:00|2.2535|2.2595|2.2515|2.2555|146
2020.08.25 14:00:00|2.2555|2.2575|2.2505|2.2515|94
2020.08.25 15:00:00|2.2515|2.2585|2.2515|2.2565|146
2020.08.25 16:00:00|2.2575|2.2575|2.2435|2.2435|229
2020.08.25 17:00:00|2.2385|2.2445|2.2305|2.2375|264
2020.08.25 18:00:00|2.2375|2.2425|2.2335|2.2365|198
2020.08.26 10:00:00|2.2235|2.2395|2.2195|2.2265|312
2020.08.26 11:00:00|2.2265|2.2415|2.2245|2.2395|252
2020.08.26 12:00:00|2.2405|2.2435|2.2375|2.2405|148
2020.08.26 13:00:00|2.2405|2.2425|2.2365|2.2415|168
2020.08.26 14:00:00|2.2415|2.2425|2.2315|2.2315|84
2020.08.26 15:00:00|2.2315|2.2335|2.2285|2.2325|110
2020.08.26 16:00:00|2.2335|2.2335|2.2245|2.2315|213
2020.08.26 17:00:00|2.2325|2.2365|2.2285|2.2295|161
2020.08.26 18:00:00|2.2295|2.2325|2.2295|2.2315|89
2020.08.27 10:00:00|2.2305|2.2325|2.2225|2.2275|296
2020.08.27 11:00:00|2.2265|2.2275|2.2175|2.2215|202
2020.08.27 12:00:00|2.2215|2.2215|2.2135|2.2185|157
2020.08.27 13:00:00|2.2195|2.2205|2.2175|2.2195|144
2020.08.27 14:00:00|2.2195|2.2215|2.2125|2.2195|111
2020.08.27 15:00:00|2.2205|2.2225|2.2175|2.2175|93
2020.08.27 16:00:00|2.2185|2.2285|2.2175|2.2215|281
2020.08.27 17:00:00|2.2215|2.2245|2.2185|2.2195|214
2020.08.27 18:00:00|2.2185|2.2205|2.2145|2.2155|115
2020.08.28 10:00:00|2.2135|2.2215|2.2025|2.2055|670
2020.08.28 11:00:00|2.2055|2.2155|2.2035|2.2095|350
2020.08.28 12:00:00|2.2105|2.2155|2.2085|2.2135|180
2020.08.28 13:00:00|2.2145|2.2145|2.1995|2.2025|184
2020.08.28 14:00:00|2.2015|2.2075|2.1975|2.2055|204
2020.08.28 15:00:00|2.2055|2.2085|2.2045|2.2075|172
2020.08.28 16:00:00|2.2075|2.2205|2.2075|2.2135|242
2020.08.28 17:00:00|2.2135|2.2135|2.1995|2.2075|192
2020.08.28 18:00:00|2.208|2.2085|2.1955|2.1965|160
2020.09.01 10:00:00|2.1985|2.2095|2.1835|2.2015|653
2020.09.01 11:00:00|2.2025|2.2035|2.1755|2.1775|430
2020.09.01 12:00:00|2.1785|2.1835|2.1725|2.1775|301
2020.09.01 13:00:00|2.1785|2.1785|2.1695|2.1695|216
2020.09.01 14:00:00|2.1695|2.1735|2.1655|2.1725|167
2020.09.01 15:00:00|2.1715|2.1745|2.1595|2.1605|146
2020.09.01 16:00:00|2.1615|2.1615|2.1325|2.1355|509
2020.09.01 17:00:00|2.1355|2.1485|2.1355|2.1375|372
2020.09.01 18:00:00|2.136|2.1425|2.1355|2.1405|111
2020.09.02 10:00:00|2.1535|2.1885|2.1535|2.1735|701
2020.09.02 11:00:00|2.1715|2.1945|2.1685|2.1855|388
2020.09.02 12:00:00|2.1865|2.1905|2.1785|2.1875|283
2020.09.02 13:00:00|2.1885|2.1915|2.1785|2.1795|202
2020.09.02 14:00:00|2.1785|2.1845|2.1745|2.1815|149
2020.09.02 15:00:00|2.1805|2.1835|2.1745|2.1755|131
2020.09.02 16:00:00|2.1755|2.1865|2.1735|2.1835|214
2020.09.02 17:00:00|2.1845|2.1875|2.1695|2.1695|270
2020.09.02 18:00:00|2.1685|2.1725|2.1645|2.1665|157
2020.09.03 10:00:00|2.1905|2.2065|2.1885|2.1985|393
2020.09.03 11:00:00|2.1985|2.2075|2.1925|2.1925|201
2020.09.03 12:00:00|2.1925|2.2035|2.1865|2.2005|159
2020.09.03 13:00:00|2.2015|2.2025|2.1875|2.1885|151
2020.09.03 14:00:00|2.1875|2.1955|2.1845|2.1875|130
2020.09.03 15:00:00|2.1875|2.1875|2.1785|2.1795|112
2020.09.03 16:00:00|2.1785|2.1795|2.1675|2.1715|297
2020.09.03 17:00:00|2.1725|2.1755|2.1625|2.1645|343
2020.09.03 18:00:00|2.1655|2.1655|2.1515|2.1535|309
2020.09.04 10:00:00|2.1355|2.1695|2.1345|2.1655|663
2020.09.04 11:00:00|2.1645|2.1695|2.1625|2.1655|308
2020.09.04 12:00:00|2.1655|2.1785|2.1635|2.1785|229
2020.09.04 13:00:00|2.1785|2.1805|2.1655|2.1685|187
2020.09.04 14:00:00|2.1685|2.1705|2.1565|2.1585|226
2020.09.04 15:00:00|2.1595|2.1715|2.1585|2.1685|281
2020.09.04 16:00:00|2.1695|2.1785|2.1685|2.1735|419
2020.09.04 17:00:00|2.1735|2.1765|2.1445|2.1505|782
2020.09.04 18:00:00|2.1505|2.1555|2.1475|2.1515|428
2020.09.07 10:00:00|2.1605|2.1725|2.1485|2.1715|589
2020.09.07 11:00:00|2.1725|2.1745|2.1655|2.1695|390
2020.09.07 12:00:00|2.1695|2.1785|2.1645|2.1675|226
2020.09.07 13:00:00|2.1665|2.1695|2.1625|2.1645|200
2020.09.07 14:00:00|2.1645|2.1735|2.1595|2.1725|181
2020.09.07 15:00:00|2.1715|2.1755|2.1685|2.1715|174
2020.09.07 16:00:00|2.1705|2.1715|2.1635|2.1635|209
2020.09.07 17:00:00|2.1645|2.1755|2.1635|2.1675|137
2020.09.07 18:00:00|2.1685|2.1745|2.167|2.1695|114
2020.09.08 10:00:00|2.1775|2.1905|2.1745|2.1855|497
2020.09.08 11:00:00|2.1855|2.1885|2.1675|2.1755|452
2020.09.08 12:00:00|2.1745|2.1875|2.1725|2.1865|363
2020.09.08 13:00:00|2.1865|2.1885|2.1795|2.1815|264
2020.09.08 14:00:00|2.1815|2.1865|2.1735|2.1805|222
2020.09.08 15:00:00|2.1815|2.1865|2.1725|2.1855|317
2020.09.08 16:00:00|2.1855|2.1955|2.1805|2.1945|446
2020.09.08 17:00:00|2.1935|2.1985|2.1855|2.1955|569
2020.09.08 18:00:00|2.1955|2.2025|2.1935|2.1985|261
2020.09.09 10:00:00|2.1975|2.2375|2.1965|2.2255|593
2020.09.09 11:00:00|2.2265|2.2425|2.2265|2.2335|353
2020.09.09 12:00:00|2.2325|2.2385|2.2285|2.2325|155
2020.09.09 13:00:00|2.2325|2.2365|2.2235|2.2265|135
2020.09.09 14:00:00|2.2265|2.2305|2.2225|2.2285|142
2020.09.09 15:00:00|2.2285|2.2415|2.2285|2.2405|148
2020.09.09 16:00:00|2.2405|2.2465|2.2385|2.2455|213
2020.09.09 17:00:00|2.245|2.2495|2.2335|2.2355|281
2020.09.09 18:00:00|2.2355|2.2385|2.2305|2.2335|191
2020.09.10 10:00:00|2.2375|2.2385|2.1955|2.2035|727
2020.09.10 11:00:00|2.2035|2.2045|2.1855|2.1875|328
2020.09.10 12:00:00|2.1865|2.1985|2.1835|2.1935|257
2020.09.10 13:00:00|2.1935|2.1945|2.1855|2.1905|198
2020.09.10 14:00:00|2.1895|2.1945|2.1875|2.1925|240
2020.09.10 15:00:00|2.1935|2.1965|2.189|2.1925|211
2020.09.10 16:00:00|2.1935|2.1995|2.1895|2.1935|382
2020.09.10 17:00:00|2.1935|2.2005|2.1885|2.1925|384
2020.09.10 18:00:00|2.1935|2.1995|2.1925|2.1955|299
2020.09.11 10:00:00|2.1955|2.2145|2.1925|2.2095|342
2020.09.11 11:00:00|2.2085|2.2095|2.1985|2.2085|264
2020.09.11 12:00:00|2.2095|2.2115|2.2035|2.2075|188
2020.09.11 13:00:00|2.2085|2.2115|2.2035|2.2075|173
2020.09.11 14:00:00|2.2065|2.2105|2.2005|2.2075|192
2020.09.11 15:00:00|2.2065|2.2115|2.2065|2.2105|137
2020.09.11 16:00:00|2.2115|2.2165|2.1985|2.1995|310
2020.09.11 17:00:00|2.1995|2.2075|2.1975|2.2025|349
2020.09.11 18:00:00|2.2035|2.2125|2.2025|2.2065|230
2020.09.14 10:00:00|2.2025|2.2115|2.1985|2.2035|379
2020.09.14 11:00:00|2.2025|2.2115|2.2005|2.2005|310
2020.09.14 12:00:00|2.2015|2.2055|2.1965|2.1995|252
2020.09.14 13:00:00|2.1995|2.2035|2.1965|2.2035|202
2020.09.14 14:00:00|2.2035|2.2035|2.1835|2.1865|212
2020.09.14 15:00:00|2.1875|2.1945|2.1845|2.1925|152
2020.09.14 16:00:00|2.1915|2.1935|2.1795|2.1795|202
2020.09.14 17:00:00|2.1805|2.1825|2.1735|2.1755|240
2020.09.14 18:00:00|2.1755|2.1805|2.1745|2.1805|130
2020.09.15 10:00:00|2.1775|2.1805|2.1525|2.1765|502
2020.09.15 11:00:00|2.1765|2.1805|2.1745|2.1745|278
2020.09.15 12:00:00|2.1745|2.1835|2.1705|2.1705|311
2020.09.15 13:00:00|2.1715|2.1805|2.1695|2.1795|167
2020.09.15 14:00:00|2.1795|2.1815|2.1755|2.1815|128
2020.09.15 15:00:00|2.1825|2.19|2.1805|2.189|148
2020.09.15 16:00:00|2.19|2.19|2.182|2.183|201
2020.09.15 17:00:00|2.183|2.197|2.183|2.197|216
2020.09.15 18:00:00|2.196|2.204|2.196|2.199|179
2020.09.16 10:00:00|2.194|2.199|2.178|2.182|355
2020.09.16 11:00:00|2.183|2.196|2.183|2.194|230
2020.09.16 12:00:00|2.195|2.198|2.19|2.19|268
2020.09.16 13:00:00|2.19|2.191|2.179|2.181|200
2020.09.16 14:00:00|2.18|2.185|2.176|2.184|152
2020.09.16 15:00:00|2.185|2.185|2.177|2.18|119
2020.09.16 16:00:00|2.179|2.179|2.166|2.169|312
2020.09.16 17:00:00|2.169|2.169|2.15|2.152|213
2020.09.16 18:00:00|2.151|2.169|2.151|2.167|278
2020.09.17 10:00:00|2.139|2.155|2.134|2.155|528
2020.09.17 11:00:00|2.155|2.162|2.151|2.162|186
2020.09.17 12:00:00|2.162|2.165|2.154|2.157|246
2020.09.17 13:00:00|2.158|2.168|2.153|2.163|166
2020.09.17 14:00:00|2.162|2.165|2.157|2.161|233
2020.09.17 15:00:00|2.161|2.172|2.156|2.165|245
2020.09.17 16:00:00|2.166|2.166|2.15|2.151|333
2020.09.17 17:00:00|2.152|2.16|2.148|2.149|342
2020.09.17 18:00:00|2.149|2.153|2.148|2.152|183
2020.09.18 10:00:00|2.143|2.161|2.138|2.155|413
2020.09.18 11:00:00|2.155|2.166|2.152|2.16|276
2020.09.18 12:00:00|2.159|2.169|2.152|2.155|454
2020.09.18 13:00:00|2.156|2.171|2.154|2.171|187
2020.09.18 14:00:00|2.171|2.174|2.168|2.17|120
2020.09.18 15:00:00|2.171|2.173|2.162|2.173|205
2020.09.18 16:00:00|2.173|2.177|2.164|2.176|163
2020.09.18 17:00:00|2.177|2.193|2.177|2.19|271
2020.09.18 18:00:00|2.189|2.199|2.188|2.198|261
2020.09.21 10:00:00|2.173|2.209|2.168|2.209|653
2020.09.21 11:00:00|2.209|2.218|2.203|2.207|404
2020.09.21 12:00:00|2.206|2.21|2.203|2.204|294
2020.09.21 13:00:00|2.205|2.217|2.203|2.217|290
2020.09.21 14:00:00|2.217|2.221|2.212|2.22|221
2020.09.21 15:00:00|2.219|2.229|2.216|2.228|338
2020.09.21 16:00:00|2.228|2.243|2.223|2.237|436
2020.09.21 17:00:00|2.236|2.255|2.235|2.255|327
2020.09.21 18:00:00|2.254|2.259|2.251|2.251|256
2020.09.22 10:00:00|2.254|2.271|2.247|2.26|571
2020.09.22 11:00:00|2.261|2.267|2.251|2.254|353
2020.09.22 12:00:00|2.254|2.26|2.253|2.255|254
2020.09.22 13:00:00|2.256|2.266|2.253|2.261|274
2020.09.22 14:00:00|2.262|2.264|2.256|2.262|202
2020.09.22 15:00:00|2.262|2.27|2.26|2.263|229
2020.09.22 16:00:00|2.262|2.273|2.262|2.273|288
2020.09.22 17:00:00|2.272|2.279|2.268|2.268|245
2020.09.22 18:00:00|2.267|2.271|2.261|2.266|292
2020.09.23 10:00:00|2.265|2.275|2.256|2.271|488
2020.09.23 11:00:00|2.272|2.281|2.267|2.268|232
2020.09.23 12:00:00|2.267|2.274|2.265|2.273|285
2020.09.23 13:00:00|2.272|2.274|2.263|2.264|239
2020.09.23 14:00:00|2.265|2.27|2.262|2.266|219
2020.09.23 15:00:00|2.266|2.27|2.262|2.267|146
2020.09.23 16:00:00|2.266|2.268|2.25|2.251|235
2020.09.23 17:00:00|2.252|2.256|2.244|2.244|381
2020.09.23 18:00:00|2.244|2.25|2.239|2.239|280
2020.09.24 10:00:00|2.219|2.231|2.213|2.231|487
2020.09.24 11:00:00|2.232|2.238|2.226|2.238|269
2020.09.24 12:00:00|2.237|2.237|2.221|2.223|206
2020.09.24 13:00:00|2.222|2.228|2.219|2.221|180
2020.09.24 14:00:00|2.221|2.226|2.219|2.221|161
2020.09.24 15:00:00|2.22|2.22|2.21|2.211|174
2020.09.24 16:00:00|2.212|2.212|2.202|2.203|286
2020.09.24 17:00:00|2.204|2.208|2.191|2.192|369
2020.09.24 18:00:00|2.193|2.198|2.191|2.191|297
2020.09.25 10:00:00|2.195|2.201|2.185|2.187|602
2020.09.25 11:00:00|2.189|2.191|2.18|2.185|311
2020.09.25 12:00:00|2.184|2.185|2.163|2.164|235
2020.09.25 13:00:00|2.163|2.166|2.159|2.164|272
2020.09.25 14:00:00|2.164|2.172|2.161|2.171|275
2020.09.25 15:00:00|2.171|2.174|2.161|2.166|229
2020.09.25 16:00:00|2.166|2.169|2.155|2.156|313
2020.09.25 17:00:00|2.157|2.165|2.154|2.157|339
2020.09.25 18:00:00|2.156|2.157|2.152|2.155|231
2020.09.28 10:00:00|2.171|2.19|2.171|2.185|415
2020.09.28 11:00:00|2.184|2.186|2.173|2.178|290
2020.09.28 12:00:00|2.179|2.179|2.172|2.174|163
2020.09.28 13:00:00|2.174|2.181|2.173|2.18|175
2020.09.28 14:00:00|2.181|2.181|2.171|2.178|184
2020.09.28 15:00:00|2.177|2.192|2.176|2.188|197
2020.09.28 16:00:00|2.187|2.189|2.184|2.187|235
2020.09.28 17:00:00|2.186|2.186|2.175|2.178|240
2020.09.28 18:00:00|2.179|2.183|2.173|2.179|216
2020.09.29 10:00:00|2.176|2.18|2.153|2.154|388
2020.09.29 11:00:00|2.155|2.159|2.148|2.157|272
2020.09.29 12:00:00|2.156|2.161|2.151|2.156|188
2020.09.29 13:00:00|2.156|2.16|2.15|2.152|151
2020.09.29 14:00:00|2.153|2.159|2.152|2.153|145
2020.09.29 15:00:00|2.152|2.154|2.148|2.153|140
2020.09.29 16:00:00|2.154|2.155|2.141|2.141|174
2020.09.29 17:00:00|2.141|2.149|2.141|2.145|314
2020.09.29 18:00:00|2.146|2.152|2.145|2.149|115
2020.09.30 10:00:00|2.14|2.164|2.134|2.156|484
2020.09.30 11:00:00|2.155|2.159|2.149|2.155|327
2020.09.30 12:00:00|2.155|2.157|2.15|2.154|210
2020.09.30 13:00:00|2.153|2.153|2.143|2.143|176
2020.09.30 14:00:00|2.142|2.147|2.136|2.138|179
2020.09.30 15:00:00|2.139|2.14|2.134|2.135|158
2020.09.30 16:00:00|2.136|2.14|2.133|2.137|287
2020.09.30 17:00:00|2.138|2.14|2.13|2.131|293
2020.09.30 18:00:00|2.132|2.135|2.121|2.122|222
2020.10.01 10:00:00|2.118|2.131|2.111|2.117|485
2020.10.01 11:00:00|2.118|2.12|2.105|2.115|369
2020.10.01 12:00:00|2.115|2.121|2.114|2.119|213
2020.10.01 13:00:00|2.119|2.12|2.113|2.113|181
2020.10.01 14:00:00|2.113|2.114|2.107|2.11|244
2020.10.01 15:00:00|2.11|2.11|2.096|2.098|201
2020.10.01 16:00:00|2.099|2.102|2.093|2.098|354
2020.10.01 17:00:00|2.097|2.11|2.092|2.109|343
2020.10.01 18:00:00|2.109|2.112|2.1055|2.106|192
2020.10.02 10:00:00|2.08|2.099|2.068|2.086|722
2020.10.02 11:00:00|2.087|2.089|2.082|2.087|256
2020.10.02 12:00:00|2.086|2.086|2.071|2.072|186
2020.10.02 13:00:00|2.071|2.084|2.07|2.084|316
2020.10.02 14:00:00|2.085|2.085|2.079|2.084|227
2020.10.02 15:00:00|2.083|2.089|2.078|2.078|270
2020.10.02 16:00:00|2.077|2.088|2.073|2.088|285
2020.10.02 17:00:00|2.088|2.089|2.082|2.086|218
2020.10.02 18:00:00|2.084|2.097|2.084|2.094|182
2020.10.05 10:00:00|2.114|2.131|2.112|2.116|599
2020.10.05 11:00:00|2.117|2.129|2.116|2.129|246
2020.10.05 12:00:00|2.128|2.134|2.126|2.128|209
2020.10.05 13:00:00|2.127|2.13|2.122|2.13|97
2020.10.05 14:00:00|2.13|2.132|2.125|2.126|125
2020.10.05 15:00:00|2.124|2.129|2.123|2.127|92
2020.10.05 16:00:00|2.126|2.128|2.115|2.124|249
2020.10.05 17:00:00|2.124|2.137|2.119|2.134|214
2020.10.05 18:00:00|2.133|2.138|2.13|2.136|132
2020.10.06 10:00:00|2.128|2.128|2.096|2.102|415
2020.10.06 11:00:00|2.101|2.103|2.097|2.102|197
2020.10.06 12:00:00|2.102|2.103|2.098|2.102|154
2020.10.06 13:00:00|2.102|2.109|2.099|2.109|152
2020.10.06 14:00:00|2.109|2.135|2.109|2.132|227
2020.10.06 15:00:00|2.131|2.141|2.127|2.14|151
2020.10.06 16:00:00|2.14|2.143|2.135|2.139|252
2020.10.06 17:00:00|2.139|2.145|2.138|2.138|193
2020.10.06 18:00:00|2.138|2.138|2.133|2.136|153
2020.10.07 10:00:00|2.22|2.232|2.178|2.2|918
2020.10.07 11:00:00|2.2|2.202|2.18|2.183|366
2020.10.07 12:00:00|2.183|2.19|2.168|2.183|289
2020.10.07 13:00:00|2.182|2.183|2.162|2.169|236
2020.10.07 14:00:00|2.169|2.17|2.118|2.138|550
2020.10.07 15:00:00|2.137|2.139|2.111|2.123|496
2020.10.07 16:00:00|2.124|2.14|2.124|2.139|299
2020.10.07 17:00:00|2.14|2.141|2.132|2.135|186
2020.10.07 18:00:00|2.135|2.139|2.121|2.127|202
2020.10.08 10:00:00|2.116|2.123|2.105|2.122|469
2020.10.08 11:00:00|2.122|2.13|2.119|2.124|390
2020.10.08 12:00:00|2.124|2.155|2.123|2.155|275
2020.10.08 13:00:00|2.155|2.169|2.153|2.164|187
2020.10.08 14:00:00|2.165|2.167|2.155|2.165|143
2020.10.08 15:00:00|2.165|2.171|2.162|2.169|114
2020.10.08 16:00:00|2.17|2.174|2.164|2.173|175
2020.10.08 17:00:00|2.174|2.174|2.164|2.164|245
2020.10.08 18:00:00|2.165|2.169|2.164|2.164|167
2020.10.09 10:00:00|2.167|2.187|2.157|2.186|485
2020.10.09 11:00:00|2.185|2.189|2.178|2.178|272
2020.10.09 12:00:00|2.177|2.181|2.172|2.179|199
2020.10.09 13:00:00|2.18|2.187|2.178|2.18|180
2020.10.09 14:00:00|2.181|2.192|2.18|2.188|146
2020.10.09 15:00:00|2.189|2.196|2.185|2.196|178
2020.10.09 16:00:00|2.196|2.199|2.191|2.196|310
2020.10.09 17:00:00|2.197|2.199|2.186|2.188|262
2020.10.09 18:00:00|2.188|2.195|2.187|2.195|186
2020.10.12 10:00:00|2.18|2.201|2.173|2.198|510
2020.10.12 11:00:00|2.198|2.205|2.193|2.195|316
2020.10.12 12:00:00|2.196|2.198|2.191|2.194|207
2020.10.12 13:00:00|2.193|2.2|2.193|2.198|178
2020.10.12 14:00:00|2.198|2.199|2.193|2.196|165
2020.10.12 15:00:00|2.197|2.197|2.185|2.186|207
2020.10.12 16:00:00|2.186|2.191|2.18|2.186|192
2020.10.12 17:00:00|2.185|2.193|2.185|2.188|166
2020.10.12 18:00:00|2.1875|2.193|2.1875|2.188|132
2020.10.13 10:00:00|2.197|2.21|2.195|2.207|495
2020.10.13 11:00:00|2.208|2.216|2.205|2.213|198
2020.10.13 12:00:00|2.212|2.222|2.212|2.221|225
2020.10.13 13:00:00|2.221|2.226|2.218|2.22|180
2020.10.13 14:00:00|2.22|2.231|2.22|2.227|156
2020.10.13 15:00:00|2.227|2.233|2.225|2.229|135
2020.10.13 16:00:00|2.228|2.235|2.223|2.229|218
2020.10.13 17:00:00|2.229|2.233|2.214|2.215|341
2020.10.13 18:00:00|2.214|2.219|2.213|2.216|144
2020.10.14 10:00:00|2.22|2.223|2.209|2.218|368
2020.10.14 11:00:00|2.218|2.233|2.217|2.231|158
2020.10.14 12:00:00|2.23|2.239|2.227|2.229|151
2020.10.14 13:00:00|2.23|2.242|2.225|2.242|168
2020.10.14 14:00:00|2.242|2.244|2.237|2.24|100
2020.10.14 15:00:00|2.24|2.241|2.227|2.234|196
2020.10.14 16:00:00|2.233|2.238|2.231|2.233|126
2020.10.14 17:00:00|2.232|2.232|2.207|2.208|258
2020.10.14 18:00:00|2.208|2.219|2.206|2.218|188
2020.10.15 10:00:00|2.161|2.166|2.136|2.145|650
2020.10.15 11:00:00|2.146|2.149|2.141|2.144|299
2020.10.15 12:00:00|2.143|2.145|2.135|2.14|174
2020.10.15 13:00:00|2.14|2.151|2.137|2.151|205
2020.10.15 14:00:00|2.15|2.155|2.148|2.154|129
2020.10.15 15:00:00|2.154|2.156|2.142|2.142|139
2020.10.15 16:00:00|2.142|2.15|2.141|2.15|135
2020.10.15 17:00:00|2.15|2.152|2.144|2.146|172
2020.10.15 18:00:00|2.1445|2.149|2.142|2.143|115
2020.10.16 10:00:00|2.145|2.176|2.143|2.17|460
2020.10.16 11:00:00|2.171|2.174|2.166|2.172|263
2020.10.16 12:00:00|2.172|2.175|2.163|2.164|277
2020.10.16 13:00:00|2.163|2.178|2.163|2.173|272
2020.10.16 14:00:00|2.173|2.175|2.159|2.16|227
2020.10.16 15:00:00|2.161|2.164|2.152|2.153|176
2020.10.16 16:00:00|2.152|2.16|2.148|2.158|288
2020.10.16 17:00:00|2.157|2.162|2.144|2.146|392
