2020.08.21 18:00:00|32.35|32.35|32.21|32.24|149
2020.08.24 10:00:00|32.69|33.12|32.56|33.07|280
2020.08.24 11:00:00|33.08|33.35|32.94|33.32|220
2020.08.24 12:00:00|33.31|33.54|33.3|33.46|195
2020.08.24 13:00:00|33.47|33.62|33.4|33.52|154
2020.08.24 14:00:00|33.49|33.57|33.46|33.54|116
2020.08.24 15:00:00|33.55|33.55|33.41|33.46|128
2020.08.24 16:00:00|33.47|33.5|33.22|33.28|226
2020.08.24 17:00:00|33.27|33.56|33.24|33.54|273
2020.08.24 18:00:00|33.53|33.62|33.53|33.58|117
2020.08.25 10:00:00|33.91|34.13|33.87|33.91|322
2020.08.25 11:00:00|33.92|33.94|33.74|33.76|189
2020.08.25 12:00:00|33.75|33.76|33.6|33.65|124
2020.08.25 13:00:00|33.68|33.71|33.55|33.66|127
2020.08.25 14:00:00|33.66|33.71|33.64|33.66|116
2020.08.25 15:00:00|33.66|33.75|33.64|33.68|153
2020.08.25 16:00:00|33.67|33.69|33.42|33.45|193
2020.08.25 17:00:00|33.43|33.45|33.14|33.24|275
2020.08.25 18:00:00|33.23|33.26|33.16|33.21|115
2020.08.26 10:00:00|32.94|33.45|32.85|33.43|295
2020.08.26 11:00:00|33.44|33.46|33.22|33.42|197
2020.08.26 12:00:00|33.42|33.53|33.32|33.38|160
2020.08.26 13:00:00|33.39|33.46|33.32|33.35|121
2020.08.26 14:00:00|33.36|33.45|33.31|33.32|99
2020.08.26 15:00:00|33.33|33.46|33.33|33.34|115
2020.08.26 16:00:00|33.35|33.54|33.35|33.52|245
2020.08.26 17:00:00|33.53|33.56|33.26|33.27|210
2020.08.26 18:00:00|33.28|33.4|33.22|33.36|114
2020.08.27 10:00:00|33.09|33.25|32.84|33.21|339
2020.08.27 11:00:00|33.2|33.21|33.1|33.17|184
2020.08.27 12:00:00|33.16|33.17|33.01|33.09|141
2020.08.27 13:00:00|33.08|33.21|33.06|33.16|111
2020.08.27 14:00:00|33.16|33.17|33.05|33.11|95
2020.08.27 15:00:00|33.11|33.36|33.11|33.19|163
2020.08.27 16:00:00|33.19|33.38|33.15|33.24|391
2020.08.27 17:00:00|33.23|33.3|33.1|33.29|387
2020.08.27 18:00:00|33.28|33.3|33.14|33.2|153
2020.08.28 10:00:00|33.5|33.51|33.02|33.14|409
2020.08.28 11:00:00|33.12|33.42|33.08|33.2|203
2020.08.28 12:00:00|33.21|33.44|33.15|33.43|191
2020.08.28 13:00:00|33.45|33.45|33.15|33.28|174
2020.08.28 14:00:00|33.3|33.44|33.24|33.41|149
2020.08.28 15:00:00|33.42|33.42|33.25|33.28|139
2020.08.28 16:00:00|33.28|33.35|33.19|33.26|193
2020.08.28 17:00:00|33.25|33.25|33.11|33.21|274
2020.08.28 18:00:00|33.22|33.28|33.15|33.21|153
2020.08.31 10:00:00|33.54|33.97|33.53|33.89|202
2020.08.31 11:00:00|33.88|34.06|33.86|34.02|157
2020.08.31 12:00:00|34.03|34.04|33.92|33.99|144
2020.08.31 13:00:00|33.97|33.98|33.75|33.8|145
2020.08.31 14:00:00|33.8|33.87|33.72|33.79|124
2020.08.31 15:00:00|33.78|33.83|33.58|33.6|145
2020.08.31 16:00:00|33.59|33.6|33.28|33.33|223
2020.08.31 17:00:00|33.32|33.44|33.25|33.35|212
2020.08.31 18:00:00|33.33|33.35|32.97|33.01|149
2020.09.01 10:00:00|33.16|33.35|32.98|33.14|392
2020.09.01 11:00:00|33.15|33.18|32.89|33.03|323
2020.09.01 12:00:00|33.04|33.1|32.93|33.02|231
2020.09.01 13:00:00|33.02|33.14|33.02|33.06|137
2020.09.01 14:00:00|33.07|33.11|32.93|32.95|117
2020.09.01 15:00:00|32.93|32.97|32.82|32.83|156
2020.09.01 16:00:00|32.82|32.85|32.53|32.75|480
2020.09.01 17:00:00|32.74|33.1|32.74|33.02|419
2020.09.01 18:00:00|33.03|33.08|32.9|32.9|155
2020.09.02 10:00:00|33.06|33.28|32.96|33.12|356
2020.09.02 11:00:00|33.14|33.49|33.08|33.42|254
2020.09.02 12:00:00|33.44|33.58|33.35|33.48|220
2020.09.02 13:00:00|33.5|33.59|33.47|33.54|155
2020.09.02 14:00:00|33.55|33.57|33.44|33.44|128
2020.09.02 15:00:00|33.45|33.5|33.3|33.36|171
2020.09.02 16:00:00|33.36|33.4|33.19|33.23|278
2020.09.02 17:00:00|33.24|33.4|33.17|33.26|378
2020.09.02 18:00:00|33.27|33.32|33.17|33.21|181
2020.09.03 10:00:00|33.39|33.59|33.34|33.47|368
2020.09.03 11:00:00|33.46|33.6|33.4|33.54|186
2020.09.03 12:00:00|33.52|33.54|33.38|33.39|174
2020.09.03 13:00:00|33.4|33.56|33.35|33.43|151
2020.09.03 14:00:00|33.44|33.55|33.26|33.29|154
2020.09.03 15:00:00|33.3|33.41|33.17|33.34|168
2020.09.03 16:00:00|33.35|33.6|33.18|33.49|274
2020.09.03 17:00:00|33.5|33.58|33.34|33.36|352
2020.09.03 18:00:00|33.35|33.36|32.9|32.98|240
2020.09.04 10:00:00|32.84|33.43|32.78|33.36|506
2020.09.04 11:00:00|33.35|33.47|33.25|33.25|235
2020.09.04 12:00:00|33.26|33.5|33.18|33.48|177
2020.09.04 13:00:00|33.49|33.55|33.42|33.44|138
2020.09.04 14:00:00|33.45|33.46|33.18|33.2|150
2020.09.04 15:00:00|33.2|33.54|33.2|33.45|232
2020.09.04 16:00:00|33.44|33.5|33.09|33.16|368
2020.09.04 17:00:00|33.15|33.2|32.7|32.83|641
2020.09.04 18:00:00|32.84|32.85|32.59|32.66|320
2020.09.07 10:00:00|32.9|33.08|32.83|32.99|355
2020.09.07 11:00:00|33.01|33.09|32.94|32.98|190
2020.09.07 12:00:00|32.99|33.12|32.97|33.05|152
2020.09.07 13:00:00|33.04|33.2|33.01|33.11|121
2020.09.07 14:00:00|33.08|33.25|33.07|33.22|143
2020.09.07 15:00:00|33.25|33.35|33.22|33.34|126
2020.09.07 16:00:00|33.32|33.47|33.29|33.43|139
2020.09.07 17:00:00|33.43|33.59|33.43|33.53|143
2020.09.07 18:00:00|33.54|33.65|33.51|33.52|86
2020.09.08 10:00:00|33.51|33.59|33.35|33.42|341
2020.09.08 11:00:00|33.4|33.41|33.01|33.08|314
2020.09.08 12:00:00|33.07|33.11|32.93|32.96|211
2020.09.08 13:00:00|32.95|33.02|32.9|32.92|179
2020.09.08 14:00:00|32.93|32.98|32.66|32.77|178
2020.09.08 15:00:00|32.78|32.81|32.48|32.55|248
2020.09.08 16:00:00|32.54|32.59|32.16|32.3|441
2020.09.08 17:00:00|32.31|32.34|31.98|32.02|525
2020.09.08 18:00:00|32.01|32.28|32|32.24|228
2020.09.09 10:00:00|32.49|32.89|32.38|32.83|394
2020.09.09 11:00:00|32.84|33.04|32.75|32.78|238
2020.09.09 12:00:00|32.77|33|32.64|32.97|179
2020.09.09 13:00:00|32.96|32.99|32.86|32.92|130
2020.09.09 14:00:00|32.9|33.09|32.83|33.09|156
2020.09.09 15:00:00|33.04|33.11|32.94|32.94|168
2020.09.09 16:00:00|32.96|33.09|32.77|33.09|288
2020.09.09 17:00:00|33.08|33.11|32.66|32.76|410
2020.09.09 18:00:00|32.77|32.87|32.72|32.82|207
2020.09.10 10:00:00|32.68|32.71|32.46|32.52|395
2020.09.10 11:00:00|32.51|32.55|32.37|32.38|225
2020.09.10 12:00:00|32.39|32.58|32.37|32.56|157
2020.09.10 13:00:00|32.55|32.59|32.44|32.49|151
2020.09.10 14:00:00|32.5|32.71|32.49|32.69|144
2020.09.10 15:00:00|32.69|32.82|32.61|32.74|206
2020.09.10 16:00:00|32.75|33|32.72|32.81|319
2020.09.10 17:00:00|32.82|32.85|32.49|32.5|390
2020.09.10 18:00:00|32.49|32.67|32.48|32.61|229
2020.09.11 10:00:00|32.4|32.62|32.24|32.32|392
2020.09.11 11:00:00|32.3|32.45|32.27|32.33|197
2020.09.11 12:00:00|32.34|32.41|32.32|32.38|162
2020.09.11 13:00:00|32.39|32.47|32.25|32.42|152
2020.09.11 14:00:00|32.43|32.64|32.4|32.57|173
2020.09.11 15:00:00|32.57|32.58|32.32|32.33|154
2020.09.11 16:00:00|32.32|32.43|32.11|32.16|312
2020.09.11 17:00:00|32.18|32.46|32.17|32.37|415
2020.09.11 18:00:00|32.38|32.56|32.38|32.42|170
2020.09.14 10:00:00|32.75|32.87|32.48|32.51|308
2020.09.14 11:00:00|32.55|32.57|32.39|32.45|182
2020.09.14 12:00:00|32.48|32.53|32.16|32.17|157
2020.09.14 13:00:00|32.16|32.25|32.04|32.13|143
2020.09.14 14:00:00|32.12|32.2|32.06|32.17|120
2020.09.14 15:00:00|32.16|32.26|32.12|32.21|143
2020.09.14 16:00:00|32.22|32.28|31.97|32.01|220
2020.09.14 17:00:00|32.02|32.03|31.72|31.72|318
2020.09.14 18:00:00|31.73|31.82|31.73|31.8|99
2020.09.15 10:00:00|32.14|32.17|31.79|31.79|445
2020.09.15 11:00:00|31.78|32.07|31.66|32.02|266
2020.09.15 12:00:00|32.01|32.39|32.01|32.11|257
2020.09.15 13:00:00|32.09|32.17|32.01|32.16|153
2020.09.15 14:00:00|32.15|32.18|32.08|32.1|111
2020.09.15 15:00:00|32.09|32.31|32.08|32.3|187
2020.09.15 16:00:00|32.31|32.37|32.06|32.08|440
2020.09.15 17:00:00|32.1|32.34|32.04|32.32|466
2020.09.15 18:00:00|32.31|32.35|32.21|32.22|216
2020.09.16 10:00:00|32.25|32.38|32.17|32.31|344
2020.09.16 11:00:00|32.3|32.44|32.26|32.37|235
2020.09.16 12:00:00|32.36|32.52|32.35|32.35|237
2020.09.16 13:00:00|32.36|32.36|32.18|32.21|200
2020.09.16 14:00:00|32.2|32.21|32|32.03|232
2020.09.16 15:00:00|32.04|32.04|31.83|31.93|204
2020.09.16 16:00:00|31.94|31.94|31.54|31.61|405
2020.09.16 17:00:00|31.62|31.97|31.62|31.93|490
2020.09.16 18:00:00|31.93|32.09|31.93|32.06|270
2020.09.17 10:00:00|31.77|31.99|31.69|31.78|581
2020.09.17 11:00:00|31.79|31.98|31.79|31.87|260
2020.09.17 12:00:00|31.86|31.96|31.68|31.68|205
2020.09.17 13:00:00|31.69|31.79|31.61|31.69|260
2020.09.17 14:00:00|31.69|31.8|31.68|31.74|186
2020.09.17 15:00:00|31.73|31.73|31.5|31.51|176
2020.09.17 16:00:00|31.52|31.58|31.39|31.56|377
2020.09.17 17:00:00|31.57|31.77|31.48|31.51|497
2020.09.17 18:00:00|31.52|31.62|31.52|31.54|308
2020.09.18 10:00:00|31.52|31.59|31.23|31.37|341
2020.09.18 11:00:00|31.36|31.53|31.33|31.37|274
2020.09.18 12:00:00|31.37|31.62|31.35|31.45|618
2020.09.18 13:00:00|31.44|31.49|31.31|31.32|284
2020.09.18 14:00:00|31.33|31.46|31.28|31.3|191
2020.09.18 15:00:00|31.32|31.32|31.09|31.2|249
2020.09.18 16:00:00|31.21|31.28|30.99|31.1|386
2020.09.18 17:00:00|31.09|31.16|30.96|30.99|494
2020.09.18 18:00:00|30.98|31.18|30.98|31.15|252
2020.09.21 10:00:00|30.61|30.65|30.25|30.33|654
2020.09.21 11:00:00|30.34|30.36|30.05|30.07|457
2020.09.21 12:00:00|30.06|30.26|29.87|29.93|498
2020.09.21 13:00:00|29.92|30.05|29.84|30.02|407
2020.09.21 14:00:00|30.03|30.06|29.9|30.01|386
2020.09.21 15:00:00|30.01|30.16|29.93|30.1|420
2020.09.21 16:00:00|30.11|30.19|29.96|30.11|626
2020.09.21 17:00:00|30.11|30.13|29.7|29.76|762
2020.09.21 18:00:00|29.75|29.81|29.57|29.63|413
2020.09.22 10:00:00|29.76|29.87|29.63|29.8|568
2020.09.22 11:00:00|29.81|29.9|29.61|29.75|335
2020.09.22 12:00:00|29.76|30.12|29.74|30.03|248
2020.09.22 13:00:00|30.04|30.24|29.98|30.18|222
2020.09.22 14:00:00|30.18|30.43|30.17|30.21|232
2020.09.22 15:00:00|30.23|30.28|30.09|30.26|219
2020.09.22 16:00:00|30.24|30.48|30.18|30.2|377
2020.09.22 17:00:00|30.19|30.29|29.96|29.96|481
2020.09.22 18:00:00|29.97|30.05|29.89|30.01|293
2020.09.23 10:00:00|29.96|30.21|29.69|30.19|551
2020.09.23 11:00:00|30.2|30.26|30.04|30.2|261
2020.09.23 12:00:00|30.19|30.22|30|30.05|233
2020.09.23 13:00:00|30.06|30.08|29.89|30|176
2020.09.23 14:00:00|30|30.06|29.89|29.91|166
2020.09.23 15:00:00|29.89|29.94|29.8|29.85|204
2020.09.23 16:00:00|29.85|29.99|29.67|29.67|386
2020.09.23 17:00:00|29.68|29.77|29.55|29.64|521
2020.09.23 18:00:00|29.63|29.69|29.56|29.58|258
2020.09.24 10:00:00|28.88|29.46|28.85|29.46|633
2020.09.24 11:00:00|29.45|29.46|29.18|29.25|314
2020.09.24 12:00:00|29.23|29.32|29.15|29.26|244
2020.09.24 13:00:00|29.25|29.61|29.25|29.49|298
2020.09.24 14:00:00|29.5|29.58|29.41|29.42|202
2020.09.24 15:00:00|29.41|29.46|29.26|29.28|230
2020.09.24 16:00:00|29.27|29.41|29.18|29.2|422
2020.09.24 17:00:00|29.19|29.4|28.96|29.02|570
2020.09.24 18:00:00|29.01|29.03|28.89|28.97|336
2020.09.25 10:00:00|28.64|28.78|28.39|28.43|646
2020.09.25 11:00:00|28.41|28.47|28.28|28.4|304
2020.09.25 12:00:00|28.4|28.51|28.1|28.21|337
2020.09.25 13:00:00|28.2|28.29|27.81|27.91|420
2020.09.25 14:00:00|27.92|28.04|27.86|27.98|292
2020.09.25 15:00:00|27.97|28.06|27.87|28.04|248
2020.09.25 16:00:00|28.02|28.06|27.87|28.01|428
2020.09.25 17:00:00|28.01|28.05|27.78|27.89|700
2020.09.25 18:00:00|27.9|27.92|27.76|27.87|306
2020.09.28 10:00:00|28.32|28.56|28.15|28.48|344
2020.09.28 11:00:00|28.47|28.55|28.36|28.4|242
2020.09.28 12:00:00|28.4|28.51|28.36|28.41|195
2020.09.28 13:00:00|28.41|28.66|28.38|28.52|187
2020.09.28 14:00:00|28.5|28.61|28.48|28.58|173
2020.09.28 15:00:00|28.59|28.84|28.59|28.77|195
2020.09.28 16:00:00|28.77|28.81|28.61|28.73|302
2020.09.28 17:00:00|28.74|28.85|28.65|28.73|425
2020.09.28 18:00:00|28.72|28.77|28.67|28.75|212
2020.09.29 10:00:00|28.86|28.87|28.52|28.56|411
2020.09.29 11:00:00|28.58|28.58|28.37|28.41|263
2020.09.29 12:00:00|28.41|28.56|28.4|28.53|187
2020.09.29 13:00:00|28.52|28.64|28.51|28.56|174
2020.09.29 14:00:00|28.57|28.64|28.5|28.53|146
2020.09.29 15:00:00|28.52|28.59|28.46|28.54|159
2020.09.29 16:00:00|28.54|28.62|28.28|28.31|470
2020.09.29 17:00:00|28.32|28.52|28.22|28.34|585
2020.09.29 18:00:00|28.34|28.35|28.23|28.25|336
2020.09.30 10:00:00|28.02|28.72|28.01|28.49|400
2020.09.30 11:00:00|28.52|28.68|28.47|28.65|292
2020.09.30 12:00:00|28.66|28.75|28.57|28.72|351
2020.09.30 13:00:00|28.73|28.78|28.53|28.6|225
2020.09.30 14:00:00|28.6|28.68|28.51|28.64|196
2020.09.30 15:00:00|28.67|29.25|28.66|29.16|543
2020.09.30 16:00:00|29.19|29.5|29.16|29.33|584
2020.09.30 17:00:00|29.32|29.65|29.32|29.55|608
2020.09.30 18:00:00|29.54|29.56|29.25|29.27|307
2020.10.01 10:00:00|29.45|29.63|29.15|29.15|588
2020.10.01 11:00:00|29.15|29.17|28.8|28.84|526
2020.10.01 12:00:00|28.83|28.86|28.65|28.68|344
2020.10.01 13:00:00|28.67|28.76|28.59|28.6|258
2020.10.01 14:00:00|28.6|28.71|28.49|28.71|290
2020.10.01 15:00:00|28.72|28.72|28.49|28.5|265
2020.10.01 16:00:00|28.49|28.6|28.35|28.38|610
2020.10.01 17:00:00|28.36|28.43|28.23|28.35|736
2020.10.01 18:00:00|28.35|28.44|28.29|28.34|395
2020.10.02 10:00:00|27.99|28.34|27.94|28.05|413
2020.10.02 11:00:00|28.04|28.29|27.99|28.14|238
2020.10.02 12:00:00|28.13|28.19|27.95|27.96|259
2020.10.02 13:00:00|27.95|28.05|27.83|27.85|204
2020.10.02 14:00:00|27.86|27.89|27.76|27.77|201
2020.10.02 15:00:00|27.77|27.94|27.74|27.84|239
2020.10.02 16:00:00|27.82|28.01|27.69|27.9|472
2020.10.02 17:00:00|27.9|28.06|27.84|27.85|544
2020.10.02 18:00:00|27.86|28.16|27.84|28.13|253
2020.10.05 10:00:00|28.71|28.8|28.41|28.42|492
2020.10.05 11:00:00|28.43|28.72|28.43|28.7|271
2020.10.05 12:00:00|28.7|28.81|28.64|28.77|232
2020.10.05 13:00:00|28.77|28.94|28.75|28.91|229
2020.10.05 14:00:00|28.92|29.04|28.92|28.98|217
2020.10.05 15:00:00|28.97|28.98|28.77|28.77|206
2020.10.05 16:00:00|28.78|28.88|28.55|28.55|385
2020.10.05 17:00:00|28.57|28.61|28.43|28.58|440
2020.10.05 18:00:00|28.58|28.75|28.56|28.74|233
2020.10.06 10:00:00|29.07|29.22|28.8|28.91|378
2020.10.06 11:00:00|28.92|28.95|28.73|28.84|218
2020.10.06 12:00:00|28.84|29.24|28.81|29.14|260
2020.10.06 13:00:00|29.15|29.41|29.13|29.33|338
2020.10.06 14:00:00|29.32|29.5|29.29|29.44|231
2020.10.06 15:00:00|29.42|29.57|29.41|29.55|262
2020.10.06 16:00:00|29.55|29.83|29.48|29.48|541
2020.10.06 17:00:00|29.46|29.51|29.28|29.46|511
2020.10.06 18:00:00|29.47|29.51|29.4|29.46|283
2020.10.07 10:00:00|29.34|29.48|29.14|29.27|462
2020.10.07 11:00:00|29.27|29.29|29.09|29.16|295
2020.10.07 12:00:00|29.15|29.17|29.05|29.12|235
2020.10.07 13:00:00|29.11|29.18|29.03|29.15|210
2020.10.07 14:00:00|29.16|29.16|28.93|29.05|185
2020.10.07 15:00:00|29.04|29.2|29.01|29.18|213
2020.10.07 16:00:00|29.18|29.22|28.94|28.96|520
2020.10.07 17:00:00|28.96|29.14|28.83|29.05|502
2020.10.07 18:00:00|29.06|29.14|29.01|29.08|220
2020.10.08 10:00:00|29.33|29.39|29.08|29.24|419
2020.10.08 11:00:00|29.25|29.26|29.06|29.12|255
2020.10.08 12:00:00|29.12|29.21|29.11|29.2|225
2020.10.08 13:00:00|29.2|29.33|29.2|29.21|214
2020.10.08 14:00:00|29.2|29.23|29.16|29.2|150
2020.10.08 15:00:00|29.17|29.4|29.16|29.37|229
2020.10.08 16:00:00|29.37|29.7|29.32|29.68|396
2020.10.08 17:00:00|29.67|29.8|29.51|29.64|515
2020.10.08 18:00:00|29.64|29.65|29.41|29.48|280
2020.10.09 10:00:00|29.6|29.89|29.55|29.82|390
2020.10.09 11:00:00|29.82|29.92|29.68|29.69|324
2020.10.09 12:00:00|29.68|29.81|29.64|29.77|290
2020.10.09 13:00:00|29.77|29.82|29.57|29.59|233
2020.10.09 14:00:00|29.57|29.82|29.57|29.79|201
2020.10.09 15:00:00|29.8|29.95|29.76|29.94|243
2020.10.09 16:00:00|29.94|30.02|29.67|29.79|462
2020.10.09 17:00:00|29.78|29.81|29.56|29.77|302
2020.10.09 18:00:00|29.76|29.86|29.7|29.78|174
2020.10.12 10:00:00|29.67|29.81|29.52|29.59|303
2020.10.12 11:00:00|29.59|29.83|29.5|29.56|251
2020.10.12 12:00:00|29.57|29.8|29.57|29.72|192
2020.10.12 13:00:00|29.75|29.92|29.72|29.87|158
2020.10.12 14:00:00|29.86|30.01|29.83|29.92|162
2020.10.12 15:00:00|29.93|30.11|29.91|29.92|190
2020.10.12 16:00:00|29.91|29.91|29.57|29.64|308
2020.10.12 17:00:00|29.64|29.69|29.5|29.57|309
2020.10.12 18:00:00|29.58|29.65|29.53|29.63|151
2020.10.13 10:00:00|29.62|29.64|29.38|29.45|303
2020.10.13 11:00:00|29.44|29.65|29.43|29.56|211
2020.10.13 12:00:00|29.57|29.59|29.43|29.5|210
2020.10.13 13:00:00|29.48|29.69|29.46|29.54|176
2020.10.13 14:00:00|29.52|29.62|29.37|29.41|180
2020.10.13 15:00:00|29.41|29.48|29.19|29.27|250
2020.10.13 16:00:00|29.26|29.36|29.15|29.18|346
2020.10.13 17:00:00|29.18|29.27|28.92|29.06|386
2020.10.13 18:00:00|29.06|29.08|29|29.04|134
2020.10.14 10:00:00|29.09|29.09|28.81|28.96|399
2020.10.14 11:00:00|28.95|29.21|28.92|29.12|275
2020.10.14 12:00:00|29.12|29.17|29.04|29.07|201
2020.10.14 13:00:00|29.09|29.13|28.88|28.93|229
2020.10.14 14:00:00|28.98|29.03|28.84|28.9|174
2020.10.14 15:00:00|28.91|29.01|28.89|29.01|179
2020.10.14 16:00:00|29|29.13|28.92|29.07|348
2020.10.14 17:00:00|29.06|29.14|28.98|29.07|334
2020.10.14 18:00:00|29.08|29.14|29.01|29.07|156
2020.10.15 10:00:00|28.48|28.59|28.21|28.3|500
2020.10.15 11:00:00|28.29|28.29|28.1|28.16|411
2020.10.15 12:00:00|28.15|28.16|27.91|28.03|361
2020.10.15 13:00:00|28.04|28.15|27.97|28.13|266
2020.10.15 14:00:00|28.13|28.21|27.96|28.01|245
2020.10.15 15:00:00|28.01|28.03|27.89|27.98|392
2020.10.15 16:00:00|27.97|28.15|27.95|28.08|371
2020.10.15 17:00:00|28.07|28.15|27.93|27.94|513
2020.10.15 18:00:00|27.96|28.22|27.96|28.1|291
2020.10.16 10:00:00|28.44|28.47|28.14|28.31|361
2020.10.16 11:00:00|28.32|28.32|28.16|28.29|223
2020.10.16 12:00:00|28.27|28.28|27.96|28.1|289
2020.10.16 13:00:00|28.08|28.35|28.06|28.28|213
2020.10.16 14:00:00|28.3|28.3|28.17|28.23|200
2020.10.16 15:00:00|28.22|28.23|28.09|28.11|196
2020.10.16 16:00:00|28.11|28.16|27.83|28.04|373
2020.10.16 17:00:00|28.03|28.29|28|28.25|351
2020.10.16 18:00:00|28.26|28.41|28.26|28.36|208
2020.10.19 10:00:00|28.24|28.64|28.23|28.46|294
2020.10.19 11:00:00|28.5|28.56|28.45|28.56|11
2020.10.19 12:00:00|28.48|28.5|28.45|28.5|9
2020.10.19 13:00:00|28.41|28.46|28.29|28.3|67
2020.10.19 14:00:00|28.31|28.31|28.17|28.21|175
2020.10.19 15:00:00|28.22|28.28|28.07|28.12|188
2020.10.19 16:00:00|28.13|28.25|27.92|28.1|325
2020.10.19 17:00:00|28.09|28.4|27.99|28.35|439
2020.10.19 18:00:00|28.36|28.4|28.22|28.28|225
2020.10.20 10:00:00|27.95|28.1|27.72|28.04|365
2020.10.20 11:00:00|28.05|28.22|28|28.04|206
2020.10.20 12:00:00|28.05|28.14|27.99|28.07|189
2020.10.20 13:00:00|28.07|28.22|28|28.17|230
2020.10.20 14:00:00|28.17|28.25|28.12|28.13|164
2020.10.20 15:00:00|28.19|28.2|27.97|28.16|215
2020.10.20 16:00:00|28.15|28.35|28.08|28.26|457
2020.10.20 17:00:00|28.26|28.28|27.96|28.2|568
2020.10.20 18:00:00|28.16|28.18|28.02|28.07|252
2020.10.21 10:00:00|28.27|28.3|27.8|27.87|400
2020.10.21 11:00:00|27.87|27.89|27.68|27.69|340
2020.10.21 12:00:00|27.69|27.97|27.65|27.97|298
2020.10.21 13:00:00|27.97|28.14|27.88|28.07|233
2020.10.21 14:00:00|28.06|28.1|28|28.03|209
2020.10.21 15:00:00|28.04|28.15|28|28.02|216
2020.10.21 16:00:00|28|28.03|27.8|27.92|330
2020.10.21 17:00:00|27.9|28.01|27.76|27.77|366
2020.10.21 18:00:00|27.75|27.77|27.65|27.67|200
2020.10.22 10:00:00|27.37|27.38|27.11|27.27|432
2020.10.22 11:00:00|27.26|27.36|27.17|27.2|337
2020.10.22 12:00:00|27.2|27.2|27.03|27.19|354
2020.10.22 13:00:00|27.19|27.46|27.13|27.39|337
2020.10.22 14:00:00|27.39|27.45|27.3|27.34|209
2020.10.22 15:00:00|27.35|27.39|27.08|27.09|218
2020.10.22 16:00:00|27.1|27.24|27.08|27.18|446
2020.10.22 17:00:00|27.19|27.35|27.08|27.34|479
2020.10.22 18:00:00|27.35|27.58|27.35|27.56|244
2020.10.23 10:00:00|27.59|28.11|27.59|28.09|367
2020.10.23 11:00:00|28.1|28.21|27.97|28.03|437
2020.10.23 12:00:00|28.03|28.17|27.99|28.05|289
2020.10.23 13:00:00|28.05|28.21|28.03|28.09|237
2020.10.23 14:00:00|28.08|28.31|28.05|28.23|316
2020.10.23 15:00:00|28.23|28.34|28.16|28.27|208
2020.10.23 16:00:00|28.27|28.31|28.15|28.22|357
2020.10.23 17:00:00|28.21|28.23|27.96|27.97|406
2020.10.23 18:00:00|27.98|28|27.84|27.98|222
2020.10.26 10:00:00|27.27|27.66|27.19|27.59|425
2020.10.26 11:00:00|27.58|27.73|27.51|27.57|360
2020.10.26 12:00:00|27.56|27.72|27.53|27.62|237
2020.10.26 13:00:00|27.63|27.69|27.39|27.39|177
2020.10.26 14:00:00|27.41|27.43|27.25|27.29|208
2020.10.26 15:00:00|27.28|27.42|27.2|27.29|296
2020.10.26 16:00:00|27.3|27.38|27.15|27.17|482
2020.10.26 17:00:00|27.17|27.19|26.99|27.06|517
2020.10.26 18:00:00|27.05|27.11|26.99|27.01|196
2020.10.27 10:00:00|27.05|27.07|26.78|26.87|428
2020.10.27 11:00:00|26.85|26.85|26.48|26.54|546
2020.10.27 12:00:00|26.54|26.66|26.53|26.64|283
2020.10.27 13:00:00|26.65|26.66|26.45|26.46|273
2020.10.27 14:00:00|26.47|26.47|26.28|26.31|212
2020.10.27 15:00:00|26.31|26.34|26.04|26.13|522
2020.10.27 16:00:00|26.15|26.17|25.97|25.98|516
2020.10.27 17:00:00|25.99|26.18|25.92|26.17|461
2020.10.27 18:00:00|26.18|26.22|26.08|26.19|248
2020.10.28 10:00:00|25.44|25.44|24.74|25.05|959
2020.10.28 11:00:00|25.04|25.23|24.95|25.16|440
2020.10.28 12:00:00|25.16|25.28|24.93|24.93|385
2020.10.28 13:00:00|24.92|24.97|24.83|24.92|382
2020.10.28 14:00:00|24.92|25.02|24.79|24.88|256
2020.10.28 15:00:00|24.93|25.16|24.89|24.96|400
2020.10.28 16:00:00|24.95|25|24.58|24.63|663
2020.10.28 17:00:00|24.62|25.08|24.6|25.06|799
2020.10.28 18:00:00|25.06|25.21|24.99|25.05|465
2020.10.29 10:00:00|25.4|25.64|25.04|25.13|663
2020.10.29 11:00:00|25.12|25.23|25.08|25.19|327
2020.10.29 12:00:00|25.19|25.19|24.95|25.06|347
2020.10.29 13:00:00|25.07|25.08|24.77|24.79|349
2020.10.29 14:00:00|24.8|24.94|24.79|24.88|272
2020.10.29 15:00:00|24.87|24.89|24.43|24.8|736
2020.10.29 16:00:00|24.81|25.26|24.79|25.08|858
2020.10.29 17:00:00|25.07|25.31|25.01|25.07|838
2020.10.29 18:00:00|25.08|25.13|25.01|25.01|344
2020.10.30 10:00:00|24.84|25.66|24.73|25.61|623
2020.10.30 11:00:00|25.6|26.05|25.6|25.94|628
2020.10.30 12:00:00|25.93|25.93|25.56|25.9|428
2020.10.30 13:00:00|25.89|25.98|25.68|25.7|301
2020.10.30 14:00:00|25.71|25.72|25.51|25.63|275
2020.10.30 15:00:00|25.62|25.7|25.52|25.69|415
2020.10.30 16:00:00|25.7|25.81|25.52|25.53|626
2020.10.30 17:00:00|25.52|25.76|25.52|25.76|643
2020.10.30 18:00:00|25.75|25.81|25.62|25.76|363
2020.11.02 10:00:00|25.79|26.01|25.61|26.01|423
2020.11.02 11:00:00|26|26.41|25.98|26.37|466
2020.11.02 12:00:00|26.39|26.6|26.38|26.53|385
2020.11.02 13:00:00|26.52|26.61|26.41|26.6|315
2020.11.02 14:00:00|26.57|26.74|26.55|26.64|272
2020.11.02 15:00:00|26.63|26.94|26.61|26.9|289
2020.11.02 16:00:00|26.9|27.01|26.58|26.89|642
2020.11.02 17:00:00|26.91|27.05|26.88|26.99|699
2020.11.02 18:00:00|26.98|27.1|26.94|27.02|350
2020.11.03 10:00:00|27.61|27.76|27.4|27.72|772
2020.11.03 11:00:00|27.73|27.96|27.68|27.96|402
2020.11.03 12:00:00|27.95|28|27.71|27.75|355
2020.11.03 13:00:00|27.75|27.9|27.73|27.79|256
2020.11.03 14:00:00|27.78|27.8|27.71|27.73|246
2020.11.03 15:00:00|27.73|27.84|27.65|27.75|295
2020.11.03 16:00:00|27.76|27.82|27.6|27.74|612
2020.11.03 17:00:00|27.73|27.76|27.46|27.63|710
2020.11.03 18:00:00|27.64|27.71|27.57|27.58|391
2020.11.04 10:00:00|26.81|27.55|26.78|27.48|975
2020.11.04 11:00:00|27.49|27.73|27.34|27.51|574
2020.11.04 12:00:00|27.5|27.5|27.07|27.32|381
2020.11.04 13:00:00|27.31|27.5|27.23|27.33|271
2020.11.04 14:00:00|27.3|27.61|27.27|27.52|258
2020.11.04 15:00:00|27.52|27.72|27.51|27.59|341
2020.11.04 16:00:00|27.58|27.64|27.12|27.51|522
2020.11.04 17:00:00|27.52|27.89|27.5|27.85|542
2020.11.04 18:00:00|27.86|27.9|27.7|27.75|264
2020.11.05 10:00:00|27.99|28|27.52|27.52|556
2020.11.05 11:00:00|27.52|27.64|27.41|27.55|282
2020.11.05 12:00:00|27.55|27.81|27.47|27.8|352
2020.11.05 13:00:00|27.79|27.79|27.61|27.66|238
2020.11.05 14:00:00|27.65|27.72|27.5|27.65|225
2020.11.05 15:00:00|27.64|27.67|27.53|27.63|203
2020.11.05 16:00:00|27.63|27.69|27.43|27.43|403
2020.11.05 17:00:00|27.44|27.66|27.37|27.42|540
2020.11.05 18:00:00|27.42|27.42|27.29|27.34|336
2020.11.06 10:00:00|27.38|27.67|27.27|27.55|537
2020.11.06 11:00:00|27.55|27.56|27.08|27.11|374
2020.11.06 12:00:00|27.09|27.43|27.04|27.35|375
2020.11.06 13:00:00|27.36|27.45|27.18|27.23|203
2020.11.06 14:00:00|27.3|27.42|27.24|27.32|192
2020.11.06 15:00:00|27.31|27.59|27.3|27.56|240
2020.11.06 16:00:00|27.55|27.89|27.5|27.74|527
2020.11.06 17:00:00|27.75|27.81|27.51|27.58|401
2020.11.06 18:00:00|27.57|27.67|27.56|27.58|257
2020.11.09 10:00:00|28.08|28.08|27.68|27.74|472
2020.11.09 11:00:00|27.72|27.87|27.63|27.71|310
2020.11.09 12:00:00|27.72|27.99|27.72|27.99|213
2020.11.09 13:00:00|27.99|29.95|27.9|29.64|635
2020.11.09 14:00:00|29.59|30.67|29.36|30.26|2267
2020.11.09 15:00:00|30.26|31.31|30.22|31.11|1567
2020.11.09 16:00:00|31.11|31.79|31.11|31.35|1839
2020.11.09 17:00:00|31.36|31.58|31.22|31.34|1858
2020.11.09 18:00:00|31.33|31.61|31.28|31.61|825
2020.11.10 10:00:00|32|32.26|31.38|32.07|1732
2020.11.10 11:00:00|32.06|32.88|32.06|32.56|1190
2020.11.10 12:00:00|32.57|32.62|32.28|32.54|765
2020.11.10 13:00:00|32.56|32.75|32.17|32.57|799
2020.11.10 14:00:00|32.58|32.62|32.27|32.5|670
2020.11.10 15:00:00|32.51|32.67|32.4|32.63|688
2020.11.10 16:00:00|32.64|33.02|32.58|32.96|1659
2020.11.10 17:00:00|32.95|33.08|32.71|32.91|1756
2020.11.10 18:00:00|32.92|33|32.88|32.96|680
2020.11.11 10:00:00|33.39|33.53|32.2|32.67|1147
2020.11.11 11:00:00|32.71|32.97|32.54|32.8|606
2020.11.11 12:00:00|32.81|33.09|32.79|32.96|479
2020.11.11 13:00:00|32.95|33.01|32.67|32.74|401
2020.11.11 14:00:00|32.71|32.87|32.6|32.8|364
2020.11.11 15:00:00|32.8|32.88|32.56|32.64|467
2020.11.11 16:00:00|32.64|32.9|32.64|32.74|578
2020.11.11 17:00:00|32.73|32.78|32.35|32.47|884
2020.11.11 18:00:00|32.46|32.54|32.31|32.5|362
2020.11.12 10:00:00|31.87|32.24|31.73|31.92|722
2020.11.12 11:00:00|31.93|31.99|31.64|31.88|631
2020.11.12 12:00:00|31.89|31.99|31.8|31.95|351
2020.11.12 13:00:00|31.96|32.2|31.89|32.07|276
2020.11.12 14:00:00|32.06|32.07|31.8|31.8|355
2020.11.12 15:00:00|31.79|31.94|31.69|31.75|294
2020.11.12 16:00:00|31.76|32.09|31.58|32.04|745
2020.11.12 17:00:00|32.03|32.47|32.01|32.31|864
2020.11.12 18:00:00|32.3|32.3|32.08|32.23|458
2020.11.13 10:00:00|31.65|32.13|31.64|32.05|589
2020.11.13 11:00:00|32.06|32.41|32.03|32.37|354
2020.11.13 12:00:00|32.37|32.58|32.3|32.56|372
2020.11.13 13:00:00|32.55|32.57|32.29|32.37|237
2020.11.13 14:00:00|32.36|32.38|32.2|32.22|210
2020.11.13 15:00:00|32.22|32.39|32.18|32.39|283
2020.11.13 16:00:00|32.38|32.56|32.27|32.54|496
2020.11.13 17:00:00|32.53|32.61|32.36|32.49|563
2020.11.13 18:00:00|32.49|32.66|32.49|32.64|338
2020.11.16 10:00:00|33.18|33.3|32.88|32.96|629
2020.11.16 11:00:00|32.98|33.3|32.97|33.26|279
2020.11.16 12:00:00|33.27|33.28|33.08|33.17|279
2020.11.16 13:00:00|33.17|33.77|33.15|33.75|526
2020.11.16 14:00:00|33.73|34.34|33.72|33.91|933
2020.11.16 15:00:00|33.91|34.4|33.78|34.39|763
2020.11.16 16:00:00|34.4|34.57|33.96|34.19|1290
2020.11.16 17:00:00|34.18|34.37|33.99|34.3|898
2020.11.16 18:00:00|34.31|34.33|34.08|34.24|346
2020.11.17 10:00:00|33.94|34.23|33.56|33.63|753
2020.11.17 11:00:00|33.59|33.86|33.55|33.84|473
2020.11.17 12:00:00|33.83|33.94|33.78|33.9|349
2020.11.17 13:00:00|33.9|33.97|33.79|33.91|300
2020.11.17 14:00:00|33.9|33.91|33.74|33.81|229
2020.11.17 15:00:00|33.82|33.95|33.73|33.88|367
2020.11.17 16:00:00|33.89|34.05|33.77|33.8|528
2020.11.17 17:00:00|33.8|34.47|33.79|34.4|747
2020.11.17 18:00:00|34.39|34.69|34.38|34.64|339
2020.11.18 10:00:00|34.43|34.46|34.12|34.17|559
2020.11.18 11:00:00|34.15|34.27|34.04|34.22|435
2020.11.18 12:00:00|34.22|34.47|34.22|34.4|360
2020.11.18 13:00:00|34.39|34.82|34.36|34.71|402
2020.11.18 14:00:00|34.7|34.95|34.64|34.91|412
2020.11.18 15:00:00|34.92|34.93|34.77|34.91|369
2020.11.18 16:00:00|34.92|34.97|34.74|34.8|518
2020.11.18 17:00:00|34.79|34.94|34.62|34.71|540
2020.11.18 18:00:00|34.72|34.88|34.72|34.82|246
2020.11.19 10:00:00|34.08|34.23|33.84|33.84|646
2020.11.19 11:00:00|33.83|33.9|33.7|33.74|524
2020.11.19 12:00:00|33.74|33.96|33.68|33.91|421
2020.11.19 13:00:00|33.92|33.99|33.83|33.91|219
2020.11.19 14:00:00|33.93|34.09|33.93|34.06|225
2020.11.19 15:00:00|34.05|34.08|33.92|34|250
2020.11.19 16:00:00|34|34.2|33.82|34.12|438
2020.11.19 17:00:00|34.13|34.2|33.97|34.08|559
2020.11.19 18:00:00|34.05|34.08|33.93|33.94|197
2020.11.20 10:00:00|34.24|34.48|34.19|34.43|566
2020.11.20 11:00:00|34.42|34.46|34.3|34.38|378
2020.11.20 12:00:00|34.38|34.71|34.36|34.67|565
2020.11.20 13:00:00|34.67|34.7|34.5|34.52|274
2020.11.20 14:00:00|34.51|34.51|34.26|34.29|280
2020.11.20 15:00:00|34.3|34.48|34.3|34.44|311
2020.11.20 16:00:00|34.43|34.54|34.26|34.34|679
2020.11.20 17:00:00|34.33|34.39|34.18|34.37|574
2020.11.20 18:00:00|34.36|34.44|34.35|34.4|222
2020.11.23 10:00:00|35.09|35.54|35.08|35.43|865
2020.11.23 11:00:00|35.44|35.55|35.39|35.54|488
2020.11.23 12:00:00|35.55|35.68|35.49|35.65|352
2020.11.23 13:00:00|35.66|35.76|35.49|35.6|418
2020.11.23 14:00:00|35.6|35.73|35.46|35.65|274
2020.11.23 15:00:00|35.65|35.67|35.4|35.59|480
2020.11.23 16:00:00|35.6|35.77|35.57|35.68|587
2020.11.23 17:00:00|35.69|36.11|35.69|36.09|617
2020.11.23 18:00:00|36.08|36.2|36.03|36.19|342
