2020.02.05 18:30:00|141.86|141.86|141.55|141.72|275
2020.02.05 19:30:00|141.72|141.75|141.52|141.59|122
2020.02.05 20:30:00|141.56|141.76|141.56|141.68|343
2020.02.05 21:30:00|141.68|141.99|141.67|141.76|282
2020.02.05 22:30:00|141.79|141.89|141.56|141.57|357
2020.02.06 16:30:00|143.06|144.24|143.06|143.83|598
2020.02.06 17:30:00|143.85|144.1|143.79|144.07|494
2020.02.06 18:30:00|144.08|144.08|143.64|143.91|254
2020.02.06 19:30:00|143.9|143.9|143.63|143.69|111
2020.02.06 20:30:00|143.64|143.87|143.49|143.67|137
2020.02.06 21:30:00|143.68|143.72|143.48|143.53|194
2020.02.06 22:30:00|143.54|143.89|143.52|143.89|209
2020.02.07 16:30:00|142.71|143.05|142.42|142.44|525
2020.02.07 17:30:00|142.45|142.54|142.27|142.44|186
2020.02.07 18:30:00|142.44|142.55|142.3|142.35|347
2020.02.07 19:30:00|142.36|142.45|142.2|142.36|123
2020.02.07 20:30:00|142.38|142.41|142.05|142.3|299
2020.02.07 21:30:00|142.31|142.44|142.17|142.24|398
2020.02.07 22:30:00|142.27|142.46|142.23|142.27|261
2020.02.10 16:30:00|140.68|141.09|140.59|140.83|556
2020.02.10 17:30:00|140.83|140.98|140.72|140.79|146
2020.02.10 18:30:00|140.79|140.82|140.64|140.77|96
2020.02.10 19:30:00|140.81|140.85|140.65|140.65|67
2020.02.10 20:30:00|140.65|140.79|140.61|140.77|91
2020.02.10 21:30:00|140.76|141.22|140.7|141.19|156
2020.02.10 22:30:00|141.19|141.19|140.98|141.12|150
2020.02.11 16:30:00|141.37|141.94|141.37|141.85|283
2020.02.11 17:30:00|141.83|142.12|141.75|142.09|298
2020.02.11 18:30:00|141.96|142.21|141.86|142.05|172
2020.02.11 19:30:00|142.05|142.2|142.05|142.15|76
2020.02.11 20:30:00|142.16|142.19|141.87|142.08|233
2020.02.11 21:30:00|142.05|142.14|141.82|141.95|399
2020.02.11 22:30:00|141.95|142.04|141.86|141.97|274
2020.02.12 16:30:00|141.93|142.25|141.81|142.23|411
2020.02.12 17:30:00|142.24|142.54|142.18|142.45|202
2020.02.12 18:30:00|142.46|142.51|142.28|142.42|152
2020.02.12 19:30:00|142.42|142.44|142.22|142.3|120
2020.02.12 20:30:00|142.3|142.43|142.28|142.33|164
2020.02.12 21:30:00|142.32|142.33|142.16|142.28|112
2020.02.12 22:30:00|142.28|142.38|142.23|142.26|146
2020.02.13 16:30:00|140.9|141.03|140.51|140.85|483
2020.02.13 17:30:00|140.85|141.18|140.69|141.18|497
2020.02.13 18:30:00|141.21|141.26|141.05|141.18|444
2020.02.13 19:30:00|141.19|141.26|140.99|141.14|569
2020.02.13 20:30:00|141.15|141.31|141.12|141.19|610
2020.02.13 21:30:00|141.2|141.33|141.02|141.12|407
2020.02.13 22:30:00|141.12|141.12|140.8|140.88|267
2020.02.14 16:30:00|140.27|140.46|139.91|140.05|286
2020.02.14 17:30:00|140.06|140.4|139.99|140.34|165
2020.02.14 18:30:00|140.34|140.34|140.03|140.04|112
2020.02.14 19:30:00|140.07|140.12|139.74|139.78|183
2020.02.14 20:30:00|139.78|139.79|139.63|139.75|142
2020.02.14 21:30:00|139.75|139.92|139.7|139.9|169
2020.02.14 22:30:00|139.9|140.06|139.9|139.99|112
2020.02.18 16:30:00|138.78|139.48|138.51|139.13|385
2020.02.18 17:30:00|139.13|139.22|138.7|138.8|428
2020.02.18 18:30:00|138.85|139.1|138.78|139.01|179
2020.02.18 19:30:00|139.02|139.2|138.93|139.07|176
2020.02.18 20:30:00|139.07|139.12|138.89|139.12|249
2020.02.18 21:30:00|139.1|139.39|138.98|139.28|428
2020.02.18 22:30:00|139.24|139.27|139.17|139.25|123
2020.02.19 16:30:00|137.99|138.51|137.39|138.44|528
2020.02.19 17:30:00|138.44|138.44|137.96|138.18|219
2020.02.19 18:30:00|138.19|138.19|137.89|138.04|181
2020.02.19 19:30:00|138.05|138.19|138|138.08|75
2020.02.19 20:30:00|138.08|138.13|137.72|137.83|147
2020.02.19 21:30:00|137.84|137.97|137.59|137.76|194
2020.02.19 22:30:00|137.77|138|137.77|137.82|197
2020.02.20 16:30:00|138.6|139.24|138.53|139.19|252
2020.02.20 17:30:00|139.19|139.19|138.34|138.4|408
2020.02.20 18:30:00|138.43|138.57|137.9|138.45|822
2020.02.20 19:30:00|138.44|138.86|138.43|138.74|363
2020.02.20 20:30:00|138.74|139.03|138.54|138.97|273
2020.02.20 21:30:00|138.98|139.15|138.89|139.04|403
2020.02.20 22:30:00|139.05|139.16|138.94|139.06|246
2020.02.21 16:30:00|139.32|139.46|138.72|138.77|543
2020.02.21 17:30:00|138.77|139.15|138.68|139.15|403
2020.02.21 18:30:00|139.17|139.3|139.07|139.16|211
2020.02.21 19:30:00|139.17|139.23|138.9|139.05|282
2020.02.21 20:30:00|139.05|139.06|138.69|138.91|310
2020.02.21 21:30:00|138.92|138.98|138.57|138.7|296
2020.02.21 22:30:00|138.7|138.83|138.59|138.78|142
2020.02.24 16:30:00|135|135.13|134.36|134.65|843
2020.02.24 17:30:00|134.65|134.87|134.33|134.52|798
2020.02.24 18:30:00|134.47|134.6|133.92|134.1|675
2020.02.24 19:30:00|134.05|134.3|133.89|134.1|620
2020.02.24 20:30:00|134.09|134.51|134|134.48|502
2020.02.24 21:30:00|134.52|134.86|134.42|134.43|675
2020.02.24 22:30:00|134.43|134.63|134.29|134.38|382
2020.02.25 16:30:00|135.99|136.05|135.17|135.18|909
2020.02.25 17:30:00|135.18|135.44|134.7|134.89|1971
2020.02.25 18:30:00|134.85|135.06|134.53|134.55|791
2020.02.25 19:30:00|134.56|134.74|134.22|134.3|1029
2020.02.25 20:30:00|134.28|134.28|133.26|133.28|1123
2020.02.25 21:30:00|133.29|134.11|133.17|133.68|1344
2020.02.25 22:30:00|133.66|134.06|133.38|133.81|575
2020.02.26 16:30:00|135.06|135.99|135.06|135.57|940
2020.02.26 17:30:00|135.57|136.09|135.52|136.09|845
2020.02.26 18:30:00|136.09|136.16|135.09|135.6|820
2020.02.26 19:30:00|135.6|135.83|135.09|135.37|705
2020.02.26 20:30:00|135.37|135.38|134.33|134.94|1974
2020.02.26 21:30:00|134.9|135.56|134.61|135.02|1841
2020.02.26 22:30:00|135.03|135.18|134.78|134.97|864
2020.02.27 16:30:00|132.64|132.85|131.97|132.05|1070
2020.02.27 17:30:00|132.05|132.88|131.76|132.26|1488
2020.02.27 18:30:00|132.25|133.16|131.92|133.05|1803
2020.02.27 19:30:00|133.03|133.57|132.75|132.75|1624
2020.02.27 20:30:00|132.75|132.83|131.95|132.36|2369
2020.02.27 21:30:00|132.36|132.36|131.79|131.91|1682
2020.02.27 22:30:00|131.91|131.95|131.06|131.15|939
2020.02.28 16:30:00|128.64|129.15|127.89|127.93|1550
2020.02.28 17:30:00|127.93|128.83|127.81|128.54|2220
2020.02.28 18:30:00|128.58|130.56|128.54|129.23|1364
2020.02.28 19:30:00|129.23|129.75|128.72|129.38|1615
2020.02.28 20:30:00|129.38|129.38|128.19|128.63|1353
2020.02.28 21:30:00|128.64|129.56|128.64|129.06|3145
2020.02.28 22:30:00|129.07|130.46|128.82|130.46|1510
2020.03.02 16:30:00|130.65|130.77|129.9|130.3|1277
2020.03.02 17:30:00|130.3|131.58|129.99|131.33|1765
2020.03.02 18:30:00|131.35|132.06|131|131.58|1513
2020.03.02 19:30:00|131.58|131.96|131.27|131.46|1202
2020.03.02 20:30:00|131.48|131.97|131.37|131.66|1276
2020.03.02 21:30:00|131.67|132.03|130.89|132|1670
2020.03.02 22:30:00|131.99|132.86|131.94|132.66|877
2020.03.03 16:30:00|131.74|133.77|131.59|132.56|1025
2020.03.03 17:30:00|132.42|132.94|130.94|131.02|1584
2020.03.03 18:30:00|131.03|132.27|130.94|131.68|966
2020.03.03 19:30:00|131.69|131.8|130.45|130.72|1035
2020.03.03 20:30:00|130.72|130.98|129.89|130.47|1236
2020.03.03 21:30:00|130.47|131.32|130.04|131.32|1664
2020.03.03 22:30:00|131.33|131.33|130.22|130.45|1231
2020.03.04 16:30:00|129.12|130.4|128.35|130.14|1356
2020.03.04 17:30:00|130.15|130.18|129.66|130.18|1796
2020.03.04 18:30:00|130.19|130.25|129.75|130.24|1565
2020.03.04 19:30:00|130.24|130.97|130.14|130.89|798
2020.03.04 20:30:00|130.9|131.11|130.68|131.05|1020
2020.03.04 21:30:00|131.06|131.59|130.83|131.55|1216
2020.03.04 22:30:00|131.56|131.81|131.24|131.76|658
2020.03.05 16:30:00|128.86|129.54|128.45|129.14|870
2020.03.05 17:30:00|129.15|129.68|128.9|129.55|1156
2020.03.05 18:30:00|129.56|129.59|128.93|129.07|679
2020.03.05 19:30:00|129.06|129.17|128.58|128.95|570
2020.03.05 20:30:00|128.95|129.24|128.76|128.89|602
2020.03.05 21:30:00|128.89|129.05|128.67|128.92|1179
2020.03.05 22:30:00|128.92|129.19|128.79|129.06|941
2020.03.06 16:30:00|127.08|127.16|126.35|127.16|1138
2020.03.06 17:30:00|127.17|127.74|126.76|126.93|1801
2020.03.06 18:30:00|126.93|127.16|126.5|126.56|1697
2020.03.06 19:30:00|126.58|127.11|126.58|126.91|1039
2020.03.06 20:30:00|126.91|127.13|126.41|126.41|1482
2020.03.06 21:30:00|126.39|126.49|126.09|126.29|1228
2020.03.06 22:30:00|126.29|127.09|126.24|126.97|1522
2020.03.09 15:30:00|122.52|125.23|122.49|124.56|1029
2020.03.09 16:30:00|124.56|124.74|122.99|124.27|1522
2020.03.09 17:30:00|124.22|125.12|123.68|123.98|1140
2020.03.09 18:30:00|123.98|124.17|123.23|123.55|1622
2020.03.09 19:30:00|123.55|123.56|122.01|122.39|1722
2020.03.09 20:30:00|122.39|123.46|122.14|123.11|2011
2020.03.09 21:30:00|123.09|123.51|122.59|122.64|1229
2020.03.10 15:30:00|125.62|125.92|124.93|125.11|1130
2020.03.10 16:30:00|125.11|125.13|123.23|123.32|1124
2020.03.10 17:30:00|123.33|124.64|123.02|123.98|1945
2020.03.10 18:30:00|124|124.59|123.68|124.17|1038
2020.03.10 19:30:00|124.18|124.33|123.46|124.16|1646
2020.03.10 20:30:00|124.17|126.57|124.17|126.1|1641
2020.03.10 21:30:00|126.11|126.84|125.74|126.77|1325
2020.03.11 15:30:00|124.68|125.92|124.68|125.26|1276
2020.03.11 16:30:00|125.26|125.3|124.06|124.17|1301
2020.03.11 17:30:00|124.18|124.97|124.06|124.2|1102
2020.03.11 18:30:00|124.2|124.36|123.31|123.84|1344
2020.03.11 19:30:00|123.84|124|122.74|122.79|1485
2020.03.11 20:30:00|122.79|123.29|122.42|122.86|1897
2020.03.11 21:30:00|122.86|123.51|122.66|122.77|1597
2020.03.12 15:30:00|116.5|116.86|113.1|114.92|773
2020.03.12 16:30:00|114.93|115.42|112.98|113.64|1409
2020.03.12 17:30:00|113.66|113.84|111.23|112.24|1686
2020.03.12 18:30:00|112.24|115.24|111.39|113.34|2282
2020.03.12 19:30:00|113.35|113.58|111.53|112.26|2318
2020.03.12 20:30:00|112.26|113.04|111.7|112.4|1583
2020.03.12 21:30:00|112.4|113.51|111.9|112.07|1161
2020.03.13 15:30:00|117.14|117.16|114.34|115.62|1897
2020.03.13 16:30:00|115.63|115.64|112.51|112.61|2011
2020.03.13 17:30:00|112.5|112.76|111.39|112.23|1651
2020.03.13 18:30:00|112.24|113.69|112.24|113.36|1752
2020.03.13 19:30:00|113.36|114.35|112.87|113.11|1440
2020.03.13 20:30:00|113.11|114.39|112.65|114.32|1439
2020.03.13 21:30:00|114.32|116.06|113.18|116.03|1350
2020.03.16 15:30:00|110|111.38|109.46|110.02|867
2020.03.16 16:30:00|110.01|112.39|109.92|111.84|2627
2020.03.16 17:30:00|111.89|112.2|110.4|110.74|1707
2020.03.16 18:30:00|110.75|111.2|109.69|110.14|1505
2020.03.16 19:30:00|110.13|110.13|108.43|109.28|1422
2020.03.16 20:30:00|109.28|110.5|108.98|109.17|1868
2020.03.16 21:30:00|109.16|109.17|107.89|108.27|1279
2020.03.17 15:30:00|115.41|116.13|113.56|115.89|1214
2020.03.17 16:30:00|115.7|117.95|115.13|117.42|1505
2020.03.17 17:30:00|117.44|119.6|116.89|117.74|1690
2020.03.17 18:30:00|117.76|118.12|115.9|116.28|765
2020.03.17 19:30:00|116.28|118.08|116.15|117.87|880
2020.03.17 20:30:00|117.87|118.66|117.01|117.62|1172
2020.03.17 21:30:00|117.62|118.92|117.42|118.52|999
2020.03.18 15:30:00|115|119.06|115|117.86|1105
2020.03.18 16:30:00|117.89|118.21|115.44|115.99|910
2020.03.18 17:30:00|115.99|116.61|115.08|115.23|773
2020.03.18 18:30:00|115.23|115.5|113.38|113.54|431
2020.03.18 19:30:00|113.54|113.78|111.92|112.5|650
2020.03.18 20:30:00|112.51|114.8|112.5|113.95|729
2020.03.18 21:30:00|113.95|116.42|113.57|115.82|660
2020.03.19 15:30:00|118.51|119.01|116.85|118.14|924
2020.03.19 16:30:00|118.06|119.1|116.89|118.44|1122
2020.03.19 17:30:00|118.44|118.75|116.89|117.49|1034
2020.03.19 18:30:00|117.74|118.12|116.99|117.57|1093
2020.03.19 19:30:00|117.56|119.43|117.4|118.91|945
2020.03.19 20:30:00|118.91|120.23|117.74|118.65|1059
2020.03.19 21:30:00|118.65|119.22|117.95|118.21|789
2020.03.20 15:30:00|119.61|120.93|119|120.64|921
2020.03.20 16:30:00|120.64|121.65|119.9|120.43|1195
2020.03.20 17:30:00|120.43|120.76|118.43|118.83|1177
2020.03.20 18:30:00|118.85|120.63|118.73|119.92|1027
2020.03.20 19:30:00|119.93|120.36|118.42|118.75|1405
2020.03.20 20:30:00|118.77|118.79|117.29|117.88|1194
2020.03.20 21:30:00|117.96|118.62|116.54|116.76|838
2020.03.23 15:30:00|113.37|114.03|111.89|112.4|1527
2020.03.23 16:30:00|112.4|112.4|109.03|109.23|1886
2020.03.23 17:30:00|109.24|109.76|108.39|109.33|1174
2020.03.23 18:30:00|109.33|111.81|109.02|110.82|1280
2020.03.23 19:30:00|110.81|111|108.99|110.47|1268
2020.03.23 20:30:00|110.48|111.18|109.48|110.12|1436
2020.03.23 21:30:00|110.12|111.38|109.92|111.01|1020
2020.03.24 15:30:00|113.92|114.56|112.41|113.91|830
2020.03.24 16:30:00|113.93|115.16|113.51|114.97|1344
2020.03.24 17:30:00|114.99|116.35|114.56|116.35|740
2020.03.24 18:30:00|116.35|116.76|115.16|115.73|776
2020.03.24 19:30:00|115.78|116.08|114.86|115.55|943
2020.03.24 20:30:00|115.55|116.35|115.19|115.88|1095
2020.03.24 21:30:00|115.88|116.62|115.77|116.29|837
2020.03.25 15:30:00|120.21|121.26|118.2|119.27|1305
2020.03.25 16:30:00|119.29|120.09|118.93|119.57|1143
2020.03.25 17:30:00|119.57|121.07|119.18|120.88|971
2020.03.25 18:30:00|120.88|122.69|120.65|122.45|783
2020.03.25 19:30:00|122.28|122.81|121.49|122.1|1378
2020.03.25 20:30:00|122.09|122.79|121.61|121.9|1071
2020.03.25 21:30:00|121.92|122.7|120.66|120.92|922
2020.03.26 15:30:00|122.61|124.78|122.42|124.33|1182
2020.03.26 16:30:00|124.34|124.94|123.79|124.79|917
2020.03.26 17:30:00|124.91|124.92|123.71|124.61|869
2020.03.26 18:30:00|124.64|126.19|124.64|125.21|729
2020.03.26 19:30:00|125.21|125.65|124.77|125.6|699
2020.03.26 20:30:00|125.63|126.07|125|125.75|809
2020.03.26 21:30:00|125.76|126.36|124.99|126.18|1013
2020.03.27 15:30:00|125.23|127.52|125.23|126.96|532
2020.03.27 16:30:00|126.96|127.16|125.1|126.61|406
2020.03.27 17:30:00|126.63|127.16|126.04|126.63|443
2020.03.27 18:30:00|126.64|127.51|126.64|127.26|453
2020.03.27 19:30:00|126.94|128.24|126.94|128.13|637
2020.03.27 20:30:00|128.13|129.03|127.3|128.65|616
2020.03.27 21:30:00|128.67|128.69|126.81|127.12|578
2020.03.30 16:30:00|124.43|124.74|123.35|123.77|467
2020.03.30 17:30:00|123.77|124.39|122.67|124.24|397
2020.03.30 18:30:00|124.24|124.72|123.76|124.68|399
2020.03.30 19:30:00|124.68|124.68|123.97|124.13|269
2020.03.30 20:30:00|124.13|124.13|123.4|123.8|286
2020.03.30 21:30:00|123.8|124.71|123.79|124.27|449
2020.03.30 22:30:00|124.29|125.09|124.07|124.9|538
2020.03.31 16:30:00|119.8|121.01|119.64|120.75|732
2020.03.31 17:30:00|120.77|121.77|120.3|121.71|675
2020.03.31 18:30:00|121.76|122.03|120.06|120.32|525
2020.03.31 19:30:00|120.32|120.81|119.39|119.63|565
2020.03.31 20:30:00|119.65|120.56|119.61|120.37|363
2020.03.31 21:30:00|120.37|120.68|119.1|119.57|445
2020.03.31 22:30:00|119.66|119.9|119.31|119.85|601
2020.04.01 16:30:00|117.68|118.37|116.96|118.36|447
2020.04.01 17:30:00|118.36|118.92|118.15|118.16|613
2020.04.01 18:30:00|118.15|118.28|117.39|117.4|270
2020.04.01 19:30:00|117.46|118.08|116.91|117.41|357
2020.04.01 20:30:00|117.31|118.17|117.31|117.44|398
2020.04.01 21:30:00|117.41|117.51|116.72|116.8|421
2020.04.01 22:30:00|116.8|117.07|116.23|116.59|626
2020.04.02 16:30:00|116.47|116.77|115.55|115.68|918
2020.04.02 17:30:00|115.69|117.46|115.69|116.77|1392
2020.04.02 18:30:00|116.79|117.73|116.59|117.37|635
2020.04.02 19:30:00|117.37|117.87|116.68|116.82|766
2020.04.02 20:30:00|116.83|117.02|116.16|116.86|513
2020.04.02 21:30:00|116.8|117.23|116.41|116.98|724
2020.04.02 22:30:00|116.98|117.7|116.44|117.6|710
2020.04.03 16:30:00|113.99|115.45|113.99|115.32|543
2020.04.03 17:30:00|115.32|115.38|114.91|115.12|220
2020.04.03 18:30:00|115.16|115.27|113.89|114.32|334
2020.04.03 19:30:00|114.1|114.69|113.91|114.33|303
2020.04.03 20:30:00|114.33|115.05|114.12|115.05|307
2020.04.03 21:30:00|115.06|115.31|114.54|114.66|571
2020.04.03 22:30:00|114.7|115.27|114.43|114.83|525
2020.04.06 16:30:00|120.04|121.02|118.91|120.28|859
2020.04.06 17:30:00|120.23|121.47|119.91|121.33|768
2020.04.06 18:30:00|121.33|121.38|120.89|121.38|297
2020.04.06 19:30:00|121.31|121.45|120.94|121.09|297
2020.04.06 20:30:00|121.09|121.76|120.92|121.24|466
2020.04.06 21:30:00|121.24|121.56|121.14|121.37|545
2020.04.06 22:30:00|121.34|122.6|121.27|122.28|582
2020.04.07 16:30:00|125.02|125.29|122.91|122.91|594
2020.04.07 17:30:00|123.07|123.61|122.49|123.43|449
2020.04.07 18:30:00|123.43|124.21|123.43|124.04|279
2020.04.07 19:30:00|124.04|124.06|123.18|123.27|281
2020.04.07 20:30:00|123.27|123.45|122.71|122.97|370
2020.04.07 21:30:00|122.95|122.95|121.99|122.08|572
2020.04.07 22:30:00|122.1|122.7|121.78|121.87|658
2020.04.08 16:30:00|122.8|122.98|121.42|121.87|623
2020.04.08 17:30:00|121.85|122.81|121.56|122.8|893
2020.04.08 18:30:00|122.82|123.28|122.28|122.58|542
2020.04.08 19:30:00|122.7|123.14|122.5|122.67|603
2020.04.08 20:30:00|122.67|123.28|122.51|123.1|719
2020.04.08 21:30:00|123.09|123.66|123.02|123.28|545
2020.04.08 22:30:00|123.28|123.54|122.64|123.25|779
2020.04.09 16:30:00|123.4|124.5|123|124.04|719
2020.04.09 17:30:00|124.05|124.18|123.39|124.03|844
2020.04.09 18:30:00|124.05|124.69|123.86|124.26|787
2020.04.09 19:30:00|124.26|124.5|124.14|124.31|562
2020.04.09 20:30:00|124.31|124.44|123.5|123.72|700
2020.04.09 21:30:00|123.72|123.94|122.89|123.64|897
2020.04.09 22:30:00|123.66|123.88|123.2|123.3|491
2020.04.13 16:30:00|121.48|121.48|120.46|120.64|310
2020.04.13 17:30:00|120.65|120.71|120.05|120.71|222
2020.04.13 18:30:00|120.71|121.19|120.42|120.75|308
2020.04.13 19:30:00|120.75|120.94|120.6|120.76|219
2020.04.13 20:30:00|120.8|121.04|120.67|120.87|274
2020.04.13 21:30:00|120.82|121.29|120.75|121.07|304
2020.04.13 22:30:00|121.01|121.43|120.92|121.09|491
2020.04.14 16:30:00|124.03|125.1|124.03|124.67|718
2020.04.14 17:30:00|124.67|124.68|123.57|124.06|837
2020.04.14 18:30:00|124.06|124.47|123.81|124.41|597
2020.04.14 19:30:00|124.41|124.46|123.89|124.25|449
2020.04.14 20:30:00|124.27|124.45|124.16|124.23|333
2020.04.14 21:30:00|124.23|124.23|123.77|124.23|492
2020.04.14 22:30:00|124.25|124.64|124.22|124.51|454
2020.04.15 16:30:00|123.7|123.86|122.58|122.7|685
2020.04.15 17:30:00|122.7|123.01|122.36|122.75|806
2020.04.15 18:30:00|122.75|122.89|122.5|122.87|450
2020.04.15 19:30:00|122.8|123.31|122.73|122.99|310
2020.04.15 20:30:00|122.99|123.38|122.84|123.28|295
2020.04.15 21:30:00|123.28|123.41|122.6|122.65|390
2020.04.15 22:30:00|122.65|123.01|122.52|122.78|336
2020.04.16 16:30:00|121.9|121.9|120.4|121.23|572
2020.04.16 17:30:00|121.2|121.5|120.94|121.44|482
2020.04.16 18:30:00|121.44|121.79|121.32|121.33|377
2020.04.16 19:30:00|121.32|121.5|120.62|121.47|367
2020.04.16 20:30:00|121.48|121.57|121.11|121.38|216
2020.04.16 21:30:00|121.38|121.57|120.96|121.24|241
2020.04.16 22:30:00|121.3|121.82|121.3|121.67|279
2020.04.17 16:30:00|124.38|124.52|123.31|123.44|381
2020.04.17 17:30:00|123.44|123.76|123.44|123.46|586
2020.04.17 18:30:00|123.46|124.05|123.44|123.9|588
2020.04.17 19:30:00|123.91|124.23|123.81|124.01|515
2020.04.17 20:30:00|123.9|124.12|123.32|123.6|966
2020.04.17 21:30:00|123.48|123.9|123.26|123.83|565
2020.04.17 22:30:00|123.84|124.54|123.84|124.41|424
2020.04.20 16:30:00|122.41|122.74|122.12|122.39|694
2020.04.20 17:30:00|122.4|122.95|122.34|122.8|589
2020.04.20 18:30:00|122.79|123.05|122.54|122.57|450
2020.04.20 19:30:00|122.57|122.96|122.39|122.45|295
2020.04.20 20:30:00|122.41|122.55|121.79|121.83|549
2020.04.20 21:30:00|121.83|122.14|121.53|121.79|743
2020.04.20 22:30:00|121.83|122.03|121.53|121.53|506
2020.04.21 16:30:00|121.3|121.72|120.93|121.7|859
2020.04.21 17:30:00|121.7|121.83|120.89|120.89|711
2020.04.21 18:30:00|120.89|121.1|120.49|121|758
2020.04.21 19:30:00|121.02|121.14|120.86|120.98|445
2020.04.21 20:30:00|120.98|121.07|120.45|120.75|719
2020.04.21 21:30:00|120.75|120.91|120.29|120.9|915
2020.04.21 22:30:00|120.9|121.09|120.24|120.47|648
2020.04.22 16:30:00|121.44|121.44|120.84|121.27|638
2020.04.22 17:30:00|121.27|121.46|120.99|121.28|443
2020.04.22 18:30:00|121.25|121.46|121.15|121.3|432
2020.04.22 19:30:00|121.31|121.39|121.07|121.35|227
2020.04.22 20:30:00|121.39|121.43|121.1|121.16|404
2020.04.22 21:30:00|121.17|121.45|121.17|121.36|385
2020.04.22 22:30:00|121.36|121.73|121.22|121.22|428
2020.04.23 16:30:00|121.95|122.72|121.82|122.66|608
2020.04.23 17:30:00|122.67|123.12|122.61|122.77|505
2020.04.23 18:30:00|122.78|122.78|122.27|122.66|497
2020.04.23 19:30:00|122.68|122.68|121.68|121.9|1388
2020.04.23 20:30:00|121.9|122.12|121.6|122.01|746
2020.04.23 21:30:00|122.04|122.16|121.61|121.76|515
2020.04.23 22:30:00|121.78|121.98|121.5|121.56|626
2020.04.24 16:30:00|122.02|122.39|121.76|121.87|538
2020.04.24 17:30:00|121.88|122.1|121.53|121.59|407
2020.04.24 18:30:00|121.6|121.92|121.57|121.91|621
2020.04.24 19:30:00|121.9|122.09|121.75|121.89|391
2020.04.24 20:30:00|121.89|122.22|121.82|122|492
2020.04.24 21:30:00|122.01|122.44|122|122.35|455
2020.04.24 22:30:00|122.35|122.65|122.29|122.39|414
2020.04.27 16:30:00|123.59|123.62|123.12|123.49|448
2020.04.27 17:30:00|123.47|123.68|123.3|123.68|403
2020.04.27 18:30:00|123.68|123.91|123.48|123.62|451
2020.04.27 19:30:00|123.5|123.71|123.35|123.5|572
2020.04.27 20:30:00|123.47|123.69|123.31|123.59|254
2020.04.27 21:30:00|123.59|124.08|123.56|123.97|299
2020.04.27 22:30:00|123.98|124.29|123.89|124.09|296
2020.04.28 16:30:00|126.04|126.72|125.99|126.23|736
2020.04.28 17:30:00|126.23|126.23|125.3|126.05|658
2020.04.28 18:30:00|126.04|126.35|125.55|125.8|521
2020.04.28 19:30:00|125.72|126.02|125.6|125.88|297
2020.04.28 20:30:00|125.84|126|125.68|125.9|355
2020.04.28 21:30:00|125.9|126|125.58|125.76|498
2020.04.28 22:30:00|125.76|125.89|125.3|125.38|371
2020.04.29 16:30:00|127.23|127.94|127.2|127.91|529
2020.04.29 17:30:00|127.91|128.4|127.8|128.4|392
2020.04.29 18:30:00|128.33|128.51|128|128.43|374
2020.04.29 19:30:00|128.43|128.63|128.03|128.07|449
2020.04.29 20:30:00|128.07|128.15|127.49|127.77|631
2020.04.29 21:30:00|127.78|128.27|127.68|128.08|733
2020.04.29 22:30:00|128.08|128.25|127.59|127.75|512
2020.04.30 16:30:00|123.96|124.78|123.9|124.58|888
2020.04.30 17:30:00|124.52|124.93|124.09|124.11|736
2020.04.30 18:30:00|124.11|124.34|123.04|123.11|549
2020.04.30 19:30:00|123.11|123.58|122.7|123.23|626
2020.04.30 20:30:00|123.22|123.75|123|123.68|520
2020.04.30 21:30:00|123.69|123.86|123.41|123.61|657
2020.04.30 22:30:00|123.62|123.68|123.39|123.49|525
2020.05.01 16:30:00|121.48|121.81|121.1|121.73|926
2020.05.01 17:30:00|121.73|122.06|121.52|121.73|669
2020.05.01 18:30:00|121.7|121.72|120.9|121.23|769
2020.05.01 19:30:00|121.23|121.6|120.94|121.33|484
2020.05.01 20:30:00|121.33|121.67|121.22|121.66|329
2020.05.01 21:30:00|121.66|121.66|121.28|121.57|402
2020.05.01 22:30:00|121.58|121.58|120.89|121|514
2020.05.04 16:30:00|119.89|120.82|119.56|120.44|682
2020.05.04 17:30:00|120.35|120.67|119.87|120.07|769
2020.05.04 18:30:00|120.15|120.44|119.9|120.35|967
2020.05.04 19:30:00|120.36|120.41|119.86|120.01|533
2020.05.04 20:30:00|120.02|120.53|120.01|120.44|468
2020.05.04 21:30:00|120.45|120.73|120.11|120.7|623
2020.05.04 22:30:00|120.69|120.79|120.42|120.56|728
2020.05.05 16:30:00|122.04|122.51|122.01|122.14|436
2020.05.05 17:30:00|122.17|122.7|121.9|122.56|381
2020.05.05 18:30:00|122.58|122.72|122.39|122.45|309
2020.05.05 19:30:00|122.45|122.47|122.07|122.25|205
2020.05.05 20:30:00|122.27|122.44|122.16|122.44|180
2020.05.05 21:30:00|122.44|122.5|121.86|121.86|320
2020.05.05 22:30:00|121.86|122.16|121.57|121.86|504
2020.05.06 16:30:00|122.56|122.92|121.69|122.04|567
2020.05.06 17:30:00|122.06|122.5|121.77|122.01|476
2020.05.06 18:30:00|122.01|122.07|121.39|121.76|356
2020.05.06 19:30:00|121.76|122.06|121.68|122.03|249
2020.05.06 20:30:00|122.05|122.19|121.76|121.91|269
2020.05.06 21:30:00|121.88|122.09|121.79|121.95|341
2020.05.06 22:30:00|121.95|121.95|121.31|121.4|430
2020.05.07 16:30:00|121.08|121.52|120.89|121.14|585
2020.05.07 17:30:00|121.14|121.59|121.09|121.58|453
2020.05.07 18:30:00|121.58|122.06|121.4|121.81|263
2020.05.07 19:30:00|121.81|121.96|121.58|121.89|382
2020.05.07 20:30:00|121.89|121.9|121.38|121.44|320
2020.05.07 21:30:00|121.44|121.53|121.22|121.43|475
2020.05.07 22:30:00|121.47|121.52|121.26|121.34|367
2020.05.08 16:30:00|121.9|122.84|121.85|122.62|687
2020.05.08 17:30:00|122.62|123.27|122.51|123.24|711
2020.05.08 18:30:00|123.23|123.36|122.91|123.05|339
2020.05.08 19:30:00|123.06|123.17|122.95|122.95|110
2020.05.08 20:30:00|122.98|123.19|122.71|123.03|196
2020.05.08 21:30:00|123.04|123.11|122.69|122.87|227
2020.05.08 22:30:00|122.84|123.08|122.76|122.99|161
2020.05.11 16:30:00|123.26|123.37|122.7|122.96|481
2020.05.11 17:30:00|122.89|123.23|122.84|123.23|348
2020.05.11 18:30:00|123.25|123.56|123.25|123.56|214
2020.05.11 19:30:00|123.58|123.69|123.48|123.67|55
2020.05.11 20:30:00|123.68|123.73|123.31|123.42|112
2020.05.11 21:30:00|123.43|123.7|123.42|123.61|174
2020.05.11 22:30:00|123.61|123.74|123.52|123.52|192
2020.05.12 16:30:00|121.86|121.86|120.9|121.27|557
2020.05.12 17:30:00|121.27|121.37|120.66|120.9|449
2020.05.12 18:30:00|120.9|120.97|120.6|120.7|282
2020.05.12 19:30:00|120.71|120.81|120.44|120.45|220
2020.05.12 20:30:00|120.46|120.5|120.34|120.41|250
2020.05.12 21:30:00|120.41|120.69|120.39|120.44|255
2020.05.12 22:30:00|120.45|120.5|119.92|120|377
2020.05.13 16:30:00|119.36|119.58|118.39|118.69|598
2020.05.13 17:30:00|118.7|118.97|117.66|117.86|586
2020.05.13 18:30:00|117.86|117.97|116.89|117.19|605
2020.05.13 19:30:00|117.19|118.01|116.96|117.71|511
2020.05.13 20:30:00|117.65|117.77|117.29|117.45|472
2020.05.13 21:30:00|117.46|117.46|117|117.22|511
2020.05.13 22:30:00|117.12|117.8|117.11|117.65|286
2020.05.14 16:30:00|115.52|115.93|115.01|115.22|602
2020.05.14 17:30:00|115.24|116.57|115.16|116.03|656
2020.05.14 18:30:00|116.01|116.13|115.5|115.88|546
2020.05.14 19:30:00|115.88|116.39|115.77|116.37|413
2020.05.14 20:30:00|116.41|116.52|116.15|116.39|395
2020.05.14 21:30:00|116.42|116.74|116.15|116.65|470
2020.05.14 22:30:00|116.66|116.9|116.37|116.86|428
2020.05.15 16:30:00|116.42|117.15|116.14|116.69|454
2020.05.15 17:30:00|116.69|116.71|115.92|116.18|489
2020.05.15 18:30:00|116.16|116.48|115.9|116.47|359
2020.05.15 19:30:00|116.48|116.63|116.27|116.41|200
2020.05.15 20:30:00|116.39|116.82|116.31|116.74|236
2020.05.15 21:30:00|116.74|116.74|116.45|116.54|368
2020.05.15 22:30:00|116.55|116.87|116.45|116.76|235
2020.05.18 16:30:00|118.07|118.69|117.89|118.09|687
2020.05.18 17:30:00|118.09|119.29|117.98|119.04|410
2020.05.18 18:30:00|119.06|119.19|118.82|119.15|214
2020.05.18 19:30:00|119.17|119.63|119.13|119.56|140
2020.05.18 20:30:00|119.56|119.59|119.04|119.08|188
2020.05.18 21:30:00|119.05|119.41|119.04|119.41|227
2020.05.18 22:30:00|119.41|119.61|119.31|119.33|328
2020.05.19 16:30:00|119.22|119.54|118.93|119.25|422
2020.05.19 17:30:00|119.26|119.26|118.89|119.02|462
2020.05.19 18:30:00|119.03|119.18|118.77|118.95|320
2020.05.19 19:30:00|118.93|119.01|118.74|118.85|141
2020.05.19 20:30:00|118.84|119.12|118.78|119.04|222
2020.05.19 21:30:00|119.04|119.23|118.57|118.79|410
2020.05.19 22:30:00|118.69|118.77|118.11|118.17|390
2020.05.20 16:30:00|119.37|119.85|119.3|119.71|355
2020.05.20 17:30:00|119.71|120.16|119.56|120.07|404
2020.05.20 18:30:00|120.07|120.11|119.26|119.44|260
2020.05.20 19:30:00|119.45|119.53|119.09|119.16|277
2020.05.20 20:30:00|119.16|119.47|119.15|119.37|373
2020.05.20 21:30:00|119.3|119.58|119.29|119.47|418
2020.05.20 22:30:00|119.47|119.73|119.36|119.63|269
2020.05.21 16:30:00|118.48|118.82|118.22|118.55|295
2020.05.21 17:30:00|118.49|118.49|117.31|117.59|313
2020.05.21 18:30:00|117.6|118.24|117.6|117.92|222
2020.05.21 19:30:00|117.88|118.06|117.59|118.06|290
2020.05.21 20:30:00|118.07|118.28|117.84|118.07|275
2020.05.21 21:30:00|117.95|118.21|117.84|118.08|312
2020.05.21 22:30:00|118.07|118.07|117.79|117.84|280
2020.05.22 16:30:00|117.41|117.66|117|117.32|404
2020.05.22 17:30:00|117.24|117.45|117.19|117.37|226
2020.05.22 18:30:00|117.37|117.62|117.36|117.46|138
2020.05.22 19:30:00|117.47|117.75|117.47|117.72|82
2020.05.22 20:30:00|117.74|117.87|117.68|117.85|41
2020.05.22 21:30:00|117.85|117.86|117.45|117.58|185
2020.05.22 22:30:00|117.63|117.68|117.39|117.45|203
2020.05.26 16:30:00|122.77|123.32|122.5|123.13|559
2020.05.26 17:30:00|123.15|123.47|123.1|123.25|426
2020.05.26 18:30:00|123.16|123.73|123.12|123.71|350
2020.05.26 19:30:00|123.73|124.04|123.69|123.86|205
2020.05.26 20:30:00|123.86|123.97|123.56|123.88|238
2020.05.26 21:30:00|123.89|124.19|123.73|124.17|180
2020.05.26 22:30:00|124.17|124.18|123.56|123.96|441
2020.05.27 16:30:00|125.98|126.26|125.11|125.51|747
2020.05.27 17:30:00|125.51|125.57|124.69|125.54|923
2020.05.27 18:30:00|125.61|125.98|125.01|125.62|494
2020.05.27 19:30:00|125.62|126.03|125.59|125.91|345
2020.05.27 20:30:00|125.79|126.09|125.65|126.01|298
2020.05.27 21:30:00|126.02|126.15|125.82|126.12|235
2020.05.27 22:30:00|126.12|126.78|126|126.72|369
2020.05.28 16:30:00|129.06|129.11|128.54|128.76|339
2020.05.28 17:30:00|128.72|128.72|128.39|128.52|222
2020.05.28 18:30:00|128.54|128.62|128.16|128.46|138
2020.05.28 19:30:00|128.47|128.81|128.47|128.62|99
2020.05.28 20:30:00|128.63|128.82|128.45|128.46|209
2020.05.28 21:30:00|128.47|128.94|128.35|128.55|370
2020.05.28 22:30:00|128.59|128.59|127.99|128.25|344
2020.05.29 16:30:00|125.85|125.85|125.09|125.38|296
2020.05.29 17:30:00|125.4|125.5|124.65|125.36|502
2020.05.29 18:30:00|125.34|125.42|124.89|125.05|272
2020.05.29 19:30:00|125.05|125.06|124.5|124.95|299
2020.05.29 20:30:00|124.96|125.18|124.71|125.12|288
2020.05.29 21:30:00|125.12|125.98|124.59|125.8|546
2020.05.29 22:30:00|125.8|126.05|125.6|125.93|450
2020.06.01 16:30:00|124.48|126.27|124.44|126.04|400
2020.06.01 17:30:00|126.11|126.55|125.97|126.07|350
2020.06.01 18:30:00|126.07|126.66|126.07|126.66|318
2020.06.01 19:30:00|126.66|126.71|126.45|126.58|223
2020.06.01 20:30:00|126.58|126.58|126.08|126.15|96
2020.06.01 21:30:00|126.16|126.56|126.14|126.51|190
2020.06.01 22:30:00|126.51|126.52|126.18|126.34|227
2020.06.02 16:30:00|125.99|126.94|125.91|126.89|500
2020.06.02 17:30:00|126.9|127|126.04|126.14|463
2020.06.02 18:30:00|126.1|126.28|125.77|126.27|306
2020.06.02 19:30:00|126.28|126.57|126.17|126.28|236
2020.06.02 20:30:00|126.28|126.45|126.02|126.32|247
2020.06.02 21:30:00|126.32|126.32|125.99|126.12|233
2020.06.02 22:30:00|126.12|126.45|126.04|126.36|188
2020.06.03 16:30:00|127.58|128.6|127.5|128.6|340
2020.06.03 17:30:00|128.55|128.93|128.49|128.7|236
2020.06.03 18:30:00|128.7|128.82|128.25|128.42|190
2020.06.03 19:30:00|128.44|128.82|128.38|128.82|109
2020.06.03 20:30:00|128.82|129.01|128.64|128.92|174
2020.06.03 21:30:00|129.02|129.05|128.79|128.81|216
2020.06.03 22:30:00|128.81|128.91|128.58|128.63|200
2020.06.04 16:30:00|127.5|128.67|127.39|128.65|424
2020.06.04 17:30:00|128.72|128.96|128.13|128.25|395
2020.06.04 18:30:00|128.25|128.53|128.13|128.45|272
2020.06.04 19:30:00|128.37|128.41|128.04|128.13|230
2020.06.04 20:30:00|128.14|128.39|128.13|128.33|218
2020.06.04 21:30:00|128.37|128.37|127.89|128.05|287
2020.06.04 22:30:00|128.05|128.16|127.92|128.05|293
2020.06.05 16:30:00|130.31|131.26|130.23|131.22|737
2020.06.05 17:30:00|131.23|131.87|131.12|131.82|403
2020.06.05 18:30:00|131.83|131.86|131.42|131.53|194
2020.06.05 19:30:00|131.51|131.66|131.39|131.56|128
2020.06.05 20:30:00|131.56|131.68|131.39|131.47|110
2020.06.05 21:30:00|131.53|131.6|130.82|131.06|395
2020.06.05 22:30:00|131.08|131.16|130.77|130.94|288
2020.06.08 16:30:00|131.54|131.9|130.82|131.02|391
2020.06.08 17:30:00|131.03|131.33|130.59|131.2|349
2020.06.08 18:30:00|131.2|131.39|131.05|131.05|171
2020.06.08 19:30:00|131.01|131.34|131.01|131.28|125
2020.06.08 20:30:00|131.29|131.57|131.22|131.52|214
2020.06.08 21:30:00|131.52|131.71|131.43|131.62|201
2020.06.08 22:30:00|131.66|131.97|131.66|131.96|218
2020.06.09 16:30:00|129.65|130.28|129.35|130.28|554
2020.06.09 17:30:00|130.24|130.65|130.19|130.42|432
2020.06.09 18:30:00|130.43|130.47|130.01|130.42|183
2020.06.09 19:30:00|130.45|130.57|130.31|130.57|169
2020.06.09 20:30:00|130.56|130.59|130.15|130.38|132
2020.06.09 21:30:00|130.38|130.88|130.26|130.87|274
2020.06.09 22:30:00|130.88|130.95|130.44|130.47|371
2020.06.10 16:30:00|130.93|131.2|130.25|130.46|661
2020.06.10 17:30:00|130.47|130.78|130.38|130.63|374
2020.06.10 18:30:00|130.67|131|130.52|130.97|223
2020.06.10 19:30:00|130.97|131.09|130.74|130.99|172
2020.06.10 20:30:00|130.99|131.69|130.34|131.36|476
2020.06.10 21:30:00|131.36|131.48|130.4|131.07|1361
2020.06.10 22:30:00|131.08|131.1|130.7|130.83|474
2020.06.11 16:30:00|127.21|127.76|126.72|127.02|622
2020.06.11 17:30:00|127.02|127.07|126.15|126.24|510
2020.06.11 18:30:00|126.23|126.29|124.61|124.86|627
2020.06.11 19:30:00|124.86|125.2|124.45|124.85|857
2020.06.11 20:30:00|124.85|125.08|124.47|124.63|1059
2020.06.11 21:30:00|124.63|124.7|123.65|124.03|1424
2020.06.11 22:30:00|124.03|124.39|123.77|124.21|942
2020.06.12 16:30:00|127.94|128.07|127.57|127.72|657
2020.06.12 17:30:00|127.58|127.85|126.41|126.83|975
2020.06.12 18:30:00|126.8|127.98|126.62|127.63|849
2020.06.12 19:30:00|127.64|127.64|126.76|126.79|586
2020.06.12 20:30:00|126.81|126.91|126.27|126.79|1581
2020.06.12 21:30:00|126.79|127.58|126.56|127.12|1141
2020.06.12 22:30:00|127.12|127.99|127.04|127.59|1155
2020.06.15 16:30:00|125.54|126.4|125|126.2|619
2020.06.15 17:30:00|126.17|127.01|126.11|126.5|545
2020.06.15 18:30:00|126.5|127.26|126.34|127.13|606
2020.06.15 19:30:00|127.18|127.58|127.07|127.21|540
2020.06.15 20:30:00|127.17|128|126.9|127.86|577
2020.06.15 21:30:00|127.94|127.94|127.17|127.22|761
2020.06.15 22:30:00|127.21|127.3|126.91|127.28|594
2020.06.16 16:30:00|130.39|131.14|130.39|130.89|551
2020.06.16 17:30:00|130.89|130.89|128.33|129.67|972
2020.06.16 18:30:00|129.69|129.79|129.22|129.66|896
2020.06.16 19:30:00|129.64|129.94|129.6|129.76|906
2020.06.16 20:30:00|129.8|129.86|129.22|129.63|869
2020.06.16 21:30:00|129.64|129.73|128.87|129.17|1093
2020.06.16 22:30:00|129.11|129.44|128.85|129.44|908
2020.06.17 16:30:00|129.64|129.77|128.68|128.77|632
2020.06.17 17:30:00|128.79|129.62|128.68|129.27|573
2020.06.17 18:30:00|129.24|129.46|129.21|129.31|229
2020.06.17 19:30:00|129.31|129.6|129.31|129.48|219
2020.06.17 20:30:00|129.49|129.54|129.24|129.27|174
2020.06.17 21:30:00|129.28|129.42|128.8|128.89|420
2020.06.17 22:30:00|128.9|129.04|128.71|128.75|493
2020.06.18 16:30:00|128.42|128.86|128.3|128.57|357
2020.06.18 17:30:00|128.57|128.89|128.25|128.76|611
2020.06.18 18:30:00|128.77|128.84|128.37|128.67|341
2020.06.18 19:30:00|128.68|128.68|128.45|128.68|232
2020.06.18 20:30:00|128.69|128.84|128.49|128.56|191
2020.06.18 21:30:00|128.56|128.73|128.34|128.64|340
2020.06.18 22:30:00|128.65|128.95|128.64|128.95|293
2020.06.19 16:30:00|128.64|128.93|128.33|128.55|633
2020.06.19 17:30:00|128.55|128.6|128.09|128.48|426
2020.06.19 18:30:00|128.48|128.52|127.39|127.63|605
2020.06.19 19:30:00|127.63|128.25|127.55|127.65|668
2020.06.19 20:30:00|127.63|127.77|127.24|127.42|653
2020.06.19 21:30:00|127.43|128.04|127.32|127.93|500
2020.06.19 22:30:00|127.92|127.98|127.52|127.65|477
2020.06.22 16:30:00|127.4|127.78|126.96|127.67|412
2020.06.22 17:30:00|127.64|127.73|127.39|127.57|332
2020.06.22 18:30:00|127.56|127.9|127.49|127.82|330
2020.06.22 19:30:00|127.81|128.17|127.81|128.09|228
2020.06.22 20:30:00|128.09|128.14|127.7|127.77|175
2020.06.22 21:30:00|127.83|128.2|127.51|127.6|292
2020.06.22 22:30:00|127.65|128.05|127.65|128.02|395
2020.06.23 16:30:00|129.97|130.07|129.34|129.79|365
2020.06.23 17:30:00|129.8|130.04|129.45|129.99|249
2020.06.23 18:30:00|129.93|129.97|129.38|129.42|311
2020.06.23 19:30:00|129.42|129.47|129.28|129.32|187
2020.06.23 20:30:00|129.34|129.36|129.08|129.17|285
2020.06.23 21:30:00|129.19|129.26|129.06|129.16|347
2020.06.23 22:30:00|129.15|129.22|128.86|128.91|393
2020.06.24 16:30:00|128.91|129.3|127.91|128.3|582
2020.06.24 17:30:00|128.3|128.33|127.45|127.53|833
2020.06.24 18:30:00|127.53|127.69|127.02|127.5|755
2020.06.24 19:30:00|127.51|127.89|127.39|127.54|522
2020.06.24 20:30:00|127.54|127.57|126.85|127.57|649
2020.06.24 21:30:00|127.55|127.89|127.29|127.77|781
2020.06.24 22:30:00|127.8|128.2|127.51|127.66|624
2020.06.25 16:30:00|126.39|127.1|125.89|127.02|463
2020.06.25 17:30:00|127.04|127.19|126.57|126.82|441
2020.06.25 18:30:00|126.82|127.01|126.45|126.95|323
2020.06.25 19:30:00|126.96|127.1|126.68|126.72|242
2020.06.25 20:30:00|126.72|126.84|126.54|126.6|267
2020.06.25 21:30:00|126.6|127.45|126.44|127.4|372
2020.06.25 22:30:00|127.39|127.67|127.19|127.6|511
2020.06.26 16:30:00|127.48|127.61|126.31|126.51|510
2020.06.26 17:30:00|126.51|126.56|125.89|126.21|723
2020.06.26 18:30:00|126.22|126.47|125.93|126.25|574
2020.06.26 19:30:00|126.25|126.36|126.02|126.32|305
2020.06.26 20:30:00|126.33|126.39|125.93|125.98|304
2020.06.26 21:30:00|125.99|126.03|125.75|125.92|472
2020.06.26 22:30:00|125.92|126.14|125.77|125.96|440
2020.06.29 16:30:00|126.3|126.64|125.77|126.59|503
2020.06.29 17:30:00|126.6|126.85|126.25|126.51|417
2020.06.29 18:30:00|126.52|126.53|126.23|126.35|250
2020.06.29 19:30:00|126.36|126.4|125.94|126.3|164
2020.06.29 20:30:00|126.3|126.42|126.12|126.12|153
2020.06.29 21:30:00|126.15|126.46|126|126.46|368
2020.06.29 22:30:00|126.47|126.72|126.22|126.7|330
2020.06.30 16:30:00|125.09|125.77|124.77|124.95|605
2020.06.30 17:30:00|124.95|125.48|124.86|125.48|441
2020.06.30 18:30:00|125.49|125.49|125.18|125.24|265
2020.06.30 19:30:00|125.25|125.3|124.83|124.91|290
2020.06.30 20:30:00|124.91|124.93|124.74|124.92|233
2020.06.30 21:30:00|124.92|125.33|124.85|125.32|206
2020.06.30 22:30:00|125.3|125.73|125.27|125.49|379
2020.07.01 16:30:00|124.33|124.9|124.14|124.51|591
2020.07.01 17:30:00|124.61|124.69|123.89|123.91|538
2020.07.01 18:30:00|123.95|124.31|123.92|124.24|189
2020.07.01 19:30:00|124.24|124.27|123.99|124.15|207
2020.07.01 20:30:00|124.16|124.36|124.01|124.34|256
2020.07.01 21:30:00|124.34|124.36|124.04|124.28|287
2020.07.01 22:30:00|124.28|124.32|123.93|124|339
2020.07.02 16:30:00|126.68|127.36|126.55|126.59|604
2020.07.02 17:30:00|126.58|126.74|125.99|126.33|803
2020.07.02 18:30:00|126.34|126.43|126.17|126.31|297
2020.07.02 19:30:00|126.31|126.31|126.08|126.17|203
2020.07.02 20:30:00|126.21|126.35|126.12|126.23|173
2020.07.02 21:30:00|126.23|126.34|126.13|126.22|342
2020.07.02 22:30:00|126.22|126.3|126.04|126.26|422
2020.07.06 16:30:00|127.16|127.32|126.43|126.66|452
2020.07.06 17:30:00|126.59|126.8|126.47|126.74|283
2020.07.06 18:30:00|126.71|126.71|126.21|126.33|304
2020.07.06 19:30:00|126.3|126.48|126.23|126.45|233
2020.07.06 20:30:00|126.45|126.53|126.24|126.32|225
2020.07.06 21:30:00|126.29|126.62|126.27|126.62|296
2020.07.06 22:30:00|126.62|126.92|126.55|126.84|257
2020.07.07 16:30:00|125.76|126.29|125.4|125.43|454
2020.07.07 17:30:00|125.46|125.78|125.15|125.69|372
2020.07.07 18:30:00|125.68|125.68|125.41|125.43|207
2020.07.07 19:30:00|125.42|125.71|125.38|125.61|222
2020.07.07 20:30:00|125.62|125.79|125.53|125.64|154
2020.07.07 21:30:00|125.61|125.61|125.28|125.35|455
2020.07.07 22:30:00|125.36|125.37|124.85|124.85|417
2020.07.08 16:30:00|124.81|125.34|124.81|125|316
2020.07.08 17:30:00|125.01|125.14|124.45|124.67|456
2020.07.08 18:30:00|124.67|125.26|124.67|125.12|218
2020.07.08 19:30:00|125.12|125.29|124.94|124.97|153
2020.07.08 20:30:00|125.08|125.17|124.88|125.01|430
2020.07.08 21:30:00|125.01|125.3|124.81|125.09|386
2020.07.08 22:30:00|125.09|125.29|125.09|125.27|291
2020.07.09 16:30:00|124.75|124.93|123.99|124.15|398
2020.07.09 17:30:00|124.17|124.21|122.75|123.01|557
2020.07.09 18:30:00|123.02|123.63|122.89|123.1|264
2020.07.09 19:30:00|123.21|123.58|123.1|123.51|141
2020.07.09 20:30:00|123.51|123.51|123.1|123.46|232
2020.07.09 21:30:00|123.46|123.73|123.29|123.51|383
2020.07.09 22:30:00|123.51|123.89|123.39|123.68|378
2020.07.10 16:30:00|123.54|124.14|123.39|124.09|700
2020.07.10 17:30:00|124.11|124.67|123.95|124.3|572
2020.07.10 18:30:00|124.22|124.41|124.14|124.26|240
2020.07.10 19:30:00|124.24|124.5|124.14|124.5|171
2020.07.10 20:30:00|124.5|124.73|124.39|124.52|238
2020.07.10 21:30:00|124.59|124.83|124.52|124.75|250
2020.07.10 22:30:00|124.75|124.91|124.63|124.79|327
2020.07.13 16:30:00|126.13|126.44|125.95|126.34|367
2020.07.13 17:30:00|126.35|126.35|125.88|126.23|249
2020.07.13 18:30:00|126.25|126.25|126.01|126.25|178
2020.07.13 19:30:00|126.26|126.4|126.11|126.31|222
2020.07.13 20:30:00|126.34|126.51|125.65|125.78|398
2020.07.13 21:30:00|125.78|125.93|125.2|125.31|882
2020.07.13 22:30:00|125.32|125.32|124.58|124.86|728
2020.07.14 16:30:00|125|125.58|124.89|125.58|484
2020.07.14 17:30:00|125.6|126.03|125.25|125.62|449
2020.07.14 18:30:00|125.62|125.85|125.51|125.59|281
2020.07.14 19:30:00|125.63|125.78|125.41|125.62|216
2020.07.14 20:30:00|125.61|126.08|125.55|125.93|338
2020.07.14 21:30:00|125.93|126.2|125.92|126.19|326
2020.07.14 22:30:00|126.19|126.45|126.07|126.31|206
2020.07.15 16:30:00|127.65|127.72|127.19|127.7|377
2020.07.15 17:30:00|127.7|127.8|127.26|127.46|361
2020.07.15 18:30:00|127.44|127.49|126.78|126.96|188
2020.07.15 19:30:00|126.97|127.11|126.75|127|183
2020.07.15 20:30:00|127.02|127.18|126.84|127.14|268
2020.07.15 21:30:00|127.15|127.17|126.76|127.09|329
2020.07.15 22:30:00|127.09|127.33|127|127.15|320
2020.07.16 16:30:00|126.54|126.56|126.04|126.51|328
2020.07.16 17:30:00|126.51|126.66|126.35|126.57|188
2020.07.16 18:30:00|126.58|126.58|126.07|126.11|174
2020.07.16 19:30:00|126.11|126.57|126.09|126.56|104
2020.07.16 20:30:00|126.57|126.71|126.41|126.55|90
2020.07.16 21:30:00|126.55|126.6|125.99|126.27|196
2020.07.16 22:30:00|126.29|126.63|126.23|126.37|268
2020.07.17 16:30:00|126.74|126.89|126.39|126.46|329
2020.07.17 17:30:00|126.46|126.78|126.41|126.74|249
2020.07.17 18:30:00|126.77|126.85|126.6|126.78|220
2020.07.17 19:30:00|126.78|126.82|126.66|126.73|182
2020.07.17 20:30:00|126.74|126.85|126.66|126.8|60
2020.07.17 21:30:00|126.8|127.04|126.7|126.98|194
2020.07.17 22:30:00|126.98|127.17|126.95|126.95|199
2020.07.20 16:30:00|127|127.36|126.89|126.95|372
2020.07.20 17:30:00|126.97|127.02|126.77|126.86|177
2020.07.20 18:30:00|126.87|127.09|126.77|127.04|130
2020.07.20 19:30:00|127.05|127.26|127.05|127.18|94
2020.07.20 20:30:00|127.22|127.39|127.2|127.39|106
2020.07.20 21:30:00|127.4|127.45|127.29|127.41|101
2020.07.20 22:30:00|127.43|127.49|127.11|127.15|147
2020.07.21 16:30:00|127|127.18|126.39|126.39|596
2020.07.21 17:30:00|126.39|126.9|126.26|126.83|310
2020.07.21 18:30:00|126.83|126.87|126.52|126.67|201
2020.07.21 19:30:00|126.67|126.79|126.53|126.65|128
2020.07.21 20:30:00|126.62|126.71|126.46|126.51|215
2020.07.21 21:30:00|126.51|126.51|126.1|126.18|312
2020.07.21 22:30:00|126.18|126.3|125.89|126.13|388
2020.07.22 16:30:00|125.49|125.91|125.37|125.43|286
2020.07.22 17:30:00|125.46|125.98|125.43|125.84|344
2020.07.22 18:30:00|125.83|126|125.83|125.92|193
2020.07.22 19:30:00|125.97|126|125.83|125.9|301
2020.07.22 20:30:00|125.9|125.91|125.59|125.82|280
2020.07.22 21:30:00|125.8|126.13|125.69|126|256
2020.07.22 22:30:00|126.01|126.24|125.92|126.14|213
2020.07.23 16:30:00|125.7|126.5|125.57|126.27|318
2020.07.23 17:30:00|126.36|126.65|126.2|126.59|211
2020.07.23 18:30:00|126.58|126.83|126.52|126.64|366
2020.07.23 19:30:00|126.6|126.78|126.29|126.48|388
2020.07.23 20:30:00|126.53|126.56|125.6|125.88|483
2020.07.23 21:30:00|125.86|125.93|125.56|125.74|376
2020.07.23 22:30:00|125.73|125.82|125.42|125.75|346
2020.07.24 16:30:00|125.14|125.97|124.92|125.65|339
2020.07.24 17:30:00|125.67|125.87|125.42|125.66|326
2020.07.24 18:30:00|125.67|125.68|125.32|125.58|181
2020.07.24 19:30:00|125.59|125.63|125.12|125.31|303
2020.07.24 20:30:00|125.25|125.33|125.09|125.27|240
2020.07.24 21:30:00|125.27|125.35|124.92|125|462
2020.07.24 22:30:00|124.98|125.3|124.92|125.04|364
2020.07.27 16:30:00|126.8|127.62|126.8|127.62|429
2020.07.27 17:30:00|127.63|127.75|127.43|127.46|259
2020.07.27 18:30:00|127.54|127.76|127.33|127.71|238
2020.07.27 19:30:00|127.73|127.93|127.61|127.93|97
2020.07.27 20:30:00|127.92|127.92|127.47|127.66|157
2020.07.27 21:30:00|127.68|127.68|127.41|127.61|183
2020.07.27 22:30:00|127.64|127.68|127.46|127.46|253
2020.07.28 16:30:00|125.81|125.81|125.09|125.47|453
2020.07.28 17:30:00|125.49|125.8|125.24|125.8|243
2020.07.28 18:30:00|125.81|125.82|125.43|125.55|103
2020.07.28 19:30:00|125.55|125.62|125.41|125.58|133
2020.07.28 20:30:00|125.5|125.73|125.48|125.61|147
2020.07.28 21:30:00|125.62|125.8|125.49|125.72|309
2020.07.28 22:30:00|125.68|125.77|125.34|125.34|373
2020.07.29 16:30:00|123|123.87|122.89|123.66|388
2020.07.29 17:30:00|123.66|123.66|123.1|123.53|264
2020.07.29 18:30:00|123.52|123.59|123.4|123.49|145
2020.07.29 19:30:00|123.5|123.7|123.42|123.67|194
2020.07.29 20:30:00|123.67|123.93|123.52|123.91|194
2020.07.29 21:30:00|123.93|124.06|123.65|123.92|461
2020.07.29 22:30:00|123.96|124.06|123.76|123.83|377
2020.07.30 16:30:00|121.34|121.81|120.9|121.27|653
2020.07.30 17:30:00|121.29|121.67|121.27|121.58|364
2020.07.30 18:30:00|121.58|122.09|121.58|122.01|202
2020.07.30 19:30:00|122.03|122.35|121.99|122.1|231
2020.07.30 20:30:00|122.1|122.23|121.98|122.04|189
2020.07.30 21:30:00|122.15|122.43|122.05|122.4|364
2020.07.30 22:30:00|122.4|122.52|122.29|122.35|322
2020.07.31 16:30:00|119.92|119.92|118.94|119.09|723
2020.07.31 17:30:00|119.11|119.41|118.95|119.35|520
2020.07.31 18:30:00|119.36|119.38|118.54|118.69|495
2020.07.31 19:30:00|118.69|118.82|118.51|118.75|306
2020.07.31 20:30:00|118.78|118.9|118.64|118.78|259
2020.07.31 21:30:00|118.78|119.25|118.78|119.17|367
2020.07.31 22:30:00|119.11|119.21|118.94|119.21|341
2020.08.03 16:30:00|119.62|120.6|119.39|120.52|302
2020.08.03 17:30:00|120.53|120.7|120.42|120.58|297
2020.08.03 18:30:00|120.59|120.69|120.51|120.63|150
2020.08.03 19:30:00|120.63|120.77|120.43|120.75|200
2020.08.03 20:30:00|120.75|120.95|120.67|120.95|132
2020.08.03 21:30:00|120.96|120.98|120.75|120.76|171
2020.08.03 22:30:00|120.75|120.84|120.51|120.77|248
2020.08.04 16:30:00|122.3|123.23|122.1|122.95|561
2020.08.04 17:30:00|122.95|123.44|122.83|123.07|382
2020.08.04 18:30:00|123.09|123.35|122.74|122.94|380
2020.08.04 19:30:00|122.99|123.03|122.74|122.78|284
2020.08.04 20:30:00|122.82|122.89|122.56|122.6|309
2020.08.04 21:30:00|122.6|122.82|122.39|122.75|310
2020.08.04 22:30:00|122.78|122.94|122.66|122.81|265
2020.08.05 16:30:00|125.26|125.61|124.89|124.93|475
2020.08.05 17:30:00|124.93|125.03|124.63|124.9|451
2020.08.05 18:30:00|124.9|124.95|124.59|124.62|186
2020.08.05 19:30:00|124.61|124.84|124.61|124.75|134
2020.08.05 20:30:00|124.75|124.78|124.57|124.7|111
2020.08.05 21:30:00|124.68|124.7|124.51|124.55|266
2020.08.05 22:30:00|124.55|124.7|124.33|124.66|217
2020.08.06 16:30:00|128.23|129.03|127.18|127.62|609
2020.08.06 17:30:00|127.6|128.04|127.47|127.92|347
2020.08.06 18:30:00|127.93|128.17|127.74|127.92|170
2020.08.06 19:30:00|127.95|128.09|127.76|127.98|143
2020.08.06 20:30:00|127.99|128.13|127.91|128.05|92
2020.08.06 21:30:00|128.05|128.47|128.02|128.38|171
2020.08.06 22:30:00|128.44|128.48|127.89|128.29|569
2020.08.07 16:30:00|129.53|129.86|129.27|129.46|479
2020.08.07 17:30:00|129.46|129.77|129.33|129.4|521
2020.08.07 18:30:00|129.4|129.47|129.24|129.44|176
2020.08.07 19:30:00|129.44|129.58|129.03|129.17|274
2020.08.07 20:30:00|129.23|129.39|129.1|129.25|415
2020.08.07 21:30:00|129.26|129.63|129.21|129.52|304
2020.08.07 22:30:00|129.54|129.84|129.5|129.79|215
2020.08.10 16:30:00|129.96|130.49|129.95|130.28|611
2020.08.10 17:30:00|130.25|130.38|129.7|130.04|434
2020.08.10 18:30:00|130.05|130.28|129.93|129.97|246
2020.08.10 19:30:00|129.97|130.4|129.97|130.17|146
2020.08.10 20:30:00|130.23|130.43|130.18|130.39|231
2020.08.10 21:30:00|130.39|130.46|130.32|130.44|178
2020.08.10 22:30:00|130.44|130.51|130.32|130.44|238
2020.08.11 16:30:00|134.32|134.96|134.16|134.91|565
2020.08.11 17:30:00|134.91|134.92|134.4|134.53|268
2020.08.11 18:30:00|134.54|134.66|134.33|134.58|283
2020.08.11 19:30:00|134.59|134.63|134.35|134.45|187
2020.08.11 20:30:00|134.42|134.56|134.12|134.19|200
2020.08.11 21:30:00|134.19|134.33|133.62|133.98|423
2020.08.11 22:30:00|133.96|134.02|133.42|133.64|458
2020.08.12 16:30:00|136.61|136.61|135.99|136.4|519
2020.08.12 17:30:00|136.51|136.79|136.36|136.62|439
2020.08.12 18:30:00|136.62|136.64|136.24|136.49|274
2020.08.12 19:30:00|136.51|136.57|136.15|136.27|202
2020.08.12 20:30:00|136.3|136.56|136.3|136.53|158
2020.08.12 21:30:00|136.53|136.61|136.43|136.48|216
2020.08.12 22:30:00|136.44|136.63|136.28|136.32|199
2020.08.13 16:30:00|135.92|136.17|135.78|135.86|399
2020.08.13 17:30:00|135.87|135.87|135.46|135.76|159
2020.08.13 18:30:00|135.75|135.75|135.53|135.63|77
2020.08.13 19:30:00|135.63|135.84|135.57|135.71|91
2020.08.13 20:30:00|135.72|135.74|135.2|135.35|266
2020.08.13 21:30:00|135.35|135.48|135.14|135.46|385
2020.08.13 22:30:00|135.47|135.52|135.37|135.45|161
2020.08.14 16:30:00|133.55|134.05|133.39|133.71|276
2020.08.14 17:30:00|133.76|134.29|133.67|134.28|193
2020.08.14 18:30:00|134.28|134.35|134.04|134.2|177
2020.08.14 19:30:00|134.21|134.31|134.09|134.31|200
2020.08.14 20:30:00|134.32|134.35|134.13|134.16|129
2020.08.14 21:30:00|134.2|134.29|133.96|134.1|277
2020.08.14 22:30:00|134.1|134.15|133.91|134.11|295
2020.08.17 16:30:00|134.67|135.19|134.58|134.75|323
2020.08.17 17:30:00|134.76|134.79|134.49|134.65|202
2020.08.17 18:30:00|134.62|134.62|134.44|134.44|118
2020.08.17 19:30:00|134.47|134.93|134.47|134.91|161
2020.08.17 20:30:00|134.95|135.1|134.84|134.98|120
2020.08.17 21:30:00|134.99|135.2|134.99|135.14|131
2020.08.17 22:30:00|135.15|135.41|135.02|135.3|128
2020.08.18 16:30:00|135.89|136.36|135.64|135.65|348
2020.08.18 17:30:00|135.64|136.11|135.54|135.95|200
2020.08.18 18:30:00|136.03|136.14|135.91|136|181
2020.08.18 19:30:00|136.01|136.16|136.01|136.15|175
2020.08.18 20:30:00|136.18|136.19|136.08|136.16|100
2020.08.18 21:30:00|136.16|136.28|136.03|136.1|219
2020.08.18 22:30:00|136.1|136.11|135.86|135.89|222
2020.08.19 16:30:00|136.05|136.36|135.89|136.01|330
2020.08.19 17:30:00|136.01|136.05|135.65|135.76|146
2020.08.19 18:30:00|135.92|136.17|135.85|135.88|83
2020.08.19 19:30:00|135.88|135.91|135.7|135.7|61
2020.08.19 20:30:00|135.71|135.95|135.23|135.49|281
2020.08.19 21:30:00|135.44|135.7|135.28|135.4|277
2020.08.19 22:30:00|135.41|135.42|135|135.1|244
2020.08.20 16:30:00|133.5|133.91|133.39|133.86|329
2020.08.20 17:30:00|133.8|133.8|133.53|133.78|116
2020.08.20 18:30:00|133.78|133.97|133.77|133.85|231
2020.08.20 19:30:00|133.93|133.93|133.69|133.75|65
2020.08.20 20:30:00|133.74|133.89|133.73|133.89|161
2020.08.20 21:30:00|133.91|134.12|133.86|133.97|205
2020.08.20 22:30:00|133.98|134.11|133.91|133.98|199
2020.08.21 16:30:00|133.01|133.35|132.89|133.15|385
2020.08.21 17:30:00|133.17|133.34|132.98|133.17|175
2020.08.21 18:30:00|133.23|133.23|132.94|133.11|179
2020.08.21 19:30:00|133.11|133.24|132.94|133.19|176
2020.08.21 20:30:00|133.19|133.53|133.07|133.5|185
2020.08.21 21:30:00|133.53|133.69|133.43|133.57|151
2020.08.21 22:30:00|133.57|133.77|133.47|133.7|132
2020.08.24 16:30:00|134.23|134.7|134.23|134.62|372
2020.08.24 17:30:00|134.62|135.3|134.62|134.85|414
2020.08.24 18:30:00|134.85|134.95|134.66|134.8|152
2020.08.24 19:30:00|134.76|134.82|134.6|134.8|148
2020.08.24 20:30:00|134.79|134.8|134.53|134.63|138
2020.08.24 21:30:00|134.63|134.64|134.39|134.54|296
2020.08.24 22:30:00|134.54|134.73|134.49|134.6|221
2020.08.25 16:30:00|134.77|134.91|134.42|134.56|373
2020.08.25 17:30:00|134.57|134.65|134.41|134.53|420
2020.08.25 18:30:00|134.5|134.54|134|134.15|444
2020.08.25 19:30:00|134.16|134.2|133.99|134.18|281
2020.08.25 20:30:00|134.12|134.38|134.12|134.37|195
2020.08.25 21:30:00|134.4|134.63|134.26|134.63|157
2020.08.25 22:30:00|134.64|134.76|134.54|134.67|131
2020.08.26 16:30:00|133.92|134.35|133.58|134.33|319
2020.08.26 17:30:00|134.33|134.46|134.15|134.46|347
2020.08.26 18:30:00|134.46|134.75|134.37|134.71|255
2020.08.26 19:30:00|134.71|134.83|134.55|134.62|238
2020.08.26 20:30:00|134.64|134.93|134.63|134.84|254
2020.08.26 21:30:00|134.87|134.93|134.52|134.84|342
2020.08.26 22:30:00|134.83|134.85|134.65|134.78|199
2020.08.27 16:30:00|133.89|133.95|133.09|133.68|411
2020.08.27 17:30:00|133.68|134.04|133.42|133.69|690
2020.08.27 18:30:00|133.69|134.12|133.43|133.43|412
2020.08.27 19:30:00|133.43|133.55|132.99|133.52|481
2020.08.27 20:30:00|133.52|133.8|133.23|133.8|290
2020.08.27 21:30:00|133.81|133.85|133.64|133.79|327
2020.08.27 22:30:00|133.8|133.8|133.45|133.45|231
2020.08.28 16:30:00|133.78|134.12|133.17|133.67|389
2020.08.28 17:30:00|133.7|133.84|133.46|133.7|272
2020.08.28 18:30:00|133.7|133.97|133.6|133.94|191
2020.08.28 19:30:00|133.94|134|133.53|133.53|137
2020.08.28 20:30:00|133.54|133.72|133.49|133.66|146
2020.08.28 21:30:00|133.61|133.79|133.54|133.76|156
2020.08.28 22:30:00|133.64|133.98|133.64|133.86|156
2020.08.31 16:30:00|132.5|132.64|131.73|132.33|325
2020.08.31 17:30:00|132.34|132.41|131.84|131.88|258
2020.08.31 18:30:00|131.89|132.12|131.63|132.09|248
2020.08.31 19:30:00|132.1|132.27|131.98|132.18|166
2020.08.31 20:30:00|132.2|132.21|131.89|131.92|118
2020.08.31 21:30:00|131.95|132.28|131.9|132.27|290
2020.08.31 22:30:00|132.25|132.37|132.07|132.23|206
2020.09.01 16:30:00|131.45|132.31|130.89|132.16|441
2020.09.01 17:30:00|132.11|132.12|131.77|131.83|206
2020.09.01 18:30:00|131.83|132.02|131.72|131.83|160
2020.09.01 19:30:00|131.84|131.85|131.63|131.68|163
2020.09.01 20:30:00|131.69|131.83|131.61|131.83|79
2020.09.01 21:30:00|131.83|131.85|131.61|131.73|142
2020.09.01 22:30:00|131.68|132.05|131.59|132.05|118
2020.09.02 16:30:00|131.62|131.88|131.39|131.83|513
2020.09.02 17:30:00|131.83|131.91|131.59|131.63|475
2020.09.02 18:30:00|131.68|131.75|131.44|131.7|205
2020.09.02 19:30:00|131.71|131.81|131.69|131.75|115
2020.09.02 20:30:00|131.74|131.93|131.69|131.84|160
2020.09.02 21:30:00|131.84|132.28|131.73|132.21|224
2020.09.02 22:30:00|132.17|132.41|132.03|132.35|217
2020.09.03 16:30:00|131.64|131.84|130.89|131|382
2020.09.03 17:30:00|130.9|131.21|129.39|129.86|631
2020.09.03 18:30:00|129.88|130.62|129.74|130.28|578
2020.09.03 19:30:00|130.22|130.35|129.79|130.31|522
2020.09.03 20:30:00|130.16|130.24|129.9|130.14|485
2020.09.03 21:30:00|130.13|130.39|129.55|129.61|669
2020.09.03 22:30:00|129.59|130.03|129.55|129.84|485
2020.09.04 16:30:00|132.7|133.56|132.7|132.87|211
2020.09.04 17:30:00|130.92|131.72|130.92|131.37|570
2020.09.04 18:30:00|131.38|132.43|131.38|132.43|759
2020.09.04 19:30:00|132.37|132.75|132.07|132.19|382
2020.09.04 20:30:00|132.16|132.74|131.99|132.69|416
2020.09.04 21:30:00|132.69|133.3|132.54|133.17|574
2020.09.04 22:30:00|133.16|133.23|132.75|132.86|496
2020.09.08 16:30:00|130.92|131.58|130.41|131.54|1022
2020.09.08 17:30:00|131.54|131.68|131.21|131.36|570
2020.09.08 18:30:00|131.33|131.73|131.09|131.62|426
2020.09.08 19:30:00|131.65|131.84|131.54|131.81|298
2020.09.08 20:30:00|131.79|131.99|131.59|131.59|253
2020.09.08 21:30:00|131.59|131.59|131.12|131.43|638
2020.09.08 22:30:00|131.43|131.51|131.06|131.12|336
2020.09.09 16:30:00|130.21|130.96|130.19|130.81|474
2020.09.09 17:30:00|130.81|130.89|130.42|130.77|269
2020.09.09 18:30:00|130.74|131.07|130.64|130.96|170
2020.09.09 19:30:00|130.91|131.13|130.83|131.09|133
2020.09.09 20:30:00|131.07|131.19|130.99|131.06|138
2020.09.09 21:30:00|131.1|131.33|131.1|131.21|311
2020.09.09 22:30:00|131.21|131.25|130.89|130.94|306
2020.09.10 16:30:00|130.57|131.24|130.57|130.96|482
2020.09.10 17:30:00|130.89|131.11|130.24|130.76|824
2020.09.10 18:30:00|130.76|130.87|130.43|130.57|272
2020.09.10 19:30:00|130.58|130.65|130.22|130.53|356
2020.09.10 20:30:00|130.53|130.58|129.89|129.91|249
2020.09.10 21:30:00|129.92|130.47|129.9|130.09|883
2020.09.10 22:30:00|130.09|130.33|129.99|130.08|324
2020.09.11 16:30:00|130.71|131.08|130.37|130.95|507
2020.09.11 17:30:00|130.95|131.44|130.83|131.2|345
2020.09.11 18:30:00|131.22|131.3|130.86|131.22|271
2020.09.11 19:30:00|131.21|131.21|130.75|130.76|331
2020.09.11 20:30:00|130.77|131.24|130.77|131.08|276
2020.09.11 21:30:00|131.08|131.4|131.02|131.36|371
2020.09.11 22:30:00|131.37|131.46|131.18|131.18|358
2020.09.14 16:30:00|133.65|133.65|133.14|133.61|543
2020.09.14 17:30:00|133.58|134.14|133.41|134.12|430
2020.09.14 18:30:00|134.12|134.19|133.84|134.16|359
2020.09.14 19:30:00|134.21|134.21|134|134.07|247
2020.09.14 20:30:00|134.05|134.1|133.79|133.93|232
2020.09.14 21:30:00|133.9|134.01|133.66|133.66|546
