2021.07.09 03:00:00|7020.75|7035.1|7010.7|7011.05|2432
2021.07.09 04:00:00|7011.25|7018|6999.15|7001.15|3119
2021.07.09 05:00:00|7001.05|7015.05|6994.2|7014.45|2215
2021.07.09 06:00:00|7014.4|7024.4|7011.75|7015.35|2007
2021.07.09 07:00:00|7015.45|7029.3|7012.35|7028.4|1447
2021.07.09 08:00:00|7029|7037.1|7026.7|7035|2795
2021.07.09 09:00:00|7036|7052.4|7034.5|7042.85|4536
2021.07.09 10:00:00|7043|7064.75|7032.7|7049.2|26174
2021.07.09 11:00:00|7049.15|7076.35|7049.15|7071.05|14167
2021.07.09 12:00:00|7071.35|7088.15|7063.55|7065.9|12962
2021.07.09 13:00:00|7065.85|7073.85|7057.15|7059.8|12154
2021.07.09 14:00:00|7060.1|7079.85|7058.2|7076.25|9084
2021.07.09 15:00:00|7076.35|7079|7057.6|7060.4|7381
2021.07.09 16:00:00|7060.7|7073.65|7043.65|7069.6|12032
2021.07.09 17:00:00|7069.9|7092.1|7069.7|7089.95|11682
2021.07.09 18:00:00|7089.9|7112.8|7089.75|7105.5|9567
2021.07.09 19:00:00|7105.45|7108.55|7099.65|7100.05|2740
2021.07.09 20:00:00|7100.2|7100.55|7096.9|7097.55|1597
2021.07.09 21:00:00|7097.65|7105.4|7096.2|7104.75|1440
2021.07.09 22:00:00|7104.45|7105.55|7096.45|7103.85|3626
2021.07.12 03:00:00|7108.45|7109.55|7093.05|7098.05|1561
2021.07.12 04:00:00|7098.4|7099.55|7087.9|7088.25|1616
2021.07.12 05:00:00|7088.05|7094.7|7088.05|7090.95|1247
2021.07.12 06:00:00|7091|7092.85|7085.15|7086.1|652
2021.07.12 07:00:00|7086.6|7090.5|7084.7|7090.45|547
2021.07.12 08:00:00|7090.5|7090.5|7083.6|7086.15|823
2021.07.12 09:00:00|7085.95|7102.5|7083.45|7098.95|3326
2021.07.12 10:00:00|7098.55|7101.55|7056.3|7057.35|21839
2021.07.12 11:00:00|7057.2|7083.1|7054.5|7078.65|11285
2021.07.12 12:00:00|7078.8|7079.1|7060.1|7061.9|8340
2021.07.12 13:00:00|7062.05|7069.65|7055.35|7055.95|8967
2021.07.12 14:00:00|7056.1|7085.7|7056.05|7080.05|7006
2021.07.12 15:00:00|7080.1|7094.55|7070.6|7093.55|6225
2021.07.12 16:00:00|7093.85|7110.6|7080.35|7109.7|16248
2021.07.12 17:00:00|7109.75|7124.9|7107.6|7111.85|16376
2021.07.12 18:00:00|7111.75|7124.65|7109.1|7117.1|8250
2021.07.12 19:00:00|7117.15|7122.55|7114.9|7116.15|2348
2021.07.12 20:00:00|7116.3|7121.15|7116.3|7118.65|2085
2021.07.12 21:00:00|7118.8|7124.35|7116.8|7121.05|1824
2021.07.12 22:00:00|7120.8|7121.75|7109.8|7115.45|3497
2021.07.13 03:00:00|7117.3|7124.95|7113.9|7123.85|1011
2021.07.13 04:00:00|7123.75|7124.65|7116.7|7124.4|1323
2021.07.13 05:00:00|7124.3|7124.8|7117.8|7117.8|758
2021.07.13 06:00:00|7117.85|7119.65|7116.3|7117.1|569
2021.07.13 07:00:00|7117.45|7117.7|7114.45|7116.6|504
2021.07.13 08:00:00|7116.55|7118.6|7114.2|7114.65|733
2021.07.13 09:00:00|7114.75|7126.45|7110.05|7125.1|2971
2021.07.13 10:00:00|7125.8|7140.15|7123.55|7130.35|16248
2021.07.13 11:00:00|7130.3|7140|7130.15|7133.3|7329
2021.07.13 12:00:00|7133.15|7133.7|7116.85|7118.2|5376
2021.07.13 13:00:00|7118.1|7126.05|7112.55|7114.55|3676
2021.07.13 14:00:00|7114.7|7123|7112.8|7117.05|3958
2021.07.13 15:00:00|7117.1|7132.9|7107.05|7114.2|9354
2021.07.13 16:00:00|7114.25|7130.55|7110|7116.55|12547
2021.07.13 17:00:00|7116.7|7118.8|7103.5|7104.8|10053
2021.07.13 18:00:00|7104.4|7116.6|7103.6|7114.1|5695
2021.07.13 19:00:00|7114.15|7117.65|7112.6|7115|1684
2021.07.13 20:00:00|7115.05|7116.3|7105.2|7112.6|3928
2021.07.13 21:00:00|7112.45|7113.85|7106.65|7111.95|4060
2021.07.13 22:00:00|7111.9|7116.05|7107.3|7115.95|3998
2021.07.14 03:00:00|7105.65|7120.2|7104.3|7119.9|1273
2021.07.14 04:00:00|7119.95|7121.15|7114.3|7117.05|1498
2021.07.14 05:00:00|7117.35|7118.45|7112.05|7114.9|902
2021.07.14 06:00:00|7114.95|7115.85|7108.75|7111.4|676
2021.07.14 07:00:00|7111.5|7112.3|7104.85|7106.1|853
2021.07.14 08:00:00|7106|7113.65|7105.15|7108.55|1022
2021.07.14 09:00:00|7108.6|7109.05|7086.85|7091.45|2312
2021.07.14 10:00:00|7091.25|7094.8|7059.8|7087.9|15016
2021.07.14 11:00:00|7088.35|7089.1|7065.6|7074.2|8152
2021.07.14 12:00:00|7073.9|7084.5|7069.95|7077|5319
2021.07.14 13:00:00|7076.85|7080.15|7066.6|7066.75|4022
2021.07.14 14:00:00|7066.85|7085.1|7065.2|7083.5|4506
2021.07.14 15:00:00|7083.6|7091|7074.65|7084.55|5222
2021.07.14 16:00:00|7084.5|7103.05|7078.05|7080.05|8594
2021.07.14 17:00:00|7079.75|7088.5|7074.65|7084.3|8446
2021.07.14 18:00:00|7084.45|7089.75|7070|7072.2|7147
2021.07.14 19:00:00|7072.65|7086.65|7072.15|7085.35|3685
2021.07.14 20:00:00|7085.4|7086.35|7074.9|7083.65|2713
2021.07.14 21:00:00|7083.6|7086.4|7079.5|7080.05|2334
2021.07.14 22:00:00|7080|7083.85|7072.75|7076.6|3659
2021.07.15 03:00:00|7074.55|7075.7|7065.4|7070.9|1891
2021.07.15 04:00:00|7070.7|7078.7|7067.8|7077.25|2181
2021.07.15 05:00:00|7077.05|7078.8|7072.85|7076.5|1574
2021.07.15 06:00:00|7076.4|7078.75|7074.35|7075.5|1000
2021.07.15 07:00:00|7075.35|7076.35|7070.9|7072.25|603
2021.07.15 08:00:00|7072.15|7075.15|7068.2|7070.1|1145
2021.07.15 09:00:00|7070.85|7076.8|7056.75|7070.55|2205
2021.07.15 10:00:00|7070.2|7083.1|7055.15|7075.1|17024
2021.07.15 11:00:00|7074.85|7101.5|7069.05|7087.9|11115
2021.07.15 12:00:00|7088|7089.3|7057|7071|7409
2021.07.15 13:00:00|7070.95|7072.15|7011|7021.15|12844
2021.07.15 14:00:00|7021.05|7035.15|7005.75|7024.15|10516
2021.07.15 15:00:00|7024.2|7035|7018.05|7021.55|6621
2021.07.15 16:00:00|7021.2|7028|7006.3|7024.5|12615
2021.07.15 17:00:00|7024.65|7031.4|7006.7|7009.1|12995
2021.07.15 18:00:00|7008.55|7009.9|6989.95|7005.65|11121
2021.07.15 19:00:00|7005.55|7010.35|6997.7|7006.45|3830
2021.07.15 20:00:00|7006.35|7006.7|6990.25|6990.4|4683
2021.07.15 21:00:00|6990.15|7002.55|6989.8|7001.45|3510
2021.07.15 22:00:00|7001.55|7009.9|6999.85|7008.5|3498
2021.07.16 03:00:00|6992.7|7006.25|6990.05|6995.8|2072
2021.07.16 04:00:00|6996.2|7005.1|6992.35|6999.35|2155
2021.07.16 05:00:00|6999.2|7005.8|6998.7|7005.45|1097
2021.07.16 06:00:00|7005.65|7016.6|7004.4|7011.25|1104
2021.07.16 07:00:00|7011.35|7018.3|7008.95|7014.65|774
2021.07.16 08:00:00|7014.6|7021.1|7014.4|7014.4|1431
2021.07.16 09:00:00|7014.2|7036.2|7010.4|7033.85|2559
2021.07.16 10:00:00|7033.8|7044.3|7009.9|7038.25|14463
2021.07.16 11:00:00|7038.3|7045.05|7023.1|7033.15|10857
2021.07.16 12:00:00|7033.35|7051.55|7014.75|7019.75|10113
2021.07.16 13:00:00|7019.65|7022.4|7001.7|7014.4|10501
2021.07.16 14:00:00|7014.15|7016.35|6999.2|7007.8|7077
2021.07.16 15:00:00|7008|7015.35|7004.7|7007.8|6956
2021.07.16 16:00:00|7007.85|7013.8|6980.75|6995.25|14817
2021.07.16 17:00:00|6994.8|6996.3|6965.7|6990.7|22619
2021.07.16 18:00:00|6990.35|7004.8|6981.15|7003.3|15919
2021.07.16 19:00:00|7003.2|7007.3|6995.5|6997.45|4038
2021.07.16 20:00:00|6997.15|6999.95|6987.5|6988.5|2837
2021.07.16 21:00:00|6988.55|6989.5|6975.95|6977.3|3676
2021.07.16 22:00:00|6977.35|6980.9|6964.8|6976.6|5109
2021.07.19 03:00:00|6947.55|6954.05|6927.75|6931.65|2853
2021.07.19 04:00:00|6931.55|6940.55|6928.5|6933.4|2243
2021.07.19 05:00:00|6933.25|6942.5|6930|6940.65|1825
2021.07.19 06:00:00|6940.55|6949|6940.55|6947.95|1664
2021.07.19 07:00:00|6947.8|6948.8|6938.85|6940.55|1073
2021.07.19 08:00:00|6940.4|6948.7|6937.05|6937.1|1919
2021.07.19 09:00:00|6937.2|6944.7|6929.1|6934.05|2729
2021.07.19 10:00:00|6933.85|6934.95|6891.7|6901|16696
2021.07.19 11:00:00|6901.05|6928.15|6856.5|6862.65|13619
2021.07.19 12:00:00|6862.85|6878.2|6855.85|6868.5|12549
2021.07.19 13:00:00|6868.15|6872.45|6839.85|6860.75|11636
2021.07.19 14:00:00|6860.8|6865.05|6825.6|6845.15|14068
2021.07.19 15:00:00|6845.2|6849.05|6817.7|6835|13354
2021.07.19 16:00:00|6835.25|6851.45|6808.1|6810.95|23934
2021.07.19 17:00:00|6811.15|6838.4|6798.55|6823.6|31690
2021.07.19 18:00:00|6823.35|6842.4|6819.35|6827.8|22337
2021.07.19 19:00:00|6827.75|6827.75|6796.8|6807.1|11314
2021.07.19 20:00:00|6806.9|6819.05|6802.2|6803.95|11679
2021.07.19 21:00:00|6803.65|6817.15|6799.25|6802.6|8597
2021.07.19 22:00:00|6802.65|6841.15|6799.65|6841.1|10157
2021.07.20 03:00:00|6845.05|6876.5|6845.05|6873.4|1916
2021.07.20 04:00:00|6873.25|6883.45|6869.3|6875.55|2740
2021.07.20 05:00:00|6875.7|6875.7|6860.5|6860.55|2510
2021.07.20 06:00:00|6860.85|6864.35|6821.3|6824.4|2969
2021.07.20 07:00:00|6824.5|6832.3|6814.9|6831.3|1660
2021.07.20 08:00:00|6831.55|6847.8|6829.9|6845.75|2320
2021.07.20 09:00:00|6846.4|6882.2|6843.8|6879.65|4714
2021.07.20 10:00:00|6880.25|6920.15|6866.95|6896.05|21309
2021.07.20 11:00:00|6896.2|6908.1|6879.45|6879.6|9211
2021.07.20 12:00:00|6879.25|6888.55|6850.15|6853.6|8545
2021.07.20 13:00:00|6853.8|6876.55|6846.1|6854|9173
2021.07.20 14:00:00|6854.4|6874.8|6841.45|6872.4|8777
2021.07.20 15:00:00|6872.45|6880.5|6847.7|6847.75|7635
2021.07.20 16:00:00|6847.85|6864.25|6815.7|6864|18625
2021.07.20 17:00:00|6863.85|6898.45|6859.45|6897.9|17641
2021.07.20 18:00:00|6897.95|6905.35|6866.5|6887.7|12951
2021.07.20 19:00:00|6887.6|6890.1|6881.9|6886.4|3888
2021.07.20 20:00:00|6886.5|6887.35|6873.95|6882.1|3220
2021.07.20 21:00:00|6882.4|6893.1|6882.1|6888.3|2853
2021.07.20 22:00:00|6888.7|6906.8|6888.6|6898.95|4423
2021.07.21 03:00:00|6907.2|6919.5|6899.7|6915.75|2294
2021.07.21 04:00:00|6915.7|6915.7|6897.75|6900|2579
2021.07.21 05:00:00|6900.35|6900.35|6878.3|6880.2|2770
2021.07.21 06:00:00|6880.3|6889.2|6880.15|6884.9|1798
2021.07.21 07:00:00|6885.05|6890.6|6869.25|6869.25|1100
2021.07.21 08:00:00|6869.45|6885.3|6868.85|6877.45|1785
2021.07.21 09:00:00|6877.5|6904.2|6876.8|6901.25|3821
2021.07.21 10:00:00|6901.2|6978.45|6901.2|6972.25|27027
2021.07.21 11:00:00|6971.95|6995.3|6970.15|6971|15834
2021.07.21 12:00:00|6971.05|6989.1|6963.65|6986.2|10292
2021.07.21 13:00:00|6986.15|6991.55|6971.5|6990.15|6567
2021.07.21 14:00:00|6990|6990|6955.65|6960.4|7435
2021.07.21 15:00:00|6960.45|6984.85|6956.9|6983.7|7274
2021.07.21 16:00:00|6983.95|6999|6981.6|6990.4|11160
2021.07.21 17:00:00|6989.9|6999.15|6972.1|6987.6|12891
2021.07.21 18:00:00|6987.45|7004.4|6987.45|7001.95|9263
2021.07.21 19:00:00|7002|7006.55|6996.4|6996.45|3119
2021.07.21 20:00:00|6996.75|7000.85|6994.8|6999.75|2962
2021.07.21 21:00:00|6999.85|7001.4|6995.75|7000.75|2257
2021.07.21 22:00:00|7000.7|7004.45|6987.7|6996.4|4222
2021.07.22 03:00:00|6994.7|6999.85|6990.25|6995.75|1321
2021.07.22 04:00:00|6996.05|7008.25|6994.45|7005.75|1319
2021.07.22 05:00:00|7006.5|7008|7001.75|7006.3|909
2021.07.22 06:00:00|7006.4|7007.6|7004.25|7005.7|543
2021.07.22 07:00:00|7005.65|7006.9|7003.1|7005.25|427
2021.07.22 08:00:00|7005.4|7008.9|7002.2|7007.7|816
2021.07.22 09:00:00|7007.3|7008.55|6990.4|7003.15|3070
2021.07.22 10:00:00|7003.3|7008.25|6975.75|6987.8|17576
2021.07.22 11:00:00|6987.85|7008.85|6975|7004.95|8791
2021.07.22 12:00:00|7004.85|7010.7|6995.85|7003.3|6152
2021.07.22 13:00:00|7003.25|7011.75|6998.85|7000.05|4669
2021.07.22 14:00:00|6999.85|7003.1|6987.8|7000.05|5403
2021.07.22 15:00:00|7000|7000.3|6966.8|6974.05|6093
2021.07.22 16:00:00|6973.85|6980.4|6946.3|6955.7|16979
2021.07.22 17:00:00|6955.7|6970.1|6950.8|6953.8|16731
2021.07.22 18:00:00|6953.65|6967.4|6948.9|6960.7|11291
2021.07.22 19:00:00|6960.65|6966.2|6952.15|6965.9|4341
2021.07.22 20:00:00|6965.75|6968.25|6960.8|6968.25|2374
2021.07.22 21:00:00|6968.35|6974.35|6965.6|6973.75|2388
2021.07.22 22:00:00|6973.65|6973.9|6958.75|6964.05|3372
2021.07.23 03:00:00|6966.65|6982.8|6963.15|6981.6|1153
2021.07.23 04:00:00|6981.55|6983.7|6977.5|6981|1140
2021.07.23 05:00:00|6980.95|6985.7|6977.95|6980.35|985
2021.07.23 06:00:00|6980.4|6981.95|6974.4|6974.95|542
2021.07.23 07:00:00|6974.85|6979.2|6970.95|6978.7|390
2021.07.23 08:00:00|6978.9|6978.9|6972.5|6973.9|687
2021.07.23 09:00:00|6973.95|6999.4|6970.9|6996.3|2981
2021.07.23 10:00:00|6996.35|7012.75|6990.3|7000.3|15054
2021.07.23 11:00:00|7000.35|7016.6|6998.6|7007.25|5812
2021.07.23 12:00:00|7007.3|7024.75|7006.1|7010.75|4507
2021.07.23 13:00:00|7010.65|7023.5|7008.6|7023.3|3324
2021.07.23 14:00:00|7023.25|7023.25|7010.75|7018.6|3407
2021.07.23 15:00:00|7018.55|7020.6|7009.1|7014.9|3480
2021.07.23 16:00:00|7014.85|7017.6|6998.6|7000.6|7772
2021.07.23 17:00:00|7000.85|7016.05|6996.6|7013.4|9651
2021.07.23 18:00:00|7013.2|7029|7013.05|7017.6|8839
2021.07.23 19:00:00|7017.8|7025.95|7017.1|7025.15|2356
2021.07.23 20:00:00|7025.25|7032.55|7024.4|7032.1|1876
2021.07.23 21:00:00|7032.05|7032.1|7019.4|7021|2640
2021.07.23 22:00:00|7021.35|7028.55|7017.65|7021.15|3515
2021.07.26 03:00:00|7015.5|7016.6|6996.8|7003.9|2117
2021.07.26 04:00:00|7004.4|7008.95|6992.25|7004.3|2480
2021.07.26 05:00:00|7004.4|7006.15|6993.5|6995.15|1705
2021.07.26 06:00:00|6995.1|6996.4|6988.6|6992.1|1275
2021.07.26 07:00:00|6992.55|6996.1|6990.25|6994.1|863
2021.07.26 08:00:00|6994.3|6994.55|6984.65|6988.8|1732
2021.07.26 09:00:00|6989.1|6992.85|6976.4|6988.55|4803
2021.07.26 10:00:00|6988.95|6999.1|6980.6|6985.9|15743
2021.07.26 11:00:00|6985.65|6998.35|6972.05|6991.15|8529
2021.07.26 12:00:00|6990.9|7004.05|6989.95|7001.8|4961
2021.07.26 13:00:00|7001.65|7007.7|6998.35|6998.85|4152
2021.07.26 14:00:00|6998.8|7012.55|6998.1|7011.85|4053
2021.07.26 15:00:00|7011.8|7020.2|7007.35|7007.8|4621
2021.07.26 16:00:00|7007.85|7025.8|7005.95|7025.8|10074
2021.07.26 17:00:00|7026.35|7031.6|7006.1|7010.35|10529
2021.07.26 18:00:00|7010.75|7025.25|7007.65|7021.4|8006
2021.07.26 19:00:00|7021.45|7022.4|7012.25|7013.1|2642
2021.07.26 20:00:00|7013.2|7019.6|7012.35|7018.35|1725
2021.07.26 21:00:00|7018.4|7026.35|7017.75|7023.8|1703
2021.07.26 22:00:00|7023.5|7028.05|7020.55|7022.85|2413
2021.07.27 03:00:00|7017.65|7023.95|7012.85|7016.6|1273
2021.07.27 04:00:00|7016.2|7026.95|7015.25|7024.2|1893
2021.07.27 05:00:00|7024.05|7026.6|7014.35|7023.85|1679
2021.07.27 06:00:00|7023.95|7024.8|7014.4|7016.05|972
2021.07.27 07:00:00|7016.3|7018.7|7014.75|7017.15|529
2021.07.27 08:00:00|7017.1|7017.1|6999.85|7009.2|1530
2021.07.27 09:00:00|7009.05|7009.05|6980.6|6985.15|3078
2021.07.27 10:00:00|6985.45|6985.45|6919.6|6955.35|20083
2021.07.27 11:00:00|6955.65|6971.1|6941.35|6961.3|11881
2021.07.27 12:00:00|6961.6|6984.3|6951.1|6979.25|6670
2021.07.27 13:00:00|6979.2|6990.75|6978.55|6990.6|4801
2021.07.27 14:00:00|6990.75|7001.65|6986.15|6991.6|4045
2021.07.27 15:00:00|6991.55|6992.6|6976.4|6991.1|4177
2021.07.27 16:00:00|6990.95|6994.75|6973.15|6983.25|14456
2021.07.27 17:00:00|6983.4|6996.35|6981.15|6986.35|15230
2021.07.27 18:00:00|6986.25|6997.15|6974.15|6989.4|13052
2021.07.27 19:00:00|6989.35|6989.6|6972.4|6975.6|8327
2021.07.27 20:00:00|6975.55|6980.3|6965.1|6968.1|5314
2021.07.27 21:00:00|6968|6990.1|6966.9|6989.6|3647
2021.07.27 22:00:00|6989.3|7002.35|6982.55|6999.15|4124
2021.07.28 03:00:00|7000.75|7013.95|6999.5|7007.95|2853
2021.07.28 04:00:00|7007.9|7013.15|6987.5|6988.45|3570
2021.07.28 05:00:00|6988.3|6999.9|6974.6|6992.75|4149
2021.07.28 06:00:00|6992.95|6993.95|6979.95|6980.3|2348
2021.07.28 07:00:00|6980.9|6983.35|6973.95|6975.5|1256
2021.07.28 08:00:00|6975.6|6991|6965.7|6989.85|3081
2021.07.28 09:00:00|6989.15|6993.6|6973.35|6973.5|4611
2021.07.28 10:00:00|6973.9|6996.9|6971.1|6996.6|16862
2021.07.28 11:00:00|6996.25|7010.85|6992.15|6998.75|7477
2021.07.28 12:00:00|6998.8|7013.75|6997.55|7010.1|4735
2021.07.28 13:00:00|7010|7014.75|6994.6|7000.5|5236
2021.07.28 14:00:00|7000.45|7011.8|6997.65|7003.7|5193
2021.07.28 15:00:00|7003.65|7004.65|6995.7|6998.85|4216
2021.07.28 16:00:00|6998.9|7016.15|6998.8|7015.6|12026
2021.07.28 17:00:00|7015.65|7019.25|7004.35|7017.5|10533
2021.07.28 18:00:00|7017.4|7020.5|7009.25|7014.25|6915
2021.07.28 19:00:00|7014.3|7015.75|7009.25|7011.25|2882
2021.07.28 20:00:00|7011.4|7013.85|7000.7|7001.45|3046
2021.07.28 21:00:00|7001.25|7021.8|6989.6|7019.05|5965
2021.07.28 22:00:00|7018.85|7021.15|7007.5|7008.2|3917
2021.07.29 03:00:00|7015.65|7016.3|7000.95|7011.35|1673
2021.07.29 04:00:00|7010.85|7012.15|6996.95|6998.4|2828
2021.07.29 05:00:00|6998.65|7011.7|6997.55|7008.25|2130
2021.07.29 06:00:00|7008.3|7012.85|7005.95|7007.8|1136
2021.07.29 07:00:00|7007.7|7013.5|7007.5|7009.65|670
2021.07.29 08:00:00|7010.05|7015.3|7008.1|7010.65|1265
2021.07.29 09:00:00|7010.8|7046.2|7010.25|7034.25|4442
2021.07.29 10:00:00|7035.05|7052.05|7029.6|7047.6|18773
2021.07.29 11:00:00|7047.45|7065.05|7047.25|7059.3|7183
2021.07.29 12:00:00|7059.6|7071.1|7058.25|7071.1|5542
2021.07.29 13:00:00|7071.05|7080.8|7068.55|7079.2|5275
2021.07.29 14:00:00|7079.15|7083.3|7071.2|7077.8|3850
2021.07.29 15:00:00|7077.65|7085.3|7074.6|7080.9|4814
2021.07.29 16:00:00|7080.95|7089.55|7076.1|7085.6|10624
2021.07.29 17:00:00|7085.35|7086.65|7071.3|7075.45|13279
2021.07.29 18:00:00|7075.35|7076.75|7067.8|7068.9|9898
2021.07.29 19:00:00|7068.95|7078.4|7068.9|7074.9|2712
2021.07.29 20:00:00|7074.85|7078.9|7074.5|7075.45|2488
2021.07.29 21:00:00|7075.6|7076.5|7069.8|7069.9|2119
2021.07.29 22:00:00|7070.2|7070.2|7056.25|7056.35|3909
2021.07.30 03:00:00|7046.45|7056.9|7034.85|7040.85|4457
2021.07.30 04:00:00|7040.6|7046.8|7034.05|7036.95|3127
2021.07.30 05:00:00|7036.6|7050.85|7035.55|7044.55|2170
2021.07.30 06:00:00|7044.75|7049.6|7039.3|7041.6|1517
2021.07.30 07:00:00|7041.9|7044.2|7038.1|7042.5|789
2021.07.30 08:00:00|7042.25|7042.3|7027.75|7027.75|2469
2021.07.30 09:00:00|7027.85|7037.9|7019.45|7023.15|5756
2021.07.30 10:00:00|7023|7025.15|6994.75|7013.95|22420
2021.07.30 11:00:00|7014|7044.9|7012.65|7021.55|11540
2021.07.30 12:00:00|7021.3|7029.95|7009|7009.8|9509
2021.07.30 13:00:00|7010|7025.65|6994.95|7025.5|8408
2021.07.30 14:00:00|7025.4|7025.8|7009.8|7018.2|6323
2021.07.30 15:00:00|7018.4|7028.4|7011.2|7025.15|5405
2021.07.30 16:00:00|7024.95|7056.6|7018.55|7051.5|12237
2021.07.30 17:00:00|7051.65|7053.8|7034.1|7034.4|13340
2021.07.30 18:00:00|7034.1|7046.65|7025.7|7031.9|10799
2021.07.30 19:00:00|7031.95|7041.15|7030.2|7036.1|3086
2021.07.30 20:00:00|7036.15|7037.3|7029.65|7033.6|2405
2021.07.30 21:00:00|7033.65|7034.35|7021.65|7030.9|2180
2021.07.30 22:00:00|7030.6|7036.4|7026.85|7031.35|3213
2021.08.02 03:00:00|7051.55|7063.8|7044.7|7062.8|1808
2021.08.02 04:00:00|7063.4|7067.6|7057.65|7058.85|2414
2021.08.02 05:00:00|7058.95|7068.65|7052.6|7066.9|2177
2021.08.02 06:00:00|7067.2|7070.4|7062.6|7070.05|1365
2021.08.02 07:00:00|7070.1|7071.8|7068.95|7070.55|585
2021.08.02 08:00:00|7070.65|7072.75|7066.75|7068.3|1222
2021.08.02 09:00:00|7068.4|7085.45|7060.65|7078.05|2347
2021.08.02 10:00:00|7078.25|7110.55|7078.25|7095.9|13650
2021.08.02 11:00:00|7095.75|7108.7|7091.25|7103.25|8234
2021.08.02 12:00:00|7103.05|7115.15|7100.25|7103.15|5659
2021.08.02 13:00:00|7102.9|7104.4|7087.1|7087.1|4511
2021.08.02 14:00:00|7087.65|7091.45|7074|7078|5473
2021.08.02 15:00:00|7077.8|7085.65|7065.85|7076.55|4385
2021.08.02 16:00:00|7076.65|7088.65|7074.75|7083.7|9279
2021.08.02 17:00:00|7083.25|7100.6|7078.55|7092.65|11872
2021.08.02 18:00:00|7092.4|7095.95|7074.3|7074.75|7700
2021.08.02 19:00:00|7074.7|7076.5|7067.15|7070.2|4959
2021.08.02 20:00:00|7070.6|7076|7067.7|7072.25|2722
2021.08.02 21:00:00|7072.4|7077.9|7070.3|7076.15|2740
2021.08.02 22:00:00|7076.2|7077.6|7053.75|7063.75|3172
2021.08.03 03:00:00|7072.65|7088.2|7072|7081.7|1619
2021.08.03 04:00:00|7081.75|7082.45|7068.95|7072.2|3277
2021.08.03 05:00:00|7072.1|7073.7|7065.1|7070.8|2923
2021.08.03 06:00:00|7070.65|7077.4|7069.95|7070.7|1533
2021.08.03 07:00:00|7070.75|7076.25|7068.1|7076.25|980
2021.08.03 08:00:00|7076.05|7082.65|7075.85|7080.2|1841
2021.08.03 09:00:00|7080.05|7095.7|7077.85|7088.2|3645
2021.08.03 10:00:00|7087.95|7120.4|7072.75|7111.6|16645
2021.08.03 11:00:00|7111.55|7115.1|7097.4|7106.6|6733
2021.08.03 12:00:00|7106.45|7121.95|7103.4|7118.05|4955
2021.08.03 13:00:00|7117.9|7119.35|7106.05|7110.2|4819
2021.08.03 14:00:00|7110|7117.85|7103.4|7117.6|3931
2021.08.03 15:00:00|7117.35|7117.35|7090.25|7101.1|7569
2021.08.03 16:00:00|7101.2|7112.85|7079.7|7083.7|14464
2021.08.03 17:00:00|7082.6|7114.65|7082.6|7107.55|17617
2021.08.03 18:00:00|7107.85|7125.05|7106.65|7123.55|12118
2021.08.03 19:00:00|7123.6|7124.6|7113.85|7117.95|3990
2021.08.03 20:00:00|7118.05|7123.65|7117|7121.75|2542
2021.08.03 21:00:00|7121.95|7126.1|7119.65|7121.55|2880
2021.08.03 22:00:00|7121.25|7128.35|7115.7|7123.55|4201
2021.08.04 03:00:00|7112|7119.35|7108.45|7116.95|2097
2021.08.04 04:00:00|7117.05|7123.9|7111.4|7123.45|2095
2021.08.04 05:00:00|7123.55|7125.7|7119.35|7123.2|1637
2021.08.04 06:00:00|7123.3|7126.7|7121.8|7122.6|885
2021.08.04 07:00:00|7122.55|7127.1|7121.6|7125.5|752
2021.08.04 08:00:00|7125.4|7128.95|7122.1|7128.1|1143
2021.08.04 09:00:00|7128|7144.5|7121.9|7138.1|2116
2021.08.04 10:00:00|7139.85|7146.15|7129.35|7130|9362
2021.08.04 11:00:00|7129.95|7137.85|7124.2|7127.7|6006
2021.08.04 12:00:00|7127.6|7141.25|7124.8|7136.9|3216
2021.08.04 13:00:00|7137.1|7145.4|7130.7|7143.55|2717
2021.08.04 14:00:00|7143.15|7143.15|7129.3|7132.9|3374
2021.08.04 15:00:00|7132.8|7135.9|7115.85|7121.6|5419
2021.08.04 16:00:00|7121.35|7135.45|7114.35|7127.45|12615
2021.08.04 17:00:00|7127.2|7145.2|7125.45|7128.95|17912
2021.08.04 18:00:00|7128.65|7134.7|7115.6|7124.35|11022
2021.08.04 19:00:00|7124.1|7127.7|7120.4|7124.75|4073
2021.08.04 20:00:00|7124.8|7128.85|7122.95|7125.65|2792
2021.08.04 21:00:00|7125.7|7128.15|7120.2|7122.1|2811
2021.08.04 22:00:00|7121.8|7123.6|7115.45|7117.15|3416
2021.08.05 03:00:00|7114.65|7124.7|7114.65|7121.1|1451
2021.08.05 04:00:00|7121|7123.75|7117.65|7120.75|1354
2021.08.05 05:00:00|7120.7|7126.75|7120.05|7122.3|1111
2021.08.05 06:00:00|7122.35|7124.2|7119.2|7120.6|816
2021.08.05 07:00:00|7120.7|7121.75|7117.35|7117.65|442
2021.08.05 08:00:00|7117.7|7120.25|7112.75|7115.15|1091
2021.08.05 09:00:00|7115|7116.15|7099.1|7105.55|2847
2021.08.05 10:00:00|7105.5|7133.05|7103.7|7130.75|12069
2021.08.05 11:00:00|7131.15|7135|7121.2|7133.7|5510
2021.08.05 12:00:00|7133.55|7133.95|7118.2|7124.5|4126
2021.08.05 13:00:00|7124.25|7128.25|7109.3|7110.35|3368
2021.08.05 14:00:00|7110.3|7119.05|7105.15|7119|5105
2021.08.05 15:00:00|7119.55|7125.9|7112.4|7114|4477
2021.08.05 16:00:00|7113.95|7124.3|7111.4|7115.5|10533
2021.08.05 17:00:00|7115.45|7119.1|7109.4|7118.85|8503
2021.08.05 18:00:00|7118.9|7131.9|7117.35|7125.9|6586
2021.08.05 19:00:00|7125.65|7128.25|7122.2|7122.25|2208
2021.08.05 20:00:00|7122.3|7128.65|7120.8|7128.65|1468
2021.08.05 21:00:00|7128.5|7130.05|7125.25|7125.8|1756
2021.08.05 22:00:00|7125.5|7128.75|7121.4|7126.25|2597
2021.08.06 03:00:00|7122.45|7126.35|7119.65|7120.9|1152
2021.08.06 04:00:00|7120.7|7121.95|7115.9|7121.5|1710
2021.08.06 05:00:00|7121.85|7122.8|7118.4|7122.65|1161
2021.08.06 06:00:00|7122.4|7127.25|7121.9|7124.8|742
2021.08.06 07:00:00|7124.75|7124.8|7120|7121.05|484
2021.08.06 08:00:00|7121|7124.5|7120.5|7123.7|1011
2021.08.06 09:00:00|7123.55|7132.55|7120.45|7127.3|1557
2021.08.06 10:00:00|7126.7|7129.25|7109.05|7115.4|8923
2021.08.06 11:00:00|7115.45|7121.95|7107.75|7121.45|3696
2021.08.06 12:00:00|7121.4|7130.95|7120.5|7126.95|3282
2021.08.06 13:00:00|7126.8|7135|7125.1|7133.4|4372
2021.08.06 14:00:00|7133.55|7134.6|7123.7|7128.75|2985
2021.08.06 15:00:00|7128.7|7137.3|7121.6|7130.35|7102
2021.08.06 16:00:00|7130.5|7139.65|7123.3|7125.65|13624
2021.08.06 17:00:00|7125.85|7135|7122.55|7134.3|8682
2021.08.06 18:00:00|7134.25|7140.05|7124.25|7129.9|7387
2021.08.06 19:00:00|7130.2|7132.6|7127.4|7130|1648
2021.08.06 20:00:00|7129.95|7129.95|7126.75|7128.9|1168
2021.08.06 21:00:00|7128.95|7129.85|7120.95|7121.3|1484
2021.08.06 22:00:00|7121|7129.95|7119.45|7129.4|1903
2021.08.09 03:00:00|7104.25|7108.95|7099.25|7106.65|1138
2021.08.09 04:00:00|7106.6|7109.75|7103.9|7107.05|1444
2021.08.09 05:00:00|7107.25|7114.7|7106.95|7114.65|806
2021.08.09 06:00:00|7114.6|7116.35|7113.65|7114.55|784
2021.08.09 07:00:00|7114.95|7116.55|7113.7|7115.05|497
2021.08.09 08:00:00|7115.1|7117|7109.8|7110.3|757
2021.08.09 09:00:00|7110|7113.15|7101.6|7109.4|2668
2021.08.09 10:00:00|7109.65|7120.65|7106|7110.55|9917
2021.08.09 11:00:00|7110.5|7111.95|7099.95|7111.8|4305
2021.08.09 12:00:00|7111.6|7112.05|7096.3|7106|3870
2021.08.09 13:00:00|7106.05|7109.55|7096|7096|2356
2021.08.09 14:00:00|7095.65|7111.8|7092.5|7111|2242
2021.08.09 15:00:00|7111.1|7118.55|7102.35|7117.5|2920
2021.08.09 16:00:00|7117.8|7128.95|7112.2|7126.25|9404
2021.08.09 17:00:00|7126.4|7137.55|7123.2|7135.15|9759
2021.08.09 18:00:00|7135.3|7144.15|7132.15|7136.65|6418
2021.08.09 19:00:00|7136.6|7138.25|7134.85|7137.85|2222
2021.08.09 20:00:00|7137.8|7140.65|7137.1|7138.6|1448
2021.08.09 21:00:00|7138.4|7140.8|7134.9|7135.45|1751
2021.08.09 22:00:00|7135.3|7141.95|7131.65|7141.95|2587
2021.08.10 03:00:00|7136.35|7148|7135.7|7146.8|1490
2021.08.10 04:00:00|7146.9|7146.9|7126.65|7127.3|2069
2021.08.10 05:00:00|7127.25|7135|7124.4|7133.65|1905
2021.08.10 06:00:00|7133.7|7134.15|7129.2|7131.2|937
2021.08.10 07:00:00|7131.25|7132.65|7129.3|7131|465
2021.08.10 08:00:00|7131.15|7137.85|7129.4|7136.05|1196
2021.08.10 09:00:00|7136.15|7137.4|7130.65|7135.4|1826
2021.08.10 10:00:00|7135.2|7150.55|7129.2|7137.25|7882
2021.08.10 11:00:00|7137.3|7140.6|7123.55|7130.8|4400
2021.08.10 12:00:00|7130.85|7130.85|7119.35|7119.6|3816
2021.08.10 13:00:00|7119.7|7133.15|7119.7|7130.45|3063
2021.08.10 14:00:00|7129.85|7136.3|7127.8|7133.15|2302
2021.08.10 15:00:00|7133.4|7138.6|7127.65|7137.6|2774
2021.08.10 16:00:00|7137.55|7154.05|7135.6|7150.3|7671
2021.08.10 17:00:00|7150.7|7166.05|7149.05|7165.5|9869
2021.08.10 18:00:00|7165.55|7171.3|7162.2|7170.55|5858
2021.08.10 19:00:00|7170.6|7173.45|7168.25|7172.65|2388
2021.08.10 20:00:00|7172.9|7174.05|7169.85|7172.9|1673
2021.08.10 21:00:00|7173|7179.05|7171.2|7178.15|1810
2021.08.10 22:00:00|7178.3|7182.35|7176.8|7181.8|2295
2021.08.11 03:00:00|7184.65|7186.45|7182.05|7182.7|1627
2021.08.11 04:00:00|7182.65|7184.1|7177.25|7182.35|1717
2021.08.11 05:00:00|7182.4|7184.6|7180.3|7181.55|945
2021.08.11 06:00:00|7181.45|7182.15|7177.4|7177.4|621
2021.08.11 07:00:00|7177.3|7178.05|7174.4|7174.4|417
2021.08.11 08:00:00|7174.45|7179.8|7173.9|7179.45|848
2021.08.11 09:00:00|7179.8|7181.85|7174.4|7181.4|1392
2021.08.11 10:00:00|7181.5|7198.8|7174.1|7187.15|8897
2021.08.11 11:00:00|7187.6|7197.8|7184.15|7193.8|4329
2021.08.11 12:00:00|7193.9|7201|7191.6|7195.8|3420
2021.08.11 13:00:00|7195.75|7205.75|7195.65|7200.3|3062
2021.08.11 14:00:00|7200|7203.55|7195.45|7200.95|2648
2021.08.11 15:00:00|7200.9|7206.2|7192.7|7204.65|5154
2021.08.11 16:00:00|7204.5|7222.25|7204.25|7220.65|10929
2021.08.11 17:00:00|7220.7|7225.5|7212.3|7215.35|10339
2021.08.11 18:00:00|7215.4|7228.45|7210|7222.4|8477
2021.08.11 19:00:00|7222.3|7232.15|7221.65|7230.15|2532
2021.08.11 20:00:00|7230.05|7232.8|7227.65|7231.7|2200
2021.08.11 21:00:00|7231.65|7237|7231.15|7236.6|1371
2021.08.11 22:00:00|7236.5|7241.15|7234.9|7240.6|1947
2021.08.12 03:00:00|7209.35|7212.65|7201.8|7203.2|1203
2021.08.12 04:00:00|7203.3|7205.85|7201.7|7203.1|1542
2021.08.12 05:00:00|7203.25|7205.8|7201.45|7203.25|1113
2021.08.12 06:00:00|7203.45|7207.9|7202.9|7203.3|887
2021.08.12 07:00:00|7203.55|7204.15|7198.85|7199.75|788
2021.08.12 08:00:00|7199.55|7199.8|7194.8|7195.8|1085
2021.08.12 09:00:00|7196.3|7203.15|7186.75|7196.6|2253
2021.08.12 10:00:00|7197|7215.5|7195.5|7204.25|11320
2021.08.12 11:00:00|7204.35|7212.6|7200.95|7211.3|4138
2021.08.12 12:00:00|7211.4|7215.95|7207.75|7215.5|3339
2021.08.12 13:00:00|7215.45|7217.9|7204.6|7206.55|3472
2021.08.12 14:00:00|7206.6|7217.4|7206.35|7206.6|2479
2021.08.12 15:00:00|7206.9|7208.85|7202.05|7203.65|3049
2021.08.12 16:00:00|7203.55|7209.5|7187.1|7189.1|8537
2021.08.12 17:00:00|7188.9|7193.65|7187.05|7190.05|6865
2021.08.12 18:00:00|7190.1|7198.4|7184.2|7196.05|5430
2021.08.12 19:00:00|7196.15|7203.6|7196.15|7202.1|1867
2021.08.12 20:00:00|7202.15|7203.1|7199.9|7201.65|1625
2021.08.12 21:00:00|7201.6|7209.6|7200.05|7208.95|1135
2021.08.12 22:00:00|7208.9|7214.75|7206.15|7207.45|1967
2021.08.13 03:00:00|7208.3|7209.5|7201.95|7205.85|1643
2021.08.13 04:00:00|7205.65|7209|7203.05|7207.1|1606
2021.08.13 05:00:00|7207.6|7212.15|7202.4|7202.5|1102
2021.08.13 06:00:00|7202.6|7207.45|7202.5|7206.95|752
2021.08.13 07:00:00|7206.9|7208.35|7204.95|7205.85|366
2021.08.13 08:00:00|7206|7207.45|7203.4|7205.2|835
2021.08.13 09:00:00|7205.3|7208.4|7196.5|7204.45|1863
2021.08.13 10:00:00|7204.4|7225.6|7202.9|7221.55|8201
2021.08.13 11:00:00|7221.5|7225.7|7212.8|7222.6|3358
2021.08.13 12:00:00|7222.65|7225.9|7207.35|7216.4|4002
2021.08.13 13:00:00|7216.45|7226.65|7213.25|7222.15|2814
2021.08.13 14:00:00|7222.1|7225.65|7217.35|7223.05|2485
2021.08.13 15:00:00|7222.95|7223.4|7218.2|7221.95|2607
2021.08.13 16:00:00|7222.25|7222.9|7211.35|7216.15|6338
2021.08.13 17:00:00|7216.35|7220.2|7211.35|7215.1|6638
2021.08.13 18:00:00|7215.35|7224.8|7212.75|7223.3|4244
2021.08.13 19:00:00|7223.05|7223.4|7214.4|7215.3|1132
2021.08.13 20:00:00|7215.25|7215.9|7211.4|7213.3|1082
2021.08.13 21:00:00|7213.1|7214.2|7206.3|7206.85|1356
2021.08.13 22:00:00|7206.55|7214.15|7204.05|7213.85|2045
2021.08.16 03:00:00|7205.1|7205.4|7175.5|7178.5|1681
2021.08.16 04:00:00|7178.6|7182.05|7173|7174.1|1836
2021.08.16 05:00:00|7174.2|7175.45|7166.55|7174.35|1621
2021.08.16 06:00:00|7174.4|7176.15|7170.05|7175.1|983
2021.08.16 07:00:00|7175.3|7180.7|7170.8|7177.6|711
2021.08.16 08:00:00|7177.45|7181.2|7171.75|7174|1222
2021.08.16 09:00:00|7174.3|7177.4|7159.85|7169.5|3742
2021.08.16 10:00:00|7169.75|7184.3|7159.85|7170.1|14207
2021.08.16 11:00:00|7170.65|7172.7|7152.7|7153.25|6196
2021.08.16 12:00:00|7153.4|7158.15|7149.55|7150|4259
2021.08.16 13:00:00|7150.05|7151.65|7126.15|7148.2|6600
2021.08.16 14:00:00|7148.05|7153.4|7134.8|7138.95|3836
2021.08.16 15:00:00|7139.1|7139.2|7129.35|7131.25|4441
2021.08.16 16:00:00|7131.3|7145.5|7117.7|7128.65|9931
2021.08.16 17:00:00|7128.45|7150.45|7127.6|7137.15|12325
2021.08.16 18:00:00|7137|7160.25|7136.3|7154.15|8093
2021.08.16 19:00:00|7153.9|7159|7153.1|7157.9|2629
2021.08.16 20:00:00|7158.1|7164.75|7156.2|7164.15|2002
2021.08.16 21:00:00|7164.25|7172.45|7163.3|7167.3|1584
2021.08.16 22:00:00|7167.2|7175.85|7166.45|7174.45|2922
2021.08.17 03:00:00|7173.15|7173.4|7150.05|7153.05|1847
2021.08.17 04:00:00|7153.15|7154.5|7143|7145.65|2557
2021.08.17 05:00:00|7145.75|7146.85|7142.85|7144.8|1523
2021.08.17 06:00:00|7145|7145.7|7138.8|7140.15|1135
2021.08.17 07:00:00|7140|7145.3|7139.35|7144.45|669
2021.08.17 08:00:00|7144.55|7144.8|7135.4|7135.9|1492
2021.08.17 09:00:00|7136.15|7136.15|7111.85|7129|3686
2021.08.17 10:00:00|7129.3|7153.45|7121.7|7147.35|11708
2021.08.17 11:00:00|7147.3|7161.6|7140.85|7160.7|8219
2021.08.17 12:00:00|7160.65|7168.7|7155.05|7161.05|6040
2021.08.17 13:00:00|7161|7169.8|7157.05|7163.55|5155
2021.08.17 14:00:00|7163.85|7170.8|7157.8|7169.15|4754
2021.08.17 15:00:00|7169.1|7173.3|7157.55|7171.3|4678
2021.08.17 16:00:00|7171.7|7186.75|7168.15|7178.65|12791
2021.08.17 17:00:00|7178.7|7191.15|7177.4|7184.2|11193
2021.08.17 18:00:00|7184.25|7186.05|7172|7172.7|9474
2021.08.17 19:00:00|7172.8|7174.5|7145.1|7146.65|6631
2021.08.17 20:00:00|7146.75|7157.75|7145|7157.15|5031
2021.08.17 21:00:00|7157.1|7169.25|7155.6|7167.75|3751
2021.08.17 22:00:00|7167.45|7182.05|7166.5|7176.95|4527
2021.08.18 03:00:00|7170.85|7184.7|7168.4|7180.85|2220
2021.08.18 04:00:00|7180.9|7191.5|7177.5|7184.65|2421
2021.08.18 05:00:00|7184.75|7196.55|7182.4|7195.55|1639
2021.08.18 06:00:00|7195.7|7201.35|7195.05|7199.15|1010
2021.08.18 07:00:00|7199.35|7203.5|7198.9|7201.65|657
2021.08.18 08:00:00|7201.85|7208.65|7201.4|7207.9|1017
2021.08.18 09:00:00|7208.15|7210.15|7189.35|7194.5|2930
2021.08.18 10:00:00|7193.95|7203.7|7166.35|7170.65|9229
2021.08.18 11:00:00|7170.6|7174.1|7149.9|7158.9|6724
2021.08.18 12:00:00|7158.35|7166.6|7157|7159.1|5131
2021.08.18 13:00:00|7159.15|7169.6|7146|7165.05|4226
2021.08.18 14:00:00|7165.15|7170.1|7157.9|7159|3860
2021.08.18 15:00:00|7159.05|7163.9|7150.35|7157.15|4768
2021.08.18 16:00:00|7157.5|7162.4|7145.45|7158.9|12983
2021.08.18 17:00:00|7158.85|7168.05|7155.4|7166.25|10543
2021.08.18 18:00:00|7166.2|7174.3|7161.05|7172.8|10731
2021.08.18 19:00:00|7172.75|7174|7166.85|7170.55|4130
2021.08.18 20:00:00|7170.4|7172.35|7167.25|7170.5|2443
2021.08.18 21:00:00|7170.35|7173.35|7154.85|7162.7|7766
2021.08.18 22:00:00|7162.75|7162.75|7128.8|7129.05|7604
2021.08.19 03:00:00|7107.05|7114.85|7105.75|7110.3|1759
2021.08.19 04:00:00|7110.35|7118.95|7108.9|7111|1981
2021.08.19 05:00:00|7111.05|7111.75|7100|7106.55|2592
2021.08.19 06:00:00|7106.65|7112.3|7101.95|7105.35|1525
2021.08.19 07:00:00|7105.45|7107.7|7100|7101.5|890
2021.08.19 08:00:00|7101.55|7102.9|7080.75|7081.75|2777
2021.08.19 09:00:00|7081.9|7083.45|7045.9|7046.6|8890
2021.08.19 10:00:00|7047.2|7060.65|7022|7043.1|25806
2021.08.19 11:00:00|7043|7043.1|7000.05|7015.4|15661
2021.08.19 12:00:00|7015.35|7037.9|6990.1|7032.1|14819
2021.08.19 13:00:00|7031.95|7046.25|7017.75|7024.9|11132
2021.08.19 14:00:00|7025|7034.2|7017.25|7024.65|8287
2021.08.19 15:00:00|7024.85|7041.3|7015.6|7025.1|8995
2021.08.19 16:00:00|7025.25|7073.8|7024.75|7065.75|21627
2021.08.19 17:00:00|7065.9|7078.6|7037.1|7058.65|22242
2021.08.19 18:00:00|7058.75|7079.4|7049.3|7076.85|18161
2021.08.19 19:00:00|7076.8|7086.95|7070.1|7086.75|8860
2021.08.19 20:00:00|7086.7|7087.25|7067.05|7067.15|6872
2021.08.19 21:00:00|7067.1|7074.65|7052.3|7074.1|8841
2021.08.19 22:00:00|7073.8|7088.8|7070.25|7074.5|8061
2021.08.20 03:00:00|7071.1|7089.65|7068.95|7085.55|2610
2021.08.20 04:00:00|7085.45|7087.5|7053.5|7063.55|3807
2021.08.20 05:00:00|7063.65|7074.65|7062.5|7066.45|2856
2021.08.20 06:00:00|7066.5|7080.3|7065.45|7076.4|2234
2021.08.20 07:00:00|7076.45|7077.95|7066.65|7070.9|984
2021.08.20 08:00:00|7070.8|7070.8|7053.7|7063.1|3358
2021.08.20 09:00:00|7063.5|7076.6|7057.25|7074.55|4919
2021.08.20 10:00:00|7074.5|7085.15|7033.4|7043.2|18451
2021.08.20 11:00:00|7043.15|7054.15|7030.5|7044.45|10457
2021.08.20 12:00:00|7044.4|7060.5|7030.6|7045|5905
2021.08.20 13:00:00|7045.2|7050.95|7035|7041.8|4434
2021.08.20 14:00:00|7041.85|7058.1|7033.1|7048.1|5472
2021.08.20 15:00:00|7048.3|7057|7045.8|7056.8|6093
2021.08.20 16:00:00|7056.55|7084|7051.3|7082.6|16830
2021.08.20 17:00:00|7082.8|7096.8|7080.9|7089.25|13632
2021.08.20 18:00:00|7089.3|7095.15|7084.8|7094.95|9255
2021.08.20 19:00:00|7095|7107.3|7094.8|7103.8|4360
2021.08.20 20:00:00|7103.9|7108.15|7098.3|7098.3|2507
2021.08.20 21:00:00|7098.6|7103.3|7094|7099.3|3428
2021.08.20 22:00:00|7099|7114.25|7098.1|7106.25|4014
2021.08.23 03:00:00|7115.05|7118.85|7110.2|7117.15|2364
2021.08.23 04:00:00|7117.5|7124.1|7109.5|7122.7|3246
2021.08.23 05:00:00|7122.75|7129.25|7120.4|7128.85|1673
2021.08.23 06:00:00|7128.55|7132.1|7123.5|7124.15|1615
2021.08.23 07:00:00|7124.05|7125.3|7122.65|7123.4|757
2021.08.23 08:00:00|7123.25|7129.5|7120.25|7128.65|1277
2021.08.23 09:00:00|7128.75|7144.05|7128.75|7143.65|3481
2021.08.23 10:00:00|7143.05|7150.75|7101.5|7109.45|13147
2021.08.23 11:00:00|7108.95|7117.4|7102.7|7113.65|6922
2021.08.23 12:00:00|7113.9|7119.7|7109|7114.5|4098
2021.08.23 13:00:00|7114.9|7124.45|7113.05|7123.5|3829
2021.08.23 14:00:00|7123.4|7123.4|7108.85|7110.85|4085
2021.08.23 15:00:00|7110.75|7114.35|7104.4|7107.35|4034
2021.08.23 16:00:00|7107.05|7109.45|7098.35|7107.2|11324
2021.08.23 17:00:00|7107.5|7115.6|7107.5|7113.5|10415
2021.08.23 18:00:00|7113.6|7117.35|7105.3|7108.6|7843
2021.08.23 19:00:00|7108.7|7115.3|7107.85|7115.3|2519
2021.08.23 20:00:00|7115.25|7117.3|7110.65|7111.55|2199
2021.08.23 21:00:00|7111.65|7116.9|7110.35|7115.5|2256
2021.08.23 22:00:00|7115.2|7116.1|7108.35|7111.8|3243
2021.08.24 03:00:00|7121.2|7124.95|7117.1|7122.35|1148
2021.08.24 04:00:00|7122.55|7128.1|7118.6|7126.45|1282
2021.08.24 05:00:00|7126.3|7128.7|7124|7125.95|1106
2021.08.24 06:00:00|7126|7127|7124.45|7126.1|666
2021.08.24 07:00:00|7126.15|7127.5|7123.65|7124.45|366
2021.08.24 08:00:00|7124.55|7127.55|7122.2|7125|1020
2021.08.24 09:00:00|7125.2|7131.2|7114.35|7130.35|3416
2021.08.24 10:00:00|7130.75|7131.2|7109.2|7111.1|10885
2021.08.24 11:00:00|7110.9|7122.8|7097.75|7098.35|6457
2021.08.24 12:00:00|7098.45|7103|7086.4|7086.45|5148
2021.08.24 13:00:00|7086.5|7101.7|7084.4|7096|4436
2021.08.24 14:00:00|7096.7|7099.05|7082.2|7083.75|3135
2021.08.24 15:00:00|7083.6|7085.8|7074.2|7078.8|4665
2021.08.24 16:00:00|7079.35|7097.6|7075.8|7093.6|10391
2021.08.24 17:00:00|7093.75|7109.85|7086.75|7108.9|9580
2021.08.24 18:00:00|7109.4|7121.85|7109.35|7118.5|8558
2021.08.24 19:00:00|7118.45|7122.35|7116.35|7119.85|1984
2021.08.24 20:00:00|7120.25|7122.45|7117.8|7121.8|1364
2021.08.24 21:00:00|7121.85|7124.05|7119.85|7123.85|1438
2021.08.24 22:00:00|7123.55|7125.7|7110.4|7111.05|3033
2021.08.25 03:00:00|7118|7124.95|7118|7122.25|2046
2021.08.25 04:00:00|7122|7123.4|7117.9|7118.6|1575
2021.08.25 05:00:00|7118.5|7120.25|7107.4|7111|1796
2021.08.25 06:00:00|7110.5|7113.25|7105.2|7109.55|1432
2021.08.25 07:00:00|7109.5|7111.95|7108.2|7108.3|474
2021.08.25 08:00:00|7108.35|7116.35|7108.25|7115|975
2021.08.25 09:00:00|7115.1|7127.65|7112.2|7125.35|2714
2021.08.25 10:00:00|7125.8|7145.85|7121.75|7134.8|13531
2021.08.25 11:00:00|7134.55|7139.5|7126.3|7135.75|6456
2021.08.25 12:00:00|7135.9|7140.85|7132|7139.5|4655
2021.08.25 13:00:00|7139.4|7142.2|7135.95|7140.55|4170
2021.08.25 14:00:00|7140.85|7141.25|7128.8|7140.75|4742
2021.08.25 15:00:00|7140.5|7149.6|7136.8|7149.55|4338
2021.08.25 16:00:00|7149.85|7151.8|7136.35|7144.95|10678
2021.08.25 17:00:00|7145.35|7145.85|7130.8|7141.8|10895
2021.08.25 18:00:00|7141.75|7153.95|7139.3|7152.3|7669
2021.08.25 19:00:00|7152.25|7153.3|7144.5|7145.75|2511
2021.08.25 20:00:00|7145.6|7145.6|7140.3|7140.8|2292
2021.08.25 21:00:00|7140.85|7143.5|7139.6|7143.1|2443
2021.08.25 22:00:00|7142.8|7144.65|7137.15|7139.45|3449
2021.08.26 03:00:00|7132|7132|7120.7|7124.35|1519
2021.08.26 04:00:00|7124.4|7128.8|7119.25|7125.25|2039
2021.08.26 05:00:00|7125.35|7125.8|7118.25|7125.35|1575
2021.08.26 06:00:00|7125.15|7125.8|7119.85|7124.1|876
2021.08.26 07:00:00|7124|7124.65|7121.1|7122.05|750
2021.08.26 08:00:00|7121.9|7126.5|7120.8|7121.5|1377
2021.08.26 09:00:00|7120.75|7122.5|7105.6|7109.1|4322
2021.08.26 10:00:00|7108.65|7130.4|7092.9|7123.6|13729
2021.08.26 11:00:00|7123.8|7131.7|7116.95|7117.45|6490
2021.08.26 12:00:00|7117.4|7124.5|7104.85|7123.45|6556
2021.08.26 13:00:00|7123.5|7130.9|7116.45|7129.95|4010
2021.08.26 14:00:00|7130|7134.85|7123.45|7133|3292
2021.08.26 15:00:00|7133.4|7135.95|7127.55|7132.45|3769
2021.08.26 16:00:00|7132.5|7146.5|7126.55|7136.95|8616
2021.08.26 17:00:00|7136.7|7142.35|7116.35|7123.2|14224
2021.08.26 18:00:00|7123.45|7132.5|7116.7|7130.7|10565
2021.08.26 19:00:00|7130.5|7142.5|7130.5|7140.45|4178
2021.08.26 20:00:00|7140.5|7141.5|7131.75|7133.95|2915
2021.08.26 21:00:00|7133.85|7133.95|7122.75|7123.45|3522
2021.08.26 22:00:00|7123.3|7126.6|7116.5|7124.2|4842
2021.08.27 03:00:00|7113.85|7121.9|7110.35|7121.5|1861
2021.08.27 04:00:00|7121.6|7129|7120.05|7125.7|2540
2021.08.27 05:00:00|7125.6|7138.7|7125.55|7131.8|1800
2021.08.27 06:00:00|7131.7|7132.8|7128.3|7129.45|1187
2021.08.27 07:00:00|7129.55|7133.15|7129.15|7130.5|527
2021.08.27 08:00:00|7130.55|7134.5|7127.6|7134.25|1116
2021.08.27 09:00:00|7134|7136.9|7128.25|7128.5|2060
2021.08.27 10:00:00|7128.7|7138.7|7116.8|7135.35|7062
2021.08.27 11:00:00|7135|7140.15|7127.35|7129|3549
2021.08.27 12:00:00|7129.25|7133.5|7123.75|7124.2|3272
2021.08.27 13:00:00|7124.1|7127.3|7119.8|7120.4|2446
2021.08.27 14:00:00|7120.45|7123.85|7108.25|7111.9|3107
2021.08.27 15:00:00|7111.75|7120.95|7109.9|7117.65|3651
2021.08.27 16:00:00|7117.5|7144|7116.45|7135.4|9109
2021.08.27 17:00:00|7135.6|7158.45|7127.85|7156.7|11910
2021.08.27 18:00:00|7156.6|7159.8|7147.85|7155.4|9555
2021.08.27 19:00:00|7155.55|7157.15|7148.8|7150.45|3642
2021.08.27 20:00:00|7150.5|7155.2|7150.45|7152.85|1830
2021.08.27 21:00:00|7153.15|7153.2|7149.3|7150.1|1828
2021.08.27 22:00:00|7149.8|7155|7144.5|7148.5|3792
2021.08.31 03:00:00|7142.5|7148.05|7139.55|7147.25|1863
2021.08.31 04:00:00|7147.3|7149.85|7140.7|7141.4|1521
2021.08.31 05:00:00|7141|7142.45|7139.3|7139.95|1101
2021.08.31 06:00:00|7140|7150.15|7139.95|7150.05|1002
2021.08.31 07:00:00|7149.95|7159.95|7149.85|7158.5|490
2021.08.31 08:00:00|7158.55|7172.5|7158.55|7169.85|1897
2021.08.31 09:00:00|7170|7179.85|7166.5|7166.95|2941
2021.08.31 10:00:00|7167.1|7170.2|7139.15|7140.7|17409
2021.08.31 11:00:00|7140.5|7149.05|7135.2|7142|6641
2021.08.31 12:00:00|7142.3|7149.45|7130.8|7130.85|5489
2021.08.31 13:00:00|7130.8|7137.65|7102.35|7112.85|9381
2021.08.31 14:00:00|7112.75|7116.1|7101.35|7112.6|9374
2021.08.31 15:00:00|7112.45|7116.85|7101.4|7103.8|7553
2021.08.31 16:00:00|7104.1|7121.55|7092.95|7099.15|11052
2021.08.31 17:00:00|7099.45|7112.8|7096.75|7112.5|19432
2021.08.31 18:00:00|7112.3|7139|7109.7|7134.05|12613
2021.08.31 19:00:00|7134|7134.55|7128|7129.05|3323
2021.08.31 20:00:00|7129.1|7130.05|7124.65|7127.5|3173
2021.08.31 21:00:00|7127.55|7128.5|7122.25|7128.25|3014
2021.08.31 22:00:00|7128.3|7129.1|7119.25|7121.7|5127
2021.09.01 03:00:00|7129.95|7133.95|7126.75|7131.85|1936
2021.09.01 04:00:00|7132.1|7141.2|7131.15|7140.35|2247
2021.09.01 05:00:00|7140.45|7145.5|7139|7142.75|1841
2021.09.01 06:00:00|7142.8|7146.55|7141.6|7142.2|1114
2021.09.01 07:00:00|7142.3|7145.95|7140.15|7140.8|814
2021.09.01 08:00:00|7141|7151.6|7140.8|7151.15|1284
2021.09.01 09:00:00|7151.5|7171.35|7151.05|7162.6|5167
2021.09.01 10:00:00|7163.05|7182.2|7162.1|7177.25|18159
2021.09.01 11:00:00|7176.9|7191.5|7176.7|7187.6|7761
2021.09.01 12:00:00|7187.45|7189.7|7169.5|7170.55|5513
2021.09.01 13:00:00|7170.1|7177.9|7160.9|7177.85|4126
2021.09.01 14:00:00|7177.95|7188.8|7175.85|7184.3|5469
2021.09.01 15:00:00|7184.25|7187.3|7157.55|7157.7|6361
2021.09.01 16:00:00|7157.65|7166.65|7148.15|7157.45|12293
2021.09.01 17:00:00|7157.95|7166.3|7148.45|7154.65|14672
2021.09.01 18:00:00|7154.6|7157.85|7146.5|7155.05|10403
2021.09.01 19:00:00|7155.15|7170.3|7154|7168.1|2988
2021.09.01 20:00:00|7168.2|7170.9|7162.65|7170.1|2199
2021.09.01 21:00:00|7170.2|7170.3|7162.1|7163.75|2837
2021.09.01 22:00:00|7163.45|7164.3|7155.9|7159.8|3269
2021.09.02 03:00:00|7152.2|7154.9|7128.95|7131.3|2131
2021.09.02 04:00:00|7131.35|7139.2|7125.3|7133.55|1893
2021.09.02 05:00:00|7133.5|7139.55|7131.8|7132.55|1336
2021.09.02 06:00:00|7132.45|7137.25|7130.5|7135.3|1135
2021.09.02 07:00:00|7135.1|7137.5|7134.15|7136.75|453
2021.09.02 08:00:00|7136.65|7139.7|7134.05|7136.85|886
2021.09.02 09:00:00|7137.1|7137.65|7124.75|7134.95|2994
2021.09.02 10:00:00|7134.9|7159.4|7127.2|7155.25|14508
2021.09.02 11:00:00|7155.2|7160.7|7149.2|7152.7|5599
2021.09.02 12:00:00|7152.75|7153|7141.4|7145.55|4752
2021.09.02 13:00:00|7145.6|7149.7|7139.9|7143.65|4013
2021.09.02 14:00:00|7143.85|7147.1|7140.25|7141.05|3022
2021.09.02 15:00:00|7140.8|7151.05|7139.45|7149.55|3258
2021.09.02 16:00:00|7149.75|7154.9|7146.9|7152.35|8638
2021.09.02 17:00:00|7152.4|7161.5|7146.75|7159.05|8400
2021.09.02 18:00:00|7158.75|7172.3|7157.95|7162.1|6945
2021.09.02 19:00:00|7162.3|7163.1|7154.8|7158.4|2658
2021.09.02 20:00:00|7158.55|7159.75|7149.05|7151.15|3133
2021.09.02 21:00:00|7151.1|7152.55|7145.9|7151.45|4433
2021.09.02 22:00:00|7151.65|7152.9|7144.55|7150|4457
2021.09.03 03:00:00|7147.8|7156.85|7147.8|7151.15|1166
2021.09.03 04:00:00|7151|7152.15|7147.25|7149.7|1439
2021.09.03 05:00:00|7149.65|7166.7|7149.2|7166.7|2252
2021.09.03 06:00:00|7166.8|7168.4|7158.9|7164.55|2248
2021.09.03 07:00:00|7164.6|7167.65|7160.7|7163.65|1048
2021.09.03 08:00:00|7163.75|7171.7|7161.7|7171.05|1138
2021.09.03 09:00:00|7171.1|7171.1|7163.7|7167.05|1752
2021.09.03 10:00:00|7166.8|7178.35|7156.35|7177.85|9670
2021.09.03 11:00:00|7177.8|7180.85|7173.15|7173.7|4167
2021.09.03 12:00:00|7173.65|7176.95|7168.9|7170.55|3905
2021.09.03 13:00:00|7170.4|7180.2|7170.1|7179.15|2643
2021.09.03 14:00:00|7178.95|7181.9|7176.05|7177.7|2463
2021.09.03 15:00:00|7177.65|7178.4|7161.45|7177.65|7187
2021.09.03 16:00:00|7177.85|7180.15|7126.15|7132.3|15644
2021.09.03 17:00:00|7131.65|7145.2|7121.6|7140.45|12762
2021.09.03 18:00:00|7140.15|7145.4|7133.05|7135.55|8295
2021.09.03 19:00:00|7135.65|7139.75|7132.7|7137.65|2713
2021.09.03 20:00:00|7137.6|7142.1|7137.55|7139.15|1904
2021.09.03 21:00:00|7139.05|7142.4|7137.6|7139.95|1805
2021.09.03 22:00:00|7140|7145.35|7137.1|7143.7|2496
2021.09.06 03:00:00|7131.7|7132.45|7121.3|7129.15|2105
2021.09.06 04:00:00|7129.2|7142.9|7129|7136.65|2231
2021.09.06 05:00:00|7136.75|7140.6|7131.6|7136.9|2033
2021.09.06 06:00:00|7137|7145.35|7135|7145.15|943
2021.09.06 07:00:00|7145.2|7148.15|7144.35|7145.1|490
2021.09.06 08:00:00|7145.2|7150.5|7141.85|7149.8|884
2021.09.06 09:00:00|7149.7|7168.7|7149.3|7160.8|2325
2021.09.06 10:00:00|7161|7178|7155.15|7171.15|9719
2021.09.06 11:00:00|7171.1|7180.4|7169.6|7179.15|4434
2021.09.06 12:00:00|7179.2|7184.7|7175.6|7180.2|3884
2021.09.06 13:00:00|7180.25|7193.15|7180.25|7185.5|3718
2021.09.06 14:00:00|7185.65|7188.7|7181.15|7184.2|2570
2021.09.06 15:00:00|7184|7190.55|7183.55|7185.45|2351
2021.09.06 16:00:00|7185.2|7192.95|7180.85|7190.95|3059
2021.09.06 17:00:00|7190.85|7197.75|7189.05|7189.8|4016
2021.09.06 18:00:00|7189.85|7193|7184.8|7186.7|5113
2021.09.06 19:00:00|7186.8|7190|7183.2|7185|1182
2021.09.06 20:00:00|7185.05|7187.15|7184.1|7186.25|276
2021.09.06 21:00:00|7186.2|7187.85|7182.45|7182.5|294
2021.09.06 22:00:00|7182.45|7186.95|7181.5|7185.85|686
2021.09.07 03:00:00|7168.15|7177.7|7167|7169.15|1475
2021.09.07 04:00:00|7168.8|7169.15|7161.25|7163.7|2614
2021.09.07 05:00:00|7163.45|7172.95|7163.15|7172.6|1370
2021.09.07 06:00:00|7172.5|7173.7|7167.7|7173|1144
2021.09.07 07:00:00|7172.75|7174.6|7169.05|7172.6|781
2021.09.07 08:00:00|7172.65|7174.2|7169.35|7172.75|1627
2021.09.07 09:00:00|7172.85|7181.1|7171.9|7179.65|3329
2021.09.07 10:00:00|7179.7|7180.75|7164.05|7172.95|12797
2021.09.07 11:00:00|7172.05|7178.25|7163.25|7172.9|9394
2021.09.07 12:00:00|7172.85|7175.25|7158.1|7166.85|7719
2021.09.07 13:00:00|7166.75|7169.4|7153.35|7168.35|5306
2021.09.07 14:00:00|7167.95|7176.25|7165.85|7173.85|3803
2021.09.07 15:00:00|7173.9|7177.3|7170.5|7176.65|3424
2021.09.07 16:00:00|7176.4|7176.8|7161.85|7167.95|10559
2021.09.07 17:00:00|7167.8|7171.4|7152.3|7157.4|11805
2021.09.07 18:00:00|7157.2|7157.95|7143.2|7143.85|8184
2021.09.07 19:00:00|7143.4|7150.85|7142.9|7146.9|4598
2021.09.07 20:00:00|7146.85|7148.3|7136.1|7136.25|2423
2021.09.07 21:00:00|7135.85|7135.9|7121.35|7124.3|3792
2021.09.07 22:00:00|7124.05|7127.65|7116.1|7124.55|4911
2021.09.08 03:00:00|7109.75|7127.75|7107.9|7126.85|1678
2021.09.08 04:00:00|7126.9|7131.3|7123.9|7129.85|1834
2021.09.08 05:00:00|7129.9|7133.35|7126.45|7127.9|1396
2021.09.08 06:00:00|7127.95|7129.85|7116.9|7118.2|1428
2021.09.08 07:00:00|7118.3|7122.4|7116.3|7120.85|804
2021.09.08 08:00:00|7120.95|7130.75|7119.8|7127.3|1250
2021.09.08 09:00:00|7126.9|7133.5|7109.8|7116.6|4038
2021.09.08 10:00:00|7116.25|7116.25|7083.2|7086.15|28421
2021.09.08 11:00:00|7086.5|7091.2|7059.65|7063.7|16991
2021.09.08 12:00:00|7063.75|7094.45|7059.8|7091.05|9302
2021.09.08 13:00:00|7090.9|7117.6|7084.55|7110.6|9994
2021.09.08 14:00:00|7110.4|7127.05|7110.4|7121.95|8392
2021.09.08 15:00:00|7122.05|7128|7096.05|7114.65|12053
2021.09.08 16:00:00|7114.7|7130|7110.1|7117.85|17006
2021.09.08 17:00:00|7118.15|7127.25|7091.4|7097.05|24283
2021.09.08 18:00:00|7097|7108.25|7088.55|7093.2|18254
2021.09.08 19:00:00|7093.25|7105.85|7089.05|7089.55|9290
2021.09.08 20:00:00|7089.65|7096.1|7086.55|7088.05|6166
2021.09.08 21:00:00|7088|7095.45|7087.25|7091.75|6582
2021.09.08 22:00:00|7091.7|7094.9|7081.9|7082.65|4493
2021.09.09 03:00:00|7076.8|7083.15|7066.25|7067.1|1816
2021.09.09 04:00:00|7066.6|7073|7063.7|7070.65|2615
2021.09.09 05:00:00|7070.6|7073|7061.2|7062.6|1610
2021.09.09 06:00:00|7062.3|7065.15|7054.55|7059.15|1456
2021.09.09 07:00:00|7059.2|7061.65|7048.2|7052|1093
2021.09.09 08:00:00|7051.95|7052.05|7037.95|7038.5|1980
2021.09.09 09:00:00|7038.55|7048.55|7032.55|7038.7|7208
2021.09.09 10:00:00|7038.3|7042.5|7004|7023|20822
2021.09.09 11:00:00|7022.95|7035.45|7005.85|7006.35|10957
2021.09.09 12:00:00|7006.4|7018.95|6997.35|7017.75|9249
2021.09.09 13:00:00|7017.85|7018|7003.85|7011.3|6720
2021.09.09 14:00:00|7011.75|7030|7005.1|7027.75|7732
2021.09.09 15:00:00|7027.8|7031.5|7010.4|7022.35|8351
2021.09.09 16:00:00|7022.4|7028.35|7008.4|7028.2|13154
2021.09.09 17:00:00|7028.4|7045|7025.9|7036.65|12101
2021.09.09 18:00:00|7036.5|7041.5|7018.5|7030.9|11254
2021.09.09 19:00:00|7031|7032|7019.45|7020.25|6316
2021.09.09 20:00:00|7020.05|7023|6995.25|6999.45|10811
2021.09.09 21:00:00|6999.1|7004.65|6992.1|7003.1|6412
2021.09.09 22:00:00|7002.8|7013.75|6998.7|7005.9|5409
2021.09.10 03:00:00|7002.7|7018.2|7002.7|7010.15|2035
2021.09.10 04:00:00|7010|7020.85|7002.05|7018.75|2505
2021.09.10 05:00:00|7018.55|7028.75|7018.4|7028.25|2191
2021.09.10 06:00:00|7028.3|7033.45|7027.45|7030.55|1351
2021.09.10 07:00:00|7030.25|7045.7|7030.05|7043.65|1210
2021.09.10 08:00:00|7043.7|7051.4|7043.7|7048|1514
2021.09.10 09:00:00|7047.75|7058.2|7043.65|7057.4|3054
2021.09.10 10:00:00|7057.5|7057.5|7030.15|7047.35|12860
2021.09.10 11:00:00|7047.45|7056.5|7040.05|7054.05|6063
2021.09.10 12:00:00|7053.85|7055|7040.55|7041.85|4272
2021.09.10 13:00:00|7041.6|7055.15|7041.05|7051.35|3467
2021.09.10 14:00:00|7051.5|7051.65|7042.6|7044.85|2980
2021.09.10 15:00:00|7044.65|7054.85|7044.1|7047.65|3515
2021.09.10 16:00:00|7047.9|7055|7033.15|7033.55|10636
2021.09.10 17:00:00|7033.25|7040.6|7012.9|7023.3|19209
2021.09.10 18:00:00|7023.65|7033.2|7020.85|7031.2|17919
2021.09.10 19:00:00|7031.3|7037.7|7029.3|7035.4|5463
2021.09.10 20:00:00|7035.6|7037.85|7027.85|7031.5|4139
2021.09.10 21:00:00|7031.45|7033.15|7024.1|7025.7|3897
2021.09.10 22:00:00|7025.4|7025.7|7005.2|7008.55|8725
2021.09.13 03:00:00|7022.2|7040.05|7022.2|7028|2197
2021.09.13 04:00:00|7028.1|7030.65|7021.05|7023.7|3115
2021.09.13 05:00:00|7023.55|7029.45|7021.7|7026.45|1984
2021.09.13 06:00:00|7026.25|7032.05|7024.45|7027.7|1342
2021.09.13 07:00:00|7027.65|7029|7022.65|7026.7|912
2021.09.13 08:00:00|7026.75|7036.5|7015.2|7036.25|2086
2021.09.13 09:00:00|7035.95|7060.45|7034.5|7058.15|5289
2021.09.13 10:00:00|7058.65|7072.8|7052.2|7061.35|15528
2021.09.13 11:00:00|7061.65|7075.4|7061.65|7064.9|7155
2021.09.13 12:00:00|7064.8|7072.4|7061.4|7068.9|4412
2021.09.13 13:00:00|7068.95|7088.3|7068.8|7084.65|4035
2021.09.13 14:00:00|7084.8|7094.3|7082.75|7088.2|4369
2021.09.13 15:00:00|7088.25|7088.8|7077.8|7085.25|3186
2021.09.13 16:00:00|7085.3|7089.3|7074.7|7077.3|12321
2021.09.13 17:00:00|7077.7|7085.25|7062.55|7077.75|18124
2021.09.13 18:00:00|7077.8|7079.8|7064.75|7070.75|13590
2021.09.13 19:00:00|7070.8|7079.75|7068.1|7075.5|7821
2021.09.13 20:00:00|7075.3|7078.05|7057.8|7061.05|6321
2021.09.13 21:00:00|7060.8|7064.15|7050.25|7057.75|6734
2021.09.13 22:00:00|7057.7|7069.15|7048.95|7069.05|8820
2021.09.14 03:00:00|7077.15|7077.55|7064.2|7072.15|1924
2021.09.14 04:00:00|7072.2|7078.3|7072|7076.7|1842
2021.09.14 05:00:00|7076.8|7079.85|7067.4|7068.4|2026
2021.09.14 06:00:00|7068.25|7077.75|7067.35|7075|1179
2021.09.14 07:00:00|7074.85|7077.95|7072.85|7075.45|725
2021.09.14 08:00:00|7075.35|7078.75|7070.95|7071|1256
2021.09.14 09:00:00|7070.95|7071.6|7050.1|7053.2|3307
2021.09.14 10:00:00|7053.3|7061.45|7019.3|7043.65|12135
2021.09.14 11:00:00|7043.15|7058.5|7042.1|7054.6|8363
2021.09.14 12:00:00|7054.85|7058.4|7043.45|7046.95|4858
2021.09.14 13:00:00|7046.85|7052.9|7043.9|7052.85|4111
2021.09.14 14:00:00|7052.65|7053.4|7033.75|7039|4895
2021.09.14 15:00:00|7039.2|7069.8|7036.25|7060.8|8446
2021.09.14 16:00:00|7060.95|7067.65|7044.15|7044.8|12429
2021.09.14 17:00:00|7044.95|7046.8|7021.75|7026.85|16301
2021.09.14 18:00:00|7026.8|7048.45|7024.55|7048.35|9333
2021.09.14 19:00:00|7048.3|7051.1|7036.85|7037.3|4741
2021.09.14 20:00:00|7037.15|7041.15|7028.8|7039.7|5168
2021.09.14 21:00:00|7039.6|7039.8|7022|7029.8|5655
2021.09.14 22:00:00|7029.5|7031.2|7022.25|7024.95|7526
2021.09.15 03:00:00|7032.4|7042.75|7028.6|7029.85|1747
2021.09.15 04:00:00|7029.9|7035.3|7027.9|7028.35|1663
2021.09.15 05:00:00|7028.3|7037.25|7022.55|7032.3|1850
2021.09.15 06:00:00|7032.55|7039.5|7030.2|7038.35|990
2021.09.15 07:00:00|7038.6|7045.25|7038.15|7044.4|700
2021.09.15 08:00:00|7044.6|7045.4|7033.05|7033.45|1715
2021.09.15 09:00:00|7034.2|7037.35|7022.8|7035.2|3964
2021.09.15 10:00:00|7035.7|7041.8|7026.3|7033.4|11557
2021.09.15 11:00:00|7033.15|7039.85|7031.15|7038.4|5042
2021.09.15 12:00:00|7038.35|7049.9|7037.15|7049.05|3981
2021.09.15 13:00:00|7049.1|7050|7035.9|7036.9|4223
2021.09.15 14:00:00|7036.95|7046.7|7035.9|7036.9|4773
2021.09.15 15:00:00|7037|7040.5|7021|7035.6|6792
2021.09.15 16:00:00|7035.55|7048.8|7029.5|7038.9|16113
2021.09.15 17:00:00|7039|7044.75|7023|7034.5|20123
2021.09.15 18:00:00|7034.35|7038|7011.35|7020.45|11900
2021.09.15 19:00:00|7020.4|7040.7|7017.4|7038.85|5615
2021.09.15 20:00:00|7038.7|7046.95|7038.7|7041.7|4304
2021.09.15 21:00:00|7041.45|7048.35|7040.4|7047.9|4583
2021.09.15 22:00:00|7047.6|7052.15|7045.05|7049.75|4411
2021.09.16 03:00:00|7047.1|7054.65|7044.85|7051.6|1059
2021.09.16 04:00:00|7051.5|7059.85|7042.55|7042.9|2007
2021.09.16 05:00:00|7043.15|7050.85|7037.75|7047.7|1871
2021.09.16 06:00:00|7048|7049.3|7033.7|7033.8|1228
2021.09.16 07:00:00|7033.85|7040.7|7033.85|7038.7|850
2021.09.16 08:00:00|7038.95|7042.9|7029.5|7033.25|1308
2021.09.16 09:00:00|7032.55|7047.05|7032.55|7038.1|1872
2021.09.16 10:00:00|7038.6|7053.45|7028.55|7052.25|9690
2021.09.16 11:00:00|7052.2|7058.7|7047.25|7056.7|5751
2021.09.16 12:00:00|7056.65|7059.3|7047.8|7051|4391
2021.09.16 13:00:00|7050.85|7056.5|7047.45|7049.6|3323
2021.09.16 14:00:00|7049.5|7054.95|7038|7038.35|3684
2021.09.16 15:00:00|7038|7055|7027.5|7052.9|6560
2021.09.16 16:00:00|7052.8|7061.75|7035.85|7039.05|15647
2021.09.16 17:00:00|7038.9|7042.9|7027.25|7034.7|14972
2021.09.16 18:00:00|7034.8|7043.3|7025.1|7038.4|10698
2021.09.16 19:00:00|7038.5|7050.85|7036.8|7047.9|5333
2021.09.16 20:00:00|7047.95|7057.85|7042.6|7057.35|4461
2021.09.16 21:00:00|7057.7|7068|7055.15|7067.05|4438
2021.09.16 22:00:00|7067.1|7076.9|7059.65|7071.5|6377
2021.09.17 03:00:00|7058.75|7064.7|7052.85|7056.2|1624
2021.09.17 04:00:00|7056.25|7062|7044.75|7058.7|2157
2021.09.17 05:00:00|7058.65|7067.45|7058.2|7062.6|1583
2021.09.17 06:00:00|7062.65|7069.9|7061.05|7061.05|930
2021.09.17 07:00:00|7061|7064.15|7059.45|7060.75|771
2021.09.17 08:00:00|7060.65|7069.55|7060.25|7066.3|1436
2021.09.17 09:00:00|7066.35|7081.4|7061.35|7072.45|3279
2021.09.17 10:00:00|7072.5|7095.45|7043.1|7055.35|15613
2021.09.17 11:00:00|7055.4|7058.55|7044.55|7056.5|6442
2021.09.17 12:00:00|7056.55|7059.7|7016.7|7026.95|10504
2021.09.17 13:00:00|7026.7|7031.7|7003.2|7014.65|10327
2021.09.17 14:00:00|7014.45|7028.85|7012.15|7023.1|7645
2021.09.17 15:00:00|7023.05|7050.6|7021.35|7043.05|5824
2021.09.17 16:00:00|7043.1|7046.6|7001.1|7007.15|14413
2021.09.17 17:00:00|7007.1|7007.9|6958.1|6963.65|21613
2021.09.17 18:00:00|6963.8|6970.95|6932.35|6964.85|20853
2021.09.17 19:00:00|6964.2|6987.8|6963.45|6981|9855
2021.09.17 20:00:00|6981.05|6982.75|6963.25|6969.45|6302
2021.09.17 21:00:00|6969.15|6989.65|6968.45|6985.85|4167
