2021.02.05 18:00:00|21083.28|21091.7|21054.45|21067.65|6407
2021.02.08 10:00:00|21101.6|21114.38|20972.48|20980.37|7601
2021.02.08 11:00:00|20980.42|21008.68|20959.72|21005.64|4752
2021.02.08 12:00:00|21005.66|21037.22|20999.63|21036.73|4049
2021.02.08 13:00:00|21036.69|21066.75|21034.98|21055.9|4051
2021.02.08 14:00:00|21056.01|21096.08|21046.6|21086.41|4070
2021.02.08 15:00:00|21086.53|21106.53|21084.9|21100.22|3731
2021.02.08 16:00:00|21100.42|21116.57|21088.64|21090.98|5408
2021.02.08 17:00:00|21090.92|21094.65|21039.71|21060.41|6868
2021.02.08 18:00:00|21060.35|21077.58|21049.3|21072.56|5147
2021.02.09 10:00:00|21118.65|21120.1|21033.91|21102.79|6658
2021.02.09 11:00:00|21102.87|21117.97|21050.15|21117.81|5108
2021.02.09 12:00:00|21117.94|21160.02|21117.44|21159.73|5176
2021.02.09 13:00:00|21159.66|21193.62|21146.28|21190.97|5018
2021.02.09 14:00:00|21190.76|21190.84|21166.4|21173.49|4638
2021.02.09 15:00:00|21173.5|21174.01|21141.3|21162.45|4774
2021.02.09 16:00:00|21162.22|21170.76|21107.27|21112.8|6302
2021.02.09 17:00:00|21112.77|21118.07|21097.22|21100.64|6883
2021.02.09 18:00:00|21100.75|21107.86|21080.01|21089.05|5880
2021.02.10 10:00:00|21216.94|21217.67|21056.79|21080.66|6804
2021.02.10 11:00:00|21080.61|21086.1|21064.23|21082.44|4394
2021.02.10 12:00:00|21082.26|21082.33|21059.38|21065.51|3713
2021.02.10 13:00:00|21065.4|21081.71|21028.39|21030.67|4189
2021.02.10 14:00:00|21030.62|21054.61|21021.44|21045.79|6369
2021.02.10 15:00:00|21045.75|21068.95|21034.96|21068.95|6082
2021.02.10 16:00:00|21068.89|21074.85|21043.94|21054.28|6462
2021.02.10 17:00:00|21054.32|21070.05|20921.93|21011.27|9034
2021.02.10 18:00:00|21011.23|21022.78|20992.94|21003.59|6073
2021.02.11 10:00:00|20973.71|21014.71|20925.64|20990.95|6691
2021.02.11 11:00:00|20991.06|20996.89|20954|20964.44|4312
2021.02.11 12:00:00|20964.3|20974.61|20939.93|20960.85|4108
2021.02.11 13:00:00|20960.8|20987.48|20948.93|20986.15|3781
2021.02.11 14:00:00|20986.21|21004.32|20983.45|20997.22|3623
2021.02.11 15:00:00|20997.16|20999.17|20958.23|20962.57|4465
2021.02.11 16:00:00|20962.74|20970.23|20909.05|20910.81|6474
2021.02.11 17:00:00|20909.49|20976.38|20906.79|20975.59|7116
2021.02.11 18:00:00|20975.61|20998.75|20973.85|20996.34|5549
2021.02.12 10:00:00|20983.46|20998.15|20831.26|20850.37|7782
2021.02.12 11:00:00|20850.2|20921.22|20850.2|20920.91|4725
2021.02.12 12:00:00|20920.32|20954.05|20919.87|20952.88|3949
2021.02.12 13:00:00|20952.91|20971.91|20945.86|20966.87|3719
2021.02.12 14:00:00|20966.9|20968.14|20944.01|20950.92|3611
2021.02.12 15:00:00|20950.88|20979.57|20950.55|20971.65|3429
2021.02.12 16:00:00|20971.71|20999.69|20969.14|20987.12|5095
2021.02.12 17:00:00|20987.16|21018.26|20987.16|20990.4|5984
2021.02.12 18:00:00|20990.38|21010.59|20989.1|21007.29|4599
2021.02.15 10:00:00|21156.14|21241.44|21154.5|21241.44|6061
2021.02.15 11:00:00|21241.48|21302.59|21241.48|21302.21|5037
2021.02.15 12:00:00|21302.29|21308.95|21286.31|21295.25|4295
2021.02.15 13:00:00|21295.27|21328.48|21291.56|21328.13|3945
2021.02.15 14:00:00|21328.2|21334.94|21319.71|21330.54|3873
2021.02.15 15:00:00|21330.46|21359.99|21329.96|21350.92|4225
2021.02.15 16:00:00|21351.02|21392.22|21348.67|21385.61|5186
2021.02.15 17:00:00|21386.01|21414.86|21378.87|21413.83|6097
2021.02.15 18:00:00|21413.89|21417.64|21376.12|21390.52|5051
2021.02.16 10:00:00|21439.47|21530.46|21438.45|21450.52|7937
2021.02.16 11:00:00|21450.56|21464.48|21446.04|21458.05|5194
2021.02.16 12:00:00|21458.33|21478.05|21420.45|21420.59|5240
2021.02.16 13:00:00|21420.39|21426.48|21353.1|21366.95|5131
2021.02.16 14:00:00|21366.98|21386.45|21355.16|21377.48|4285
2021.02.16 15:00:00|21377.41|21420.98|21369.48|21418.99|4506
2021.02.16 16:00:00|21419.13|21419.14|21380.99|21415.43|6095
2021.02.16 17:00:00|21415.39|21427.56|21380.6|21385.97|6474
2021.02.16 18:00:00|21386|21386.69|21361.84|21380.44|4551
2021.02.17 10:00:00|21435.27|21437.38|21267.01|21292.39|6860
2021.02.17 11:00:00|21292.18|21295.33|21262.23|21277.97|4551
2021.02.17 12:00:00|21278.02|21285.71|21243.31|21244.56|3932
2021.02.17 13:00:00|21244.45|21250.46|21235.46|21250.36|3199
2021.02.17 14:00:00|21250.44|21251.65|21232.56|21238.14|3542
2021.02.17 15:00:00|21238.24|21245.47|21214.2|21215.8|4184
2021.02.17 16:00:00|21215.54|21216.78|21139.68|21176.64|6561
2021.02.17 17:00:00|21176.3|21198.75|21143.18|21177.9|7462
2021.02.17 18:00:00|21177.81|21178.04|21140.46|21140.83|5163
2021.02.18 10:00:00|21111.84|21230.5|21111.84|21229.97|6094
2021.02.18 11:00:00|21230.04|21231.34|21140.26|21146.73|4408
2021.02.18 12:00:00|21146.66|21151.81|21074.66|21076.8|4400
2021.02.18 13:00:00|21076.87|21091.3|21054.36|21085.87|4335
2021.02.18 14:00:00|21086.07|21108.96|21078|21078.5|4233
2021.02.18 15:00:00|21078.53|21079.04|20995.18|21003.57|4857
2021.02.18 16:00:00|21003.54|21005.02|20970.92|20987.53|6481
2021.02.18 17:00:00|20987.41|20987.5|20911.27|20925.89|7498
2021.02.18 18:00:00|20925.94|20954.73|20921.96|20946.16|5448
2021.02.19 10:00:00|20967.86|20988.44|20906.62|20970.67|5640
2021.02.19 11:00:00|20970.81|21038.05|20964.79|21003.08|4757
2021.02.19 12:00:00|21002.98|21007.23|20983.32|21002.88|4152
2021.02.19 13:00:00|21002.96|21003.41|20978.36|20990.57|3357
2021.02.19 14:00:00|20990.51|21015.59|20986.43|21007.28|3222
2021.02.19 15:00:00|21007.25|21026.64|21006.45|21022.73|3637
2021.02.19 16:00:00|21022.63|21040.91|21014.67|21039.51|4949
2021.02.19 17:00:00|21039.46|21047.61|21022.45|21046.19|6376
2021.02.19 18:00:00|21046.12|21054.63|21042.91|21052.61|4644
2021.02.22 10:00:00|21000.71|21001.52|20770.64|20821.85|7853
2021.02.22 11:00:00|20821.95|20885.28|20804.24|20837.06|6027
2021.02.22 12:00:00|20837.17|20865.74|20836.29|20860.81|4253
2021.02.22 13:00:00|20860.87|20902.38|20860.76|20901.61|4166
2021.02.22 14:00:00|20901.57|20908.03|20873.94|20881.02|3950
2021.02.22 15:00:00|20881.21|20935.28|20881.21|20906.3|4168
2021.02.22 16:00:00|20906.24|20907.37|20843.92|20861.24|7324
2021.02.22 17:00:00|20860.76|20938.88|20860.72|20934.33|8647
2021.02.22 18:00:00|20933.89|20973.78|20929.17|20969.62|6212
2021.02.23 10:00:00|21130.89|21256.53|21130.88|21222.11|12379
2021.02.23 11:00:00|21222.12|21223.9|21141.43|21143.12|8854
2021.02.23 12:00:00|21142.98|21144.42|20972.12|20995.59|9198
2021.02.23 13:00:00|20995.55|21066.14|20979.4|21049.17|7533
2021.02.23 14:00:00|21049.12|21069.72|21030.15|21053.9|6304
2021.02.23 15:00:00|21053.64|21061.5|21030.91|21038.81|6147
2021.02.23 16:00:00|21038.79|21064.93|20857.44|20944.36|10538
2021.02.23 17:00:00|20944.74|21036.14|20935.32|21023.71|10049
2021.02.23 18:00:00|21023.64|21052.25|21023.63|21046.61|5747
2021.02.24 10:00:00|21090.49|21115.43|21048.73|21112.47|8557
2021.02.24 11:00:00|21112.64|21242.08|21112.64|21230.21|7542
2021.02.24 12:00:00|21230.27|21310.31|21223.39|21244.16|7548
2021.02.24 13:00:00|21244.02|21314.91|21235.39|21313.64|6064
2021.02.24 14:00:00|21313.57|21315.11|21261.34|21287.5|5138
2021.02.24 15:00:00|21287.55|21315.25|21196.38|21197.25|6194
2021.02.24 16:00:00|21197.36|21243.61|21169.14|21169.54|8375
2021.02.24 17:00:00|21169.39|21235.56|21158.46|21232.28|8302
2021.02.24 18:00:00|21232.29|21309.02|21232.29|21301.19|6143
2021.02.25 10:00:00|21371.82|21390.13|21268.18|21277.1|9935
2021.02.25 11:00:00|21276.97|21340.48|21276.01|21304.35|7460
2021.02.25 12:00:00|21304.62|21325.63|21288.34|21305.66|6132
2021.02.25 13:00:00|21305.46|21311.14|21251.49|21262.53|5243
2021.02.25 14:00:00|21262.77|21276.77|21234.93|21240.57|5087
2021.02.25 15:00:00|21240.73|21269.39|21236.53|21241.08|5669
2021.02.25 16:00:00|21241.12|21250.74|21220.36|21240.63|7679
2021.02.25 17:00:00|21240.69|21240.69|21129.24|21167.88|9930
2021.02.25 18:00:00|21167.83|21188.01|21164.88|21179.19|6468
2021.02.26 10:00:00|20942.72|21084.44|20869.92|21068.46|9156
2021.02.26 11:00:00|21068.53|21106.56|21054.51|21106.56|5707
2021.02.26 12:00:00|21106.6|21107.74|21047.2|21047.24|5047
2021.02.26 13:00:00|21047.18|21051.42|20915.96|20918.18|6295
2021.02.26 14:00:00|20918.29|20941.65|20894.5|20900|5641
2021.02.26 15:00:00|20899.91|21022.9|20893.73|21022.9|6949
2021.02.26 16:00:00|21022.86|21047.64|20998.51|21010.43|8919
2021.02.26 17:00:00|21010.54|21010.65|20924.19|20960.43|10490
2021.02.26 18:00:00|20960.32|20994.66|20911.57|20912.05|7027
2021.03.01 10:00:00|21149.49|21271.61|21141.83|21265.82|7591
2021.03.01 11:00:00|21265.93|21295.78|21265.93|21292.74|5480
2021.03.01 12:00:00|21292.64|21312.31|21259.4|21262.37|5564
2021.03.01 13:00:00|21262.45|21264.88|21216.38|21220.83|5004
2021.03.01 14:00:00|21221.03|21245.12|21220.33|21229.3|4296
2021.03.01 15:00:00|21229.44|21234.32|21203.21|21203.21|4282
2021.03.01 16:00:00|21203.1|21207.24|21169.9|21182.52|6462
2021.03.01 17:00:00|21182.57|21220.83|21182.57|21211.93|7316
2021.03.01 18:00:00|21211.9|21222.66|21196.32|21204.69|5543
2021.03.02 10:00:00|21209.64|21316.52|21194.1|21262.21|7779
2021.03.02 11:00:00|21262.32|21269.25|21214.41|21251.61|5758
2021.03.02 12:00:00|21251.59|21270.29|21237|21237.33|5238
2021.03.02 13:00:00|21237.26|21241.06|21212.92|21213.06|4262
2021.03.02 14:00:00|21212.97|21257.24|21212.06|21257.24|4530
2021.03.02 15:00:00|21257.22|21257.22|21214.6|21227.87|4263
2021.03.02 16:00:00|21227.99|21236.54|21175.3|21208.9|6780
2021.03.02 17:00:00|21209.1|21244.57|21204.94|21205.21|8122
2021.03.02 18:00:00|21205.25|21205.25|21180.72|21188.24|5874
2021.03.03 10:00:00|21298.48|21429.32|21257.35|21424.56|8448
2021.03.03 11:00:00|21424.64|21446.82|21407.07|21437.05|6793
2021.03.03 12:00:00|21437.09|21468.57|21430.58|21436.03|5666
2021.03.03 13:00:00|21436.15|21437.7|21385.26|21388.45|5511
2021.03.03 14:00:00|21388.77|21438.48|21384.7|21436.22|8313
2021.03.03 15:00:00|21436.32|21436.77|21343.86|21376.44|9600
2021.03.03 16:00:00|21376.52|21447.51|21371.19|21381.32|10582
2021.03.03 17:00:00|21381.18|21384.95|21330.83|21373.23|9994
2021.03.03 18:00:00|21373.33|21412.49|21372.62|21410.56|6236
2021.03.04 10:00:00|21422.76|21429.96|21257.19|21308.23|8613
2021.03.04 11:00:00|21308.52|21358.25|21308.19|21338.67|6703
2021.03.04 12:00:00|21338.72|21339.8|21239.31|21262.47|7361
2021.03.04 13:00:00|21262.54|21303.26|21247.97|21298.32|6191
2021.03.04 14:00:00|21298.42|21330.03|21294.56|21329.91|5457
2021.03.04 15:00:00|21329.94|21434.98|21329.88|21411.05|7362
2021.03.04 16:00:00|21410.74|21415.68|21272.43|21274.11|8683
2021.03.04 17:00:00|21274.32|21281.37|21195.08|21276.92|10361
2021.03.04 18:00:00|21276.99|21305.5|21276.99|21300.17|6175
2021.03.05 10:00:00|21145.65|21162.7|21045.27|21093.28|9771
2021.03.05 11:00:00|21093.38|21155.3|21091.21|21155.3|7013
2021.03.05 12:00:00|21155.39|21205.33|21153.43|21200.2|6431
2021.03.05 13:00:00|21200.14|21284.54|21198.89|21280.56|6084
2021.03.05 14:00:00|21280.53|21286.51|21250.68|21252.39|5800
2021.03.05 15:00:00|21252.45|21260.78|21170.29|21244.5|7115
2021.03.05 16:00:00|21244.59|21270.55|21165.56|21177.24|9070
2021.03.05 17:00:00|21177.15|21192.6|21064.91|21064.91|10495
2021.03.05 18:00:00|21064.89|21065|20929.92|20932.76|7469
2021.03.08 10:00:00|21062.08|21116.89|21011.24|21114.94|7687
2021.03.08 11:00:00|21115.22|21116.32|20990.58|20990.58|6358
2021.03.08 12:00:00|20990.52|21003.58|20973|20989.36|5910
2021.03.08 13:00:00|20989.42|21029.03|20966.33|21028.95|6833
2021.03.08 14:00:00|21028.99|21039.08|20959.52|20965.65|6009
2021.03.08 15:00:00|20965.59|21009.29|20948.05|21004.81|5881
2021.03.08 16:00:00|21004.44|21110.93|21001.9|21075.2|10090
2021.03.08 17:00:00|21075.24|21171.29|21064.46|21156.17|9603
2021.03.08 18:00:00|21156.11|21196.88|21151.74|21190.11|5574
2021.03.09 10:00:00|21217.29|21228.72|21126.43|21226.24|10789
2021.03.09 11:00:00|21226.27|21304.1|21225.18|21299.22|6893
2021.03.09 12:00:00|21299.03|21371.98|21298.84|21340.47|7086
2021.03.09 13:00:00|21340.38|21413.84|21340.11|21397.3|6471
2021.03.09 14:00:00|21397.36|21412.9|21335.31|21338.44|6867
2021.03.09 15:00:00|21338.38|21338.67|21286.99|21322.83|6497
2021.03.09 16:00:00|21322.9|21356.1|21322.64|21343.68|8793
2021.03.09 17:00:00|21343.6|21390.66|21336.25|21389.03|8540
2021.03.09 18:00:00|21388.93|21399|21380.11|21389.5|5762
2021.03.10 10:00:00|21291.04|21352.35|21249.94|21351.1|8035
2021.03.10 11:00:00|21351.14|21391.55|21308.94|21309.03|6262
2021.03.10 12:00:00|21308.82|21318.85|21297.13|21314.61|5596
2021.03.10 13:00:00|21314.58|21343.44|21293.24|21314.17|5778
2021.03.10 14:00:00|21314.21|21328.99|21310.06|21313.5|5127
2021.03.10 15:00:00|21313.62|21314.79|21276.49|21284.67|6302
2021.03.10 16:00:00|21284.78|21370.96|21282.71|21356.01|9957
2021.03.10 17:00:00|21356.05|21383.21|21329.2|21367.33|10603
2021.03.10 18:00:00|21367.18|21401.06|21367.18|21392.64|7280
2021.03.11 10:00:00|21522.01|21529.95|21484.35|21514.81|8541
2021.03.11 11:00:00|21514.87|21537.67|21506.38|21523.18|6160
2021.03.11 12:00:00|21523.22|21526.86|21448.39|21461.92|5556
2021.03.11 13:00:00|21462.01|21478.53|21458.31|21460.75|5565
2021.03.11 14:00:00|21460.78|21495.89|21455.62|21492.49|6198
2021.03.11 15:00:00|21492.52|21497.89|21448.59|21457.8|5406
2021.03.11 16:00:00|21457.76|21461.72|21428.53|21453.24|7028
2021.03.11 17:00:00|21453.43|21477.83|21439.42|21475.39|7465
2021.03.11 18:00:00|21475.47|21501.45|21470.4|21500.54|5643
2021.03.12 10:00:00|21439.89|21482.51|21414.25|21435.87|6948
2021.03.12 11:00:00|21435.84|21448.88|21412.65|21418.87|5079
2021.03.12 12:00:00|21418.99|21432.01|21404.95|21405.82|4893
2021.03.12 13:00:00|21405.89|21419.53|21378.52|21418.24|4265
2021.03.12 14:00:00|21418.11|21453.63|21417|21453.59|4011
2021.03.12 15:00:00|21453.55|21458.19|21437.63|21438.08|4530
2021.03.12 16:00:00|21438.03|21482.29|21420.6|21480.96|7012
2021.03.12 17:00:00|21481.07|21487.18|21454.31|21467.01|6945
2021.03.12 18:00:00|21467.09|21493.61|21464.2|21490.58|4804
2021.03.15 10:00:00|21571.89|21601.34|21567.04|21576.22|7471
2021.03.15 11:00:00|21576.38|21586.39|21568.18|21582.15|4946
2021.03.15 12:00:00|21582.2|21588.31|21566.43|21584.89|4255
2021.03.15 13:00:00|21584.93|21593.45|21542.77|21544.03|5039
2021.03.15 14:00:00|21544.16|21553.34|21521.79|21553.23|5431
2021.03.15 15:00:00|21552.88|21574.79|21526.61|21527.52|5683
2021.03.15 16:00:00|21527.55|21535.22|21501.49|21505.63|7332
2021.03.15 17:00:00|21505.74|21522.15|21466.22|21473.16|7715
2021.03.15 18:00:00|21473.13|21513.99|21472.23|21511.89|5400
2021.03.16 10:00:00|21581.04|21680.44|21568.19|21677.04|8871
2021.03.16 11:00:00|21677.08|21713.21|21676.16|21696.7|6647
2021.03.16 12:00:00|21696.63|21723.89|21687.86|21723.79|5709
2021.03.16 13:00:00|21723.58|21774.28|21722.01|21770.43|5804
2021.03.16 14:00:00|21770.37|21784.08|21765.93|21768.03|5639
2021.03.16 15:00:00|21768.13|21778.37|21750.77|21755.41|6857
2021.03.16 16:00:00|21755.31|21767.44|21733.89|21737.36|7103
2021.03.16 17:00:00|21737.31|21760.3|21721.94|21738.2|7412
2021.03.16 18:00:00|21738.25|21744.43|21731.65|21744.06|4935
2021.03.17 10:00:00|21667.88|21692.69|21576.34|21598.27|7750
2021.03.17 11:00:00|21598.3|21626.91|21592.86|21626.91|5289
2021.03.17 12:00:00|21626.7|21656.66|21606.85|21651.66|5116
2021.03.17 13:00:00|21651.58|21652.22|21600.95|21609.51|6061
2021.03.17 14:00:00|21609.62|21625.56|21609.12|21615.56|5462
2021.03.17 15:00:00|21615.81|21615.81|21590.22|21603.76|6056
2021.03.17 16:00:00|21603.95|21605.43|21563.88|21572.53|6952
2021.03.17 17:00:00|21572.46|21580.07|21556.74|21557.27|6908
2021.03.17 18:00:00|21557.29|21561.67|21548.2|21551.24|5120
2021.03.18 10:00:00|21538.98|21609.51|21538.98|21567.65|7355
2021.03.18 11:00:00|21567.48|21608.29|21565.44|21582.65|5858
2021.03.18 12:00:00|21582.84|21623.83|21582.57|21586.74|5597
2021.03.18 13:00:00|21586.77|21586.77|21524.59|21532.19|4900
2021.03.18 14:00:00|21532.24|21545.45|21508.48|21535.12|4723
2021.03.18 15:00:00|21535.17|21562.13|21532.23|21562.11|5874
2021.03.18 16:00:00|21562.14|21580.89|21547.44|21560.57|6789
2021.03.18 17:00:00|21560.76|21571.49|21554.99|21561.78|6980
2021.03.18 18:00:00|21561.82|21564.28|21551.29|21561.53|5319
2021.03.19 10:00:00|21448.54|21458.72|21355.52|21437.81|7372
2021.03.19 11:00:00|21438.28|21445.05|21410.59|21432.71|6051
2021.03.19 12:00:00|21432.74|21470.88|21396.28|21470.88|8046
2021.03.19 13:00:00|21470.83|21470.83|21423.63|21424.02|5763
2021.03.19 14:00:00|21424|21484.36|21419.92|21479.74|5226
2021.03.19 15:00:00|21479.92|21479.92|21365.05|21399.11|7957
2021.03.19 16:00:00|21399.19|21464.05|21370.4|21456.11|8250
2021.03.19 17:00:00|21456.23|21476.51|21436.66|21476.12|7948
2021.03.19 18:00:00|21476.15|21481.77|21463.84|21480|6048
2021.03.22 10:00:00|21407.17|21407.57|21300.39|21363.94|10084
2021.03.22 11:00:00|21364.03|21425.81|21357.25|21424.02|6314
2021.03.22 12:00:00|21423.53|21459.33|21423.53|21437.49|5574
2021.03.22 13:00:00|21437.52|21502.28|21434.41|21502.28|5989
2021.03.22 14:00:00|21502.51|21509.39|21453.93|21454.52|5483
2021.03.22 15:00:00|21454.37|21470.06|21418.57|21418.67|5401
2021.03.22 16:00:00|21418.62|21453.61|21413.53|21436.34|6614
2021.03.22 17:00:00|21436.06|21453.14|21412.62|21433.97|7033
2021.03.22 18:00:00|21434.04|21452.28|21426.57|21447.4|5138
2021.03.23 10:00:00|21390.14|21390.49|21317.01|21365.04|7759
2021.03.23 11:00:00|21365.11|21370.39|21327.63|21361.12|5543
2021.03.23 12:00:00|21361.18|21361.23|21316.22|21351.18|5906
2021.03.23 13:00:00|21351.24|21394.3|21350.99|21387.97|4918
2021.03.23 14:00:00|21388.06|21404.7|21387.74|21396.15|4665
2021.03.23 15:00:00|21396.13|21398.56|21371.63|21372.28|5094
2021.03.23 16:00:00|21372.4|21373.66|21315.52|21333.67|6400
2021.03.23 17:00:00|21333.87|21354.14|21321.22|21350.41|6869
2021.03.23 18:00:00|21350.33|21353.21|21335.14|21346.82|5519
2021.03.24 10:00:00|21247.58|21317.68|21225.47|21317.24|7671
2021.03.24 11:00:00|21317.3|21354.04|21317.3|21351.01|5749
2021.03.24 12:00:00|21350.96|21388.24|21346.75|21353.79|5830
2021.03.24 13:00:00|21353.75|21353.75|21315.3|21319.4|4426
2021.03.24 14:00:00|21319.06|21358.98|21318.67|21355.87|4157
2021.03.24 15:00:00|21355.94|21382.83|21344.2|21345.33|5461
2021.03.24 16:00:00|21345.37|21375.57|21342.76|21373.62|5906
2021.03.24 17:00:00|21373.59|21389.01|21372.33|21383.62|5925
2021.03.24 18:00:00|21383.78|21404.8|21383.78|21389.12|4910
2021.03.25 10:00:00|21385.24|21386.02|21335.96|21345.66|6927
2021.03.25 11:00:00|21345.53|21348.79|21317.69|21328.83|4958
2021.03.25 12:00:00|21329.08|21353.47|21317.36|21340.49|4447
2021.03.25 13:00:00|21340.36|21340.6|21202.52|21205.26|5765
2021.03.25 14:00:00|21205.34|21224.14|21180.04|21196.56|5078
2021.03.25 15:00:00|21196.42|21205.4|21141.13|21159.46|6252
2021.03.25 16:00:00|21159.68|21205.42|21145.01|21158.96|6680
2021.03.25 17:00:00|21158.97|21246.45|21141.53|21246.45|7212
2021.03.25 18:00:00|21246.37|21286.84|21246|21282.19|5118
2021.03.26 10:00:00|21386.03|21433.13|21367.86|21424.86|6694
2021.03.26 11:00:00|21424.97|21438.69|21402.33|21409.98|4460
2021.03.26 12:00:00|21410.06|21441.72|21400.95|21441.04|4319
2021.03.26 13:00:00|21441.18|21453.31|21432.03|21440.15|4371
2021.03.26 14:00:00|21440.09|21457.28|21411.07|21457.12|4122
2021.03.26 15:00:00|21457.07|21518.67|21456.45|21506.94|6364
2021.03.26 16:00:00|21506.85|21522.97|21452.42|21456.39|6692
2021.03.26 17:00:00|21456.58|21464.03|21435.46|21456.72|6760
2021.03.26 18:00:00|21456.68|21480.62|21449.84|21472.74|4831
2021.03.29 10:00:00|21486.19|21527.51|21455.46|21472.27|5476
2021.03.29 11:00:00|21472.41|21472.41|21454.05|21465.35|4225
2021.03.29 12:00:00|21465.49|21500.03|21465.09|21489.7|4233
2021.03.29 13:00:00|21489.76|21495.54|21477.48|21488.27|3697
2021.03.29 14:00:00|21488.19|21499.4|21479.68|21487.2|3720
2021.03.29 15:00:00|21487.13|21490.38|21474.37|21475.76|3774
2021.03.29 16:00:00|21475.77|21491.24|21463.27|21480.08|5520
2021.03.29 17:00:00|21480.26|21480.36|21415.39|21415.53|6778
2021.03.29 18:00:00|21415.56|21426.06|21403.37|21423.16|4828
2021.03.30 10:00:00|21486.47|21551.71|21483.7|21531.98|6349
2021.03.30 11:00:00|21531.91|21545.99|21521.59|21524.65|4733
2021.03.30 12:00:00|21524.6|21525.38|21510.76|21523.08|3670
2021.03.30 13:00:00|21523.16|21530.84|21513|21513.9|3258
2021.03.30 14:00:00|21513.82|21514.94|21493.04|21493.06|3641
2021.03.30 15:00:00|21493.14|21493.57|21470.8|21486.81|3911
2021.03.30 16:00:00|21486.42|21514.29|21473.8|21514.29|5384
2021.03.30 17:00:00|21514.38|21559.33|21514.38|21544.53|6198
2021.03.30 18:00:00|21544.71|21557.43|21539.61|21540.05|5438
2021.03.31 10:00:00|21552.6|21586.4|21538.33|21569.06|5881
2021.03.31 11:00:00|21569.12|21581.29|21532.84|21557.02|4222
2021.03.31 12:00:00|21556.96|21589.26|21552.08|21552.94|4142
2021.03.31 13:00:00|21552.86|21578.77|21552.25|21567|4102
2021.03.31 14:00:00|21567.04|21570.07|21553.22|21562.22|3766
2021.03.31 15:00:00|21562.19|21564.07|21542.67|21544.45|3508
2021.03.31 16:00:00|21544.71|21545.38|21518.46|21545.09|5421
2021.03.31 17:00:00|21545.04|21567.67|21518.88|21520.22|7466
2021.03.31 18:00:00|21520.19|21562.28|21516|21546.87|5774
2021.04.01 10:00:00|21572.2|21658|21553.34|21657.48|6110
2021.04.01 11:00:00|21657.58|21662.37|21638.86|21658.02|4236
2021.04.01 12:00:00|21658.14|21715.06|21656.45|21714.75|4200
2021.04.01 13:00:00|21714.87|21721.01|21694.44|21702.02|4112
2021.04.01 14:00:00|21702.13|21714.58|21690.68|21691.15|3952
2021.04.01 15:00:00|21691.22|21692.5|21654.86|21657.69|4182
2021.04.01 16:00:00|21657.59|21696.74|21633.52|21696.34|6204
2021.04.01 17:00:00|21696.31|21752.26|21696.1|21727.54|6605
2021.04.01 18:00:00|21727.61|21735.23|21719.13|21731.97|4355
2021.04.06 10:00:00|21930.14|21991.99|21907.71|21917.85|9817
2021.04.06 11:00:00|21917.8|21991.9|21917.63|21991.79|5516
2021.04.06 12:00:00|21991.74|21992.1|21959.91|21960.02|4855
2021.04.06 13:00:00|21960.13|21966.3|21939.13|21954.45|4451
2021.04.06 14:00:00|21954.38|21973.75|21950.51|21973.09|4148
2021.04.06 15:00:00|21973.04|21973.04|21950.66|21954.15|4161
2021.04.06 16:00:00|21954.19|21988.9|21953.56|21988.48|6488
2021.04.06 17:00:00|21988.63|22001.13|21972.71|21994.98|7552
2021.04.06 18:00:00|21994.9|22000.84|21978.03|21999.29|5594
2021.04.07 10:00:00|22037.88|22147.08|22036.17|22144.54|6569
2021.04.07 11:00:00|22144.33|22168.13|22144.33|22160.05|5111
2021.04.07 12:00:00|22159.99|22167.33|22105.05|22107.01|4614
2021.04.07 13:00:00|22107.02|22107.18|22086.57|22098.62|4434
2021.04.07 14:00:00|22098.6|22124.21|22096.41|22105.16|3985
2021.04.07 15:00:00|22104.87|22114.96|22081.32|22081.58|4818
2021.04.07 16:00:00|22081.76|22140.25|22081.47|22124.14|7008
2021.04.07 17:00:00|22124.17|22154.89|22121.58|22143.44|6599
2021.04.07 18:00:00|22143.39|22149.43|22137.09|22142.88|4954
2021.04.08 10:00:00|22159.38|22183.89|22128.52|22146.49|6328
2021.04.08 11:00:00|22146.43|22160.9|22130.08|22147.77|4596
2021.04.08 12:00:00|22147.71|22149.6|22107.96|22117.62|4240
2021.04.08 13:00:00|22117.67|22169.15|22117.67|22168.75|4435
2021.04.08 14:00:00|22168.8|22223.51|22168.57|22218.09|4758
2021.04.08 15:00:00|22218.19|22226.12|22184.45|22187.72|4413
2021.04.08 16:00:00|22187.64|22194.96|22158.03|22178.83|6139
2021.04.08 17:00:00|22178.85|22179.93|22153.3|22175.24|6591
2021.04.08 18:00:00|22175.21|22211.16|22174.05|22206.07|5661
2021.04.09 10:00:00|22260.02|22275.82|22209.15|22247.54|7940
2021.04.09 11:00:00|22247.52|22249.71|22215.05|22240.45|5246
2021.04.09 12:00:00|22240.39|22240.7|22212.06|22225.63|4276
2021.04.09 13:00:00|22225.57|22235.55|22222.79|22234.81|3887
2021.04.09 14:00:00|22234|22244.86|22230.85|22241.5|4010
2021.04.09 15:00:00|22241.48|22242.24|22191.49|22192.57|4642
2021.04.09 16:00:00|22192.74|22197.14|22178.6|22183.01|6639
2021.04.09 17:00:00|22183.11|22214.56|22172.47|22211.11|7266
2021.04.09 18:00:00|22211.08|22229.21|22209.68|22220.72|5442
2021.04.12 10:00:00|22226.83|22236.6|22127.01|22135.69|6881
2021.04.12 11:00:00|22135.63|22162.3|22096.41|22157.42|5252
2021.04.12 12:00:00|22157.45|22189.77|22156.81|22184.01|4421
2021.04.12 13:00:00|22184.12|22204.17|22169.29|22169.29|3665
2021.04.12 14:00:00|22169.2|22198.94|22159.62|22194.18|3921
2021.04.12 15:00:00|22194.25|22217.81|22194.23|22206.93|3837
2021.04.12 16:00:00|22207.09|22210.29|22135.69|22140.77|6164
2021.04.12 17:00:00|22140.54|22142.45|22090.9|22100.78|7054
2021.04.12 18:00:00|22100.83|22142.82|22092.51|22142.82|4909
2021.04.13 10:00:00|22039.48|22182.42|22039.48|22127.23|8257
2021.04.13 11:00:00|22127.4|22196.26|22127.4|22183.47|5440
2021.04.13 12:00:00|22183.37|22202.79|22180.23|22186.27|4378
2021.04.13 13:00:00|22186.39|22186.73|22165.58|22175.76|3746
2021.04.13 14:00:00|22176.11|22176.12|22123.36|22154.36|5126
2021.04.13 15:00:00|22154.42|22201.72|22154.25|22201.6|4157
2021.04.13 16:00:00|22201.55|22213.41|22178.46|22213.07|6342
2021.04.13 17:00:00|22213.15|22244.92|22213.15|22233.59|6623
2021.04.13 18:00:00|22233.71|22237.36|22228.17|22230.38|4850
2021.04.14 10:00:00|22219.1|22248.04|22202.55|22247.66|6658
2021.04.14 11:00:00|22247.74|22279.98|22241.36|22276.34|4580
2021.04.14 12:00:00|22276.3|22292.67|22274.14|22290.77|4415
2021.04.14 13:00:00|22290.87|22294.49|22262.31|22294.49|4403
2021.04.14 14:00:00|22294.57|22337.09|22294.57|22336.96|3951
2021.04.14 15:00:00|22336.81|22342.79|22326.17|22332.83|4710
2021.04.14 16:00:00|22332.59|22339.99|22310.11|22310.86|6915
2021.04.14 17:00:00|22311.04|22333.22|22311.04|22321.21|7065
2021.04.14 18:00:00|22321.25|22335.15|22315.23|22322.86|4837
2021.04.15 10:00:00|22435.48|22437.25|22389.86|22412.34|6557
2021.04.15 11:00:00|22412.31|22444.19|22404.44|22438.04|4968
2021.04.15 12:00:00|22438.3|22438.8|22403.88|22420.97|3846
2021.04.15 13:00:00|22420.85|22446.09|22406.07|22440.4|3970
2021.04.15 14:00:00|22440.42|22440.55|22382.34|22412.5|4333
2021.04.15 15:00:00|22412.54|22450.57|22407.15|22449.58|3932
2021.04.15 16:00:00|22449.81|22452.93|22427|22451.87|5711
2021.04.15 17:00:00|22451.91|22457.95|22434.75|22446.96|6198
2021.04.15 18:00:00|22446.9|22452.64|22439.32|22449.85|4700
2021.04.16 10:00:00|22486.92|22544.14|22466.48|22485.74|5813
2021.04.16 11:00:00|22485.81|22521.84|22481.76|22510.46|4300
2021.04.16 12:00:00|22510.59|22572.77|22508.25|22571.62|5036
2021.04.16 13:00:00|22571.52|22572.78|22515.57|22515.57|3910
2021.04.16 14:00:00|22515.68|22536|22513.68|22524.1|3733
2021.04.16 15:00:00|22524.03|22528.91|22508.39|22511.23|3767
2021.04.16 16:00:00|22511.19|22512.07|22476.28|22484.51|5448
2021.04.16 17:00:00|22484.54|22503.42|22477.94|22479.97|6170
2021.04.16 18:00:00|22479.92|22505.86|22479.92|22497.11|4658
2021.04.19 10:00:00|22598.28|22611.79|22530.31|22611.41|6386
2021.04.19 11:00:00|22611.54|22643.15|22611.24|22636.54|4514
2021.04.19 12:00:00|22636.57|22636.79|22583.54|22591.61|4030
2021.04.19 13:00:00|22591.58|22610.01|22579.61|22608.05|4275
2021.04.19 14:00:00|22607.93|22619.08|22585.09|22588.47|5200
2021.04.19 15:00:00|22588.53|22588.62|22526.02|22550.97|4543
2021.04.19 16:00:00|22551|22552.25|22527.7|22548.04|6370
2021.04.19 17:00:00|22548.01|22548.01|22458.82|22473.43|6907
2021.04.19 18:00:00|22473.41|22491.91|22462.8|22489.06|4316
2021.04.20 10:00:00|22510.46|22512.78|22431.53|22434.12|6699
2021.04.20 11:00:00|22434.02|22434.02|22404.29|22421.87|5611
2021.04.20 12:00:00|22421.75|22421.82|22359.92|22370.63|5631
2021.04.20 13:00:00|22370.6|22377.63|22330.9|22338.1|4960
2021.04.20 14:00:00|22338.06|22339.92|22302.09|22313.39|5140
2021.04.20 15:00:00|22313.33|22313.48|22198.71|22229.08|6556
2021.04.20 16:00:00|22229.21|22257.8|22227.57|22245.71|7165
2021.04.20 17:00:00|22245.57|22248.33|22114.04|22128.26|9456
2021.04.20 18:00:00|22128.36|22147.98|22107.83|22114.42|6587
2021.04.21 10:00:00|22132.55|22163.11|22102.31|22161.03|7159
2021.04.21 11:00:00|22161.24|22161.51|22071.53|22072.54|5937
2021.04.21 12:00:00|22072.62|22087.41|22060.18|22060.3|4944
2021.04.21 13:00:00|22060.36|22130.84|22052.69|22130.84|5070
2021.04.21 14:00:00|22131.92|22140.15|22073.53|22086.7|4992
2021.04.21 15:00:00|22086.61|22090.8|22038|22038|4986
2021.04.21 16:00:00|22037.92|22053.47|21982.12|22048.89|8402
2021.04.21 17:00:00|22049.09|22098.07|22048.89|22096.88|7544
2021.04.21 18:00:00|22096.98|22109.53|22081.19|22085.91|4886
2021.04.22 10:00:00|22221.04|22221.53|22126.75|22165.78|7205
2021.04.22 11:00:00|22165.8|22182.84|22152.82|22152.82|4823
2021.04.22 12:00:00|22152.76|22196.97|22152.12|22192.23|4389
2021.04.22 13:00:00|22192.4|22211.65|22188.92|22200.61|4250
2021.04.22 14:00:00|22200.65|22213.31|22192.1|22204.15|3853
2021.04.22 15:00:00|22204.2|22242.77|22203.85|22241.04|4486
2021.04.22 16:00:00|22241.1|22283.19|22237.68|22251.27|6219
2021.04.22 17:00:00|22251.39|22293.58|22249.57|22293.44|6536
2021.04.22 18:00:00|22293.69|22340.89|22293.3|22334.54|5163
2021.04.23 10:00:00|22344.13|22344.48|22262.21|22291.58|6529
2021.04.23 11:00:00|22291.44|22303.71|22275.93|22301.53|4348
2021.04.23 12:00:00|22301.46|22302.38|22255.02|22255.06|4053
2021.04.23 13:00:00|22254.97|22305.75|22246.08|22303.98|3773
2021.04.23 14:00:00|22304.24|22305.61|22283.86|22293.91|3762
2021.04.23 15:00:00|22293.99|22299.44|22260.28|22268.17|4195
2021.04.23 16:00:00|22267.97|22313.16|22259.39|22311.67|5991
2021.04.23 17:00:00|22311.75|22350.86|22307.72|22342.2|6232
2021.04.23 18:00:00|22342.15|22355.2|22337.76|22348.96|4349
2021.04.26 10:00:00|22345.06|22468.39|22345.06|22467.12|6548
2021.04.26 11:00:00|22467.16|22481.36|22383.91|22419.7|5453
2021.04.26 12:00:00|22419.63|22458.6|22416.13|22441.31|3993
2021.04.26 13:00:00|22441.21|22450.47|22417.53|22426.55|4061
2021.04.26 14:00:00|22426.62|22466.11|22425.12|22465.24|3737
2021.04.26 15:00:00|22465.31|22522.08|22465.31|22521.47|4323
2021.04.26 16:00:00|22521.53|22571.74|22517.18|22525.78|7201
2021.04.26 17:00:00|22525.74|22565.14|22510.45|22514.1|6941
2021.04.26 18:00:00|22514.12|22548.92|22512.86|22544.7|4593
2021.04.27 10:00:00|22580.45|22589.98|22486.17|22487.09|6066
2021.04.27 11:00:00|22486.98|22522.29|22486.45|22505.4|4398
2021.04.27 12:00:00|22505.26|22510.43|22466.95|22467.23|4132
2021.04.27 13:00:00|22467.14|22480.92|22437.68|22437.8|4146
2021.04.27 14:00:00|22437.66|22439.74|22408.21|22409.35|4223
2021.04.27 15:00:00|22409.42|22441.98|22409.17|22433.26|3701
2021.04.27 16:00:00|22433.19|22435.54|22390.4|22417.85|6138
2021.04.27 17:00:00|22417.87|22428.32|22409.45|22418.98|6393
2021.04.27 18:00:00|22418.77|22425.39|22406.71|22415.81|4612
2021.04.28 10:00:00|22514.17|22539.38|22485.02|22526.8|6785
2021.04.28 11:00:00|22526.73|22542.36|22503.19|22532.26|4861
2021.04.28 12:00:00|22532.21|22532.44|22503.98|22510.42|4150
2021.04.28 13:00:00|22510.5|22528.89|22507.86|22528.25|3608
2021.04.28 14:00:00|22528.2|22554.64|22518.47|22520.87|4407
2021.04.28 15:00:00|22520.9|22522.13|22481.29|22481.4|3997
2021.04.28 16:00:00|22481.27|22497.83|22473.91|22485.8|5535
2021.04.28 17:00:00|22485.97|22488.58|22442.17|22460.37|6663
2021.04.28 18:00:00|22460.43|22466.53|22444.37|22446.67|4406
2021.04.29 10:00:00|22462.62|22510.64|22445.9|22469.7|7238
2021.04.29 11:00:00|22469.57|22504.7|22469.54|22479.28|5220
2021.04.29 12:00:00|22479.22|22484.22|22455.05|22480.69|4539
2021.04.29 13:00:00|22480.62|22484.26|22451.94|22463.6|4249
2021.04.29 14:00:00|22463.69|22484.04|22445.95|22445.95|3940
2021.04.29 15:00:00|22445.72|22458.94|22377.44|22436.71|5575
2021.04.29 16:00:00|22436.88|22450.94|22407.42|22408.36|5815
2021.04.29 17:00:00|22408.5|22408.5|22318.77|22353.85|7426
2021.04.29 18:00:00|22353.7|22389.45|22352.96|22380.82|5027
2021.04.30 10:00:00|22392.52|22448.87|22392.52|22425.83|5794
2021.04.30 11:00:00|22425.71|22434.79|22401.11|22407.39|4989
2021.04.30 12:00:00|22407.49|22428.91|22389.62|22409.16|5156
2021.04.30 13:00:00|22409.24|22409.28|22343.86|22349.2|5147
2021.04.30 14:00:00|22349.11|22364.56|22318.19|22364.04|4472
2021.04.30 15:00:00|22364.02|22435.79|22363.9|22435.46|4536
2021.04.30 16:00:00|22435.34|22519.66|22429.81|22516.1|7512
2021.04.30 17:00:00|22516.21|22521.86|22468.11|22502.11|7800
2021.04.30 18:00:00|22502.15|22507.54|22489.43|22502.39|5805
2021.05.04 10:00:00|22592.34|22642.01|22532.08|22550.05|9585
2021.05.04 11:00:00|22550.03|22550.68|22484.62|22501.52|5994
2021.05.04 12:00:00|22501.58|22507.36|22478.69|22489.66|5653
2021.05.04 13:00:00|22489.73|22516.4|22488.71|22514.96|4625
2021.05.04 14:00:00|22515.12|22525.03|22398.53|22429.66|6033
2021.05.04 15:00:00|22429.56|22492.26|22403.22|22491.19|6222
2021.05.04 16:00:00|22491.09|22564.5|22429.69|22431.66|9484
2021.05.04 17:00:00|22431.55|22476.83|22406.17|22406.26|9583
2021.05.04 18:00:00|22406.1|22406.1|22315.28|22320.59|6685
2021.05.05 10:00:00|22391.37|22428.77|22355.47|22418.17|6261
2021.05.05 11:00:00|22418.26|22429.77|22379.04|22381.67|5246
2021.05.05 12:00:00|22381.65|22396.81|22365.71|22366.93|5117
2021.05.05 13:00:00|22366.87|22371.36|22351.52|22369.62|4425
2021.05.05 14:00:00|22369.55|22370.45|22351.31|22351.69|4227
2021.05.05 15:00:00|22351.62|22373.61|22350.33|22350.71|4493
2021.05.05 16:00:00|22350.6|22378.09|22349.17|22356.84|5803
2021.05.05 17:00:00|22356.91|22359.85|22307.2|22324.14|7312
2021.05.05 18:00:00|22323.98|22386.32|22320.38|22384.74|5751
2021.05.06 10:00:00|22459.55|22491.81|22401.14|22459.16|6262
2021.05.06 11:00:00|22459.26|22502.05|22448.27|22454.89|4880
2021.05.06 12:00:00|22454.94|22489.96|22443.28|22489.33|5454
2021.05.06 13:00:00|22489.17|22506.06|22482.95|22490.67|4415
2021.05.06 14:00:00|22490.54|22497.82|22446.61|22464.84|4557
2021.05.06 15:00:00|22464.68|22466.56|22438.64|22451.47|4472
2021.05.06 16:00:00|22451.48|22479.86|22441.29|22441.52|6676
2021.05.06 17:00:00|22441.6|22464.61|22412.96|22438.3|7639
2021.05.06 18:00:00|22438.25|22475.4|22431.04|22474.59|5305
2021.05.07 10:00:00|22529.26|22624.44|22529.26|22616.33|6337
2021.05.07 11:00:00|22616.46|22699.68|22612.72|22696.91|5534
2021.05.07 12:00:00|22696.85|22709.85|22686.04|22694.45|4813
2021.05.07 13:00:00|22694.43|22699.12|22691.79|22692.85|3725
2021.05.07 14:00:00|22692.83|22698.35|22673.65|22688.67|3966
2021.05.07 15:00:00|22688.71|22690.56|22642.36|22665.12|5781
2021.05.07 16:00:00|22665.09|22718.56|22646.17|22713.59|6738
2021.05.07 17:00:00|22713.91|22743.6|22713.91|22731.64|7111
2021.05.07 18:00:00|22731.89|22755.12|22727.6|22753.69|4709
2021.05.10 10:00:00|22795.44|22835.55|22752.19|22764.59|6319
2021.05.10 11:00:00|22764.4|22770.75|22742.73|22746.57|4586
2021.05.10 12:00:00|22746.46|22754.05|22710.49|22728.65|4320
2021.05.10 13:00:00|22728.72|22740.88|22714.36|22737.12|5050
2021.05.10 14:00:00|22737.26|22737.83|22722.5|22722.98|4342
2021.05.10 15:00:00|22723.04|22723.16|22681.66|22685.3|4800
2021.05.10 16:00:00|22685.41|22688.03|22637|22652.67|6201
2021.05.10 17:00:00|22652.62|22679.29|22637.48|22644.9|6581
2021.05.10 18:00:00|22644.94|22682.71|22644.72|22681.52|4422
2021.05.11 10:00:00|22516.07|22516.74|22215.21|22251.9|8955
2021.05.11 11:00:00|22252.16|22253.66|22199.31|22242.52|6348
2021.05.11 12:00:00|22242.44|22265.17|22236.03|22248.62|4916
2021.05.11 13:00:00|22248.55|22251.78|22210.76|22231.03|4694
2021.05.11 14:00:00|22230.97|22255.59|22217.29|22217.29|4516
2021.05.11 15:00:00|22217.04|22222.08|22155.03|22155.1|5893
2021.05.11 16:00:00|22155.13|22224.05|22130.56|22224.05|7988
2021.05.11 17:00:00|22223.66|22234.68|22112.11|22140.01|8544
2021.05.11 18:00:00|22139.71|22155.59|22120.2|22153.5|5482
2021.05.12 10:00:00|22224|22261.65|22207.3|22248.63|6517
2021.05.12 11:00:00|22247.79|22248.21|22180.02|22183.22|5520
2021.05.12 12:00:00|22183.35|22243.11|22183.35|22242.58|4586
2021.05.12 13:00:00|22242.66|22262.39|22204.04|22205.54|4631
2021.05.12 14:00:00|22205.41|22217.13|22191.55|22207.62|4282
2021.05.12 15:00:00|22207.54|22236.2|22152.41|22225.25|6545
2021.05.12 16:00:00|22225.36|22255.07|22200.03|22200.14|6424
2021.05.12 17:00:00|22200.03|22200.32|22145.99|22146.66|6895
2021.05.12 18:00:00|22146.71|22161.72|22098.23|22101.69|5667
2021.05.13 10:00:00|21934.18|21954.32|21789.63|21790.32|7380
2021.05.13 11:00:00|21790.42|21791.28|21725.17|21764.15|6573
2021.05.13 12:00:00|21764.21|21818.86|21764.21|21810.83|1831
2021.05.13 13:00:00|21810.97|21812.7|21802.16|21812.07|668
2021.05.13 14:00:00|21811.96|21950.67|21811.33|21943.68|2099
2021.05.13 15:00:00|21943.5|21991.18|21940.76|21957.45|3519
2021.05.13 16:00:00|21957.53|22041.9|21957.53|22038.81|4098
2021.05.13 17:00:00|22038.88|22081.01|22038.88|22079.59|4404
2021.05.13 18:00:00|22079.47|22083.57|22055.1|22057.56|3065
2021.05.14 10:00:00|22159.58|22246.76|22159.58|22201.58|4385
2021.05.14 11:00:00|22201.48|22223.06|22199.84|22202.65|3382
2021.05.14 12:00:00|22202.45|22226.09|22202.27|22216.7|3005
2021.05.14 13:00:00|22216.61|22224.24|22213.15|22213.15|3184
2021.05.14 14:00:00|22213.19|22231.43|22211.75|22231.43|2814
2021.05.14 15:00:00|22231.39|22233.73|22219.85|22231.26|2776
2021.05.14 16:00:00|22231.34|22254.69|22221.9|22254.41|3821
2021.05.14 17:00:00|22255|22299.58|22247.67|22294.79|4660
2021.05.14 18:00:00|22294.65|22338.32|22291.42|22335.35|3220
2021.05.17 10:00:00|22371.96|22439.91|22296.77|22307.96|6056
2021.05.17 11:00:00|22307.97|22323.83|22305.9|22317.55|3627
2021.05.17 12:00:00|22317.52|22319.25|22296.87|22298.8|4150
2021.05.17 13:00:00|22298.87|22300.37|22259.61|22266.93|3427
2021.05.17 14:00:00|22266.92|22277.11|22250.18|22252.3|3187
2021.05.17 15:00:00|22252|22262.5|22242.26|22255.55|3302
2021.05.17 16:00:00|22255.65|22280.97|22230.43|22239.61|5543
2021.05.17 17:00:00|22239.56|22261.92|22230.97|22240.7|6677
2021.05.17 18:00:00|22240.73|22241.39|22218.41|22228.55|4692
2021.05.18 10:00:00|22388.18|22398.83|22334.43|22343|5720
2021.05.18 11:00:00|22342.93|22343.58|22297.87|22298.35|4153
2021.05.18 12:00:00|22298.13|22325.51|22281.58|22287.75|3960
2021.05.18 13:00:00|22287.87|22312.73|22287.66|22307.25|3320
2021.05.18 14:00:00|22307.02|22317.13|22295.93|22307.99|3381
2021.05.18 15:00:00|22308.29|22331.54|22303.22|22317.51|3580
2021.05.18 16:00:00|22317.56|22328.05|22285.86|22325.31|5636
2021.05.18 17:00:00|22325.42|22341.14|22310.35|22333.89|6447
2021.05.18 18:00:00|22333.94|22337.72|22319.28|22334.4|4537
2021.05.19 10:00:00|22180.34|22281.07|22168.31|22260.45|7048
2021.05.19 11:00:00|22260.99|22276.57|22155.18|22164.31|5496
2021.05.19 12:00:00|22164.37|22235.7|22164.17|22213.19|4412
2021.05.19 13:00:00|22213.09|22213.15|22196.43|22207.67|3556
2021.05.19 14:00:00|22207.47|22210.02|22122.86|22122.86|4509
2021.05.19 15:00:00|22122.85|22168.69|22122.29|22123.92|4631
2021.05.19 16:00:00|22123.96|22151.88|22092.39|22140.5|7399
2021.05.19 17:00:00|22140.51|22189.63|22078.41|22187.99|9565
2021.05.19 18:00:00|22187.91|22216.1|22185.02|22212.79|5237
2021.05.20 10:00:00|22338.95|22348.18|22269.12|22269.2|7021
2021.05.20 11:00:00|22269.16|22269.16|22194.16|22199.68|5725
2021.05.20 12:00:00|22199.47|22214.92|22177.12|22193.94|4599
2021.05.20 13:00:00|22193.84|22273.88|22193.84|22272.92|4094
2021.05.20 14:00:00|22273.12|22314.99|22272.86|22314.67|4387
2021.05.20 15:00:00|22314.72|22315.36|22302.66|22308.72|4201
2021.05.20 16:00:00|22308.76|22330.71|22297.26|22322.38|5770
2021.05.20 17:00:00|22322.34|22341.99|22305.58|22336.71|6561
2021.05.20 18:00:00|22336.65|22377.62|22336.5|22374.99|4773
2021.05.21 10:00:00|22286.27|22385.85|22286.27|22327.63|6112
2021.05.21 11:00:00|22327.8|22342.84|22309|22342.14|4815
2021.05.21 12:00:00|22342.17|22441.92|22332.46|22440.7|5140
2021.05.21 13:00:00|22441.1|22441.88|22386.52|22392.76|4023
2021.05.21 14:00:00|22392.7|22393.91|22367.12|22377.08|4095
2021.05.21 15:00:00|22376.84|22381.5|22370.39|22373.44|3969
2021.05.21 16:00:00|22373.4|22381.49|22354.75|22380.58|5992
2021.05.21 17:00:00|22380.63|22386.46|22362.26|22384.52|6910
2021.05.21 18:00:00|22384.36|22405.96|22382.96|22397.56|4869
2021.05.24 10:00:00|22337.14|22417.88|22337.14|22417.79|5463
2021.05.24 11:00:00|22417.71|22419.31|22383.91|22393.17|3822
2021.05.24 12:00:00|22393.13|22414.31|22387.17|22414.23|3232
2021.05.24 13:00:00|22414.32|22427.4|22413.58|22420.88|3217
2021.05.24 14:00:00|22420.82|22424.37|22405.04|22405.04|2807
2021.05.24 15:00:00|22405.2|22413.93|22396.38|22408|2852
2021.05.24 16:00:00|22407.85|22432.45|22398.84|22419.64|4779
2021.05.24 17:00:00|22419.71|22459.31|22409.86|22451.97|5252
2021.05.24 18:00:00|22452.03|22472.4|22447.98|22468.54|4197
2021.05.25 10:00:00|22564.76|22569.6|22536.36|22540.83|6747
2021.05.25 11:00:00|22540.9|22556.18|22521.67|22550.72|4897
2021.05.25 12:00:00|22550.5|22558.66|22496.4|22505.15|5073
2021.05.25 13:00:00|22505.03|22528.22|22467.72|22467.72|5088
2021.05.25 14:00:00|22467.66|22488.36|22466.91|22487.24|4400
2021.05.25 15:00:00|22487.21|22498.17|22462.97|22466.43|5006
2021.05.25 16:00:00|22466.47|22497.53|22452.27|22475.15|6978
2021.05.25 17:00:00|22475.45|22485.88|22463.11|22479.05|7602
2021.05.25 18:00:00|22479.16|22489.45|22467.63|22468.99|5372
2021.05.26 10:00:00|22491.84|22568|22488.06|22559.91|6698
2021.05.26 11:00:00|22559.61|22587.24|22558.62|22575.68|4673
2021.05.26 12:00:00|22575.72|22625.11|22575.72|22607.63|4728
2021.05.26 13:00:00|22607.58|22616.44|22597.93|22612.05|3891
2021.05.26 14:00:00|22612.13|22618.64|22563.95|22564.21|4695
2021.05.26 15:00:00|22564.4|22612.25|22563.08|22607.62|4967
2021.05.26 16:00:00|22607.78|22626.7|22594.74|22616.89|6666
2021.05.26 17:00:00|22616.83|22640.69|22612.74|22638.78|7480
2021.05.26 18:00:00|22638.69|22645.03|22633.67|22642.91|5099
2021.05.27 10:00:00|22636.68|22689.46|22627.17|22646.49|7515
2021.05.27 11:00:00|22646.54|22670.05|22632.74|22642.95|4841
2021.05.27 12:00:00|22642.9|22651.3|22641.92|22650.5|4506
2021.05.27 13:00:00|22650.64|22666.74|22645.94|22657.29|4937
2021.05.27 14:00:00|22657.34|22662.86|22655.35|22660.77|4726
2021.05.27 15:00:00|22660.7|22681.34|22645.89|22663.18|4767
2021.05.27 16:00:00|22663.03|22686.43|22657.52|22668.28|6626
2021.05.27 17:00:00|22668.32|22680.58|22651.27|22673.07|7186
2021.05.27 18:00:00|22672.99|22687.99|22658.69|22660.23|5324
2021.05.28 10:00:00|22705.84|22719.19|22653.93|22719.17|6894
2021.05.28 11:00:00|22719.19|22747.15|22718.84|22736.72|4249
2021.05.28 12:00:00|22736.83|22737.32|22714.99|22721.65|4278
2021.05.28 13:00:00|22721.7|22739.65|22700.81|22737.99|4025
2021.05.28 14:00:00|22738.08|22739.29|22724.89|22735.7|3600
2021.05.28 15:00:00|22735.63|22753.88|22733.57|22751.11|4139
2021.05.28 16:00:00|22751.14|22751.32|22720.22|22733.2|5938
2021.05.28 17:00:00|22733.59|22740.11|22698.94|22701.04|6093
2021.05.28 18:00:00|22700.89|22716.27|22696.27|22715.68|4938
2021.06.01 10:00:00|22741.81|22808|22729.29|22807.74|6285
2021.06.01 11:00:00|22807.67|22862.81|22797.13|22853.37|5548
2021.06.01 12:00:00|22853.34|22894.72|22845.54|22894.72|4605
2021.06.01 13:00:00|22894.7|22896.44|22852.63|22877.73|3995
2021.06.01 14:00:00|22877.65|22893.18|22873.44|22873.44|3457
2021.06.01 15:00:00|22873.35|22888.48|22870.29|22886.87|3655
2021.06.01 16:00:00|22886.83|22887.49|22831.15|22844.15|6233
2021.06.01 17:00:00|22844.19|22886.81|22840.48|22867.4|6982
2021.06.01 18:00:00|22867.48|22879.04|22865.36|22868.47|4430
2021.06.02 10:00:00|22947.45|22957.53|22889.65|22893.02|6004
2021.06.02 11:00:00|22892.9|22920.11|22868.18|22869.61|4016
2021.06.02 12:00:00|22869.39|22893.89|22869.31|22876.91|3082
2021.06.02 13:00:00|22876.74|22876.84|22837.72|22852.47|3577
2021.06.02 14:00:00|22852.55|22860.86|22833.98|22836.66|3234
2021.06.02 15:00:00|22836.53|22868.8|22836.48|22868.19|3512
2021.06.02 16:00:00|22868.14|22881.17|22852.97|22879.15|5256
2021.06.02 17:00:00|22879.18|22905.88|22869.18|22905.72|6004
2021.06.02 18:00:00|22905.68|22919.49|22901.93|22917.99|4158
2021.06.03 10:00:00|22960.15|22963.95|22856.61|22857.11|5875
2021.06.03 11:00:00|22857.12|22882.67|22856.82|22877.45|4597
2021.06.03 12:00:00|22877.12|22883.89|22866.48|22880.77|3260
2021.06.03 13:00:00|22880.85|22881.23|22824.11|22824.11|3629
2021.06.03 14:00:00|22824.15|22825.14|22748.52|22756.58|4443
2021.06.03 15:00:00|22756.61|22794.75|22742.47|22784.21|4943
2021.06.03 16:00:00|22784.18|22814.52|22775.92|22792.25|6955
2021.06.03 17:00:00|22792.47|22804.83|22774.58|22794.48|6805
2021.06.03 18:00:00|22794.64|22819.85|22792.57|22819.01|4914
2021.06.04 10:00:00|22811.76|22812.83|22764.3|22797.34|5371
2021.06.04 11:00:00|22797.37|22799.15|22762.25|22763.41|3858
2021.06.04 12:00:00|22763.77|22770.38|22760.24|22768.93|3199
2021.06.04 13:00:00|22768.87|22768.99|22751.91|22768.38|2932
2021.06.04 14:00:00|22768.36|22791.5|22768.32|22782.71|3017
2021.06.04 15:00:00|22782.63|22784.89|22754.06|22781.65|3936
2021.06.04 16:00:00|22781.73|22799.84|22772.55|22798.39|4837
2021.06.04 17:00:00|22798.34|22819.77|22786.98|22817.21|5355
2021.06.04 18:00:00|22817.22|22834.74|22817.22|22830.66|4486
2021.06.07 10:00:00|22837.04|22886.79|22786.52|22886.37|5207
2021.06.07 11:00:00|22886.32|22889.16|22873.06|22887.1|3772
2021.06.07 12:00:00|22887.15|22911.51|22882.57|22907.38|3881
2021.06.07 13:00:00|22907.58|22917.06|22904.09|22908.01|3223
2021.06.07 14:00:00|22908.12|22910.48|22894.6|22905.22|3092
2021.06.07 15:00:00|22905.27|22907.86|22898.08|22900.59|3222
2021.06.07 16:00:00|22900.51|22909.84|22891.39|22906.78|4951
2021.06.07 17:00:00|22906.76|22913.75|22883.45|22896.1|5932
2021.06.07 18:00:00|22896.05|22900.97|22881.21|22882.42|4422
2021.06.08 10:00:00|22918.13|22940.98|22909.85|22935.6|5418
2021.06.08 11:00:00|22935.34|22935.7|22874.48|22884.35|4019
2021.06.08 12:00:00|22884.46|22904.16|22884.46|22898.89|3784
2021.06.08 13:00:00|22898.83|22901.19|22881.63|22893.97|3641
2021.06.08 14:00:00|22894.02|22922.86|22882.9|22915.05|4048
2021.06.08 15:00:00|22915.21|22917|22906.36|22911.69|3799
2021.06.08 16:00:00|22911.59|22924.09|22900.2|22901.73|5210
2021.06.08 17:00:00|22901.76|22918.23|22898.17|22898.47|5595
2021.06.08 18:00:00|22898.48|22908.15|22880.97|22882.69|4196
2021.06.09 10:00:00|22873.53|22874.89|22813.05|22818.54|5878
2021.06.09 11:00:00|22818.49|22820.32|22772.26|22772.59|4145
2021.06.09 12:00:00|22772.5|22774.15|22749.06|22749.15|3808
2021.06.09 13:00:00|22749.1|22752.18|22737.02|22740.64|3084
2021.06.09 14:00:00|22740.69|22743|22719.16|22729.15|3299
2021.06.09 15:00:00|22729.1|22746.36|22728.69|22740.39|3442
2021.06.09 16:00:00|22740.13|22749.12|22718.84|22724.61|5397
2021.06.09 17:00:00|22724.46|22778.11|22723.35|22764.77|5653
2021.06.09 18:00:00|22764.68|22781.77|22764.15|22768.04|4127
2021.06.10 10:00:00|22763.63|22778.6|22681.88|22703.08|5295
2021.06.10 11:00:00|22703.16|22706.41|22666.87|22680.31|4083
2021.06.10 12:00:00|22680.49|22683.82|22652.47|22652.83|3493
2021.06.10 13:00:00|22652.94|22658.25|22619.78|22630.06|3979
2021.06.10 14:00:00|22630.16|22638.58|22599.11|22628.21|3922
2021.06.10 15:00:00|22628.27|22637.85|22607.63|22635.22|3847
2021.06.10 16:00:00|22635.26|22652.04|22631.72|22642.03|5323
2021.06.10 17:00:00|22642.08|22643.03|22569.07|22581.49|6738
2021.06.10 18:00:00|22581.61|22606.36|22581.3|22605.78|4375
2021.06.11 10:00:00|22655.34|22687.86|22629.54|22640.24|4591
2021.06.11 11:00:00|22640.17|22669.31|22639.91|22662.69|3331
2021.06.11 12:00:00|22662.62|22695.93|22661.81|22691.28|3374
2021.06.11 13:00:00|22691.49|22708.89|22691.49|22707.89|2688
2021.06.11 14:00:00|22707.73|22709.11|22684.39|22693.37|2913
2021.06.11 15:00:00|22693.27|22730.52|22692.97|22729.54|2985
2021.06.11 16:00:00|22729.58|22732.23|22713.4|22718.02|4001
2021.06.11 17:00:00|22718.1|22741.23|22717.95|22731.54|5231
2021.06.11 18:00:00|22731.53|22736.36|22725.7|22734.23|3765
2021.06.14 10:00:00|22767.3|22849.93|22767.3|22817.11|5328
2021.06.14 11:00:00|22817.07|22823.29|22797.99|22797.99|3983
2021.06.14 12:00:00|22797.85|22804.16|22790.66|22799.34|3780
2021.06.14 13:00:00|22799.23|22804.52|22787.97|22788.12|3168
2021.06.14 14:00:00|22788.08|22788.28|22761.65|22763.81|3237
2021.06.14 15:00:00|22763.76|22763.82|22724.17|22726.34|3637
2021.06.14 16:00:00|22726.31|22757.31|22720.19|22756.6|4772
2021.06.14 17:00:00|22756.32|22769.74|22753.1|22769.11|5661
2021.06.14 18:00:00|22769.09|22772.29|22757.52|22765.19|4125
2021.06.15 10:00:00|22759.07|22804.73|22726.93|22787.66|5586
2021.06.15 11:00:00|22787.68|22789.24|22743.69|22784.41|4313
2021.06.15 12:00:00|22784.76|22788.95|22771.18|22771.21|3368
2021.06.15 13:00:00|22771.05|22771.05|22707.67|22712.22|3730
2021.06.15 14:00:00|22712.15|22742.36|22684.9|22738.1|3742
2021.06.15 15:00:00|22737.99|22738.42|22682.48|22682.88|4008
2021.06.15 16:00:00|22682.95|22736.43|22682.95|22736.04|5644
2021.06.15 17:00:00|22736.17|22738.28|22670.42|22671.36|6327
2021.06.15 18:00:00|22671.27|22674.74|22646.68|22659.09|4673
2021.06.16 10:00:00|22711.3|22733.95|22611.13|22612.36|5761
2021.06.16 11:00:00|22612.31|22613.72|22534.51|22575.39|4965
2021.06.16 12:00:00|22575.54|22579.1|22528.07|22535.45|5040
2021.06.16 13:00:00|22535.38|22544.24|22530.79|22538.46|4374
2021.06.16 14:00:00|22538.37|22548.19|22521.67|22542.89|3797
2021.06.16 15:00:00|22542.94|22567.27|22535.85|22565.59|3645
2021.06.16 16:00:00|22565.54|22605.44|22565.29|22581.98|6069
2021.06.16 17:00:00|22582.06|22613.41|22572.9|22606.73|6870
2021.06.16 18:00:00|22606.7|22623.07|22590.01|22592.3|5065
2021.06.17 10:00:00|22450.81|22577.27|22450.81|22502.46|6484
2021.06.17 11:00:00|22502.53|22510.98|22464.78|22469.1|5349
2021.06.17 12:00:00|22469.07|22488.8|22464.84|22465.61|4570
2021.06.17 13:00:00|22465.27|22496.91|22464.68|22493.2|3615
2021.06.17 14:00:00|22493.06|22511.95|22493.03|22498.19|3782
2021.06.17 15:00:00|22498.26|22500.3|22462.16|22470.25|4374
2021.06.17 16:00:00|22470.41|22510.22|22469.89|22488.72|5967
2021.06.17 17:00:00|22488.68|22535.18|22473.67|22535.18|7411
2021.06.17 18:00:00|22535.2|22541.21|22510.67|22518.18|4920
2021.06.18 10:00:00|22609.46|22610.18|22550.59|22554.67|5445
2021.06.18 11:00:00|22554.71|22568.68|22529.99|22531.28|3686
2021.06.18 12:00:00|22531.2|22578.27|22524.33|22540.6|6883
2021.06.18 13:00:00|22540.39|22540.39|22497.82|22499.14|4143
2021.06.18 14:00:00|22499.07|22499.17|22439.71|22453.11|4878
2021.06.18 15:00:00|22453.19|22453.56|22376.35|22391.91|5824
2021.06.18 16:00:00|22391.82|22395.69|22339.04|22341.2|7564
2021.06.18 17:00:00|22341.35|22355.69|22273.33|22303.31|8823
2021.06.18 18:00:00|22303.56|22321.39|22278.39|22290.36|5408
2021.06.21 10:00:00|22121.37|22408.14|22121.17|22398.88|8623
2021.06.21 11:00:00|22398.79|22398.79|22249.53|22250.33|6561
2021.06.21 12:00:00|22250.4|22280.13|22247.34|22269.96|5194
2021.06.21 13:00:00|22269.93|22276.26|22239.28|22239.28|4869
2021.06.21 14:00:00|22239.22|22253.68|22216.34|22235.22|4968
2021.06.21 15:00:00|22235.26|22266.35|22229.96|22254.89|5087
2021.06.21 16:00:00|22254.84|22259.34|22220.09|22258.8|7210
2021.06.21 17:00:00|22258.86|22370.57|22258.86|22370.29|7361
2021.06.21 18:00:00|22370.38|22425.18|22365.28|22424.47|4503
2021.06.22 10:00:00|22480.91|22549.75|22451.34|22512.36|5692
2021.06.22 11:00:00|22512.24|22541.67|22499.77|22501.04|4286
2021.06.22 12:00:00|22501.17|22521.57|22495.77|22521.53|4072
2021.06.22 13:00:00|22521.47|22559.43|22520.42|22559.24|3333
2021.06.22 14:00:00|22559.3|22616|22557.96|22615.27|3927
2021.06.22 15:00:00|22615.34|22639.47|22615.09|22630.13|4187
2021.06.22 16:00:00|22630.28|22631.42|22598.3|22609.4|5808
2021.06.22 17:00:00|22609.41|22630.77|22604.23|22623.42|5503
2021.06.22 18:00:00|22623.35|22648.74|22620.28|22642.89|4059
2021.06.23 10:00:00|22682.37|22700.35|22617.02|22633.47|5411
2021.06.23 11:00:00|22633.61|22648.64|22622.67|22624.57|3750
2021.06.23 12:00:00|22624.71|22660.73|22604.13|22658.54|3630
2021.06.23 13:00:00|22658.67|22686.92|22658.46|22660.05|3407
2021.06.23 14:00:00|22660.31|22660.31|22600.6|22646.65|4067
2021.06.23 15:00:00|22646.7|22694.38|22646.7|22669.8|3643
2021.06.23 16:00:00|22669.65|22686.51|22668.04|22679.78|4732
2021.06.23 17:00:00|22679.92|22702.63|22677.56|22689.97|5111
2021.06.23 18:00:00|22689.78|22691.88|22669.31|22669.67|3843
2021.06.24 10:00:00|22628.04|22687.33|22628.04|22663.41|5682
2021.06.24 11:00:00|22663.32|22675.15|22612.57|22613.61|4203
2021.06.24 12:00:00|22613.74|22617.85|22548.48|22548.48|4711
2021.06.24 13:00:00|22548.55|22562.44|22535.77|22555.86|4045
2021.06.24 14:00:00|22556.1|22574.31|22525.78|22531.37|4669
2021.06.24 15:00:00|22531.4|22571.65|22531.14|22571.51|4431
2021.06.24 16:00:00|22571.49|22574.91|22542.88|22543.22|6521
2021.06.24 17:00:00|22543.14|22569.9|22524.76|22525.91|7460
2021.06.24 18:00:00|22525.85|22527.39|22505.94|22522.31|4787
2021.06.25 10:00:00|22527.93|22541.73|22456.1|22472.78|5741
2021.06.25 11:00:00|22472.66|22484.72|22451.21|22482.57|4299
2021.06.25 12:00:00|22482.58|22526.6|22478.3|22525.21|4237
2021.06.25 13:00:00|22525.24|22533.2|22514.76|22515|3917
2021.06.25 14:00:00|22514.96|22554.23|22514.96|22554.02|3237
2021.06.25 15:00:00|22554.1|22590.18|22554.1|22585.37|3603
2021.06.25 16:00:00|22585.32|22605.93|22580.43|22583.01|4966
2021.06.25 17:00:00|22583|22607.58|22582.21|22605.02|5293
2021.06.25 18:00:00|22605.01|22620.98|22599.71|22614.29|3925
2021.06.28 10:00:00|22613.16|22620.46|22581.02|22584.44|6319
2021.06.28 11:00:00|22584.48|22595.36|22576.29|22583.57|4296
2021.06.28 12:00:00|22583.66|22600.17|22582.35|22599.27|3805
2021.06.28 13:00:00|22599.23|22599.98|22561.68|22574.48|3676
2021.06.28 14:00:00|22574.49|22609.33|22574.49|22605.8|3512
2021.06.28 15:00:00|22605.44|22614.29|22595.57|22613.74|3437
2021.06.28 16:00:00|22613.55|22622.35|22575.84|22593.04|7550
2021.06.28 17:00:00|22592.97|22611.11|22552.43|22552.43|8730
2021.06.28 18:00:00|22552.45|22559.28|22528.86|22531.26|4695
2021.06.29 10:00:00|22522.48|22641.29|22503.77|22630.34|7420
2021.06.29 11:00:00|22630.65|22638.91|22555.74|22555.92|5532
2021.06.29 12:00:00|22555.82|22557.57|22539.43|22539.43|4408
2021.06.29 13:00:00|22539.54|22556.18|22538.99|22555.91|3866
2021.06.29 14:00:00|22555.96|22560.09|22542.16|22545.79|4336
2021.06.29 15:00:00|22545.85|22562.65|22543.55|22555.55|4327
2021.06.29 16:00:00|22555.51|22562.57|22538.94|22548.06|5897
2021.06.29 17:00:00|22548.16|22573.21|22539.31|22570.08|5628
2021.06.29 18:00:00|22570.11|22570.12|22536.52|22538.95|4349
2021.06.30 10:00:00|22596.89|22599.91|22516.37|22531.57|6134
2021.06.30 11:00:00|22531.6|22534.27|22415.65|22419.5|6435
2021.06.30 12:00:00|22419.34|22455.79|22401.94|22446.53|5718
2021.06.30 13:00:00|22446.47|22482.55|22411.47|22411.65|5084
2021.06.30 14:00:00|22411.43|22426.51|22398.21|22407.56|5059
2021.06.30 15:00:00|22407.38|22408.79|22367.81|22371.62|4874
2021.06.30 16:00:00|22371.55|22463.39|22368.7|22453.17|7071
2021.06.30 17:00:00|22453.3|22484.29|22436.37|22436.47|8235
2021.06.30 18:00:00|22436.38|22436.42|22416.18|22430.91|5416
2021.07.01 10:00:00|22506.37|22594.06|22485.6|22578.44|7187
2021.07.01 11:00:00|22577.88|22620.8|22570.62|22578.96|5891
2021.07.01 12:00:00|22578.9|22579.77|22512.02|22527.18|4750
2021.07.01 13:00:00|22527.16|22535.32|22466.21|22472.62|5029
2021.07.01 14:00:00|22472.7|22550.53|22462.26|22549.97|4741
2021.07.01 15:00:00|22550.12|22556.37|22497.25|22497.69|4635
2021.07.01 16:00:00|22497.74|22577.52|22489.21|22577.03|6673
2021.07.01 17:00:00|22576.74|22612.35|22571.31|22595.5|7687
2021.07.01 18:00:00|22595.64|22606.38|22575.02|22606.03|4663
2021.07.02 10:00:00|22687.24|22719.63|22651.63|22709.79|6118
2021.07.02 11:00:00|22709.69|22715.23|22679.93|22689.87|4393
2021.07.02 12:00:00|22689.8|22712.59|22679.77|22708.85|3937
2021.07.02 13:00:00|22708.8|22728.36|22693.77|22728.36|3547
2021.07.02 14:00:00|22728.45|22735.72|22724.52|22727.92|3173
2021.07.02 15:00:00|22727.87|22754.15|22719.3|22753.06|4063
2021.07.02 16:00:00|22753|22773.46|22726.53|22729.28|6390
2021.07.02 17:00:00|22729.35|22745.32|22719.6|22740.45|5591
2021.07.02 18:00:00|22740.59|22745.87|22724.29|22729.9|3878
2021.07.05 10:00:00|22744.2|22809.66|22739.06|22807.46|5100
2021.07.05 11:00:00|22807.61|22844.26|22803.25|22835.89|3594
2021.07.05 12:00:00|22836.01|22866.35|22831.14|22863.89|3597
2021.07.05 13:00:00|22863.93|22911.06|22862.48|22910.28|3618
2021.07.05 14:00:00|22910.55|22935.25|22901.2|22933.25|3519
2021.07.05 15:00:00|22933.28|22951.99|22930.35|22949|3182
2021.07.05 16:00:00|22949.09|22957.44|22941.22|22955.93|3740
2021.07.05 17:00:00|22955.86|22991.79|22953.23|22990.86|4626
2021.07.05 18:00:00|22990.74|23006.94|22990.61|22994.44|3551
2021.07.06 10:00:00|22986.33|23009.25|22930.39|22976.05|5508
2021.07.06 11:00:00|22975.99|22987.66|22958.43|22986.32|3888
2021.07.06 12:00:00|22986.49|23001.84|22962.16|22989.37|4192
2021.07.06 13:00:00|22989.49|22996.41|22981.61|22990.94|3229
2021.07.06 14:00:00|22990.9|22992.76|22981.79|22990.69|2903
2021.07.06 15:00:00|22990.65|23028.78|22990.53|23017.16|3030
2021.07.06 16:00:00|23017.22|23025.02|22961.94|22962.91|5487
2021.07.06 17:00:00|22963.07|22963.56|22861.9|22862.65|7218
2021.07.06 18:00:00|22862.6|22881.97|22848.46|22879.67|4343
2021.07.07 10:00:00|22950.2|22992.79|22950.09|22962.68|5422
2021.07.07 11:00:00|22962.54|22976.08|22895.39|22899.05|4637
2021.07.07 12:00:00|22899.22|22979.59|22896.37|22975.71|4114
2021.07.07 13:00:00|22975.68|22994.31|22961.47|22994.31|3537
2021.07.07 14:00:00|22994.66|23010.14|22983.4|22996.81|3789
2021.07.07 15:00:00|22996.98|22998.93|22927.3|22927.98|4515
2021.07.07 16:00:00|22927.91|22988.64|22927.74|22958.02|5797
2021.07.07 17:00:00|22957.9|22957.91|22904.61|22934.18|7449
2021.07.07 18:00:00|22934.24|22953.04|22932.42|22950.83|4186
2021.07.08 10:00:00|22919.11|22922.11|22774.06|22810.17|6396
2021.07.08 11:00:00|22810.14|22811.6|22736.63|22755.12|4917
2021.07.08 12:00:00|22755.04|22760.58|22685.35|22685.5|4549
2021.07.08 13:00:00|22685.59|22685.69|22592.94|22683.5|6056
2021.07.08 14:00:00|22683.58|22706.13|22622.55|22632.7|4748
2021.07.08 15:00:00|22632.78|22685.11|22625.41|22652.45|5297
2021.07.08 16:00:00|22652.5|22659.66|22613.69|22645.58|7291
2021.07.08 17:00:00|22645.67|22648.66|22585.99|22592.68|8535
2021.07.08 18:00:00|22592.71|22653.68|22591.98|22650.82|4892
2021.07.09 10:00:00|22703.4|22750.15|22674.12|22727.88|6428
2021.07.09 11:00:00|22727.81|22811.38|22727.81|22809.1|4795
2021.07.09 12:00:00|22809.03|22851.5|22804.63|22804.63|4425
2021.07.09 13:00:00|22804.58|22808.89|22778.25|22801.47|3649
2021.07.09 14:00:00|22801.79|22846.31|22801.69|22832.83|3707
2021.07.09 15:00:00|22832.76|22862.11|22826.5|22856.3|3749
2021.07.09 16:00:00|22856.35|22857.19|22827.89|22853.14|5920
2021.07.09 17:00:00|22853.37|22878.21|22853.29|22867.68|5618
2021.07.09 18:00:00|22867.64|22914.34|22867.21|22911.5|4020
2021.07.12 10:00:00|22944.66|22949.21|22834.06|22837.9|5574
2021.07.12 11:00:00|22837.74|22856.5|22835.1|22852.16|3967
2021.07.12 12:00:00|22852.09|22852.34|22821.45|22825.75|3861
2021.07.12 13:00:00|22825.68|22865.81|22824.71|22857.51|3709
2021.07.12 14:00:00|22857.57|22911.51|22857.57|22878.04|3242
2021.07.12 15:00:00|22877.92|22905.05|22849.13|22905.01|3628
2021.07.12 16:00:00|22905.06|22908.98|22869.02|22900.43|5393
2021.07.12 17:00:00|22900.44|22915.39|22876.98|22885.03|6281
2021.07.12 18:00:00|22884.98|22909.66|22884.45|22906.36|3656
2021.07.13 10:00:00|22931.13|22955.87|22905.89|22927.67|5502
2021.07.13 11:00:00|22927.64|22941.35|22924.5|22938.98|3809
2021.07.13 12:00:00|22939|22943.32|22915.45|22915.87|3841
2021.07.13 13:00:00|22915.88|22933.75|22914.89|22928.16|3221
2021.07.13 14:00:00|22928.34|22951.36|22927.96|22936.81|3497
2021.07.13 15:00:00|22936.64|22956.72|22899.09|22900.4|4584
2021.07.13 16:00:00|22900.34|22919.71|22889.92|22895.24|5450
2021.07.13 17:00:00|22895.19|22926.19|22889.85|22912.7|6051
2021.07.13 18:00:00|22912.64|22919.54|22909.88|22917.11|3807
2021.07.14 10:00:00|22862.48|22862.83|22781.21|22814.02|6928
2021.07.14 11:00:00|22814.14|22815.05|22761.19|22779.38|4342
2021.07.14 12:00:00|22779.37|22783.89|22759.02|22759.14|3736
2021.07.14 13:00:00|22759.17|22763.83|22750.46|22755.77|3068
2021.07.14 14:00:00|22755.81|22772.76|22753.63|22766.15|3394
2021.07.14 15:00:00|22766.12|22770.8|22753.5|22754.62|3773
2021.07.14 16:00:00|22754.71|22807.05|22743.78|22763.85|6211
2021.07.14 17:00:00|22763.88|22784.62|22731.37|22745.19|5843
2021.07.14 18:00:00|22745.31|22751.82|22742.5|22750.33|3587
2021.07.15 10:00:00|22696.76|22708.53|22592.87|22628.88|7998
2021.07.15 11:00:00|22628.98|22680.58|22624.57|22658.91|4887
2021.07.15 12:00:00|22658.98|22663.31|22596.65|22622.81|4770
2021.07.15 13:00:00|22622.95|22636.7|22555.05|22561.27|5368
2021.07.15 14:00:00|22561.18|22562.53|22525.74|22548.98|5061
2021.07.15 15:00:00|22548.9|22568.6|22537.16|22544.57|4333
2021.07.15 16:00:00|22544.4|22595.42|22534.35|22591.92|6958
2021.07.15 17:00:00|22592.16|22600.83|22542.56|22544.9|7959
2021.07.15 18:00:00|22544.83|22545.62|22495.32|22506.22|4932
2021.07.16 10:00:00|22573.05|22597.31|22544.63|22584.67|6715
2021.07.16 11:00:00|22584.83|22603.53|22551.57|22587.32|5503
2021.07.16 12:00:00|22587.22|22592.84|22561.91|22563.62|4822
2021.07.16 13:00:00|22563.74|22565.85|22516.3|22525.96|4789
2021.07.16 14:00:00|22525.81|22525.81|22492.52|22505.94|3917
2021.07.16 15:00:00|22506.02|22513.71|22490.04|22492.17|4689
2021.07.16 16:00:00|22492.36|22512.24|22472.97|22492.21|6734
2021.07.16 17:00:00|22492.07|22495.95|22446.22|22476.71|6932
2021.07.16 18:00:00|22476.74|22481.73|22450.56|22459.61|5004
2021.07.19 10:00:00|22312.53|22312.53|22091.94|22091.94|8535
2021.07.19 11:00:00|22092.03|22170.83|22042.29|22043.94|6821
2021.07.19 12:00:00|22043.97|22085.81|22037.34|22070.91|5679
2021.07.19 13:00:00|22071.05|22080.15|22020.58|22060.62|4766
2021.07.19 14:00:00|22060.65|22061.63|21989.64|22013.12|5312
2021.07.19 15:00:00|22013.11|22023.51|21934.69|21982.43|5698
2021.07.19 16:00:00|21982.35|21999.96|21936.27|21936.36|8279
2021.07.19 17:00:00|21936.46|21961.29|21883.64|21937.4|11027
2021.07.19 18:00:00|21937.45|21970.03|21929.94|21932.45|5877
2021.07.20 10:00:00|22022.34|22116.58|22016.04|22089.7|6971
2021.07.20 11:00:00|22089.75|22117.84|22085.3|22091.07|4497
2021.07.20 12:00:00|22091.04|22110.85|22046.29|22047.66|4798
2021.07.20 13:00:00|22047.74|22097.35|22029.57|22068.89|4388
2021.07.20 14:00:00|22068.82|22104.14|22044.19|22093.1|4628
2021.07.20 15:00:00|22093.26|22108.06|22046.09|22046.09|4776
2021.07.20 16:00:00|22046.02|22055.3|21968.31|22051.17|8893
2021.07.20 17:00:00|22051.2|22147.01|22028.35|22146.83|9662
2021.07.20 18:00:00|22146.64|22161.66|22102.53|22104.26|5993
2021.07.21 10:00:00|22163.06|22460.01|22160.89|22458.51|7589
2021.07.21 11:00:00|22458.43|22479.39|22436.09|22446.58|5955
2021.07.21 12:00:00|22446.64|22483.13|22443.04|22473.08|4275
2021.07.21 13:00:00|22473.01|22478.22|22455.12|22472.75|4213
2021.07.21 14:00:00|22472.61|22474.99|22437.84|22445.55|4008
2021.07.21 15:00:00|22445.64|22517.84|22445.42|22517.76|4412
2021.07.21 16:00:00|22517.86|22558.02|22507.32|22548.9|7656
2021.07.21 17:00:00|22548.86|22567.56|22527.3|22537.18|8109
2021.07.21 18:00:00|22537.24|22557.77|22535.83|22554.45|4778
2021.07.22 10:00:00|22616.34|22734.71|22615.46|22734.07|6461
2021.07.22 11:00:00|22733.93|22789.84|22724.57|22788.59|5244
2021.07.22 12:00:00|22788.67|22808.91|22771.41|22804.93|4186
2021.07.22 13:00:00|22804.9|22825.89|22787.09|22815.34|4365
2021.07.22 14:00:00|22815.47|22822.35|22787.14|22799.94|4357
2021.07.22 15:00:00|22799.96|22799.96|22703.27|22703.4|4986
2021.07.22 16:00:00|22700.42|22736.78|22691.42|22708.38|6632
2021.07.22 17:00:00|22708.44|22729.28|22685.8|22685.87|7022
2021.07.22 18:00:00|22685.71|22694.65|22682.86|22690.19|4871
2021.07.23 10:00:00|22734.42|22870.18|22733.37|22869.92|5506
2021.07.23 11:00:00|22869.81|22911.54|22866.91|22872.11|3827
2021.07.23 12:00:00|22872.24|22909.37|22864.6|22867.04|3877
2021.07.23 13:00:00|22867.11|22871.07|22842.88|22865.31|3794
2021.07.23 14:00:00|22865.42|22865.93|22808.44|22850.17|4084
2021.07.23 15:00:00|22850.26|22860.73|22841.36|22841.62|3492
2021.07.23 16:00:00|22841.67|22841.71|22811.52|22812.58|5928
2021.07.23 17:00:00|22812.64|22859.88|22804.41|22853.05|6496
