2020.08.21 22:30:00|204.62|204.8|203.98|204.03|2975
2020.08.24 16:30:00|205.32|206.28|204.94|205.72|6541
2020.08.24 17:30:00|205.72|206.15|204.69|205.08|4391
2020.08.24 18:30:00|205.09|206.03|204.98|205|3812
2020.08.24 19:30:00|205|205.65|204.92|205.35|3876
2020.08.24 20:30:00|205.35|205.85|205|205.04|3835
2020.08.24 21:30:00|205.04|205.06|204.57|205.06|3987
2020.08.24 22:30:00|205.06|206.34|204.96|206.28|2694
2020.08.25 16:30:00|206.38|207.69|205.96|207.12|6337
2020.08.25 17:30:00|207.12|207.23|206.1|206.22|4856
2020.08.25 18:30:00|206.26|206.87|205.42|206.66|4751
2020.08.25 19:30:00|206.68|207.2|206.52|207.2|2877
2020.08.25 20:30:00|207.21|207.66|206.73|207.62|2727
2020.08.25 21:30:00|207.63|207.76|207.3|207.73|3048
2020.08.25 22:30:00|207.74|208.08|207.54|208|2932
2020.08.26 16:30:00|207.85|209.41|207.16|208.45|4873
2020.08.26 17:30:00|208.43|209.09|208.35|208.48|3457
2020.08.26 18:30:00|208.48|210.19|208.43|209.76|4106
2020.08.26 19:30:00|209.76|209.97|209.19|209.55|3457
2020.08.26 20:30:00|209.55|210.67|209.41|210.67|3184
2020.08.26 21:30:00|210.67|210.69|209.48|210.48|5194
2020.08.26 22:30:00|210.47|210.52|210.04|210.1|3176
2020.08.27 16:30:00|210.94|212.06|209.4|210.06|10113
2020.08.27 17:30:00|210.06|211.46|209.9|210.02|6519
2020.08.27 18:30:00|210.06|211.18|209.6|209.76|6400
2020.08.27 19:30:00|209.77|210.5|208.94|210.46|9424
2020.08.27 20:30:00|210.47|211.41|210.12|211.22|5652
2020.08.27 21:30:00|211.2|211.68|210.78|211.56|5644
2020.08.27 22:30:00|211.57|211.59|210.86|210.92|5205
2020.08.28 16:30:00|211.55|213.4|211.17|213.04|6069
2020.08.28 17:30:00|213.03|213.4|212.14|213.39|4844
2020.08.28 18:30:00|213.4|214.39|213.3|214|3899
2020.08.28 19:30:00|214|214.87|213.86|214.42|4504
2020.08.28 20:30:00|214.43|215.19|214.3|214.68|4161
2020.08.28 21:30:00|214.68|215.99|214.46|215.92|4156
2020.08.28 22:30:00|215.91|216.05|215.54|215.55|3718
2020.08.31 16:30:00|215.47|215.47|213.03|213.16|5867
2020.08.31 17:30:00|213.17|213.7|212.32|212.61|5259
2020.08.31 18:30:00|212.63|213.11|212.34|212.84|3604
2020.08.31 19:30:00|212.81|213.04|212.51|212.79|3235
2020.08.31 20:30:00|212.79|212.94|212.12|212.16|3149
2020.08.31 21:30:00|212.16|212.46|211.45|211.82|4471
2020.08.31 22:30:00|211.84|213.16|211.72|211.91|4778
2020.09.01 16:30:00|211.51|213.75|211.01|213.2|6064
2020.09.01 17:30:00|213.18|213.21|211.73|212.21|6165
2020.09.01 18:30:00|212.22|212.38|211.53|212.33|4493
2020.09.01 19:30:00|212.32|212.65|212.21|212.48|3414
2020.09.01 20:30:00|212.48|212.79|212.04|212.67|2613
2020.09.01 21:30:00|212.68|213.01|212.56|212.75|2937
2020.09.01 22:30:00|212.77|213.41|212.44|213.29|3220
2020.09.02 16:30:00|213.83|216.28|213.68|216.23|8111
2020.09.02 17:30:00|216.25|216.25|213.87|214.29|6790
2020.09.02 18:30:00|214.31|215.14|213.93|215.05|4904
2020.09.02 19:30:00|215.03|215.92|214.84|215.58|4267
2020.09.02 20:30:00|215.58|215.92|214.93|215.15|4554
2020.09.02 21:30:00|215.15|216.41|215.04|216.01|4986
2020.09.02 22:30:00|216.01|217.12|215.85|216.31|4716
2020.09.03 16:30:00|213.9|214.44|210.34|211.25|7314
2020.09.03 17:30:00|211.25|211.97|207.94|208.87|10376
2020.09.03 18:30:00|208.88|210.39|208.69|209.48|7762
2020.09.03 19:30:00|209.46|210.26|208.4|210.09|8681
2020.09.03 20:30:00|210.09|210.09|208.58|208.98|7920
2020.09.03 21:30:00|208.94|209.68|207.03|207.12|11295
2020.09.03 22:30:00|207.12|209.07|206.99|208.82|7179
2020.09.04 16:30:00|208.62|210.36|208.12|209.09|1225
2020.09.04 17:30:00|200.66|202.21|200.05|200.72|7905
2020.09.04 18:30:00|200.69|203.92|200.69|203.47|11459
2020.09.04 19:30:00|203.47|204.47|201.9|202.12|8310
2020.09.04 20:30:00|202.12|204.08|201.8|204.04|9416
2020.09.04 21:30:00|204.01|206.68|203.81|206.21|11018
2020.09.04 22:30:00|206.21|206.39|204.32|204.43|8313
2020.09.08 16:30:00|200.05|202.12|199.92|201.64|11351
2020.09.08 17:30:00|201.66|202.04|200.3|200.86|12555
2020.09.08 18:30:00|200.86|200.95|199.11|200.37|12358
2020.09.08 19:30:00|200.36|201.61|200.16|201.07|8850
2020.09.08 20:30:00|201.06|202.08|200.75|200.8|9693
2020.09.08 21:30:00|200.8|201.11|199.51|201.05|14115
2020.09.08 22:30:00|201.05|201.49|199.72|200.07|9040
2020.09.09 16:30:00|204.16|204.71|201.81|204.41|9539
2020.09.09 17:30:00|204.41|205.04|203.95|204.56|7352
2020.09.09 18:30:00|204.57|205.42|204.43|205.04|5647
2020.09.09 19:30:00|205.03|205.89|205|205.71|5411
2020.09.09 20:30:00|205.69|205.89|205.19|205.33|7021
2020.09.09 21:30:00|205.35|206.2|205.35|205.88|6353
2020.09.09 22:30:00|205.88|206|203.82|204|7229
2020.09.10 16:30:00|205.31|206.85|204.58|206.15|7360
2020.09.10 17:30:00|206.13|206.61|203.85|205.48|8684
2020.09.10 18:30:00|205.5|205.74|204.17|204.41|7889
2020.09.10 19:30:00|204.4|204.84|203.51|204.09|6953
2020.09.10 20:30:00|204.09|204.69|201.48|201.54|8716
2020.09.10 21:30:00|201.53|202.71|200.34|201.07|13081
2020.09.10 22:30:00|201.09|202.38|200.81|201.24|6996
2020.09.11 16:30:00|201.92|202.12|199.81|200.93|9769
2020.09.11 17:30:00|200.95|201.92|200.52|200.9|9691
2020.09.11 18:30:00|200.89|201.18|200.18|200.93|7598
2020.09.11 19:30:00|200.91|201.31|198.92|199.43|11090
2020.09.11 20:30:00|199.44|200.6|198.79|199.94|9367
2020.09.11 21:30:00|199.93|201.28|199.66|201.11|10281
2020.09.11 22:30:00|201.07|201.39|200.24|200.54|6699
2020.09.14 16:30:00|203.88|205.64|203.49|205.31|6805
2020.09.14 17:30:00|205.3|205.6|204.71|205.06|6722
2020.09.14 18:30:00|205.07|205.82|204.74|205.41|6184
2020.09.14 19:30:00|205.43|205.71|204.53|205|6497
2020.09.14 20:30:00|204.98|205.84|204.61|205.51|7045
2020.09.14 21:30:00|205.51|205.86|204.74|205.31|10924
2020.09.14 22:30:00|205.32|206.32|204.9|204.91|6154
2020.09.15 16:30:00|206.66|208|206.45|206.82|5426
2020.09.15 17:30:00|206.8|206.99|205.88|206.25|4642
2020.09.15 18:30:00|206.23|206.28|205.38|205.63|4381
2020.09.15 19:30:00|205.66|205.96|205.35|205.81|4364
2020.09.15 20:30:00|205.83|205.85|205.1|205.43|5931
2020.09.15 21:30:00|205.43|205.77|204.86|205.22|7772
2020.09.15 22:30:00|205.22|205.95|204.59|205.24|6446
2020.09.16 16:30:00|206.32|207.6|206.23|206.78|6683
2020.09.16 17:30:00|206.78|206.9|205.67|206.72|6296
2020.09.16 18:30:00|206.73|206.84|206.06|206.36|4725
2020.09.16 19:30:00|206.34|206.7|206.09|206.5|5340
2020.09.16 20:30:00|206.5|207.45|206.26|207.26|6939
2020.09.16 21:30:00|207.27|207.59|205.06|205.56|13824
2020.09.16 22:30:00|205.58|206.3|204.76|204.98|7640
2020.09.17 16:30:00|202.47|203.88|202.36|203.21|10659
2020.09.17 17:30:00|203.22|205.41|202.76|204.75|9586
2020.09.17 18:30:00|204.72|205.16|202.5|202.89|11211
2020.09.17 19:30:00|202.89|203.93|202.68|203.84|11508
2020.09.17 20:30:00|203.86|204.26|203.38|203.4|8123
2020.09.17 21:30:00|203.4|203.87|202.85|203.16|10890
2020.09.17 22:30:00|203.16|205.08|203.1|205.08|7955
2020.09.18 16:30:00|204.76|205.34|204.24|204.58|7832
2020.09.18 17:30:00|204.58|204.64|203.76|204.35|10040
2020.09.18 18:30:00|204.35|204.4|203.41|203.6|9346
2020.09.18 19:30:00|203.61|203.62|202.19|202.19|11173
2020.09.18 20:30:00|202.2|202.8|201.54|202.68|9648
2020.09.18 21:30:00|202.68|203.51|202.46|203.47|9091
2020.09.18 22:30:00|203.46|203.72|202.18|202.36|6487
2020.09.21 16:30:00|199.72|201.04|196.04|196.11|14122
2020.09.21 17:30:00|196.11|197.23|194.62|195.64|13695
2020.09.21 18:30:00|195.65|197.23|194.9|197.08|11975
2020.09.21 19:30:00|197.1|197.31|196.01|196.82|10430
2020.09.21 20:30:00|196.83|197.12|195.38|195.85|10629
2020.09.21 21:30:00|195.83|196.62|195.12|196.54|11433
2020.09.21 22:30:00|196.54|197.3|196.24|197.29|8693
2020.09.22 16:30:00|198.18|198.66|196.64|198.38|11442
2020.09.22 17:30:00|198.39|198.71|197.13|197.61|10383
2020.09.22 18:30:00|197.62|198.84|197.23|198.7|8000
2020.09.22 19:30:00|198.71|199.12|197.94|199.06|7242
2020.09.22 20:30:00|199.04|199.84|198.72|199.7|6884
2020.09.22 21:30:00|199.71|200.24|199.36|200.15|8065
2020.09.22 22:30:00|200.14|200.52|199.75|200.41|6452
2020.09.23 16:30:00|200.05|200.38|198.86|199.89|9254
2020.09.23 17:30:00|199.89|200.32|198.44|198.57|9963
2020.09.23 18:30:00|198.55|198.69|197.51|198.04|9689
2020.09.23 19:30:00|198.03|198.8|197.89|198.24|7674
2020.09.23 20:30:00|198.24|198.29|196.14|196.69|9460
2020.09.23 21:30:00|196.7|196.78|194.74|195.38|14140
2020.09.23 22:30:00|195.37|195.7|194.38|195.2|9446
2020.09.24 16:30:00|194.36|196.07|192.66|194.97|11303
2020.09.24 17:30:00|194.97|195.31|193.95|194.97|12079
2020.09.24 18:30:00|194.97|195.75|194.88|195.27|10020
2020.09.24 19:30:00|195.27|196.74|194.61|196.62|9082
2020.09.24 20:30:00|196.63|197.22|195.77|195.86|11881
2020.09.24 21:30:00|195.85|196.61|194.11|194.31|16232
2020.09.24 22:30:00|194.3|195.34|194.06|195.01|9978
2020.09.25 16:30:00|194.82|195.6|193.06|195.45|10483
2020.09.25 17:30:00|195.43|196.52|195.21|196.01|10086
2020.09.25 18:30:00|196.02|196.23|195.49|195.56|7004
2020.09.25 19:30:00|195.56|195.9|194.68|195.64|7397
2020.09.25 20:30:00|195.66|196.79|195.5|196.56|6050
2020.09.25 21:30:00|196.56|197.67|196.4|197.44|8613
2020.09.25 22:30:00|197.45|197.5|196.59|196.76|7344
2020.09.28 16:30:00|200.41|201.08|199.34|200.55|7452
2020.09.28 17:30:00|200.55|200.95|199.52|200.81|7377
2020.09.28 18:30:00|200.8|201|200.02|200.34|5777
2020.09.28 19:30:00|200.35|201|200.18|200.81|3765
2020.09.28 20:30:00|200.82|201.16|200.63|200.91|4510
2020.09.28 21:30:00|200.91|201.25|200.35|200.59|5350
2020.09.28 22:30:00|200.6|200.6|199.54|199.96|5603
2020.09.29 16:30:00|199.96|201.93|199.74|201.78|6209
2020.09.29 17:30:00|201.78|201.86|199.94|200.85|7857
2020.09.29 18:30:00|200.84|201.3|200.48|200.72|6543
2020.09.29 19:30:00|200.72|201.01|200.06|200.45|4396
2020.09.29 20:30:00|200.45|200.54|199.8|200.12|5080
2020.09.29 21:30:00|200.14|200.42|199.73|199.77|6025
2020.09.29 22:30:00|199.77|199.82|198.92|198.95|4882
2020.09.30 16:30:00|200.47|201.53|199.73|200.9|6808
2020.09.30 17:30:00|200.92|201.93|200.82|201.91|7576
2020.09.30 18:30:00|201.91|201.97|201.24|201.96|4911
2020.09.30 19:30:00|201.96|202.08|200.27|200.27|5004
2020.09.30 20:30:00|200.27|201.42|199.8|200.44|7174
2020.09.30 21:30:00|200.45|200.46|198.42|199.04|18424
2020.09.30 22:30:00|199.05|200.21|198.66|199.44|8766
2020.10.01 16:30:00|202.03|204.25|201.46|202.74|7921
2020.10.01 17:30:00|202.74|204.73|202.59|204.59|8266
2020.10.01 18:30:00|204.6|204.72|202.89|203.55|8001
2020.10.01 19:30:00|203.55|203.99|202.86|203.1|5790
2020.10.01 20:30:00|203.1|203.26|201.15|201.98|9654
2020.10.01 21:30:00|201.97|203.02|201.95|202.12|5274
2020.10.01 22:30:00|202.1|203.08|202.01|202.89|4096
2020.10.02 16:30:00|199.38|202.24|199.07|202.16|6710
2020.10.02 17:30:00|202.16|202.17|200.96|201.34|5999
2020.10.02 18:30:00|201.34|201.77|199.77|201.46|8056
2020.10.02 19:30:00|201.46|202.37|201.32|202.05|5632
2020.10.02 20:30:00|202.05|202.25|201.05|201.7|5838
2020.10.02 21:30:00|201.69|201.94|200.96|201.42|7222
