2020.11.03 18:00:00|1.059|1.0595|1.056|1.0565|521
2020.11.04 10:00:00|1.0295|1.0485|1.0295|1.045|1477
2020.11.04 11:00:00|1.0445|1.055|1.0415|1.049|1158
2020.11.04 12:00:00|1.0485|1.049|1.0395|1.0465|775
2020.11.04 13:00:00|1.047|1.048|1.0405|1.0425|597
2020.11.04 14:00:00|1.043|1.0465|1.041|1.0455|714
2020.11.04 15:00:00|1.046|1.054|1.0445|1.051|740
2020.11.04 16:00:00|1.0515|1.055|1.0365|1.055|1775
2020.11.04 17:00:00|1.055|1.061|1.0535|1.0585|1168
2020.11.04 18:00:00|1.059|1.0605|1.0545|1.0585|479
2020.11.05 10:00:00|1.0605|1.0675|1.053|1.0565|1334
2020.11.05 11:00:00|1.056|1.0595|1.0545|1.055|735
2020.11.05 12:00:00|1.0555|1.06|1.0525|1.0575|811
2020.11.05 13:00:00|1.057|1.0585|1.051|1.051|688
2020.11.05 14:00:00|1.0505|1.0535|1.0475|1.0525|688
2020.11.05 15:00:00|1.0525|1.06|1.0505|1.056|540
2020.11.05 16:00:00|1.0565|1.065|1.0515|1.0645|1108
2020.11.05 17:00:00|1.0645|1.068|1.061|1.0615|905
2020.11.05 18:00:00|1.061|1.062|1.057|1.057|375
2020.11.06 10:00:00|1.0595|1.0725|1.0575|1.0615|924
2020.11.06 11:00:00|1.0615|1.064|1.0525|1.0535|708
2020.11.06 12:00:00|1.0535|1.0625|1.053|1.061|607
2020.11.06 13:00:00|1.0605|1.0625|1.0515|1.0525|444
2020.11.06 14:00:00|1.0525|1.056|1.048|1.0535|488
2020.11.06 15:00:00|1.053|1.0595|1.0505|1.0585|663
2020.11.06 16:00:00|1.0585|1.0645|1.0545|1.0575|875
2020.11.06 17:00:00|1.057|1.0575|1.0465|1.0465|597
2020.11.06 18:00:00|1.047|1.0505|1.0445|1.0455|389
2020.11.09 10:00:00|1.0545|1.0605|1.049|1.056|887
2020.11.09 11:00:00|1.0565|1.0585|1.0525|1.056|540
2020.11.09 12:00:00|1.0565|1.065|1.0565|1.0645|325
2020.11.09 13:00:00|1.065|1.0945|1.062|1.091|819
2020.11.09 14:00:00|1.0905|1.121|1.081|1.1165|1972
2020.11.09 15:00:00|1.116|1.133|1.1145|1.1305|1419
2020.11.09 16:00:00|1.131|1.1335|1.116|1.1225|1547
2020.11.09 17:00:00|1.1225|1.1285|1.112|1.1155|1806
2020.11.09 18:00:00|1.116|1.118|1.1135|1.115|598
2020.11.10 10:00:00|1.1185|1.1345|1.1095|1.1325|2381
2020.11.10 11:00:00|1.132|1.1555|1.1315|1.154|1815
2020.11.10 12:00:00|1.1545|1.1545|1.1375|1.1455|1267
2020.11.10 13:00:00|1.145|1.157|1.1415|1.147|1143
2020.11.10 14:00:00|1.1465|1.148|1.137|1.14|1024
2020.11.10 15:00:00|1.1395|1.145|1.136|1.1415|656
2020.11.10 16:00:00|1.141|1.157|1.1395|1.157|1362
2020.11.10 17:00:00|1.1565|1.164|1.15|1.153|1314
2020.11.10 18:00:00|1.153|1.1645|1.1525|1.162|701
2020.11.11 10:00:00|1.1515|1.1775|1.1515|1.1725|2376
2020.11.11 11:00:00|1.172|1.173|1.1545|1.1635|915
2020.11.11 12:00:00|1.1635|1.164|1.155|1.1555|635
2020.11.11 13:00:00|1.1555|1.161|1.154|1.16|546
2020.11.11 14:00:00|1.1595|1.166|1.158|1.1645|627
2020.11.11 15:00:00|1.165|1.165|1.1545|1.1575|739
2020.11.11 16:00:00|1.158|1.164|1.1565|1.1635|1075
2020.11.11 17:00:00|1.1635|1.167|1.1605|1.1665|1244
2020.11.11 18:00:00|1.166|1.168|1.162|1.168|525
2020.11.12 10:00:00|1.165|1.1745|1.1545|1.1585|1593
2020.11.12 11:00:00|1.1585|1.1685|1.1565|1.168|810
2020.11.12 12:00:00|1.168|1.1755|1.1665|1.1715|787
2020.11.12 13:00:00|1.1715|1.1735|1.166|1.1665|654
2020.11.12 14:00:00|1.166|1.1665|1.1575|1.158|938
2020.11.12 15:00:00|1.1585|1.1605|1.152|1.1535|573
2020.11.12 16:00:00|1.154|1.177|1.151|1.1705|1822
2020.11.12 17:00:00|1.1705|1.184|1.1685|1.183|1079
2020.11.12 18:00:00|1.183|1.1845|1.1775|1.1815|550
2020.11.13 10:00:00|1.1645|1.1825|1.1625|1.1825|1530
2020.11.13 11:00:00|1.183|1.1885|1.181|1.184|711
2020.11.13 12:00:00|1.1845|1.193|1.1835|1.1895|512
2020.11.13 13:00:00|1.189|1.1905|1.177|1.181|569
2020.11.13 14:00:00|1.1805|1.182|1.1775|1.18|387
2020.11.13 15:00:00|1.1805|1.183|1.1765|1.182|434
2020.11.13 16:00:00|1.1815|1.184|1.177|1.1825|602
2020.11.13 17:00:00|1.1825|1.1915|1.1795|1.1875|793
2020.11.13 18:00:00|1.1875|1.196|1.1875|1.1905|731
2020.11.16 10:00:00|1.2325|1.239|1.2175|1.2215|1313
2020.11.16 11:00:00|1.221|1.2385|1.221|1.2355|721
2020.11.16 12:00:00|1.236|1.236|1.223|1.2245|509
2020.11.16 13:00:00|1.2245|1.2445|1.219|1.2425|804
2020.11.16 14:00:00|1.2425|1.2515|1.237|1.2465|1003
2020.11.16 15:00:00|1.2465|1.2645|1.246|1.257|883
2020.11.16 16:00:00|1.257|1.2655|1.252|1.2625|1098
2020.11.16 17:00:00|1.2625|1.2745|1.2585|1.2735|1361
2020.11.16 18:00:00|1.2735|1.2755|1.27|1.2755|468
2020.11.17 10:00:00|1.2475|1.2605|1.2335|1.2335|1477
2020.11.17 11:00:00|1.234|1.244|1.2315|1.2405|927
2020.11.17 12:00:00|1.2405|1.2455|1.238|1.241|828
2020.11.17 13:00:00|1.2405|1.243|1.221|1.2345|1001
2020.11.17 14:00:00|1.2355|1.2355|1.2235|1.2295|689
2020.11.17 15:00:00|1.23|1.2405|1.228|1.2405|644
2020.11.17 16:00:00|1.241|1.2445|1.2285|1.2285|928
2020.11.17 17:00:00|1.228|1.2315|1.2175|1.2225|1151
2020.11.17 18:00:00|1.2225|1.2285|1.221|1.2255|620
2020.11.18 10:00:00|1.2155|1.224|1.215|1.217|1139
2020.11.18 11:00:00|1.2165|1.2215|1.2105|1.2185|777
2020.11.18 12:00:00|1.218|1.2225|1.214|1.2145|519
2020.11.18 13:00:00|1.2145|1.2185|1.212|1.216|553
2020.11.18 14:00:00|1.216|1.222|1.2145|1.2195|481
2020.11.18 15:00:00|1.219|1.222|1.216|1.2215|342
2020.11.18 16:00:00|1.2215|1.223|1.218|1.2225|768
2020.11.18 17:00:00|1.223|1.2285|1.2215|1.2215|653
2020.11.18 18:00:00|1.2215|1.2275|1.2215|1.2255|316
2020.11.19 10:00:00|1.2185|1.2225|1.2005|1.2095|1283
2020.11.19 11:00:00|1.2095|1.211|1.202|1.2055|824
2020.11.19 12:00:00|1.205|1.208|1.2005|1.208|557
2020.11.19 13:00:00|1.2085|1.2135|1.2055|1.2115|353
2020.11.19 14:00:00|1.2115|1.215|1.2095|1.2095|329
2020.11.19 15:00:00|1.2095|1.212|1.207|1.2095|432
2020.11.19 16:00:00|1.209|1.222|1.209|1.2205|835
2020.11.19 17:00:00|1.22|1.2205|1.211|1.212|734
2020.11.19 18:00:00|1.212|1.2145|1.2095|1.21|407
2020.11.20 10:00:00|1.2105|1.2265|1.21|1.223|813
2020.11.20 11:00:00|1.2225|1.2335|1.2215|1.2295|692
2020.11.20 12:00:00|1.2295|1.2345|1.2285|1.231|666
2020.11.20 13:00:00|1.2305|1.2365|1.23|1.2355|394
2020.11.20 14:00:00|1.2355|1.239|1.2295|1.23|386
2020.11.20 15:00:00|1.2295|1.234|1.2265|1.2275|396
2020.11.20 16:00:00|1.2265|1.2275|1.2205|1.2225|614
2020.11.20 17:00:00|1.223|1.226|1.2185|1.223|522
2020.11.20 18:00:00|1.2235|1.226|1.223|1.2255|238
2020.11.23 10:00:00|1.2365|1.2385|1.2295|1.2355|779
2020.11.23 11:00:00|1.2355|1.242|1.232|1.2395|509
2020.11.23 12:00:00|1.2395|1.241|1.2295|1.231|408
2020.11.23 13:00:00|1.2305|1.2315|1.224|1.2245|382
2020.11.23 14:00:00|1.225|1.225|1.2145|1.2155|547
2020.11.23 15:00:00|1.216|1.217|1.207|1.209|622
2020.11.23 16:00:00|1.2095|1.221|1.208|1.219|784
2020.11.23 17:00:00|1.2195|1.2235|1.217|1.2205|646
2020.11.23 18:00:00|1.221|1.2215|1.212|1.2155|522
2020.11.24 10:00:00|1.2375|1.2415|1.227|1.238|1120
2020.11.24 11:00:00|1.237|1.2405|1.236|1.238|607
2020.11.24 12:00:00|1.2385|1.2445|1.2365|1.2415|675
2020.11.24 13:00:00|1.2405|1.245|1.2385|1.24|397
2020.11.24 14:00:00|1.2405|1.2405|1.233|1.235|332
2020.11.24 15:00:00|1.2355|1.2385|1.235|1.2375|243
2020.11.24 16:00:00|1.237|1.2445|1.235|1.2435|672
2020.11.24 17:00:00|1.2435|1.2465|1.2395|1.2435|595
2020.11.24 18:00:00|1.2435|1.248|1.2425|1.246|252
2020.11.25 10:00:00|1.2525|1.2655|1.2465|1.25|940
2020.11.25 11:00:00|1.2505|1.2525|1.2395|1.241|469
2020.11.25 12:00:00|1.2415|1.2465|1.241|1.244|415
2020.11.25 13:00:00|1.2445|1.2465|1.2355|1.2375|332
2020.11.25 14:00:00|1.2375|1.2415|1.2355|1.2365|405
2020.11.25 15:00:00|1.237|1.2455|1.2365|1.2455|425
2020.11.25 16:00:00|1.2455|1.2495|1.2405|1.244|714
2020.11.25 17:00:00|1.244|1.2465|1.2375|1.2375|729
2020.11.25 18:00:00|1.2375|1.2415|1.2365|1.2395|333
2020.11.26 10:00:00|1.2365|1.2415|1.2305|1.233|1007
2020.11.26 11:00:00|1.2335|1.25|1.232|1.2455|695
2020.11.26 12:00:00|1.2455|1.247|1.238|1.2395|410
2020.11.26 13:00:00|1.24|1.2425|1.2375|1.2395|289
2020.11.26 14:00:00|1.2395|1.24|1.237|1.239|247
2020.11.26 15:00:00|1.239|1.244|1.2375|1.24|372
2020.11.26 16:00:00|1.2405|1.2445|1.239|1.243|324
2020.11.26 17:00:00|1.2435|1.2485|1.2425|1.2475|389
2020.11.26 18:00:00|1.2475|1.2495|1.2455|1.2485|227
2020.11.27 10:00:00|1.2465|1.251|1.2375|1.2495|1006
2020.11.27 11:00:00|1.2495|1.256|1.2455|1.246|561
2020.11.27 12:00:00|1.2455|1.2565|1.2445|1.252|467
2020.11.27 13:00:00|1.252|1.2535|1.248|1.253|441
2020.11.27 14:00:00|1.2525|1.2565|1.251|1.252|386
2020.11.27 15:00:00|1.2525|1.2525|1.2465|1.247|299
2020.11.27 16:00:00|1.2465|1.249|1.2435|1.246|514
2020.11.27 17:00:00|1.2465|1.2485|1.241|1.2445|593
2020.11.27 18:00:00|1.245|1.2495|1.2435|1.2495|370
2020.11.30 10:00:00|1.2375|1.242|1.231|1.2355|800
2020.11.30 11:00:00|1.236|1.248|1.235|1.248|549
2020.11.30 12:00:00|1.2485|1.2495|1.244|1.246|534
2020.11.30 13:00:00|1.2455|1.2465|1.2395|1.24|432
2020.11.30 14:00:00|1.2395|1.2445|1.239|1.2425|315
2020.11.30 15:00:00|1.2415|1.2465|1.2405|1.2465|258
2020.11.30 16:00:00|1.247|1.247|1.2385|1.243|511
2020.11.30 17:00:00|1.2435|1.244|1.2375|1.241|777
2020.11.30 18:00:00|1.2415|1.245|1.2335|1.234|450
2020.12.01 10:00:00|1.2385|1.2495|1.232|1.247|1120
2020.12.01 11:00:00|1.247|1.252|1.2425|1.244|775
2020.12.01 12:00:00|1.2445|1.25|1.243|1.2495|517
2020.12.01 13:00:00|1.2495|1.2505|1.2455|1.246|429
2020.12.01 14:00:00|1.2455|1.2475|1.244|1.2445|431
2020.12.01 15:00:00|1.2445|1.247|1.2415|1.2445|359
2020.12.01 16:00:00|1.244|1.2505|1.2395|1.248|855
2020.12.01 17:00:00|1.2475|1.253|1.245|1.253|765
2020.12.01 18:00:00|1.2525|1.2535|1.247|1.2495|437
2020.12.02 10:00:00|1.234|1.2425|1.227|1.2425|1108
2020.12.02 11:00:00|1.2425|1.2505|1.2395|1.244|592
2020.12.02 12:00:00|1.2445|1.251|1.243|1.2505|530
2020.12.02 13:00:00|1.2505|1.2525|1.2385|1.246|469
2020.12.02 14:00:00|1.2455|1.2525|1.2445|1.2455|507
2020.12.02 15:00:00|1.2455|1.2525|1.242|1.2485|440
2020.12.02 16:00:00|1.2485|1.2625|1.2425|1.2625|831
2020.12.02 17:00:00|1.264|1.264|1.256|1.262|937
2020.12.02 18:00:00|1.262|1.267|1.2605|1.2665|442
2020.12.03 10:00:00|1.26|1.271|1.2575|1.268|773
2020.12.03 11:00:00|1.2685|1.2725|1.2615|1.2655|631
2020.12.03 12:00:00|1.2655|1.2725|1.2655|1.2705|439
2020.12.03 13:00:00|1.271|1.2775|1.2705|1.276|385
2020.12.03 14:00:00|1.276|1.278|1.2695|1.272|333
2020.12.03 15:00:00|1.2715|1.2765|1.2675|1.2685|588
2020.12.03 16:00:00|1.268|1.269|1.2585|1.26|806
2020.12.03 17:00:00|1.26|1.2655|1.257|1.264|876
2020.12.03 18:00:00|1.264|1.2675|1.263|1.2655|412
2020.12.04 10:00:00|1.268|1.2835|1.2665|1.2815|611
2020.12.04 11:00:00|1.282|1.2895|1.2815|1.286|632
2020.12.04 12:00:00|1.286|1.2925|1.283|1.291|654
2020.12.04 13:00:00|1.2915|1.292|1.285|1.2865|490
2020.12.04 14:00:00|1.2865|1.289|1.2835|1.287|430
2020.12.04 15:00:00|1.2875|1.2885|1.2795|1.286|346
2020.12.04 16:00:00|1.2865|1.2965|1.2835|1.2935|635
2020.12.04 17:00:00|1.293|1.298|1.289|1.296|890
2020.12.04 18:00:00|1.2965|1.3005|1.2945|1.2995|385
2020.12.07 10:00:00|1.3115|1.318|1.304|1.313|977
2020.12.07 11:00:00|1.3135|1.3335|1.3135|1.3335|886
2020.12.07 12:00:00|1.333|1.3335|1.321|1.3215|589
2020.12.07 13:00:00|1.3215|1.3355|1.3205|1.334|675
2020.12.07 14:00:00|1.334|1.335|1.3275|1.3345|582
2020.12.07 15:00:00|1.3345|1.335|1.323|1.3245|505
2020.12.07 16:00:00|1.3245|1.3255|1.3165|1.3205|783
2020.12.07 17:00:00|1.321|1.3215|1.313|1.317|587
2020.12.07 18:00:00|1.3165|1.318|1.3135|1.3175|237
2020.12.08 10:00:00|1.3245|1.3245|1.303|1.3115|908
2020.12.08 11:00:00|1.3115|1.313|1.305|1.3085|570
2020.12.08 12:00:00|1.3085|1.3125|1.3075|1.312|323
2020.12.08 13:00:00|1.3115|1.3125|1.3055|1.3065|318
2020.12.08 14:00:00|1.3065|1.3085|1.3025|1.3045|276
2020.12.08 15:00:00|1.304|1.307|1.3|1.303|499
2020.12.08 16:00:00|1.3025|1.3075|1.3005|1.3025|677
2020.12.08 17:00:00|1.3025|1.306|1.3005|1.3045|626
2020.12.08 18:00:00|1.3045|1.3075|1.304|1.3055|304
2020.12.09 10:00:00|1.309|1.3195|1.3055|1.314|916
2020.12.09 11:00:00|1.314|1.315|1.3075|1.3115|574
2020.12.09 12:00:00|1.3115|1.3135|1.3085|1.3105|389
2020.12.09 13:00:00|1.311|1.317|1.3095|1.3155|378
2020.12.09 14:00:00|1.315|1.3165|1.31|1.3145|352
2020.12.09 15:00:00|1.3145|1.3265|1.3145|1.325|384
2020.12.09 16:00:00|1.3255|1.332|1.321|1.3285|743
2020.12.09 17:00:00|1.3285|1.3375|1.3275|1.3295|905
2020.12.09 18:00:00|1.3295|1.3305|1.324|1.325|427
2020.12.10 10:00:00|1.3335|1.3515|1.33|1.3455|1956
2020.12.10 11:00:00|1.3455|1.3525|1.3415|1.346|1186
2020.12.10 12:00:00|1.3455|1.3465|1.3365|1.345|622
2020.12.10 13:00:00|1.345|1.3595|1.3435|1.3595|772
2020.12.10 14:00:00|1.359|1.3605|1.3405|1.3455|809
2020.12.10 15:00:00|1.345|1.3515|1.3315|1.3345|998
2020.12.10 16:00:00|1.3345|1.3355|1.325|1.335|1243
2020.12.10 17:00:00|1.335|1.3395|1.3325|1.3375|957
2020.12.10 18:00:00|1.338|1.3445|1.338|1.34|568
2020.12.11 10:00:00|1.3225|1.327|1.307|1.3105|1437
2020.12.11 11:00:00|1.3105|1.3215|1.3085|1.3095|912
2020.12.11 12:00:00|1.309|1.3115|1.3065|1.308|682
2020.12.11 13:00:00|1.3075|1.3105|1.3035|1.3075|799
2020.12.11 14:00:00|1.308|1.31|1.302|1.3095|472
2020.12.11 15:00:00|1.3095|1.316|1.3085|1.3155|421
2020.12.11 16:00:00|1.3155|1.321|1.3155|1.32|740
2020.12.11 17:00:00|1.3205|1.3225|1.31|1.3105|859
2020.12.11 18:00:00|1.3105|1.3105|1.3015|1.3025|473
2020.12.14 10:00:00|1.302|1.3215|1.302|1.317|1356
2020.12.14 11:00:00|1.3165|1.3245|1.316|1.3245|729
2020.12.14 12:00:00|1.325|1.328|1.322|1.323|583
2020.12.14 13:00:00|1.323|1.328|1.3225|1.328|429
2020.12.14 14:00:00|1.3275|1.3275|1.322|1.3225|450
2020.12.14 15:00:00|1.3225|1.3245|1.3195|1.323|506
2020.12.14 16:00:00|1.3235|1.3285|1.318|1.3195|1050
2020.12.14 17:00:00|1.3195|1.3225|1.3135|1.3135|1108
2020.12.14 18:00:00|1.3135|1.315|1.3065|1.3065|449
2020.12.15 10:00:00|1.298|1.312|1.2975|1.312|1064
2020.12.15 11:00:00|1.3115|1.316|1.309|1.3125|656
2020.12.15 12:00:00|1.313|1.319|1.312|1.3165|380
2020.12.15 13:00:00|1.317|1.317|1.313|1.3145|367
2020.12.15 14:00:00|1.315|1.318|1.3115|1.313|373
2020.12.15 15:00:00|1.3125|1.317|1.3095|1.314|556
2020.12.15 16:00:00|1.314|1.3145|1.2975|1.298|931
2020.12.15 17:00:00|1.2975|1.3035|1.2915|1.2935|883
2020.12.15 18:00:00|1.294|1.296|1.2895|1.294|769
2020.12.16 10:00:00|1.3015|1.3225|1.301|1.3205|1009
2020.12.16 11:00:00|1.321|1.3225|1.3115|1.3125|501
2020.12.16 12:00:00|1.3125|1.3145|1.3075|1.311|372
2020.12.16 13:00:00|1.3115|1.317|1.311|1.3145|485
2020.12.16 14:00:00|1.3145|1.316|1.3085|1.3085|450
2020.12.16 15:00:00|1.309|1.3105|1.3065|1.3085|354
2020.12.16 16:00:00|1.308|1.3095|1.2945|1.3015|773
2020.12.16 17:00:00|1.301|1.3075|1.2965|1.3065|948
2020.12.16 18:00:00|1.307|1.3105|1.3045|1.3055|360
2020.12.17 10:00:00|1.2735|1.2765|1.2615|1.2635|1624
2020.12.17 11:00:00|1.2635|1.266|1.2605|1.2645|748
2020.12.17 12:00:00|1.265|1.2655|1.2565|1.2575|571
2020.12.17 13:00:00|1.2575|1.2675|1.2565|1.265|697
2020.12.17 14:00:00|1.2635|1.2655|1.26|1.2635|432
2020.12.17 15:00:00|1.263|1.2635|1.257|1.2575|469
2020.12.17 16:00:00|1.2575|1.2585|1.251|1.2515|791
2020.12.17 17:00:00|1.2515|1.255|1.249|1.249|868
2020.12.17 18:00:00|1.2495|1.2555|1.247|1.2545|437
2020.12.18 10:00:00|1.255|1.27|1.2525|1.267|926
2020.12.18 11:00:00|1.267|1.272|1.266|1.2685|558
2020.12.18 12:00:00|1.2685|1.2705|1.258|1.26|752
2020.12.18 13:00:00|1.26|1.2605|1.255|1.2555|306
2020.12.18 14:00:00|1.2555|1.2585|1.255|1.256|368
2020.12.18 15:00:00|1.2555|1.2595|1.255|1.256|311
2020.12.18 16:00:00|1.256|1.257|1.2535|1.2545|508
2020.12.18 17:00:00|1.2545|1.2565|1.253|1.255|555
2020.12.18 18:00:00|1.2555|1.258|1.2535|1.2575|235
2020.12.21 10:00:00|1.23|1.2345|1.2175|1.2305|1491
2020.12.21 11:00:00|1.2295|1.2305|1.2145|1.2175|956
2020.12.21 12:00:00|1.2175|1.2205|1.1945|1.197|3536
2020.12.21 13:00:00|1.196|1.2205|1.195|1.215|2119
2020.12.21 14:00:00|1.2145|1.2225|1.2065|1.2065|1029
2020.12.21 15:00:00|1.2065|1.2065|1.1985|1.2055|954
2020.12.21 16:00:00|1.2055|1.21|1.2015|1.2055|1266
2020.12.21 17:00:00|1.2055|1.217|1.2005|1.2155|1220
2020.12.21 18:00:00|1.215|1.2175|1.2125|1.214|513
2020.12.22 10:00:00|1.202|1.2155|1.199|1.2085|919
2020.12.22 11:00:00|1.209|1.2155|1.2055|1.2055|547
2020.12.22 12:00:00|1.206|1.2135|1.2055|1.208|547
2020.12.22 13:00:00|1.2085|1.2095|1.2045|1.2055|337
2020.12.22 14:00:00|1.205|1.209|1.2045|1.208|355
2020.12.22 15:00:00|1.2085|1.2125|1.207|1.2095|292
2020.12.22 16:00:00|1.2095|1.2105|1.2045|1.2065|521
2020.12.22 17:00:00|1.206|1.211|1.2055|1.2105|502
2020.12.22 18:00:00|1.2105|1.2115|1.2075|1.2115|319
2020.12.23 10:00:00|1.2015|1.223|1.1995|1.2225|858
2020.12.23 11:00:00|1.2225|1.224|1.2195|1.223|424
2020.12.23 12:00:00|1.222|1.2235|1.2185|1.2225|302
2020.12.23 13:00:00|1.222|1.2245|1.221|1.2245|232
2020.12.23 14:00:00|1.2245|1.2245|1.221|1.221|210
2020.12.23 15:00:00|1.2215|1.2225|1.2185|1.22|272
2020.12.23 16:00:00|1.2205|1.2295|1.22|1.228|806
2020.12.23 17:00:00|1.2275|1.229|1.2225|1.2245|735
2020.12.23 18:00:00|1.2245|1.2285|1.2235|1.227|331
2020.12.24 10:00:00|1.23|1.2405|1.2275|1.2305|1022
2020.12.24 11:00:00|1.231|1.2335|1.2275|1.2285|723
2020.12.24 12:00:00|1.228|1.229|1.226|1.2275|479
2020.12.24 13:00:00|1.2275|1.2295|1.2255|1.2295|244
2020.12.24 14:00:00|1.229|1.2295|1.225|1.225|135
2020.12.29 10:00:00|1.2495|1.259|1.242|1.2455|1660
2020.12.29 11:00:00|1.2455|1.2555|1.242|1.252|795
2020.12.29 12:00:00|1.2515|1.2535|1.2435|1.244|481
2020.12.29 13:00:00|1.2435|1.244|1.2385|1.242|324
2020.12.29 14:00:00|1.242|1.242|1.2355|1.2365|280
2020.12.29 15:00:00|1.2365|1.2435|1.2365|1.2435|268
2020.12.29 16:00:00|1.244|1.244|1.235|1.236|538
2020.12.29 17:00:00|1.2355|1.2395|1.233|1.2335|612
2020.12.29 18:00:00|1.2335|1.234|1.229|1.231|289
2020.12.30 10:00:00|1.229|1.2355|1.227|1.2305|724
2020.12.30 11:00:00|1.2305|1.2305|1.2265|1.2295|444
2020.12.30 12:00:00|1.2295|1.2355|1.2295|1.2325|313
2020.12.30 13:00:00|1.2325|1.235|1.23|1.2305|292
2020.12.30 14:00:00|1.2305|1.232|1.229|1.2295|231
2020.12.30 15:00:00|1.2295|1.231|1.2245|1.2265|263
2020.12.30 16:00:00|1.2265|1.2285|1.222|1.2225|411
2020.12.30 17:00:00|1.223|1.2275|1.219|1.222|561
2020.12.30 18:00:00|1.2225|1.225|1.218|1.218|306
2020.12.31 10:00:00|1.204|1.2065|1.1935|1.1995|890
2020.12.31 11:00:00|1.1995|1.2075|1.1995|1.2075|519
2020.12.31 12:00:00|1.207|1.2175|1.203|1.2175|506
2020.12.31 13:00:00|1.217|1.218|1.2095|1.2115|581
2020.12.31 14:00:00|1.212|1.2135|1.2075|1.213|354
2021.01.04 10:00:00|1.217|1.2285|1.2125|1.227|1270
2021.01.04 11:00:00|1.227|1.2525|1.227|1.2475|3182
2021.01.04 12:00:00|1.2475|1.25|1.2445|1.2495|1079
2021.01.04 13:00:00|1.249|1.259|1.2465|1.2525|1147
2021.01.04 14:00:00|1.2525|1.2665|1.2525|1.2565|1079
2021.01.04 15:00:00|1.256|1.2585|1.2475|1.2485|583
2021.01.04 16:00:00|1.2485|1.249|1.242|1.2455|984
2021.01.04 17:00:00|1.2455|1.2485|1.2305|1.2335|1038
2021.01.04 18:00:00|1.234|1.237|1.23|1.2345|728
2021.01.05 10:00:00|1.231|1.2475|1.227|1.2425|2524
2021.01.05 11:00:00|1.242|1.2435|1.2355|1.2385|1629
2021.01.05 12:00:00|1.2385|1.24|1.2335|1.2345|782
2021.01.05 13:00:00|1.235|1.239|1.2325|1.2345|650
2021.01.05 14:00:00|1.2345|1.236|1.2285|1.231|592
2021.01.05 15:00:00|1.231|1.234|1.2295|1.2305|498
2021.01.05 16:00:00|1.2305|1.2375|1.23|1.2345|902
2021.01.05 17:00:00|1.235|1.237|1.2295|1.2325|1100
2021.01.05 18:00:00|1.2325|1.238|1.2315|1.2375|431
2021.01.06 10:00:00|1.2605|1.2755|1.2575|1.2665|1833
2021.01.06 11:00:00|1.2665|1.283|1.2645|1.2805|1828
2021.01.06 12:00:00|1.2805|1.2895|1.2775|1.2895|1205
2021.01.06 13:00:00|1.2895|1.2935|1.286|1.291|1049
2021.01.06 14:00:00|1.2905|1.2945|1.2855|1.289|1225
2021.01.06 15:00:00|1.2885|1.2995|1.288|1.297|1036
2021.01.06 16:00:00|1.2965|1.3015|1.2885|1.2955|1617
2021.01.06 17:00:00|1.2955|1.302|1.294|1.2945|1220
2021.01.06 18:00:00|1.294|1.2955|1.29|1.295|560
2021.01.07 10:00:00|1.306|1.3095|1.29|1.297|1343
2021.01.07 11:00:00|1.2965|1.298|1.29|1.298|1414
2021.01.07 12:00:00|1.2975|1.3025|1.295|1.2955|788
2021.01.07 13:00:00|1.2945|1.3075|1.2935|1.3055|1047
2021.01.07 14:00:00|1.306|1.3065|1.2965|1.3055|703
2021.01.07 15:00:00|1.3055|1.3085|1.303|1.3055|1088
2021.01.07 16:00:00|1.306|1.3115|1.303|1.3065|1162
2021.01.07 17:00:00|1.307|1.3115|1.3025|1.311|1148
2021.01.07 18:00:00|1.3105|1.3135|1.309|1.3115|402
2021.01.08 10:00:00|1.3035|1.3055|1.2935|1.305|1249
2021.01.08 11:00:00|1.3045|1.305|1.2925|1.2985|1380
2021.01.08 12:00:00|1.2985|1.299|1.287|1.2885|802
2021.01.08 13:00:00|1.288|1.2895|1.284|1.285|565
2021.01.08 14:00:00|1.285|1.286|1.2815|1.284|523
2021.01.08 15:00:00|1.2845|1.288|1.2815|1.2825|535
2021.01.08 16:00:00|1.2825|1.2835|1.2765|1.278|848
2021.01.08 17:00:00|1.2785|1.2825|1.2715|1.272|1199
2021.01.08 18:00:00|1.2725|1.275|1.2695|1.2745|501
2021.01.11 10:00:00|1.283|1.29|1.279|1.2855|631
2021.01.11 11:00:00|1.286|1.2935|1.2805|1.2925|637
2021.01.11 12:00:00|1.293|1.2985|1.2915|1.2915|443
2021.01.11 13:00:00|1.2915|1.293|1.289|1.2895|406
2021.01.11 14:00:00|1.2895|1.292|1.2865|1.2885|328
2021.01.11 15:00:00|1.288|1.2895|1.2805|1.2815|460
2021.01.11 16:00:00|1.281|1.2885|1.2745|1.283|1101
2021.01.11 17:00:00|1.2825|1.2835|1.2745|1.2765|675
2021.01.11 18:00:00|1.2765|1.2825|1.2755|1.2815|291
2021.01.12 10:00:00|1.2815|1.2815|1.2635|1.2655|1149
2021.01.12 11:00:00|1.266|1.268|1.257|1.264|811
2021.01.12 12:00:00|1.264|1.265|1.2585|1.2585|506
2021.01.12 13:00:00|1.258|1.263|1.254|1.2555|472
2021.01.12 14:00:00|1.256|1.2615|1.2545|1.2545|420
2021.01.12 15:00:00|1.2545|1.2565|1.249|1.2515|474
2021.01.12 16:00:00|1.2515|1.257|1.2495|1.253|708
2021.01.12 17:00:00|1.253|1.2545|1.2515|1.254|446
2021.01.12 18:00:00|1.2535|1.2555|1.2515|1.252|284
2021.01.13 10:00:00|1.2595|1.2745|1.2595|1.2715|975
2021.01.13 11:00:00|1.2715|1.281|1.2705|1.2745|800
2021.01.13 12:00:00|1.2745|1.2795|1.273|1.2745|695
2021.01.13 13:00:00|1.274|1.2795|1.273|1.2755|484
2021.01.13 14:00:00|1.2755|1.2765|1.271|1.276|487
2021.01.13 15:00:00|1.276|1.2785|1.274|1.2755|448
2021.01.13 16:00:00|1.2755|1.281|1.2735|1.278|612
2021.01.13 17:00:00|1.2775|1.281|1.275|1.2795|604
2021.01.13 18:00:00|1.279|1.28|1.275|1.275|292
2021.01.14 10:00:00|1.263|1.2795|1.2565|1.275|767
2021.01.14 11:00:00|1.2755|1.278|1.272|1.2745|605
2021.01.14 12:00:00|1.2745|1.277|1.272|1.2745|653
2021.01.14 13:00:00|1.274|1.281|1.2725|1.281|391
2021.01.14 14:00:00|1.2805|1.2805|1.2755|1.2785|353
2021.01.14 15:00:00|1.278|1.2795|1.2745|1.2785|366
2021.01.14 16:00:00|1.278|1.2815|1.2775|1.281|459
2021.01.14 17:00:00|1.281|1.2855|1.281|1.2845|503
2021.01.14 18:00:00|1.285|1.286|1.2825|1.284|242
2021.01.15 10:00:00|1.2785|1.2865|1.277|1.282|595
2021.01.15 11:00:00|1.2825|1.288|1.2805|1.288|476
2021.01.15 12:00:00|1.2875|1.288|1.2745|1.275|434
2021.01.15 13:00:00|1.2755|1.2755|1.2675|1.268|439
2021.01.15 14:00:00|1.2675|1.272|1.2665|1.268|370
2021.01.15 15:00:00|1.2685|1.2735|1.2675|1.2695|300
2021.01.15 16:00:00|1.27|1.271|1.2645|1.2655|455
2021.01.15 17:00:00|1.266|1.2665|1.2565|1.264|808
2021.01.15 18:00:00|1.264|1.266|1.2625|1.266|308
2021.01.18 10:00:00|1.259|1.259|1.2465|1.254|650
2021.01.18 11:00:00|1.2545|1.263|1.2535|1.262|513
2021.01.18 12:00:00|1.2615|1.267|1.2595|1.2605|323
2021.01.18 13:00:00|1.261|1.2635|1.2595|1.262|318
2021.01.18 14:00:00|1.262|1.263|1.2585|1.259|288
2021.01.18 15:00:00|1.2585|1.26|1.258|1.258|198
2021.01.18 16:00:00|1.2575|1.2615|1.2545|1.2605|338
2021.01.18 17:00:00|1.261|1.2615|1.2565|1.2585|354
2021.01.18 18:00:00|1.2585|1.2605|1.258|1.2595|149
2021.01.19 10:00:00|1.2655|1.275|1.2585|1.2685|1307
2021.01.19 11:00:00|1.269|1.273|1.262|1.2645|754
2021.01.19 12:00:00|1.2645|1.2665|1.261|1.266|566
2021.01.19 13:00:00|1.2655|1.27|1.2645|1.267|386
2021.01.19 14:00:00|1.2665|1.2675|1.2605|1.264|377
2021.01.19 15:00:00|1.264|1.269|1.263|1.2645|321
2021.01.19 16:00:00|1.2645|1.2665|1.259|1.2615|810
2021.01.19 17:00:00|1.2615|1.2655|1.2555|1.2645|951
2021.01.19 18:00:00|1.264|1.266|1.2615|1.265|547
2021.01.20 10:00:00|1.276|1.2775|1.26|1.268|834
2021.01.20 11:00:00|1.268|1.2715|1.2655|1.2715|698
2021.01.20 12:00:00|1.271|1.2715|1.2665|1.2685|439
2021.01.20 13:00:00|1.2685|1.2695|1.2635|1.2645|279
2021.01.20 14:00:00|1.264|1.269|1.264|1.2675|421
2021.01.20 15:00:00|1.268|1.2715|1.2635|1.271|309
2021.01.20 16:00:00|1.2715|1.272|1.258|1.2625|593
2021.01.20 17:00:00|1.262|1.2655|1.26|1.264|777
2021.01.20 18:00:00|1.264|1.2675|1.263|1.2675|242
2021.01.21 10:00:00|1.275|1.2795|1.272|1.274|877
2021.01.21 11:00:00|1.2735|1.276|1.27|1.2755|550
2021.01.21 12:00:00|1.275|1.2775|1.274|1.275|350
2021.01.21 13:00:00|1.2755|1.2775|1.272|1.277|339
2021.01.21 14:00:00|1.277|1.2785|1.2735|1.274|210
2021.01.21 15:00:00|1.2735|1.2745|1.269|1.272|403
2021.01.21 16:00:00|1.2725|1.277|1.27|1.2715|679
2021.01.22 10:00:00|1.273|1.275|1.26|1.273|861
2021.01.22 11:00:00|1.2735|1.2765|1.2685|1.2705|759
2021.01.22 12:00:00|1.2705|1.2765|1.2695|1.2715|540
2021.01.22 13:00:00|1.272|1.2755|1.269|1.274|414
2021.01.22 14:00:00|1.274|1.275|1.2705|1.273|395
2021.01.22 15:00:00|1.2725|1.2755|1.27|1.273|412
2021.01.22 16:00:00|1.2725|1.2775|1.272|1.275|810
2021.01.22 17:00:00|1.2755|1.2765|1.268|1.2685|786
2021.01.22 18:00:00|1.268|1.2715|1.268|1.2685|316
2021.01.25 10:00:00|1.2855|1.2855|1.2745|1.2795|827
2021.01.25 11:00:00|1.28|1.2885|1.277|1.2855|645
2021.01.25 12:00:00|1.285|1.287|1.2775|1.2775|401
2021.01.25 13:00:00|1.2775|1.2785|1.2725|1.2755|634
2021.01.25 14:00:00|1.2755|1.277|1.261|1.2625|703
2021.01.25 15:00:00|1.2625|1.268|1.2575|1.2665|1353
2021.01.25 16:00:00|1.266|1.2695|1.2625|1.266|758
2021.01.25 17:00:00|1.2665|1.2785|1.2665|1.276|851
2021.01.25 18:00:00|1.276|1.2815|1.273|1.2795|720
2021.01.26 10:00:00|1.282|1.2895|1.2775|1.284|1415
2021.01.26 11:00:00|1.2845|1.291|1.2815|1.2825|825
2021.01.26 12:00:00|1.2825|1.2825|1.277|1.2795|526
2021.01.26 13:00:00|1.279|1.2915|1.279|1.289|599
2021.01.26 14:00:00|1.2885|1.292|1.285|1.2915|403
2021.01.26 15:00:00|1.2915|1.2935|1.286|1.288|419
2021.01.26 16:00:00|1.2885|1.2905|1.2825|1.2855|715
2021.01.26 17:00:00|1.286|1.292|1.2845|1.287|866
2021.01.26 18:00:00|1.2875|1.2875|1.2845|1.287|421
2021.01.27 10:00:00|1.2805|1.3075|1.277|1.304|1640
2021.01.27 11:00:00|1.3035|1.319|1.303|1.3155|1114
2021.01.27 12:00:00|1.3155|1.318|1.3035|1.3055|721
2021.01.27 13:00:00|1.306|1.3115|1.302|1.304|1439
2021.01.27 14:00:00|1.304|1.305|1.2955|1.297|856
2021.01.27 15:00:00|1.2965|1.2985|1.2885|1.289|654
2021.01.27 16:00:00|1.2885|1.2895|1.272|1.2765|1251
2021.01.27 17:00:00|1.276|1.2835|1.2715|1.2785|1157
2021.01.27 18:00:00|1.2785|1.2805|1.2755|1.2795|578
2021.01.28 10:00:00|1.2795|1.2795|1.249|1.254|1913
2021.01.28 11:00:00|1.2535|1.254|1.2405|1.2475|1561
2021.01.28 12:00:00|1.2465|1.2505|1.2435|1.2465|1271
2021.01.28 13:00:00|1.246|1.262|1.245|1.2605|854
2021.01.28 14:00:00|1.261|1.2665|1.2585|1.2605|891
2021.01.28 15:00:00|1.2605|1.2625|1.2475|1.2495|932
2021.01.28 16:00:00|1.249|1.251|1.2395|1.2475|1305
2021.01.28 17:00:00|1.248|1.2615|1.2465|1.2615|1399
2021.01.28 18:00:00|1.262|1.264|1.2585|1.2635|504
2021.01.29 10:00:00|1.2505|1.267|1.2465|1.2635|988
2021.01.29 11:00:00|1.2635|1.2665|1.2555|1.2605|1057
2021.01.29 12:00:00|1.2605|1.2635|1.2555|1.262|887
2021.01.29 13:00:00|1.2625|1.2625|1.2555|1.256|639
2021.01.29 14:00:00|1.2565|1.2615|1.252|1.252|624
2021.01.29 15:00:00|1.2525|1.254|1.243|1.247|1091
2021.01.29 16:00:00|1.2465|1.252|1.2405|1.249|1283
2021.01.29 17:00:00|1.249|1.2585|1.2485|1.2545|1171
2021.01.29 18:00:00|1.2545|1.2545|1.2425|1.244|707
2021.02.01 10:00:00|1.2465|1.256|1.241|1.253|1050
2021.02.01 11:00:00|1.253|1.257|1.2465|1.247|676
2021.02.01 12:00:00|1.247|1.2585|1.246|1.2535|534
2021.02.01 13:00:00|1.2535|1.264|1.2525|1.2625|470
2021.02.01 14:00:00|1.2625|1.2625|1.2545|1.2595|501
2021.02.01 15:00:00|1.26|1.2635|1.2555|1.2585|475
2021.02.01 16:00:00|1.259|1.259|1.2495|1.252|1233
2021.02.01 17:00:00|1.2515|1.258|1.2505|1.2575|1105
2021.02.01 18:00:00|1.257|1.263|1.2565|1.26|449
2021.02.02 10:00:00|1.2675|1.277|1.266|1.269|836
2021.02.02 11:00:00|1.269|1.273|1.265|1.27|655
2021.02.02 12:00:00|1.27|1.2705|1.266|1.2685|440
2021.02.02 13:00:00|1.268|1.2705|1.265|1.2655|358
2021.02.02 14:00:00|1.2655|1.267|1.2585|1.26|321
2021.02.02 15:00:00|1.2605|1.2655|1.2595|1.262|451
2021.02.02 16:00:00|1.2625|1.271|1.2595|1.2705|895
2021.02.02 17:00:00|1.2705|1.274|1.2675|1.2705|824
2021.02.02 18:00:00|1.27|1.2715|1.2675|1.2695|342
2021.02.03 10:00:00|1.3035|1.3325|1.2975|1.3155|1784
2021.02.03 11:00:00|1.315|1.32|1.3055|1.3195|1067
2021.02.03 12:00:00|1.3195|1.333|1.318|1.32|1279
2021.02.03 13:00:00|1.3205|1.3335|1.3205|1.333|923
2021.02.03 14:00:00|1.3325|1.3505|1.3305|1.336|1294
2021.02.03 15:00:00|1.3365|1.3475|1.3355|1.3455|727
2021.02.03 16:00:00|1.3455|1.3475|1.3295|1.3365|1720
2021.02.03 17:00:00|1.3365|1.3495|1.336|1.345|1565
2021.02.03 18:00:00|1.3445|1.3495|1.3435|1.346|652
2021.02.04 10:00:00|1.36|1.3675|1.3515|1.3625|1171
2021.02.04 11:00:00|1.3625|1.363|1.3495|1.351|711
2021.02.04 12:00:00|1.3515|1.366|1.3515|1.3655|550
2021.02.04 13:00:00|1.3655|1.3665|1.3575|1.3615|500
2021.02.04 14:00:00|1.361|1.3615|1.3535|1.356|518
2021.02.04 15:00:00|1.356|1.3685|1.356|1.3615|549
2021.02.04 16:00:00|1.3615|1.362|1.346|1.3525|929
2021.02.04 17:00:00|1.352|1.3525|1.346|1.351|747
2021.02.04 18:00:00|1.351|1.357|1.3505|1.355|416
2021.02.05 10:00:00|1.3565|1.3565|1.3335|1.3365|982
2021.02.05 11:00:00|1.336|1.337|1.3315|1.3345|711
2021.02.05 12:00:00|1.3345|1.3355|1.331|1.331|495
2021.02.05 13:00:00|1.331|1.3345|1.3235|1.3255|580
2021.02.05 14:00:00|1.3255|1.335|1.3225|1.3345|610
2021.02.05 15:00:00|1.3345|1.3345|1.3205|1.326|780
2021.02.05 16:00:00|1.326|1.3435|1.326|1.3395|1522
2021.02.05 17:00:00|1.339|1.3435|1.3305|1.3395|1290
2021.02.05 18:00:00|1.3395|1.3415|1.3375|1.3385|488
2021.02.08 10:00:00|1.341|1.3415|1.3245|1.328|1072
2021.02.08 11:00:00|1.3275|1.341|1.3275|1.339|849
2021.02.08 12:00:00|1.339|1.3395|1.3335|1.3355|453
2021.02.08 13:00:00|1.335|1.3435|1.335|1.341|476
2021.02.08 14:00:00|1.3405|1.3435|1.3365|1.3425|507
2021.02.08 15:00:00|1.3425|1.3445|1.339|1.3405|433
2021.02.08 16:00:00|1.3405|1.3405|1.3325|1.333|749
2021.02.08 17:00:00|1.3335|1.3365|1.3285|1.3295|833
2021.02.08 18:00:00|1.3295|1.3305|1.323|1.324|314
2021.02.09 10:00:00|1.31|1.3165|1.303|1.3125|773
2021.02.09 11:00:00|1.3125|1.3135|1.3065|1.311|628
2021.02.09 12:00:00|1.3115|1.3135|1.31|1.312|265
2021.02.09 13:00:00|1.3115|1.3125|1.3095|1.3115|214
2021.02.09 14:00:00|1.311|1.3275|1.3105|1.3245|384
2021.02.09 15:00:00|1.324|1.3265|1.3235|1.325|241
2021.02.09 16:00:00|1.3255|1.3275|1.322|1.3225|444
2021.02.09 17:00:00|1.323|1.3245|1.319|1.324|478
2021.02.09 18:00:00|1.3235|1.324|1.3185|1.319|267
2021.02.10 10:00:00|1.325|1.329|1.3185|1.3245|685
2021.02.10 11:00:00|1.3245|1.3255|1.3145|1.318|628
2021.02.10 12:00:00|1.3175|1.319|1.3135|1.3165|339
2021.02.10 13:00:00|1.316|1.324|1.315|1.3215|305
2021.02.10 14:00:00|1.3215|1.3255|1.318|1.325|400
2021.02.10 15:00:00|1.3255|1.328|1.3215|1.3235|457
2021.02.10 16:00:00|1.323|1.324|1.319|1.3215|473
2021.02.10 17:00:00|1.3215|1.3275|1.315|1.3265|1323
2021.02.10 18:00:00|1.3265|1.328|1.322|1.322|595
2021.02.11 10:00:00|1.3175|1.3295|1.3165|1.328|820
2021.02.11 11:00:00|1.3275|1.333|1.3275|1.3285|426
2021.02.11 12:00:00|1.3285|1.3305|1.3235|1.3275|367
2021.02.11 13:00:00|1.3275|1.3315|1.3265|1.3305|315
2021.02.11 14:00:00|1.3305|1.3305|1.3275|1.3285|313
2021.02.11 15:00:00|1.3285|1.336|1.327|1.333|495
2021.02.11 16:00:00|1.333|1.3365|1.3225|1.3275|839
2021.02.11 17:00:00|1.328|1.3335|1.326|1.3285|675
2021.02.11 18:00:00|1.328|1.3315|1.3275|1.3315|322
2021.02.12 10:00:00|1.3265|1.329|1.3195|1.328|922
2021.02.12 11:00:00|1.328|1.333|1.327|1.3305|415
2021.02.12 12:00:00|1.3305|1.332|1.326|1.3275|247
2021.02.12 13:00:00|1.3275|1.3295|1.3255|1.3285|269
2021.02.12 14:00:00|1.3285|1.3285|1.326|1.327|255
2021.02.12 15:00:00|1.3265|1.3305|1.3255|1.3275|168
2021.02.12 16:00:00|1.327|1.3275|1.3215|1.3275|534
2021.02.12 17:00:00|1.3275|1.3335|1.3265|1.3315|563
2021.02.12 18:00:00|1.3315|1.3335|1.3285|1.3335|290
2021.02.15 10:00:00|1.3395|1.3475|1.335|1.3475|894
2021.02.15 11:00:00|1.3475|1.3505|1.3415|1.3445|514
2021.02.15 12:00:00|1.344|1.345|1.3395|1.3425|348
2021.02.15 13:00:00|1.343|1.346|1.3415|1.3435|311
2021.02.15 14:00:00|1.343|1.3455|1.3415|1.344|228
2021.02.15 15:00:00|1.3445|1.3475|1.344|1.346|206
2021.02.15 16:00:00|1.346|1.357|1.3455|1.354|520
2021.02.15 17:00:00|1.354|1.357|1.3515|1.3545|478
2021.02.15 18:00:00|1.3545|1.355|1.352|1.352|280
2021.02.16 10:00:00|1.3475|1.357|1.345|1.356|808
2021.02.16 11:00:00|1.356|1.357|1.3455|1.3465|476
2021.02.16 12:00:00|1.346|1.3475|1.34|1.3405|415
2021.02.16 13:00:00|1.3405|1.3405|1.335|1.34|439
2021.02.16 14:00:00|1.34|1.3425|1.3385|1.34|381
2021.02.16 15:00:00|1.3395|1.3415|1.3345|1.335|298
2021.02.16 16:00:00|1.3345|1.3375|1.3265|1.335|950
2021.02.16 17:00:00|1.3355|1.3405|1.3325|1.3355|652
2021.02.16 18:00:00|1.336|1.3365|1.333|1.333|310
2021.02.17 10:00:00|1.3255|1.3305|1.3185|1.3295|939
2021.02.17 11:00:00|1.3295|1.3295|1.3195|1.3225|571
2021.02.17 12:00:00|1.3225|1.3245|1.3205|1.3215|434
2021.02.17 13:00:00|1.3215|1.3275|1.3205|1.327|319
2021.02.17 14:00:00|1.327|1.327|1.3195|1.3215|339
2021.02.17 15:00:00|1.321|1.326|1.3185|1.3205|492
2021.02.17 16:00:00|1.321|1.3235|1.3165|1.3195|899
2021.02.17 17:00:00|1.32|1.3265|1.3175|1.325|1011
2021.02.17 18:00:00|1.325|1.326|1.3235|1.3245|555
2021.02.18 10:00:00|1.322|1.3265|1.3135|1.3255|1068
2021.02.18 11:00:00|1.3245|1.325|1.3135|1.3165|815
2021.02.18 12:00:00|1.3165|1.3195|1.3125|1.313|580
2021.02.18 13:00:00|1.3125|1.314|1.31|1.3125|557
2021.02.18 14:00:00|1.3125|1.3165|1.3125|1.3135|379
2021.02.18 15:00:00|1.314|1.314|1.301|1.3045|592
2021.02.18 16:00:00|1.305|1.3055|1.2985|1.3035|1483
2021.02.18 17:00:00|1.303|1.303|1.2945|1.2965|973
2021.02.18 18:00:00|1.297|1.3|1.2965|1.2975|407
2021.02.19 10:00:00|1.3065|1.3085|1.3005|1.3065|1185
2021.02.19 11:00:00|1.3065|1.3105|1.304|1.3075|657
2021.02.19 12:00:00|1.3075|1.3155|1.305|1.3125|846
2021.02.19 13:00:00|1.3125|1.3145|1.3095|1.3105|502
2021.02.19 14:00:00|1.3105|1.3175|1.31|1.3155|345
2021.02.19 15:00:00|1.316|1.317|1.3135|1.315|292
2021.02.19 16:00:00|1.3145|1.316|1.309|1.3135|663
2021.02.19 17:00:00|1.3135|1.315|1.3085|1.311|689
2021.02.19 18:00:00|1.3105|1.3125|1.3095|1.312|227
2021.02.22 10:00:00|1.2975|1.3035|1.2915|1.2995|1053
2021.02.22 11:00:00|1.2995|1.3035|1.2945|1.2995|738
2021.02.22 12:00:00|1.2995|1.302|1.2975|1.3005|483
2021.02.22 13:00:00|1.3005|1.3025|1.2955|1.299|559
2021.02.22 14:00:00|1.2995|1.3|1.2925|1.2945|393
2021.02.22 15:00:00|1.2945|1.301|1.293|1.2985|491
2021.02.22 16:00:00|1.298|1.3035|1.2935|1.2995|640
2021.02.22 17:00:00|1.2995|1.3085|1.2975|1.3035|749
2021.02.22 18:00:00|1.3035|1.3045|1.301|1.3035|445
2021.02.23 10:00:00|1.2965|1.3055|1.2885|1.2915|1244
2021.02.23 11:00:00|1.291|1.2925|1.2855|1.2885|807
2021.02.23 12:00:00|1.288|1.2905|1.283|1.29|1101
2021.02.23 13:00:00|1.2895|1.29|1.2845|1.2855|764
2021.02.23 14:00:00|1.2855|1.2895|1.283|1.2875|476
2021.02.23 15:00:00|1.2875|1.305|1.2765|1.2825|953
2021.02.23 16:00:00|1.2825|1.283|1.266|1.2755|1528
2021.02.23 17:00:00|1.275|1.288|1.2735|1.2875|1371
2021.02.23 18:00:00|1.2875|1.2925|1.2865|1.2925|499
2021.02.24 10:00:00|1.2825|1.2925|1.2755|1.277|859
2021.02.24 11:00:00|1.278|1.282|1.2755|1.277|629
2021.02.24 12:00:00|1.277|1.278|1.269|1.2695|478
2021.02.24 13:00:00|1.2695|1.2735|1.2665|1.267|454
2021.02.24 14:00:00|1.267|1.2685|1.2625|1.2625|411
2021.02.24 15:00:00|1.262|1.2665|1.255|1.2555|424
2021.02.24 16:00:00|1.2555|1.2655|1.251|1.2515|1344
2021.02.24 17:00:00|1.2515|1.2595|1.2495|1.254|922
2021.02.24 18:00:00|1.2545|1.257|1.25|1.2515|282
2021.02.25 10:00:00|1.256|1.264|1.245|1.2455|1307
2021.02.25 11:00:00|1.245|1.246|1.238|1.2395|783
2021.02.25 12:00:00|1.24|1.2445|1.2385|1.243|456
2021.02.25 13:00:00|1.2435|1.2435|1.2355|1.2365|403
2021.02.25 14:00:00|1.237|1.242|1.2345|1.2415|381
2021.02.25 15:00:00|1.241|1.2545|1.2395|1.2535|447
2021.02.25 16:00:00|1.253|1.2535|1.244|1.2475|543
2021.02.25 17:00:00|1.247|1.247|1.2375|1.243|924
2021.02.25 18:00:00|1.2425|1.246|1.2415|1.2415|460
2021.02.26 10:00:00|1.228|1.2445|1.2275|1.244|1401
2021.02.26 11:00:00|1.2435|1.2505|1.2405|1.246|949
2021.02.26 12:00:00|1.2465|1.248|1.2365|1.237|741
2021.02.26 13:00:00|1.2365|1.2385|1.2305|1.2325|918
2021.02.26 14:00:00|1.233|1.236|1.225|1.226|755
2021.02.26 15:00:00|1.2255|1.233|1.2245|1.231|889
2021.02.26 16:00:00|1.231|1.2325|1.222|1.225|1518
2021.02.26 17:00:00|1.2245|1.2255|1.2145|1.2165|2035
2021.02.26 18:00:00|1.217|1.2225|1.2085|1.2085|1284
2021.03.01 10:00:00|1.2365|1.2405|1.2305|1.2355|924
2021.03.01 11:00:00|1.236|1.24|1.2355|1.2365|501
2021.03.01 12:00:00|1.236|1.239|1.2335|1.2365|388
2021.03.01 13:00:00|1.237|1.2375|1.2265|1.2285|527
2021.03.01 14:00:00|1.229|1.235|1.2275|1.234|366
2021.03.01 15:00:00|1.234|1.2345|1.2265|1.2265|390
2021.03.01 16:00:00|1.2265|1.232|1.2235|1.2315|887
2021.03.01 17:00:00|1.2315|1.2345|1.2285|1.2345|745
2021.03.01 18:00:00|1.234|1.2345|1.228|1.2295|408
2021.03.02 10:00:00|1.224|1.24|1.224|1.235|661
2021.03.02 11:00:00|1.2355|1.24|1.2325|1.2385|432
2021.03.02 12:00:00|1.238|1.242|1.236|1.2365|455
2021.03.02 13:00:00|1.2365|1.2405|1.2335|1.2335|332
2021.03.02 14:00:00|1.2335|1.2375|1.233|1.2335|256
2021.03.02 15:00:00|1.233|1.2345|1.231|1.234|230
2021.03.02 16:00:00|1.2345|1.249|1.234|1.248|571
2021.03.02 17:00:00|1.2475|1.2475|1.237|1.239|825
2021.03.02 18:00:00|1.2395|1.2405|1.2355|1.238|360
2021.03.03 10:00:00|1.2505|1.2545|1.2405|1.244|1288
2021.03.03 11:00:00|1.244|1.251|1.243|1.246|750
2021.03.03 12:00:00|1.2465|1.2505|1.243|1.2435|504
2021.03.03 13:00:00|1.2435|1.2435|1.2385|1.2395|385
2021.03.03 14:00:00|1.24|1.24|1.2345|1.2355|453
2021.03.03 15:00:00|1.2355|1.24|1.2285|1.2315|651
2021.03.03 16:00:00|1.232|1.2435|1.231|1.2355|1113
2021.03.03 17:00:00|1.2355|1.247|1.2355|1.245|1342
2021.03.03 18:00:00|1.2455|1.247|1.2445|1.246|373
2021.03.04 10:00:00|1.237|1.25|1.236|1.2455|806
2021.03.04 11:00:00|1.245|1.2475|1.2405|1.247|509
2021.03.04 12:00:00|1.2475|1.25|1.24|1.2495|762
2021.03.04 13:00:00|1.25|1.2515|1.2445|1.2445|499
2021.03.04 14:00:00|1.2445|1.2475|1.2415|1.245|438
2021.03.04 15:00:00|1.245|1.2495|1.245|1.247|339
2021.03.04 16:00:00|1.2475|1.254|1.2455|1.2535|935
2021.03.04 17:00:00|1.253|1.2575|1.2495|1.254|1278
2021.03.04 18:00:00|1.2545|1.2565|1.2515|1.253|587
2021.03.05 10:00:00|1.2405|1.243|1.2275|1.2325|1610
2021.03.05 11:00:00|1.2325|1.2395|1.2295|1.2385|894
2021.03.05 12:00:00|1.2385|1.2455|1.2365|1.2425|528
2021.03.05 13:00:00|1.243|1.2475|1.2425|1.2445|510
2021.03.05 14:00:00|1.2445|1.2525|1.2445|1.248|391
2021.03.05 15:00:00|1.2475|1.2555|1.2415|1.252|971
2021.03.05 16:00:00|1.2515|1.2525|1.2435|1.2475|999
2021.03.05 17:00:00|1.2475|1.248|1.2425|1.243|1442
2021.03.05 18:00:00|1.2435|1.2455|1.2385|1.239|914
2021.03.08 10:00:00|1.247|1.2535|1.244|1.2535|1174
2021.03.08 11:00:00|1.2535|1.2535|1.2385|1.24|1059
2021.03.08 12:00:00|1.24|1.244|1.2385|1.243|738
2021.03.08 13:00:00|1.2425|1.2505|1.2415|1.2485|632
2021.03.08 14:00:00|1.2485|1.25|1.2405|1.2415|555
2021.03.08 15:00:00|1.2415|1.2445|1.2385|1.241|571
2021.03.08 16:00:00|1.2405|1.2535|1.2385|1.249|1228
2021.03.08 17:00:00|1.2495|1.256|1.245|1.2535|1630
2021.03.08 18:00:00|1.2535|1.258|1.2515|1.258|424
2021.03.09 10:00:00|1.2505|1.263|1.2485|1.2615|1121
2021.03.09 11:00:00|1.262|1.2675|1.257|1.2675|604
2021.03.09 12:00:00|1.267|1.2805|1.267|1.2805|525
2021.03.09 13:00:00|1.2805|1.287|1.2785|1.284|523
2021.03.09 14:00:00|1.284|1.289|1.281|1.2855|446
2021.03.09 15:00:00|1.285|1.2885|1.2825|1.2865|379
2021.03.09 16:00:00|1.287|1.289|1.277|1.2775|967
2021.03.09 17:00:00|1.278|1.28|1.2695|1.2715|761
2021.03.09 18:00:00|1.2715|1.2795|1.2715|1.2785|285
2021.03.10 10:00:00|1.2685|1.276|1.258|1.2755|1330
2021.03.10 11:00:00|1.276|1.279|1.264|1.2645|764
2021.03.10 12:00:00|1.2645|1.2765|1.261|1.2745|873
2021.03.10 13:00:00|1.274|1.279|1.2695|1.2735|512
2021.03.10 14:00:00|1.274|1.2755|1.2635|1.2645|587
2021.03.10 15:00:00|1.2645|1.276|1.262|1.2745|794
2021.03.10 16:00:00|1.275|1.2835|1.2735|1.2765|1069
2021.03.10 17:00:00|1.277|1.2845|1.2765|1.2845|977
2021.03.10 18:00:00|1.2845|1.2885|1.2815|1.2875|508
2021.03.11 10:00:00|1.2945|1.3065|1.288|1.3065|1196
2021.03.11 11:00:00|1.3065|1.3105|1.3005|1.3035|603
2021.03.11 12:00:00|1.303|1.3065|1.3|1.3045|465
2021.03.11 13:00:00|1.3045|1.3075|1.302|1.3045|392
2021.03.11 14:00:00|1.3045|1.318|1.3035|1.3135|581
2021.03.11 15:00:00|1.3135|1.3155|1.3055|1.3085|501
2021.03.11 16:00:00|1.3085|1.3185|1.3075|1.318|859
2021.03.11 17:00:00|1.3185|1.3195|1.313|1.3185|692
2021.03.11 18:00:00|1.3185|1.3185|1.314|1.3155|291
2021.03.12 10:00:00|1.3065|1.3085|1.2975|1.305|947
2021.03.12 11:00:00|1.3045|1.3115|1.3035|1.3085|723
2021.03.12 12:00:00|1.309|1.312|1.3065|1.3105|452
2021.03.12 13:00:00|1.3105|1.3175|1.306|1.317|381
2021.03.12 14:00:00|1.3165|1.322|1.3155|1.3215|391
2021.03.12 15:00:00|1.3215|1.326|1.318|1.3195|533
2021.03.12 16:00:00|1.319|1.3225|1.3175|1.3225|642
2021.03.12 17:00:00|1.323|1.3235|1.313|1.318|883
2021.03.12 18:00:00|1.3175|1.3225|1.317|1.3215|391
2021.03.15 10:00:00|1.3335|1.3395|1.331|1.3325|870
2021.03.15 11:00:00|1.333|1.341|1.3325|1.341|532
2021.03.15 12:00:00|1.3405|1.3405|1.3285|1.331|341
2021.03.15 13:00:00|1.3305|1.3365|1.3305|1.335|427
2021.03.15 14:00:00|1.3355|1.3355|1.3285|1.334|436
2021.03.15 15:00:00|1.3335|1.3385|1.331|1.3355|748
2021.03.15 16:00:00|1.335|1.3385|1.3325|1.336|808
2021.03.15 17:00:00|1.3365|1.338|1.33|1.334|703
2021.03.15 18:00:00|1.334|1.3355|1.327|1.3285|268
2021.03.16 10:00:00|1.3345|1.3385|1.324|1.325|1192
2021.03.16 11:00:00|1.3245|1.3315|1.3245|1.3275|792
2021.03.16 12:00:00|1.3275|1.3315|1.327|1.329|405
2021.03.16 13:00:00|1.329|1.3345|1.3285|1.3305|406
2021.03.16 14:00:00|1.3305|1.3335|1.3265|1.327|377
2021.03.16 15:00:00|1.327|1.3285|1.3245|1.3255|695
2021.03.16 16:00:00|1.325|1.3325|1.3215|1.3315|913
2021.03.16 17:00:00|1.3315|1.342|1.3305|1.3375|756
2021.03.16 18:00:00|1.338|1.3405|1.3375|1.339|310
2021.03.17 10:00:00|1.354|1.3695|1.354|1.3585|1578
2021.03.17 11:00:00|1.359|1.3625|1.3495|1.354|966
2021.03.17 12:00:00|1.3545|1.3615|1.3525|1.3575|567
2021.03.17 13:00:00|1.3575|1.3645|1.3505|1.351|568
2021.03.17 14:00:00|1.351|1.3535|1.347|1.3515|505
2021.03.17 15:00:00|1.3515|1.3685|1.35|1.365|921
2021.03.17 16:00:00|1.365|1.365|1.3545|1.3605|960
2021.03.17 17:00:00|1.3605|1.3705|1.3595|1.3675|892
2021.03.17 18:00:00|1.3675|1.3715|1.3665|1.3675|418
2021.03.18 10:00:00|1.3745|1.3775|1.358|1.3665|1453
2021.03.18 11:00:00|1.366|1.3705|1.3645|1.3695|765
2021.03.18 12:00:00|1.37|1.3715|1.3665|1.3695|519
2021.03.18 13:00:00|1.3695|1.3705|1.3625|1.3625|758
2021.03.18 14:00:00|1.362|1.3645|1.3575|1.3605|603
2021.03.18 15:00:00|1.3605|1.365|1.354|1.364|996
2021.03.18 16:00:00|1.3645|1.3675|1.3525|1.356|943
2021.03.18 17:00:00|1.3555|1.3615|1.355|1.3605|735
2021.03.18 18:00:00|1.3605|1.3615|1.358|1.3585|297
2021.03.19 10:00:00|1.3405|1.349|1.3395|1.348|1126
2021.03.19 11:00:00|1.348|1.3515|1.3455|1.3495|735
2021.03.19 12:00:00|1.349|1.351|1.3395|1.3475|1039
2021.03.19 13:00:00|1.347|1.3475|1.338|1.339|559
2021.03.19 14:00:00|1.3395|1.3425|1.3355|1.338|537
2021.03.19 15:00:00|1.338|1.3385|1.3265|1.3335|1746
2021.03.19 16:00:00|1.334|1.3405|1.3285|1.34|1280
2021.03.19 17:00:00|1.3405|1.341|1.334|1.3395|922
2021.03.19 18:00:00|1.3395|1.34|1.3345|1.335|377
2021.03.22 10:00:00|1.3185|1.3345|1.312|1.3215|1494
2021.03.22 11:00:00|1.321|1.3295|1.317|1.3265|811
2021.03.22 12:00:00|1.326|1.3285|1.323|1.324|543
2021.03.22 13:00:00|1.3235|1.3345|1.323|1.3345|401
2021.03.22 14:00:00|1.3345|1.335|1.3265|1.327|319
2021.03.22 15:00:00|1.3275|1.3295|1.319|1.3255|675
2021.03.22 16:00:00|1.325|1.3285|1.323|1.325|624
2021.03.22 17:00:00|1.325|1.3255|1.319|1.3215|595
2021.03.22 18:00:00|1.322|1.325|1.321|1.324|240
2021.03.23 10:00:00|1.316|1.3415|1.311|1.341|1344
2021.03.23 11:00:00|1.3415|1.343|1.333|1.3425|918
2021.03.23 12:00:00|1.343|1.343|1.334|1.3405|655
2021.03.23 13:00:00|1.3405|1.3495|1.339|1.347|484
2021.03.23 14:00:00|1.3465|1.357|1.344|1.35|839
2021.03.23 15:00:00|1.3505|1.3515|1.3385|1.345|1097
2021.03.23 16:00:00|1.3455|1.346|1.3395|1.344|1055
2021.03.23 17:00:00|1.3435|1.344|1.3395|1.3435|805
2021.03.23 18:00:00|1.343|1.3435|1.337|1.337|462
2021.03.24 10:00:00|1.326|1.3305|1.321|1.3245|976
2021.03.24 11:00:00|1.3245|1.328|1.3205|1.327|781
2021.03.24 12:00:00|1.3275|1.3305|1.3225|1.3275|483
2021.03.24 13:00:00|1.328|1.3325|1.323|1.3245|435
2021.03.24 14:00:00|1.324|1.3295|1.3225|1.328|444
2021.03.24 15:00:00|1.3275|1.3335|1.322|1.328|792
2021.03.24 16:00:00|1.3285|1.331|1.3265|1.3295|772
2021.03.24 17:00:00|1.3295|1.338|1.3295|1.3365|409
2021.03.24 18:00:00|1.3365|1.3385|1.335|1.337|261
2021.03.25 10:00:00|1.3345|1.3625|1.328|1.36|1358
2021.03.25 11:00:00|1.3605|1.3605|1.351|1.3575|841
2021.03.25 12:00:00|1.3575|1.362|1.3545|1.361|412
2021.03.25 13:00:00|1.361|1.362|1.3435|1.346|1048
2021.03.25 14:00:00|1.3465|1.3465|1.335|1.3425|879
2021.03.25 15:00:00|1.342|1.35|1.34|1.3435|1489
2021.03.25 16:00:00|1.3435|1.3455|1.3375|1.3395|1092
2021.03.25 17:00:00|1.339|1.3465|1.3355|1.342|1142
2021.03.25 18:00:00|1.342|1.344|1.3395|1.343|495
2021.03.26 10:00:00|1.3505|1.3605|1.347|1.353|988
2021.03.26 11:00:00|1.3525|1.356|1.3505|1.352|569
2021.03.26 12:00:00|1.3515|1.3525|1.345|1.3495|534
2021.03.26 13:00:00|1.3495|1.351|1.3445|1.3475|617
2021.03.26 14:00:00|1.3475|1.3475|1.34|1.3425|538
2021.03.26 15:00:00|1.342|1.35|1.3415|1.3495|645
2021.03.26 16:00:00|1.3495|1.3505|1.345|1.3475|705
2021.03.26 17:00:00|1.348|1.3535|1.3465|1.348|742
2021.03.26 18:00:00|1.3475|1.352|1.3475|1.3495|312
2021.03.29 10:00:00|1.334|1.335|1.313|1.3335|1407
2021.03.29 11:00:00|1.333|1.333|1.3235|1.3285|635
2021.03.29 12:00:00|1.328|1.3285|1.3245|1.3265|402
2021.03.29 13:00:00|1.3265|1.327|1.3225|1.3225|299
2021.03.29 14:00:00|1.323|1.325|1.3205|1.324|357
2021.03.29 15:00:00|1.324|1.325|1.317|1.3185|364
2021.03.29 16:00:00|1.3185|1.3265|1.315|1.3255|646
2021.03.29 17:00:00|1.3255|1.329|1.3215|1.3235|840
2021.03.29 18:00:00|1.3235|1.326|1.3195|1.321|411
2021.03.30 10:00:00|1.3335|1.349|1.3325|1.3465|881
2021.03.30 11:00:00|1.3465|1.3525|1.337|1.337|540
2021.03.30 12:00:00|1.3365|1.3395|1.3295|1.332|459
2021.03.30 13:00:00|1.332|1.3355|1.3295|1.334|450
2021.03.30 14:00:00|1.3335|1.3335|1.3285|1.3295|415
2021.03.30 15:00:00|1.3295|1.33|1.323|1.3275|369
2021.03.30 16:00:00|1.327|1.3355|1.325|1.333|605
2021.03.30 17:00:00|1.3335|1.3405|1.331|1.3355|777
2021.03.30 18:00:00|1.3355|1.343|1.3335|1.339|436
2021.03.31 10:00:00|1.335|1.3385|1.328|1.3295|852
2021.03.31 11:00:00|1.3295|1.335|1.327|1.3335|612
2021.03.31 12:00:00|1.3335|1.336|1.3315|1.3325|660
2021.03.31 13:00:00|1.3325|1.3345|1.3295|1.3325|478
2021.03.31 14:00:00|1.3325|1.3345|1.3295|1.333|350
2021.03.31 15:00:00|1.333|1.333|1.324|1.3245|380
2021.03.31 16:00:00|1.3245|1.326|1.3185|1.322|753
2021.03.31 17:00:00|1.3215|1.3235|1.3175|1.3205|712
2021.03.31 18:00:00|1.321|1.3215|1.3165|1.3175|609
2021.04.01 10:00:00|1.322|1.3265|1.316|1.326|871
2021.04.01 11:00:00|1.3265|1.3345|1.323|1.3315|508
2021.04.01 12:00:00|1.332|1.3375|1.332|1.3365|375
2021.04.01 13:00:00|1.337|1.337|1.332|1.3345|371
2021.04.01 14:00:00|1.335|1.336|1.3325|1.334|263
2021.04.01 15:00:00|1.3345|1.3345|1.3315|1.333|215
2021.04.01 16:00:00|1.3325|1.3375|1.325|1.327|664
2021.04.01 17:00:00|1.3265|1.3325|1.3265|1.3295|494
2021.04.01 18:00:00|1.3295|1.3355|1.3285|1.3345|283
2021.04.06 10:00:00|1.33|1.3385|1.3285|1.3345|1371
2021.04.06 11:00:00|1.335|1.3405|1.332|1.337|561
2021.04.06 12:00:00|1.3365|1.3425|1.3345|1.3415|393
2021.04.06 13:00:00|1.3415|1.343|1.3375|1.339|304
2021.04.06 14:00:00|1.339|1.3415|1.338|1.34|317
2021.04.06 15:00:00|1.3395|1.3395|1.3355|1.3355|363
2021.04.06 16:00:00|1.3355|1.339|1.333|1.3365|556
2021.04.06 17:00:00|1.337|1.3435|1.3345|1.3425|639
2021.04.06 18:00:00|1.342|1.344|1.341|1.3435|410
2021.04.07 10:00:00|1.3515|1.372|1.3515|1.371|1066
2021.04.07 11:00:00|1.371|1.372|1.3655|1.366|497
2021.04.07 12:00:00|1.366|1.369|1.3655|1.3675|374
2021.04.07 13:00:00|1.3675|1.371|1.366|1.37|292
2021.04.07 14:00:00|1.3695|1.37|1.362|1.3625|268
2021.04.07 15:00:00|1.362|1.3675|1.362|1.3665|327
2021.04.07 16:00:00|1.3665|1.375|1.366|1.3665|632
2021.04.07 17:00:00|1.3665|1.3695|1.3595|1.361|605
2021.04.07 18:00:00|1.361|1.364|1.3595|1.3635|278
2021.04.08 10:00:00|1.3595|1.3655|1.354|1.356|1025
2021.04.08 11:00:00|1.3555|1.3575|1.352|1.3535|426
2021.04.08 12:00:00|1.354|1.3565|1.35|1.355|300
2021.04.08 13:00:00|1.3555|1.356|1.352|1.3555|284
2021.04.08 14:00:00|1.3565|1.3565|1.3535|1.3555|189
2021.04.08 15:00:00|1.356|1.3565|1.3535|1.3555|192
2021.04.08 16:00:00|1.355|1.359|1.351|1.3575|612
2021.04.08 17:00:00|1.3575|1.358|1.3505|1.356|659
2021.04.08 18:00:00|1.356|1.3585|1.3545|1.358|279
2021.04.09 10:00:00|1.36|1.3625|1.3405|1.3445|1246
2021.04.09 11:00:00|1.3445|1.346|1.3365|1.343|590
2021.04.09 12:00:00|1.343|1.3515|1.3425|1.3515|365
2021.04.09 13:00:00|1.3515|1.3525|1.3485|1.3505|288
2021.04.09 14:00:00|1.3505|1.353|1.3465|1.352|336
2021.04.09 15:00:00|1.3525|1.353|1.3485|1.3495|307
2021.04.09 16:00:00|1.3495|1.3505|1.3435|1.3445|487
2021.04.09 17:00:00|1.344|1.3455|1.3415|1.3435|397
2021.04.09 18:00:00|1.3435|1.3455|1.3425|1.3425|199
2021.04.12 10:00:00|1.34|1.3475|1.3315|1.3345|1419
2021.04.12 11:00:00|1.334|1.339|1.331|1.3375|725
2021.04.12 12:00:00|1.3375|1.3405|1.336|1.34|480
2021.04.12 13:00:00|1.34|1.341|1.338|1.338|252
2021.04.12 14:00:00|1.3385|1.3415|1.3365|1.3415|259
2021.04.12 15:00:00|1.341|1.343|1.3405|1.343|244
2021.04.12 16:00:00|1.343|1.349|1.3425|1.346|536
2021.04.12 17:00:00|1.3465|1.35|1.3435|1.3435|450
2021.04.12 18:00:00|1.3435|1.3475|1.3425|1.3455|289
2021.04.13 10:00:00|1.338|1.3425|1.334|1.3425|648
2021.04.13 11:00:00|1.3425|1.345|1.3375|1.338|399
2021.04.13 12:00:00|1.3375|1.339|1.334|1.3345|231
2021.04.13 13:00:00|1.3345|1.3375|1.3315|1.334|305
2021.04.13 14:00:00|1.3335|1.3365|1.329|1.3295|472
2021.04.13 15:00:00|1.33|1.3315|1.3265|1.3295|300
2021.04.13 16:00:00|1.3295|1.331|1.3265|1.33|506
2021.04.13 17:00:00|1.3305|1.3375|1.33|1.3375|407
2021.04.13 18:00:00|1.3375|1.3415|1.3375|1.34|249
2021.04.14 10:00:00|1.328|1.3325|1.32|1.324|1079
2021.04.14 11:00:00|1.3245|1.3295|1.3225|1.3265|374
2021.04.14 12:00:00|1.327|1.332|1.3245|1.3315|316
2021.04.14 13:00:00|1.332|1.3355|1.3285|1.3355|232
2021.04.14 14:00:00|1.335|1.3365|1.3335|1.335|204
2021.04.14 15:00:00|1.3355|1.3355|1.3295|1.331|257
2021.04.14 16:00:00|1.331|1.3395|1.331|1.3365|435
2021.04.14 17:00:00|1.336|1.3395|1.3335|1.3355|485
2021.04.14 18:00:00|1.336|1.3385|1.335|1.338|211
2021.04.15 10:00:00|1.34|1.3465|1.3385|1.343|785
2021.04.15 11:00:00|1.3435|1.344|1.3385|1.3385|358
2021.04.15 12:00:00|1.3385|1.339|1.3335|1.3355|237
2021.04.15 13:00:00|1.3355|1.3365|1.3325|1.3345|262
2021.04.15 14:00:00|1.3345|1.3365|1.3305|1.3355|372
2021.04.15 15:00:00|1.3355|1.3385|1.3345|1.338|295
2021.04.15 16:00:00|1.3385|1.3415|1.336|1.341|437
2021.04.15 17:00:00|1.341|1.3445|1.3365|1.3365|479
2021.04.15 18:00:00|1.337|1.3375|1.329|1.331|463
2021.04.16 10:00:00|1.3355|1.342|1.3325|1.339|822
2021.04.16 11:00:00|1.3395|1.3455|1.338|1.3445|352
2021.04.16 12:00:00|1.3445|1.3525|1.335|1.3525|754
2021.04.16 13:00:00|1.3525|1.3555|1.3485|1.3485|375
2021.04.16 14:00:00|1.3485|1.351|1.3475|1.3505|231
2021.04.16 15:00:00|1.351|1.3525|1.3485|1.351|242
2021.04.16 16:00:00|1.3515|1.354|1.347|1.347|375
2021.04.16 17:00:00|1.347|1.3485|1.344|1.3475|414
2021.04.16 18:00:00|1.3475|1.3495|1.3465|1.3465|206
2021.04.19 10:00:00|1.3505|1.355|1.342|1.346|817
2021.04.19 11:00:00|1.3465|1.3495|1.345|1.347|423
2021.04.19 12:00:00|1.3465|1.3495|1.344|1.3495|373
2021.04.19 13:00:00|1.35|1.3535|1.349|1.3505|250
2021.04.19 14:00:00|1.3505|1.3545|1.3485|1.3535|440
2021.04.19 15:00:00|1.3535|1.356|1.3495|1.3515|412
2021.04.19 16:00:00|1.352|1.3525|1.3435|1.3475|800
2021.04.19 17:00:00|1.3475|1.348|1.3415|1.345|932
2021.04.19 18:00:00|1.3455|1.3495|1.3435|1.3485|359
2021.04.20 10:00:00|1.3435|1.345|1.3365|1.3375|860
2021.04.20 11:00:00|1.3375|1.3375|1.3305|1.3325|553
2021.04.20 12:00:00|1.332|1.336|1.3305|1.334|531
2021.04.20 13:00:00|1.334|1.335|1.3265|1.327|468
2021.04.20 14:00:00|1.327|1.3275|1.323|1.327|341
2021.04.20 15:00:00|1.327|1.328|1.325|1.327|335
2021.04.20 16:00:00|1.3265|1.33|1.3205|1.324|501
2021.04.20 17:00:00|1.324|1.325|1.308|1.31|870
2021.04.20 18:00:00|1.3105|1.313|1.309|1.3095|441
2021.04.21 10:00:00|1.317|1.326|1.313|1.3235|923
2021.04.21 11:00:00|1.323|1.3245|1.318|1.3195|534
2021.04.21 12:00:00|1.32|1.3265|1.3185|1.3215|505
2021.04.21 13:00:00|1.322|1.3255|1.3185|1.3255|581
2021.04.21 14:00:00|1.3255|1.326|1.3215|1.325|492
2021.04.21 15:00:00|1.3245|1.326|1.3195|1.3205|368
2021.04.21 16:00:00|1.321|1.326|1.319|1.326|703
2021.04.21 17:00:00|1.326|1.3305|1.325|1.3255|628
2021.04.21 18:00:00|1.3255|1.329|1.3255|1.3275|283
2021.04.22 10:00:00|1.324|1.3295|1.3195|1.32|929
2021.04.22 11:00:00|1.3195|1.3245|1.3185|1.3235|548
2021.04.22 12:00:00|1.324|1.3245|1.3165|1.3205|405
2021.04.22 13:00:00|1.321|1.3215|1.317|1.3175|329
2021.04.22 14:00:00|1.3175|1.329|1.3175|1.327|443
2021.04.22 15:00:00|1.3275|1.3305|1.3255|1.3275|452
2021.04.22 16:00:00|1.3275|1.3345|1.3275|1.333|674
2021.04.22 17:00:00|1.3325|1.3355|1.33|1.334|587
2021.04.22 18:00:00|1.334|1.3395|1.334|1.3365|251
2021.04.23 10:00:00|1.331|1.339|1.327|1.3385|943
2021.04.23 11:00:00|1.3385|1.3395|1.3325|1.3335|406
2021.04.23 12:00:00|1.3335|1.3355|1.33|1.3325|344
2021.04.23 13:00:00|1.3325|1.3325|1.3285|1.3295|239
2021.04.23 14:00:00|1.33|1.3305|1.326|1.3265|253
2021.04.23 15:00:00|1.3265|1.3295|1.324|1.3255|335
2021.04.23 16:00:00|1.326|1.329|1.3215|1.3225|616
2021.04.23 17:00:00|1.3225|1.332|1.322|1.3315|494
