2021.03.22 18:00:00|237.02|237.07|235.72|236.72|1056
2021.03.23 10:00:00|240.27|240.47|229.52|234.97|6221
2021.03.23 11:00:00|234.97|234.97|226.82|227.97|4326
2021.03.23 12:00:00|227.87|229.47|224.52|229.27|4117
2021.03.23 13:00:00|229.27|230.27|227.62|228.17|3196
2021.03.23 14:00:00|228.22|228.62|225.67|227.12|2594
2021.03.23 15:00:00|227.07|229.67|226.57|228.62|2798
2021.03.23 16:00:00|228.57|229.47|224.42|227.17|3760
2021.03.23 17:00:00|227.17|228.27|225.82|227.62|3100
2021.03.23 18:00:00|227.62|228.47|226.77|227.27|1495
2021.03.24 10:00:00|223.67|226.07|220.97|225.22|4893
2021.03.24 11:00:00|225.17|226.97|223.22|225.57|2647
2021.03.24 12:00:00|225.47|226.77|224.32|225.57|1762
2021.03.24 13:00:00|225.57|226.42|223.82|224.12|1493
2021.03.24 14:00:00|224.12|225.12|222.57|222.57|1393
2021.03.24 15:00:00|222.52|222.87|220.62|220.87|2031
2021.03.24 16:00:00|220.82|221.22|216.47|217.02|3065
2021.03.24 17:00:00|216.97|218.17|216.87|217.67|1824
2021.03.24 18:00:00|217.67|219.37|217.47|219.27|662
2021.03.25 10:00:00|218.42|221.42|217.22|219.57|3170
2021.03.25 11:00:00|219.52|221.62|219.12|219.92|1964
2021.03.25 12:00:00|219.97|223.67|219.92|223.47|1640
2021.03.25 13:00:00|223.47|223.47|219.32|219.77|2437
2021.03.25 14:00:00|219.77|220.37|218.37|218.37|2288
2021.03.25 15:00:00|218.32|221.12|218.17|220.97|2514
2021.03.25 16:00:00|221.02|225.37|220.77|224.87|2936
2021.03.25 17:00:00|224.92|227.37|224.17|226.97|2118
2021.03.25 18:00:00|226.92|227.72|226.17|227.52|986
2021.03.26 10:00:00|231.27|233.37|230.12|230.82|3504
2021.03.26 11:00:00|230.82|232.97|230.32|232.67|2863
2021.03.26 12:00:00|232.67|232.87|229.52|230.72|2154
2021.03.26 13:00:00|230.77|230.97|229.12|230.32|1609
2021.03.26 14:00:00|230.32|231.12|229.42|230.17|1284
2021.03.26 15:00:00|230.12|232.02|229.47|230.92|1671
2021.03.26 16:00:00|230.87|231.42|227.77|229.07|2219
2021.03.26 17:00:00|229.12|229.57|227.37|227.92|1472
2021.03.26 18:00:00|227.87|228.07|227.32|227.77|471
2021.03.29 10:00:00|228.17|228.92|224.22|227.02|2691
2021.03.29 11:00:00|227.02|228.42|226.67|228.12|1225
2021.03.29 12:00:00|228.07|230.87|227.77|230.82|1350
2021.03.29 13:00:00|230.82|231.27|230.17|230.52|1073
2021.03.29 14:00:00|230.52|232.57|230.32|232.27|1144
2021.03.29 15:00:00|232.32|232.47|229.62|230.57|1478
2021.03.29 16:00:00|230.57|230.87|229.27|230.42|1708
2021.03.29 17:00:00|230.42|232.07|230.32|231.62|1469
2021.03.29 18:00:00|231.57|231.67|229.87|230.12|624
2021.03.30 10:00:00|233.17|236.02|232.82|235.82|2166
2021.03.30 11:00:00|235.77|237.07|235.42|236.97|1455
2021.03.30 12:00:00|237.02|237.37|235.42|235.72|1356
2021.03.30 13:00:00|235.82|236.72|235.67|236.42|869
2021.03.30 14:00:00|236.37|237.22|235.97|237.02|939
2021.03.30 15:00:00|236.97|238.77|236.92|238.47|1143
2021.03.30 16:00:00|238.42|238.57|236.87|237.47|1525
2021.03.30 17:00:00|237.47|239.37|237.37|239.37|1555
2021.03.30 18:00:00|239.32|240.32|238.97|239.97|1011
2021.03.31 10:00:00|238.42|241.12|238.37|239.72|2523
2021.03.31 11:00:00|239.67|239.82|238.12|239.42|1418
2021.03.31 12:00:00|239.47|240.12|237.57|238.52|1313
2021.03.31 13:00:00|238.47|240.07|238.47|239.77|851
2021.03.31 14:00:00|239.77|239.77|237.22|237.52|884
2021.03.31 15:00:00|237.57|238.07|237.12|237.77|1068
2021.03.31 16:00:00|237.72|237.82|235.42|236.02|1249
2021.03.31 17:00:00|236.07|237.72|235.67|237.22|1321
2021.03.31 18:00:00|237.27|239.07|237.07|238.42|850
2021.04.01 10:00:00|238.47|239.67|236.67|237.92|2184
2021.04.01 11:00:00|237.92|237.92|234.52|234.62|2016
2021.04.01 12:00:00|234.62|235.62|234.22|235.32|1298
2021.04.01 13:00:00|235.32|236.12|234.92|235.37|857
2021.04.01 14:00:00|235.32|236.87|235.27|236.82|708
2021.04.01 15:00:00|236.77|238.12|236.57|237.67|785
2021.04.01 16:00:00|237.62|239.62|237.62|238.37|1486
2021.04.01 17:00:00|238.42|241.32|238.22|240.47|1610
2021.04.01 18:00:00|240.52|241.27|240.37|241.02|666
2021.04.06 10:00:00|244.92|249.47|244.87|245.42|4546
2021.04.06 11:00:00|245.47|246.82|244.62|246.47|1985
2021.04.06 12:00:00|246.42|247.92|245.97|247.22|1399
2021.04.06 13:00:00|247.22|247.52|246.07|246.42|1248
2021.04.06 14:00:00|246.42|247.17|246.12|247.02|831
2021.04.06 15:00:00|246.97|247.32|246.07|246.47|1075
2021.04.06 16:00:00|246.47|247.12|245.82|247.02|1397
2021.04.06 17:00:00|247.07|248.12|246.77|247.47|1709
2021.04.06 18:00:00|247.47|247.52|246.07|246.47|775
2021.04.07 10:00:00|247.17|249.37|246.52|246.67|2295
2021.04.07 11:00:00|246.62|247.02|245.37|246.52|1098
2021.04.07 12:00:00|246.52|246.72|243.17|243.32|1259
2021.04.07 13:00:00|243.32|244.47|243.07|243.17|1077
2021.04.07 14:00:00|243.07|243.77|241.37|241.37|1127
2021.04.07 15:00:00|241.42|242.37|241.07|241.12|1084
2021.04.07 16:00:00|241.12|242.67|240.92|241.62|1518
2021.04.07 17:00:00|241.62|242.77|240.97|241.72|1196
2021.04.07 18:00:00|241.77|242.22|240.22|240.97|706
2021.04.08 10:00:00|244.12|244.62|241.72|241.97|1834
2021.04.08 11:00:00|242.02|242.17|239.92|240.57|1125
2021.04.08 12:00:00|240.67|241.12|240.47|240.77|678
2021.04.08 13:00:00|240.72|240.92|237.27|237.27|1096
2021.04.08 14:00:00|237.32|239.27|237.22|238.67|1174
2021.04.08 15:00:00|238.72|238.97|237.12|237.87|1189
2021.04.08 16:00:00|237.87|239.37|236.52|237.37|1641
2021.04.08 17:00:00|237.42|237.57|235.82|237.07|1734
2021.04.08 18:00:00|237.07|238.57|237.07|238.47|533
2021.04.09 10:00:00|237.97|239.22|236.92|238.72|1481
2021.04.09 11:00:00|238.72|238.97|237.87|238.62|921
2021.04.09 12:00:00|238.57|239.87|238.37|239.67|796
2021.04.09 13:00:00|239.62|239.92|238.92|239.02|475
2021.04.09 14:00:00|238.97|240.02|238.47|239.42|470
2021.04.09 15:00:00|239.42|239.62|237.92|238.32|541
2021.04.09 16:00:00|238.32|238.92|237.42|237.52|743
2021.04.09 17:00:00|237.57|238.27|237.17|237.37|810
2021.04.09 18:00:00|237.37|237.77|236.82|236.87|441
2021.04.12 10:00:00|238.37|239.02|236.42|236.77|1915
2021.04.12 11:00:00|236.82|236.97|236.22|236.27|815
2021.04.12 12:00:00|236.27|236.52|235.22|235.77|1065
2021.04.12 13:00:00|235.82|236.82|235.37|236.42|665
2021.04.12 14:00:00|236.37|237.37|235.67|235.97|545
2021.04.12 15:00:00|235.97|236.47|235.57|236.02|523
2021.04.12 16:00:00|236.02|236.77|235.22|235.47|807
2021.04.12 17:00:00|235.42|236.52|235.42|235.87|710
2021.04.12 18:00:00|235.82|235.87|234.87|235.22|293
2021.04.13 10:00:00|235.07|236.72|234.37|236.27|1555
2021.04.13 11:00:00|236.22|236.47|235.42|236.12|853
2021.04.13 12:00:00|236.17|237.92|236.02|237.62|802
2021.04.13 13:00:00|237.67|237.92|236.62|236.92|643
2021.04.13 14:00:00|236.92|237.57|235.92|236.47|1051
2021.04.13 15:00:00|236.42|236.97|236.07|236.77|705
2021.04.13 16:00:00|236.82|237.37|234.62|235.07|1289
2021.04.13 17:00:00|235.07|235.37|232.72|233.07|1248
2021.04.13 18:00:00|233.02|233.32|232.07|232.52|524
2021.04.14 10:00:00|231.72|232.22|230.62|231.17|1989
2021.04.14 11:00:00|231.12|232.97|231.07|232.87|929
2021.04.14 12:00:00|232.87|233.62|232.77|233.42|659
2021.04.14 13:00:00|233.42|234.27|232.37|233.67|990
2021.04.14 14:00:00|233.62|234.47|232.92|232.97|750
2021.04.14 15:00:00|232.97|233.12|231.52|231.72|839
2021.04.14 16:00:00|231.67|232.92|231.57|232.77|1096
2021.04.14 17:00:00|232.77|234.37|232.22|234.07|1200
2021.04.14 18:00:00|234.02|234.22|233.32|233.82|576
2021.04.15 10:00:00|234.27|236.07|233.07|234.67|1635
2021.04.15 11:00:00|234.72|236.42|234.32|235.22|889
2021.04.15 12:00:00|235.22|235.72|234.37|234.52|664
2021.04.15 13:00:00|234.52|235.67|234.22|235.22|592
2021.04.15 14:00:00|235.17|235.17|234.02|234.77|681
2021.04.15 15:00:00|234.77|235.62|233.87|235.17|964
2021.04.15 16:00:00|235.22|236.62|234.87|236.62|802
2021.04.15 17:00:00|236.62|238.22|235.92|238.12|984
2021.04.15 18:00:00|238.12|238.27|237.22|237.37|496
2021.04.16 10:00:00|239.92|242.07|239.27|241.67|2145
2021.04.16 11:00:00|241.67|242.52|240.82|241.77|1034
2021.04.16 12:00:00|241.77|244.52|241.27|243.32|1361
2021.04.16 13:00:00|243.37|244.77|242.52|242.67|1128
2021.04.16 14:00:00|242.62|243.17|242.37|243.12|828
2021.04.16 15:00:00|243.12|244.17|242.92|243.77|847
2021.04.16 16:00:00|243.72|244.77|243.32|243.97|1145
2021.04.16 17:00:00|243.97|245.67|243.52|244.72|1329
2021.04.16 18:00:00|244.72|244.87|244.42|244.57|457
2021.04.19 10:00:00|247.27|247.52|242.32|242.42|2434
2021.04.19 11:00:00|242.37|242.72|240.82|241.22|1537
2021.04.19 12:00:00|241.17|241.17|239.82|240.72|1130
2021.04.19 13:00:00|240.72|241.52|240.52|240.72|784
2021.04.19 14:00:00|240.67|242.27|239.82|241.97|833
2021.04.19 15:00:00|241.97|242.92|241.87|242.12|792
2021.04.19 16:00:00|242.07|242.92|241.87|241.92|1039
2021.04.19 17:00:00|241.87|241.97|240.07|240.22|1405
2021.04.19 18:00:00|240.27|240.97|240.07|240.47|782
2021.04.20 10:00:00|240.87|243.72|240.07|243.32|2106
2021.04.20 11:00:00|243.37|244.27|243.07|243.62|1176
2021.04.20 12:00:00|243.62|243.62|240.82|241.22|1624
2021.04.20 13:00:00|241.17|241.77|240.17|241.57|1110
2021.04.20 14:00:00|241.57|241.92|240.02|240.52|1035
2021.04.20 15:00:00|240.47|240.87|239.32|240.42|908
2021.04.20 16:00:00|240.42|240.42|238.37|238.72|1480
2021.04.20 17:00:00|238.72|238.87|234.27|235.82|2013
2021.04.20 18:00:00|235.82|236.17|233.77|234.52|1263
2021.04.21 10:00:00|234.92|235.67|232.32|232.47|2388
2021.04.21 11:00:00|232.42|233.22|231.87|233.02|1066
2021.04.21 12:00:00|233.07|233.22|230.57|230.67|1170
2021.04.21 13:00:00|230.67|232.02|230.17|231.77|1307
2021.04.21 14:00:00|231.77|231.87|230.22|230.22|794
2021.04.21 15:00:00|230.27|230.27|223.62|223.62|2505
2021.04.21 16:00:00|224.37|227.02|222.32|225.77|4147
2021.04.21 17:00:00|225.82|228.52|225.82|227.47|2356
2021.04.21 18:00:00|227.47|228.47|227.32|228.07|814
2021.04.22 10:00:00|230.07|231.42|226.87|227.17|2594
2021.04.22 11:00:00|227.27|230.77|227.17|229.82|1238
2021.04.22 12:00:00|229.82|230.42|228.77|230.32|765
2021.04.22 13:00:00|230.37|230.67|229.52|229.72|823
2021.04.22 14:00:00|229.77|230.72|228.87|230.72|846
2021.04.22 15:00:00|230.67|232.12|230.32|230.52|970
2021.04.22 16:00:00|230.47|230.97|229.32|230.87|1475
2021.04.22 17:00:00|230.82|231.12|229.87|230.37|1385
2021.04.22 18:00:00|230.42|231.22|230.37|231.07|475
2021.04.23 10:00:00|229.77|233.12|229.62|230.77|2244
2021.04.23 11:00:00|230.82|233.47|230.52|232.62|1316
2021.04.23 12:00:00|232.57|232.67|231.02|232.52|701
2021.04.23 13:00:00|232.47|233.17|231.72|232.52|1192
2021.04.23 14:00:00|232.52|232.52|230.47|230.72|773
2021.04.23 15:00:00|230.72|230.77|228.67|228.72|1153
2021.04.23 16:00:00|228.77|229.62|227.52|229.57|1710
2021.04.23 17:00:00|229.57|230.32|228.92|229.27|1100
2021.04.23 18:00:00|229.32|229.92|229.12|229.67|405
2021.04.26 10:00:00|228.67|228.82|224.82|226.87|2560
2021.04.26 11:00:00|226.87|227.67|225.67|225.77|1322
2021.04.26 12:00:00|225.72|227.37|225.62|225.82|1138
2021.04.26 13:00:00|225.77|226.57|224.57|224.87|1332
2021.04.26 14:00:00|224.82|226.37|224.82|225.62|905
2021.04.26 15:00:00|225.62|226.52|225.12|226.02|722
2021.04.26 16:00:00|226.02|227.37|225.82|226.07|1232
2021.04.26 17:00:00|226.12|227.12|225.52|226.52|1296
2021.04.26 18:00:00|226.62|227.17|225.72|227.07|732
2021.04.27 10:00:00|226.57|228.07|224.92|225.07|1882
2021.04.27 11:00:00|225.02|225.62|224.07|225.27|1131
2021.04.27 12:00:00|225.27|225.37|223.17|223.37|1096
2021.04.27 13:00:00|223.37|224.87|223.22|224.77|977
2021.04.27 14:00:00|224.72|225.42|224.62|224.82|775
2021.04.27 15:00:00|224.92|225.62|223.72|224.42|736
2021.04.27 16:00:00|224.42|225.47|223.77|225.32|1106
2021.04.27 17:00:00|225.27|226.92|224.97|226.67|1360
2021.04.27 18:00:00|226.72|227.02|226.12|226.12|558
2021.04.28 10:00:00|225.92|226.72|225.12|225.42|1600
2021.04.28 11:00:00|225.37|226.52|225.17|226.27|966
2021.04.28 12:00:00|226.22|226.97|225.82|226.47|676
2021.04.28 13:00:00|226.42|226.62|225.22|225.42|693
2021.04.28 14:00:00|225.42|226.67|224.77|225.52|741
2021.04.28 15:00:00|225.47|225.97|224.82|225.47|517
2021.04.28 16:00:00|225.47|225.57|224.57|225.52|944
2021.04.28 17:00:00|225.57|226.12|224.82|225.27|910
2021.04.28 18:00:00|225.27|225.42|223.92|224.47|608
2021.04.29 10:00:00|222.42|223.17|215.92|219.67|3621
2021.04.29 11:00:00|219.72|220.92|218.87|219.07|1739
2021.04.29 12:00:00|219.07|219.42|218.17|218.62|1097
2021.04.29 13:00:00|218.57|218.82|216.42|216.57|1218
2021.04.29 14:00:00|216.57|218.17|216.42|217.82|1021
2021.04.29 15:00:00|217.77|219.62|217.77|219.12|1046
2021.04.29 16:00:00|219.12|219.97|216.87|217.02|1530
2021.04.29 17:00:00|216.97|218.52|214.52|215.87|3093
2021.04.29 18:00:00|215.82|217.72|215.57|216.87|1296
2021.04.30 10:00:00|215.92|221.07|215.22|220.22|2661
2021.04.30 11:00:00|220.07|220.42|217.72|217.87|1521
2021.04.30 12:00:00|217.87|218.72|217.12|217.42|1230
2021.04.30 13:00:00|217.42|218.02|216.62|217.12|1231
2021.04.30 14:00:00|217.17|218.22|216.92|217.82|757
2021.04.30 15:00:00|217.82|218.42|217.42|217.72|975
2021.04.30 16:00:00|217.77|217.82|216.87|217.62|1003
2021.04.30 17:00:00|217.72|218.47|216.37|216.37|1507
2021.04.30 18:00:00|216.37|217.22|215.77|216.52|1222
2021.05.03 10:00:00|215.37|219.02|214.62|218.27|2227
2021.05.03 11:00:00|218.22|219.02|217.57|217.67|962
2021.05.03 12:00:00|217.72|218.22|217.12|217.82|1129
2021.05.03 13:00:00|217.77|220.12|217.62|219.32|960
2021.05.03 14:00:00|219.37|220.72|218.32|220.12|949
2021.05.03 15:00:00|220.12|220.77|219.67|220.22|704
2021.05.03 16:00:00|220.27|221.42|220.12|220.62|1252
2021.05.03 17:00:00|220.72|220.72|218.82|219.82|1670
2021.05.03 18:00:00|219.87|220.17|219.47|219.77|855
2021.05.04 10:00:00|219.97|220.97|217.97|219.47|2627
2021.05.04 11:00:00|219.42|219.62|217.82|218.17|1507
2021.05.04 12:00:00|218.12|218.27|217.07|217.37|1058
2021.05.04 13:00:00|217.42|218.72|217.27|218.22|1070
2021.05.04 14:00:00|218.27|218.67|215.67|216.02|2228
2021.05.04 15:00:00|216.02|216.77|214.32|215.12|2422
2021.05.04 16:00:00|215.07|215.57|210.82|211.32|3181
2021.05.04 17:00:00|211.27|211.97|209.27|210.92|4062
2021.05.04 18:00:00|210.87|210.97|209.82|210.27|1499
2021.05.05 10:00:00|211.92|213.97|210.92|212.87|3002
2021.05.05 11:00:00|212.92|213.87|212.07|213.47|1571
2021.05.05 12:00:00|213.52|214.17|212.62|213.32|982
2021.05.05 13:00:00|213.37|213.87|212.77|213.02|965
2021.05.05 14:00:00|212.92|213.62|212.07|213.47|1019
2021.05.05 15:00:00|213.52|214.07|212.67|213.92|1503
2021.05.05 16:00:00|213.92|215.87|213.57|215.37|2171
2021.05.05 17:00:00|215.32|215.67|213.97|215.27|2153
2021.05.05 18:00:00|215.32|217.12|215.27|217.02|1033
2021.05.06 10:00:00|222.17|222.87|215.87|217.82|4045
2021.05.06 11:00:00|217.87|219.52|214.07|214.82|2399
2021.05.06 12:00:00|214.87|215.87|209.42|211.77|2888
2021.05.06 13:00:00|211.72|213.47|211.47|212.72|1703
2021.05.06 14:00:00|212.62|215.07|212.32|213.87|1474
2021.05.06 15:00:00|213.92|215.97|213.37|213.72|1377
2021.05.06 16:00:00|213.77|214.82|211.92|211.92|1928
2021.05.06 17:00:00|211.87|212.62|210.97|211.07|1964
2021.05.06 18:00:00|211.12|212.32|210.22|212.07|914
2021.05.07 10:00:00|213.87|213.92|206.72|208.87|4149
2021.05.07 11:00:00|208.97|209.87|207.62|209.77|1988
2021.05.07 12:00:00|209.77|212.87|209.52|212.32|1517
2021.05.07 13:00:00|212.32|213.17|212.02|212.77|953
2021.05.07 14:00:00|212.77|213.72|210.17|211.32|1080
2021.05.07 15:00:00|211.32|211.37|208.27|210.02|1723
2021.05.07 16:00:00|210.02|210.92|209.12|209.62|1406
2021.05.07 17:00:00|209.77|210.02|208.37|209.42|1384
2021.05.07 18:00:00|209.47|210.12|209.17|209.87|491
2021.05.10 10:00:00|211.52|212.07|210.32|211.17|2004
2021.05.10 11:00:00|211.12|212.12|211.02|211.42|1046
2021.05.10 12:00:00|211.42|211.77|210.82|211.02|797
2021.05.10 13:00:00|210.97|211.77|210.47|210.52|688
2021.05.10 14:00:00|210.47|211.02|209.87|210.87|740
2021.05.10 15:00:00|210.82|211.32|210.17|210.37|701
2021.05.10 16:00:00|210.32|211.37|210.07|210.37|1427
2021.05.10 17:00:00|210.32|212.12|210.17|211.27|1920
2021.05.10 18:00:00|211.27|211.87|211.07|211.82|507
2021.05.11 10:00:00|209.02|209.22|205.12|207.77|3533
2021.05.11 11:00:00|207.77|207.77|206.22|206.77|1787
2021.05.11 12:00:00|206.82|209.02|206.82|208.32|1394
2021.05.11 13:00:00|208.42|209.27|207.52|207.92|1344
2021.05.11 14:00:00|207.32|208.62|207.32|208.02|1094
2021.05.11 15:00:00|208.07|208.37|207.17|207.52|1444
2021.05.11 16:00:00|207.52|210.17|207.22|209.87|2076
2021.05.11 17:00:00|209.87|210.22|207.27|207.87|3047
2021.05.11 18:00:00|207.87|208.72|207.42|208.47|1222
2021.05.12 10:00:00|207.72|208.67|205.52|208.27|2736
2021.05.12 11:00:00|208.47|208.77|207.07|207.42|2003
2021.05.12 12:00:00|207.42|207.57|206.17|207.52|1450
2021.05.12 13:00:00|207.52|208.22|207.02|207.02|1282
2021.05.12 14:00:00|206.97|208.37|206.87|208.07|996
2021.05.12 15:00:00|208.12|208.32|206.27|206.97|2719
2021.05.12 16:00:00|206.97|207.52|206.17|206.77|2856
2021.05.12 17:00:00|206.77|207.07|205.62|205.87|2213
2021.05.12 18:00:00|205.92|206.27|205.57|205.72|763
2021.05.13 10:00:00|204.02|204.77|198.74|199.46|6869
2021.05.13 11:00:00|199.44|200.22|198.08|199.87|6592
2021.05.13 12:00:00|199.92|200.72|199.2|199.42|2558
2021.05.13 13:00:00|199.44|201.67|199.28|201.47|2262
2021.05.13 14:00:00|201.52|203.62|200.97|203.22|1634
2021.05.13 15:00:00|203.22|204.32|203.07|203.57|1541
2021.05.13 16:00:00|203.62|207.22|203.37|206.87|2239
2021.05.13 17:00:00|206.92|207.42|206.17|206.67|1767
2021.05.13 18:00:00|206.67|206.77|205.32|205.47|620
2021.05.14 10:00:00|208.42|209.02|204.97|205.07|2451
2021.05.14 11:00:00|205.02|206.42|204.87|206.07|1551
2021.05.14 12:00:00|206.07|208.42|206.07|208.02|1505
2021.05.14 13:00:00|208.02|208.77|207.62|208.52|929
2021.05.14 14:00:00|208.52|209.52|208.47|208.77|931
2021.05.14 15:00:00|208.72|209.92|208.62|209.82|1013
2021.05.14 16:00:00|209.77|212.12|209.72|211.62|1797
2021.05.14 17:00:00|211.62|211.72|209.87|210.37|1686
2021.05.14 18:00:00|210.32|210.32|209.67|210.12|518
2021.05.17 10:00:00|212.77|214.12|211.37|212.02|2510
2021.05.17 11:00:00|212.07|212.62|211.22|211.67|1378
2021.05.17 12:00:00|211.62|211.67|209.77|210.27|1078
2021.05.17 13:00:00|210.27|210.72|209.77|210.37|1091
2021.05.17 14:00:00|210.32|211.12|209.52|210.72|864
2021.05.17 15:00:00|210.67|211.02|210.27|210.57|757
2021.05.17 16:00:00|210.52|212.07|210.52|211.52|1549
2021.05.17 17:00:00|211.52|213.42|211.17|212.57|2208
2021.05.17 18:00:00|212.52|213.07|211.82|212.87|860
2021.05.18 10:00:00|217.07|218.17|214.62|216.47|2874
2021.05.18 11:00:00|216.52|217.27|215.27|215.32|1663
2021.05.18 12:00:00|215.37|215.52|214.77|214.92|1095
2021.05.18 13:00:00|214.97|215.27|214.22|214.92|875
2021.05.18 14:00:00|214.97|215.87|214.17|214.67|1071
2021.05.18 15:00:00|214.67|214.77|212.92|213.62|1154
2021.05.18 16:00:00|213.57|213.57|211.82|212.92|2052
2021.05.18 17:00:00|212.97|214.82|212.22|214.47|2116
2021.05.18 18:00:00|214.47|215.77|214.12|215.52|647
2021.05.19 10:00:00|213.12|213.67|209.82|212.32|3737
2021.05.19 11:00:00|212.32|212.92|211.02|211.62|2327
2021.05.19 12:00:00|211.67|213.27|211.67|211.92|1628
2021.05.19 13:00:00|211.92|213.32|211.82|213.17|1047
2021.05.19 14:00:00|212.87|213.22|211.67|211.82|1474
2021.05.19 15:00:00|211.77|212.72|210.17|210.32|1193
2021.05.19 16:00:00|210.27|211.22|209.22|210.42|2840
2021.05.19 17:00:00|210.37|210.92|209.22|210.57|3867
2021.05.19 18:00:00|210.62|212.52|210.27|211.62|1013
2021.05.20 10:00:00|213.92|214.07|211.77|212.57|2007
2021.05.20 11:00:00|212.57|212.77|210.82|211.37|2190
2021.05.20 12:00:00|211.32|212.52|210.97|212.42|1361
2021.05.20 13:00:00|212.42|213.97|212.17|213.42|1331
2021.05.20 14:00:00|213.37|215.02|212.62|214.97|1199
2021.05.20 15:00:00|214.97|215.47|214.72|214.82|1158
2021.05.20 16:00:00|214.87|215.02|213.97|214.67|1893
2021.05.20 17:00:00|214.67|214.87|213.67|214.42|1722
2021.05.20 18:00:00|214.37|214.82|213.82|214.82|733
2021.05.21 10:00:00|217.02|217.82|215.77|216.42|1999
2021.05.21 11:00:00|216.42|217.27|216.42|216.62|1272
2021.05.21 12:00:00|216.67|217.32|216.47|217.17|1396
2021.05.21 13:00:00|217.17|217.62|216.12|216.12|958
2021.05.21 14:00:00|215.52|217.52|215.52|217.32|742
2021.05.21 15:00:00|217.27|217.27|215.92|216.22|753
2021.05.21 16:00:00|216.17|216.57|215.42|216.42|1190
2021.05.21 17:00:00|216.47|216.47|215.62|215.77|1242
2021.05.21 18:00:00|215.82|215.92|215.37|215.57|565
2021.05.25 10:00:00|218.57|218.67|217.07|217.67|1842
2021.05.25 11:00:00|217.72|219.22|217.72|218.82|1180
2021.05.25 12:00:00|218.77|219.77|218.02|219.72|834
2021.05.25 13:00:00|219.77|220.22|218.72|220.02|707
2021.05.25 14:00:00|219.97|220.22|219.42|219.87|691
2021.05.25 15:00:00|219.87|220.57|219.47|220.27|771
2021.05.25 16:00:00|220.27|222.82|220.17|222.07|1518
2021.05.25 17:00:00|222.02|222.67|221.12|221.17|1553
2021.05.25 18:00:00|221.22|221.22|219.62|219.82|966
2021.05.26 10:00:00|220.67|222.82|219.77|222.17|1978
2021.05.26 11:00:00|222.17|222.47|220.12|220.17|1365
2021.05.26 12:00:00|220.17|220.22|217.32|217.42|1243
2021.05.26 13:00:00|217.37|218.12|217.37|217.62|897
2021.05.26 14:00:00|217.62|217.92|216.82|217.52|846
2021.05.26 15:00:00|217.57|219.17|217.57|218.87|941
2021.05.26 16:00:00|218.87|219.07|218.17|218.62|1331
2021.05.26 17:00:00|218.67|221.07|218.57|221.02|1398
2021.05.26 18:00:00|221.07|221.52|220.47|220.47|582
2021.05.27 10:00:00|219.37|220.47|218.57|219.62|1751
2021.05.27 11:00:00|219.67|219.92|217.67|218.17|1145
2021.05.27 12:00:00|218.12|219.12|217.47|218.82|954
2021.05.27 13:00:00|218.82|219.87|218.82|219.57|779
2021.05.27 14:00:00|219.52|220.17|219.02|219.22|659
2021.05.27 15:00:00|219.27|221.42|219.02|221.37|1185
2021.05.27 16:00:00|221.37|224.42|221.37|223.07|2643
2021.05.27 17:00:00|223.02|224.07|222.67|223.52|1424
2021.05.27 18:00:00|223.57|224.62|223.42|224.02|681
2021.05.28 10:00:00|226.47|226.47|223.82|224.07|2143
2021.05.28 11:00:00|224.07|224.17|222.77|223.67|1241
2021.05.28 12:00:00|223.72|225.32|223.27|224.92|1066
2021.05.28 13:00:00|224.87|225.12|224.42|225.07|869
2021.05.28 14:00:00|225.07|226.42|225.02|225.77|992
2021.05.28 15:00:00|225.77|226.47|225.62|226.32|793
2021.05.28 16:00:00|226.37|226.77|225.42|225.97|1388
2021.05.28 17:00:00|226.02|226.77|225.52|226.52|1382
2021.05.28 18:00:00|226.57|226.67|225.57|225.67|459
2021.05.31 10:00:00|225.67|226.07|224.42|225.77|1249
2021.05.31 11:00:00|225.77|226.02|224.87|225.07|600
2021.05.31 12:00:00|225.12|225.52|223.97|224.32|720
2021.05.31 13:00:00|224.32|225.12|224.32|224.87|378
2021.05.31 14:00:00|224.87|226.52|224.67|226.37|526
2021.05.31 15:00:00|226.37|227.72|225.77|227.52|621
2021.05.31 16:00:00|227.52|230.07|227.27|228.72|1370
2021.05.31 17:00:00|228.67|229.17|227.72|227.77|802
2021.05.31 18:00:00|227.72|228.47|227.62|228.22|659
2021.06.01 10:00:00|231.52|236.42|230.92|235.72|2770
2021.06.01 11:00:00|235.77|235.87|232.87|233.47|1688
2021.06.01 12:00:00|233.52|234.22|233.07|233.87|1524
2021.06.01 13:00:00|233.92|234.77|233.77|234.32|910
2021.06.01 14:00:00|234.32|235.17|233.62|235.17|937
2021.06.01 15:00:00|235.17|236.02|234.67|235.27|813
2021.06.01 16:00:00|235.32|235.37|233.72|234.02|1264
2021.06.01 17:00:00|234.07|235.52|233.92|235.52|1755
2021.06.01 18:00:00|235.52|235.62|234.92|235.12|613
2021.06.02 10:00:00|238.62|239.27|235.67|237.27|2282
2021.06.02 11:00:00|237.27|240.52|237.12|240.42|1395
2021.06.02 12:00:00|240.47|243.17|240.32|243.02|1293
2021.06.02 13:00:00|242.97|245.22|240.52|240.97|2303
2021.06.02 14:00:00|240.92|240.92|238.62|239.42|1475
2021.06.02 15:00:00|239.47|241.07|238.27|240.87|1268
2021.06.02 16:00:00|240.92|241.57|240.47|240.57|1757
2021.06.02 17:00:00|240.52|241.72|239.87|240.57|1516
2021.06.02 18:00:00|240.52|240.67|239.87|240.07|596
2021.06.03 10:00:00|240.07|240.07|238.47|238.82|1490
2021.06.03 11:00:00|238.77|239.87|238.32|239.77|968
2021.06.03 12:00:00|239.82|239.87|239.22|239.62|752
2021.06.03 13:00:00|239.57|239.57|238.02|238.57|1118
2021.06.03 14:00:00|238.52|238.72|237.07|237.27|1184
2021.06.03 15:00:00|237.22|239.27|237.07|238.87|1180
2021.06.03 16:00:00|238.92|240.22|238.77|239.67|1956
2021.06.03 17:00:00|239.62|240.92|239.37|240.92|1890
2021.06.03 18:00:00|240.87|241.12|240.32|240.47|837
2021.06.04 10:00:00|241.47|241.47|239.42|240.77|1680
2021.06.04 11:00:00|240.82|241.12|239.12|239.17|935
2021.06.04 12:00:00|239.12|239.87|238.67|239.67|1017
2021.06.04 13:00:00|239.62|240.52|239.62|239.77|653
2021.06.04 14:00:00|239.72|240.07|239.37|239.77|644
2021.06.04 15:00:00|239.72|240.37|239.12|239.22|987
2021.06.04 16:00:00|239.27|239.57|238.42|238.87|962
2021.06.04 17:00:00|238.87|240.42|238.62|239.82|775
2021.06.04 18:00:00|239.87|239.92|239.57|239.67|352
2021.06.07 10:00:00|238.47|241.12|237.82|239.82|1942
2021.06.07 11:00:00|239.82|240.02|239.22|239.92|1016
2021.06.07 12:00:00|239.97|240.22|239.07|239.22|665
2021.06.07 13:00:00|239.22|240.67|239.12|240.32|769
2021.06.07 14:00:00|240.32|240.82|239.37|240.17|871
2021.06.07 15:00:00|240.17|240.27|239.22|239.52|610
2021.06.07 16:00:00|239.52|240.22|239.07|240.02|1262
2021.06.07 17:00:00|240.02|240.12|237.67|238.02|1635
2021.06.07 18:00:00|238.07|239.02|238.02|238.37|706
2021.06.08 10:00:00|238.42|238.47|230.32|235.32|3749
2021.06.08 11:00:00|235.32|236.47|234.52|235.62|1626
2021.06.08 12:00:00|235.57|236.07|233.72|233.72|1186
2021.06.08 13:00:00|233.77|234.62|232.82|233.27|2035
2021.06.08 14:00:00|233.22|233.97|233.12|233.87|871
2021.06.08 15:00:00|233.87|234.87|233.37|234.77|952
2021.06.08 16:00:00|234.77|235.52|233.17|233.27|1292
2021.06.08 17:00:00|233.27|234.72|233.17|234.72|1296
2021.06.08 18:00:00|234.77|235.12|233.57|233.72|899
2021.06.09 10:00:00|233.32|234.87|232.82|233.02|1784
2021.06.09 11:00:00|232.97|233.87|231.72|233.77|1619
2021.06.09 12:00:00|233.72|233.82|231.67|231.87|1401
2021.06.09 13:00:00|231.92|232.22|230.82|231.17|1034
2021.06.09 14:00:00|231.17|231.37|229.67|230.87|1147
2021.06.09 15:00:00|230.92|231.32|230.57|231.07|766
2021.06.09 16:00:00|231.12|232.52|230.17|230.27|1846
2021.06.09 17:00:00|230.22|230.77|229.92|230.22|1489
2021.06.09 18:00:00|230.22|231.02|230.22|230.57|770
2021.06.10 10:00:00|230.12|230.22|225.77|226.77|2633
2021.06.10 11:00:00|226.77|227.67|225.87|227.47|1392
2021.06.10 12:00:00|227.47|229.27|227.42|228.92|1141
2021.06.10 13:00:00|228.97|230.27|228.87|229.57|926
2021.06.10 14:00:00|229.57|230.87|228.72|229.37|1637
2021.06.10 15:00:00|229.37|230.52|228.47|230.27|1972
2021.06.10 16:00:00|230.32|231.52|230.17|231.12|1573
2021.06.10 17:00:00|231.17|231.37|229.07|229.72|1896
2021.06.10 18:00:00|229.67|230.27|229.62|229.87|815
2021.06.11 10:00:00|228.97|230.02|228.67|229.22|1375
2021.06.11 11:00:00|229.22|231.07|228.87|230.57|1287
2021.06.11 12:00:00|230.57|231.87|230.27|231.27|986
2021.06.11 13:00:00|231.32|233.12|231.22|232.62|1025
2021.06.11 14:00:00|232.57|233.12|231.92|232.12|1005
2021.06.11 15:00:00|232.07|232.92|231.87|232.92|740
2021.06.11 16:00:00|232.92|233.97|232.42|233.17|1379
2021.06.11 17:00:00|233.22|233.72|232.27|233.37|920
2021.06.11 18:00:00|233.37|233.37|232.62|232.92|491
2021.06.14 10:00:00|233.62|234.22|232.32|232.62|1761
2021.06.14 11:00:00|232.57|232.62|230.27|230.82|1318
2021.06.14 12:00:00|230.87|231.67|230.42|231.07|835
2021.06.14 13:00:00|231.12|231.72|230.72|231.27|676
2021.06.14 14:00:00|231.27|232.02|230.47|231.42|769
2021.06.14 15:00:00|231.42|232.07|230.97|231.12|645
2021.06.14 16:00:00|231.12|231.62|229.92|230.07|959
2021.06.14 17:00:00|230.12|230.92|229.82|230.17|1018
2021.06.14 18:00:00|230.12|230.47|229.92|230.07|421
2021.06.15 10:00:00|229.72|230.37|228.87|229.37|1294
2021.06.15 11:00:00|229.42|229.52|228.17|228.27|1058
2021.06.15 12:00:00|228.22|228.72|227.87|227.97|697
2021.06.15 13:00:00|227.92|228.32|226.72|228.27|772
2021.06.15 14:00:00|227.92|228.67|227.92|228.37|653
2021.06.15 15:00:00|228.37|228.42|226.62|227.47|778
2021.06.15 16:00:00|227.47|228.07|227.07|227.47|1022
2021.06.15 17:00:00|227.47|227.67|225.07|225.37|1140
2021.06.15 18:00:00|225.32|225.82|225.32|225.77|432
2021.06.16 10:00:00|225.42|225.82|220.27|220.57|1773
2021.06.16 11:00:00|220.47|222.27|219.82|222.07|1848
2021.06.16 12:00:00|222.07|222.32|220.37|220.72|1073
2021.06.16 13:00:00|220.67|222.27|220.67|221.32|949
2021.06.16 14:00:00|221.27|221.57|220.47|221.12|783
2021.06.16 15:00:00|221.12|221.47|220.27|220.52|944
2021.06.16 16:00:00|220.47|221.42|219.57|221.42|1984
2021.06.16 17:00:00|221.47|223.47|221.47|222.77|1886
2021.06.16 18:00:00|222.77|223.37|222.62|223.32|554
2021.06.17 10:00:00|223.07|226.07|223.02|225.22|1434
2021.06.17 11:00:00|225.22|227.12|225.17|226.97|1188
2021.06.17 12:00:00|226.92|228.07|226.07|226.12|948
2021.06.17 13:00:00|226.12|227.37|226.12|227.02|681
2021.06.17 14:00:00|227.02|227.42|226.72|227.02|931
2021.06.17 15:00:00|227.07|227.27|225.57|225.77|1016
2021.06.17 16:00:00|225.72|225.82|224.07|224.87|1198
2021.06.17 17:00:00|224.92|225.32|223.92|223.97|1677
2021.06.17 18:00:00|224.02|224.12|223.42|223.87|738
2021.06.18 10:00:00|223.62|224.47|221.97|222.67|1757
2021.06.18 11:00:00|222.72|223.17|222.07|222.32|1014
2021.06.18 12:00:00|222.27|222.52|220.37|221.37|1952
2021.06.18 13:00:00|221.37|221.67|219.92|220.82|1534
2021.06.18 14:00:00|220.77|220.97|220.02|220.12|1019
2021.06.18 15:00:00|220.07|220.07|217.62|218.47|2581
2021.06.18 16:00:00|218.52|219.22|217.52|218.62|3274
2021.06.18 17:00:00|218.62|218.92|217.52|218.47|2472
2021.06.18 18:00:00|218.47|219.32|217.92|218.07|1033
2021.06.21 10:00:00|216.12|220.27|215.67|219.32|4151
2021.06.21 11:00:00|219.32|220.72|218.82|220.67|2205
2021.06.21 12:00:00|220.67|221.42|219.37|220.92|1976
2021.06.21 13:00:00|220.97|221.77|220.32|221.52|1659
2021.06.21 14:00:00|221.47|222.02|220.77|221.82|1686
2021.06.21 15:00:00|221.82|222.32|221.57|222.17|1316
2021.06.21 16:00:00|222.22|223.92|222.17|222.97|2221
2021.06.21 17:00:00|223.02|225.37|222.92|224.87|2039
2021.06.21 18:00:00|224.82|226.12|224.67|225.97|647
2021.06.22 10:00:00|226.32|226.57|223.57|223.92|2657
2021.06.22 11:00:00|223.92|224.77|222.97|223.62|1922
2021.06.22 12:00:00|223.62|224.27|223.22|223.52|1620
2021.06.22 13:00:00|223.47|224.67|223.47|224.22|1269
2021.06.22 14:00:00|224.22|224.82|223.57|224.32|1403
2021.06.22 15:00:00|224.37|224.62|222.57|222.82|1121
2021.06.22 16:00:00|222.82|223.07|221.27|221.37|2470
2021.06.22 17:00:00|221.37|223.37|221.32|222.92|1570
2021.06.22 18:00:00|222.97|223.77|222.77|223.42|809
2021.06.23 10:00:00|223.82|224.42|220.27|221.27|2080
2021.06.23 11:00:00|221.22|222.52|220.87|221.72|1650
2021.06.23 12:00:00|221.77|221.82|220.72|220.82|1276
2021.06.23 13:00:00|220.87|221.37|219.42|220.07|1262
2021.06.23 14:00:00|220.02|220.42|219.67|220.02|1185
2021.06.23 15:00:00|219.97|220.87|219.47|220.32|1088
2021.06.23 16:00:00|220.27|220.62|219.22|219.22|1589
2021.06.23 17:00:00|219.22|219.52|218.02|218.72|1456
2021.06.23 18:00:00|218.77|218.87|217.92|218.42|787
2021.06.24 10:00:00|218.82|220.92|218.37|219.42|2660
2021.06.24 11:00:00|219.37|220.92|219.22|220.87|1977
2021.06.24 12:00:00|220.87|221.57|219.67|220.22|1168
2021.06.24 13:00:00|220.22|220.52|219.27|219.62|1022
2021.06.24 14:00:00|219.62|219.67|218.42|219.22|1148
2021.06.24 15:00:00|219.27|219.77|218.77|219.77|969
2021.06.24 16:00:00|219.72|220.52|219.27|219.92|1683
2021.06.24 17:00:00|219.97|220.52|218.82|218.87|1490
2021.06.24 18:00:00|218.92|219.22|218.67|218.87|711
2021.06.25 10:00:00|217.97|217.97|215.82|217.37|2157
2021.06.25 11:00:00|217.32|217.57|216.82|217.02|1009
2021.06.25 12:00:00|217.07|217.12|215.82|216.37|880
2021.06.25 13:00:00|216.37|217.17|216.22|216.42|692
2021.06.25 14:00:00|216.37|216.72|216.12|216.52|684
2021.06.25 15:00:00|216.57|216.82|216.12|216.37|553
2021.06.25 16:00:00|216.42|216.42|215.37|215.42|686
2021.06.25 17:00:00|215.42|215.97|214.97|215.22|954
2021.06.25 18:00:00|215.27|216.17|215.27|216.07|485
2021.06.28 10:00:00|215.47|217.02|214.47|215.17|1934
2021.06.28 11:00:00|215.12|215.57|213.72|214.67|1614
2021.06.28 12:00:00|214.72|214.97|213.92|214.37|862
2021.06.28 13:00:00|214.37|215.72|212.92|215.62|1146
2021.06.28 14:00:00|215.62|215.62|213.92|214.97|1278
2021.06.28 15:00:00|214.92|215.32|214.42|215.12|763
2021.06.28 16:00:00|215.17|215.47|214.22|214.97|1340
2021.06.28 17:00:00|214.92|215.22|213.47|213.77|1684
2021.06.28 18:00:00|213.72|214.22|213.47|213.52|701
2021.06.29 10:00:00|213.47|216.37|213.47|214.82|1811
2021.06.29 11:00:00|214.87|215.32|214.27|214.92|1294
2021.06.29 12:00:00|214.92|216.27|214.77|215.77|1188
2021.06.29 13:00:00|215.82|216.22|215.17|215.87|882
2021.06.29 14:00:00|215.82|215.97|215.42|215.77|742
2021.06.29 15:00:00|215.72|216.47|215.62|216.37|749
2021.06.29 16:00:00|216.32|217.62|215.87|216.77|1834
2021.06.29 17:00:00|216.77|217.02|214.92|214.97|1273
2021.06.29 18:00:00|214.97|215.42|214.72|215.42|457
2021.06.30 10:00:00|214.42|215.12|210.77|210.97|2422
2021.06.30 11:00:00|211.02|211.12|207.02|208.47|3369
2021.06.30 12:00:00|208.42|210.17|207.47|209.97|2685
2021.06.30 13:00:00|209.97|211.42|209.87|210.42|1555
2021.06.30 14:00:00|210.42|211.77|209.82|210.97|1271
2021.06.30 15:00:00|210.97|211.37|210.37|210.37|1102
2021.06.30 16:00:00|210.42|212.32|210.32|211.82|1649
2021.06.30 17:00:00|211.82|212.87|211.82|211.82|1760
2021.06.30 18:00:00|211.82|211.82|209.72|210.92|1051
2021.07.01 10:00:00|211.87|213.72|211.12|213.07|2375
2021.07.01 11:00:00|213.17|214.07|212.77|213.17|1436
2021.07.01 12:00:00|213.17|213.52|212.12|212.27|1481
2021.07.01 13:00:00|212.22|212.82|210.72|210.97|1627
2021.07.01 14:00:00|210.92|212.27|210.17|211.72|1620
2021.07.01 15:00:00|211.77|212.02|210.42|210.77|1102
2021.07.01 16:00:00|210.72|211.47|210.02|210.57|1614
2021.07.01 17:00:00|210.62|211.27|209.57|211.22|1702
2021.07.01 18:00:00|211.27|211.27|210.37|210.92|586
2021.07.02 10:00:00|212.12|213.02|210.87|211.67|2715
2021.07.02 11:00:00|211.72|211.97|210.72|210.97|1532
2021.07.02 12:00:00|210.92|212.77|210.77|212.22|1275
2021.07.02 13:00:00|212.32|213.07|211.77|212.22|1041
2021.07.02 14:00:00|211.57|212.32|211.42|211.67|855
2021.07.02 15:00:00|211.72|212.57|211.42|211.67|1264
2021.07.02 16:00:00|211.72|211.87|210.82|211.07|1673
2021.07.02 17:00:00|211.07|211.67|210.77|211.17|1377
2021.07.02 18:00:00|211.12|211.22|210.62|211.22|498
2021.07.05 10:00:00|210.92|211.12|208.32|209.32|2453
2021.07.05 11:00:00|209.27|210.77|209.07|210.37|1470
2021.07.05 12:00:00|210.32|210.67|209.82|210.32|1053
2021.07.05 13:00:00|210.37|210.57|210.02|210.37|737
2021.07.05 14:00:00|210.37|211.02|209.62|210.87|707
2021.07.05 15:00:00|210.92|211.42|210.57|210.77|689
2021.07.05 16:00:00|210.77|211.52|210.72|211.12|773
2021.07.05 17:00:00|211.17|211.52|210.57|210.57|439
2021.07.05 18:00:00|210.62|211.17|210.57|211.12|260
2021.07.06 10:00:00|209.82|209.97|203.67|208.02|3465
2021.07.06 11:00:00|208.07|209.82|207.47|209.67|1916
2021.07.06 12:00:00|209.67|210.12|208.82|210.07|1569
2021.07.06 13:00:00|210.02|210.12|208.27|208.87|1470
2021.07.06 14:00:00|208.42|208.97|207.52|208.27|1084
2021.07.06 15:00:00|208.32|208.67|207.67|207.82|962
2021.07.06 16:00:00|207.77|208.27|206.47|207.02|1881
2021.07.06 17:00:00|206.97|207.02|203.27|203.42|2952
2021.07.06 18:00:00|203.37|203.62|202.22|202.82|1935
2021.07.07 10:00:00|205.62|207.17|203.92|204.17|3262
2021.07.07 11:00:00|204.12|205.42|203.92|204.47|2103
2021.07.07 12:00:00|204.42|206.27|204.17|204.42|1647
2021.07.07 13:00:00|204.47|205.12|203.02|204.87|1694
2021.07.07 14:00:00|204.82|206.17|204.37|206.12|1260
2021.07.07 15:00:00|206.12|206.77|205.62|205.72|1097
2021.07.07 16:00:00|205.67|207.07|205.22|206.32|1912
2021.07.07 17:00:00|206.32|206.37|204.02|204.77|2031
2021.07.07 18:00:00|204.77|206.02|204.57|206.02|791
2021.07.08 10:00:00|204.72|205.22|201.87|203.17|3955
2021.07.08 11:00:00|203.17|203.52|201.92|203.17|3135
2021.07.08 12:00:00|203.22|203.62|201.87|201.87|1807
2021.07.08 13:00:00|201.82|201.82|199.38|200.17|3246
2021.07.08 14:00:00|200.17|200.57|199.4|199.46|2167
2021.07.08 15:00:00|199.44|200.77|198.64|200.07|3734
2021.07.08 16:00:00|200.02|200.87|198.42|198.9|6235
2021.07.08 17:00:00|198.92|200.12|197.94|199|9463
2021.07.08 18:00:00|199.02|200.17|199.02|200.02|2335
2021.07.09 10:00:00|203.27|204.82|201.62|203.37|3257
2021.07.09 11:00:00|203.42|205.42|203.42|204.92|2078
2021.07.09 12:00:00|204.97|206.47|203.87|204.12|1722
2021.07.09 13:00:00|204.07|206.17|204.02|205.02|1568
2021.07.09 14:00:00|205.02|205.42|204.32|205.17|1193
2021.07.09 15:00:00|205.22|210.87|204.37|208.57|1976
2021.07.09 16:00:00|208.52|212.42|207.82|212.12|4435
2021.07.09 17:00:00|212.12|212.82|210.67|211.12|2801
2021.07.09 18:00:00|211.07|212.52|211.02|212.42|1092
2021.07.12 10:00:00|213.47|215.57|212.92|213.77|3073
2021.07.12 11:00:00|213.72|215.42|213.52|215.17|1441
2021.07.12 12:00:00|215.17|215.17|213.57|214.62|1085
2021.07.12 13:00:00|214.62|214.97|214.37|214.67|1009
2021.07.12 14:00:00|214.72|216.52|214.07|216.52|792
2021.07.12 15:00:00|216.57|217.42|216.27|217.27|956
2021.07.12 16:00:00|217.27|219.32|216.72|218.97|2038
2021.07.12 17:00:00|219.02|220.07|217.52|217.77|2288
2021.07.12 18:00:00|217.77|218.47|217.37|218.17|900
2021.07.13 10:00:00|219.77|219.77|217.32|218.47|2484
2021.07.13 11:00:00|218.42|218.72|216.67|217.02|1315
2021.07.13 12:00:00|216.92|217.22|215.22|215.52|1112
2021.07.13 13:00:00|215.47|216.87|215.17|215.57|1047
2021.07.13 14:00:00|215.32|218.82|215.32|216.37|1380
2021.07.13 15:00:00|216.37|216.92|215.12|216.02|1714
2021.07.13 16:00:00|215.97|217.17|215.92|217.02|1603
2021.07.13 17:00:00|217.07|217.17|213.52|213.92|1705
2021.07.13 18:00:00|213.97|215.32|213.87|214.92|639
2021.07.14 10:00:00|215.37|218.47|214.87|216.97|3185
2021.07.14 11:00:00|217.02|217.32|216.07|216.62|1498
2021.07.14 12:00:00|216.62|217.22|216.32|216.47|1015
2021.07.14 13:00:00|216.42|216.67|215.42|215.42|1001
2021.07.14 14:00:00|215.42|216.12|215.17|215.87|906
2021.07.14 15:00:00|215.77|216.72|215.72|216.47|970
2021.07.14 16:00:00|216.52|216.52|214.92|215.12|1628
2021.07.14 17:00:00|215.17|216.02|214.32|214.67|1718
2021.07.14 18:00:00|214.72|215.77|214.62|215.17|841
2021.07.15 10:00:00|214.37|214.47|210.12|210.17|2639
2021.07.15 11:00:00|210.22|211.67|209.82|211.02|1394
2021.07.15 12:00:00|211.07|211.07|209.97|210.52|1074
2021.07.15 13:00:00|210.47|211.52|209.87|210.57|1389
2021.07.15 14:00:00|210.57|211.82|209.87|210.82|1266
2021.07.15 15:00:00|210.87|210.92|210.17|210.27|1042
2021.07.15 16:00:00|210.32|210.67|209.37|210.22|1771
2021.07.15 17:00:00|210.17|210.57|209.22|209.57|1759
2021.07.15 18:00:00|209.57|210.27|208.92|210.02|961
2021.07.16 10:00:00|210.82|211.42|209.82|211.27|2124
2021.07.16 11:00:00|211.32|213.27|211.07|212.97|1319
2021.07.16 12:00:00|213.02|213.57|212.47|213.57|1383
2021.07.16 13:00:00|213.52|213.57|210.67|211.42|1552
2021.07.16 14:00:00|211.42|211.87|210.17|210.22|924
2021.07.16 15:00:00|210.22|210.32|209.82|210.07|828
2021.07.16 16:00:00|210.12|211.62|209.37|209.77|1941
2021.07.16 17:00:00|209.72|209.97|207.82|208.12|2382
2021.07.16 18:00:00|208.07|208.77|207.67|207.82|1077
2021.07.19 10:00:00|204.37|205.87|203.02|204.12|3511
2021.07.19 11:00:00|204.12|204.92|202.12|202.47|2296
2021.07.19 12:00:00|202.42|202.97|201.37|202.72|2362
2021.07.19 13:00:00|202.67|202.92|201.27|202.27|2223
2021.07.19 14:00:00|202.22|202.62|200.82|201.72|1964
2021.07.19 15:00:00|201.77|201.77|199.97|199.97|1961
2021.07.19 16:00:00|199.92|201.97|199.87|201.02|2443
2021.07.19 17:00:00|201.07|202.32|199.42|201.32|3671
2021.07.19 18:00:00|201.27|202.07|200.92|201.07|1595
2021.07.20 10:00:00|203.27|204.47|202.32|203.17|3233
2021.07.20 11:00:00|203.22|204.77|203.17|204.62|1997
2021.07.20 12:00:00|204.72|204.87|201.82|202.17|2069
2021.07.20 13:00:00|202.12|203.52|201.62|201.97|2195
2021.07.20 14:00:00|201.97|203.22|201.17|203.02|1898
2021.07.20 15:00:00|203.02|203.42|201.42|201.47|1306
2021.07.20 16:00:00|201.52|203.42|200.22|203.37|2944
2021.07.20 17:00:00|203.37|205.27|202.42|205.27|2494
2021.07.20 18:00:00|205.22|205.22|203.47|203.52|1015
2021.07.21 10:00:00|205.07|205.42|201.97|203.87|3496
2021.07.21 11:00:00|203.92|206.47|203.12|206.12|2101
2021.07.21 12:00:00|206.17|207.22|205.67|206.72|1324
2021.07.21 13:00:00|206.72|207.37|206.52|207.17|1068
2021.07.21 14:00:00|207.17|207.47|206.32|206.92|1484
2021.07.21 15:00:00|206.92|210.27|206.82|209.32|1355
2021.07.21 16:00:00|209.32|212.27|209.07|211.12|2330
2021.07.21 17:00:00|211.12|212.02|210.12|210.22|1800
2021.07.21 18:00:00|210.22|210.87|209.97|210.27|608
2021.07.22 10:00:00|212.32|213.42|211.42|212.77|2364
2021.07.22 11:00:00|212.82|212.92|211.52|212.22|1309
2021.07.22 12:00:00|212.22|212.77|211.17|212.17|1256
2021.07.22 13:00:00|212.17|212.52|211.12|211.47|1174
2021.07.22 14:00:00|211.47|211.72|209.82|210.77|1267
2021.07.22 15:00:00|210.72|211.02|209.82|210.22|1345
2021.07.22 16:00:00|210.17|210.42|208.37|208.62|2352
2021.07.22 17:00:00|208.67|209.67|208.22|208.72|1968
2021.07.22 18:00:00|208.67|208.97|208.17|208.22|611
2021.07.23 10:00:00|206.02|208.42|205.17|206.82|2841
2021.07.23 11:00:00|206.77|207.62|206.72|207.12|1500
2021.07.23 12:00:00|207.17|209.62|206.92|209.32|1319
2021.07.23 13:00:00|209.37|210.07|209.12|209.62|851
2021.07.23 14:00:00|209.57|210.62|208.72|209.72|1074
2021.07.23 15:00:00|209.77|210.57|209.42|210.12|779
2021.07.23 16:00:00|210.12|210.82|208.22|208.27|1178
2021.07.23 17:00:00|208.22|209.12|207.87|208.02|1211
2021.07.23 18:00:00|208.07|208.47|207.87|208.42|473
2021.07.26 10:00:00|205.62|206.12|204.27|205.02|2294
2021.07.26 11:00:00|204.97|205.07|202.97|203.07|1397
2021.07.26 12:00:00|203.12|205.72|202.87|205.52|941
2021.07.26 13:00:00|205.57|205.87|204.92|205.52|620
2021.07.26 14:00:00|205.37|206.07|204.82|205.87|567
2021.07.26 15:00:00|205.92|206.77|204.87|204.97|696
2021.07.26 16:00:00|204.92|206.52|204.82|206.42|1482
2021.07.26 17:00:00|206.47|206.82|205.67|206.22|1513
2021.07.26 18:00:00|206.27|206.72|206.17|206.57|513
2021.07.27 10:00:00|204.87|205.07|201.22|203.02|2731
2021.07.27 11:00:00|203.02|204.52|202.22|203.07|1947
2021.07.27 12:00:00|203.12|203.67|202.47|203.32|1148
2021.07.27 13:00:00|203.37|203.87|203.27|203.87|806
2021.07.27 14:00:00|203.87|204.82|203.37|203.97|855
2021.07.27 15:00:00|203.97|204.22|203.07|203.47|760
2021.07.27 16:00:00|203.52|203.82|201.92|202.42|2000
2021.07.27 17:00:00|202.32|203.07|201.67|203.02|2042
2021.07.27 18:00:00|202.97|203.57|202.57|202.67|669
2021.07.28 10:00:00|204.32|205.12|203.22|205.12|2129
2021.07.28 11:00:00|205.12|205.67|204.47|204.62|1472
2021.07.28 12:00:00|204.57|204.92|203.62|204.37|1126
2021.07.28 13:00:00|204.42|205.12|203.62|204.22|763
2021.07.28 14:00:00|204.22|204.47|203.12|203.42|1000
2021.07.28 15:00:00|203.42|204.07|203.22|203.77|838
2021.07.28 16:00:00|203.77|204.82|203.47|204.12|1574
2021.07.28 17:00:00|204.17|204.62|203.02|203.52|1109
2021.07.28 18:00:00|203.47|204.02|203.12|203.97|447
2021.07.29 10:00:00|204.07|204.72|199.46|202.67|3612
2021.07.29 11:00:00|202.72|204.57|202.02|203.67|1348
2021.07.29 12:00:00|203.72|204.87|203.47|204.67|1009
2021.07.29 13:00:00|204.67|206.17|204.47|205.37|1139
2021.07.29 14:00:00|205.32|206.57|204.22|206.37|1059
2021.07.29 15:00:00|206.32|207.32|205.12|205.57|1147
2021.07.29 16:00:00|205.62|205.92|204.12|205.12|1684
2021.07.29 17:00:00|205.17|207.22|205.02|206.17|1277
2021.07.29 18:00:00|206.17|207.62|206.17|206.57|639
2021.07.30 10:00:00|207.22|208.27|202.87|204.57|2699
2021.07.30 11:00:00|204.57|205.72|204.37|204.87|1436
2021.07.30 12:00:00|204.87|204.92|203.67|203.82|1855
2021.07.30 13:00:00|203.87|205.17|203.47|205.02|1468
2021.07.30 14:00:00|205.02|205.62|204.37|205.17|922
2021.07.30 15:00:00|205.07|205.77|204.87|205.42|674
2021.07.30 16:00:00|205.42|205.97|204.97|205.82|1064
2021.07.30 17:00:00|205.77|207.17|205.42|205.47|1617
2021.07.30 18:00:00|205.47|205.92|205.47|205.57|527
2021.08.02 10:00:00|208.87|210.37|206.77|208.17|3201
2021.08.02 11:00:00|208.17|209.22|207.52|208.82|1766
2021.08.02 12:00:00|208.77|209.22|207.47|207.47|1206
2021.08.02 13:00:00|207.47|207.47|206.02|206.37|1398
2021.08.02 14:00:00|206.37|207.27|205.72|206.67|1134
2021.08.02 15:00:00|206.62|207.27|206.17|206.82|877
2021.08.02 16:00:00|206.82|207.87|206.42|207.22|1533
2021.08.02 17:00:00|207.27|207.72|205.77|206.12|1728
2021.08.02 18:00:00|206.17|206.32|205.32|205.57|594
2021.08.03 10:00:00|206.57|207.72|205.07|206.22|2949
2021.08.03 11:00:00|206.22|206.42|205.22|205.47|1445
2021.08.03 12:00:00|205.42|205.67|204.72|204.97|1150
2021.08.03 13:00:00|204.92|205.67|204.77|205.47|953
2021.08.03 14:00:00|205.42|205.92|205.07|205.52|810
2021.08.03 15:00:00|205.47|205.77|204.42|204.82|1112
2021.08.03 16:00:00|204.77|205.57|203.67|203.77|1902
2021.08.03 17:00:00|203.82|204.52|203.72|204.02|2166
2021.08.03 18:00:00|203.97|205.02|203.97|204.72|942
2021.08.04 10:00:00|206.02|207.87|205.32|206.42|2591
2021.08.04 11:00:00|206.42|206.52|205.62|205.82|1155
2021.08.04 12:00:00|205.87|206.67|205.42|206.02|899
2021.08.04 13:00:00|205.97|206.27|205.57|205.62|741
2021.08.04 14:00:00|205.62|205.67|204.27|204.57|922
2021.08.04 15:00:00|204.62|205.27|204.32|204.72|1190
2021.08.04 16:00:00|204.67|204.82|203.87|204.47|1497
2021.08.04 17:00:00|204.47|205.52|204.32|204.82|1762
2021.08.04 18:00:00|204.82|205.02|203.97|204.32|570
2021.08.05 10:00:00|203.82|204.47|203.17|203.77|2275
2021.08.05 11:00:00|203.77|203.97|203.22|203.57|1107
2021.08.05 12:00:00|203.52|204.77|203.42|203.82|848
2021.08.05 13:00:00|203.77|204.42|203.42|204.02|692
2021.08.05 14:00:00|204.07|204.27|203.22|203.72|672
2021.08.05 15:00:00|203.77|204.17|203.47|203.82|553
2021.08.05 16:00:00|203.77|204.72|203.47|204.27|1224
2021.08.05 17:00:00|204.27|205.47|204.27|205.32|1206
2021.08.05 18:00:00|205.32|205.57|205.07|205.42|471
2021.08.06 10:00:00|205.77|206.37|205.22|206.17|1208
2021.08.06 11:00:00|206.17|206.52|205.67|206.17|879
2021.08.06 12:00:00|206.22|207.37|206.07|207.32|684
2021.08.06 13:00:00|207.27|207.57|206.82|207.17|571
2021.08.06 14:00:00|207.17|207.87|206.47|207.72|466
2021.08.06 15:00:00|207.77|208.52|206.82|208.52|1098
2021.08.06 16:00:00|208.57|209.07|207.57|207.82|1196
2021.08.06 17:00:00|207.82|208.67|207.52|207.87|966
2021.08.06 18:00:00|207.92|208.17|206.47|206.57|523
2021.08.09 10:00:00|205.82|206.57|205.17|205.82|1831
2021.08.09 11:00:00|205.77|205.92|204.92|205.27|1372
2021.08.09 12:00:00|205.27|205.32|204.47|204.52|789
2021.08.09 13:00:00|204.47|204.82|204.07|204.42|765
2021.08.09 14:00:00|204.12|204.62|203.32|204.27|535
2021.08.09 15:00:00|204.32|204.37|203.77|204.12|584
2021.08.09 16:00:00|204.12|204.52|203.12|204.27|1218
2021.08.09 17:00:00|204.27|204.77|203.72|204.72|1015
2021.08.09 18:00:00|204.72|205.42|204.42|205.27|332
2021.08.10 10:00:00|204.67|206.02|204.22|204.77|1654
2021.08.10 11:00:00|204.82|205.07|204.42|204.82|924
2021.08.10 12:00:00|204.77|205.27|204.32|205.02|775
2021.08.10 13:00:00|205.07|205.37|204.42|204.57|575
2021.08.10 14:00:00|204.52|205.07|204.12|204.52|497
2021.08.10 15:00:00|204.47|205.27|204.32|205.27|494
2021.08.10 16:00:00|205.22|205.47|204.52|205.12|829
2021.08.10 17:00:00|205.17|205.77|204.92|205.72|878
2021.08.10 18:00:00|205.72|206.07|205.27|205.47|372
2021.08.11 10:00:00|206.42|206.62|204.97|205.37|1832
2021.08.11 11:00:00|205.42|205.77|204.92|205.27|930
2021.08.11 12:00:00|205.27|205.72|204.87|205.27|725
2021.08.11 13:00:00|205.22|205.32|204.82|205.02|531
2021.08.11 14:00:00|204.97|205.17|204.42|204.82|423
2021.08.11 15:00:00|204.77|205.47|204.72|205.27|748
2021.08.11 16:00:00|205.27|206.12|204.57|205.57|1690
2021.08.11 17:00:00|205.62|205.82|204.67|205.37|1061
2021.08.11 18:00:00|205.37|205.52|204.67|205.17|541
2021.08.12 10:00:00|205.27|205.32|204.12|204.67|1348
2021.08.12 11:00:00|204.72|205.12|204.62|204.77|733
2021.08.12 12:00:00|204.82|206.02|204.77|206.02|718
2021.08.12 13:00:00|206.02|206.17|205.12|205.42|691
2021.08.12 14:00:00|205.37|205.97|205.22|205.32|515
2021.08.12 15:00:00|205.37|205.87|205.17|205.82|663
2021.08.12 16:00:00|205.87|206.97|205.87|206.87|964
2021.08.12 17:00:00|206.87|208.22|206.47|208.22|918
2021.08.12 18:00:00|208.22|208.72|208.22|208.32|419
2021.08.13 10:00:00|207.52|208.82|206.82|208.67|1622
2021.08.13 11:00:00|208.67|209.22|208.57|209.17|932
2021.08.13 12:00:00|209.22|209.92|209.02|209.77|919
2021.08.13 13:00:00|209.77|209.87|208.07|208.22|929
2021.08.13 14:00:00|208.17|208.52|207.82|207.82|593
2021.08.13 15:00:00|207.87|207.87|207.07|207.82|761
2021.08.13 16:00:00|207.82|207.92|206.97|207.67|1225
2021.08.13 17:00:00|207.67|207.77|206.92|207.22|865
2021.08.13 18:00:00|207.17|207.42|207.12|207.27|312
2021.08.16 10:00:00|205.67|206.02|204.17|205.32|2390
2021.08.16 11:00:00|205.32|205.67|204.37|204.42|1354
2021.08.16 12:00:00|204.47|204.92|204.27|204.52|959
2021.08.16 13:00:00|204.57|205.02|204.32|204.72|1107
2021.08.16 14:00:00|204.72|204.92|204.12|204.52|748
2021.08.16 15:00:00|204.47|204.77|204.07|204.42|692
2021.08.16 16:00:00|204.47|204.62|203.32|203.42|831
2021.08.16 17:00:00|203.42|204.47|202.22|202.52|1165
2021.08.16 18:00:00|202.57|202.87|201.87|202.82|698
2021.08.17 10:00:00|202.17|202.37|200.57|201.77|2089
2021.08.17 11:00:00|201.72|202.07|201.17|201.57|1322
2021.08.17 12:00:00|201.52|202.17|201.47|201.62|1135
2021.08.17 13:00:00|201.57|201.67|201.12|201.37|839
2021.08.17 14:00:00|200.92|201.67|200.72|201.42|701
2021.08.17 15:00:00|201.37|201.42|200.77|200.97|759
2021.08.17 16:00:00|201.02|201.17|200.22|200.27|1559
2021.08.17 17:00:00|200.22|201.22|200.02|200.72|1621
2021.08.17 18:00:00|200.67|201.02|200.07|200.07|462
2021.08.18 10:00:00|200.82|200.87|197.82|197.86|2792
2021.08.18 11:00:00|197.9|198.3|195.52|196.32|3303
2021.08.18 12:00:00|196.32|197.14|195.56|197.02|3198
2021.08.18 13:00:00|197|197.8|196.84|197.18|2524
2021.08.18 14:00:00|197.16|197.24|196.38|197.14|1411
2021.08.18 15:00:00|197.12|197.56|196.14|197.24|2148
2021.08.18 16:00:00|197.26|197.54|196.44|197.3|3622
2021.08.18 17:00:00|197.3|197.84|196.86|197.4|2849
2021.08.18 18:00:00|197.44|198.06|197.36|197.94|1204
2021.08.19 10:00:00|193.64|194.66|192.28|193.22|8838
2021.08.19 11:00:00|193.2|193.5|192.52|193.38|5302
2021.08.19 12:00:00|193.32|194.68|192.58|194.26|4840
2021.08.19 13:00:00|194.24|194.56|193.24|193.26|3890
2021.08.19 14:00:00|193.28|193.66|192.54|192.88|3031
2021.08.19 15:00:00|192.86|193.7|192.5|192.9|3407
2021.08.19 16:00:00|192.88|194.46|192.88|193.78|7027
2021.08.19 17:00:00|193.8|195.6|193.64|194.98|5618
2021.08.19 18:00:00|194.98|194.98|194.24|194.36|1823
2021.08.20 10:00:00|192.12|192.26|190.1|190.9|5552
2021.08.20 11:00:00|190.92|191.56|190.66|191.48|3464
2021.08.20 12:00:00|191.46|192.26|190.42|190.82|3623
2021.08.20 13:00:00|190.82|191.68|190.66|191.16|2852
2021.08.20 14:00:00|191.16|191.5|190.34|190.68|2144
2021.08.20 15:00:00|190.68|191.66|190.6|191.24|2200
2021.08.20 16:00:00|191.26|191.66|190.9|191.4|4048
2021.08.20 17:00:00|191.44|192.12|191.34|192.1|3761
2021.08.20 18:00:00|192.14|192.38|191.9|192.24|919
2021.08.23 10:00:00|195.5|195.76|193.34|194.04|4863
2021.08.23 11:00:00|194.04|194.48|193.34|193.5|2526
2021.08.23 12:00:00|193.5|194.38|193.38|194.06|1975
2021.08.23 13:00:00|194.02|194.58|193.86|194.38|1420
2021.08.23 14:00:00|194.38|194.4|193.7|194.1|1522
2021.08.23 15:00:00|194.06|194.54|193.9|194.08|1111
2021.08.23 16:00:00|194.06|194.54|193.52|194.36|3088
2021.08.23 17:00:00|194.34|194.78|193.98|194.78|2351
2021.08.23 18:00:00|194.76|194.88|194.42|194.52|891
2021.08.24 10:00:00|195.5|197.8|195.2|197.08|4770
2021.08.24 11:00:00|197.1|197.9|196.9|197.7|2708
2021.08.24 12:00:00|197.66|198.18|197.42|197.72|1855
2021.08.24 13:00:00|197.72|198.88|197.62|198.58|1644
2021.08.24 14:00:00|198.58|199.06|197.8|198.9|1195
2021.08.24 15:00:00|198.92|199.12|197.68|197.76|1717
2021.08.24 16:00:00|197.78|199.2|197.74|198.62|2448
2021.08.24 17:00:00|198.64|199.54|198.32|199.2|2737
2021.08.24 18:00:00|199.22|199.38|198.36|198.62|1077
2021.08.25 10:00:00|199.12|199.12|197.8|198.52|3175
2021.08.25 11:00:00|198.52|198.76|198.02|198.42|1851
2021.08.25 12:00:00|198.42|199.44|198.3|199.08|1719
2021.08.25 13:00:00|199.06|199.1|198.56|199.04|1148
2021.08.25 14:00:00|199.04|200.27|198.92|200.27|1156
2021.08.25 15:00:00|200.27|202.02|200.17|201.72|747
2021.08.25 16:00:00|201.72|201.82|200.17|200.92|1022
2021.08.25 17:00:00|200.97|201.02|199.76|199.82|755
2021.08.25 18:00:00|199.8|199.87|199.24|199.4|685
2021.08.26 10:00:00|198|199.66|197.28|199.36|6444
2021.08.26 11:00:00|199.38|200.32|198.96|199.06|2064
2021.08.26 12:00:00|199.04|199.26|198.18|198.28|2896
2021.08.26 13:00:00|198.26|198.82|198.2|198.82|1579
2021.08.26 14:00:00|198.82|199.7|198.64|199.3|1752
2021.08.26 15:00:00|199.32|199.92|199.26|199.82|1334
2021.08.26 16:00:00|199.82|200.97|199.82|200.77|1191
2021.08.26 17:00:00|200.77|201.27|199.92|199.97|1479
2021.08.26 18:00:00|199.97|200.07|199.58|199.87|858
2021.08.27 10:00:00|199.64|200.07|198.4|199.87|3467
2021.08.27 11:00:00|199.87|200.37|199.8|199.97|913
2021.08.27 12:00:00|199.92|199.92|198.9|198.94|2255
2021.08.27 13:00:00|198.94|199.26|198.7|198.9|1308
2021.08.27 14:00:00|198.9|199.26|198.28|199.12|1320
2021.08.27 15:00:00|199.08|199.24|198.82|199|1224
2021.08.27 16:00:00|199.02|200.42|199|199.97|1320
2021.08.27 17:00:00|199.92|200.52|199|200.12|1342
2021.08.27 18:00:00|200.12|200.52|199.92|199.97|370
2021.08.30 10:00:00|200.87|201.92|200.72|201.57|780
2021.08.30 11:00:00|201.62|202.02|201.52|201.97|364
2021.08.30 12:00:00|202.02|202.02|200.72|200.92|369
2021.08.30 13:00:00|200.97|201.32|200.57|200.72|351
2021.08.30 14:00:00|200.57|200.97|200.12|200.97|309
2021.08.30 15:00:00|200.92|201.37|200.72|201.32|308
2021.08.30 16:00:00|201.27|201.67|201.02|201.67|591
2021.08.30 17:00:00|201.62|201.67|201.17|201.37|441
2021.08.30 18:00:00|201.37|201.37|200.97|201.12|257
2021.08.31 10:00:00|201.82|203.62|201.42|202.12|1839
2021.08.31 11:00:00|202.07|202.27|201.42|202.22|713
2021.08.31 12:00:00|202.27|203.42|202.17|202.52|974
2021.08.31 13:00:00|202.57|202.92|200.92|201.27|1651
2021.08.31 14:00:00|201.22|201.62|200.72|200.97|1373
2021.08.31 15:00:00|200.97|201.07|199.82|200.12|934
2021.08.31 16:00:00|200.07|200.62|198.74|199.28|1531
2021.08.31 17:00:00|199.3|199.92|198.96|199.87|3822
2021.08.31 18:00:00|199.8|200.77|199.5|200.37|735
2021.09.01 10:00:00|203.67|204.07|201.82|202.97|2291
2021.09.01 11:00:00|202.97|203.07|201.57|201.87|1047
2021.09.01 12:00:00|201.87|201.92|200.12|200.42|943
2021.09.01 13:00:00|200.47|200.92|199.8|200.87|605
2021.09.01 14:00:00|200.87|201.67|200.32|201.57|671
2021.09.01 15:00:00|201.52|202.22|200.72|200.72|1109
2021.09.01 16:00:00|200.67|201.22|199.97|200.57|1448
2021.09.01 17:00:00|200.57|201.07|200.02|200.77|1262
2021.09.01 18:00:00|200.82|200.92|200.37|200.77|513
2021.09.02 10:00:00|200.92|202.17|199.76|201.97|1576
2021.09.02 11:00:00|201.97|202.87|201.77|202.07|848
2021.09.02 12:00:00|202.12|202.17|201.32|201.47|518
2021.09.02 13:00:00|201.47|201.67|200.47|200.72|692
2021.09.02 14:00:00|200.72|201.82|200.52|201.77|387
2021.09.02 15:00:00|201.77|202.72|201.67|202.52|548
2021.09.02 16:00:00|202.47|202.67|201.67|201.72|801
2021.09.02 17:00:00|201.72|203.07|201.62|202.92|759
2021.09.02 18:00:00|202.87|203.07|201.92|202.37|361
2021.09.03 10:00:00|202.17|203.22|201.37|202.57|1721
2021.09.03 11:00:00|202.57|202.82|202.17|202.67|596
2021.09.03 12:00:00|202.62|202.77|202.07|202.37|620
2021.09.03 13:00:00|202.37|203.17|202.27|202.97|451
2021.09.03 14:00:00|202.97|203.27|202.82|203.12|420
2021.09.03 15:00:00|203.12|203.82|202.62|202.87|1176
2021.09.03 16:00:00|202.92|203.27|201.02|201.47|2123
2021.09.03 17:00:00|201.42|202.12|201.07|201.87|1292
