2020.02.05 18:30:00|48.07|48.18|47.89|47.93|619
2020.02.05 19:30:00|47.94|48.02|47.86|47.91|393
2020.02.05 20:30:00|47.92|48|47.89|47.95|282
2020.02.05 21:30:00|47.94|48.33|47.94|48.2|298
2020.02.05 22:30:00|48.19|48.24|48.07|48.17|327
2020.02.06 16:30:00|47.77|48.27|47.59|48|1593
2020.02.06 17:30:00|47.99|48.28|47.97|48.14|551
2020.02.06 18:30:00|48.15|48.17|48.02|48.12|409
2020.02.06 19:30:00|48.11|48.2|48.02|48.05|344
2020.02.06 20:30:00|48.06|48.12|47.98|48.03|241
2020.02.06 21:30:00|48.03|48.18|48.02|48.07|209
2020.02.06 22:30:00|48.08|48.17|48.07|48.13|42
2020.02.07 16:30:00|48.18|48.47|47.96|48.26|1804
2020.02.07 17:30:00|48.29|48.62|48.19|48.48|817
2020.02.07 18:30:00|48.47|48.55|48.41|48.46|421
2020.02.07 19:30:00|48.45|48.5|48.42|48.48|292
2020.02.07 20:30:00|48.49|48.49|48.31|48.34|407
2020.02.07 21:30:00|48.35|48.46|48.12|48.21|250
2020.02.07 22:30:00|48.22|48.46|48.2|48.4|160
2020.02.10 16:30:00|48.1|48.18|47.8|48.01|1571
2020.02.10 17:30:00|48.01|48.04|47.8|47.94|483
2020.02.10 18:30:00|47.96|48.07|47.88|47.9|399
2020.02.10 19:30:00|47.91|47.99|47.9|47.93|248
2020.02.10 20:30:00|47.94|47.98|47.89|47.94|129
2020.02.10 21:30:00|47.94|47.99|47.92|47.96|115
2020.02.10 22:30:00|47.95|48.02|47.93|47.96|55
2020.02.11 16:30:00|48.5|48.67|48.34|48.54|1298
2020.02.11 17:30:00|48.55|48.58|48.35|48.37|440
2020.02.11 18:30:00|48.36|48.4|47.98|48.16|452
2020.02.11 19:30:00|48.14|48.4|48.12|48.27|245
2020.02.11 20:30:00|48.28|48.36|47.92|48.06|368
2020.02.11 21:30:00|48.07|48.26|48.03|48.24|334
2020.02.11 22:30:00|48.25|48.3|48.21|48.21|114
2020.02.12 16:30:00|48.49|48.66|47.96|48.01|1782
2020.02.12 17:30:00|48|48.51|47.97|48.5|1199
2020.02.12 18:30:00|48.49|48.87|48.44|48.72|539
2020.02.12 19:30:00|48.71|48.74|48.53|48.62|260
2020.02.12 20:30:00|48.62|48.71|48.57|48.57|120
2020.02.12 21:30:00|48.56|48.67|48.36|48.45|471
2020.02.12 22:30:00|48.46|48.49|48.32|48.46|272
2020.02.13 16:30:00|48.18|48.84|48.18|48.58|1748
2020.02.13 17:30:00|48.58|48.8|48.52|48.76|655
2020.02.13 18:30:00|48.77|48.84|48.51|48.71|575
2020.02.13 19:30:00|48.72|48.76|48.61|48.73|317
2020.02.13 20:30:00|48.73|48.74|48.57|48.57|374
2020.02.13 21:30:00|48.58|48.59|48.36|48.4|511
2020.02.13 22:30:00|48.4|48.63|48.36|48.63|147
2020.02.14 16:30:00|46.98|47.19|46.44|47.04|2910
2020.02.14 17:30:00|47.03|47.75|46.99|47.49|1173
2020.02.14 18:30:00|47.5|47.69|47.32|47.54|491
2020.02.14 19:30:00|47.54|47.55|46.52|46.61|522
2020.02.14 20:30:00|46.59|46.88|46.46|46.82|511
2020.02.14 21:30:00|46.82|46.97|46.56|46.61|362
2020.02.14 22:30:00|46.61|46.66|46.48|46.55|331
2020.02.18 16:30:00|45.99|46.29|45.74|45.99|1613
2020.02.18 17:30:00|45.99|46.19|45.67|45.72|878
2020.02.18 18:30:00|45.72|45.81|45.39|45.42|606
2020.02.18 19:30:00|45.43|45.53|45.28|45.33|410
2020.02.18 20:30:00|45.34|45.61|45.33|45.47|501
2020.02.18 21:30:00|45.46|45.65|45.38|45.57|352
2020.02.18 22:30:00|45.56|45.56|45.33|45.35|282
2020.02.19 16:30:00|46.23|46.3|45.82|46.13|1764
2020.02.19 17:30:00|46.14|46.35|45.98|46.13|508
2020.02.19 18:30:00|46.13|46.35|46.11|46.17|269
2020.02.19 19:30:00|46.16|46.16|45.99|46.05|397
2020.02.19 20:30:00|46.04|46.22|46.01|46.21|252
2020.02.19 21:30:00|46.22|46.27|46.08|46.15|273
2020.02.19 22:30:00|46.14|46.22|46.07|46.09|235
2020.02.20 16:30:00|46.56|46.8|46.23|46.62|1842
2020.02.20 17:30:00|46.6|46.68|46.4|46.43|874
2020.02.20 18:30:00|46.42|46.42|45.92|46.17|1635
2020.02.20 19:30:00|46.17|46.61|46.14|46.52|671
2020.02.20 20:30:00|46.53|46.63|46.46|46.57|448
2020.02.20 21:30:00|46.58|46.85|46.57|46.7|322
2020.02.20 22:30:00|46.69|46.83|46.65|46.67|222
2020.02.21 16:30:00|46.1|46.23|45.26|45.48|2474
2020.02.21 17:30:00|45.47|45.51|45.05|45.36|871
2020.02.21 18:30:00|45.38|45.38|45.2|45.23|356
2020.02.21 19:30:00|45.24|45.33|45.09|45.12|492
2020.02.21 20:30:00|45.13|45.13|44.69|44.87|1022
2020.02.21 21:30:00|44.86|44.86|44.34|44.49|978
2020.02.21 22:30:00|44.48|44.65|44.44|44.52|267
2020.02.24 16:30:00|42.3|43.41|42.3|42.43|2580
2020.02.24 17:30:00|42.43|42.68|42.23|42.49|1177
2020.02.24 18:30:00|42.5|42.52|41.91|41.94|1059
2020.02.24 19:30:00|41.93|42.18|41.8|42.16|966
2020.02.24 20:30:00|42.16|42.36|42.07|42.23|887
2020.02.24 21:30:00|42.22|42.35|42.07|42.19|856
2020.02.24 22:30:00|42.17|42.17|42.01|42.02|481
2020.02.25 16:30:00|42.47|42.57|40.96|40.99|4157
2020.02.25 17:30:00|40.98|41.12|40.44|40.61|3072
2020.02.25 18:30:00|40.6|40.83|40.2|40.2|1551
2020.02.25 19:30:00|40.2|40.52|39.92|40.25|1548
2020.02.25 20:30:00|40.26|40.28|39.83|39.94|1926
2020.02.25 21:30:00|39.95|40.3|39.8|39.99|2537
2020.02.25 22:30:00|39.98|40.17|39.8|40.05|1199
2020.02.26 16:30:00|40.44|41.34|40.38|41.2|4511
2020.02.26 17:30:00|41.21|41.66|41.19|41.62|1502
2020.02.26 18:30:00|41.61|41.75|41.35|41.45|1616
2020.02.26 19:30:00|41.46|41.59|41.33|41.45|1095
2020.02.26 20:30:00|41.44|41.47|41.08|41.35|1810
2020.02.26 21:30:00|41.36|41.72|41.3|41.57|1401
2020.02.26 22:30:00|41.57|41.62|41.42|41.49|425
2020.02.27 16:30:00|40.13|40.93|40.02|40.43|3944
2020.02.27 17:30:00|40.44|40.78|40.01|40.48|2071
2020.02.27 18:30:00|40.47|41.09|40.35|40.99|1995
2020.02.27 19:30:00|40.98|41.28|40.81|40.95|1605
2020.02.27 20:30:00|40.93|40.96|40.35|40.62|2687
2020.02.27 21:30:00|40.62|40.67|40.45|40.45|1323
2020.02.27 22:30:00|40.45|40.51|40.09|40.18|679
2020.02.28 16:30:00|39.01|39.96|38.9|39.09|4385
2020.02.28 17:30:00|39.09|39.96|39.06|39.96|2682
2020.02.28 18:30:00|39.97|40.65|39.93|40.2|2982
2020.02.28 19:30:00|40.2|40.66|40.15|40.27|2378
2020.02.28 20:30:00|40.27|40.33|39.77|40.02|2220
2020.02.28 21:30:00|40.02|40.45|39.94|39.97|3547
2020.02.28 22:30:00|39.97|40.51|39.96|40.45|1532
2020.03.02 16:30:00|40.79|40.86|39.99|40.36|3594
2020.03.02 17:30:00|40.36|41.08|40.24|41.02|2995
2020.03.02 18:30:00|41.03|41.23|40.65|40.79|1917
2020.03.02 19:30:00|40.8|40.84|40.36|40.49|1298
2020.03.02 20:30:00|40.5|40.88|40.43|40.53|1623
2020.03.02 21:30:00|40.53|40.69|40.27|40.61|1966
2020.03.02 22:30:00|40.62|40.85|40.52|40.82|1188
2020.03.03 16:30:00|41.11|41.73|40.7|41.2|4610
2020.03.03 17:30:00|41.2|41.49|40.37|40.47|4313
2020.03.03 18:30:00|40.47|41.03|40.43|40.78|2851
2020.03.03 19:30:00|40.78|40.8|39.66|39.87|2692
2020.03.03 20:30:00|39.86|39.99|39.17|39.42|3642
2020.03.03 21:30:00|39.41|40.16|39.35|40.13|3155
2020.03.03 22:30:00|40.12|40.12|39.65|39.76|1922
2020.03.04 16:30:00|40.64|40.68|40.06|40.26|2216
2020.03.04 17:30:00|40.26|40.35|39.98|40.25|1024
2020.03.04 18:30:00|40.27|40.28|39.99|40.25|1019
2020.03.04 19:30:00|40.27|40.88|40.26|40.86|698
2020.03.04 20:30:00|40.87|40.96|40.74|40.84|495
2020.03.04 21:30:00|40.85|41.08|40.8|41.06|667
2020.03.04 22:30:00|41.06|41.34|40.99|41.34|617
2020.03.05 16:30:00|40.26|40.88|40.22|40.69|2869
2020.03.05 17:30:00|40.68|40.76|40.43|40.7|2184
2020.03.05 18:30:00|40.71|40.81|40.17|40.3|1459
2020.03.05 19:30:00|40.29|40.35|39.97|40.26|2224
2020.03.05 20:30:00|40.27|40.4|40.15|40.19|1715
2020.03.05 21:30:00|40.2|40.34|40.03|40.1|1845
2020.03.05 22:30:00|40.11|40.48|40.11|40.44|1588
2020.03.06 16:30:00|38.92|39.48|38.67|39.47|4780
2020.03.06 17:30:00|39.46|39.61|39.01|39.07|2258
2020.03.06 18:30:00|39.08|39.19|38.92|38.97|2179
2020.03.06 19:30:00|38.96|39.52|38.95|39.43|2126
2020.03.06 20:30:00|39.42|39.54|39.03|39.13|1942
2020.03.06 21:30:00|39.14|39.14|38.75|38.94|2697
2020.03.06 22:30:00|38.94|39.53|38.87|39.52|2497
2020.03.09 15:30:00|34.22|34.74|33.21|34.42|2420
2020.03.09 16:30:00|34.44|34.66|33.52|33.88|2171
2020.03.09 17:30:00|33.85|34.52|33.75|33.9|1478
2020.03.09 18:30:00|33.91|34.11|33.8|33.89|1218
2020.03.09 19:30:00|33.86|33.98|33.38|33.6|1093
2020.03.09 20:30:00|33.59|34.22|33.49|34.03|1688
2020.03.09 21:30:00|34.02|34.59|33.88|34.51|974
2020.03.10 15:30:00|37.81|37.96|36.52|36.68|2442
2020.03.10 16:30:00|36.67|36.79|35.83|35.83|1946
2020.03.10 17:30:00|35.8|36.38|35.62|36.02|1568
2020.03.10 18:30:00|36.02|36.79|35.89|36.59|1511
2020.03.10 19:30:00|36.6|36.66|36.11|36.38|1542
2020.03.10 20:30:00|36.38|36.69|36.33|36.53|1866
2020.03.10 21:30:00|36.54|36.86|36.45|36.81|611
2020.03.11 15:30:00|35.49|36.28|35.4|36.15|4012
2020.03.11 16:30:00|36.15|36.46|36.04|36.16|2908
2020.03.11 17:30:00|36.17|36.32|36|36.16|2116
2020.03.11 18:30:00|36.15|36.19|35.77|36.05|2123
2020.03.11 19:30:00|36.05|36.1|35.49|35.55|1738
2020.03.11 20:30:00|35.54|35.72|35.11|35.36|3013
2020.03.11 21:30:00|35.35|36.03|35.33|35.92|2196
2020.03.12 15:30:00|32.52|33.96|32.4|33.4|2300
2020.03.12 16:30:00|33.41|33.65|32.52|32.61|1897
2020.03.12 17:30:00|32.62|33.04|31.99|32.64|1004
2020.03.12 18:30:00|32.63|33.69|32.6|33.44|1295
2020.03.12 19:30:00|33.43|33.66|33.04|33.19|1273
2020.03.12 20:30:00|33.19|33.19|32.21|32.24|1085
2020.03.12 21:30:00|32.23|32.37|31.98|32.08|654
2020.03.13 15:30:00|35.09|35.1|33.5|34.45|2741
2020.03.13 16:30:00|34.45|34.46|33.59|33.59|1453
2020.03.13 17:30:00|33.56|33.68|32.99|33.07|1014
2020.03.13 18:30:00|33.06|34.04|33.05|33.86|1156
2020.03.13 19:30:00|33.85|34.98|33.85|34.25|1260
2020.03.13 20:30:00|34.26|34.47|33.78|33.9|1276
2020.03.13 21:30:00|33.91|34.03|33.61|33.8|873
2020.03.16 15:30:00|30.55|31.25|29.88|30.15|2410
2020.03.16 16:30:00|30.16|32.07|30.16|32.02|4409
2020.03.16 17:30:00|32.02|32.47|31.8|32.13|2098
2020.03.16 18:30:00|32.14|32.19|31.38|31.75|1486
2020.03.16 19:30:00|31.74|31.79|30.69|30.94|972
2020.03.16 20:30:00|30.93|31.56|30.82|31.24|1822
2020.03.16 21:30:00|31.23|31.23|30.73|30.79|740
2020.03.17 15:30:00|31.15|31.29|30|31.28|3460
2020.03.17 16:30:00|31.29|33.18|31.28|32.38|2878
2020.03.17 17:30:00|32.38|33.29|32.09|33.21|1593
2020.03.17 18:30:00|33.21|33.26|31.83|32.05|1375
2020.03.17 19:30:00|32.06|32.39|31.82|31.86|1761
2020.03.17 20:30:00|31.87|32.01|31.37|31.57|1601
2020.03.17 21:30:00|31.58|31.92|31.31|31.62|778
2020.03.18 15:30:00|28.27|30.25|28.19|29.83|3662
2020.03.18 16:30:00|29.82|29.83|28.77|28.95|2219
2020.03.18 17:30:00|28.98|29.44|28.55|28.95|1559
2020.03.18 18:30:00|28.96|28.97|27.87|28.23|854
2020.03.18 19:30:00|28.24|28.41|27.96|28.08|1274
2020.03.18 20:30:00|28.08|29.11|27.98|28.74|1348
2020.03.18 21:30:00|28.71|28.93|28.36|28.84|809
2020.03.19 15:30:00|28.87|29.39|28.11|29.3|3230
2020.03.19 16:30:00|29.29|30.81|29.18|30.78|2000
2020.03.19 17:30:00|30.79|31.28|30.24|30.45|1712
2020.03.19 18:30:00|30.45|30.68|30.11|30.44|1254
2020.03.19 19:30:00|30.43|31.09|30.42|30.74|1162
2020.03.19 20:30:00|30.75|30.88|30.31|30.62|1365
2020.03.19 21:30:00|30.64|30.87|30.52|30.57|805
2020.03.20 15:30:00|31.17|31.37|30.21|31.09|5345
2020.03.20 16:30:00|31.08|31.54|30.35|30.78|3661
2020.03.20 17:30:00|30.78|30.96|29.61|29.73|2566
2020.03.20 18:30:00|29.73|30.49|29.73|29.98|2112
2020.03.20 19:30:00|29.99|30.36|29.68|29.85|1833
2020.03.20 20:30:00|29.89|30.1|29.6|30.04|2403
2020.03.20 21:30:00|30.07|30.14|29.69|29.73|1970
2020.03.23 15:30:00|30.28|30.49|29.13|29.18|5088
2020.03.23 16:30:00|29.18|29.34|28.6|28.74|3796
2020.03.23 17:30:00|28.73|28.99|28.22|28.76|2778
2020.03.23 18:30:00|28.77|29.76|28.58|29.25|2377
2020.03.23 19:30:00|29.24|29.57|28.88|29.22|2398
2020.03.23 20:30:00|29.26|29.38|28.77|28.89|2759
2020.03.23 21:30:00|28.9|29.34|28.7|29.07|1584
2020.03.24 15:30:00|30.64|31.73|30.56|31.55|4427
2020.03.24 16:30:00|31.55|31.63|30.9|31.28|3406
2020.03.24 17:30:00|31.29|31.91|30.96|31.91|1846
2020.03.24 18:30:00|31.91|32.11|31.27|31.43|1632
2020.03.24 19:30:00|31.41|31.67|31|31.43|1783
2020.03.24 20:30:00|31.42|31.72|31.33|31.54|1944
2020.03.24 21:30:00|31.54|31.92|31.51|31.82|1090
2020.03.25 15:30:00|31.66|32.76|31.6|32.02|6371
2020.03.25 16:30:00|32.02|32.48|31.92|32.35|4545
2020.03.25 17:30:00|32.35|33.78|32.18|33.72|2599
2020.03.25 18:30:00|33.71|33.86|33.12|33.73|1829
2020.03.25 19:30:00|33.73|34.38|33.21|33.76|1774
2020.03.25 20:30:00|33.76|34.16|33.55|33.96|2362
2020.03.25 21:30:00|33.97|34.19|33.33|33.36|1809
2020.03.26 15:30:00|33.3|34.01|32.89|33.54|5578
2020.03.26 16:30:00|33.55|33.84|33.19|33.58|3963
2020.03.26 17:30:00|33.58|33.91|33.23|33.85|1822
2020.03.26 18:30:00|33.85|34.05|33.69|33.83|1227
2020.03.26 19:30:00|33.82|34.37|33.69|34.26|1314
2020.03.26 20:30:00|34.29|34.4|34.06|34.26|1053
2020.03.26 21:30:00|34.27|34.83|34.06|34.77|1214
2020.03.27 15:30:00|32.9|32.99|32.34|32.65|4044
2020.03.27 16:30:00|32.65|32.9|32.45|32.73|2073
2020.03.27 17:30:00|32.72|32.88|32.46|32.8|1316
2020.03.27 18:30:00|32.79|33.19|32.78|32.89|947
2020.03.27 19:30:00|32.88|33.63|32.88|33.56|1391
2020.03.27 20:30:00|33.56|33.73|33.4|33.59|1308
2020.03.27 21:30:00|33.6|33.61|32.9|32.93|1496
2020.03.30 16:30:00|33.34|33.42|32.73|33.24|3640
2020.03.30 17:30:00|33.22|33.39|33.06|33.36|2046
2020.03.30 18:30:00|33.39|33.46|33|33.3|1208
2020.03.30 19:30:00|33.28|33.52|33.18|33.19|1036
2020.03.30 20:30:00|33.18|33.73|33.13|33.49|1086
2020.03.30 21:30:00|33.49|33.71|33.46|33.57|917
2020.03.30 22:30:00|33.59|33.88|33.58|33.82|915
2020.03.31 16:30:00|33.81|34.49|33.79|34.39|2398
2020.03.31 17:30:00|34.4|34.76|34.3|34.73|2305
2020.03.31 18:30:00|34.75|35.17|34.61|34.72|1204
2020.03.31 19:30:00|34.76|34.95|34.65|34.86|1480
2020.03.31 20:30:00|34.84|34.92|34.4|34.71|1340
2020.03.31 21:30:00|34.71|34.77|34.07|34.1|1455
2020.03.31 22:30:00|34.11|34.43|33.9|33.98|1154
2020.04.01 16:30:00|33.12|33.3|32.75|33.21|2661
2020.04.01 17:30:00|33.22|33.43|33.03|33.05|1832
2020.04.01 18:30:00|33.04|33.2|32.11|32.55|1381
2020.04.01 19:30:00|32.58|32.66|32.22|32.28|936
2020.04.01 20:30:00|32.28|32.45|32.02|32.17|1266
2020.04.01 21:30:00|32.17|32.25|32.02|32.05|1260
2020.04.01 22:30:00|32.06|32.43|32.01|32.38|1067
2020.04.02 16:30:00|32.42|32.77|32.09|32.09|2879
2020.04.02 17:30:00|32.11|33.04|32.08|32.85|4717
2020.04.02 18:30:00|32.84|33.15|32.83|32.98|1425
2020.04.02 19:30:00|32.97|33.02|32.49|32.49|1208
2020.04.02 20:30:00|32.46|32.49|31.8|32|1338
2020.04.02 21:30:00|31.99|32.38|31.9|32.24|1736
2020.04.02 22:30:00|32.25|32.71|32.17|32.53|971
2020.04.03 16:30:00|33.21|33.48|32.67|32.76|2897
2020.04.03 17:30:00|32.77|32.89|32.54|32.61|2249
2020.04.03 18:30:00|32.6|32.62|32.15|32.23|1142
2020.04.03 19:30:00|32.22|32.55|32.16|32.38|1084
2020.04.03 20:30:00|32.36|32.53|32.04|32.14|1018
2020.04.03 21:30:00|32.14|32.3|32.03|32.28|1252
2020.04.03 22:30:00|32.27|32.43|32.16|32.33|941
2020.04.06 16:30:00|33.57|34.09|33.41|33.99|2474
2020.04.06 17:30:00|34|34.21|33.71|33.81|1340
2020.04.06 18:30:00|33.82|34.19|33.68|33.95|1124
2020.04.06 19:30:00|33.94|33.96|33.48|33.6|822
2020.04.06 20:30:00|33.59|33.83|33.54|33.73|566
2020.04.06 21:30:00|33.73|33.85|33.59|33.81|644
2020.04.06 22:30:00|33.81|33.98|33.73|33.85|479
2020.04.07 16:30:00|35.49|35.63|34.87|34.96|3176
2020.04.07 17:30:00|34.96|35.19|34.76|35.17|2023
2020.04.07 18:30:00|35.17|35.54|34.98|35.4|1018
2020.04.07 19:30:00|35.39|35.67|35.2|35.67|1061
2020.04.07 20:30:00|35.68|35.73|34.97|35.09|1155
2020.04.07 21:30:00|35.09|35.15|34.42|34.74|1298
2020.04.07 22:30:00|34.75|34.84|34.42|34.42|1019
2020.04.08 16:30:00|35.31|35.5|34.87|35.46|2487
2020.04.08 17:30:00|35.47|36.01|35.43|35.93|1578
2020.04.08 18:30:00|35.93|36.16|35.63|35.69|983
2020.04.08 19:30:00|35.7|35.76|35.39|35.45|867
2020.04.08 20:30:00|35.46|35.61|35.2|35.56|941
2020.04.08 21:30:00|35.57|35.93|35.53|35.75|729
2020.04.08 22:30:00|35.74|36|35.71|35.89|848
2020.04.09 16:30:00|36.5|36.73|36.07|36.32|3553
2020.04.09 17:30:00|36.32|36.83|36.17|36.44|3262
2020.04.09 18:30:00|36.43|36.8|36.35|36.43|961
2020.04.09 19:30:00|36.44|36.76|36.3|36.63|812
2020.04.09 20:30:00|36.63|36.65|36.09|36.1|1400
2020.04.09 21:30:00|36.09|36.29|35.61|36.06|1300
2020.04.09 22:30:00|36.07|36.15|35.87|36.09|562
2020.04.13 16:30:00|35.99|36.28|35.83|35.99|2730
2020.04.13 17:30:00|36|36.18|35.76|36.05|1599
2020.04.13 18:30:00|36.07|36.26|35.94|36.12|675
2020.04.13 19:30:00|36.11|36.19|35.94|36.07|633
2020.04.13 20:30:00|36.06|36.37|36.02|36.26|666
2020.04.13 21:30:00|36.25|36.47|36.05|36.31|900
2020.04.13 22:30:00|36.32|36.74|36.32|36.66|834
2020.04.14 16:30:00|37.19|37.99|37.09|37.93|2344
2020.04.14 17:30:00|37.93|38.17|37.46|37.61|2374
2020.04.14 18:30:00|37.62|37.84|37.54|37.72|871
2020.04.14 19:30:00|37.73|37.86|37.35|37.36|564
2020.04.14 20:30:00|37.38|37.52|37.1|37.1|580
2020.04.14 21:30:00|37.11|37.22|36.92|37.02|628
2020.04.14 22:30:00|37.03|37.07|36.78|36.82|423
2020.04.15 16:30:00|35.22|35.35|34.75|34.8|2066
2020.04.15 17:30:00|34.79|35.01|34.35|34.45|1294
2020.04.15 18:30:00|34.46|34.56|34.37|34.5|846
2020.04.15 19:30:00|34.5|34.74|34.45|34.71|782
2020.04.15 20:30:00|34.71|34.88|34.47|34.57|850
2020.04.15 21:30:00|34.57|34.88|34.5|34.62|834
2020.04.15 22:30:00|34.61|34.91|34.57|34.83|678
2020.04.16 16:30:00|35.37|35.42|34.6|34.91|1994
2020.04.16 17:30:00|34.92|35.48|34.92|35.4|1386
2020.04.16 18:30:00|35.4|35.59|34.92|34.94|1149
2020.04.16 19:30:00|34.94|34.95|34.72|34.95|948
2020.04.16 20:30:00|34.94|35|34.77|34.89|645
2020.04.16 21:30:00|34.88|34.92|34.78|34.9|563
2020.04.16 22:30:00|34.91|35.04|34.9|34.93|440
2020.04.17 16:30:00|35.77|35.94|35.38|35.76|2045
2020.04.17 17:30:00|35.75|35.77|35.38|35.42|1143
2020.04.17 18:30:00|35.42|35.5|35.22|35.43|785
2020.04.17 19:30:00|35.44|35.97|35.43|35.94|857
2020.04.17 20:30:00|35.93|36.18|35.84|36.09|992
2020.04.17 21:30:00|36.09|36.11|35.85|36.09|598
2020.04.17 22:30:00|36.11|36.64|36.11|36.58|528
2020.04.20 16:30:00|35.87|36.81|35.87|36.48|2353
2020.04.20 17:30:00|36.49|36.66|36.4|36.54|1599
2020.04.20 18:30:00|36.54|36.94|36.5|36.85|861
2020.04.20 19:30:00|36.86|37.04|36.56|36.6|556
2020.04.20 20:30:00|36.59|36.86|36.11|36.13|659
2020.04.20 21:30:00|36.14|36.17|35.21|35.51|1089
2020.04.20 22:30:00|35.52|35.57|35.22|35.36|454
2020.04.21 16:30:00|34.21|34.8|33.92|34.79|2429
2020.04.21 17:30:00|34.79|34.8|34.12|34.26|2323
2020.04.21 18:30:00|34.25|34.48|33.94|33.94|1201
2020.04.21 19:30:00|33.96|34.25|33.75|34.22|1136
2020.04.21 20:30:00|34.22|34.36|33.97|34.28|1054
2020.04.21 21:30:00|34.29|34.31|33.78|33.98|963
2020.04.21 22:30:00|33.97|34.25|33.85|33.98|466
2020.04.22 16:30:00|34.97|35.07|34.47|34.84|2614
2020.04.22 17:30:00|34.85|34.91|34.65|34.76|1453
2020.04.22 18:30:00|34.76|34.95|34.66|34.69|707
2020.04.22 19:30:00|34.68|35.01|34.65|34.97|451
2020.04.22 20:30:00|34.98|34.99|34.65|34.81|581
2020.04.22 21:30:00|34.8|34.96|34.79|34.85|449
2020.04.22 22:30:00|34.86|34.96|34.81|34.9|200
2020.04.23 16:30:00|35.29|35.66|35.23|35.61|1573
2020.04.23 17:30:00|35.62|35.7|35.54|35.6|874
2020.04.23 18:30:00|35.61|35.63|35.33|35.49|542
2020.04.23 19:30:00|35.49|35.53|34.99|35.21|951
2020.04.23 20:30:00|35.2|35.36|34.9|35.22|715
2020.04.23 21:30:00|35.22|35.4|35.16|35.27|609
2020.04.23 22:30:00|35.26|35.33|35.2|35.2|431
2020.04.24 16:30:00|35.53|35.7|35.04|35.08|1643
2020.04.24 17:30:00|35.08|35.32|34.96|35.09|953
2020.04.24 18:30:00|35.09|35.32|35.04|35.32|548
2020.04.24 19:30:00|35.32|35.49|35.26|35.43|415
2020.04.24 20:30:00|35.42|35.74|35.39|35.71|436
2020.04.24 21:30:00|35.7|35.97|35.7|35.94|614
2020.04.24 22:30:00|35.96|36|35.85|35.96|347
2020.04.27 16:30:00|36|36.23|35.89|36.18|1680
2020.04.27 17:30:00|36.19|36.38|36.05|36.21|1311
2020.04.27 18:30:00|36.22|36.5|36.16|36.46|767
2020.04.27 19:30:00|36.47|36.54|36.23|36.37|593
2020.04.27 20:30:00|36.36|36.56|36.32|36.56|441
2020.04.27 21:30:00|36.56|36.75|36.46|36.69|365
2020.04.27 22:30:00|36.69|36.94|36.64|36.89|278
2020.04.28 16:30:00|38.13|38.39|36.94|36.97|2941
2020.04.28 17:30:00|36.98|37.28|36.53|36.96|2029
2020.04.28 18:30:00|36.97|37.23|36.78|36.84|851
2020.04.28 19:30:00|36.84|37.18|36.75|37.09|528
2020.04.28 20:30:00|37.09|37.57|37.09|37.47|457
2020.04.28 21:30:00|37.49|37.72|37.39|37.63|679
2020.04.28 22:30:00|37.63|37.73|37.5|37.55|792
2020.04.29 16:30:00|38.19|39.09|38.14|38.7|2004
2020.04.29 17:30:00|38.71|39.04|38.47|39.01|1006
2020.04.29 18:30:00|39.01|39.32|38.88|39.23|581
2020.04.29 19:30:00|39.23|39.32|39.04|39.27|235
2020.04.29 20:30:00|39.28|39.52|39.26|39.46|585
2020.04.29 21:30:00|39.47|39.68|39.33|39.62|579
2020.04.29 22:30:00|39.63|39.75|39.56|39.56|235
2020.04.30 16:30:00|38.95|39.17|38.56|38.69|2769
2020.04.30 17:30:00|38.67|38.78|38.45|38.45|2043
2020.04.30 18:30:00|38.46|38.55|38.17|38.23|968
2020.04.30 19:30:00|38.22|38.24|37.63|37.72|743
2020.04.30 20:30:00|37.71|37.71|37.48|37.56|455
2020.04.30 21:30:00|37.57|37.64|37.31|37.62|449
2020.04.30 22:30:00|37.63|37.87|37.42|37.72|464
2020.05.01 16:30:00|37.32|37.64|37.07|37.26|1109
2020.05.01 17:30:00|37.26|37.39|36.99|37.07|557
2020.05.01 18:30:00|37.06|37.06|36.61|36.61|665
2020.05.01 19:30:00|36.61|36.97|36.59|36.73|611
2020.05.01 20:30:00|36.72|37.1|36.69|37.04|652
2020.05.01 21:30:00|37.04|37.32|36.85|37.27|610
2020.05.01 22:30:00|37.28|37.38|37.2|37.36|306
2020.05.04 16:30:00|37.34|37.87|37.07|37.64|1753
2020.05.04 17:30:00|37.64|37.74|37.38|37.46|991
2020.05.04 18:30:00|37.48|37.58|37.34|37.47|473
2020.05.04 19:30:00|37.46|37.53|37.27|37.34|352
2020.05.04 20:30:00|37.35|37.42|37.28|37.31|270
2020.05.04 21:30:00|37.3|37.79|37.3|37.75|416
2020.05.04 22:30:00|37.76|37.99|37.74|37.97|309
2020.05.05 16:30:00|38.32|38.84|38.18|38.47|1517
2020.05.05 17:30:00|38.49|38.56|38.42|38.44|880
2020.05.05 18:30:00|38.45|38.68|38.41|38.6|457
2020.05.05 19:30:00|38.62|38.62|38.26|38.3|553
2020.05.05 20:30:00|38.31|38.37|38.25|38.36|401
2020.05.05 21:30:00|38.37|38.56|38.34|38.35|493
2020.05.05 22:30:00|38.35|38.62|38.22|38.34|486
2020.05.06 16:30:00|38.37|38.59|37.88|38.22|1890
2020.05.06 17:30:00|38.25|38.54|38.21|38.29|1639
2020.05.06 18:30:00|38.28|38.54|38.22|38.49|845
2020.05.06 19:30:00|38.5|38.58|38.41|38.51|533
2020.05.06 20:30:00|38.52|38.72|38.5|38.67|746
2020.05.06 21:30:00|38.68|38.79|38.65|38.71|784
2020.05.06 22:30:00|38.7|38.71|38.46|38.47|375
2020.05.07 16:30:00|39.07|39.12|38.77|38.98|1537
2020.05.07 17:30:00|38.99|39.42|38.99|39.36|1139
2020.05.07 18:30:00|39.35|39.77|39.33|39.77|552
2020.05.07 19:30:00|39.78|40.25|39.78|40.2|392
2020.05.07 20:30:00|40.21|40.54|40.16|40.51|459
2020.05.07 21:30:00|40.52|40.57|40.33|40.34|355
2020.05.07 22:30:00|40.33|40.34|40.15|40.29|287
2020.05.08 16:30:00|40.56|40.77|40.31|40.47|1386
2020.05.08 17:30:00|40.48|40.63|40.25|40.33|693
2020.05.08 18:30:00|40.33|40.65|40.31|40.6|508
2020.05.08 19:30:00|40.61|40.71|40.58|40.6|298
2020.05.08 20:30:00|40.62|40.62|40.34|40.57|426
2020.05.08 21:30:00|40.56|40.65|40.51|40.62|276
2020.05.08 22:30:00|40.61|40.75|40.61|40.69|230
2020.05.11 16:30:00|40.27|40.33|39.71|39.83|895
2020.05.11 17:30:00|39.82|40.05|39.76|39.94|833
2020.05.11 18:30:00|39.95|40.17|39.94|40.1|435
2020.05.11 19:30:00|40.09|40.2|40.06|40.14|279
2020.05.11 20:30:00|40.15|40.16|40.03|40.12|355
2020.05.11 21:30:00|40.11|40.41|40.11|40.28|531
2020.05.11 22:30:00|40.27|40.36|40.13|40.13|335
2020.05.12 16:30:00|40.42|40.47|39.93|40.18|1525
2020.05.12 17:30:00|40.18|40.69|40.16|40.58|1347
2020.05.12 18:30:00|40.59|40.75|40.54|40.74|626
2020.05.12 19:30:00|40.75|40.81|40.26|40.28|530
2020.05.12 20:30:00|40.27|40.4|40.15|40.4|612
2020.05.12 21:30:00|40.39|40.42|39.98|40.01|674
2020.05.12 22:30:00|40.02|40.05|39.67|39.96|534
2020.05.13 16:30:00|40.06|40.14|39.4|39.67|1770
2020.05.13 17:30:00|39.67|39.86|39.11|39.24|1402
2020.05.13 18:30:00|39.23|39.32|38.36|38.57|1270
2020.05.13 19:30:00|38.59|38.76|38.32|38.49|698
2020.05.13 20:30:00|38.47|38.67|38.32|38.44|611
2020.05.13 21:30:00|38.45|38.49|38.16|38.31|784
2020.05.13 22:30:00|38.3|38.79|38.25|38.72|571
2020.05.14 16:30:00|38.28|38.31|37.4|37.64|1977
2020.05.14 17:30:00|37.64|38.43|37.57|38.16|1688
2020.05.14 18:30:00|38.17|38.31|37.89|38.01|1036
2020.05.14 19:30:00|38.03|38.27|37.96|38.25|609
2020.05.14 20:30:00|38.24|38.42|38.15|38.41|526
2020.05.14 21:30:00|38.42|38.56|38.21|38.52|714
2020.05.14 22:30:00|38.53|38.79|38.48|38.79|489
2020.05.15 16:30:00|38.23|38.67|37.87|38.58|2005
2020.05.15 17:30:00|38.57|38.67|38.29|38.42|1363
2020.05.15 18:30:00|38.41|38.73|38.33|38.67|739
2020.05.15 19:30:00|38.66|38.85|38.59|38.7|635
2020.05.15 20:30:00|38.69|38.87|38.56|38.86|601
2020.05.15 21:30:00|38.85|39.04|38.64|38.96|721
2020.05.15 22:30:00|38.95|38.99|38.89|38.94|194
2020.05.18 16:30:00|39.99|40.38|39.96|40.13|1786
2020.05.18 17:30:00|40.13|40.5|40.12|40.47|898
2020.05.18 18:30:00|40.48|40.49|40.25|40.46|756
2020.05.18 19:30:00|40.45|40.55|40.41|40.47|440
2020.05.18 20:30:00|40.48|40.72|40.43|40.71|512
2020.05.18 21:30:00|40.71|40.82|40.66|40.74|506
2020.05.18 22:30:00|40.74|40.95|40.74|40.87|196
2020.05.19 16:30:00|40.62|40.83|40.39|40.72|1568
2020.05.19 17:30:00|40.73|40.83|40.5|40.8|962
2020.05.19 18:30:00|40.79|41.11|40.79|41.04|594
2020.05.19 19:30:00|41.02|41.22|40.95|41.17|380
2020.05.19 20:30:00|41.17|41.21|41.01|41.04|436
2020.05.19 21:30:00|41.03|41.1|40.63|40.83|917
2020.05.19 22:30:00|40.82|40.86|40.62|40.64|499
2020.05.20 16:30:00|41.66|41.73|41.31|41.58|1707
2020.05.20 17:30:00|41.59|41.69|41.5|41.64|920
2020.05.20 18:30:00|41.65|41.66|41|41.15|565
2020.05.20 19:30:00|41.16|41.37|41.11|41.32|674
2020.05.20 20:30:00|41.33|41.5|41.22|41.36|500
2020.05.20 21:30:00|41.35|41.41|41.13|41.28|451
2020.05.20 22:30:00|41.27|41.37|41.14|41.25|279
2020.05.21 16:30:00|41.49|41.49|41.06|41.1|1303
2020.05.21 17:30:00|41.08|41.09|40.63|40.78|1343
2020.05.21 18:30:00|40.78|41.04|40.64|40.65|663
2020.05.21 19:30:00|40.63|40.98|40.56|40.91|927
2020.05.21 20:30:00|40.92|40.95|40.8|40.91|517
2020.05.21 21:30:00|40.92|40.92|40.62|40.74|639
2020.05.21 22:30:00|40.73|40.76|40.53|40.59|394
2020.05.22 16:30:00|40.52|40.6|40.11|40.28|1560
2020.05.22 17:30:00|40.29|40.43|40.25|40.38|877
2020.05.22 18:30:00|40.39|40.42|40.23|40.39|329
2020.05.22 19:30:00|40.4|40.49|40.32|40.4|428
2020.05.22 20:30:00|40.39|40.44|40.26|40.39|406
2020.05.22 21:30:00|40.39|40.42|40.23|40.29|433
2020.05.22 22:30:00|40.28|40.35|40.19|40.22|225
2020.05.26 16:30:00|41.53|41.72|41.19|41.4|1800
2020.05.26 17:30:00|41.39|41.56|41.12|41.2|1492
2020.05.26 18:30:00|41.21|41.22|40.72|40.98|924
2020.05.26 19:30:00|41|41.03|40.86|40.96|493
2020.05.26 20:30:00|40.94|40.98|40.87|40.94|581
2020.05.26 21:30:00|40.95|40.97|40.81|40.83|476
2020.05.26 22:30:00|40.83|40.9|40.34|40.37|363
2020.05.27 16:30:00|40.64|40.77|40.05|40.23|2114
2020.05.27 17:30:00|40.23|40.24|39.55|39.68|2072
2020.05.27 18:30:00|39.66|39.97|39.41|39.82|796
2020.05.27 19:30:00|39.82|40.18|39.82|40.13|653
2020.05.27 20:30:00|40.13|40.51|40.08|40.43|746
2020.05.27 21:30:00|40.42|40.67|40.38|40.59|724
2020.05.27 22:30:00|40.59|40.66|40.44|40.62|345
2020.05.28 16:30:00|40.82|40.95|40.35|40.62|1968
2020.05.28 17:30:00|40.63|40.87|40.53|40.69|1318
2020.05.28 18:30:00|40.7|41.37|40.63|41.26|827
2020.05.28 19:30:00|41.28|41.32|41.09|41.19|626
2020.05.28 20:30:00|41.19|41.21|40.98|41.02|833
2020.05.28 21:30:00|41.02|41.26|40.92|41.11|891
2020.05.28 22:30:00|41.12|41.15|40.6|40.6|867
2020.05.29 16:30:00|40.34|40.34|39.78|39.88|1673
2020.05.29 17:30:00|39.89|40.1|39.71|39.84|1577
2020.05.29 18:30:00|39.84|40.13|39.79|39.87|946
2020.05.29 19:30:00|39.87|40.07|39.81|39.93|801
2020.05.29 20:30:00|39.93|40.29|39.84|40.26|888
2020.05.29 21:30:00|40.28|40.43|39.78|40.33|1122
2020.05.29 22:30:00|40.34|40.4|40.12|40.22|627
2020.06.01 16:30:00|40.47|40.8|40.34|40.79|2279
2020.06.01 17:30:00|40.8|40.97|40.75|40.82|1123
2020.06.01 18:30:00|40.83|40.93|40.78|40.8|601
2020.06.01 19:30:00|40.79|40.86|40.73|40.83|388
2020.06.01 20:30:00|40.84|40.85|40.57|40.59|370
2020.06.01 21:30:00|40.58|40.82|40.57|40.81|431
2020.06.01 22:30:00|40.81|41.05|40.71|40.99|274
2020.06.02 16:30:00|41.21|41.51|40.98|41.44|1854
2020.06.02 17:30:00|41.45|41.47|40.89|41.07|1350
2020.06.02 18:30:00|41.08|41.16|40.72|40.77|912
2020.06.02 19:30:00|40.76|41.2|40.7|41.11|469
2020.06.02 20:30:00|41.1|41.1|40.84|40.88|598
2020.06.02 21:30:00|40.89|40.94|40.75|40.84|519
2020.06.02 22:30:00|40.83|40.99|40.8|40.96|266
2020.06.03 16:30:00|41.27|41.55|41.22|41.52|1555
2020.06.03 17:30:00|41.52|41.95|41.52|41.84|1250
2020.06.03 18:30:00|41.83|41.88|41.5|41.61|819
2020.06.03 19:30:00|41.62|41.87|41.57|41.86|568
2020.06.03 20:30:00|41.86|41.89|41.67|41.75|473
2020.06.03 21:30:00|41.74|41.84|41.47|41.53|605
2020.06.03 22:30:00|41.52|41.63|41.38|41.42|385
2020.06.04 16:30:00|41.01|41.3|41|41.24|1611
2020.06.04 17:30:00|41.23|41.51|41.06|41.09|1463
2020.06.04 18:30:00|41.09|41.26|41.08|41.16|901
2020.06.04 19:30:00|41.14|41.23|41.07|41.17|610
2020.06.04 20:30:00|41.18|41.38|41.17|41.36|466
2020.06.04 21:30:00|41.37|41.37|41.06|41.07|786
2020.06.04 22:30:00|41.08|41.28|41.06|41.26|322
2020.06.05 16:30:00|41.97|42.44|41.86|42.22|1901
2020.06.05 17:30:00|42.21|42.35|42.03|42.17|1366
2020.06.05 18:30:00|42.19|42.48|42.05|42.42|724
2020.06.05 19:30:00|42.42|42.54|42.25|42.29|369
2020.06.05 20:30:00|42.31|42.35|42.18|42.33|548
2020.06.05 21:30:00|42.32|42.36|42.06|42.23|799
2020.06.05 22:30:00|42.24|42.29|42.16|42.28|456
2020.06.08 16:30:00|42.48|42.54|42.14|42.32|1848
2020.06.08 17:30:00|42.32|42.33|41.83|42.03|1274
2020.06.08 18:30:00|42.04|42.17|41.84|42.08|589
2020.06.08 19:30:00|42.08|42.11|41.94|41.98|435
2020.06.08 20:30:00|41.99|42.16|41.95|42.16|337
2020.06.08 21:30:00|42.17|42.18|42.03|42.18|343
2020.06.08 22:30:00|42.19|42.42|42.13|42.4|280
2020.06.09 16:30:00|41.75|42.14|41.71|42.01|1655
2020.06.09 17:30:00|42.02|42.34|42.01|42.24|1113
2020.06.09 18:30:00|42.24|42.3|42.07|42.14|560
2020.06.09 19:30:00|42.13|42.26|41.94|41.98|392
2020.06.09 20:30:00|41.97|42.04|41.87|41.94|493
2020.06.09 21:30:00|41.93|42.1|41.91|42.07|308
2020.06.09 22:30:00|42.06|42.1|41.9|41.95|183
2020.06.10 16:30:00|42.33|42.41|41.86|41.86|1868
2020.06.10 17:30:00|41.85|41.95|41.54|41.85|1289
2020.06.10 18:30:00|41.85|42|41.76|41.94|773
2020.06.10 19:30:00|41.92|41.93|41.8|41.86|520
2020.06.10 20:30:00|41.86|42.05|41.83|42.04|545
2020.06.10 21:30:00|42.03|42.23|41.79|42.23|1336
2020.06.10 22:30:00|42.24|42.24|42.06|42.12|387
2020.06.11 16:30:00|40.63|41.43|40.55|41.25|2180
2020.06.11 17:30:00|41.24|41.46|40.9|41.04|1863
2020.06.11 18:30:00|41.03|41.04|40.62|40.65|1333
2020.06.11 19:30:00|40.65|40.96|40.47|40.88|1220
2020.06.11 20:30:00|40.89|41.01|40.43|40.51|1286
2020.06.11 21:30:00|40.52|40.54|40.19|40.25|1547
2020.06.11 22:30:00|40.24|40.45|40.18|40.25|800
2020.06.12 16:30:00|41.28|41.92|41.23|41.82|1813
2020.06.12 17:30:00|41.83|41.93|40.95|41.16|1742
2020.06.12 18:30:00|41.16|42.04|41.16|41.9|1701
2020.06.12 19:30:00|41.91|41.91|41.53|41.66|1504
2020.06.12 20:30:00|41.66|41.8|41.33|41.63|1840
2020.06.12 21:30:00|41.63|42.06|41.58|41.79|2376
2020.06.12 22:30:00|41.79|42.19|41.71|42.14|795
2020.06.15 16:30:00|41.27|41.89|41.22|41.65|2007
2020.06.15 17:30:00|41.65|42.39|41.53|42.31|1990
2020.06.15 18:30:00|42.32|42.62|42.2|42.57|1460
2020.06.15 19:30:00|42.56|42.79|42.38|42.71|902
2020.06.15 20:30:00|42.72|43.2|42.51|43.11|1144
2020.06.15 21:30:00|43.11|43.15|42.75|42.77|1113
2020.06.15 22:30:00|42.78|42.87|42.6|42.84|484
2020.06.16 16:30:00|43.43|44.12|43.29|44.03|2546
2020.06.16 17:30:00|44.03|44.14|42.77|43.18|3282
2020.06.16 18:30:00|43.2|43.33|42.89|43.3|1507
2020.06.16 19:30:00|43.31|43.49|43.3|43.39|802
2020.06.16 20:30:00|43.39|43.51|43.22|43.37|1160
2020.06.16 21:30:00|43.38|43.51|43.24|43.44|1232
2020.06.16 22:30:00|43.43|43.59|43.37|43.47|574
2020.06.17 16:30:00|43.73|44.07|43.59|43.87|2073
2020.06.17 17:30:00|43.87|44.04|43.79|43.89|1373
2020.06.17 18:30:00|43.87|44.02|43.81|43.93|836
2020.06.17 19:30:00|43.93|44.04|43.87|43.95|522
2020.06.17 20:30:00|43.96|43.99|43.85|43.94|546
2020.06.17 21:30:00|43.93|44|43.8|43.89|705
2020.06.17 22:30:00|43.88|43.96|43.83|43.93|518
2020.06.18 16:30:00|43.88|44.66|43.82|44.45|1861
2020.06.18 17:30:00|44.48|44.67|44.35|44.6|1342
2020.06.18 18:30:00|44.59|44.8|44.35|44.8|639
2020.06.18 19:30:00|44.79|44.82|44.66|44.74|582
2020.06.18 20:30:00|44.75|44.77|44.57|44.65|604
2020.06.18 21:30:00|44.66|44.7|44.47|44.54|546
2020.06.18 22:30:00|44.53|44.61|44.46|44.52|278
2020.06.19 16:30:00|45.37|45.52|45.04|45.45|1417
2020.06.19 17:30:00|45.46|45.49|45.25|45.4|780
2020.06.19 18:30:00|45.4|45.45|44.96|45.25|1212
2020.06.19 19:30:00|45.23|45.41|45.19|45.29|958
2020.06.19 20:30:00|45.28|45.4|45.23|45.27|1013
2020.06.19 21:30:00|45.26|45.55|45.21|45.47|622
2020.06.19 22:30:00|45.47|45.63|45.35|45.6|427
2020.06.22 16:30:00|46.15|46.96|45.95|46.94|1790
2020.06.22 17:30:00|46.95|47.22|46.64|46.67|1205
2020.06.22 18:30:00|46.68|46.84|46.61|46.76|973
2020.06.22 19:30:00|46.75|46.9|46.7|46.73|681
2020.06.22 20:30:00|46.73|46.77|46.61|46.67|315
2020.06.22 21:30:00|46.68|46.81|46.63|46.67|481
2020.06.22 22:30:00|46.68|46.9|46.68|46.89|359
2020.06.23 16:30:00|47.42|47.79|47.08|47.73|1398
2020.06.23 17:30:00|47.74|49.85|47.47|48.63|4276
2020.06.23 18:30:00|48.64|48.88|48.27|48.73|1040
2020.06.23 19:30:00|48.72|48.94|48.57|48.85|538
2020.06.23 20:30:00|48.82|49.06|48.81|48.89|647
2020.06.23 21:30:00|48.88|49.1|48.84|48.96|954
2020.06.23 22:30:00|48.96|49.02|48.83|48.95|331
2020.06.24 16:30:00|49.78|50.37|48.98|50.09|2244
2020.06.24 17:30:00|50.1|50.19|48.79|49.05|1369
2020.06.24 18:30:00|49.04|49.2|48.75|48.97|1591
2020.06.24 19:30:00|48.96|49.37|48.83|49.17|1120
2020.06.24 20:30:00|49.16|49.5|49.11|49.3|1458
2020.06.24 21:30:00|49.28|50.23|49.15|50.06|1485
2020.06.24 22:30:00|50.07|50.41|50|50.25|847
2020.06.25 16:30:00|50.39|50.39|49.4|50.05|3702
2020.06.25 17:30:00|50.06|50.28|49.82|49.95|1807
2020.06.25 18:30:00|49.96|50.5|49.87|50.49|1150
2020.06.25 19:30:00|50.5|50.7|50.27|50.29|919
2020.06.25 20:30:00|50.3|50.45|50.04|50.05|573
2020.06.25 21:30:00|50.05|50.49|49.86|50.41|668
2020.06.25 22:30:00|50.4|50.56|50.28|50.53|295
2020.06.26 16:30:00|50.25|50.28|49.14|49.14|2245
2020.06.26 17:30:00|49.14|49.49|48.92|49.35|1974
2020.06.26 18:30:00|49.36|49.49|49.13|49.27|1208
2020.06.26 19:30:00|49.25|49.74|49.24|49.72|1199
2020.06.26 20:30:00|49.72|49.84|49.48|49.52|1075
2020.06.26 21:30:00|49.53|49.54|49.21|49.24|1295
2020.06.26 22:30:00|49.25|49.26|48.96|48.97|553
2020.06.29 16:30:00|48.81|49.35|48.56|49.34|2191
2020.06.29 17:30:00|49.36|49.58|49.12|49.35|1782
2020.06.29 18:30:00|49.36|49.46|49.24|49.38|1040
2020.06.29 19:30:00|49.39|49.45|49.26|49.27|518
2020.06.29 20:30:00|49.28|49.37|49.27|49.3|272
2020.06.29 21:30:00|49.31|49.33|49.06|49.18|762
2020.06.29 22:30:00|49.19|49.28|49.14|49.2|357
2020.06.30 16:30:00|48.78|49.34|48.65|49.11|2273
2020.06.30 17:30:00|49.12|49.48|49.09|49.3|1518
2020.06.30 18:30:00|49.28|49.61|49.23|49.6|707
2020.06.30 19:30:00|49.61|49.62|49.32|49.48|1085
2020.06.30 20:30:00|49.47|49.58|49.43|49.57|743
2020.06.30 21:30:00|49.56|49.84|49.56|49.79|720
2020.06.30 22:30:00|49.78|50.1|49.78|49.98|360
2020.07.01 16:30:00|49.68|49.98|49.27|49.58|1908
2020.07.01 17:30:00|49.58|49.73|49.28|49.31|1095
2020.07.01 18:30:00|49.34|49.54|49.33|49.5|602
2020.07.01 19:30:00|49.5|49.61|49.3|49.4|862
2020.07.01 20:30:00|49.39|49.6|49.37|49.42|523
2020.07.01 21:30:00|49.43|49.59|49.3|49.56|794
2020.07.01 22:30:00|49.57|49.61|49.41|49.43|376
2020.07.02 16:30:00|50.3|50.61|50.02|50.21|1801
2020.07.02 17:30:00|50.22|50.48|49.91|50.08|2160
2020.07.02 18:30:00|50.08|50.29|50.03|50.24|858
2020.07.02 19:30:00|50.23|50.41|50.21|50.37|618
2020.07.02 20:30:00|50.38|50.44|50.23|50.37|671
2020.07.02 21:30:00|50.36|50.4|50.13|50.14|362
2020.07.02 22:30:00|50.15|50.19|50.02|50.09|228
2020.07.06 16:30:00|50.57|51.1|50.4|50.98|1842
2020.07.06 17:30:00|50.97|51.53|50.95|51.5|738
2020.07.06 18:30:00|51.49|51.72|51.06|51.09|994
2020.07.06 19:30:00|51.08|51.18|50.82|50.94|541
2020.07.06 20:30:00|50.93|50.97|50.58|50.65|858
2020.07.06 21:30:00|50.65|50.73|50.31|50.41|779
2020.07.06 22:30:00|50.41|50.53|50.35|50.38|282
2020.07.07 16:30:00|50.61|50.63|49.96|50.33|2836
2020.07.07 17:30:00|50.32|50.49|50.23|50.37|1081
2020.07.07 18:30:00|50.38|50.42|50.03|50.14|694
2020.07.07 19:30:00|50.13|50.22|49.98|50.14|767
2020.07.07 20:30:00|50.13|50.2|50.04|50.1|750
2020.07.07 21:30:00|50.08|50.08|49.9|49.96|748
2020.07.07 22:30:00|49.97|50.04|49.84|49.92|370
2020.07.08 16:30:00|50.5|50.58|49.98|49.98|1966
2020.07.08 17:30:00|49.97|50.12|49.84|50|1633
2020.07.08 18:30:00|50.01|50.15|49.91|50.02|1018
2020.07.08 19:30:00|50.02|50.15|49.93|50.06|559
2020.07.08 20:30:00|50.06|50.14|49.96|50.01|864
2020.07.08 21:30:00|50.01|50.18|49.92|50.11|656
2020.07.08 22:30:00|50.12|50.25|50.06|50.2|330
2020.07.09 16:30:00|51.09|51.75|50.91|51.16|2549
2020.07.09 17:30:00|51.14|51.29|50.32|50.51|2328
2020.07.09 18:30:00|50.52|50.82|50.3|50.7|1272
2020.07.09 19:30:00|50.69|51.09|50.63|51.08|929
2020.07.09 20:30:00|51.08|51.2|50.96|51.18|1048
2020.07.09 21:30:00|51.19|51.35|51.1|51.11|989
2020.07.09 22:30:00|51.1|51.45|50.99|51.34|689
2020.07.10 16:30:00|51.74|51.93|50.71|51.07|3162
2020.07.10 17:30:00|51.06|51.15|50.85|50.91|1386
2020.07.10 18:30:00|50.9|51.02|50.61|50.61|1092
2020.07.10 19:30:00|50.6|50.86|50.59|50.84|824
2020.07.10 20:30:00|50.83|50.96|50.76|50.95|711
2020.07.10 21:30:00|50.94|51.25|50.92|51.22|509
2020.07.10 22:30:00|51.21|51.38|51.16|51.3|495
2020.07.13 16:30:00|51.47|52.01|51.43|52|1683
2020.07.13 17:30:00|52.01|52.64|52|52.38|1307
2020.07.13 18:30:00|52.39|52.43|51.98|52.23|714
2020.07.13 19:30:00|52.24|52.45|52.2|52.44|922
2020.07.13 20:30:00|52.44|52.45|51.99|52.14|1449
2020.07.13 21:30:00|52.13|52.35|51.83|51.89|2186
2020.07.13 22:30:00|51.87|51.94|51.64|51.67|1355
2020.07.14 16:30:00|51.14|51.45|50.77|51.1|4512
2020.07.14 17:30:00|51.11|51.84|51.09|51.57|2996
2020.07.14 18:30:00|51.56|52.32|51.53|52.16|1758
2020.07.14 19:30:00|52.17|52.33|52.03|52.28|1349
2020.07.14 20:30:00|52.27|52.8|52.27|52.76|1787
2020.07.14 21:30:00|52.77|52.97|52.69|52.92|1576
2020.07.14 22:30:00|52.92|53.36|52.91|53.33|561
2020.07.15 16:30:00|54.2|54.85|54.08|54.31|3088
2020.07.15 17:30:00|54.33|54.84|54.31|54.47|1706
2020.07.15 18:30:00|54.46|54.49|53.89|54.03|1678
2020.07.15 19:30:00|54.02|54.41|53.8|54.31|1158
2020.07.15 20:30:00|54.3|54.63|54.25|54.62|1179
2020.07.15 21:30:00|54.61|54.66|54.26|54.48|1156
2020.07.15 22:30:00|54.47|54.86|54.47|54.78|399
2020.07.16 16:30:00|54.11|54.15|53.75|53.78|2852
2020.07.16 17:30:00|53.79|53.79|53.45|53.53|1604
2020.07.16 18:30:00|53.53|53.67|53.43|53.52|977
2020.07.16 19:30:00|53.52|53.62|53.4|53.53|801
2020.07.16 20:30:00|53.53|53.61|53.45|53.52|640
2020.07.16 21:30:00|53.52|53.66|53.28|53.61|496
2020.07.16 22:30:00|53.6|53.68|53.39|53.45|382
2020.07.17 16:30:00|54.9|55.15|54.21|54.27|3073
2020.07.17 17:30:00|54.28|54.64|54.22|54.6|1089
2020.07.17 18:30:00|54.59|54.63|54.21|54.4|666
2020.07.17 19:30:00|54.41|54.44|54.18|54.39|771
2020.07.17 20:30:00|54.4|54.7|54.37|54.69|471
2020.07.17 21:30:00|54.69|54.95|54.68|54.93|857
2020.07.17 22:30:00|54.94|55|54.69|54.7|378
2020.07.20 16:30:00|55.4|55.58|54.79|55.57|2957
2020.07.20 17:30:00|55.57|55.81|55.43|55.66|1057
2020.07.20 18:30:00|55.65|55.9|55.62|55.9|519
2020.07.20 19:30:00|55.91|56.11|55.84|56.05|471
2020.07.20 20:30:00|56.06|56.06|55.88|55.98|336
2020.07.20 21:30:00|55.98|56.16|55.92|56.14|301
2020.07.20 22:30:00|56.14|56.24|56.07|56.17|220
2020.07.21 16:30:00|56.73|56.75|56.16|56.22|2962
2020.07.21 17:30:00|56.22|56.35|55.88|56.1|1466
2020.07.21 18:30:00|56.1|56.22|55.7|55.85|850
2020.07.21 19:30:00|55.86|55.88|55.64|55.81|422
2020.07.21 20:30:00|55.8|56.2|55.79|56.19|543
2020.07.21 21:30:00|56.18|56.19|55.91|55.97|789
2020.07.21 22:30:00|55.98|56.05|55.88|56.03|482
2020.07.22 16:30:00|55.82|56.56|55.75|56.35|2294
2020.07.22 17:30:00|56.35|56.38|55.86|56.07|1459
2020.07.22 18:30:00|56.07|56.22|55.96|56.19|658
2020.07.22 19:30:00|56.19|56.21|56.07|56.13|464
2020.07.22 20:30:00|56.12|56.13|55.89|56.01|763
2020.07.22 21:30:00|56|56.29|55.98|56.24|615
2020.07.22 22:30:00|56.23|56.59|56.22|56.49|329
2020.07.23 16:30:00|56.02|56.55|55.89|56.27|2863
2020.07.23 17:30:00|56.28|56.48|55.97|56.07|1521
2020.07.23 18:30:00|56.08|56.26|55.88|55.97|1045
2020.07.23 19:30:00|55.99|55.99|55.66|55.77|1285
2020.07.23 20:30:00|55.76|55.85|55.22|55.66|1707
2020.07.23 21:30:00|55.65|56.13|55.58|56.11|1826
2020.07.23 22:30:00|56.1|56.21|56.01|56.21|654
2020.07.24 16:30:00|55.33|55.88|55.13|55.82|2736
2020.07.24 17:30:00|55.83|56.08|55.72|56.03|1494
2020.07.24 18:30:00|56.03|56.1|55.64|55.88|1244
2020.07.24 19:30:00|55.88|56.18|55.86|56.1|914
2020.07.24 20:30:00|56.09|56.39|56.06|56.37|998
2020.07.24 21:30:00|56.36|56.4|56.24|56.27|836
2020.07.24 22:30:00|56.27|56.38|56.11|56.19|848
2020.07.27 16:30:00|56.58|57.15|56.41|56.92|2778
2020.07.27 17:30:00|56.93|57.08|56.68|56.69|1188
2020.07.27 18:30:00|56.7|56.8|56.55|56.69|744
2020.07.27 19:30:00|56.7|57.2|56.69|57.19|498
2020.07.27 20:30:00|57.19|57.45|57.03|57.45|563
2020.07.27 21:30:00|57.46|57.77|57.31|57.75|814
2020.07.27 22:30:00|57.75|57.97|57.69|57.96|746
2020.07.28 16:30:00|55.28|56.87|54.74|56.87|3230
2020.07.28 17:30:00|56.89|57.13|56.21|56.67|1619
2020.07.28 18:30:00|56.69|56.88|56.56|56.78|660
2020.07.28 19:30:00|56.78|57.25|56.73|57.04|659
2020.07.28 20:30:00|57.05|57.24|56.94|57|505
2020.07.28 21:30:00|57|57.15|56.9|56.95|648
2020.07.28 22:30:00|56.96|57.01|56.81|56.96|606
2020.07.29 16:30:00|57.51|57.59|57.05|57.52|2403
2020.07.29 17:30:00|57.53|57.79|57.43|57.45|1012
2020.07.29 18:30:00|57.44|57.61|57.43|57.5|692
2020.07.29 19:30:00|57.49|57.63|57.19|57.35|530
2020.07.29 20:30:00|57.34|57.68|57.25|57.6|711
2020.07.29 21:30:00|57.6|57.79|57.41|57.53|1194
2020.07.29 22:30:00|57.54|57.7|57.45|57.58|414
2020.07.30 16:30:00|56.47|56.75|55.74|55.93|3471
2020.07.30 17:30:00|55.93|56.16|55.88|56.03|1961
2020.07.30 18:30:00|56.03|56.88|56.02|56.71|1528
2020.07.30 19:30:00|56.71|57.07|56.54|57.02|1119
2020.07.30 20:30:00|57.03|57.07|56.94|56.98|888
2020.07.30 21:30:00|57|57.14|56.93|57.11|819
2020.07.30 22:30:00|57.11|57.2|57.03|57.16|341
2020.07.31 16:30:00|57.46|57.47|56.76|56.79|4733
2020.07.31 17:30:00|56.78|56.95|56.67|56.75|2498
2020.07.31 18:30:00|56.76|57.03|56.73|56.91|1651
2020.07.31 19:30:00|56.91|56.95|56.72|56.95|1136
2020.07.31 20:30:00|56.94|56.95|56.69|56.88|866
2020.07.31 21:30:00|56.89|57.31|56.88|57.21|969
2020.07.31 22:30:00|57.22|57.49|57.22|57.48|319
2020.08.03 16:30:00|58.23|58.43|57.73|58.03|2715
2020.08.03 17:30:00|58.02|58.66|58.02|58.6|1513
2020.08.03 18:30:00|58.6|58.74|58.46|58.66|794
2020.08.03 19:30:00|58.66|58.92|58.66|58.82|637
2020.08.03 20:30:00|58.81|59|58.73|58.75|511
2020.08.03 21:30:00|58.76|58.78|58.57|58.61|639
2020.08.03 22:30:00|58.62|58.69|58.5|58.51|308
2020.08.04 16:30:00|58.54|58.87|58.19|58.57|1980
2020.08.04 17:30:00|58.58|58.8|58.43|58.51|1123
2020.08.04 18:30:00|58.51|58.71|58.48|58.6|845
2020.08.04 19:30:00|58.61|58.72|58.58|58.71|542
2020.08.04 20:30:00|58.72|58.72|58.52|58.53|383
2020.08.04 21:30:00|58.52|58.62|58.42|58.56|731
2020.08.04 22:30:00|58.57|58.71|58.53|58.64|487
2020.08.05 16:30:00|59.17|59.55|59.14|59.32|1702
2020.08.05 17:30:00|59.33|59.4|59.21|59.29|982
2020.08.05 18:30:00|59.29|59.33|59.05|59.17|418
2020.08.05 19:30:00|59.17|59.38|59.17|59.27|347
2020.08.05 20:30:00|59.27|59.61|59.25|59.59|304
2020.08.05 21:30:00|59.58|59.67|59.52|59.65|265
2020.08.05 22:30:00|59.64|59.78|59.56|59.72|183
2020.08.06 16:30:00|59.7|59.95|59.61|59.81|1291
2020.08.06 17:30:00|59.83|59.89|59.55|59.57|796
2020.08.06 18:30:00|59.57|59.91|59.55|59.84|475
2020.08.06 19:30:00|59.83|59.91|59.73|59.87|260
2020.08.06 20:30:00|59.86|60.05|59.84|59.95|285
2020.08.06 21:30:00|59.96|60.14|59.83|60.07|282
2020.08.06 22:30:00|60.08|60.09|59.88|59.95|219
2020.08.07 16:30:00|59.58|59.7|58.87|59.7|2149
2020.08.07 17:30:00|59.71|59.95|59.64|59.65|1286
2020.08.07 18:30:00|59.64|59.75|59.39|59.49|594
2020.08.07 19:30:00|59.48|59.5|58.65|58.89|984
2020.08.07 20:30:00|58.89|58.99|58.47|58.48|977
2020.08.07 21:30:00|58.48|58.89|58.47|58.78|803
2020.08.07 22:30:00|58.78|59.15|58.72|59.11|660
2020.08.10 16:30:00|58.97|58.99|58.09|58.11|2178
2020.08.10 17:30:00|58.11|58.15|57.08|57.47|2227
2020.08.10 18:30:00|57.47|57.55|57.17|57.33|1085
2020.08.10 19:30:00|57.33|57.57|57.19|57.56|835
2020.08.10 20:30:00|57.58|57.6|57.4|57.44|700
2020.08.10 21:30:00|57.45|57.46|57.12|57.18|535
2020.08.10 22:30:00|57.17|57.29|56.94|56.97|683
2020.08.11 16:30:00|57.52|57.69|56.62|57.37|3297
2020.08.11 17:30:00|57.36|58.11|57.17|58.09|1799
2020.08.11 18:30:00|58.09|58.2|57.54|57.76|850
2020.08.11 19:30:00|57.77|57.92|57.67|57.82|623
2020.08.11 20:30:00|57.83|57.83|57.47|57.52|638
2020.08.11 21:30:00|57.52|57.66|57.12|57.29|1166
2020.08.11 22:30:00|57.3|57.3|56.88|56.94|617
2020.08.12 16:30:00|57.54|58.41|57.46|58.09|2767
2020.08.12 17:30:00|58.1|58.63|57.66|58.6|1386
2020.08.12 18:30:00|58.6|58.7|58.5|58.59|699
2020.08.12 19:30:00|58.58|58.58|58.05|58.07|851
2020.08.12 20:30:00|58.09|58.25|57.95|57.95|930
2020.08.12 21:30:00|57.97|57.99|57.7|57.84|737
2020.08.12 22:30:00|57.85|57.99|57.66|57.86|679
2020.08.13 16:30:00|60.74|61.34|60.31|60.9|5274
2020.08.13 17:30:00|60.9|61.15|60.65|61.14|2213
2020.08.13 18:30:00|61.15|61.18|59.78|59.78|1384
2020.08.13 19:30:00|59.79|59.84|59.47|59.58|1117
2020.08.13 20:30:00|59.57|59.64|58.96|59.25|1155
2020.08.13 21:30:00|59.26|59.49|59.18|59.44|1330
2020.08.13 22:30:00|59.43|59.51|59.28|59.44|600
2020.08.14 16:30:00|60.52|60.53|59.87|60.04|4437
2020.08.14 17:30:00|60.03|60.46|59.96|60.39|2111
2020.08.14 18:30:00|60.4|60.46|59.87|60.07|931
2020.08.14 19:30:00|60.06|60.33|60.04|60.29|504
2020.08.14 20:30:00|60.3|60.36|59.96|60|577
2020.08.14 21:30:00|60.01|60.1|59.95|60.04|565
2020.08.14 22:30:00|60.03|60.03|59.88|60|250
2020.08.17 16:30:00|60.9|61.18|60.54|61.15|2895
2020.08.17 17:30:00|61.14|61.55|60.97|61.19|1736
2020.08.17 18:30:00|61.14|61.24|60.79|60.79|673
2020.08.17 19:30:00|60.78|60.82|60.56|60.61|598
2020.08.17 20:30:00|60.62|60.87|60.52|60.7|527
2020.08.17 21:30:00|60.71|60.78|60.5|60.68|381
2020.08.17 22:30:00|60.69|60.74|60.47|60.56|505
2020.08.18 16:30:00|61.33|61.64|60.99|61.13|2952
2020.08.18 17:30:00|61.13|61.24|60.96|60.98|1591
2020.08.18 18:30:00|60.99|61.31|60.94|61.23|505
2020.08.18 19:30:00|61.25|61.53|61.25|61.44|450
2020.08.18 20:30:00|61.45|61.66|61.44|61.64|446
2020.08.18 21:30:00|61.65|61.69|61.43|61.47|388
2020.08.18 22:30:00|61.46|61.52|61.31|61.34|324
2020.08.19 16:30:00|62.15|62.51|61.8|62.35|4050
2020.08.19 17:30:00|62.36|62.6|62.31|62.52|1355
2020.08.19 18:30:00|62.51|62.91|62.51|62.65|697
2020.08.19 19:30:00|62.66|62.72|62.4|62.43|472
2020.08.19 20:30:00|62.44|62.58|62.1|62.28|810
2020.08.19 21:30:00|62.29|62.62|62.24|62.59|780
2020.08.19 22:30:00|62.6|62.69|62.26|62.38|405
2020.08.20 16:30:00|63.18|63.46|62.85|62.96|4824
2020.08.20 17:30:00|62.95|63.3|62.93|63.07|2027
2020.08.20 18:30:00|63.09|63.23|62.82|62.83|754
2020.08.20 19:30:00|62.83|63.12|62.7|62.72|652
2020.08.20 20:30:00|62.71|62.71|62.37|62.62|761
2020.08.20 21:30:00|62.63|63.08|62.58|63.08|598
2020.08.20 22:30:00|63.08|63.69|63.06|63.57|687
2020.08.21 16:30:00|63.37|63.91|63.25|63.9|3377
2020.08.21 17:30:00|63.9|64.09|63.69|63.77|1859
2020.08.21 18:30:00|63.76|63.77|63.11|63.72|1245
2020.08.21 19:30:00|63.74|63.8|63.51|63.51|503
2020.08.21 20:30:00|63.5|63.65|63.35|63.63|608
2020.08.21 21:30:00|63.64|63.81|63.58|63.76|468
