2020.12.30 06:00:00|0.76442|0.7659|0.76424|0.76554|1848
2020.12.30 07:00:00|0.76555|0.76628|0.76549|0.76562|2704
2020.12.30 08:00:00|0.76561|0.76581|0.76475|0.76539|2371
2020.12.30 09:00:00|0.76539|0.76607|0.76498|0.76522|3051
2020.12.30 10:00:00|0.76523|0.76562|0.76456|0.7648200000000001|4299
2020.12.30 11:00:00|0.76485|0.7652600000000001|0.76444|0.76478|3540
2020.12.30 12:00:00|0.76479|0.76732|0.7647699999999999|0.76713|3377
2020.12.30 13:00:00|0.76712|0.76729|0.76611|0.76653|2935
2020.12.30 14:00:00|0.76652|0.7669|0.76611|0.7665999999999999|2926
2020.12.30 15:00:00|0.76661|0.76702|0.76619|0.76625|3571
2020.12.30 16:00:00|0.76625|0.76789|0.76623|0.76731|7018
2020.12.30 17:00:00|0.76731|0.76851|0.76667|0.7684299999999999|7528
2020.12.30 18:00:00|0.76844|0.76854|0.76778|0.76812|4357
2020.12.30 19:00:00|0.76813|0.7682|0.76759|0.76792|2536
2020.12.30 20:00:00|0.76793|0.76828|0.76769|0.76814|1390
2020.12.30 21:00:00|0.76815|0.76839|0.76741|0.76769|1927
2020.12.30 22:00:00|0.7677|0.76792|0.7674299999999999|0.76758|1280
2020.12.30 23:00:00|0.76756|0.76856|0.7675|0.76844|808
2020.12.31 00:00:00|0.76847|0.76847|0.76758|0.76831|800
2020.12.31 01:00:00|0.76838|0.76899|0.76831|0.7687|1115
2020.12.31 02:00:00|0.76871|0.77008|0.76853|0.7700399999999999|2131
2020.12.31 03:00:00|0.7700399999999999|0.77073|0.7697000000000001|0.77051|3852
2020.12.31 04:00:00|0.7705|0.77077|0.76869|0.76942|3225
2020.12.31 05:00:00|0.76942|0.77005|0.76908|0.76978|2892
2020.12.31 06:00:00|0.76977|0.77014|0.76972|0.76993|1892
2020.12.31 07:00:00|0.76992|0.77059|0.7696|0.77024|2039
2020.12.31 08:00:00|0.77025|0.77055|0.76995|0.7702599999999999|2264
2020.12.31 09:00:00|0.77025|0.77074|0.77|0.77066|4181
2020.12.31 10:00:00|0.7706499999999999|0.77164|0.77007|0.77075|5454
2020.12.31 11:00:00|0.77075|0.77085|0.7695|0.7702599999999999|5097
2020.12.31 12:00:00|0.7702599999999999|0.77361|0.76991|0.7734|5241
2020.12.31 13:00:00|0.77339|0.77416|0.77223|0.77395|3825
2020.12.31 14:00:00|0.77395|0.77398|0.77219|0.77222|4059
2020.12.31 15:00:00|0.77222|0.77311|0.7717000000000001|0.7730399999999999|4022
2020.12.31 16:00:00|0.7730399999999999|0.77384|0.77285|0.77301|4522
2020.12.31 17:00:00|0.773|0.77367|0.77085|0.77185|7393
2020.12.31 18:00:00|0.77185|0.77185|0.7702|0.77073|8227
2020.12.31 19:00:00|0.77073|0.7709|0.7689|0.76933|3447
2020.12.31 20:00:00|0.76932|0.77032|0.76932|0.7699|1984
2020.12.31 21:00:00|0.7699|0.76992|0.7699|0.76991|16
2021.01.04 00:00:00|0.77005|0.77093|0.7692|0.76941|742
2021.01.04 01:00:00|0.76941|0.77135|0.7689|0.7710399999999999|4531
2021.01.04 02:00:00|0.77105|0.77135|0.76808|0.7685999999999999|5373
2021.01.04 03:00:00|0.76861|0.77164|0.76861|0.77159|7738
2021.01.04 04:00:00|0.77159|0.77207|0.77092|0.77137|5852
2021.01.04 05:00:00|0.77137|0.77184|0.77116|0.77162|4032
2021.01.04 06:00:00|0.77162|0.77164|0.76988|0.77019|3197
2021.01.04 07:00:00|0.77018|0.7708199999999999|0.76891|0.77063|4139
2021.01.04 08:00:00|0.77063|0.7715|0.77049|0.77139|4929
2021.01.04 09:00:00|0.7714|0.77334|0.77129|0.77225|5980
2021.01.04 10:00:00|0.77225|0.77358|0.77185|0.77358|8542
2021.01.04 11:00:00|0.77358|0.77395|0.7728|0.77321|4696
2021.01.04 12:00:00|0.77321|0.77399|0.7730900000000001|0.77328|4476
2021.01.04 13:00:00|0.77327|0.7737000000000001|0.77218|0.77221|4195
2021.01.04 14:00:00|0.77221|0.77237|0.77134|0.7715|4898
2021.01.04 15:00:00|0.77149|0.77258|0.77123|0.77173|5844
2021.01.04 16:00:00|0.77174|0.77218|0.7703|0.77045|9781
2021.01.04 17:00:00|0.77046|0.7707000000000001|0.76796|0.76839|10133
2021.01.04 18:00:00|0.76838|0.7684|0.76535|0.76542|9737
2021.01.04 19:00:00|0.76544|0.76607|0.76415|0.76601|9518
2021.01.04 20:00:00|0.76602|0.76694|0.76575|0.76692|5396
2021.01.04 21:00:00|0.76691|0.76707|0.7662099999999999|0.76701|5558
2021.01.04 22:00:00|0.767|0.7670400000000001|0.76542|0.76632|6893
2021.01.04 23:00:00|0.76632|0.7666500000000001|0.76586|0.76625|1536
2021.01.05 00:00:00|0.7662|0.7672600000000001|0.76598|0.7666500000000001|552
2021.01.05 01:00:00|0.76673|0.76692|0.76611|0.76686|3639
2021.01.05 02:00:00|0.7668700000000001|0.76745|0.76601|0.76702|3545
2021.01.05 03:00:00|0.7670400000000001|0.76827|0.76671|0.76746|5314
2021.01.05 04:00:00|0.76745|0.76979|0.76744|0.7696|5226
2021.01.05 05:00:00|0.76961|0.77086|0.7694800000000001|0.76986|5427
2021.01.05 06:00:00|0.76985|0.77012|0.76899|0.76974|4810
2021.01.05 07:00:00|0.76974|0.77125|0.76972|0.77095|4699
2021.01.05 08:00:00|0.77096|0.77166|0.77015|0.77145|4888
2021.01.05 09:00:00|0.7714299999999999|0.77235|0.76993|0.7702|7570
2021.01.05 10:00:00|0.7702|0.7718699999999999|0.7702|0.77125|8330
2021.01.05 11:00:00|0.77124|0.77241|0.77094|0.77139|5647
2021.01.05 12:00:00|0.7714|0.7719200000000001|0.77128|0.77155|4424
2021.01.05 13:00:00|0.77155|0.77213|0.77069|0.77105|4489
2021.01.05 14:00:00|0.7710399999999999|0.77117|0.76902|0.77044|7434
2021.01.05 15:00:00|0.7704299999999999|0.77092|0.76912|0.76912|8221
2021.01.05 16:00:00|0.76912|0.7720399999999999|0.76888|0.77098|9954
2021.01.05 17:00:00|0.77098|0.77306|0.77047|0.7726499999999999|13644
2021.01.05 18:00:00|0.77267|0.7756|0.77212|0.77504|10238
2021.01.05 19:00:00|0.77503|0.7764799999999999|0.77495|0.77642|6883
2021.01.05 20:00:00|0.77643|0.77682|0.77616|0.77661|4009
2021.01.05 21:00:00|0.77662|0.77769|0.7765|0.77712|3022
2021.01.05 22:00:00|0.77715|0.77745|0.77647|0.77656|3256
2021.01.05 23:00:00|0.77656|0.77673|0.77569|0.77583|1491
2021.01.06 00:00:00|0.77569|0.77588|0.77515|0.77537|668
2021.01.06 01:00:00|0.77535|0.77664|0.77524|0.77617|3820
2021.01.06 02:00:00|0.77619|0.77713|0.77563|0.77647|6084
2021.01.06 03:00:00|0.77646|0.77691|0.77434|0.7753100000000001|8800
2021.01.06 04:00:00|0.77532|0.77568|0.77332|0.77332|5774
2021.01.06 05:00:00|0.77333|0.77522|0.77321|0.77481|6183
2021.01.06 06:00:00|0.77481|0.77781|0.77471|0.7763600000000001|5642
2021.01.06 07:00:00|0.77635|0.77772|0.77635|0.77712|4239
2021.01.06 08:00:00|0.77712|0.77873|0.77703|0.77867|5888
2021.01.06 09:00:00|0.77868|0.77985|0.77842|0.7797500000000001|9186
2021.01.06 10:00:00|0.77979|0.77979|0.77823|0.77889|9453
2021.01.06 11:00:00|0.7789|0.7809199999999999|0.77861|0.7806999999999999|7755
2021.01.06 12:00:00|0.78069|0.78193|0.78054|0.78128|5980
2021.01.06 13:00:00|0.78128|0.78169|0.78024|0.78045|7491
2021.01.06 14:00:00|0.78045|0.78129|0.7788|0.7791|8823
2021.01.06 15:00:00|0.7791|0.7802|0.77743|0.77774|9987
2021.01.06 16:00:00|0.77772|0.77847|0.77611|0.7779700000000001|15323
2021.01.06 17:00:00|0.77795|0.7786999999999999|0.7767500000000001|0.77707|12833
2021.01.06 18:00:00|0.77707|0.77867|0.77619|0.77851|9839
2021.01.06 19:00:00|0.77852|0.77979|0.77822|0.77957|7349
2021.01.06 20:00:00|0.77955|0.78022|0.77937|0.77994|4949
2021.01.06 21:00:00|0.77993|0.78015|0.77794|0.77877|14174
2021.01.06 22:00:00|0.77876|0.77999|0.77847|0.77983|11807
2021.01.06 23:00:00|0.77981|0.78104|0.77964|0.77985|3233
2021.01.07 00:00:00|0.77989|0.7805299999999999|0.77973|0.78026|678
2021.01.07 01:00:00|0.78029|0.78166|0.78027|0.78148|3998
2021.01.07 02:00:00|0.78147|0.78155|0.7790899999999999|0.77967|5421
2021.01.07 03:00:00|0.77968|0.78044|0.77935|0.78008|6995
2021.01.07 04:00:00|0.78009|0.78021|0.77885|0.77945|5866
2021.01.07 05:00:00|0.77945|0.77971|0.77925|0.7795299999999999|3586
2021.01.07 06:00:00|0.77955|0.78004|0.7793600000000001|0.77937|3480
2021.01.07 07:00:00|0.77937|0.77943|0.77804|0.77804|3622
2021.01.07 08:00:00|0.77807|0.779|0.7774799999999999|0.7789|4756
2021.01.07 09:00:00|0.77889|0.77935|0.77843|0.7787500000000001|7287
2021.01.07 10:00:00|0.77874|0.7788|0.7768699999999999|0.7774799999999999|8840
2021.01.07 11:00:00|0.77749|0.7776|0.77523|0.77524|8842
2021.01.07 12:00:00|0.7752599999999999|0.77577|0.77343|0.77359|8021
2021.01.07 13:00:00|0.77357|0.7742599999999999|0.7732599999999999|0.77362|6069
2021.01.07 14:00:00|0.77362|0.7753|0.77306|0.77486|5739
2021.01.07 15:00:00|0.77485|0.7754|0.77394|0.77422|7494
2021.01.07 16:00:00|0.77421|0.7753100000000001|0.77249|0.77329|11975
2021.01.07 17:00:00|0.7733|0.77501|0.77261|0.77474|12702
2021.01.07 18:00:00|0.77475|0.77637|0.77466|0.77542|8919
2021.01.07 19:00:00|0.77542|0.77566|0.77372|0.77456|6609
2021.01.07 20:00:00|0.77457|0.77584|0.77447|0.77574|4562
2021.01.07 21:00:00|0.77574|0.77608|0.77546|0.77586|3748
2021.01.07 22:00:00|0.7758699999999999|0.77667|0.77521|0.77656|4004
2021.01.07 23:00:00|0.77657|0.77726|0.77642|0.77665|1899
2021.01.08 00:00:00|0.77665|0.77665|0.77551|0.77599|705
2021.01.08 01:00:00|0.77599|0.77716|0.77597|0.77679|2828
2021.01.08 02:00:00|0.77681|0.77725|0.77538|0.77558|4721
2021.01.08 03:00:00|0.77558|0.7758|0.7739200000000001|0.77522|7695
2021.01.08 04:00:00|0.77523|0.77607|0.77494|0.77584|5272
2021.01.08 05:00:00|0.77584|0.77665|0.77576|0.77628|4275
2021.01.08 06:00:00|0.77626|0.77665|0.77563|0.7765300000000001|3321
2021.01.08 07:00:00|0.77652|0.7776|0.7765|0.77696|4709
2021.01.08 08:00:00|0.77695|0.77821|0.77683|0.77765|4412
2021.01.08 09:00:00|0.77766|0.77883|0.77624|0.7765300000000001|7522
2021.01.08 10:00:00|0.7765300000000001|0.77727|0.77522|0.7763|13187
2021.01.08 11:00:00|0.7763099999999999|0.77825|0.77581|0.778|8526
2021.01.08 12:00:00|0.77801|0.77803|0.77702|0.77741|5020
2021.01.08 13:00:00|0.77742|0.77868|0.77708|0.77855|4772
2021.01.08 14:00:00|0.77855|0.77869|0.77777|0.77789|4525
2021.01.08 15:00:00|0.7779|0.77944|0.77657|0.7791400000000001|13823
2021.01.08 16:00:00|0.77912|0.77981|0.77624|0.77671|17789
2021.01.08 17:00:00|0.77668|0.77817|0.77444|0.77813|14445
2021.01.08 18:00:00|0.77812|0.77841|0.77591|0.77761|16238
2021.01.08 19:00:00|0.7776|0.7777500000000001|0.77572|0.77602|10550
2021.01.08 20:00:00|0.77602|0.7761400000000001|0.77272|0.7735300000000001|8845
2021.01.08 21:00:00|0.77354|0.77506|0.77347|0.7748699999999999|8404
2021.01.08 22:00:00|0.77486|0.77616|0.77457|0.77594|5917
2021.01.08 23:00:00|0.77593|0.77666|0.77513|0.77536|2269
2021.01.11 00:00:00|0.7750899999999999|0.77595|0.7744|0.7754|797
2021.01.11 01:00:00|0.7754|0.77561|0.77111|0.77197|5415
2021.01.11 02:00:00|0.77196|0.77301|0.77149|0.77185|4452
2021.01.11 03:00:00|0.77184|0.77197|0.77042|0.77067|6272
2021.01.11 04:00:00|0.77067|0.7712|0.76929|0.7712|6238
2021.01.11 05:00:00|0.7712|0.77144|0.77028|0.77063|4586
2021.01.11 06:00:00|0.77064|0.77089|0.7692099999999999|0.76967|3523
2021.01.11 07:00:00|0.76969|0.7700399999999999|0.76925|0.76999|3656
2021.01.11 08:00:00|0.77001|0.77088|0.76923|0.7706499999999999|5082
2021.01.11 09:00:00|0.77064|0.77108|0.76971|0.76979|7074
2021.01.11 10:00:00|0.76978|0.77212|0.76977|0.77112|8354
2021.01.11 11:00:00|0.7711|0.77216|0.77079|0.77102|6598
2021.01.11 12:00:00|0.77099|0.77203|0.77077|0.77167|5167
2021.01.11 13:00:00|0.77167|0.77167|0.77042|0.77085|3822
2021.01.11 14:00:00|0.7708700000000001|0.77125|0.76977|0.77097|5246
2021.01.11 15:00:00|0.77097|0.77101|0.76759|0.76776|8116
2021.01.11 16:00:00|0.76777|0.76891|0.76654|0.7668199999999999|15099
2021.01.11 17:00:00|0.76683|0.76929|0.76667|0.7692|11151
2021.01.11 18:00:00|0.7692099999999999|0.77142|0.76852|0.77125|7911
2021.01.11 19:00:00|0.77124|0.77155|0.77094|0.77094|4843
2021.01.11 20:00:00|0.77092|0.77152|0.77022|0.77105|3563
2021.01.11 21:00:00|0.77106|0.7713|0.77062|0.77067|2480
2021.01.11 22:00:00|0.77068|0.77088|0.7699|0.76996|2694
2021.01.11 23:00:00|0.76995|0.77033|0.76944|0.76952|741
2021.01.12 00:00:00|0.7694800000000001|0.76988|0.76937|0.76966|767
2021.01.12 01:00:00|0.7696|0.7710399999999999|0.76942|0.77066|2160
2021.01.12 02:00:00|0.77066|0.77089|0.76964|0.7704299999999999|3578
2021.01.12 03:00:00|0.77044|0.77099|0.76888|0.77027|5894
2021.01.12 04:00:00|0.77028|0.77032|0.76917|0.76947|3804
2021.01.12 05:00:00|0.7695|0.77017|0.76937|0.76972|2786
2021.01.12 06:00:00|0.76971|0.77023|0.76861|0.76911|3201
2021.01.12 07:00:00|0.7691|0.77076|0.76872|0.77059|3757
2021.01.12 08:00:00|0.77059|0.7718|0.77028|0.7718|3651
2021.01.12 09:00:00|0.77179|0.77315|0.77132|0.77255|5930
2021.01.12 10:00:00|0.77256|0.77269|0.77119|0.77167|5643
2021.01.12 11:00:00|0.77167|0.77402|0.7714800000000001|0.77368|5260
2021.01.12 12:00:00|0.77369|0.77377|0.77189|0.77193|4190
2021.01.12 13:00:00|0.77193|0.77323|0.77159|0.77222|4418
2021.01.12 14:00:00|0.77221|0.77295|0.77191|0.77278|5027
2021.01.12 15:00:00|0.7728|0.77288|0.76986|0.77054|5992
2021.01.12 16:00:00|0.77054|0.77163|0.76963|0.77105|9517
2021.01.12 17:00:00|0.7710399999999999|0.77269|0.77068|0.7724800000000001|8668
2021.01.12 18:00:00|0.7724800000000001|0.77336|0.77203|0.77314|5250
2021.01.12 19:00:00|0.77315|0.77368|0.77157|0.7733100000000001|6043
2021.01.12 20:00:00|0.7733|0.77565|0.7730900000000001|0.77535|4862
2021.01.12 21:00:00|0.77536|0.7771400000000001|0.77535|0.77693|4186
2021.01.12 22:00:00|0.7769200000000001|0.77768|0.77666|0.77738|2697
2021.01.12 23:00:00|0.77734|0.77764|0.7772|0.77721|829
2021.01.13 00:00:00|0.77713|0.77738|0.7766|0.77691|1013
2021.01.13 01:00:00|0.77684|0.77758|0.77667|0.7774799999999999|1338
2021.01.13 02:00:00|0.77747|0.77807|0.77641|0.77649|2861
2021.01.13 03:00:00|0.77647|0.77781|0.77628|0.77707|3848
2021.01.13 04:00:00|0.7771|0.77735|0.77601|0.77637|3161
2021.01.13 05:00:00|0.77638|0.77701|0.77634|0.77647|3118
2021.01.13 06:00:00|0.77644|0.77656|0.77597|0.77597|2222
2021.01.13 07:00:00|0.77598|0.77632|0.77573|0.77613|2185
2021.01.13 08:00:00|0.77612|0.77695|0.77594|0.77685|2342
2021.01.13 09:00:00|0.77683|0.77786|0.77606|0.77617|4520
2021.01.13 10:00:00|0.77615|0.77649|0.77464|0.7753|6719
2021.01.13 11:00:00|0.77529|0.77579|0.77474|0.77516|5541
2021.01.13 12:00:00|0.77515|0.77533|0.77388|0.77459|4532
2021.01.13 13:00:00|0.7746|0.7747000000000001|0.77345|0.77381|3481
2021.01.13 14:00:00|0.7738|0.77441|0.77336|0.77356|4969
2021.01.13 15:00:00|0.77357|0.77505|0.77293|0.77327|6524
2021.01.13 16:00:00|0.77329|0.77416|0.77208|0.77335|9542
2021.01.13 17:00:00|0.77336|0.77542|0.77269|0.77388|9703
2021.01.13 18:00:00|0.77389|0.7741400000000001|0.77308|0.77388|5607
2021.01.13 19:00:00|0.77388|0.77457|0.77258|0.77444|5285
2021.01.13 20:00:00|0.77444|0.77542|0.77442|0.77443|3957
2021.01.13 21:00:00|0.77442|0.77506|0.7741|0.77413|2531
2021.01.13 22:00:00|0.77412|0.77432|0.77312|0.77363|2177
2021.01.13 23:00:00|0.77364|0.7739200000000001|0.7730399999999999|0.77311|779
2021.01.14 00:00:00|0.77311|0.77369|0.7730399999999999|0.77319|571
2021.01.14 01:00:00|0.77315|0.77471|0.77315|0.77457|1574
2021.01.14 02:00:00|0.77457|0.7751|0.77438|0.7745300000000001|2439
2021.01.14 03:00:00|0.7745300000000001|0.77535|0.7744799999999999|0.77489|3320
2021.01.14 04:00:00|0.7749|0.77546|0.7728|0.77439|6214
2021.01.14 05:00:00|0.77439|0.77454|0.77358|0.77403|3065
2021.01.14 06:00:00|0.77404|0.77504|0.77394|0.77497|2104
2021.01.14 07:00:00|0.77495|0.77595|0.7746|0.7759|3817
2021.01.14 08:00:00|0.7759200000000001|0.77638|0.77532|0.77545|2725
2021.01.14 09:00:00|0.77544|0.77571|0.77422|0.7754799999999999|5505
2021.01.14 10:00:00|0.77549|0.7766|0.77506|0.77647|7420
2021.01.14 11:00:00|0.77647|0.77688|0.77511|0.77674|4481
2021.01.14 12:00:00|0.77673|0.77688|0.77612|0.7763099999999999|3005
2021.01.14 13:00:00|0.7763|0.77705|0.77579|0.77628|3639
2021.01.14 14:00:00|0.77628|0.7768|0.77519|0.7753100000000001|4725
2021.01.14 15:00:00|0.77532|0.77544|0.77403|0.77422|8078
2021.01.14 16:00:00|0.77422|0.77569|0.774|0.77424|8465
2021.01.14 17:00:00|0.77423|0.7774|0.77399|0.77694|8976
2021.01.14 18:00:00|0.77695|0.77893|0.7766999999999999|0.77887|5650
2021.01.14 19:00:00|0.77886|0.78048|0.77886|0.77971|4655
2021.01.14 20:00:00|0.77973|0.77988|0.77818|0.77837|7043
2021.01.14 21:00:00|0.77838|0.77889|0.77815|0.7783099999999999|2897
2021.01.14 22:00:00|0.77833|0.77923|0.77798|0.77879|3965
2021.01.14 23:00:00|0.77879|0.77889|0.77759|0.77776|1073
2021.01.15 00:00:00|0.77777|0.77795|0.77716|0.77766|990
2021.01.15 01:00:00|0.77763|0.7779199999999999|0.7773|0.77749|1522
2021.01.15 02:00:00|0.77747|0.7788|0.77738|0.77757|3552
2021.01.15 03:00:00|0.77755|0.77772|0.77678|0.77691|3942
2021.01.15 04:00:00|0.7769200000000001|0.77726|0.77638|0.77713|2693
2021.01.15 05:00:00|0.77712|0.77733|0.77622|0.77639|3235
2021.01.15 06:00:00|0.77638|0.77747|0.77579|0.77656|3420
2021.01.15 07:00:00|0.77657|0.77657|0.77494|0.77534|4955
2021.01.15 08:00:00|0.77534|0.77576|0.7742|0.77455|4599
2021.01.15 09:00:00|0.77452|0.77554|0.77442|0.77459|5163
2021.01.15 10:00:00|0.77458|0.77516|0.77285|0.77351|7776
2021.01.15 11:00:00|0.77349|0.77454|0.77336|0.77432|4236
2021.01.15 12:00:00|0.77432|0.77515|0.77416|0.77437|4255
2021.01.15 13:00:00|0.77437|0.77442|0.77315|0.77355|4107
2021.01.15 14:00:00|0.77354|0.77378|0.77261|0.7731|7440
2021.01.15 15:00:00|0.7731|0.77375|0.77197|0.772|7511
2021.01.15 16:00:00|0.77199|0.77244|0.77046|0.77081|10000
2021.01.15 17:00:00|0.7708|0.77093|0.76808|0.77019|15594
2021.01.15 18:00:00|0.7702|0.7724|0.76946|0.77211|9913
2021.01.15 19:00:00|0.77212|0.7728|0.77138|0.77201|5818
2021.01.15 20:00:00|0.77202|0.77206|0.77099|0.77124|5068
2021.01.15 21:00:00|0.77125|0.7716499999999999|0.77075|0.77075|3722
2021.01.15 22:00:00|0.77076|0.77116|0.77049|0.77071|3371
2021.01.15 23:00:00|0.77071|0.7709|0.76994|0.76994|1258
2021.01.18 00:00:00|0.77071|0.77083|0.77025|0.7705|675
2021.01.18 01:00:00|0.77058|0.77098|0.76823|0.76824|4465
2021.01.18 02:00:00|0.76825|0.76946|0.76784|0.76934|4368
2021.01.18 03:00:00|0.76934|0.77018|0.76876|0.7698199999999999|5540
2021.01.18 04:00:00|0.7698199999999999|0.77036|0.7691|0.76997|4332
2021.01.18 05:00:00|0.76997|0.77|0.76883|0.76936|3675
2021.01.18 06:00:00|0.76935|0.76938|0.76817|0.76842|2888
2021.01.18 07:00:00|0.76841|0.76906|0.76786|0.76893|3936
2021.01.18 08:00:00|0.76893|0.7690399999999999|0.76814|0.7688|3158
2021.01.18 09:00:00|0.76879|0.7694800000000001|0.76758|0.7678700000000001|5963
2021.01.18 10:00:00|0.76786|0.76841|0.7668199999999999|0.76686|8105
2021.01.18 11:00:00|0.76685|0.76724|0.7658199999999999|0.76641|6552
2021.01.18 12:00:00|0.76641|0.76723|0.76634|0.76666|4115
2021.01.18 13:00:00|0.76667|0.76773|0.76642|0.7672600000000001|4560
2021.01.18 14:00:00|0.76727|0.76758|0.76661|0.7668700000000001|4561
2021.01.18 15:00:00|0.7669|0.76872|0.76675|0.76857|4786
2021.01.18 16:00:00|0.76857|0.7687|0.76763|0.76861|5485
2021.01.18 17:00:00|0.76861|0.76878|0.76776|0.76839|4415
2021.01.18 18:00:00|0.7684|0.76878|0.76796|0.76857|2628
2021.01.18 19:00:00|0.76859|0.76868|0.76779|0.76807|1449
2021.01.18 20:00:00|0.7680900000000001|0.76817|0.76768|0.76776|4086
2021.01.18 21:00:00|0.76776|0.76846|0.76771|0.7680399999999999|1121
2021.01.18 22:00:00|0.76803|0.76857|0.76795|0.7685|4609
2021.01.18 23:00:00|0.7685|0.7685|0.76753|0.7678|2343
2021.01.19 00:00:00|0.76778|0.76851|0.76718|0.76769|2092
2021.01.19 01:00:00|0.76775|0.76849|0.76771|0.76842|1366
2021.01.19 02:00:00|0.76842|0.77034|0.76839|0.76975|3015
2021.01.19 03:00:00|0.76974|0.77093|0.76954|0.77038|5369
2021.01.19 04:00:00|0.77039|0.77138|0.77028|0.77103|4672
2021.01.19 05:00:00|0.7710399999999999|0.77184|0.7704800000000001|0.77118|4314
2021.01.19 06:00:00|0.77119|0.77167|0.77073|0.7716499999999999|2738
2021.01.19 07:00:00|0.77166|0.77172|0.7703100000000001|0.77088|3574
2021.01.19 08:00:00|0.77088|0.77121|0.77059|0.77121|2948
2021.01.19 09:00:00|0.77124|0.77188|0.77024|0.77156|4979
2021.01.19 10:00:00|0.77156|0.77245|0.77029|0.77029|7385
2021.01.19 11:00:00|0.7703|0.77084|0.76962|0.77058|4793
2021.01.19 12:00:00|0.77059|0.77139|0.77021|0.77047|4929
2021.01.19 13:00:00|0.7704800000000001|0.7716|0.7704800000000001|0.7712|3252
2021.01.19 14:00:00|0.77121|0.77167|0.77078|0.77124|4524
2021.01.19 15:00:00|0.7712599999999999|0.77195|0.77096|0.77157|5277
2021.01.19 16:00:00|0.77158|0.77234|0.76998|0.77024|7978
2021.01.19 17:00:00|0.77023|0.7713|0.76973|0.77033|9392
2021.01.19 18:00:00|0.77032|0.77078|0.76939|0.77014|6543
2021.01.19 19:00:00|0.77013|0.77015|0.76924|0.76977|3078
2021.01.19 20:00:00|0.76978|0.76988|0.76893|0.76895|3019
2021.01.19 21:00:00|0.76894|0.76966|0.76869|0.76939|3061
2021.01.19 22:00:00|0.7694|0.76951|0.76886|0.76947|2515
2021.01.19 23:00:00|0.76945|0.76981|0.76919|0.76919|638
2021.01.20 00:00:00|0.76917|0.76979|0.76895|0.76937|380
2021.01.20 01:00:00|0.76936|0.77133|0.7692099999999999|0.77127|1955
2021.01.20 02:00:00|0.7712599999999999|0.77139|0.77029|0.77086|3419
2021.01.20 03:00:00|0.77088|0.7712599999999999|0.76998|0.77088|3312
2021.01.20 04:00:00|0.77092|0.77245|0.77086|0.77211|2450
2021.01.20 05:00:00|0.77211|0.77224|0.77134|0.77188|3534
2021.01.20 06:00:00|0.7718699999999999|0.7720900000000001|0.7713|0.77201|2644
2021.01.20 07:00:00|0.77203|0.77273|0.77201|0.77244|2986
2021.01.20 08:00:00|0.7724299999999999|0.77381|0.77221|0.77355|4060
2021.01.20 09:00:00|0.77352|0.77405|0.77317|0.77385|5296
2021.01.20 10:00:00|0.77384|0.77398|0.7729200000000001|0.77327|6131
2021.01.20 11:00:00|0.77328|0.77344|0.77236|0.77318|6007
2021.01.20 12:00:00|0.77318|0.77347|0.77247|0.77337|4490
2021.01.20 13:00:00|0.77337|0.7735300000000001|0.7724299999999999|0.77246|3945
2021.01.20 14:00:00|0.77247|0.77268|0.7720399999999999|0.77247|3555
2021.01.20 15:00:00|0.7724800000000001|0.77338|0.772|0.77333|4884
2021.01.20 16:00:00|0.77334|0.77403|0.77237|0.77282|9728
2021.01.20 17:00:00|0.77283|0.77602|0.7728|0.77439|12304
2021.01.20 18:00:00|0.77438|0.77454|0.77345|0.77422|5938
2021.01.20 19:00:00|0.77423|0.77435|0.77317|0.7735300000000001|4307
2021.01.20 20:00:00|0.77352|0.7742599999999999|0.77351|0.77402|2898
2021.01.20 21:00:00|0.77401|0.77451|0.77358|0.77449|2295
2021.01.20 22:00:00|0.77446|0.77484|0.77417|0.77474|2276
2021.01.20 23:00:00|0.77473|0.77478|0.7743|0.77432|884
2021.01.21 00:00:00|0.77437|0.77501|0.77383|0.77469|622
2021.01.21 01:00:00|0.77463|0.77627|0.77462|0.77542|1703
2021.01.21 02:00:00|0.77541|0.77588|0.7748|0.77568|3201
2021.01.21 03:00:00|0.77567|0.77725|0.77544|0.77649|4536
2021.01.21 04:00:00|0.7765|0.77754|0.77639|0.77715|2736
2021.01.21 05:00:00|0.77716|0.77764|0.77684|0.77752|3121
2021.01.21 06:00:00|0.77752|0.77754|0.77662|0.77691|2746
2021.01.21 07:00:00|0.7769|0.77763|0.7768|0.77745|2867
2021.01.21 08:00:00|0.77744|0.77745|0.77654|0.77691|2550
2021.01.21 09:00:00|0.77689|0.77704|0.77552|0.77576|4730
2021.01.21 10:00:00|0.7757500000000001|0.77659|0.77506|0.77619|7020
2021.01.21 11:00:00|0.77618|0.77745|0.77612|0.77727|5245
2021.01.21 12:00:00|0.77728|0.77742|0.7767500000000001|0.77729|3291
2021.01.21 13:00:00|0.77726|0.77743|0.77646|0.77733|3346
2021.01.21 14:00:00|0.7773099999999999|0.7781400000000001|0.77708|0.7771|4281
2021.01.21 15:00:00|0.7770899999999999|0.77794|0.77588|0.7759|10846
2021.01.21 16:00:00|0.77589|0.77684|0.77538|0.77603|10368
2021.01.21 17:00:00|0.77604|0.7775|0.77583|0.7763600000000001|5600
2021.01.21 18:00:00|0.77637|0.77705|0.77469|0.7753|4092
2021.01.21 19:00:00|0.77529|0.77529|0.77408|0.77478|3922
2021.01.21 20:00:00|0.77476|0.77547|0.77469|0.77532|2969
2021.01.21 21:00:00|0.7753|0.77611|0.77517|0.77601|2659
2021.01.21 22:00:00|0.776|0.77656|0.77564|0.77635|2016
2021.01.21 23:00:00|0.77633|0.77684|0.77591|0.77624|1295
2021.01.22 00:00:00|0.77619|0.77685|0.77589|0.77635|884
2021.01.22 01:00:00|0.77635|0.7769|0.77584|0.7759|2444
2021.01.22 02:00:00|0.77591|0.77683|0.77585|0.77599|3187
2021.01.22 03:00:00|0.77598|0.77605|0.77485|0.77506|3784
2021.01.22 04:00:00|0.77505|0.7754|0.7742|0.77451|4178
2021.01.22 05:00:00|0.77451|0.77486|0.77401|0.77432|3331
2021.01.22 06:00:00|0.7743100000000001|0.77479|0.77417|0.77441|2027
2021.01.22 07:00:00|0.77442|0.77467|0.77418|0.77447|2394
2021.01.22 08:00:00|0.7744799999999999|0.77449|0.7731|0.77337|3639
2021.01.22 09:00:00|0.77334|0.77338|0.7725|0.77298|4685
2021.01.22 10:00:00|0.773|0.77366|0.77207|0.77361|6387
2021.01.22 11:00:00|0.7736499999999999|0.77401|0.77169|0.77234|5300
2021.01.22 12:00:00|0.77233|0.77267|0.77118|0.7714|4399
2021.01.22 13:00:00|0.77139|0.77194|0.77057|0.7708700000000001|5337
2021.01.22 14:00:00|0.77084|0.77139|0.7703|0.7711|5021
2021.01.22 15:00:00|0.77111|0.7717000000000001|0.77013|0.77089|6182
2021.01.22 16:00:00|0.77088|0.77244|0.77067|0.77229|8029
2021.01.22 17:00:00|0.7723100000000001|0.7730399999999999|0.77073|0.772|10270
2021.01.22 18:00:00|0.77198|0.77269|0.77135|0.77262|8287
2021.01.22 19:00:00|0.77263|0.7727000000000001|0.77134|0.77147|5168
2021.01.22 20:00:00|0.77146|0.77196|0.77098|0.77103|2580
2021.01.22 21:00:00|0.7710399999999999|0.77185|0.77101|0.7717000000000001|2164
2021.01.22 22:00:00|0.77169|0.77184|0.771|0.77145|2416
2021.01.22 23:00:00|0.77144|0.77163|0.77083|0.77091|1355
2021.01.25 00:00:00|0.7712599999999999|0.77154|0.77044|0.77076|492
2021.01.25 01:00:00|0.77076|0.7720399999999999|0.77076|0.7712599999999999|2915
2021.01.25 02:00:00|0.77129|0.77258|0.7712|0.7720399999999999|3338
2021.01.25 03:00:00|0.77203|0.77221|0.77091|0.77151|4429
2021.01.25 04:00:00|0.77152|0.77332|0.77152|0.77307|4004
2021.01.25 05:00:00|0.77308|0.77341|0.77295|0.77318|2947
2021.01.25 06:00:00|0.77318|0.77408|0.77316|0.77364|2258
2021.01.25 07:00:00|0.7736499999999999|0.77432|0.77357|0.7742599999999999|3183
2021.01.25 08:00:00|0.77425|0.77467|0.7736|0.77366|3433
2021.01.25 09:00:00|0.77367|0.77404|0.7732599999999999|0.7738|4857
2021.01.25 10:00:00|0.77378|0.7738699999999999|0.77237|0.77314|5742
2021.01.25 11:00:00|0.77314|0.77324|0.77173|0.77218|5700
2021.01.25 12:00:00|0.77219|0.77346|0.7718|0.77332|4645
2021.01.25 13:00:00|0.77333|0.77354|0.77253|0.77283|4044
2021.01.25 14:00:00|0.77282|0.77299|0.7719|0.77233|4133
2021.01.25 15:00:00|0.77233|0.77319|0.77168|0.77276|6492
2021.01.25 16:00:00|0.77275|0.77329|0.7708199999999999|0.771|8278
2021.01.25 17:00:00|0.77097|0.77195|0.77023|0.7704299999999999|9947
2021.01.25 18:00:00|0.77042|0.77053|0.7682099999999999|0.77017|14863
2021.01.25 19:00:00|0.77017|0.77103|0.76978|0.77063|8202
2021.01.25 20:00:00|0.77063|0.77132|0.77056|0.77116|4793
2021.01.25 21:00:00|0.77117|0.77122|0.77015|0.7702|3840
2021.01.25 22:00:00|0.77019|0.77124|0.76999|0.77112|3064
2021.01.25 23:00:00|0.77113|0.77127|0.77077|0.77119|1049
2021.01.26 00:00:00|0.77125|0.7714800000000001|0.76991|0.7713|463
2021.01.26 01:00:00|0.7713|0.7719200000000001|0.77088|0.77142|754
2021.01.26 02:00:00|0.77142|0.77142|0.7701|0.77027|2206
2021.01.26 03:00:00|0.77025|0.77145|0.77007|0.77136|3473
2021.01.26 04:00:00|0.77138|0.77166|0.77067|0.77074|3090
2021.01.26 05:00:00|0.77075|0.77081|0.76962|0.77003|2500
2021.01.26 06:00:00|0.77003|0.77018|0.76841|0.76877|2327
2021.01.26 07:00:00|0.76878|0.7690399999999999|0.76849|0.7688|2356
2021.01.26 08:00:00|0.76877|0.76883|0.76754|0.768|3171
2021.01.26 09:00:00|0.76801|0.7688700000000001|0.76683|0.7671|6532
2021.01.26 10:00:00|0.76712|0.76957|0.76711|0.76936|7719
2021.01.26 11:00:00|0.76935|0.7701|0.76901|0.76946|4542
2021.01.26 12:00:00|0.76944|0.76985|0.76888|0.76983|3907
2021.01.26 13:00:00|0.76983|0.77146|0.76983|0.77116|4273
2021.01.26 14:00:00|0.77118|0.77342|0.77115|0.77291|5083
2021.01.26 15:00:00|0.7729200000000001|0.77388|0.7726499999999999|0.77358|4049
2021.01.26 16:00:00|0.77359|0.77439|0.77334|0.7741400000000001|5794
2021.01.26 17:00:00|0.77413|0.77535|0.7741|0.77457|7656
2021.01.26 18:00:00|0.77458|0.77477|0.77317|0.77357|5325
2021.01.26 19:00:00|0.77358|0.7745300000000001|0.77354|0.77437|3209
2021.01.26 20:00:00|0.77436|0.77491|0.77425|0.77459|2236
2021.01.26 21:00:00|0.77459|0.77503|0.77436|0.77456|1477
2021.01.26 22:00:00|0.77458|0.77504|0.77452|0.7749|1192
2021.01.26 23:00:00|0.77489|0.77522|0.77408|0.77408|1067
2021.01.27 00:00:00|0.77408|0.77472|0.77381|0.77441|624
2021.01.27 01:00:00|0.77436|0.7753100000000001|0.77434|0.7752599999999999|1855
2021.01.27 02:00:00|0.77528|0.77627|0.77501|0.77527|3092
2021.01.27 03:00:00|0.7752599999999999|0.77555|0.77382|0.77433|5499
2021.01.27 04:00:00|0.77432|0.77433|0.77343|0.77346|3946
2021.01.27 05:00:00|0.77345|0.77394|0.77321|0.77367|2434
2021.01.27 06:00:00|0.77364|0.77373|0.7728699999999999|0.7734799999999999|1859
2021.01.27 07:00:00|0.77346|0.77444|0.77338|0.77435|2199
2021.01.27 08:00:00|0.77434|0.77447|0.77352|0.77395|2549
2021.01.27 09:00:00|0.77394|0.77401|0.77318|0.7739200000000001|3185
2021.01.27 10:00:00|0.77391|0.77406|0.77242|0.77252|5554
2021.01.27 11:00:00|0.77251|0.77324|0.77198|0.77245|5788
2021.01.27 12:00:00|0.77244|0.77329|0.77213|0.7729200000000001|3485
2021.01.27 13:00:00|0.77291|0.77291|0.7702599999999999|0.77081|5797
2021.01.27 14:00:00|0.7708|0.77124|0.76915|0.7693|8087
2021.01.27 15:00:00|0.76931|0.76962|0.76817|0.7687|6932
2021.01.27 16:00:00|0.76871|0.76922|0.76425|0.7662|15261
2021.01.27 17:00:00|0.76618|0.76903|0.7659899999999999|0.76862|17351
2021.01.27 18:00:00|0.76864|0.769|0.76772|0.7678199999999999|8734
2021.01.27 19:00:00|0.76781|0.76988|0.76753|0.76977|7332
2021.01.27 20:00:00|0.76977|0.77001|0.7688700000000001|0.76918|5663
2021.01.27 21:00:00|0.76918|0.76993|0.76606|0.76622|11957
2021.01.27 22:00:00|0.7662099999999999|0.76683|0.76494|0.76591|14015
2021.01.27 23:00:00|0.7659|0.76659|0.76476|0.76608|3741
2021.01.28 00:00:00|0.76608|0.7665|0.76568|0.76596|563
2021.01.28 01:00:00|0.76595|0.76638|0.76406|0.7647699999999999|3357
2021.01.28 02:00:00|0.7647699999999999|0.76533|0.7622100000000001|0.76234|8048
2021.01.28 03:00:00|0.76233|0.7651|0.76231|0.76464|8632
2021.01.28 04:00:00|0.76468|0.765|0.76303|0.7636500000000001|6491
2021.01.28 05:00:00|0.76366|0.76369|0.76263|0.76279|6034
2021.01.28 06:00:00|0.7628|0.76283|0.76203|0.76274|4132
2021.01.28 07:00:00|0.76275|0.7637|0.76256|0.76359|5315
2021.01.28 08:00:00|0.76358|0.7635999999999999|0.76228|0.76315|4437
2021.01.28 09:00:00|0.76312|0.76313|0.7601599999999999|0.7615499999999999|9222
2021.01.28 10:00:00|0.76157|0.76276|0.75912|0.7593299999999999|14288
2021.01.28 11:00:00|0.7593299999999999|0.76063|0.75912|0.76061|9881
2021.01.28 12:00:00|0.76059|0.76189|0.76|0.7613799999999999|7284
2021.01.28 13:00:00|0.76136|0.76163|0.76|0.76018|6814
2021.01.28 14:00:00|0.76015|0.76101|0.75978|0.76033|5821
2021.01.28 15:00:00|0.76034|0.76391|0.75952|0.76383|11366
2021.01.28 16:00:00|0.76383|0.76583|0.76356|0.76459|17366
2021.01.28 17:00:00|0.7645999999999999|0.76758|0.76448|0.76684|14507
2021.01.28 18:00:00|0.76683|0.76779|0.76656|0.76725|9686
2021.01.28 19:00:00|0.7672600000000001|0.7679|0.76722|0.7678700000000001|6717
2021.01.28 20:00:00|0.76786|0.76964|0.76774|0.76922|4877
2021.01.28 21:00:00|0.76923|0.76959|0.76888|0.76944|4938
2021.01.28 22:00:00|0.76946|0.76972|0.76874|0.7688199999999999|5532
2021.01.28 23:00:00|0.7688|0.76883|0.76749|0.76796|1999
2021.01.29 00:00:00|0.76793|0.76815|0.76717|0.7674299999999999|590
2021.01.29 01:00:00|0.7674299999999999|0.7678700000000001|0.76684|0.76698|2551
2021.01.29 02:00:00|0.767|0.76758|0.76632|0.76663|4690
2021.01.29 03:00:00|0.76661|0.7676500000000001|0.76622|0.76628|6154
2021.01.29 04:00:00|0.76627|0.76654|0.76462|0.76561|6174
2021.01.29 05:00:00|0.7655999999999999|0.7658199999999999|0.76425|0.7642600000000001|6798
2021.01.29 06:00:00|0.76425|0.76464|0.76357|0.76449|6648
2021.01.29 07:00:00|0.76448|0.7646500000000001|0.76387|0.7645|5739
2021.01.29 08:00:00|0.76453|0.76614|0.76418|0.76585|6785
2021.01.29 09:00:00|0.76584|0.76625|0.76448|0.76522|8287
2021.01.29 10:00:00|0.76523|0.76578|0.76412|0.76556|14737
2021.01.29 11:00:00|0.76557|0.76615|0.76345|0.76447|12540
2021.01.29 12:00:00|0.76446|0.7657|0.76375|0.76559|9389
2021.01.29 13:00:00|0.76558|0.7675|0.76542|0.76686|8107
2021.01.29 14:00:00|0.7668700000000001|0.76839|0.76653|0.76655|9622
2021.01.29 15:00:00|0.76654|0.77001|0.76511|0.7691|18135
2021.01.29 16:00:00|0.76913|0.7703100000000001|0.76742|0.76867|17541
2021.01.29 17:00:00|0.76868|0.76932|0.7667|0.76719|19027
2021.01.29 18:00:00|0.76719|0.76734|0.76541|0.76596|16219
2021.01.29 19:00:00|0.76596|0.76653|0.76392|0.7642|11940
2021.01.29 20:00:00|0.76419|0.76473|0.76305|0.76411|12482
2021.01.29 21:00:00|0.7641|0.76511|0.76366|0.76375|11869
2021.01.29 22:00:00|0.76376|0.76523|0.76375|0.76402|13008
2021.01.29 23:00:00|0.76403|0.76434|0.76354|0.76407|3678
2021.02.01 00:00:00|0.7616000000000001|0.76275|0.7615|0.76263|1037
2021.02.01 01:00:00|0.76262|0.7629899999999999|0.76049|0.7619899999999999|5576
2021.02.01 02:00:00|0.76197|0.76335|0.76188|0.76329|7367
2021.02.01 03:00:00|0.76328|0.76431|0.76312|0.76359|9875
2021.02.01 04:00:00|0.76358|0.76478|0.76358|0.76416|7477
2021.02.01 05:00:00|0.76417|0.7653|0.76409|0.76493|6231
2021.02.01 06:00:00|0.76492|0.76528|0.76472|0.76507|4937
2021.02.01 07:00:00|0.76508|0.76615|0.76495|0.76571|4616
2021.02.01 08:00:00|0.76572|0.76618|0.76547|0.76572|5272
2021.02.01 09:00:00|0.76574|0.7659|0.76452|0.76495|7165
2021.02.01 10:00:00|0.76493|0.76547|0.76259|0.76259|12721
2021.02.01 11:00:00|0.76258|0.76444|0.76247|0.7638200000000001|9578
2021.02.01 12:00:00|0.7638200000000001|0.7638200000000001|0.76195|0.76255|8672
2021.02.01 13:00:00|0.76256|0.76362|0.76247|0.7633|6886
2021.02.01 14:00:00|0.76332|0.76409|0.76233|0.76256|8070
2021.02.01 15:00:00|0.76259|0.76357|0.76223|0.76245|8543
2021.02.01 16:00:00|0.76242|0.76323|0.76131|0.76192|11702
2021.02.01 17:00:00|0.7619|0.76334|0.76115|0.7618|16005
2021.02.01 18:00:00|0.76179|0.76295|0.76129|0.76219|10944
2021.02.01 19:00:00|0.76219|0.7626500000000001|0.76192|0.76256|7180
2021.02.01 20:00:00|0.76256|0.7636500000000001|0.76211|0.76329|6144
2021.02.01 21:00:00|0.7633|0.7645|0.76307|0.7640400000000001|5552
2021.02.01 22:00:00|0.76401|0.76402|0.76168|0.76193|6609
2021.02.01 23:00:00|0.7619|0.76248|0.76178|0.76179|1128
2021.02.02 00:00:00|0.7618|0.76256|0.76156|0.76242|585
2021.02.02 01:00:00|0.76244|0.76378|0.76234|0.76325|2339
2021.02.02 02:00:00|0.76325|0.76331|0.76254|0.76307|6615
2021.02.02 03:00:00|0.76308|0.7652600000000001|0.76303|0.76511|8126
2021.02.02 04:00:00|0.76512|0.7658|0.76455|0.76575|6171
2021.02.02 05:00:00|0.76575|0.76608|0.76298|0.76323|8681
2021.02.02 06:00:00|0.76324|0.76333|0.76181|0.76215|3760
2021.02.02 07:00:00|0.76215|0.76336|0.76205|0.76305|5176
2021.02.02 08:00:00|0.76306|0.7632100000000001|0.76102|0.76153|4209
2021.02.02 09:00:00|0.7615499999999999|0.76185|0.76027|0.76125|6108
2021.02.02 10:00:00|0.76125|0.76368|0.76097|0.76306|10182
2021.02.02 11:00:00|0.76307|0.76325|0.76162|0.76176|6614
2021.02.02 12:00:00|0.7617699999999999|0.7622100000000001|0.76047|0.76085|8760
2021.02.02 13:00:00|0.76083|0.76098|0.75947|0.75952|5997
2021.02.02 14:00:00|0.75951|0.76045|0.75867|0.75915|5860
2021.02.02 15:00:00|0.75917|0.76057|0.75906|0.7601599999999999|8258
2021.02.02 16:00:00|0.76015|0.76048|0.75628|0.7568|11813
2021.02.02 17:00:00|0.75681|0.75893|0.75673|0.75773|15555
2021.02.02 18:00:00|0.75774|0.7589900000000001|0.75754|0.75845|7554
2021.02.02 19:00:00|0.75846|0.75913|0.7579|0.7584|6020
2021.02.02 20:00:00|0.7584|0.7588200000000001|0.75825|0.75846|4372
2021.02.02 21:00:00|0.75846|0.75911|0.75837|0.759|3571
2021.02.02 22:00:00|0.7589900000000001|0.75987|0.75884|0.75974|4606
2021.02.02 23:00:00|0.75973|0.7609900000000001|0.75944|0.76058|2314
2021.02.03 00:00:00|0.76054|0.76089|0.76018|0.7605499999999999|560
2021.02.03 01:00:00|0.7605499999999999|0.76157|0.76045|0.76048|2314
2021.02.03 02:00:00|0.76051|0.76136|0.76008|0.76079|4287
2021.02.03 03:00:00|0.7608|0.76193|0.7603|0.76154|7766
2021.02.03 04:00:00|0.7615499999999999|0.7618|0.76084|0.76135|6736
2021.02.03 05:00:00|0.76136|0.7615|0.76087|0.76105|3838
2021.02.03 06:00:00|0.76105|0.76149|0.76095|0.7611599999999999|3186
2021.02.03 07:00:00|0.76117|0.7620400000000001|0.76117|0.7613799999999999|3760
2021.02.03 08:00:00|0.7613799999999999|0.76139|0.76064|0.76128|3709
2021.02.03 09:00:00|0.76128|0.76255|0.76096|0.76233|5639
2021.02.03 10:00:00|0.76233|0.76254|0.7614|0.76141|7483
2021.02.03 11:00:00|0.76144|0.76213|0.76008|0.7615499999999999|6966
2021.02.03 12:00:00|0.76157|0.76232|0.7611|0.762|5085
2021.02.03 13:00:00|0.762|0.76203|0.76127|0.76178|3585
2021.02.03 14:00:00|0.76179|0.7621|0.76078|0.76106|5495
2021.02.03 15:00:00|0.76106|0.7621599999999999|0.76088|0.76161|5687
2021.02.03 16:00:00|0.76162|0.76222|0.7611|0.76211|11851
2021.02.03 17:00:00|0.76209|0.76232|0.7606000000000001|0.76122|13317
2021.02.03 18:00:00|0.7612100000000001|0.76231|0.7612|0.76207|8781
2021.02.03 19:00:00|0.76208|0.76251|0.76151|0.7623|4382
2021.02.03 20:00:00|0.76232|0.76248|0.76141|0.76181|3617
2021.02.03 21:00:00|0.7618200000000001|0.76232|0.7618|0.7621599999999999|4231
2021.02.03 22:00:00|0.76217|0.76228|0.76168|0.76201|6394
2021.02.03 23:00:00|0.762|0.76235|0.76168|0.7617|1949
2021.02.04 00:00:00|0.76166|0.76202|0.76123|0.76179|684
2021.02.04 01:00:00|0.7618200000000001|0.76363|0.76179|0.76352|1518
2021.02.04 02:00:00|0.76352|0.76368|0.76252|0.76259|4948
2021.02.04 03:00:00|0.7625999999999999|0.76431|0.76251|0.764|7761
2021.02.04 04:00:00|0.764|0.76469|0.76379|0.764|5408
2021.02.04 05:00:00|0.76398|0.7642099999999999|0.76225|0.76255|7414
2021.02.04 06:00:00|0.76257|0.76276|0.76189|0.7623799999999999|3854
2021.02.04 07:00:00|0.76237|0.76305|0.76205|0.76268|6309
2021.02.04 08:00:00|0.76268|0.76326|0.76229|0.76308|4194
2021.02.04 09:00:00|0.76307|0.76317|0.76233|0.76298|5220
2021.02.04 10:00:00|0.7629899999999999|0.76367|0.76239|0.7630400000000001|8881
2021.02.04 11:00:00|0.7630400000000001|0.76342|0.76192|0.76287|5864
2021.02.04 12:00:00|0.76285|0.76308|0.76187|0.762|3567
2021.02.04 13:00:00|0.76201|0.7622|0.76063|0.76066|3355
2021.02.04 14:00:00|0.76068|0.7623|0.76064|0.76224|6137
2021.02.04 15:00:00|0.76225|0.76284|0.76164|0.76185|4990
2021.02.04 16:00:00|0.76184|0.7620400000000001|0.75996|0.76061|7334
2021.02.04 17:00:00|0.7606000000000001|0.7611|0.75875|0.7598|6975
2021.02.04 18:00:00|0.7598200000000001|0.76009|0.75912|0.75978|3748
2021.02.04 19:00:00|0.7597699999999999|0.75978|0.75887|0.7593299999999999|2757
2021.02.04 20:00:00|0.7593299999999999|0.75978|0.75915|0.75947|2329
2021.02.04 21:00:00|0.75947|0.76015|0.7593299999999999|0.76|1896
2021.02.04 22:00:00|0.76001|0.76009|0.75954|0.76004|1564
2021.02.04 23:00:00|0.76005|0.76028|0.75972|0.75985|735
2021.02.05 00:00:00|0.7599399999999999|0.76014|0.75902|0.7599900000000001|569
2021.02.05 01:00:00|0.7599900000000001|0.76081|0.7597699999999999|0.75995|1321
2021.02.05 02:00:00|0.7599399999999999|0.76067|0.75979|0.76006|4135
2021.02.05 03:00:00|0.76006|0.76006|0.75911|0.7592100000000001|4002
2021.02.05 04:00:00|0.75922|0.7597699999999999|0.75834|0.75843|3523
2021.02.05 05:00:00|0.75846|0.7594|0.75822|0.75914|2957
2021.02.05 06:00:00|0.75915|0.7594|0.75889|0.75918|2104
2021.02.05 07:00:00|0.75917|0.76045|0.75902|0.76041|2190
2021.02.05 08:00:00|0.7604|0.76046|0.75992|0.76024|1883
2021.02.05 09:00:00|0.76025|0.7607699999999999|0.76|0.76045|3427
2021.02.05 10:00:00|0.76046|0.7622100000000001|0.76028|0.76212|6768
2021.02.05 11:00:00|0.76209|0.76259|0.76156|0.76159|3039
2021.02.05 12:00:00|0.7616000000000001|0.7618|0.76092|0.76092|2738
2021.02.05 13:00:00|0.7609399999999999|0.76107|0.76025|0.76064|3156
2021.02.05 14:00:00|0.76062|0.761|0.76026|0.76072|2811
2021.02.05 15:00:00|0.76072|0.76383|0.76005|0.76239|9518
2021.02.05 16:00:00|0.76241|0.76516|0.76222|0.76464|8797
2021.02.05 17:00:00|0.7646500000000001|0.7658199999999999|0.76427|0.7657|6969
2021.02.05 18:00:00|0.76571|0.7658700000000001|0.76518|0.76551|4951
2021.02.05 19:00:00|0.76549|0.76695|0.76536|0.76691|3658
2021.02.05 20:00:00|0.7669|0.767|0.76646|0.7664800000000001|3104
2021.02.05 21:00:00|0.76647|0.76677|0.76635|0.76672|2125
2021.02.05 22:00:00|0.76671|0.76731|0.76644|0.76728|3177
2021.02.05 23:00:00|0.7672600000000001|0.7678199999999999|0.76707|0.76736|1284
2021.02.08 00:00:00|0.7665999999999999|0.7674|0.76655|0.76697|455
2021.02.08 01:00:00|0.76693|0.76812|0.76689|0.76778|3624
2021.02.08 02:00:00|0.76777|0.76795|0.76673|0.76681|4717
2021.02.08 03:00:00|0.7668199999999999|0.76778|0.76663|0.76778|2250
2021.02.08 04:00:00|0.7678199999999999|0.7678199999999999|0.76673|0.7674|2409
2021.02.08 05:00:00|0.76738|0.76752|0.76707|0.76746|1664
2021.02.08 06:00:00|0.76745|0.76785|0.7671|0.76711|1045
2021.02.08 07:00:00|0.76709|0.76774|0.76709|0.7674|1638
2021.02.08 08:00:00|0.76741|0.76776|0.76715|0.76749|1393
2021.02.08 09:00:00|0.7674800000000001|0.76807|0.76714|0.76751|1839
2021.02.08 10:00:00|0.7675|0.76803|0.76613|0.7665999999999999|3249
2021.02.08 11:00:00|0.76659|0.76676|0.76576|0.76646|2540
2021.02.08 12:00:00|0.76645|0.76664|0.76506|0.76557|1986
2021.02.08 13:00:00|0.76557|0.76628|0.76533|0.76548|2285
2021.02.08 14:00:00|0.7655|0.76639|0.76519|0.76619|2367
2021.02.08 15:00:00|0.7662|0.76756|0.76594|0.76716|3334
2021.02.08 16:00:00|0.76715|0.7698700000000001|0.7668700000000001|0.76952|5943
2021.02.08 17:00:00|0.76951|0.77142|0.76951|0.77094|6083
2021.02.08 18:00:00|0.77092|0.77106|0.76928|0.77002|4074
2021.02.08 19:00:00|0.77003|0.77062|0.76985|0.77023|2299
2021.02.08 20:00:00|0.77021|0.77023|0.76964|0.76981|1883
2021.02.08 21:00:00|0.7698|0.77038|0.7697000000000001|0.77033|1576
2021.02.08 22:00:00|0.77032|0.77057|0.76994|0.77047|2077
2021.02.08 23:00:00|0.77046|0.77051|0.7699|0.7699|983
2021.02.09 00:00:00|0.76967|0.77066|0.76954|0.7703|384
2021.02.09 01:00:00|0.7703|0.77078|0.7700900000000001|0.77076|1159
2021.02.09 02:00:00|0.77075|0.77156|0.77033|0.77141|3409
2021.02.09 03:00:00|0.77141|0.77202|0.77111|0.77152|3768
2021.02.09 04:00:00|0.77155|0.77297|0.7714800000000001|0.77276|4131
2021.02.09 05:00:00|0.77275|0.77307|0.77255|0.7727000000000001|2387
2021.02.09 06:00:00|0.77271|0.77293|0.77242|0.77251|1759
2021.02.09 07:00:00|0.7725|0.7729|0.77249|0.7727000000000001|1961
2021.02.09 08:00:00|0.77269|0.77284|0.77174|0.77193|2018
2021.02.09 09:00:00|0.77196|0.77261|0.77161|0.77184|2705
2021.02.09 10:00:00|0.77182|0.77266|0.77056|0.77263|4593
2021.02.09 11:00:00|0.77262|0.77354|0.77223|0.7733|4245
2021.02.09 12:00:00|0.7733100000000001|0.77341|0.77215|0.77216|2869
2021.02.09 13:00:00|0.77219|0.77229|0.77117|0.772|3020
2021.02.09 14:00:00|0.77198|0.77236|0.77132|0.77157|2617
2021.02.09 15:00:00|0.77158|0.77235|0.77073|0.77227|4068
2021.02.09 16:00:00|0.77229|0.77241|0.77084|0.77198|8548
2021.02.09 17:00:00|0.77198|0.77276|0.77119|0.77246|6066
2021.02.09 18:00:00|0.77247|0.7724800000000001|0.77111|0.7723|3750
2021.02.09 19:00:00|0.7723100000000001|0.77298|0.77225|0.7729|2631
2021.02.09 20:00:00|0.77289|0.7729200000000001|0.77212|0.77246|1861
2021.02.09 21:00:00|0.77247|0.77396|0.77246|0.77375|2727
2021.02.09 22:00:00|0.77374|0.77385|0.77336|0.77361|1883
2021.02.09 23:00:00|0.7736|0.77385|0.77336|0.77377|655
2021.02.10 00:00:00|0.7738|0.7738|0.77307|0.77337|571
2021.02.10 01:00:00|0.77337|0.77424|0.77312|0.7739|1890
2021.02.10 02:00:00|0.77391|0.77402|0.77308|0.7732599999999999|2232
2021.02.10 03:00:00|0.77327|0.77363|0.7724299999999999|0.77316|3185
2021.02.10 04:00:00|0.77317|0.77372|0.77305|0.77314|2709
2021.02.10 05:00:00|0.77313|0.77415|0.77308|0.77394|2582
2021.02.10 06:00:00|0.77393|0.77418|0.77374|0.77388|1257
2021.02.10 07:00:00|0.77386|0.77412|0.7735300000000001|0.7739|2045
2021.02.10 08:00:00|0.77389|0.77418|0.77358|0.77395|1420
2021.02.10 09:00:00|0.77395|0.77485|0.77357|0.77466|2598
2021.02.10 10:00:00|0.7746499999999999|0.77525|0.7735|0.77501|5370
2021.02.10 11:00:00|0.77502|0.77502|0.77195|0.77208|5290
2021.02.10 12:00:00|0.77207|0.77322|0.77186|0.7731|3813
2021.02.10 13:00:00|0.77316|0.77402|0.77313|0.7732599999999999|1843
2021.02.10 14:00:00|0.7732599999999999|0.7733100000000001|0.77245|0.77278|2633
2021.02.10 15:00:00|0.77279|0.7753|0.77256|0.7742|5894
2021.02.10 16:00:00|0.77419|0.77554|0.77406|0.77427|5619
2021.02.10 17:00:00|0.77428|0.7754|0.77211|0.77321|11784
2021.02.10 18:00:00|0.77322|0.77374|0.77277|0.7733100000000001|7716
2021.02.10 19:00:00|0.7733|0.77356|0.77239|0.77347|5604
2021.02.10 20:00:00|0.77347|0.7734799999999999|0.77228|0.77255|3265
2021.02.10 21:00:00|0.77256|0.7730399999999999|0.77213|0.77274|3836
2021.02.10 22:00:00|0.77276|0.77293|0.77167|0.77195|4011
2021.02.10 23:00:00|0.77193|0.77229|0.77183|0.77207|899
2021.02.11 00:00:00|0.7720900000000001|0.77234|0.7719|0.7722|884
2021.02.11 01:00:00|0.77214|0.77236|0.77203|0.7723100000000001|679
2021.02.11 02:00:00|0.77233|0.77238|0.77121|0.77125|1510
2021.02.11 03:00:00|0.7712599999999999|0.77183|0.77122|0.7716499999999999|1417
2021.02.11 04:00:00|0.77166|0.77241|0.77161|0.77241|2110
2021.02.11 05:00:00|0.77242|0.77323|0.77196|0.77317|2341
2021.02.11 06:00:00|0.77318|0.77376|0.77317|0.77336|1418
2021.02.11 07:00:00|0.77338|0.77407|0.77328|0.77404|1307
2021.02.11 08:00:00|0.77403|0.77502|0.77403|0.77497|1600
2021.02.11 09:00:00|0.77496|0.77518|0.77443|0.7746|2182
2021.02.11 10:00:00|0.77459|0.7749|0.77334|0.77355|4379
2021.02.11 11:00:00|0.77354|0.77456|0.7733|0.77441|2532
2021.02.11 12:00:00|0.77443|0.77455|0.77363|0.7738|2244
2021.02.11 13:00:00|0.77379|0.77469|0.77356|0.7744|2183
2021.02.11 14:00:00|0.77441|0.77533|0.77433|0.77533|2149
2021.02.11 15:00:00|0.77534|0.77696|0.77533|0.77664|3137
2021.02.11 16:00:00|0.77663|0.7771|0.7756999999999999|0.77574|6021
2021.02.11 17:00:00|0.77577|0.77679|0.77574|0.77596|5428
2021.02.11 18:00:00|0.77597|0.77607|0.7752|0.7754799999999999|3699
2021.02.11 19:00:00|0.77546|0.7756999999999999|0.77435|0.77504|5735
2021.02.11 20:00:00|0.77505|0.77539|0.7744|0.77512|3092
2021.02.11 21:00:00|0.77511|0.77515|0.7745|0.77481|2416
2021.02.11 22:00:00|0.77482|0.77554|0.7746499999999999|0.7753100000000001|2039
2021.02.11 23:00:00|0.7753|0.7755|0.77478|0.77478|845
2021.02.12 00:00:00|0.77486|0.776|0.77483|0.77533|410
2021.02.12 01:00:00|0.77533|0.77537|0.77445|0.7751|1063
2021.02.12 02:00:00|0.77511|0.7755|0.77467|0.77496|2224
2021.02.12 03:00:00|0.77494|0.7753|0.77455|0.77476|1663
2021.02.12 04:00:00|0.77475|0.77476|0.77346|0.77359|2385
2021.02.12 05:00:00|0.77358|0.77405|0.77355|0.77389|1742
2021.02.12 06:00:00|0.7738699999999999|0.7745300000000001|0.7738699999999999|0.77432|1838
2021.02.12 07:00:00|0.7743100000000001|0.77498|0.77428|0.77489|1850
2021.02.12 08:00:00|0.77488|0.77495|0.7741400000000001|0.77435|1687
2021.02.12 09:00:00|0.77434|0.77475|0.77359|0.77385|2316
2021.02.12 10:00:00|0.77386|0.7743100000000001|0.7723|0.7723|4564
2021.02.12 11:00:00|0.77229|0.77275|0.77191|0.77245|2953
2021.02.12 12:00:00|0.77242|0.7732599999999999|0.77235|0.77303|1739
2021.02.12 13:00:00|0.77302|0.77303|0.77208|0.77249|1706
2021.02.12 14:00:00|0.77252|0.77321|0.77232|0.77314|1938
2021.02.12 15:00:00|0.77313|0.7733|0.77176|0.77221|3343
2021.02.12 16:00:00|0.7722|0.7730900000000001|0.77183|0.77275|4518
2021.02.12 17:00:00|0.77274|0.77502|0.77272|0.77483|5502
2021.02.12 18:00:00|0.77484|0.77638|0.77444|0.77602|3498
2021.02.12 19:00:00|0.77603|0.77633|0.77565|0.77585|2131
2021.02.12 20:00:00|0.77583|0.77597|0.77539|0.77589|1565
2021.02.12 21:00:00|0.7759|0.77598|0.77541|0.77549|1626
2021.02.12 22:00:00|0.7755|0.77577|0.77515|0.7756|1408
2021.02.12 23:00:00|0.77556|0.77619|0.7754799999999999|0.77572|1008
2021.02.15 00:00:00|0.7765300000000001|0.77655|0.77597|0.77603|797
2021.02.15 01:00:00|0.77602|0.77671|0.77583|0.77622|2494
2021.02.15 02:00:00|0.77623|0.77691|0.77608|0.77618|1878
2021.02.15 03:00:00|0.77619|0.7769|0.77588|0.77671|2305
2021.02.15 04:00:00|0.7766999999999999|0.7773|0.7766|0.77728|2023
2021.02.15 05:00:00|0.77729|0.77832|0.7772|0.77829|1615
2021.02.15 06:00:00|0.7783|0.77842|0.7777500000000001|0.778|1529
2021.02.15 07:00:00|0.778|0.77871|0.77799|0.77854|1541
2021.02.15 08:00:00|0.77855|0.77865|0.77789|0.77796|1401
2021.02.15 09:00:00|0.7779700000000001|0.77815|0.77699|0.77767|2206
2021.02.15 10:00:00|0.77768|0.7786|0.77752|0.77805|3203
2021.02.15 11:00:00|0.77805|0.7781|0.77733|0.77741|2158
2021.02.15 12:00:00|0.7774|0.77782|0.77725|0.77755|1285
2021.02.15 13:00:00|0.77756|0.77822|0.77742|0.77756|1747
2021.02.15 14:00:00|0.77755|0.77789|0.77711|0.7776999999999999|2135
2021.02.15 15:00:00|0.77769|0.77773|0.7767500000000001|0.77688|2035
2021.02.15 16:00:00|0.7768699999999999|0.77742|0.77673|0.77705|2470
2021.02.15 17:00:00|0.77706|0.7783|0.77695|0.77828|2339
2021.02.15 18:00:00|0.77827|0.77878|0.77776|0.77878|1702
2021.02.15 19:00:00|0.77877|0.7788|0.77851|0.77858|853
2021.02.15 20:00:00|0.77857|0.77867|0.77747|0.77826|2920
2021.02.15 21:00:00|0.77826|0.77832|0.77815|0.77824|468
2021.02.15 22:00:00|0.77824|0.77838|0.77793|0.77808|612
2021.02.15 23:00:00|0.77808|0.77819|0.7777500000000001|0.77784|781
2021.02.16 00:00:00|0.77784|0.77835|0.77778|0.77804|434
2021.02.16 01:00:00|0.77798|0.7788|0.77789|0.77846|1912
2021.02.16 02:00:00|0.77847|0.77946|0.7783600000000001|0.77857|2075
2021.02.16 03:00:00|0.77858|0.78011|0.77826|0.77965|2969
2021.02.16 04:00:00|0.77965|0.78046|0.77951|0.78026|2536
2021.02.16 05:00:00|0.78025|0.78044|0.78004|0.78022|1995
2021.02.16 06:00:00|0.78022|0.7803600000000001|0.77927|0.77945|1798
2021.02.16 07:00:00|0.77945|0.7795800000000001|0.77757|0.77827|3513
2021.02.16 08:00:00|0.77826|0.7789|0.77782|0.77857|2556
2021.02.16 09:00:00|0.77858|0.77898|0.77738|0.77771|3230
2021.02.16 10:00:00|0.77771|0.77935|0.7775|0.77927|4492
2021.02.16 11:00:00|0.77926|0.77935|0.7785|0.77889|3331
2021.02.16 12:00:00|0.77888|0.7799199999999999|0.77846|0.77967|2516
2021.02.16 13:00:00|0.7796999999999999|0.78005|0.77934|0.7795800000000001|2251
2021.02.16 14:00:00|0.77957|0.77984|0.77796|0.77804|3266
2021.02.16 15:00:00|0.77805|0.7781|0.77528|0.77542|6742
2021.02.16 16:00:00|0.77541|0.77586|0.7744|0.7748|9257
2021.02.16 17:00:00|0.77481|0.77734|0.77477|0.77729|8646
2021.02.16 18:00:00|0.7773|0.77771|0.77546|0.77578|5588
2021.02.16 19:00:00|0.77578|0.7759|0.77466|0.77554|4180
2021.02.16 20:00:00|0.77556|0.77649|0.77549|0.77619|1932
2021.02.16 21:00:00|0.77618|0.77642|0.77604|0.77616|1535
2021.02.16 22:00:00|0.77615|0.77633|0.77586|0.7759|2650
2021.02.16 23:00:00|0.7759|0.776|0.77512|0.77541|1462
2021.02.17 00:00:00|0.77549|0.77595|0.77491|0.77491|309
2021.02.17 01:00:00|0.77489|0.7750899999999999|0.77297|0.7734799999999999|3127
2021.02.17 02:00:00|0.77349|0.77463|0.77345|0.77386|3244
2021.02.17 03:00:00|0.77386|0.77479|0.77328|0.77458|3623
2021.02.17 04:00:00|0.77456|0.77557|0.77452|0.77519|3380
2021.02.17 05:00:00|0.77518|0.77534|0.77435|0.77508|2338
2021.02.17 06:00:00|0.77507|0.77532|0.77477|0.77516|2199
2021.02.17 07:00:00|0.77515|0.77574|0.77504|0.77516|2650
2021.02.17 08:00:00|0.77517|0.77542|0.77438|0.77529|2606
2021.02.17 09:00:00|0.77528|0.77529|0.77424|0.77439|3547
2021.02.17 10:00:00|0.77438|0.77712|0.7738699999999999|0.77656|5413
2021.02.17 11:00:00|0.77658|0.7769|0.77517|0.77547|3462
2021.02.17 12:00:00|0.77546|0.77561|0.77436|0.77473|3094
2021.02.17 13:00:00|0.77472|0.77485|0.77367|0.77405|2352
2021.02.17 14:00:00|0.77404|0.77495|0.77359|0.77484|2763
2021.02.17 15:00:00|0.77482|0.77508|0.77251|0.7728699999999999|7388
2021.02.17 16:00:00|0.77286|0.77397|0.77244|0.77377|8869
2021.02.17 17:00:00|0.77376|0.77383|0.77236|0.77338|7442
2021.02.17 18:00:00|0.77337|0.77408|0.77239|0.77386|7655
2021.02.17 19:00:00|0.77385|0.77523|0.77368|0.77511|3173
2021.02.17 20:00:00|0.7751|0.7752599999999999|0.77452|0.77468|2521
2021.02.17 21:00:00|0.77468|0.77507|0.77447|0.7748|2840
2021.02.17 22:00:00|0.77481|0.77532|0.7746|0.77516|2546
2021.02.17 23:00:00|0.7751400000000001|0.77522|0.77488|0.77491|634
2021.02.18 00:00:00|0.77491|0.77536|0.77458|0.7753|310
2021.02.18 01:00:00|0.77523|0.77579|0.77502|0.77572|805
2021.02.18 02:00:00|0.77571|0.7771|0.77539|0.77604|4071
2021.02.18 03:00:00|0.77605|0.7764|0.7752|0.77565|4801
2021.02.18 04:00:00|0.77564|0.77613|0.77477|0.7760899999999999|3721
2021.02.18 05:00:00|0.7761|0.77617|0.77467|0.77505|2940
2021.02.18 06:00:00|0.77506|0.77559|0.7748699999999999|0.77524|2444
2021.02.18 07:00:00|0.77523|0.77576|0.7750899999999999|0.7754|2290
2021.02.18 08:00:00|0.77539|0.77568|0.77498|0.77537|2229
2021.02.18 09:00:00|0.77536|0.77599|0.77454|0.77582|3481
2021.02.18 10:00:00|0.77581|0.77779|0.77539|0.77772|5141
2021.02.18 11:00:00|0.77771|0.7782|0.77728|0.77785|3718
2021.02.18 12:00:00|0.77784|0.77798|0.7769200000000001|0.77713|2425
2021.02.18 13:00:00|0.7771|0.77812|0.7769|0.77764|2983
2021.02.18 14:00:00|0.77761|0.77883|0.77694|0.77818|3174
2021.02.18 15:00:00|0.77818|0.77884|0.77737|0.77769|4635
2021.02.18 16:00:00|0.7776999999999999|0.77781|0.77538|0.77598|8879
2021.02.18 17:00:00|0.77597|0.77604|0.7730399999999999|0.77393|9824
2021.02.18 18:00:00|0.77394|0.77545|0.77374|0.77486|5359
2021.02.18 19:00:00|0.77485|0.7756999999999999|0.77445|0.77557|2953
2021.02.18 20:00:00|0.77556|0.7764|0.77525|0.77598|2108
2021.02.18 21:00:00|0.77599|0.77674|0.7759200000000001|0.77666|1352
2021.02.18 22:00:00|0.77665|0.77698|0.77654|0.77674|1980
2021.02.18 23:00:00|0.7767500000000001|0.77723|0.77657|0.77661|769
2021.02.19 00:00:00|0.7766|0.77696|0.77637|0.7766999999999999|377
2021.02.19 01:00:00|0.77664|0.77724|0.77658|0.7767500000000001|999
2021.02.19 02:00:00|0.77674|0.77755|0.77655|0.77739|2239
2021.02.19 03:00:00|0.77741|0.7775300000000001|0.77604|0.77666|4848
2021.02.19 04:00:00|0.77668|0.77677|0.77568|0.77649|4154
2021.02.19 05:00:00|0.7764799999999999|0.7765300000000001|0.77591|0.7760899999999999|2938
2021.02.19 06:00:00|0.77608|0.7768|0.77607|0.77679|2458
2021.02.19 07:00:00|0.77679|0.77828|0.7766999999999999|0.77817|3203
2021.02.19 08:00:00|0.77816|0.77881|0.7781400000000001|0.7785|3285
2021.02.19 09:00:00|0.77849|0.78012|0.77823|0.77973|3651
2021.02.19 10:00:00|0.77977|0.78196|0.7796999999999999|0.7817|5522
2021.02.19 11:00:00|0.78174|0.78385|0.781|0.78283|4907
2021.02.19 12:00:00|0.78284|0.78427|0.78223|0.7842|4529
2021.02.19 13:00:00|0.7841900000000001|0.78426|0.78345|0.78422|3301
2021.02.19 14:00:00|0.7842|0.78607|0.7841399999999999|0.78583|4338
2021.02.19 15:00:00|0.78585|0.78662|0.78527|0.78651|4595
2021.02.19 16:00:00|0.7865|0.78656|0.78487|0.7858000000000001|6928
2021.02.19 17:00:00|0.7858000000000001|0.78642|0.78528|0.78617|6115
2021.02.19 18:00:00|0.78616|0.78764|0.7857499999999999|0.78717|3749
2021.02.19 19:00:00|0.78716|0.78746|0.78639|0.78723|3470
2021.02.19 20:00:00|0.7872400000000001|0.7872400000000001|0.7857499999999999|0.7861900000000001|3671
2021.02.19 21:00:00|0.78621|0.78654|0.78569|0.78645|1963
2021.02.19 22:00:00|0.78646|0.78704|0.78627|0.78668|2684
2021.02.19 23:00:00|0.78668|0.78698|0.78616|0.78616|898
2021.02.22 00:00:00|0.78683|0.78754|0.78676|0.78708|423
2021.02.22 01:00:00|0.78705|0.78913|0.78664|0.78817|2766
2021.02.22 02:00:00|0.78817|0.78979|0.78778|0.78849|3337
2021.02.22 03:00:00|0.78848|0.79075|0.78847|0.7895799999999999|4873
2021.02.22 04:00:00|0.78956|0.78969|0.78738|0.7879|4646
2021.02.22 05:00:00|0.78791|0.78798|0.78714|0.78772|3186
2021.02.22 06:00:00|0.78773|0.78805|0.78744|0.7875799999999999|2000
2021.02.22 07:00:00|0.78757|0.78861|0.78751|0.78792|3163
2021.02.22 08:00:00|0.78793|0.78811|0.7875799999999999|0.78775|2374
2021.02.22 09:00:00|0.78773|0.78787|0.78557|0.78661|6056
2021.02.22 10:00:00|0.7866|0.78744|0.78546|0.78655|6217
2021.02.22 11:00:00|0.78656|0.78751|0.78646|0.78734|4468
2021.02.22 12:00:00|0.78732|0.78844|0.78728|0.78755|2692
2021.02.22 13:00:00|0.78753|0.78908|0.78745|0.78856|3388
2021.02.22 14:00:00|0.78855|0.7891899999999999|0.7879699999999999|0.78864|2751
2021.02.22 15:00:00|0.78865|0.78988|0.7877999999999999|0.78983|4904
2021.02.22 16:00:00|0.78982|0.79023|0.78845|0.79017|8269
2021.02.22 17:00:00|0.79018|0.7918500000000001|0.79001|0.79047|8427
2021.02.22 18:00:00|0.7904600000000001|0.79179|0.78992|0.79153|4440
2021.02.22 19:00:00|0.79152|0.7919|0.79113|0.79188|2733
2021.02.22 20:00:00|0.79187|0.79265|0.79169|0.7922|1848
2021.02.22 21:00:00|0.79223|0.79286|0.79204|0.79234|1675
2021.02.22 22:00:00|0.79235|0.79242|0.79118|0.79125|3074
2021.02.22 23:00:00|0.7912400000000001|0.79162|0.7912400000000001|0.79136|1065
2021.02.23 00:00:00|0.79135|0.79167|0.79104|0.79136|343
2021.02.23 01:00:00|0.79129|0.79206|0.7911|0.79136|1779
2021.02.23 02:00:00|0.79135|0.792|0.79108|0.79171|2152
2021.02.23 03:00:00|0.7917|0.7934099999999999|0.79116|0.79318|4802
2021.02.23 04:00:00|0.79318|0.79325|0.79138|0.79161|2846
2021.02.23 05:00:00|0.79162|0.79165|0.7907999999999999|0.79137|2537
2021.02.23 06:00:00|0.79139|0.79226|0.79114|0.79218|1507
2021.02.23 07:00:00|0.79216|0.79221|0.79167|0.79188|1935
2021.02.23 08:00:00|0.79187|0.79204|0.7912400000000001|0.79154|2180
2021.02.23 09:00:00|0.79155|0.79231|0.79082|0.79149|3119
2021.02.23 10:00:00|0.79147|0.79175|0.79035|0.7914|5111
2021.02.23 11:00:00|0.79139|0.7914|0.78943|0.78982|4723
2021.02.23 12:00:00|0.78981|0.79006|0.78903|0.78933|5378
2021.02.23 13:00:00|0.78932|0.79043|0.78895|0.79038|4299
2021.02.23 14:00:00|0.79037|0.79079|0.78999|0.79029|3388
2021.02.23 15:00:00|0.7903|0.79031|0.78938|0.7899|3836
2021.02.23 16:00:00|0.78989|0.79073|0.78796|0.7887999999999999|8626
2021.02.23 17:00:00|0.78879|0.79186|0.7885|0.79079|12587
2021.02.23 18:00:00|0.79077|0.79166|0.78997|0.79003|7549
2021.02.23 19:00:00|0.7900199999999999|0.79093|0.78976|0.79012|6228
2021.02.23 20:00:00|0.7901|0.79099|0.78999|0.79086|4880
2021.02.23 21:00:00|0.7908500000000001|0.79133|0.79065|0.79103|4713
2021.02.23 22:00:00|0.7910199999999999|0.79174|0.79086|0.79132|3440
2021.02.23 23:00:00|0.79131|0.79148|0.79064|0.79096|790
2021.02.24 00:00:00|0.79095|0.79156|0.79079|0.7911|540
2021.02.24 01:00:00|0.79106|0.79144|0.79023|0.79064|1918
2021.02.24 02:00:00|0.79064|0.79231|0.7904|0.79198|3708
2021.02.24 03:00:00|0.79196|0.79445|0.7915|0.79389|9148
2021.02.24 04:00:00|0.7939000000000001|0.79422|0.7923|0.79309|6465
2021.02.24 05:00:00|0.7931|0.79344|0.7917999999999999|0.79197|6270
2021.02.24 06:00:00|0.79198|0.79204|0.79094|0.79115|3139
2021.02.24 07:00:00|0.79114|0.79135|0.79037|0.7910199999999999|5199
2021.02.24 08:00:00|0.79101|0.79176|0.79049|0.79143|3719
2021.02.24 09:00:00|0.79142|0.79242|0.7912|0.79157|5375
2021.02.24 10:00:00|0.79158|0.7924|0.79089|0.7922|7788
2021.02.24 11:00:00|0.79223|0.79233|0.79135|0.79173|5005
2021.02.24 12:00:00|0.79172|0.79209|0.79099|0.79138|3881
2021.02.24 13:00:00|0.79135|0.79282|0.79092|0.79242|3087
2021.02.24 14:00:00|0.7924|0.7932|0.79199|0.7920700000000001|3149
2021.02.24 15:00:00|0.79208|0.79222|0.78945|0.79031|6984
2021.02.24 16:00:00|0.7903|0.79125|0.79005|0.79081|10794
2021.02.24 17:00:00|0.79082|0.79194|0.78995|0.79177|11190
2021.02.24 18:00:00|0.79176|0.79339|0.79164|0.79328|5896
2021.02.24 19:00:00|0.7932900000000001|0.79442|0.7932900000000001|0.79399|4180
2021.02.24 20:00:00|0.79401|0.79482|0.79352|0.79399|2939
2021.02.24 21:00:00|0.7940199999999999|0.7945|0.79382|0.79421|2901
2021.02.24 22:00:00|0.79422|0.79671|0.79422|0.79643|4333
2021.02.24 23:00:00|0.79642|0.7972399999999999|0.7962|0.7966299999999999|1094
2021.02.25 00:00:00|0.79665|0.7967|0.79579|0.79626|817
2021.02.25 01:00:00|0.79626|0.79774|0.7958499999999999|0.7975100000000001|3129
2021.02.25 02:00:00|0.7975100000000001|0.7975100000000001|0.79618|0.79667|3488
2021.02.25 03:00:00|0.7966800000000001|0.79687|0.79584|0.79586|4590
2021.02.25 04:00:00|0.79587|0.79647|0.79521|0.79531|2783
2021.02.25 05:00:00|0.7953|0.79634|0.7952399999999999|0.79612|2756
2021.02.25 06:00:00|0.79614|0.79718|0.79606|0.79652|2467
2021.02.25 07:00:00|0.79653|0.79787|0.7965100000000001|0.79715|3430
2021.02.25 08:00:00|0.79716|0.7977|0.79705|0.79767|2712
2021.02.25 09:00:00|0.79766|0.79882|0.79713|0.79875|3899
2021.02.25 10:00:00|0.79874|0.79954|0.7984|0.79948|5601
2021.02.25 11:00:00|0.79949|0.8005100000000001|0.79889|0.8001|4639
2021.02.25 12:00:00|0.80009|0.8001|0.79876|0.79995|4075
2021.02.25 13:00:00|0.79998|0.80064|0.7977|0.79784|5418
2021.02.25 14:00:00|0.7978499999999999|0.79891|0.79767|0.79845|4621
2021.02.25 15:00:00|0.79847|0.79898|0.79727|0.79733|6922
2021.02.25 16:00:00|0.79734|0.79865|0.7968|0.79804|9403
2021.02.25 17:00:00|0.79803|0.79809|0.7950700000000001|0.79569|13622
2021.02.25 18:00:00|0.79571|0.79614|0.7944099999999999|0.79517|9672
2021.02.25 19:00:00|0.79516|0.79516|0.79151|0.79155|10642
2021.02.25 20:00:00|0.79156|0.79179|0.78725|0.78939|22975
2021.02.25 21:00:00|0.78937|0.79148|0.78874|0.7903|14101
2021.02.25 22:00:00|0.7903|0.79059|0.78578|0.7864100000000001|15756
2021.02.25 23:00:00|0.7864100000000001|0.78776|0.78638|0.787|2391
2021.02.26 00:00:00|0.7869699999999999|0.78801|0.78695|0.78756|537
2021.02.26 01:00:00|0.78751|0.78827|0.78617|0.78617|6684
2021.02.26 02:00:00|0.78616|0.78711|0.78225|0.78489|11887
2021.02.26 03:00:00|0.78485|0.78576|0.7843|0.78528|8399
2021.02.26 04:00:00|0.78529|0.787|0.78513|0.78612|5207
2021.02.26 05:00:00|0.7861|0.78668|0.7851399999999999|0.78538|5078
2021.02.26 06:00:00|0.78539|0.7857499999999999|0.7819199999999999|0.78294|5777
2021.02.26 07:00:00|0.78294|0.7836|0.78246|0.7831900000000001|5684
2021.02.26 08:00:00|0.7832|0.78413|0.7821900000000001|0.7825|5800
2021.02.26 09:00:00|0.78249|0.78327|0.7804|0.78234|9831
2021.02.26 10:00:00|0.78233|0.78448|0.78201|0.78362|8453
2021.02.26 11:00:00|0.78363|0.7838000000000001|0.78074|0.78074|5815
2021.02.26 12:00:00|0.78073|0.78113|0.77645|0.77661|6768
2021.02.26 13:00:00|0.77663|0.77873|0.77296|0.7748699999999999|8913
2021.02.26 14:00:00|0.77488|0.77741|0.774|0.7759200000000001|11493
2021.02.26 15:00:00|0.7759200000000001|0.77855|0.77517|0.77845|12934
2021.02.26 16:00:00|0.77843|0.7797500000000001|0.7763|0.77665|13823
2021.02.26 17:00:00|0.77666|0.77759|0.77378|0.77444|18647
2021.02.26 18:00:00|0.77442|0.77527|0.77102|0.77155|17105
2021.02.26 19:00:00|0.77153|0.77299|0.77112|0.77215|8469
2021.02.26 20:00:00|0.77214|0.77345|0.77114|0.77178|7331
2021.02.26 21:00:00|0.77179|0.77228|0.77056|0.7708|5981
2021.02.26 22:00:00|0.77081|0.77145|0.76916|0.7694|5580
