2020.06.17 07:00:00|40.144|40.408|40.133|40.302|2130
2020.06.17 08:00:00|40.301|40.627|40.226|40.598|3742
2020.06.17 09:00:00|40.601|40.834|40.511|40.619|5140
2020.06.17 10:00:00|40.618|41.149|40.555|41.054|8867
2020.06.17 11:00:00|41.057|41.509|41.03|41.342|9386
2020.06.17 12:00:00|41.349|41.364|40.662|40.736|10032
2020.06.17 13:00:00|40.74|40.887|40.32|40.586|7179
2020.06.17 14:00:00|40.588|40.767|40.336|40.445|6867
2020.06.17 15:00:00|40.455|40.807|40.386|40.688|6535
2020.06.17 16:00:00|40.69|40.784|40.534|40.554|12963
2020.06.17 17:00:00|40.552|41.074|40.263|40.95|19621
2020.06.17 18:00:00|40.946|40.997|40.543|40.607|14551
2020.06.17 19:00:00|40.61|40.915|40.488|40.825|8402
2020.06.17 20:00:00|40.827|40.919|40.696|40.781|6615
2020.06.17 21:00:00|40.778|40.928|40.575|40.714|7983
2020.06.17 22:00:00|40.713|40.713|40.4|40.467|4223
2020.06.17 23:00:00|40.471|40.586|40.435|40.446|1677
2020.06.18 03:00:00|40.268|40.369|40.113|40.136|3085
2020.06.18 04:00:00|40.137|40.47|40.048|40.154|4390
2020.06.18 05:00:00|40.155|40.262|40.065|40.236|2249
2020.06.18 06:00:00|40.234|40.422|40.215|40.379|2390
2020.06.18 07:00:00|40.38|40.543|40.216|40.486|1844
2020.06.18 08:00:00|40.484|40.542|40.383|40.518|2193
2020.06.18 09:00:00|40.517|40.715|40.304|40.562|4899
2020.06.18 10:00:00|40.556|40.858|40.55|40.853|6880
2020.06.18 11:00:00|40.851|41.252|40.647|41.114|10317
2020.06.18 12:00:00|41.119|41.184|40.828|40.945|7761
2020.06.18 13:00:00|40.94|41.332|40.841|41.163|6110
2020.06.18 14:00:00|41.162|41.195|40.903|40.937|5831
2020.06.18 15:00:00|40.937|41.043|40.724|40.837|8667
2020.06.18 16:00:00|40.835|40.882|40.525|40.766|13310
2020.06.18 17:00:00|40.764|41.238|40.764|41.21|13777
2020.06.18 18:00:00|41.212|41.446|41.065|41.308|10576
2020.06.18 19:00:00|41.309|41.451|41.223|41.338|5467
2020.06.18 20:00:00|41.34|41.401|41.157|41.308|6065
2020.06.18 21:00:00|41.305|41.558|41.173|41.448|6682
2020.06.18 22:00:00|41.449|41.504|41.32|41.369|2627
2020.06.18 23:00:00|41.371|41.464|41.304|41.328|1608
2020.06.19 03:00:00|41.68|41.693|41.463|41.527|3175
2020.06.19 04:00:00|41.525|41.739|41.449|41.578|2525
2020.06.19 05:00:00|41.579|41.849|41.529|41.849|1826
2020.06.19 06:00:00|41.847|41.932|41.685|41.762|1524
2020.06.19 07:00:00|41.764|41.796|41.711|41.718|1095
2020.06.19 08:00:00|41.715|41.84|41.707|41.807|1255
2020.06.19 09:00:00|41.809|42.119|41.807|42.019|3205
2020.06.19 10:00:00|42.022|42.385|41.91|42.372|5968
2020.06.19 11:00:00|42.374|42.74|42.253|42.64|7933
2020.06.19 12:00:00|42.641|42.763|42.329|42.55|5972
2020.06.19 13:00:00|42.549|42.582|42.261|42.32|4635
2020.06.19 14:00:00|42.318|42.474|42.203|42.463|4199
2020.06.19 15:00:00|42.46|42.697|42.408|42.489|5352
2020.06.19 16:00:00|42.492|42.622|42.211|42.542|10293
2020.06.19 17:00:00|42.544|42.817|42.365|42.463|9204
2020.06.19 18:00:00|42.465|42.652|42.081|42.105|8708
2020.06.19 19:00:00|42.106|42.131|40.977|41.877|16104
2020.06.19 20:00:00|41.881|42.234|41.869|42.079|9842
2020.06.19 21:00:00|42.072|42.237|41.808|42.123|11227
2020.06.19 22:00:00|42.127|42.199|41.966|41.998|5105
2020.06.19 23:00:00|42.002|42.018|41.728|41.792|2493
2020.06.22 03:00:00|42.133|42.389|42.005|42.087|4091
2020.06.22 04:00:00|42.089|42.441|42.08|42.254|3551
2020.06.22 05:00:00|42.248|42.403|42.171|42.238|2093
2020.06.22 06:00:00|42.236|42.246|41.997|42.11|2617
2020.06.22 07:00:00|42.103|42.211|41.967|41.991|1885
2020.06.22 08:00:00|41.989|42.039|41.931|41.96|2229
2020.06.22 09:00:00|41.961|42.115|41.901|42.115|2837
2020.06.22 10:00:00|42.113|42.425|42.104|42.238|6218
2020.06.22 11:00:00|42.243|42.334|42.1|42.244|5533
2020.06.22 12:00:00|42.243|42.344|42.05|42.08|3745
2020.06.22 13:00:00|42.082|42.248|42.072|42.102|3795
2020.06.22 14:00:00|42.099|42.116|41.884|41.993|3758
2020.06.22 15:00:00|41.99|42.096|41.812|42.048|4991
2020.06.22 16:00:00|42.05|42.262|41.967|42.175|9169
2020.06.22 17:00:00|42.178|42.457|42.125|42.341|8516
2020.06.22 18:00:00|42.339|42.716|42.251|42.677|7307
2020.06.22 19:00:00|42.678|42.754|42.5|42.724|5202
2020.06.22 20:00:00|42.723|42.771|42.579|42.728|4351
2020.06.22 21:00:00|42.727|43.082|42.685|43.035|6053
2020.06.22 22:00:00|43.037|43.086|42.952|43.049|2441
2020.06.22 23:00:00|43.047|43.127|42.885|42.895|1360
2020.06.23 03:00:00|43.198|43.225|43.006|43.111|2641
2020.06.23 04:00:00|43.112|43.195|42.184|42.666|10934
2020.06.23 05:00:00|42.665|43.094|42.598|43.073|6720
2020.06.23 06:00:00|43.075|43.094|42.816|42.882|2469
2020.06.23 07:00:00|42.88|43.012|42.845|42.863|2103
2020.06.23 08:00:00|42.866|43.037|42.664|42.674|2567
2020.06.23 09:00:00|42.673|42.952|42.672|42.912|3633
2020.06.23 10:00:00|42.914|43.416|42.822|43.416|6105
2020.06.23 11:00:00|43.419|43.56|43.23|43.234|6199
2020.06.23 12:00:00|43.238|43.712|43.161|43.675|5081
2020.06.23 13:00:00|43.678|43.89|43.621|43.752|4203
2020.06.23 14:00:00|43.75|43.928|43.717|43.818|3260
2020.06.23 15:00:00|43.814|43.929|43.336|43.478|4850
2020.06.23 16:00:00|43.482|43.592|43.041|43.118|9399
2020.06.23 17:00:00|43.115|43.515|43.067|43.452|10543
2020.06.23 18:00:00|43.45|43.686|43.235|43.375|8187
2020.06.23 19:00:00|43.371|43.43|43.057|43.173|6517
2020.06.23 20:00:00|43.176|43.269|42.566|42.577|8069
2020.06.23 21:00:00|42.574|42.792|42.416|42.662|8168
2020.06.23 22:00:00|42.66|42.682|42.47|42.585|3451
2020.06.23 23:00:00|42.582|42.676|42.364|42.374|1956
2020.06.24 03:00:00|42.573|42.804|42.456|42.726|2679
2020.06.24 04:00:00|42.725|42.785|42.486|42.548|2766
2020.06.24 05:00:00|42.545|42.578|42.416|42.437|2320
2020.06.24 06:00:00|42.436|42.563|42.383|42.557|2118
2020.06.24 07:00:00|42.558|42.692|42.516|42.627|1372
2020.06.24 08:00:00|42.625|42.692|42.536|42.604|1159
2020.06.24 09:00:00|42.606|42.843|42.547|42.819|2505
2020.06.24 10:00:00|42.817|42.916|42.341|42.501|6262
2020.06.24 11:00:00|42.498|42.589|42.04|42.18|8712
2020.06.24 12:00:00|42.184|42.401|41.889|42.273|6610
2020.06.24 13:00:00|42.27|42.382|42.046|42.064|4012
2020.06.24 14:00:00|42.066|42.128|41.858|41.979|3368
2020.06.24 15:00:00|41.981|42.308|41.884|42.298|4365
2020.06.24 16:00:00|42.3|42.497|41.796|41.804|10380
2020.06.24 17:00:00|41.798|42.012|40.795|40.878|16241
2020.06.24 18:00:00|40.875|40.934|39.854|40.425|23081
2020.06.24 19:00:00|40.415|40.918|40.165|40.907|12358
2020.06.24 20:00:00|40.903|41.006|40.429|40.572|10983
2020.06.24 21:00:00|40.57|40.606|40.17|40.418|11622
2020.06.24 22:00:00|40.41|40.45|40.134|40.377|5938
2020.06.24 23:00:00|40.382|40.652|40.377|40.461|2160
2020.06.25 03:00:00|40.516|40.906|40.407|40.839|3205
2020.06.25 04:00:00|40.842|40.9|40.311|40.311|3403
2020.06.25 05:00:00|40.314|40.347|40.024|40.335|3141
2020.06.25 06:00:00|40.341|40.399|40.164|40.329|2569
2020.06.25 07:00:00|40.333|40.371|40.098|40.192|2116
2020.06.25 08:00:00|40.191|40.328|40.056|40.081|1999
2020.06.25 09:00:00|40.076|40.261|40.056|40.131|3042
2020.06.25 10:00:00|40.125|40.307|39.695|39.787|8382
2020.06.25 11:00:00|39.792|40.569|39.685|40.382|10442
2020.06.25 12:00:00|40.385|40.694|40.217|40.236|7540
2020.06.25 13:00:00|40.238|40.477|39.996|40.16|6339
2020.06.25 14:00:00|40.157|40.269|39.873|39.878|5904
2020.06.25 15:00:00|39.88|40.035|39.719|39.847|8492
2020.06.25 16:00:00|39.846|40.774|39.808|40.737|14185
2020.06.25 17:00:00|40.74|41.211|40.646|40.663|14954
2020.06.25 18:00:00|40.666|40.988|40.417|40.842|10934
2020.06.25 19:00:00|40.847|41.347|40.812|41.291|8389
2020.06.25 20:00:00|41.293|41.511|41.131|41.194|6413
2020.06.25 21:00:00|41.196|41.285|40.974|41.131|7231
2020.06.25 22:00:00|41.134|41.451|41.119|41.396|5232
2020.06.25 23:00:00|41.395|41.588|41.346|41.351|1784
2020.06.26 03:00:00|41.348|41.545|41.188|41.473|3226
2020.06.26 04:00:00|41.477|41.617|41.383|41.554|1430
2020.06.26 05:00:00|41.561|41.564|41.455|41.474|1056
2020.06.26 06:00:00|41.476|41.563|41.446|41.544|844
2020.06.26 07:00:00|41.547|41.654|41.544|41.562|796
2020.06.26 08:00:00|41.564|41.655|41.55|41.564|822
2020.06.26 09:00:00|41.567|41.575|41.279|41.286|2554
2020.06.26 10:00:00|41.287|41.549|41.148|41.42|6195
2020.06.26 11:00:00|41.426|41.594|41.058|41.568|7608
2020.06.26 12:00:00|41.569|41.768|41.429|41.491|5325
2020.06.26 13:00:00|41.49|41.539|41.312|41.507|4385
2020.06.26 14:00:00|41.508|41.604|41.17|41.21|4820
2020.06.26 15:00:00|41.212|41.242|40.737|40.785|7521
2020.06.26 16:00:00|40.787|41.196|40.728|40.924|13433
2020.06.26 17:00:00|40.926|40.944|40.318|40.549|18391
2020.06.26 18:00:00|40.553|40.77|40.379|40.455|13614
2020.06.26 19:00:00|40.457|40.779|40.259|40.757|9742
2020.06.26 20:00:00|40.753|40.876|40.607|40.693|7888
2020.06.26 21:00:00|40.691|40.957|40.63|40.785|9179
2020.06.26 22:00:00|40.781|40.817|40.541|40.589|4608
2020.06.26 23:00:00|40.582|40.692|40.494|40.547|1747
2020.06.29 03:00:00|40.345|40.406|40.157|40.313|2404
2020.06.29 04:00:00|40.308|40.7|40.29|40.465|5058
2020.06.29 05:00:00|40.462|40.464|40.183|40.188|2678
2020.06.29 06:00:00|40.191|40.275|40.064|40.242|2327
2020.06.29 07:00:00|40.245|40.308|40.118|40.135|1769
2020.06.29 08:00:00|40.126|40.286|40.021|40.075|2197
2020.06.29 09:00:00|40.08|40.393|39.994|40.351|3790
2020.06.29 10:00:00|40.355|40.538|40.153|40.242|7770
2020.06.29 11:00:00|40.246|40.431|40.064|40.374|8193
2020.06.29 12:00:00|40.376|40.814|40.307|40.804|6225
2020.06.29 13:00:00|40.805|41.131|40.705|41.054|6585
2020.06.29 14:00:00|41.055|41.425|40.966|41.343|6234
2020.06.29 15:00:00|41.347|41.51|41.144|41.323|7080
2020.06.29 16:00:00|41.326|41.326|40.955|41.045|16206
2020.06.29 17:00:00|41.043|41.55|40.817|41.287|15409
2020.06.29 18:00:00|41.291|41.463|41.199|41.347|9830
2020.06.29 19:00:00|41.351|41.912|41.351|41.746|8560
2020.06.29 20:00:00|41.749|41.873|41.676|41.745|5185
2020.06.29 21:00:00|41.747|41.974|41.727|41.848|7689
2020.06.29 22:00:00|41.849|41.855|41.536|41.775|3749
2020.06.29 23:00:00|41.777|41.861|41.708|41.729|1985
2020.06.30 03:00:00|41.726|41.733|41.45|41.593|2823
2020.06.30 04:00:00|41.594|41.781|41.57|41.644|2043
2020.06.30 05:00:00|41.644|41.704|41.583|41.7|1083
2020.06.30 06:00:00|41.702|41.751|41.6|41.626|953
2020.06.30 07:00:00|41.624|41.683|41.59|41.597|584
2020.06.30 08:00:00|41.594|41.687|41.518|41.581|2157
2020.06.30 09:00:00|41.585|41.664|41.544|41.556|2945
2020.06.30 10:00:00|41.557|41.687|41.423|41.437|8444
2020.06.30 11:00:00|41.444|41.684|41.277|41.462|8948
2020.06.30 12:00:00|41.469|41.474|41.201|41.421|6809
2020.06.30 13:00:00|41.412|41.492|41.284|41.401|4217
2020.06.30 14:00:00|41.398|41.58|41.193|41.208|5315
2020.06.30 15:00:00|41.206|41.317|41.068|41.144|5668
2020.06.30 16:00:00|41.142|41.386|41.023|41.369|13905
2020.06.30 17:00:00|41.367|41.563|41.104|41.494|16905
2020.06.30 18:00:00|41.498|41.752|41.46|41.576|9176
2020.06.30 19:00:00|41.578|41.723|41.532|41.532|6387
2020.06.30 20:00:00|41.533|41.963|41.517|41.532|8417
2020.06.30 21:00:00|41.53|41.532|40.986|41.236|13179
2020.06.30 22:00:00|41.238|41.451|41.152|41.304|4993
2020.06.30 23:00:00|41.301|41.615|41.278|41.615|2426
2020.07.01 03:00:00|41.459|41.622|41.459|41.578|1632
2020.07.01 04:00:00|41.573|41.778|41.55|41.75|2315
2020.07.01 05:00:00|41.751|41.815|41.645|41.71|1350
2020.07.01 06:00:00|41.712|41.763|41.658|41.717|893
2020.07.01 07:00:00|41.723|41.752|41.593|41.619|922
2020.07.01 08:00:00|41.62|41.797|41.539|41.663|2533
2020.07.01 09:00:00|41.661|41.83|41.495|41.737|2407
2020.07.01 10:00:00|41.729|42.343|41.706|42.091|5897
2020.07.01 11:00:00|42.101|42.477|42.06|42.438|5997
2020.07.01 12:00:00|42.44|42.596|42.315|42.366|3931
2020.07.01 13:00:00|42.369|42.419|42.115|42.209|4839
2020.07.01 14:00:00|42.214|42.214|41.725|41.833|7392
2020.07.01 15:00:00|41.835|41.88|41.005|41.844|11561
2020.07.01 16:00:00|41.84|42.024|41.371|41.498|17632
2020.07.01 17:00:00|41.501|41.874|41.282|41.873|19914
2020.07.01 18:00:00|41.879|42.207|41.434|41.955|19794
2020.07.01 19:00:00|41.958|42.156|41.791|41.967|9551
2020.07.01 20:00:00|41.97|42.08|41.902|42.071|6648
2020.07.01 21:00:00|42.072|42.123|41.817|41.982|11243
2020.07.01 22:00:00|41.98|42.064|41.888|41.929|2686
2020.07.01 23:00:00|41.927|41.967|41.836|41.874|1287
2020.07.02 03:00:00|41.742|41.943|41.716|41.836|2264
2020.07.02 04:00:00|41.834|41.994|41.819|41.937|1867
2020.07.02 05:00:00|41.944|42.086|41.919|42.063|1645
2020.07.02 06:00:00|42.064|42.145|42.016|42.07|1402
2020.07.02 07:00:00|42.069|42.13|42.039|42.044|908
2020.07.02 08:00:00|42.042|42.09|41.995|42.067|1367
2020.07.02 09:00:00|42.059|42.322|42.043|42.274|2825
2020.07.02 10:00:00|42.272|42.573|42.27|42.486|5201
2020.07.02 11:00:00|42.49|42.633|42.189|42.218|6773
2020.07.02 12:00:00|42.22|42.425|42.071|42.413|4728
2020.07.02 13:00:00|42.415|42.433|42.18|42.343|4230
2020.07.02 14:00:00|42.341|42.436|42.261|42.411|3711
2020.07.02 15:00:00|42.412|42.628|42.283|42.567|8129
2020.07.02 16:00:00|42.563|42.832|42.495|42.767|10236
2020.07.02 17:00:00|42.772|42.926|42.167|42.319|16922
2020.07.02 18:00:00|42.318|42.685|42.067|42.623|13662
2020.07.02 19:00:00|42.624|42.662|42.421|42.506|7610
2020.07.02 20:00:00|42.504|42.859|42.482|42.841|6807
2020.07.02 21:00:00|42.84|43.195|42.779|42.804|8790
2020.07.02 22:00:00|42.807|42.824|42.556|42.713|3299
2020.07.02 23:00:00|42.711|42.783|42.654|42.676|1346
2020.07.03 03:00:00|42.641|42.775|42.627|42.742|1553
2020.07.03 04:00:00|42.744|42.945|42.742|42.848|1699
2020.07.03 05:00:00|42.845|42.959|42.819|42.853|1273
2020.07.03 06:00:00|42.85|42.887|42.753|42.795|794
2020.07.03 07:00:00|42.793|42.795|42.619|42.634|974
2020.07.03 08:00:00|42.632|42.708|42.552|42.638|1392
2020.07.03 09:00:00|42.637|42.83|42.622|42.765|1548
2020.07.03 10:00:00|42.768|42.865|42.554|42.65|5294
2020.07.03 11:00:00|42.652|42.73|42.47|42.609|4988
2020.07.03 12:00:00|42.608|42.636|42.375|42.405|2624
2020.07.03 13:00:00|42.402|42.632|42.301|42.616|3032
2020.07.03 14:00:00|42.614|42.638|42.452|42.619|2253
2020.07.03 15:00:00|42.618|42.696|42.538|42.577|2788
2020.07.03 16:00:00|42.58|42.65|42.455|42.499|4133
2020.07.03 17:00:00|42.495|42.617|42.317|42.608|4463
2020.07.03 18:00:00|42.607|42.82|42.566|42.773|5296
2020.07.03 19:00:00|42.769|42.858|42.695|42.85|1624
2020.07.06 03:00:00|42.966|43.013|42.85|42.93|915
2020.07.06 04:00:00|42.932|43.003|42.77|42.93|2451
2020.07.06 05:00:00|42.932|42.976|42.847|42.938|1370
2020.07.06 06:00:00|42.941|43.083|42.887|43.058|965
2020.07.06 07:00:00|43.055|43.114|43.009|43.068|1087
2020.07.06 08:00:00|43.07|43.169|43.036|43.159|945
2020.07.06 09:00:00|43.156|43.354|43.122|43.341|1751
2020.07.06 10:00:00|43.343|43.69|43.317|43.526|5432
2020.07.06 11:00:00|43.527|43.65|43.415|43.482|6386
2020.07.06 12:00:00|43.485|43.52|43.335|43.389|4221
2020.07.06 13:00:00|43.391|43.465|43.2|43.322|4452
2020.07.06 14:00:00|43.319|43.357|43.065|43.195|3890
2020.07.06 15:00:00|43.197|43.356|43.167|43.249|3840
2020.07.06 16:00:00|43.251|43.307|42.765|43.193|11996
2020.07.06 17:00:00|43.211|43.366|42.866|43.329|12459
2020.07.06 18:00:00|43.33|43.53|43.1|43.113|8479
2020.07.06 19:00:00|43.108|43.242|42.942|43.06|6827
2020.07.06 20:00:00|43.061|43.338|43.054|43.337|5742
2020.07.06 21:00:00|43.336|43.353|42.998|43.088|6909
2020.07.06 22:00:00|43.086|43.131|43.032|43.071|2622
2020.07.06 23:00:00|43.074|43.131|43.001|43.013|1568
2020.07.07 03:00:00|43.126|43.217|43.113|43.167|1349
2020.07.07 04:00:00|43.164|43.2|42.858|42.872|3422
2020.07.07 05:00:00|42.869|42.959|42.843|42.89|1787
2020.07.07 06:00:00|42.885|42.984|42.88|42.969|1022
2020.07.07 07:00:00|42.966|42.966|42.892|42.919|915
2020.07.07 08:00:00|42.918|42.953|42.786|42.808|1371
2020.07.07 09:00:00|42.808|42.811|42.531|42.563|3065
2020.07.07 10:00:00|42.561|42.79|42.535|42.769|4565
2020.07.07 11:00:00|42.77|42.935|42.666|42.837|6778
2020.07.07 12:00:00|42.833|42.869|42.491|42.717|6147
2020.07.07 13:00:00|42.716|42.734|42.547|42.62|5319
2020.07.07 14:00:00|42.619|43.012|42.619|42.979|4545
2020.07.07 15:00:00|42.977|43.025|42.835|42.954|4610
2020.07.07 16:00:00|42.956|43.023|42.799|42.993|7845
2020.07.07 17:00:00|42.991|43.377|42.985|43.22|10070
2020.07.07 18:00:00|43.217|43.44|43.144|43.352|7530
2020.07.07 19:00:00|43.356|43.471|43.286|43.381|5570
2020.07.07 20:00:00|43.386|43.408|43.3|43.361|4538
2020.07.07 21:00:00|43.36|43.363|42.881|42.977|6171
2020.07.07 22:00:00|42.979|42.993|42.787|42.841|2996
2020.07.07 23:00:00|42.846|42.972|42.794|42.858|1595
2020.07.08 03:00:00|42.868|43.037|42.795|42.928|1676
2020.07.08 04:00:00|42.93|43.227|42.921|43.017|2704
2020.07.08 05:00:00|43.015|43.101|42.985|43.085|1647
2020.07.08 06:00:00|43.083|43.195|43.045|43.053|1086
2020.07.08 07:00:00|43.052|43.086|42.958|42.985|1108
2020.07.08 08:00:00|42.982|43.047|42.958|42.985|1118
2020.07.08 09:00:00|42.983|43.02|42.859|42.901|2052
2020.07.08 10:00:00|42.904|43.159|42.851|43.08|6465
2020.07.08 11:00:00|43.078|43.27|42.93|43.104|6372
2020.07.08 12:00:00|43.108|43.175|42.966|43.061|5101
2020.07.08 13:00:00|43.064|43.119|42.986|43.119|3610
2020.07.08 14:00:00|43.12|43.297|43.069|43.27|3475
2020.07.08 15:00:00|43.271|43.326|43.228|43.23|3147
2020.07.08 16:00:00|43.229|43.278|43.087|43.236|7114
2020.07.08 17:00:00|43.239|43.28|42.898|43.168|12572
2020.07.08 18:00:00|43.166|43.215|42.894|43.069|10749
2020.07.08 19:00:00|43.071|43.493|43.039|43.414|7194
2020.07.08 20:00:00|43.415|43.457|43.289|43.33|5059
2020.07.08 21:00:00|43.328|43.383|43.236|43.36|6358
2020.07.08 22:00:00|43.364|43.402|43.25|43.298|2306
2020.07.08 23:00:00|43.299|43.349|43.248|43.259|1101
2020.07.09 03:00:00|43.344|43.411|43.307|43.366|1192
2020.07.09 04:00:00|43.368|43.41|43.17|43.269|2755
2020.07.09 05:00:00|43.267|43.312|43.213|43.28|1355
2020.07.09 06:00:00|43.279|43.302|43.248|43.301|788
2020.07.09 07:00:00|43.3|43.37|43.296|43.345|843
2020.07.09 08:00:00|43.344|43.354|43.21|43.235|1457
2020.07.09 09:00:00|43.234|43.342|43.148|43.327|2309
2020.07.09 10:00:00|43.323|43.369|43.068|43.124|4920
2020.07.09 11:00:00|43.126|43.38|43.077|43.285|4683
2020.07.09 12:00:00|43.286|43.415|43.256|43.341|3587
2020.07.09 13:00:00|43.339|43.471|43.283|43.448|2653
2020.07.09 14:00:00|43.452|43.533|43.379|43.39|2485
2020.07.09 15:00:00|43.392|43.47|43.379|43.405|2938
2020.07.09 16:00:00|43.408|43.429|43.063|43.156|9761
2020.07.09 17:00:00|43.156|43.214|41.993|42.209|19586
2020.07.09 18:00:00|42.207|42.639|42.128|42.577|17947
2020.07.09 19:00:00|42.579|42.762|42.444|42.5|9383
2020.07.09 20:00:00|42.502|42.593|42.241|42.262|8013
2020.07.09 21:00:00|42.263|42.531|42.242|42.297|7094
2020.07.09 22:00:00|42.295|42.377|42.207|42.326|3516
2020.07.09 23:00:00|42.331|42.452|42.302|42.352|1817
2020.07.10 03:00:00|42.474|42.623|42.341|42.411|2364
2020.07.10 04:00:00|42.409|42.424|42.259|42.269|3058
2020.07.10 05:00:00|42.268|42.283|42.139|42.168|2082
2020.07.10 06:00:00|42.165|42.191|42.114|42.156|1453
2020.07.10 07:00:00|42.153|42.153|42.047|42.054|1087
2020.07.10 08:00:00|42.053|42.058|41.722|41.837|2677
2020.07.10 09:00:00|41.838|41.959|41.757|41.793|3989
2020.07.10 10:00:00|41.795|41.981|41.651|41.947|6991
2020.07.10 11:00:00|41.939|42.101|41.607|41.718|8241
2020.07.10 12:00:00|41.723|41.825|41.405|41.627|7935
2020.07.10 13:00:00|41.628|41.801|41.443|41.791|4629
2020.07.10 14:00:00|41.793|41.998|41.792|41.906|4364
2020.07.10 15:00:00|41.908|42.331|41.795|42.258|6897
2020.07.10 16:00:00|42.255|42.768|42.251|42.654|14845
2020.07.10 17:00:00|42.652|42.926|42.468|42.879|13103
2020.07.10 18:00:00|42.881|43.124|42.781|43.087|9691
2020.07.10 19:00:00|43.088|43.16|42.796|42.955|6749
2020.07.10 20:00:00|42.954|43.456|42.919|43.415|6756
2020.07.10 21:00:00|43.417|43.467|43.236|43.273|6898
2020.07.10 22:00:00|43.27|43.314|43.166|43.236|3071
2020.07.10 23:00:00|43.238|43.401|43.207|43.273|1665
2020.07.13 03:00:00|42.912|43|42.81|42.966|2067
2020.07.13 04:00:00|42.968|43.123|42.968|43.025|2084
2020.07.13 05:00:00|43.023|43.048|42.88|42.885|1477
2020.07.13 06:00:00|42.892|43.022|42.872|42.995|1168
2020.07.13 07:00:00|42.993|43.068|42.957|43.004|742
2020.07.13 08:00:00|43.002|43.077|42.988|43.057|1279
2020.07.13 09:00:00|43.056|43.121|42.948|43.022|2404
2020.07.13 10:00:00|43.023|43.103|42.805|42.818|7243
2020.07.13 11:00:00|42.819|42.941|42.629|42.688|7916
2020.07.13 12:00:00|42.69|42.85|42.613|42.841|4986
2020.07.13 13:00:00|42.84|42.84|42.492|42.576|4376
2020.07.13 14:00:00|42.577|42.923|42.553|42.885|4862
2020.07.13 15:00:00|42.882|43.012|42.79|42.915|5537
2020.07.13 16:00:00|42.917|43.194|42.85|42.852|12141
2020.07.13 17:00:00|42.851|43.26|42.801|43.246|9838
2020.07.13 18:00:00|43.245|43.406|43.186|43.325|7959
2020.07.13 19:00:00|43.323|43.395|43.212|43.262|5359
2020.07.13 20:00:00|43.263|43.42|43.258|43.311|5220
2020.07.13 21:00:00|43.308|43.344|42.654|42.696|9243
2020.07.13 22:00:00|42.698|42.702|42.334|42.442|7776
2020.07.13 23:00:00|42.443|42.451|42.263|42.273|1905
2020.07.14 03:00:00|42.336|42.336|42.152|42.218|1924
2020.07.14 04:00:00|42.216|42.302|41.959|42.033|3075
2020.07.14 05:00:00|42.035|42.06|41.958|41.977|2073
2020.07.14 06:00:00|41.976|42.088|41.961|41.984|1696
2020.07.14 07:00:00|41.985|42.036|41.923|42.023|1352
2020.07.14 08:00:00|42.02|42.169|42.014|42.097|1737
2020.07.14 09:00:00|42.099|42.439|42.096|42.385|2496
2020.07.14 10:00:00|42.387|42.387|42.044|42.213|5672
2020.07.14 11:00:00|42.215|42.479|42.199|42.457|6823
2020.07.14 12:00:00|42.458|42.58|42.253|42.539|5476
2020.07.14 13:00:00|42.537|42.632|42.462|42.571|4030
2020.07.14 14:00:00|42.574|42.586|42.409|42.51|3894
2020.07.14 15:00:00|42.506|42.557|42.062|42.141|6094
2020.07.14 16:00:00|42.14|42.931|42.083|42.715|21145
2020.07.14 17:00:00|42.713|43.135|42.533|43.114|18909
2020.07.14 18:00:00|43.118|43.311|43.045|43.175|14129
2020.07.14 19:00:00|43.176|43.22|42.99|43.028|8108
2020.07.14 20:00:00|43.031|43.069|42.844|42.936|7817
2020.07.14 21:00:00|42.935|43.073|42.838|42.888|8099
2020.07.14 22:00:00|42.892|42.941|42.839|42.916|2905
2020.07.14 23:00:00|42.918|43.18|42.909|43.071|2059
2020.07.15 03:00:00|43.19|43.227|43.053|43.108|1831
2020.07.15 04:00:00|43.109|43.275|43.099|43.23|1955
2020.07.15 05:00:00|43.228|43.287|43.211|43.26|1121
2020.07.15 06:00:00|43.258|43.277|43.169|43.205|1187
2020.07.15 07:00:00|43.202|43.239|43.163|43.184|617
2020.07.15 08:00:00|43.183|43.226|43.149|43.152|977
2020.07.15 09:00:00|43.153|43.232|43.115|43.195|1566
2020.07.15 10:00:00|43.197|43.468|43.119|43.381|5027
2020.07.15 11:00:00|43.385|43.686|43.384|43.595|5751
2020.07.15 12:00:00|43.622|43.636|43.21|43.336|4676
2020.07.15 13:00:00|43.342|43.514|43.257|43.508|4110
2020.07.15 14:00:00|43.509|43.58|43.405|43.485|4184
2020.07.15 15:00:00|43.488|43.572|43.432|43.522|4530
2020.07.15 16:00:00|43.523|43.556|42.793|43.155|17547
2020.07.15 17:00:00|43.156|43.65|42.906|43.603|13659
2020.07.15 18:00:00|43.604|43.643|43.344|43.394|12324
2020.07.15 19:00:00|43.393|43.548|43.12|43.507|10236
2020.07.15 20:00:00|43.504|43.852|43.469|43.812|7010
2020.07.15 21:00:00|43.814|43.9|43.708|43.735|7128
2020.07.15 22:00:00|43.733|43.835|43.671|43.683|3646
2020.07.15 23:00:00|43.684|43.74|43.625|43.635|1239
2020.07.16 03:00:00|43.715|43.745|43.667|43.703|1701
2020.07.16 04:00:00|43.698|43.856|43.668|43.778|2239
2020.07.16 05:00:00|43.779|43.855|43.52|43.623|1896
2020.07.16 06:00:00|43.621|43.635|43.563|43.595|1125
2020.07.16 07:00:00|43.598|43.62|43.575|43.606|686
2020.07.16 08:00:00|43.604|43.607|43.434|43.567|1818
2020.07.16 09:00:00|43.57|43.668|43.485|43.495|2725
2020.07.16 10:00:00|43.493|43.731|43.426|43.645|5441
2020.07.16 11:00:00|43.641|43.656|43.393|43.482|5647
2020.07.16 12:00:00|43.48|43.569|43.397|43.535|3621
2020.07.16 13:00:00|43.533|43.603|43.439|43.442|2828
2020.07.16 14:00:00|43.443|43.576|43.443|43.57|2411
2020.07.16 15:00:00|43.573|43.585|43.443|43.463|3517
2020.07.16 16:00:00|43.461|43.559|43.376|43.491|7889
2020.07.16 17:00:00|43.498|43.747|43.424|43.723|7987
2020.07.16 18:00:00|43.722|43.798|43.563|43.646|6439
2020.07.16 19:00:00|43.645|43.67|43.309|43.325|4473
2020.07.16 20:00:00|43.323|43.402|43.309|43.335|2950
2020.07.16 21:00:00|43.333|43.46|43.207|43.228|3759
2020.07.16 22:00:00|43.227|43.384|43.194|43.364|2860
2020.07.16 23:00:00|43.37|43.375|43.291|43.291|1335
2020.07.17 03:00:00|43.475|43.522|43.42|43.42|1107
2020.07.17 04:00:00|43.422|43.432|43.312|43.42|1730
2020.07.17 05:00:00|43.422|43.497|43.379|43.428|1185
2020.07.17 06:00:00|43.43|43.435|43.336|43.367|985
2020.07.17 07:00:00|43.368|43.382|43.268|43.31|954
2020.07.17 08:00:00|43.308|43.335|43.235|43.332|1332
2020.07.17 09:00:00|43.329|43.367|43.281|43.311|1439
2020.07.17 10:00:00|43.307|43.338|42.98|43.026|4317
2020.07.17 11:00:00|43.025|43.209|42.944|43.055|5101
2020.07.17 12:00:00|43.053|43.225|43.005|43.022|3600
2020.07.17 13:00:00|43.02|43.213|42.998|43.201|2420
2020.07.17 14:00:00|43.2|43.204|43.055|43.116|2264
2020.07.17 15:00:00|43.114|43.294|43.085|43.168|2634
2020.07.17 16:00:00|43.165|43.47|43.092|43.132|8159
2020.07.17 17:00:00|43.13|43.188|42.708|43.075|9981
2020.07.17 18:00:00|43.072|43.341|42.995|43.293|7404
2020.07.17 19:00:00|43.299|43.362|43.241|43.261|3756
2020.07.17 20:00:00|43.264|43.358|43.205|43.276|3435
2020.07.17 21:00:00|43.278|43.308|43.155|43.205|3802
2020.07.17 22:00:00|43.208|43.232|43.169|43.187|1754
2020.07.17 23:00:00|43.188|43.198|43.126|43.131|884
2020.07.20 03:00:00|43.202|43.227|43.046|43.057|1157
2020.07.20 04:00:00|43.056|43.095|42.855|42.966|2653
2020.07.20 05:00:00|42.965|43.031|42.935|42.947|1340
2020.07.20 06:00:00|42.948|43.054|42.917|42.97|900
2020.07.20 07:00:00|42.969|42.988|42.952|42.978|633
2020.07.20 08:00:00|42.968|42.999|42.912|42.97|1181
2020.07.20 09:00:00|42.968|42.992|42.877|42.9|1445
2020.07.20 10:00:00|42.893|42.893|42.66|42.856|3777
2020.07.20 11:00:00|42.859|43.059|42.78|42.986|4507
2020.07.20 12:00:00|42.985|43.135|42.903|42.913|3120
2020.07.20 13:00:00|42.909|42.943|42.828|42.884|2554
2020.07.20 14:00:00|42.886|43.038|42.874|42.95|2893
2020.07.20 15:00:00|42.948|43.001|42.873|42.961|2997
2020.07.20 16:00:00|42.96|43.045|42.636|42.638|6614
2020.07.20 17:00:00|42.641|43.169|42.493|43.162|7359
2020.07.20 18:00:00|43.166|43.354|43.055|43.288|4735
2020.07.20 19:00:00|43.287|43.448|43.24|43.425|3288
2020.07.20 20:00:00|43.427|43.501|43.345|43.481|3186
2020.07.20 21:00:00|43.483|43.535|43.327|43.373|4191
2020.07.20 22:00:00|43.374|43.38|43.278|43.29|1906
2020.07.20 23:00:00|43.292|43.356|43.25|43.25|825
2020.07.21 03:00:00|43.322|43.475|43.312|43.424|1446
2020.07.21 04:00:00|43.426|43.564|43.426|43.482|1443
2020.07.21 05:00:00|43.48|43.509|43.416|43.461|659
2020.07.21 06:00:00|43.462|43.479|43.362|43.469|905
2020.07.21 07:00:00|43.467|43.5|43.431|43.493|533
2020.07.21 08:00:00|43.495|43.557|43.471|43.524|843
2020.07.21 09:00:00|43.521|43.666|43.521|43.665|1810
2020.07.21 10:00:00|43.667|43.78|43.635|43.771|3165
2020.07.21 11:00:00|43.769|44.465|43.755|44.362|5924
2020.07.21 12:00:00|44.359|44.586|44.26|44.334|4588
2020.07.21 13:00:00|44.336|44.681|44.334|44.636|3447
2020.07.21 14:00:00|44.634|44.842|44.594|44.622|4043
2020.07.21 15:00:00|44.626|44.669|44.438|44.524|3927
2020.07.21 16:00:00|44.525|44.976|44.495|44.966|9231
2020.07.21 17:00:00|44.968|44.998|44.699|44.743|8617
2020.07.21 18:00:00|44.741|44.925|44.564|44.573|7614
2020.07.21 19:00:00|44.574|44.593|44.2|44.371|6629
2020.07.21 20:00:00|44.374|44.443|44.31|44.371|3820
2020.07.21 21:00:00|44.366|44.697|44.333|44.531|4746
2020.07.21 22:00:00|44.528|44.566|44.344|44.36|3187
2020.07.21 23:00:00|44.358|44.467|44.045|44.057|2046
2020.07.22 03:00:00|44.112|44.183|44.021|44.038|1539
2020.07.22 04:00:00|44.041|44.231|44.021|44.187|1967
2020.07.22 05:00:00|44.184|44.32|44.117|44.271|1492
2020.07.22 06:00:00|44.274|44.386|44.256|44.291|847
2020.07.22 07:00:00|44.293|44.307|44.164|44.182|850
2020.07.22 08:00:00|44.184|44.242|44.105|44.229|1199
2020.07.22 09:00:00|44.228|44.334|44.181|44.274|1832
2020.07.22 10:00:00|44.278|44.538|44.087|44.233|5923
2020.07.22 11:00:00|44.229|44.238|43.883|44.007|7281
2020.07.22 12:00:00|44.004|44.187|43.823|44.139|4283
2020.07.22 13:00:00|44.144|44.164|43.879|43.915|2767
2020.07.22 14:00:00|43.917|44.036|43.857|43.892|2251
2020.07.22 15:00:00|43.888|44.04|43.838|43.917|3169
2020.07.22 16:00:00|43.922|44.225|43.877|44.14|7377
2020.07.22 17:00:00|44.141|44.198|43.8|44|7430
2020.07.22 18:00:00|43.995|44.139|43.859|44.115|6509
2020.07.22 19:00:00|44.114|44.472|44.087|44.356|4107
2020.07.22 20:00:00|44.351|44.477|44.321|44.426|2990
2020.07.22 21:00:00|44.429|44.596|44.394|44.542|3363
2020.07.22 22:00:00|44.543|44.57|44.414|44.446|1986
2020.07.22 23:00:00|44.45|44.518|44.4|44.422|1396
2020.07.23 03:00:00|44.329|44.505|44.324|44.45|1360
2020.07.23 04:00:00|44.452|44.61|44.362|44.527|1805
2020.07.23 05:00:00|44.523|44.559|44.377|44.45|1561
2020.07.23 06:00:00|44.456|44.591|44.418|44.568|984
2020.07.23 07:00:00|44.569|44.644|44.56|44.615|678
2020.07.23 08:00:00|44.611|44.687|44.51|44.53|895
2020.07.23 09:00:00|44.534|44.747|44.534|44.731|1843
2020.07.23 10:00:00|44.733|44.773|44.596|44.762|3320
2020.07.23 11:00:00|44.764|44.972|44.745|44.852|4052
2020.07.23 12:00:00|44.846|45.007|44.819|44.917|2257
2020.07.23 13:00:00|44.918|44.939|44.375|44.467|3528
2020.07.23 14:00:00|44.47|44.522|44.333|44.483|3050
2020.07.23 15:00:00|44.481|44.487|44.072|44.078|4115
2020.07.23 16:00:00|44.079|44.384|44.041|44.258|8629
2020.07.23 17:00:00|44.255|44.348|44.087|44.194|7654
2020.07.23 18:00:00|44.197|44.523|44.123|44.491|7578
2020.07.23 19:00:00|44.494|44.542|44.278|44.3|5600
2020.07.23 20:00:00|44.296|44.367|43.952|44.081|5037
2020.07.23 21:00:00|44.079|44.079|43.426|43.678|11924
2020.07.23 22:00:00|43.68|43.835|43.617|43.823|5188
2020.07.23 23:00:00|43.826|43.838|43.489|43.543|1827
2020.07.24 03:00:00|43.614|43.851|43.592|43.816|1339
2020.07.24 04:00:00|43.814|43.864|43.644|43.684|1508
2020.07.24 05:00:00|43.683|43.826|43.647|43.772|1470
2020.07.24 06:00:00|43.77|43.784|43.69|43.764|794
2020.07.24 07:00:00|43.766|43.816|43.745|43.749|960
2020.07.24 08:00:00|43.747|43.793|43.605|43.606|1230
2020.07.24 09:00:00|43.608|43.681|43.466|43.475|3259
2020.07.24 10:00:00|43.477|43.639|43.324|43.619|5554
2020.07.24 11:00:00|43.622|43.952|43.526|43.898|7661
2020.07.24 12:00:00|43.899|44.096|43.775|44.086|4056
2020.07.24 13:00:00|44.081|44.172|43.85|43.869|3679
2020.07.24 14:00:00|43.87|43.968|43.535|43.659|3717
2020.07.24 15:00:00|43.665|43.91|43.659|43.825|3809
2020.07.24 16:00:00|43.827|43.875|43.416|43.509|10190
2020.07.24 17:00:00|43.508|43.688|43.328|43.606|9192
2020.07.24 18:00:00|43.603|43.738|43.232|43.312|8910
2020.07.24 19:00:00|43.314|43.431|43.181|43.425|5746
2020.07.24 20:00:00|43.42|43.51|43.23|43.482|4723
2020.07.24 21:00:00|43.485|43.758|43.43|43.643|5309
2020.07.24 22:00:00|43.636|43.682|43.611|43.674|2532
2020.07.24 23:00:00|43.672|43.702|43.569|43.626|1173
2020.07.27 03:00:00|43.514|43.753|43.494|43.682|1433
2020.07.27 04:00:00|43.685|43.811|43.57|43.595|1963
2020.07.27 05:00:00|43.601|43.667|43.503|43.575|1578
2020.07.27 06:00:00|43.577|43.684|43.575|43.632|1341
2020.07.27 07:00:00|43.626|43.751|43.622|43.701|851
2020.07.27 08:00:00|43.699|43.748|43.606|43.606|987
2020.07.27 09:00:00|43.608|43.683|43.435|43.572|1889
2020.07.27 10:00:00|43.576|43.62|43.361|43.562|3635
2020.07.27 11:00:00|43.558|43.717|43.401|43.418|4557
2020.07.27 12:00:00|43.416|43.72|43.409|43.561|2569
2020.07.27 13:00:00|43.554|43.911|43.475|43.87|2342
2020.07.27 14:00:00|43.866|44.03|43.801|44.026|2381
2020.07.27 15:00:00|44.03|44.161|43.891|44.031|2177
2020.07.27 16:00:00|44.024|44.024|43.219|43.349|7214
2020.07.27 17:00:00|43.342|43.342|42.979|42.993|8010
2020.07.27 18:00:00|42.991|43.163|42.885|43.012|5393
2020.07.27 19:00:00|43.014|43.588|42.985|43.528|4121
2020.07.27 20:00:00|43.529|43.998|43.529|43.918|3395
2020.07.27 21:00:00|43.92|44.038|43.71|43.958|4764
2020.07.27 22:00:00|43.96|43.988|43.891|43.914|1765
2020.07.27 23:00:00|43.911|43.989|43.877|43.877|1044
2020.07.28 03:00:00|44.025|44.144|43.959|44.134|1219
2020.07.28 04:00:00|44.132|44.302|44.064|44.106|2231
2020.07.28 05:00:00|44.11|44.149|44.011|44.079|1704
2020.07.28 06:00:00|44.082|44.09|43.914|43.944|1796
2020.07.28 07:00:00|43.948|44.024|43.875|43.994|1153
2020.07.28 08:00:00|43.992|44.008|43.815|43.894|1402
2020.07.28 09:00:00|43.892|44.053|43.821|44.007|1803
2020.07.28 10:00:00|44.005|44.18|43.905|43.945|4064
2020.07.28 11:00:00|43.949|44|43.815|43.963|4333
2020.07.28 12:00:00|43.961|44.09|43.75|43.831|3384
2020.07.28 13:00:00|43.83|43.93|43.711|43.91|2467
2020.07.28 14:00:00|43.918|44.01|43.795|43.87|2155
2020.07.28 15:00:00|43.871|43.968|43.763|43.81|2976
2020.07.28 16:00:00|43.805|43.858|43.547|43.613|6444
2020.07.28 17:00:00|43.615|43.77|43.555|43.61|5548
2020.07.28 18:00:00|43.608|43.761|43.379|43.719|4778
2020.07.28 19:00:00|43.725|43.74|43.559|43.57|2446
2020.07.28 20:00:00|43.568|43.636|43.459|43.464|2141
2020.07.28 21:00:00|43.466|43.688|43.388|43.604|3412
2020.07.28 22:00:00|43.601|43.626|43.429|43.512|2444
2020.07.28 23:00:00|43.517|43.637|43.482|43.583|1233
2020.07.29 03:00:00|43.681|43.887|43.639|43.784|1258
2020.07.29 04:00:00|43.782|43.782|43.565|43.634|1317
2020.07.29 05:00:00|43.633|43.714|43.617|43.664|1055
2020.07.29 06:00:00|43.666|43.723|43.591|43.647|1056
2020.07.29 07:00:00|43.649|43.659|43.58|43.611|736
2020.07.29 08:00:00|43.609|43.709|43.555|43.698|1068
2020.07.29 09:00:00|43.697|43.808|43.684|43.777|1440
2020.07.29 10:00:00|43.77|43.999|43.74|43.899|2469
2020.07.29 11:00:00|43.902|44.081|43.783|44.047|3336
2020.07.29 12:00:00|44.049|44.207|44.039|44.167|2275
2020.07.29 13:00:00|44.157|44.177|44.007|44.042|1508
2020.07.29 14:00:00|44.044|44.177|44.022|44.12|2243
2020.07.29 15:00:00|44.127|44.166|43.828|44.023|2691
2020.07.29 16:00:00|44.019|44.117|43.85|44.028|5785
2020.07.29 17:00:00|44.026|44.172|43.899|44.029|6889
2020.07.29 18:00:00|44.021|44.278|43.869|44.036|4157
2020.07.29 19:00:00|44.038|44.158|43.955|43.968|3189
2020.07.29 20:00:00|43.973|44.028|43.844|44.028|2399
2020.07.29 21:00:00|44.03|44.182|43.978|44.089|4810
2020.07.29 22:00:00|44.081|44.147|44.045|44.096|1997
2020.07.29 23:00:00|44.093|44.164|44.055|44.055|1038
2020.07.30 03:00:00|44.139|44.179|44.07|44.164|1555
2020.07.30 04:00:00|44.162|44.186|44.052|44.119|1846
2020.07.30 05:00:00|44.116|44.226|44.108|44.177|1289
2020.07.30 06:00:00|44.184|44.201|44.117|44.141|966
2020.07.30 07:00:00|44.143|44.145|44.077|44.097|418
2020.07.30 08:00:00|44.095|44.099|44.037|44.072|946
2020.07.30 09:00:00|44.074|44.106|43.728|43.81|1782
2020.07.30 10:00:00|43.817|43.848|43.67|43.746|3503
2020.07.30 11:00:00|43.744|43.958|43.619|43.633|4204
2020.07.30 12:00:00|43.635|43.71|43.44|43.58|3852
2020.07.30 13:00:00|43.578|43.65|43.318|43.431|3323
2020.07.30 14:00:00|43.423|43.599|43.298|43.49|2774
2020.07.30 15:00:00|43.489|43.633|43.34|43.395|3605
2020.07.30 16:00:00|43.386|43.394|42.865|42.905|7805
2020.07.30 17:00:00|42.898|42.898|41.71|42.757|12472
2020.07.30 18:00:00|42.751|43.147|42.617|42.994|10859
2020.07.30 19:00:00|42.995|43.334|42.829|43.171|7765
2020.07.30 20:00:00|43.171|43.409|42.861|42.882|6200
2020.07.30 21:00:00|42.876|43.588|42.75|43.447|8925
2020.07.30 22:00:00|43.449|43.483|43.37|43.439|3440
2020.07.30 23:00:00|43.44|43.721|43.397|43.536|2664
2020.07.31 03:00:00|43.659|43.705|43.525|43.575|2745
2020.07.31 04:00:00|43.576|43.75|43.51|43.654|2819
2020.07.31 05:00:00|43.659|43.675|43.454|43.465|2175
2020.07.31 06:00:00|43.466|43.602|43.343|43.539|1903
2020.07.31 07:00:00|43.54|43.554|43.436|43.49|1439
2020.07.31 08:00:00|43.486|43.579|43.384|43.444|2136
2020.07.31 09:00:00|43.441|43.743|43.421|43.686|3209
2020.07.31 10:00:00|43.685|43.806|43.525|43.734|7613
2020.07.31 11:00:00|43.739|43.814|43.435|43.473|5164
2020.07.31 12:00:00|43.474|43.646|43.367|43.378|5488
2020.07.31 13:00:00|43.377|43.502|43.296|43.439|3784
2020.07.31 14:00:00|43.438|43.588|43.398|43.517|3322
2020.07.31 15:00:00|43.519|43.587|43.407|43.549|2966
2020.07.31 16:00:00|43.55|43.657|43.269|43.418|8987
2020.07.31 17:00:00|43.419|43.419|42.951|43.107|12245
2020.07.31 18:00:00|43.105|43.344|42.948|43.162|9881
2020.07.31 19:00:00|43.163|43.202|42.991|43.166|6567
2020.07.31 20:00:00|43.168|43.719|43.154|43.704|4872
2020.07.31 21:00:00|43.694|43.714|43.376|43.507|6068
2020.07.31 22:00:00|43.502|43.661|43.484|43.653|3313
2020.07.31 23:00:00|43.651|43.698|43.581|43.599|1140
2020.08.03 03:00:00|43.478|43.519|43.269|43.353|1833
2020.08.03 04:00:00|43.35|43.41|43.231|43.313|2443
2020.08.03 05:00:00|43.304|43.343|43.198|43.311|1602
2020.08.03 06:00:00|43.31|43.392|43.304|43.345|948
2020.08.03 07:00:00|43.352|43.428|43.302|43.417|671
2020.08.03 08:00:00|43.409|43.476|43.373|43.419|841
2020.08.03 09:00:00|43.423|43.433|43.226|43.269|2752
2020.08.03 10:00:00|43.271|43.347|42.933|43.151|5229
2020.08.03 11:00:00|43.158|43.339|43.083|43.142|5161
2020.08.03 12:00:00|43.143|43.267|42.98|43.255|3157
2020.08.03 13:00:00|43.256|43.357|43.118|43.302|2619
2020.08.03 14:00:00|43.305|43.447|43.288|43.429|1979
2020.08.03 15:00:00|43.438|43.659|43.399|43.644|2929
2020.08.03 16:00:00|43.647|43.844|43.564|43.681|8812
2020.08.03 17:00:00|43.683|44.049|43.669|44.024|10519
2020.08.03 18:00:00|44.027|44.377|44.007|44.19|9774
2020.08.03 19:00:00|44.194|44.343|44.026|44.341|4764
2020.08.03 20:00:00|44.342|44.499|44.261|44.451|3978
2020.08.03 21:00:00|44.456|44.489|43.991|44.073|6938
2020.08.03 22:00:00|44.069|44.081|43.905|43.934|2402
2020.08.03 23:00:00|43.935|43.984|43.839|43.861|1167
2020.08.04 03:00:00|43.825|43.863|43.729|43.854|1203
2020.08.04 04:00:00|43.857|44.005|43.854|43.93|1715
2020.08.04 05:00:00|43.928|43.985|43.873|43.908|767
2020.08.04 06:00:00|43.906|43.923|43.844|43.848|639
2020.08.04 07:00:00|43.847|43.939|43.834|43.919|451
2020.08.04 08:00:00|43.918|43.931|43.822|43.824|900
2020.08.04 09:00:00|43.822|44.185|43.793|44.111|2625
2020.08.04 10:00:00|44.107|44.147|43.895|43.899|5916
2020.08.04 11:00:00|43.9|43.91|43.594|43.787|6855
2020.08.04 12:00:00|43.785|43.789|43.52|43.567|3536
2020.08.04 13:00:00|43.566|43.642|43.407|43.521|3689
2020.08.04 14:00:00|43.524|43.585|43.375|43.489|3052
2020.08.04 15:00:00|43.484|43.55|43.42|43.422|2347
2020.08.04 16:00:00|43.428|43.957|43.321|43.92|9186
2020.08.04 17:00:00|43.926|44.403|43.926|44.218|9629
2020.08.04 18:00:00|44.22|44.563|44.209|44.445|9939
2020.08.04 19:00:00|44.447|44.57|44.334|44.356|4660
2020.08.04 20:00:00|44.357|44.884|44.324|44.772|7308
2020.08.04 21:00:00|44.775|44.858|44.344|44.465|8455
2020.08.04 22:00:00|44.461|44.498|44.347|44.426|2924
2020.08.04 23:00:00|44.425|44.475|44.336|44.361|1598
2020.08.05 03:00:00|44.363|44.45|44.332|44.417|1496
2020.08.05 04:00:00|44.421|44.525|44.327|44.448|2052
2020.08.05 05:00:00|44.449|44.572|44.406|44.566|1303
2020.08.05 06:00:00|44.567|44.572|44.471|44.493|936
2020.08.05 07:00:00|44.492|44.494|44.444|44.455|965
2020.08.05 08:00:00|44.454|44.541|44.433|44.476|1218
2020.08.05 09:00:00|44.474|44.716|44.441|44.706|2358
2020.08.05 10:00:00|44.708|44.924|44.669|44.826|4850
2020.08.05 11:00:00|44.831|45.27|44.812|45.09|6877
2020.08.05 12:00:00|45.088|45.565|45.047|45.427|5600
2020.08.05 13:00:00|45.425|45.684|45.362|45.535|4821
2020.08.05 14:00:00|45.533|46.32|45.532|46.261|6170
2020.08.05 15:00:00|46.267|46.272|45.805|45.974|9222
2020.08.05 16:00:00|45.973|46.221|45.877|46.18|14892
2020.08.05 17:00:00|46.184|46.258|45.751|46.078|13718
2020.08.05 18:00:00|46.072|46.18|45.788|45.796|10758
2020.08.05 19:00:00|45.801|45.855|45.497|45.616|9971
2020.08.05 20:00:00|45.616|45.629|45.1|45.305|9619
2020.08.05 21:00:00|45.309|45.456|45.192|45.427|5278
2020.08.05 22:00:00|45.422|45.441|45.234|45.238|2776
2020.08.05 23:00:00|45.234|45.296|45.215|45.221|1115
2020.08.06 03:00:00|45.288|45.407|45.228|45.328|2256
2020.08.06 04:00:00|45.324|45.385|45.199|45.347|2031
2020.08.06 05:00:00|45.345|45.39|45.22|45.241|1607
2020.08.06 06:00:00|45.239|45.393|45.234|45.363|1278
2020.08.06 07:00:00|45.361|45.457|45.352|45.383|1257
2020.08.06 08:00:00|45.385|45.654|45.335|45.629|1833
2020.08.06 09:00:00|45.628|45.655|45.463|45.504|2344
2020.08.06 10:00:00|45.514|45.554|45.234|45.288|5662
2020.08.06 11:00:00|45.285|45.306|44.962|45.088|7465
2020.08.06 12:00:00|45.106|45.339|45.059|45.288|3999
2020.08.06 13:00:00|45.281|45.301|44.993|45.07|3771
2020.08.06 14:00:00|45.069|45.317|44.991|45.288|4498
2020.08.06 15:00:00|45.286|45.617|45.163|45.552|5008
2020.08.06 16:00:00|45.55|45.801|45.514|45.686|10451
2020.08.06 17:00:00|45.693|45.706|45.241|45.55|9649
2020.08.06 18:00:00|45.548|45.654|45.242|45.64|9460
2020.08.06 19:00:00|45.641|45.784|45.457|45.54|5898
2020.08.06 20:00:00|45.541|45.554|45.164|45.216|4965
2020.08.06 21:00:00|45.217|45.427|45.088|45.364|5947
2020.08.06 22:00:00|45.365|45.387|45.216|45.282|2653
2020.08.06 23:00:00|45.285|45.296|45.134|45.145|921
2020.08.07 03:00:00|45.277|45.388|45.215|45.354|1500
2020.08.07 04:00:00|45.352|45.423|45.258|45.361|1862
2020.08.07 05:00:00|45.362|45.378|45.091|45.245|1668
2020.08.07 06:00:00|45.243|45.295|45.05|45.084|2067
2020.08.07 07:00:00|45.082|45.149|45.031|45.117|1322
2020.08.07 08:00:00|45.118|45.185|44.971|45.139|1950
2020.08.07 09:00:00|45.14|45.197|44.964|44.976|2436
2020.08.07 10:00:00|44.973|45.25|44.964|45.222|5224
2020.08.07 11:00:00|45.225|45.228|44.849|44.937|5306
2020.08.07 12:00:00|44.94|44.961|44.742|44.826|4302
2020.08.07 13:00:00|44.822|44.945|44.77|44.792|3355
2020.08.07 14:00:00|44.794|44.942|44.664|44.748|2864
2020.08.07 15:00:00|44.747|45.366|44.686|45.047|6818
2020.08.07 16:00:00|45.045|45.047|44.577|44.657|10980
2020.08.07 17:00:00|44.656|44.868|44.512|44.669|8539
2020.08.07 18:00:00|44.671|44.772|44.582|44.602|7412
2020.08.07 19:00:00|44.604|44.691|44.549|44.553|4148
2020.08.07 20:00:00|44.56|44.67|44.403|44.52|6577
2020.08.07 21:00:00|44.518|44.737|44.432|44.693|8120
2020.08.07 22:00:00|44.69|44.773|44.624|44.767|2862
2020.08.07 23:00:00|44.768|44.824|44.685|44.708|818
2020.08.10 03:00:00|44.851|45.07|44.82|44.931|1593
2020.08.10 04:00:00|44.932|45.001|44.786|44.937|2465
2020.08.10 05:00:00|44.938|44.983|44.896|44.924|1151
2020.08.10 06:00:00|44.922|45.012|44.92|44.971|529
2020.08.10 07:00:00|44.968|45.02|44.938|44.981|650
2020.08.10 08:00:00|44.98|45.05|44.968|45.015|806
2020.08.10 09:00:00|45.007|45.028|44.812|44.821|1853
2020.08.10 10:00:00|44.82|45.058|44.728|45.058|4866
2020.08.10 11:00:00|45.059|45.11|44.95|45.071|4410
2020.08.10 12:00:00|45.072|45.12|44.969|44.997|2226
2020.08.10 13:00:00|44.991|45.001|44.92|44.979|1807
2020.08.10 14:00:00|44.981|44.99|44.868|44.922|1996
2020.08.10 15:00:00|44.922|45.041|44.833|44.936|2035
2020.08.10 16:00:00|44.933|45.401|44.791|45.209|7490
2020.08.10 17:00:00|45.208|45.267|45.001|45.011|8492
2020.08.10 18:00:00|45.013|45.248|44.898|45.242|8533
2020.08.10 19:00:00|45.235|45.395|45.155|45.377|4139
2020.08.10 20:00:00|45.378|45.411|45.164|45.32|4013
2020.08.10 21:00:00|45.314|45.372|45.075|45.213|6311
2020.08.10 22:00:00|45.215|45.222|45.065|45.155|2092
2020.08.10 23:00:00|45.157|45.173|45.001|45.021|685
2020.08.11 03:00:00|45.174|45.277|45.1|45.236|1116
2020.08.11 04:00:00|45.237|45.317|45.181|45.295|981
2020.08.11 05:00:00|45.296|45.375|45.287|45.349|638
2020.08.11 06:00:00|45.351|45.397|45.344|45.391|423
2020.08.11 07:00:00|45.392|45.403|45.323|45.336|661
2020.08.11 08:00:00|45.337|45.389|45.311|45.371|775
2020.08.11 09:00:00|45.373|45.491|45.11|45.183|2452
2020.08.11 10:00:00|45.191|45.602|45.188|45.511|5404
2020.08.11 11:00:00|45.508|45.666|45.418|45.636|4682
2020.08.11 12:00:00|45.637|45.648|45.48|45.552|2854
2020.08.11 13:00:00|45.551|45.72|45.508|45.68|2205
2020.08.11 14:00:00|45.677|45.833|45.662|45.702|2525
2020.08.11 15:00:00|45.705|45.909|45.681|45.716|3345
2020.08.11 16:00:00|45.715|45.973|45.507|45.517|12164
2020.08.11 17:00:00|45.526|45.67|45.336|45.417|12783
2020.08.11 18:00:00|45.425|45.57|45.251|45.475|9573
2020.08.11 19:00:00|45.478|45.49|45.199|45.263|5247
2020.08.11 20:00:00|45.266|45.27|44.925|45.003|6068
2020.08.11 21:00:00|45.004|45.058|44.618|44.938|9687
2020.08.11 22:00:00|44.94|44.955|44.664|44.677|5356
2020.08.11 23:00:00|44.68|44.92|44.662|44.744|1813
2020.08.12 03:00:00|44.777|44.905|44.723|44.813|2106
2020.08.12 04:00:00|44.809|45.053|44.789|44.941|2445
2020.08.12 05:00:00|44.939|45.042|44.811|44.992|1908
2020.08.12 06:00:00|44.993|45.006|44.91|44.993|1322
2020.08.12 07:00:00|44.995|45.023|44.88|44.91|948
2020.08.12 08:00:00|44.907|44.995|44.87|44.958|1433
2020.08.12 09:00:00|44.962|45.287|44.952|45.24|3302
2020.08.12 10:00:00|45.232|45.306|45.082|45.173|4045
2020.08.12 11:00:00|45.176|45.286|45.059|45.201|4514
2020.08.12 12:00:00|45.2|45.401|45.2|45.377|2616
2020.08.12 13:00:00|45.375|45.453|45.237|45.394|2526
2020.08.12 14:00:00|45.393|45.415|45.255|45.397|2761
2020.08.12 15:00:00|45.405|45.647|45.263|45.555|4833
2020.08.12 16:00:00|45.552|45.606|45.319|45.473|10004
2020.08.12 17:00:00|45.469|45.718|45.332|45.69|9834
2020.08.12 18:00:00|45.688|45.728|45.381|45.414|9546
2020.08.12 19:00:00|45.416|45.54|45.344|45.479|4688
2020.08.12 20:00:00|45.482|45.586|45.349|45.579|4814
2020.08.12 21:00:00|45.58|45.856|45.567|45.692|6377
2020.08.12 22:00:00|45.694|45.725|45.534|45.57|2175
2020.08.12 23:00:00|45.576|45.581|45.485|45.491|720
2020.08.13 03:00:00|45.51|45.683|45.469|45.499|1445
2020.08.13 04:00:00|45.5|45.62|45.477|45.551|1611
2020.08.13 05:00:00|45.549|45.612|45.499|45.612|891
2020.08.13 06:00:00|45.613|45.65|45.597|45.61|792
2020.08.13 07:00:00|45.609|45.62|45.564|45.571|377
2020.08.13 08:00:00|45.562|45.634|45.491|45.507|1149
2020.08.13 09:00:00|45.509|45.569|45.402|45.484|1540
2020.08.13 10:00:00|45.486|45.635|45.473|45.567|3526
2020.08.13 11:00:00|45.568|45.815|45.464|45.66|4538
2020.08.13 12:00:00|45.659|45.77|45.521|45.585|2845
2020.08.13 13:00:00|45.584|45.64|45.489|45.553|2499
2020.08.13 14:00:00|45.552|45.619|45.489|45.61|2316
2020.08.13 15:00:00|45.612|45.702|45.531|45.647|2649
2020.08.13 16:00:00|45.646|45.66|45.333|45.588|8465
2020.08.13 17:00:00|45.587|45.593|45.302|45.363|7106
2020.08.13 18:00:00|45.365|45.467|45.148|45.324|7325
2020.08.13 19:00:00|45.326|45.424|45.183|45.193|3400
2020.08.13 20:00:00|45.191|45.242|45.078|45.215|4175
2020.08.13 21:00:00|45.212|45.307|45.119|45.239|6175
2020.08.13 22:00:00|45.244|45.378|45.218|45.302|2481
2020.08.13 23:00:00|45.303|45.358|45.24|45.251|1111
2020.08.14 03:00:00|45.46|45.46|45.302|45.312|2199
2020.08.14 04:00:00|45.311|45.379|45.227|45.301|1966
2020.08.14 05:00:00|45.299|45.354|45.261|45.275|894
2020.08.14 06:00:00|45.273|45.347|45.217|45.335|617
2020.08.14 07:00:00|45.332|45.406|45.324|45.349|353
2020.08.14 08:00:00|45.345|45.438|45.345|45.374|669
2020.08.14 09:00:00|45.376|45.436|45.293|45.293|1477
2020.08.14 10:00:00|45.291|45.296|44.949|45.033|4520
2020.08.14 11:00:00|45.035|45.119|44.886|45.004|5528
2020.08.14 12:00:00|45.003|45.005|44.778|44.966|2915
2020.08.14 13:00:00|44.964|45.105|44.904|45.105|2550
2020.08.14 14:00:00|45.11|45.298|45.11|45.238|2286
2020.08.14 15:00:00|45.24|45.271|45.045|45.088|3115
2020.08.14 16:00:00|45.089|45.245|44.982|45.198|9033
2020.08.14 17:00:00|45.203|45.221|44.992|45.098|6709
2020.08.14 18:00:00|45.096|45.165|45.011|45.156|4618
2020.08.14 19:00:00|45.161|45.178|45.011|45.033|2440
2020.08.14 20:00:00|45.034|45.123|44.802|44.914|3196
2020.08.14 21:00:00|44.917|45.194|44.864|45.137|4579
2020.08.14 22:00:00|45.138|45.224|45.134|45.205|1371
2020.08.14 23:00:00|45.204|45.284|45.177|45.197|815
2020.08.17 03:00:00|45.391|45.395|45.309|45.321|888
2020.08.17 04:00:00|45.323|45.4|45.289|45.367|1329
2020.08.17 05:00:00|45.372|45.503|45.366|45.462|1136
2020.08.17 06:00:00|45.466|45.471|45.409|45.438|570
2020.08.17 07:00:00|45.437|45.472|45.41|45.44|347
2020.08.17 08:00:00|45.439|45.556|45.438|45.478|1125
2020.08.17 09:00:00|45.475|45.513|45.359|45.415|1662
2020.08.17 10:00:00|45.414|45.516|45.301|45.361|4187
2020.08.17 11:00:00|45.363|45.436|45.096|45.124|5481
2020.08.17 12:00:00|45.121|45.175|44.944|44.992|2492
2020.08.17 13:00:00|44.99|45.082|44.952|45.068|1790
2020.08.17 14:00:00|45.069|45.084|44.973|45.037|1971
2020.08.17 15:00:00|45.035|45.05|44.904|44.99|2801
2020.08.17 16:00:00|44.989|45.533|44.989|45.501|7640
2020.08.17 17:00:00|45.503|45.555|45.377|45.499|5043
2020.08.17 18:00:00|45.498|45.548|45.277|45.285|5315
2020.08.17 19:00:00|45.287|45.477|45.281|45.434|2795
2020.08.17 20:00:00|45.435|45.657|45.421|45.657|3569
2020.08.17 21:00:00|45.653|45.768|45.601|45.641|5626
2020.08.17 22:00:00|45.637|45.698|45.601|45.673|1693
2020.08.17 23:00:00|45.672|45.717|45.587|45.587|743
2020.08.18 03:00:00|45.641|45.746|45.625|45.695|1196
2020.08.18 04:00:00|45.696|45.723|45.622|45.647|1107
2020.08.18 05:00:00|45.65|45.652|45.504|45.548|1219
2020.08.18 06:00:00|45.545|45.612|45.531|45.593|787
2020.08.18 07:00:00|45.595|45.677|45.593|45.671|361
2020.08.18 08:00:00|45.67|45.673|45.563|45.585|639
2020.08.18 09:00:00|45.583|45.706|45.52|45.535|1947
2020.08.18 10:00:00|45.541|45.835|45.501|45.819|3911
2020.08.18 11:00:00|45.82|45.921|45.809|45.822|2884
2020.08.18 12:00:00|45.827|45.848|45.57|45.659|2215
2020.08.18 13:00:00|45.655|45.745|45.543|45.694|2193
2020.08.18 14:00:00|45.696|45.699|45.546|45.64|2534
2020.08.18 15:00:00|45.643|45.804|45.507|45.764|3119
2020.08.18 16:00:00|45.765|45.774|45.141|45.495|9604
2020.08.18 17:00:00|45.493|45.617|45.29|45.578|9061
2020.08.18 18:00:00|45.576|45.802|45.535|45.725|4000
2020.08.18 19:00:00|45.722|45.816|45.711|45.783|3229
2020.08.18 20:00:00|45.781|45.809|45.617|45.793|3003
2020.08.18 21:00:00|45.795|45.889|45.599|45.62|3705
2020.08.18 22:00:00|45.617|45.657|45.48|45.527|2073
2020.08.18 23:00:00|45.525|45.526|45.326|45.354|1539
2020.08.19 03:00:00|45.644|45.659|45.489|45.549|1448
2020.08.19 04:00:00|45.55|45.669|45.539|45.619|1248
2020.08.19 05:00:00|45.618|45.667|45.613|45.642|760
2020.08.19 06:00:00|45.639|45.646|45.575|45.584|858
2020.08.19 07:00:00|45.582|45.593|45.534|45.56|560
2020.08.19 08:00:00|45.559|45.583|45.482|45.518|1048
2020.08.19 09:00:00|45.521|45.579|45.445|45.571|1652
2020.08.19 10:00:00|45.567|45.605|45.427|45.53|3042
2020.08.19 11:00:00|45.533|45.536|45.284|45.476|2950
2020.08.19 12:00:00|45.478|45.586|45.46|45.482|2215
2020.08.19 13:00:00|45.478|45.537|45.366|45.48|1746
2020.08.19 14:00:00|45.478|45.528|45.428|45.496|1021
2020.08.19 15:00:00|45.488|45.492|45.37|45.44|1928
2020.08.19 16:00:00|45.438|45.51|45.248|45.272|5068
2020.08.19 17:00:00|45.276|45.683|45.193|45.405|7111
2020.08.19 18:00:00|45.407|45.84|45.355|45.78|6779
2020.08.19 19:00:00|45.784|45.821|45.628|45.711|3064
2020.08.19 20:00:00|45.71|45.811|45.67|45.748|3046
2020.08.19 21:00:00|45.75|45.813|45.543|45.716|6556
2020.08.19 22:00:00|45.717|45.733|45.537|45.635|2753
2020.08.19 23:00:00|45.634|45.683|45.518|45.518|888
2020.08.20 03:00:00|45.568|45.592|45.469|45.498|1236
2020.08.20 04:00:00|45.503|45.512|45.422|45.437|1539
2020.08.20 05:00:00|45.436|45.451|45.343|45.394|1434
2020.08.20 06:00:00|45.397|45.453|45.381|45.447|940
2020.08.20 07:00:00|45.45|45.462|45.395|45.397|460
2020.08.20 08:00:00|45.396|45.451|45.394|45.417|707
2020.08.20 09:00:00|45.419|45.475|45.377|45.459|1428
2020.08.20 10:00:00|45.453|45.491|45.403|45.464|3068
2020.08.20 11:00:00|45.467|45.508|45.305|45.395|2761
2020.08.20 12:00:00|45.394|45.398|45.243|45.272|2044
2020.08.20 13:00:00|45.269|45.383|45.252|45.361|1622
2020.08.20 14:00:00|45.362|45.382|45.3|45.308|1392
2020.08.20 15:00:00|45.306|45.422|45.05|45.397|3046
2020.08.20 16:00:00|45.395|45.399|44.477|44.517|10712
2020.08.20 17:00:00|44.512|45.419|44.467|45.365|10505
2020.08.20 18:00:00|45.363|45.389|45.094|45.247|7708
2020.08.20 19:00:00|45.244|45.274|45.095|45.214|3520
2020.08.20 20:00:00|45.215|45.331|45.153|45.178|3155
2020.08.20 21:00:00|45.176|45.382|45.149|45.344|4339
2020.08.20 22:00:00|45.345|45.412|45.323|45.369|1912
2020.08.20 23:00:00|45.37|45.39|45.273|45.284|677
2020.08.21 03:00:00|45.487|45.527|45.454|45.47|977
2020.08.21 04:00:00|45.473|45.558|45.422|45.548|1310
2020.08.21 05:00:00|45.545|45.563|45.503|45.543|866
2020.08.21 06:00:00|45.543|45.56|45.463|45.526|824
2020.08.21 07:00:00|45.528|45.544|45.522|45.54|324
2020.08.21 08:00:00|45.541|45.544|45.468|45.5|587
2020.08.21 09:00:00|45.498|45.518|45.418|45.468|1348
2020.08.21 10:00:00|45.471|45.481|45.259|45.318|3258
2020.08.21 11:00:00|45.316|45.321|45.122|45.194|4249
2020.08.21 12:00:00|45.188|45.207|45.052|45.083|1681
2020.08.21 13:00:00|45.08|45.14|44.889|44.94|1823
2020.08.21 14:00:00|44.938|44.942|44.712|44.722|2216
2020.08.21 15:00:00|44.72|45.043|44.702|44.933|1902
2020.08.21 16:00:00|44.935|44.939|44.422|44.653|7251
2020.08.21 17:00:00|44.651|44.926|44.578|44.632|7324
2020.08.21 18:00:00|44.622|44.662|44.092|44.143|7580
2020.08.21 19:00:00|44.148|44.302|44.14|44.274|2513
2020.08.21 20:00:00|44.275|44.682|44.223|44.623|3944
2020.08.21 21:00:00|44.631|44.891|44.597|44.833|3740
2020.08.21 22:00:00|44.832|44.846|44.74|44.795|1796
2020.08.21 23:00:00|44.8|44.817|44.675|44.702|890
2020.08.24 03:00:00|44.975|45.013|44.832|45.003|1256
2020.08.24 04:00:00|45.005|45.033|44.917|44.988|1287
2020.08.24 05:00:00|44.985|45.025|44.861|44.873|639
