2021.08.06 05:00:00|1.18254|1.18256|1.18192|1.18206|1324
2021.08.06 06:00:00|1.18205|1.1824|1.18176|1.18224|769
2021.08.06 07:00:00|1.18222|1.1825|1.18188|1.18246|727
2021.08.06 08:00:00|1.18245|1.18261|1.18219|1.1824|886
2021.08.06 09:00:00|1.18237|1.18286|1.18211|1.18273|2168
2021.08.06 10:00:00|1.18272|1.18291|1.18183|1.18234|2823
2021.08.06 11:00:00|1.18233|1.18238|1.18066|1.18103|3200
2021.08.06 12:00:00|1.18104|1.18119|1.18042|1.18091|1794
2021.08.06 13:00:00|1.1809|1.18119|1.18035|1.18039|1897
2021.08.06 14:00:00|1.1804|1.18075|1.17998|1.18063|1816
2021.08.06 15:00:00|1.18062|1.18078|1.17756|1.17835|15842
2021.08.06 16:00:00|1.17834|1.17874|1.17668|1.17732|8916
2021.08.06 17:00:00|1.17734|1.1775|1.17542|1.17604|5999
2021.08.06 18:00:00|1.17602|1.17653|1.17569|1.17595|3577
2021.08.06 19:00:00|1.17596|1.17607|1.17536|1.17552|1300
2021.08.06 20:00:00|1.17553|1.17604|1.17553|1.17592|1048
2021.08.06 21:00:00|1.17593|1.17628|1.17563|1.17564|841
2021.08.06 22:00:00|1.17566|1.17606|1.17565|1.17586|906
2021.08.06 23:00:00|1.17588|1.17638|1.17556|1.17619|1582
2021.08.09 00:00:00|1.17546|1.1765|1.17546|1.17587|102
2021.08.09 01:00:00|1.17585|1.17601|1.17496|1.17534|2676
2021.08.09 02:00:00|1.17535|1.17542|1.17416|1.17468|2503
2021.08.09 03:00:00|1.17471|1.175|1.17418|1.17499|1785
2021.08.09 04:00:00|1.17501|1.17578|1.17501|1.17532|2214
2021.08.09 05:00:00|1.1753|1.17602|1.17525|1.17595|1087
2021.08.09 06:00:00|1.17594|1.176|1.17573|1.17584|808
2021.08.09 07:00:00|1.17583|1.17629|1.1757|1.17626|716
2021.08.09 08:00:00|1.17625|1.17639|1.1757|1.17572|1031
2021.08.09 09:00:00|1.17573|1.17657|1.17557|1.17582|3173
2021.08.09 10:00:00|1.17581|1.17648|1.1754|1.17568|3466
2021.08.09 11:00:00|1.17569|1.17635|1.17493|1.17539|3178
2021.08.09 12:00:00|1.17538|1.17621|1.17517|1.17604|3058
2021.08.09 13:00:00|1.17603|1.17622|1.17512|1.17527|2103
2021.08.09 14:00:00|1.17528|1.17648|1.1752|1.1762|2683
2021.08.09 15:00:00|1.17619|1.17682|1.17584|1.176|2724
2021.08.09 16:00:00|1.17602|1.17662|1.17555|1.17606|4317
2021.08.09 17:00:00|1.17605|1.1763|1.1743|1.17435|4088
2021.08.09 18:00:00|1.17434|1.17528|1.17398|1.17474|3204
2021.08.09 19:00:00|1.17473|1.17479|1.17398|1.17413|1424
2021.08.09 20:00:00|1.17414|1.1744|1.17367|1.17427|1116
2021.08.09 21:00:00|1.17426|1.17478|1.17394|1.17395|1022
2021.08.09 22:00:00|1.17396|1.17412|1.17341|1.17344|796
2021.08.09 23:00:00|1.17343|1.17369|1.17342|1.17357|882
2021.08.10 00:00:00|1.17355|1.17373|1.17341|1.17366|190
2021.08.10 01:00:00|1.17366|1.17378|1.17354|1.17364|390
2021.08.10 02:00:00|1.17362|1.17369|1.17344|1.17353|247
2021.08.10 03:00:00|1.17351|1.17373|1.17315|1.17368|1029
2021.08.10 04:00:00|1.17369|1.17386|1.17314|1.1732|1470
2021.08.10 05:00:00|1.17319|1.17384|1.17313|1.17373|848
2021.08.10 06:00:00|1.17374|1.17392|1.17354|1.17382|837
2021.08.10 07:00:00|1.17383|1.17387|1.1735|1.17375|456
2021.08.10 08:00:00|1.17374|1.17411|1.17364|1.17367|980
2021.08.10 09:00:00|1.17368|1.1742|1.1732|1.17379|2775
2021.08.10 10:00:00|1.1738|1.174|1.17252|1.17307|3082
2021.08.10 11:00:00|1.17308|1.17381|1.17269|1.17313|2489
2021.08.10 12:00:00|1.17312|1.17312|1.17214|1.17228|2923
2021.08.10 13:00:00|1.17229|1.17275|1.17154|1.17253|2136
2021.08.10 14:00:00|1.17254|1.17267|1.17169|1.17215|2415
2021.08.10 15:00:00|1.17216|1.17243|1.17153|1.17153|2481
2021.08.10 16:00:00|1.17155|1.17193|1.17101|1.17156|3815
2021.08.10 17:00:00|1.17155|1.17212|1.17089|1.17188|5362
2021.08.10 18:00:00|1.17186|1.17239|1.17165|1.17196|2593
2021.08.10 19:00:00|1.17197|1.17212|1.17149|1.1715|1458
2021.08.10 20:00:00|1.17151|1.17183|1.17135|1.17175|929
2021.08.10 21:00:00|1.17176|1.1723|1.17166|1.17217|1107
2021.08.10 22:00:00|1.17216|1.17217|1.17168|1.17178|704
2021.08.10 23:00:00|1.1718|1.17202|1.17161|1.17195|881
2021.08.11 00:00:00|1.17197|1.17214|1.17173|1.17195|122
2021.08.11 01:00:00|1.17195|1.1721|1.1718|1.17209|734
2021.08.11 02:00:00|1.17211|1.17213|1.17186|1.17189|286
2021.08.11 03:00:00|1.1719|1.17192|1.17122|1.17123|773
2021.08.11 04:00:00|1.17122|1.17205|1.17112|1.17204|793
2021.08.11 05:00:00|1.17203|1.17244|1.17189|1.17243|704
2021.08.11 06:00:00|1.17242|1.17248|1.17172|1.17179|539
2021.08.11 07:00:00|1.17178|1.17197|1.17164|1.17173|393
2021.08.11 08:00:00|1.17174|1.17205|1.17146|1.17167|840
2021.08.11 09:00:00|1.17166|1.1717|1.17067|1.17086|2730
2021.08.11 10:00:00|1.17085|1.1714|1.17052|1.17119|2784
2021.08.11 11:00:00|1.1712|1.17176|1.17084|1.17117|1938
2021.08.11 12:00:00|1.17118|1.17157|1.1709|1.17099|1433
2021.08.11 13:00:00|1.171|1.1716|1.17078|1.17137|1534
2021.08.11 14:00:00|1.17136|1.1717|1.1709|1.17149|1632
2021.08.11 15:00:00|1.1715|1.17487|1.17123|1.1736|10446
2021.08.11 16:00:00|1.17359|1.1746|1.1725|1.17333|8021
2021.08.11 17:00:00|1.17335|1.17403|1.17286|1.17384|3996
2021.08.11 18:00:00|1.17383|1.17411|1.17322|1.17359|2100
2021.08.11 19:00:00|1.1736|1.17477|1.17333|1.17475|1259
2021.08.11 20:00:00|1.17476|1.1753|1.17435|1.17465|3652
2021.08.11 21:00:00|1.17466|1.1747|1.17374|1.17375|1297
2021.08.11 22:00:00|1.17376|1.17416|1.17371|1.17414|745
2021.08.11 23:00:00|1.17413|1.17416|1.17378|1.1738|550
2021.08.12 00:00:00|1.17376|1.17405|1.17355|1.17386|400
2021.08.12 01:00:00|1.17405|1.17416|1.17379|1.1741|609
2021.08.12 02:00:00|1.17409|1.17414|1.17388|1.17411|297
2021.08.12 03:00:00|1.1741|1.17439|1.17367|1.17393|727
2021.08.12 04:00:00|1.17394|1.17404|1.17368|1.17393|890
2021.08.12 05:00:00|1.17391|1.1741|1.17338|1.17383|778
2021.08.12 06:00:00|1.17386|1.17442|1.17384|1.17436|839
2021.08.12 07:00:00|1.17437|1.1745|1.17385|1.1739|825
2021.08.12 08:00:00|1.17391|1.17446|1.1739|1.17406|720
2021.08.12 09:00:00|1.17405|1.17437|1.17344|1.17348|2428
2021.08.12 10:00:00|1.17346|1.17422|1.17319|1.1741|2751
2021.08.12 11:00:00|1.17411|1.17476|1.17365|1.17461|2082
2021.08.12 12:00:00|1.1746|1.17465|1.17402|1.17409|1417
2021.08.12 13:00:00|1.17408|1.17414|1.17332|1.17349|1526
2021.08.12 14:00:00|1.17348|1.17396|1.17314|1.17376|1402
2021.08.12 15:00:00|1.17375|1.17406|1.17265|1.17392|4378
2021.08.12 16:00:00|1.1739|1.1739|1.17229|1.17285|4084
2021.08.12 17:00:00|1.17287|1.17339|1.17229|1.17289|3062
2021.08.12 18:00:00|1.1729|1.17354|1.17261|1.17342|1926
2021.08.12 19:00:00|1.17343|1.17416|1.17332|1.17374|1388
2021.08.12 20:00:00|1.17373|1.17418|1.17337|1.17371|1535
2021.08.12 21:00:00|1.17372|1.17379|1.17292|1.17293|910
2021.08.12 22:00:00|1.17292|1.17363|1.17292|1.17344|809
2021.08.12 23:00:00|1.17345|1.17348|1.17285|1.1729|1150
2021.08.13 00:00:00|1.17287|1.17315|1.17282|1.17304|366
2021.08.13 01:00:00|1.17303|1.17358|1.17301|1.17355|1487
2021.08.13 02:00:00|1.17356|1.1738|1.17344|1.17349|288
2021.08.13 03:00:00|1.1735|1.17357|1.17321|1.17354|786
2021.08.13 04:00:00|1.17353|1.174|1.17337|1.17386|916
2021.08.13 05:00:00|1.17387|1.17417|1.17382|1.17401|662
2021.08.13 06:00:00|1.17402|1.17407|1.17373|1.17388|546
2021.08.13 07:00:00|1.17389|1.17403|1.17375|1.17383|508
2021.08.13 08:00:00|1.1738|1.17389|1.17353|1.17361|486
2021.08.13 09:00:00|1.1736|1.17376|1.17312|1.17322|1458
2021.08.13 10:00:00|1.17321|1.17377|1.17295|1.17338|2120
2021.08.13 11:00:00|1.17339|1.17421|1.17334|1.17416|1463
2021.08.13 12:00:00|1.17417|1.17486|1.17397|1.17486|1548
2021.08.13 13:00:00|1.17487|1.17506|1.17454|1.17481|1247
2021.08.13 14:00:00|1.17482|1.17622|1.17471|1.17587|2575
2021.08.13 15:00:00|1.17588|1.17682|1.17587|1.17651|2574
2021.08.13 16:00:00|1.17652|1.17724|1.17632|1.17651|2955
2021.08.13 17:00:00|1.17652|1.1795|1.17639|1.1791|5457
2021.08.13 18:00:00|1.17911|1.18002|1.17886|1.17949|2873
2021.08.13 19:00:00|1.1795|1.18038|1.17947|1.17993|1547
2021.08.13 20:00:00|1.17994|1.18002|1.1797|1.17984|1090
2021.08.13 21:00:00|1.17985|1.17995|1.17915|1.1795|1152
2021.08.13 22:00:00|1.17951|1.17981|1.1793|1.17972|825
2021.08.13 23:00:00|1.17973|1.17973|1.17938|1.17957|1153
2021.08.16 00:00:00|1.17932|1.17956|1.1793|1.17931|58
2021.08.16 01:00:00|1.17932|1.18002|1.17909|1.17929|876
2021.08.16 02:00:00|1.17928|1.17951|1.17913|1.17934|397
2021.08.16 03:00:00|1.17933|1.17967|1.17922|1.17949|974
2021.08.16 04:00:00|1.17948|1.18|1.17938|1.17973|901
2021.08.16 05:00:00|1.1797|1.17995|1.17953|1.17954|857
2021.08.16 06:00:00|1.17955|1.17955|1.17892|1.17894|1010
2021.08.16 07:00:00|1.17892|1.17933|1.17892|1.17929|436
2021.08.16 08:00:00|1.1793|1.1793|1.17859|1.17859|693
2021.08.16 09:00:00|1.1786|1.17922|1.17818|1.17846|2178
2021.08.16 10:00:00|1.17844|1.1792|1.17779|1.17801|2766
2021.08.16 11:00:00|1.17803|1.17901|1.17792|1.17864|1953
2021.08.16 12:00:00|1.17865|1.17872|1.17771|1.1781|1548
2021.08.16 13:00:00|1.17811|1.17857|1.1778|1.17807|1594
2021.08.16 14:00:00|1.17809|1.17822|1.17666|1.17674|1944
2021.08.16 15:00:00|1.17675|1.1777|1.17674|1.17765|3266
2021.08.16 16:00:00|1.17766|1.17865|1.17716|1.17741|3669
2021.08.16 17:00:00|1.1774|1.17897|1.17723|1.17868|3795
2021.08.16 18:00:00|1.17869|1.17885|1.17743|1.17743|2389
2021.08.16 19:00:00|1.17744|1.17798|1.17732|1.17744|967
2021.08.16 20:00:00|1.17743|1.17767|1.17738|1.17764|657
2021.08.16 21:00:00|1.17763|1.17774|1.1774|1.17745|597
2021.08.16 22:00:00|1.17747|1.17787|1.17744|1.17774|675
2021.08.16 23:00:00|1.17773|1.1778|1.17746|1.17775|634
2021.08.17 00:00:00|1.17774|1.17783|1.17728|1.1776|375
2021.08.17 01:00:00|1.17755|1.17782|1.17753|1.17781|449
2021.08.17 02:00:00|1.17782|1.17797|1.17767|1.1777|408
2021.08.17 03:00:00|1.17769|1.1777|1.17716|1.17732|942
2021.08.17 04:00:00|1.17734|1.17761|1.17688|1.1773|1672
2021.08.17 05:00:00|1.17731|1.1774|1.17685|1.17716|1207
2021.08.17 06:00:00|1.17714|1.17716|1.1766|1.17676|1213
2021.08.17 07:00:00|1.17675|1.17695|1.17665|1.17677|626
2021.08.17 08:00:00|1.17676|1.17725|1.17676|1.17694|912
2021.08.17 09:00:00|1.17693|1.17701|1.17595|1.17605|3268
2021.08.17 10:00:00|1.17603|1.17738|1.17594|1.17714|3794
2021.08.17 11:00:00|1.17715|1.1784|1.17693|1.17764|2954
2021.08.17 12:00:00|1.17767|1.17767|1.17634|1.17708|1861
2021.08.17 13:00:00|1.17709|1.17746|1.17638|1.1766|1595
2021.08.17 14:00:00|1.17658|1.17714|1.17607|1.17618|2016
2021.08.17 15:00:00|1.17619|1.17697|1.17405|1.17432|6232
2021.08.17 16:00:00|1.17433|1.17439|1.17309|1.17371|5531
2021.08.17 17:00:00|1.17372|1.17379|1.17133|1.17165|4563
2021.08.17 18:00:00|1.17164|1.17175|1.17092|1.17124|3362
2021.08.17 19:00:00|1.17123|1.17176|1.17078|1.17078|1496
2021.08.17 20:00:00|1.17079|1.17177|1.17076|1.17173|1623
2021.08.17 21:00:00|1.17171|1.17189|1.17095|1.17102|1453
2021.08.17 22:00:00|1.17101|1.17129|1.17085|1.17109|1108
2021.08.17 23:00:00|1.17107|1.17124|1.17071|1.17089|1125
2021.08.18 00:00:00|1.17091|1.17119|1.17076|1.17091|264
2021.08.18 01:00:00|1.17093|1.171|1.17011|1.17052|952
2021.08.18 02:00:00|1.17053|1.17089|1.17046|1.17086|637
2021.08.18 03:00:00|1.17086|1.17126|1.17069|1.17114|1081
2021.08.18 04:00:00|1.17112|1.17168|1.171|1.17155|1278
2021.08.18 05:00:00|1.17154|1.17189|1.17093|1.17188|2106
2021.08.18 06:00:00|1.17187|1.17223|1.17157|1.17159|1009
2021.08.18 07:00:00|1.17161|1.17179|1.17142|1.17175|741
2021.08.18 08:00:00|1.17174|1.17175|1.17123|1.17146|799
2021.08.18 09:00:00|1.17147|1.17225|1.1712|1.17163|2146
2021.08.18 10:00:00|1.17162|1.17288|1.17155|1.1723|2019
2021.08.18 11:00:00|1.17231|1.17251|1.1717|1.17195|2097
2021.08.18 12:00:00|1.17194|1.17235|1.17149|1.17149|1674
2021.08.18 13:00:00|1.1715|1.17181|1.17114|1.17115|1460
2021.08.18 14:00:00|1.17114|1.17226|1.17052|1.17213|2237
2021.08.18 15:00:00|1.17211|1.17253|1.17133|1.17167|2938
2021.08.18 16:00:00|1.17168|1.17203|1.17079|1.17177|3399
2021.08.18 17:00:00|1.17178|1.17185|1.17057|1.17106|3572
2021.08.18 18:00:00|1.17105|1.17111|1.1693|1.17006|3741
2021.08.18 19:00:00|1.17007|1.17024|1.16933|1.16984|1702
2021.08.18 20:00:00|1.16983|1.17029|1.16971|1.16994|1378
2021.08.18 21:00:00|1.16991|1.17419|1.16986|1.17116|10957
2021.08.18 22:00:00|1.17115|1.17147|1.17083|1.17119|2070
2021.08.18 23:00:00|1.17117|1.17137|1.17064|1.17093|1188
2021.08.19 00:00:00|1.17093|1.17154|1.17044|1.1709|267
2021.08.19 01:00:00|1.1709|1.17149|1.17087|1.17127|1153
2021.08.19 02:00:00|1.17128|1.17143|1.1702|1.1702|801
2021.08.19 03:00:00|1.17021|1.17031|1.16833|1.16866|2428
2021.08.19 04:00:00|1.16864|1.16927|1.16833|1.16836|1848
2021.08.19 05:00:00|1.16835|1.16866|1.16736|1.1676|2259
2021.08.19 06:00:00|1.16761|1.16768|1.1665|1.16747|1782
2021.08.19 07:00:00|1.16746|1.16774|1.16732|1.16761|849
2021.08.19 08:00:00|1.1676|1.16799|1.16689|1.16716|2317
2021.08.19 09:00:00|1.16714|1.168|1.1668|1.16778|4727
2021.08.19 10:00:00|1.16779|1.16834|1.16704|1.1682|4972
2021.08.19 11:00:00|1.16821|1.16965|1.16795|1.16861|3926
2021.08.19 12:00:00|1.1686|1.1697|1.16794|1.16953|3251
2021.08.19 13:00:00|1.16952|1.16957|1.16885|1.16923|2240
2021.08.19 14:00:00|1.16924|1.1703|1.16913|1.16986|2254
2021.08.19 15:00:00|1.16984|1.17034|1.16938|1.16979|3435
2021.08.19 16:00:00|1.1698|1.17016|1.16911|1.16995|4522
2021.08.19 17:00:00|1.16994|1.16994|1.16809|1.16819|5554
2021.08.19 18:00:00|1.16818|1.16966|1.1678|1.1692|3528
2021.08.19 19:00:00|1.16921|1.16926|1.16839|1.16876|1728
2021.08.19 20:00:00|1.16875|1.16876|1.16764|1.16767|1426
2021.08.19 21:00:00|1.16766|1.16779|1.16718|1.16749|1852
2021.08.19 22:00:00|1.1675|1.16794|1.16735|1.16759|1396
2021.08.19 23:00:00|1.16757|1.16775|1.1674|1.16746|844
2021.08.20 00:00:00|1.16745|1.16769|1.16738|1.1676|119
2021.08.20 01:00:00|1.16762|1.16787|1.1676|1.16771|446
2021.08.20 02:00:00|1.16772|1.16777|1.16743|1.16758|336
2021.08.20 03:00:00|1.16759|1.16831|1.16757|1.16815|883
2021.08.20 04:00:00|1.16814|1.16847|1.16768|1.16789|1592
2021.08.20 05:00:00|1.1679|1.16805|1.16751|1.16787|921
2021.08.20 06:00:00|1.16786|1.16866|1.1678|1.16847|799
2021.08.20 07:00:00|1.16848|1.16867|1.16834|1.16853|573
2021.08.20 08:00:00|1.16852|1.16885|1.16807|1.16863|1455
2021.08.20 09:00:00|1.16862|1.16868|1.16774|1.16823|2726
2021.08.20 10:00:00|1.16824|1.16859|1.16769|1.16787|4017
2021.08.20 11:00:00|1.16788|1.16839|1.167|1.16732|2431
2021.08.20 12:00:00|1.16731|1.16764|1.16711|1.16749|2059
2021.08.20 13:00:00|1.16749|1.16828|1.16699|1.16798|2053
2021.08.20 14:00:00|1.16799|1.16801|1.16667|1.16675|2636
2021.08.20 15:00:00|1.16676|1.16745|1.16643|1.16677|3618
2021.08.20 16:00:00|1.16676|1.16848|1.16633|1.16787|7482
2021.08.20 17:00:00|1.16788|1.16828|1.16706|1.16779|5399
2021.08.20 18:00:00|1.16777|1.169|1.16743|1.16897|3796
2021.08.20 19:00:00|1.16896|1.17038|1.16885|1.17025|2858
2021.08.20 20:00:00|1.17025|1.17031|1.16924|1.16938|1475
2021.08.20 21:00:00|1.16938|1.16968|1.16914|1.16956|1219
2021.08.20 22:00:00|1.16957|1.17015|1.1695|1.17015|1495
2021.08.20 23:00:00|1.17013|1.17039|1.16965|1.16968|1344
2021.08.23 00:00:00|1.16908|1.16953|1.16846|1.16934|382
2021.08.23 01:00:00|1.16939|1.17|1.16916|1.16927|1377
2021.08.23 02:00:00|1.16926|1.16964|1.16923|1.16962|559
2021.08.23 03:00:00|1.16963|1.17022|1.16945|1.16986|1402
2021.08.23 04:00:00|1.16987|1.17176|1.16981|1.17129|2868
2021.08.23 05:00:00|1.17129|1.17173|1.17119|1.1717|1448
2021.08.23 06:00:00|1.17169|1.17231|1.17144|1.17195|1309
2021.08.23 07:00:00|1.17193|1.172|1.17156|1.17182|884
2021.08.23 08:00:00|1.17181|1.17219|1.17158|1.17163|1149
2021.08.23 09:00:00|1.17164|1.17194|1.17073|1.17129|3461
2021.08.23 10:00:00|1.17128|1.17255|1.17056|1.17219|5287
2021.08.23 11:00:00|1.17218|1.17314|1.172|1.17304|4077
2021.08.23 12:00:00|1.17303|1.17319|1.17208|1.17233|2685
2021.08.23 13:00:00|1.17234|1.17273|1.17145|1.17273|2501
2021.08.23 14:00:00|1.17271|1.17272|1.17171|1.17175|2795
2021.08.23 15:00:00|1.17176|1.17331|1.17153|1.17314|3949
2021.08.23 16:00:00|1.17314|1.17428|1.17277|1.17295|6548
2021.08.23 17:00:00|1.17295|1.17413|1.17232|1.17392|6038
2021.08.23 18:00:00|1.17395|1.174|1.17287|1.17308|3829
2021.08.23 19:00:00|1.17307|1.17398|1.17301|1.17385|2065
2021.08.23 20:00:00|1.17386|1.17433|1.17376|1.17428|1217
2021.08.23 21:00:00|1.17428|1.17495|1.17427|1.17475|1244
2021.08.23 22:00:00|1.17475|1.17496|1.17434|1.17459|1788
2021.08.23 23:00:00|1.17459|1.17478|1.17414|1.17447|1976
2021.08.24 00:00:00|1.17447|1.17462|1.17419|1.17454|866
2021.08.24 01:00:00|1.17455|1.17478|1.1745|1.1745|398
2021.08.24 02:00:00|1.17449|1.17463|1.1743|1.17435|726
2021.08.24 03:00:00|1.17433|1.17467|1.17379|1.17386|1074
2021.08.24 04:00:00|1.17387|1.17394|1.17352|1.17354|1209
2021.08.24 05:00:00|1.17354|1.17418|1.17335|1.17413|1060
2021.08.24 06:00:00|1.17414|1.17417|1.1737|1.17371|649
2021.08.24 07:00:00|1.17372|1.17406|1.17365|1.17404|456
2021.08.24 08:00:00|1.17405|1.17452|1.174|1.17404|1568
2021.08.24 09:00:00|1.17406|1.17462|1.17381|1.17389|3321
2021.08.24 10:00:00|1.1739|1.17444|1.17323|1.17376|3835
2021.08.24 11:00:00|1.17375|1.17409|1.17265|1.17278|3685
2021.08.24 12:00:00|1.17277|1.17371|1.17271|1.17302|2469
2021.08.24 13:00:00|1.17302|1.17387|1.17301|1.1735|2073
2021.08.24 14:00:00|1.17349|1.17416|1.17341|1.17354|1804
2021.08.24 15:00:00|1.17353|1.17543|1.17344|1.17498|3959
2021.08.24 16:00:00|1.17499|1.17534|1.17345|1.17474|6724
2021.08.24 17:00:00|1.17475|1.17645|1.17416|1.17602|6714
2021.08.24 18:00:00|1.17602|1.17605|1.17423|1.17458|3539
2021.08.24 19:00:00|1.17459|1.17468|1.17421|1.17467|1716
2021.08.24 20:00:00|1.17466|1.17471|1.17432|1.17443|1246
2021.08.24 21:00:00|1.17442|1.17549|1.17421|1.17538|1239
2021.08.24 22:00:00|1.17539|1.1757|1.17511|1.17568|973
2021.08.24 23:00:00|1.17568|1.17584|1.17526|1.17526|640
2021.08.25 00:00:00|1.17545|1.17563|1.17536|1.17554|465
2021.08.25 01:00:00|1.17553|1.17579|1.17547|1.17559|1242
2021.08.25 02:00:00|1.17559|1.17566|1.17516|1.17521|751
2021.08.25 03:00:00|1.17521|1.1757|1.17395|1.17409|1814
2021.08.25 04:00:00|1.1741|1.17418|1.17345|1.17354|1971
2021.08.25 05:00:00|1.17352|1.17386|1.17327|1.1737|1448
2021.08.25 06:00:00|1.17369|1.17388|1.17339|1.17375|823
2021.08.25 07:00:00|1.17374|1.17399|1.17371|1.17399|583
2021.08.25 08:00:00|1.17399|1.17447|1.17393|1.17421|792
2021.08.25 09:00:00|1.17421|1.17443|1.17318|1.17324|2534
2021.08.25 10:00:00|1.17324|1.17435|1.17317|1.17371|3855
2021.08.25 11:00:00|1.17372|1.17588|1.17328|1.17505|4643
2021.08.25 12:00:00|1.17505|1.17548|1.17472|1.17483|2668
2021.08.25 13:00:00|1.17482|1.17499|1.17421|1.17466|1973
2021.08.25 14:00:00|1.17467|1.17467|1.1734|1.17402|2498
2021.08.25 15:00:00|1.17401|1.17407|1.17254|1.17318|4666
2021.08.25 16:00:00|1.17318|1.17492|1.17295|1.17463|5820
2021.08.25 17:00:00|1.17463|1.17548|1.17451|1.17487|7031
2021.08.25 18:00:00|1.17487|1.17591|1.17455|1.17558|4278
2021.08.25 19:00:00|1.17559|1.17626|1.1755|1.17595|2341
2021.08.25 20:00:00|1.17596|1.17606|1.17527|1.17589|2264
2021.08.25 21:00:00|1.1759|1.17736|1.17589|1.17705|3013
2021.08.25 22:00:00|1.17706|1.17717|1.17647|1.17705|1401
2021.08.25 23:00:00|1.17703|1.17739|1.17685|1.17703|849
2021.08.26 00:00:00|1.17703|1.17712|1.1767|1.17684|398
2021.08.26 01:00:00|1.17682|1.17724|1.17682|1.17702|744
2021.08.26 02:00:00|1.17703|1.17717|1.17697|1.17711|470
2021.08.26 03:00:00|1.17711|1.17731|1.17657|1.17662|1219
2021.08.26 04:00:00|1.17662|1.17671|1.1762|1.17651|1616
2021.08.26 05:00:00|1.17653|1.17653|1.17619|1.1764|1368
2021.08.26 06:00:00|1.17641|1.17645|1.17605|1.17621|819
2021.08.26 07:00:00|1.1762|1.17667|1.17612|1.17636|613
2021.08.26 08:00:00|1.17635|1.1769|1.17624|1.17647|1273
2021.08.26 09:00:00|1.17645|1.17674|1.17558|1.17568|3000
2021.08.26 10:00:00|1.17567|1.17739|1.17559|1.1769|4891
2021.08.26 11:00:00|1.17691|1.17692|1.17577|1.17583|3540
2021.08.26 12:00:00|1.17583|1.17691|1.17577|1.17691|2363
2021.08.26 13:00:00|1.17692|1.17779|1.17692|1.17742|2060
2021.08.26 14:00:00|1.17742|1.17783|1.17667|1.17689|3247
2021.08.26 15:00:00|1.17688|1.17751|1.17511|1.1755|7571
2021.08.26 16:00:00|1.17551|1.17595|1.17477|1.17535|7406
2021.08.26 17:00:00|1.17533|1.17666|1.17453|1.17531|8014
2021.08.26 18:00:00|1.1753|1.1763|1.17522|1.17615|4708
2021.08.26 19:00:00|1.17614|1.17629|1.17518|1.17518|2550
2021.08.26 20:00:00|1.1752|1.17541|1.17484|1.1753|2790
2021.08.26 21:00:00|1.17531|1.17553|1.17501|1.17513|1515
2021.08.26 22:00:00|1.17514|1.17542|1.17493|1.17542|1280
2021.08.26 23:00:00|1.17541|1.17541|1.17504|1.17509|966
2021.08.27 00:00:00|1.17509|1.17575|1.17507|1.17541|1644
2021.08.27 01:00:00|1.17543|1.17558|1.1753|1.17555|1054
2021.08.27 02:00:00|1.17556|1.17569|1.17529|1.17529|308
2021.08.27 03:00:00|1.17532|1.17537|1.17416|1.17446|1979
2021.08.27 04:00:00|1.17445|1.17504|1.17427|1.17489|1564
2021.08.27 05:00:00|1.17489|1.17568|1.17487|1.1752|1756
2021.08.27 06:00:00|1.17517|1.1759|1.17515|1.17589|1122
2021.08.27 07:00:00|1.1759|1.1763|1.17581|1.17626|927
2021.08.27 08:00:00|1.17627|1.17635|1.17602|1.17607|1032
2021.08.27 09:00:00|1.17609|1.17693|1.17582|1.17673|2767
2021.08.27 10:00:00|1.17675|1.17707|1.17566|1.17608|3187
2021.08.27 11:00:00|1.17607|1.17622|1.17498|1.17503|3295
2021.08.27 12:00:00|1.17502|1.17578|1.17492|1.17576|2243
2021.08.27 13:00:00|1.17575|1.17628|1.1755|1.17582|2878
2021.08.27 14:00:00|1.17581|1.17654|1.17563|1.17619|2958
2021.08.27 15:00:00|1.17619|1.17641|1.17531|1.17553|3902
2021.08.27 16:00:00|1.17554|1.17732|1.17344|1.17657|13088
2021.08.27 17:00:00|1.17656|1.18017|1.17443|1.17858|22314
2021.08.27 18:00:00|1.17857|1.17967|1.17834|1.17926|7427
2021.08.27 19:00:00|1.17929|1.18012|1.17887|1.17999|3565
2021.08.27 20:00:00|1.17998|1.18006|1.17927|1.17943|2255
2021.08.27 21:00:00|1.17944|1.17959|1.17915|1.17937|1450
2021.08.27 22:00:00|1.17935|1.17978|1.17928|1.17958|1611
2021.08.27 23:00:00|1.17956|1.17972|1.17933|1.17942|1771
2021.08.30 00:00:00|1.1793|1.17944|1.17892|1.17944|163
2021.08.30 01:00:00|1.17962|1.18|1.17954|1.17977|1261
2021.08.30 02:00:00|1.17977|1.17985|1.1796|1.17974|723
2021.08.30 03:00:00|1.17975|1.1805|1.17946|1.18041|1443
2021.08.30 04:00:00|1.18041|1.18073|1.1802|1.18054|2081
2021.08.30 05:00:00|1.18055|1.18091|1.18041|1.18048|2485
2021.08.30 06:00:00|1.18049|1.18074|1.18017|1.18033|1227
2021.08.30 07:00:00|1.18032|1.18064|1.18021|1.1803|864
2021.08.30 08:00:00|1.1803|1.18045|1.17985|1.17987|1015
2021.08.30 09:00:00|1.17988|1.18016|1.17928|1.17999|2470
2021.08.30 10:00:00|1.17997|1.18027|1.17936|1.18017|2721
2021.08.30 11:00:00|1.18017|1.18047|1.17931|1.17979|3157
2021.08.30 12:00:00|1.1798|1.18012|1.17935|1.1799|2030
2021.08.30 13:00:00|1.17991|1.18021|1.17941|1.17954|1909
2021.08.30 14:00:00|1.17954|1.18005|1.17903|1.17989|2260
2021.08.30 15:00:00|1.17988|1.18014|1.17832|1.17856|3382
2021.08.30 16:00:00|1.17857|1.17956|1.17821|1.17878|4584
2021.08.30 17:00:00|1.17879|1.17997|1.17837|1.17992|5400
2021.08.30 18:00:00|1.17991|1.1803|1.17905|1.17939|2525
2021.08.30 19:00:00|1.1794|1.17969|1.17925|1.17967|1275
2021.08.30 20:00:00|1.17966|1.17982|1.17951|1.17965|728
2021.08.30 21:00:00|1.17965|1.18034|1.17964|1.1803|1056
2021.08.30 22:00:00|1.18029|1.18031|1.17975|1.17991|1060
2021.08.30 23:00:00|1.17991|1.17994|1.17956|1.17959|883
2021.08.31 00:00:00|1.17959|1.1798|1.17942|1.17976|362
2021.08.31 01:00:00|1.17976|1.17978|1.17962|1.17964|410
2021.08.31 02:00:00|1.17964|1.17978|1.1795|1.17958|318
2021.08.31 03:00:00|1.17957|1.18023|1.17946|1.18014|2212
2021.08.31 04:00:00|1.18013|1.18057|1.17971|1.18029|2258
2021.08.31 05:00:00|1.18028|1.18079|1.1802|1.1807|1150
2021.08.31 06:00:00|1.18071|1.18191|1.18057|1.18188|1958
2021.08.31 07:00:00|1.18188|1.18239|1.18161|1.18166|1561
2021.08.31 08:00:00|1.18166|1.18272|1.18166|1.1827|1964
2021.08.31 09:00:00|1.18271|1.18309|1.18226|1.18243|2713
2021.08.31 10:00:00|1.18242|1.18296|1.18235|1.18269|3619
2021.08.31 11:00:00|1.1827|1.18294|1.18193|1.18196|3359
2021.08.31 12:00:00|1.18197|1.18293|1.18192|1.18228|4111
2021.08.31 13:00:00|1.18227|1.18365|1.1822|1.18328|4965
2021.08.31 14:00:00|1.18328|1.18444|1.1832|1.1839|4753
2021.08.31 15:00:00|1.18391|1.18392|1.18301|1.18361|4742
2021.08.31 16:00:00|1.1836|1.18371|1.18159|1.18198|8391
2021.08.31 17:00:00|1.182|1.18322|1.17988|1.18031|12463
2021.08.31 18:00:00|1.18031|1.18085|1.1796|1.17993|9336
2021.08.31 19:00:00|1.17991|1.18076|1.17973|1.18064|2914
2021.08.31 20:00:00|1.18064|1.18087|1.18025|1.18078|2341
2021.08.31 21:00:00|1.18077|1.18124|1.18053|1.18123|2530
2021.08.31 22:00:00|1.18122|1.18122|1.18054|1.18064|1958
2021.08.31 23:00:00|1.18063|1.18098|1.18057|1.18084|1042
2021.09.01 00:00:00|1.18084|1.18097|1.18064|1.18083|116
2021.09.01 01:00:00|1.18082|1.18106|1.18075|1.18091|563
2021.09.01 02:00:00|1.18094|1.18111|1.18071|1.18093|712
2021.09.01 03:00:00|1.18094|1.18105|1.18005|1.18022|1392
2021.09.01 04:00:00|1.18021|1.18051|1.18001|1.1803|1785
2021.09.01 05:00:00|1.18029|1.18051|1.17995|1.18025|1412
2021.09.01 06:00:00|1.18024|1.18058|1.18016|1.18038|985
2021.09.01 07:00:00|1.18036|1.1804|1.17981|1.17988|771
2021.09.01 08:00:00|1.17989|1.17996|1.17946|1.17985|1945
2021.09.01 09:00:00|1.17985|1.18107|1.1793|1.18088|4419
2021.09.01 10:00:00|1.18087|1.18128|1.17949|1.1805|5827
2021.09.01 11:00:00|1.1805|1.18159|1.18018|1.18133|3615
2021.09.01 12:00:00|1.18132|1.1818|1.18109|1.18163|3278
2021.09.01 13:00:00|1.18164|1.18227|1.18149|1.18195|2455
2021.09.01 14:00:00|1.18195|1.18219|1.18123|1.18133|3322
2021.09.01 15:00:00|1.18134|1.18388|1.18129|1.18372|7306
2021.09.01 16:00:00|1.18373|1.18479|1.18324|1.18431|5683
2021.09.01 17:00:00|1.18429|1.18566|1.18326|1.18535|7928
2021.09.01 18:00:00|1.18534|1.18558|1.18461|1.18492|4250
2021.09.01 19:00:00|1.18493|1.18556|1.18468|1.18474|2045
2021.09.01 20:00:00|1.18475|1.18504|1.18418|1.18421|1658
2021.09.01 21:00:00|1.18423|1.18467|1.18403|1.18458|1678
2021.09.01 22:00:00|1.18458|1.18459|1.18375|1.18375|1466
2021.09.01 23:00:00|1.18375|1.18399|1.18369|1.18383|847
2021.09.02 00:00:00|1.18382|1.18409|1.18366|1.18382|140
2021.09.02 01:00:00|1.18381|1.18413|1.18381|1.18402|1193
2021.09.02 02:00:00|1.18405|1.18414|1.18396|1.18401|367
2021.09.02 03:00:00|1.18402|1.18453|1.18393|1.18441|1959
2021.09.02 04:00:00|1.1844|1.18446|1.18371|1.18385|1419
2021.09.02 05:00:00|1.18385|1.184|1.18361|1.18384|813
2021.09.02 06:00:00|1.18385|1.1839|1.1836|1.18372|651
2021.09.02 07:00:00|1.18372|1.18377|1.18339|1.1834|474
2021.09.02 08:00:00|1.18339|1.18433|1.18336|1.18427|1064
2021.09.02 09:00:00|1.18428|1.18458|1.18391|1.18447|2212
2021.09.02 10:00:00|1.18448|1.1851|1.18395|1.18468|4016
2021.09.02 11:00:00|1.18468|1.18493|1.18426|1.18449|3672
2021.09.02 12:00:00|1.18448|1.18525|1.18423|1.1851|3083
2021.09.02 13:00:00|1.18509|1.18551|1.18481|1.1854|2493
2021.09.02 14:00:00|1.1854|1.18541|1.18456|1.18462|3191
2021.09.02 15:00:00|1.18463|1.18493|1.18358|1.18465|4617
2021.09.02 16:00:00|1.18464|1.18619|1.18457|1.18582|5375
2021.09.02 17:00:00|1.18581|1.18682|1.18494|1.18673|6352
2021.09.02 18:00:00|1.18673|1.18703|1.18565|1.18566|3993
2021.09.02 19:00:00|1.18566|1.18658|1.18563|1.18643|1931
2021.09.02 20:00:00|1.18642|1.18703|1.18637|1.18702|1625
2021.09.02 21:00:00|1.18702|1.18741|1.18685|1.1874|1711
2021.09.02 22:00:00|1.18739|1.18753|1.18722|1.18733|1359
2021.09.02 23:00:00|1.18734|1.18754|1.18715|1.18742|553
2021.09.03 00:00:00|1.18743|1.18753|1.18708|1.18728|224
2021.09.03 01:00:00|1.18728|1.18746|1.18724|1.18736|367
2021.09.03 02:00:00|1.18735|1.18739|1.18725|1.18731|248
2021.09.03 03:00:00|1.18731|1.18821|1.18727|1.18814|2123
2021.09.03 04:00:00|1.18815|1.18831|1.18771|1.18817|1925
2021.09.03 05:00:00|1.18817|1.18837|1.1878|1.18782|1651
2021.09.03 06:00:00|1.18783|1.18794|1.18766|1.1878|1656
2021.09.03 07:00:00|1.1878|1.18788|1.18754|1.18757|696
2021.09.03 08:00:00|1.18756|1.18801|1.18749|1.18788|1063
2021.09.03 09:00:00|1.18789|1.188|1.18728|1.18767|1866
2021.09.03 10:00:00|1.18766|1.18813|1.18706|1.1874|3718
2021.09.03 11:00:00|1.18741|1.18821|1.1873|1.1874|3208
2021.09.03 12:00:00|1.18739|1.18739|1.18656|1.18692|2828
2021.09.03 13:00:00|1.18693|1.18717|1.18681|1.18689|2197
2021.09.03 14:00:00|1.18689|1.18767|1.18688|1.18725|2620
2021.09.03 15:00:00|1.18728|1.19083|1.18652|1.18905|19423
2021.09.03 16:00:00|1.18907|1.19042|1.18756|1.18876|12864
2021.09.03 17:00:00|1.18876|1.18891|1.1871|1.18804|9457
2021.09.03 18:00:00|1.18803|1.18896|1.18763|1.18826|4744
2021.09.03 19:00:00|1.18827|1.18892|1.18809|1.18889|1661
2021.09.03 20:00:00|1.18888|1.18972|1.18884|1.18946|1835
2021.09.03 21:00:00|1.18946|1.1896|1.18888|1.18904|1270
2021.09.03 22:00:00|1.18903|1.18903|1.18793|1.18795|1729
2021.09.03 23:00:00|1.18795|1.18859|1.18743|1.18836|1415
2021.09.06 00:00:00|1.18785|1.18809|1.18747|1.1877|173
2021.09.06 01:00:00|1.1877|1.18829|1.18765|1.18792|942
2021.09.06 02:00:00|1.18791|1.18857|1.18786|1.18847|643
2021.09.06 03:00:00|1.18848|1.18853|1.18755|1.1878|1680
2021.09.06 04:00:00|1.18779|1.18792|1.1875|1.18769|1118
2021.09.06 05:00:00|1.18768|1.18768|1.18709|1.18733|1004
2021.09.06 06:00:00|1.18734|1.18734|1.18643|1.18673|838
2021.09.06 07:00:00|1.18674|1.18695|1.18663|1.18686|515
2021.09.06 08:00:00|1.18686|1.18723|1.18658|1.18709|754
2021.09.06 09:00:00|1.18708|1.18745|1.18677|1.18711|1714
2021.09.06 10:00:00|1.18712|1.18722|1.18595|1.18622|2695
2021.09.06 11:00:00|1.18623|1.18679|1.18604|1.18633|2759
2021.09.06 12:00:00|1.18634|1.18663|1.18551|1.18599|2730
2021.09.06 13:00:00|1.186|1.18654|1.18588|1.18641|2249
2021.09.06 14:00:00|1.1864|1.18661|1.18599|1.1861|2078
2021.09.06 15:00:00|1.18611|1.18665|1.18593|1.18656|1839
2021.09.06 16:00:00|1.18654|1.18697|1.18648|1.18668|2724
2021.09.06 17:00:00|1.18668|1.18703|1.18569|1.18618|2888
2021.09.06 18:00:00|1.18617|1.18667|1.18593|1.1865|1731
2021.09.06 19:00:00|1.18649|1.18706|1.18646|1.18705|923
2021.09.06 20:00:00|1.18706|1.18708|1.18679|1.18683|1180
2021.09.06 21:00:00|1.18683|1.18694|1.1868|1.18684|715
2021.09.06 22:00:00|1.18684|1.18702|1.18671|1.18676|1382
2021.09.06 23:00:00|1.18676|1.18692|1.18659|1.18692|2548
2021.09.07 00:00:00|1.18691|1.18702|1.18657|1.18694|373
2021.09.07 01:00:00|1.18696|1.18712|1.18696|1.18706|538
2021.09.07 02:00:00|1.18707|1.18733|1.18704|1.18725|435
2021.09.07 03:00:00|1.18726|1.1881|1.18721|1.18786|1685
2021.09.07 04:00:00|1.18786|1.18844|1.18778|1.18817|1416
2021.09.07 05:00:00|1.18818|1.18819|1.18779|1.18797|1044
2021.09.07 06:00:00|1.18796|1.1882|1.18768|1.18779|1081
2021.09.07 07:00:00|1.18778|1.18816|1.18744|1.18747|1799
2021.09.07 08:00:00|1.18748|1.18749|1.187|1.18708|2193
2021.09.07 09:00:00|1.18707|1.18735|1.18623|1.18707|3004
2021.09.07 10:00:00|1.18706|1.18817|1.18659|1.18756|5486
2021.09.07 11:00:00|1.18757|1.18757|1.18589|1.18753|5353
2021.09.07 12:00:00|1.18752|1.18796|1.18617|1.1865|6092
2021.09.07 13:00:00|1.1865|1.18746|1.1861|1.1874|4757
2021.09.07 14:00:00|1.18741|1.1876|1.18574|1.18607|4936
2021.09.07 15:00:00|1.18606|1.18643|1.18488|1.18498|4955
2021.09.07 16:00:00|1.18498|1.18597|1.18432|1.18556|7051
2021.09.07 17:00:00|1.18555|1.18571|1.18368|1.18456|9260
2021.09.07 18:00:00|1.18457|1.18495|1.18371|1.1848|4191
2021.09.07 19:00:00|1.18481|1.18489|1.18418|1.18448|2583
2021.09.07 20:00:00|1.18447|1.18514|1.18423|1.18484|2272
2021.09.07 21:00:00|1.18484|1.18526|1.18449|1.18451|1906
2021.09.07 22:00:00|1.18452|1.18457|1.18375|1.18391|2084
2021.09.07 23:00:00|1.18391|1.18419|1.18381|1.18384|1191
2021.09.08 00:00:00|1.18382|1.18445|1.18379|1.18444|398
2021.09.08 01:00:00|1.18442|1.18447|1.18418|1.18435|837
2021.09.08 02:00:00|1.18437|1.18437|1.1841|1.18424|317
2021.09.08 03:00:00|1.18422|1.18475|1.18398|1.18474|1059
2021.09.08 04:00:00|1.18473|1.18505|1.18449|1.1847|1176
2021.09.08 05:00:00|1.18471|1.18475|1.18438|1.18443|907
2021.09.08 06:00:00|1.18442|1.18451|1.18401|1.18415|1166
2021.09.08 07:00:00|1.18414|1.18431|1.18407|1.18429|702
2021.09.08 08:00:00|1.18429|1.1843|1.18345|1.18359|1182
2021.09.08 09:00:00|1.18357|1.18376|1.18279|1.18328|3532
2021.09.08 10:00:00|1.18327|1.18441|1.18297|1.18298|6241
2021.09.08 11:00:00|1.18298|1.183|1.18155|1.18208|6556
2021.09.08 12:00:00|1.18209|1.18261|1.18119|1.18146|4350
2021.09.08 13:00:00|1.18145|1.18217|1.18114|1.18169|3574
2021.09.08 14:00:00|1.18168|1.18243|1.18152|1.18218|3757
2021.09.08 15:00:00|1.18218|1.18288|1.18204|1.18204|4990
2021.09.08 16:00:00|1.18203|1.18218|1.18081|1.18165|7270
2021.09.08 17:00:00|1.18163|1.18185|1.18013|1.18116|9459
2021.09.08 18:00:00|1.18115|1.18205|1.18103|1.18176|5418
2021.09.08 19:00:00|1.18175|1.18282|1.18149|1.1818|3955
2021.09.08 20:00:00|1.1818|1.18256|1.1816|1.18232|3246
2021.09.08 21:00:00|1.18233|1.18293|1.18233|1.18235|2746
2021.09.08 22:00:00|1.18234|1.18244|1.18168|1.1817|1682
2021.09.08 23:00:00|1.1817|1.18185|1.18137|1.18153|1299
2021.09.09 00:00:00|1.18155|1.18174|1.18127|1.18152|262
2021.09.09 01:00:00|1.18153|1.18193|1.18153|1.18176|553
2021.09.09 02:00:00|1.18176|1.18183|1.18171|1.18181|510
2021.09.09 03:00:00|1.18181|1.18184|1.18116|1.18134|1545
2021.09.09 04:00:00|1.18135|1.18202|1.1813|1.18201|1253
2021.09.09 05:00:00|1.18202|1.18246|1.182|1.18243|975
2021.09.09 06:00:00|1.18245|1.18245|1.18171|1.18175|889
2021.09.09 07:00:00|1.18175|1.1818|1.18106|1.18135|1169
2021.09.09 08:00:00|1.18136|1.18162|1.18108|1.18124|1435
2021.09.09 09:00:00|1.18123|1.18237|1.18114|1.18151|3171
2021.09.09 10:00:00|1.1815|1.18267|1.1813|1.18216|5067
2021.09.09 11:00:00|1.18217|1.18354|1.18216|1.18331|4473
2021.09.09 12:00:00|1.18331|1.18331|1.18254|1.18319|3928
2021.09.09 13:00:00|1.1832|1.1835|1.18294|1.18312|2500
2021.09.09 14:00:00|1.18311|1.18405|1.18236|1.18394|6840
2021.09.09 15:00:00|1.18396|1.18405|1.18073|1.18226|10669
2021.09.09 16:00:00|1.18228|1.1834|1.18109|1.18148|12797
2021.09.09 17:00:00|1.18147|1.18195|1.18044|1.18156|8917
2021.09.09 18:00:00|1.18157|1.1827|1.18113|1.18265|5696
2021.09.09 19:00:00|1.18264|1.18322|1.18242|1.18309|2986
2021.09.09 20:00:00|1.1831|1.1839|1.18297|1.18332|3629
2021.09.09 21:00:00|1.18333|1.18343|1.18275|1.1829|2374
2021.09.09 22:00:00|1.18291|1.18298|1.1825|1.18251|1610
2021.09.09 23:00:00|1.18252|1.18257|1.18213|1.1824|894
2021.09.10 00:00:00|1.1824|1.18269|1.18225|1.18233|204
2021.09.10 01:00:00|1.18233|1.18241|1.18228|1.18228|954
2021.09.10 02:00:00|1.1823|1.18243|1.18217|1.18224|589
2021.09.10 03:00:00|1.18225|1.18269|1.18222|1.18234|1475
2021.09.10 04:00:00|1.18235|1.18241|1.18182|1.18208|1511
2021.09.10 05:00:00|1.18208|1.18319|1.18189|1.18317|2191
2021.09.10 06:00:00|1.18318|1.18323|1.18284|1.18296|1394
2021.09.10 07:00:00|1.18296|1.18304|1.18267|1.18291|1306
2021.09.10 08:00:00|1.18291|1.18332|1.18266|1.18268|1646
2021.09.10 09:00:00|1.1827|1.18302|1.1824|1.18283|2648
2021.09.10 10:00:00|1.18281|1.18434|1.18264|1.18415|5014
2021.09.10 11:00:00|1.18416|1.18505|1.18412|1.18471|4714
2021.09.10 12:00:00|1.1847|1.18473|1.18332|1.18351|3370
2021.09.10 13:00:00|1.1835|1.18371|1.18263|1.18301|3615
2021.09.10 14:00:00|1.183|1.18367|1.1828|1.18329|3523
2021.09.10 15:00:00|1.18331|1.18411|1.18254|1.18262|5140
2021.09.10 16:00:00|1.18262|1.18344|1.18206|1.18341|6420
2021.09.10 17:00:00|1.18342|1.18371|1.1829|1.18327|6979
2021.09.10 18:00:00|1.18327|1.18334|1.18177|1.1821|5950
2021.09.10 19:00:00|1.18209|1.18225|1.1815|1.18179|3571
2021.09.10 20:00:00|1.1818|1.1818|1.18115|1.18147|2064
2021.09.10 21:00:00|1.18147|1.18165|1.18115|1.18145|1732
2021.09.10 22:00:00|1.18145|1.18161|1.18116|1.1812|1938
2021.09.10 23:00:00|1.18121|1.1814|1.18083|1.1814|1277
2021.09.13 00:00:00|1.18112|1.18149|1.18068|1.18145|159
2021.09.13 01:00:00|1.18141|1.18142|1.18081|1.18114|1243
2021.09.13 02:00:00|1.18116|1.18122|1.18098|1.18109|545
2021.09.13 03:00:00|1.1811|1.18123|1.1804|1.18046|1369
2021.09.13 04:00:00|1.18047|1.18058|1.18015|1.18023|1540
2021.09.13 05:00:00|1.18022|1.18046|1.18016|1.18044|1064
2021.09.13 06:00:00|1.18043|1.18062|1.18023|1.18042|839
2021.09.13 07:00:00|1.18042|1.18052|1.17931|1.1795|1091
2021.09.13 08:00:00|1.17949|1.17953|1.17871|1.17927|2193
2021.09.13 09:00:00|1.17927|1.17944|1.17783|1.17788|4277
2021.09.13 10:00:00|1.17787|1.17872|1.17741|1.1786|4879
2021.09.13 11:00:00|1.1786|1.17904|1.17823|1.17889|3714
2021.09.13 12:00:00|1.17889|1.17924|1.1786|1.17906|2202
2021.09.13 13:00:00|1.17905|1.17918|1.17746|1.1775|3437
2021.09.13 14:00:00|1.1775|1.17768|1.17694|1.17733|3000
2021.09.13 15:00:00|1.17732|1.17859|1.17707|1.17819|5182
2021.09.13 16:00:00|1.17819|1.18007|1.17818|1.17993|6336
2021.09.13 17:00:00|1.17994|1.18102|1.17916|1.1809|7897
2021.09.13 18:00:00|1.18089|1.18163|1.18028|1.18081|4581
2021.09.13 19:00:00|1.18082|1.18092|1.18054|1.18066|1991
2021.09.13 20:00:00|1.18065|1.18084|1.18007|1.18019|1733
2021.09.13 21:00:00|1.18018|1.18048|1.18012|1.18033|1924
2021.09.13 22:00:00|1.18032|1.18071|1.18015|1.18068|2171
2021.09.13 23:00:00|1.18068|1.18103|1.18066|1.18102|793
2021.09.14 00:00:00|1.18102|1.18104|1.18058|1.18095|148
2021.09.14 01:00:00|1.18093|1.18114|1.18089|1.181|567
2021.09.14 02:00:00|1.181|1.18105|1.18085|1.1809|326
2021.09.14 03:00:00|1.18092|1.18111|1.18049|1.18079|1118
2021.09.14 04:00:00|1.18077|1.18114|1.18055|1.18075|1317
2021.09.14 05:00:00|1.18076|1.18183|1.18071|1.18166|1556
2021.09.14 06:00:00|1.18165|1.18165|1.18125|1.18151|1125
2021.09.14 07:00:00|1.18152|1.18169|1.1812|1.18125|716
2021.09.14 08:00:00|1.18126|1.18155|1.18109|1.18122|1294
2021.09.14 09:00:00|1.18123|1.18175|1.18059|1.18144|2974
2021.09.14 10:00:00|1.18143|1.18293|1.18125|1.1824|5258
2021.09.14 11:00:00|1.18239|1.1826|1.18201|1.18205|2865
2021.09.14 12:00:00|1.18204|1.18237|1.18065|1.18138|2916
2021.09.14 13:00:00|1.18139|1.18147|1.18024|1.18029|2464
2021.09.14 14:00:00|1.18029|1.18118|1.17994|1.18088|3115
2021.09.14 15:00:00|1.18089|1.1845|1.18067|1.18408|13844
2021.09.14 16:00:00|1.18409|1.18451|1.18226|1.18267|9810
2021.09.14 17:00:00|1.18266|1.18266|1.18148|1.18215|8424
2021.09.14 18:00:00|1.18216|1.18244|1.18173|1.18219|3714
2021.09.14 19:00:00|1.18219|1.1827|1.18204|1.18212|1962
2021.09.14 20:00:00|1.18213|1.18253|1.18177|1.18223|2466
2021.09.14 21:00:00|1.18224|1.18233|1.18069|1.1807|2469
2021.09.14 22:00:00|1.18069|1.18073|1.17994|1.18038|2609
2021.09.14 23:00:00|1.18038|1.18064|1.18019|1.18021|936
2021.09.15 00:00:00|1.18015|1.18083|1.18|1.18024|1396
2021.09.15 01:00:00|1.18032|1.18055|1.17999|1.18005|1147
2021.09.15 02:00:00|1.18004|1.18019|1.18|1.18017|286
2021.09.15 03:00:00|1.18019|1.18069|1.18001|1.18047|1746
2021.09.15 04:00:00|1.18048|1.18113|1.18041|1.18078|1678
2021.09.15 05:00:00|1.18077|1.18089|1.18031|1.18056|1813
2021.09.15 06:00:00|1.18056|1.18089|1.18049|1.18055|1051
2021.09.15 07:00:00|1.18053|1.18085|1.18038|1.18045|831
2021.09.15 08:00:00|1.18046|1.18062|1.18001|1.18048|1897
2021.09.15 09:00:00|1.18049|1.18112|1.17984|1.18069|4520
2021.09.15 10:00:00|1.18069|1.18179|1.18048|1.1816|4811
2021.09.15 11:00:00|1.1816|1.18281|1.18134|1.18254|3786
2021.09.15 12:00:00|1.18255|1.1828|1.18193|1.18239|3660
2021.09.15 13:00:00|1.1824|1.18312|1.18211|1.1827|3070
2021.09.15 14:00:00|1.18271|1.18309|1.18166|1.1821|3678
2021.09.15 15:00:00|1.18211|1.18312|1.18066|1.18108|8160
2021.09.15 16:00:00|1.18108|1.18206|1.18081|1.18178|8336
2021.09.15 17:00:00|1.18178|1.1822|1.18074|1.18181|7867
2021.09.15 18:00:00|1.18182|1.18208|1.1809|1.18108|4472
2021.09.15 19:00:00|1.18108|1.18123|1.18026|1.18032|2096
2021.09.15 20:00:00|1.18032|1.18105|1.1803|1.18078|1592
2021.09.15 21:00:00|1.18077|1.18086|1.18043|1.1807|1534
2021.09.15 22:00:00|1.1807|1.18167|1.18058|1.18166|1699
2021.09.15 23:00:00|1.18167|1.18174|1.18132|1.18161|868
2021.09.16 00:00:00|1.18162|1.18163|1.18142|1.1815|132
2021.09.16 01:00:00|1.18151|1.18198|1.18149|1.18193|1050
2021.09.16 02:00:00|1.18193|1.18197|1.1817|1.18183|637
2021.09.16 03:00:00|1.18181|1.18199|1.18153|1.18184|1283
2021.09.16 04:00:00|1.18185|1.18192|1.18144|1.18176|1485
2021.09.16 05:00:00|1.18176|1.1819|1.18155|1.18183|1295
2021.09.16 06:00:00|1.18184|1.1819|1.18114|1.18116|807
2021.09.16 07:00:00|1.18115|1.1812|1.18085|1.18091|739
2021.09.16 08:00:00|1.1809|1.18112|1.18021|1.18022|1689
2021.09.16 09:00:00|1.18021|1.18065|1.17905|1.17911|4536
2021.09.16 10:00:00|1.17911|1.17944|1.17773|1.17806|6430
2021.09.16 11:00:00|1.17808|1.17838|1.17712|1.17717|5472
2021.09.16 12:00:00|1.17717|1.1777|1.17653|1.177|4740
2021.09.16 13:00:00|1.17699|1.17709|1.17609|1.17652|3467
2021.09.16 14:00:00|1.17652|1.17735|1.17647|1.17678|3062
2021.09.16 15:00:00|1.17678|1.17688|1.17512|1.17542|8279
2021.09.16 16:00:00|1.1754|1.17607|1.17496|1.17566|5392
2021.09.16 17:00:00|1.17565|1.17677|1.17531|1.17619|4208
2021.09.16 18:00:00|1.17618|1.17662|1.17545|1.17624|2700
2021.09.16 19:00:00|1.17625|1.17635|1.17577|1.17588|1087
2021.09.16 20:00:00|1.17589|1.17606|1.17531|1.17548|997
2021.09.16 21:00:00|1.17549|1.17564|1.17528|1.17531|1328
2021.09.16 22:00:00|1.1753|1.17706|1.17525|1.17681|3604
2021.09.16 23:00:00|1.17682|1.17705|1.17626|1.1763|1232
2021.09.17 00:00:00|1.17632|1.17681|1.17629|1.17667|363
2021.09.17 01:00:00|1.17666|1.17683|1.17634|1.17646|1614
2021.09.17 02:00:00|1.17648|1.17652|1.17637|1.17642|394
2021.09.17 03:00:00|1.1764|1.17648|1.17584|1.17591|1112
2021.09.17 04:00:00|1.1759|1.17666|1.1758|1.17598|1937
2021.09.17 05:00:00|1.17597|1.17675|1.17594|1.17665|1163
2021.09.17 06:00:00|1.17666|1.17694|1.17656|1.17681|853
2021.09.17 07:00:00|1.17683|1.17728|1.1768|1.17724|732
2021.09.17 08:00:00|1.17725|1.17736|1.17671|1.17696|1190
2021.09.17 09:00:00|1.17695|1.1774|1.17678|1.17716|2311
2021.09.17 10:00:00|1.17717|1.17842|1.17708|1.17722|3100
2021.09.17 11:00:00|1.17721|1.17824|1.17677|1.17765|3447
2021.09.17 12:00:00|1.17764|1.17869|1.17732|1.17813|4774
2021.09.17 13:00:00|1.17812|1.17851|1.17778|1.1782|2993
2021.09.17 14:00:00|1.17821|1.17877|1.17749|1.17876|2455
2021.09.17 15:00:00|1.17877|1.17882|1.17718|1.17729|3532
2021.09.17 16:00:00|1.17728|1.17742|1.175|1.17531|5597
2021.09.17 17:00:00|1.17531|1.17564|1.17335|1.17371|6486
2021.09.17 18:00:00|1.1737|1.17397|1.1728|1.17326|4529
2021.09.17 19:00:00|1.17328|1.17359|1.17241|1.17248|1792
2021.09.17 20:00:00|1.17249|1.17312|1.17238|1.17263|1667
2021.09.17 21:00:00|1.17264|1.17294|1.17248|1.17284|1805
2021.09.17 22:00:00|1.17285|1.17314|1.17283|1.17298|1351
2021.09.17 23:00:00|1.17297|1.17304|1.17237|1.17243|1177
2021.09.20 00:00:00|1.17289|1.173|1.17241|1.17274|115
2021.09.20 01:00:00|1.17267|1.1728|1.17225|1.17262|897
2021.09.20 02:00:00|1.17263|1.17286|1.17254|1.17285|476
2021.09.20 03:00:00|1.17284|1.17289|1.17221|1.17229|655
2021.09.20 04:00:00|1.1723|1.1723|1.17176|1.17176|801
2021.09.20 05:00:00|1.17177|1.17183|1.17096|1.17115|1922
2021.09.20 06:00:00|1.17114|1.17142|1.17089|1.17099|787
2021.09.20 07:00:00|1.17098|1.1715|1.17093|1.17143|514
2021.09.20 08:00:00|1.17142|1.17172|1.17126|1.17163|774
2021.09.20 09:00:00|1.17162|1.17171|1.17104|1.17139|2889
2021.09.20 10:00:00|1.17138|1.17176|1.17051|1.17101|4731
2021.09.20 11:00:00|1.17102|1.17128|1.17045|1.17089|3308
2021.09.20 12:00:00|1.17088|1.17093|1.16993|1.17059|2824
2021.09.20 13:00:00|1.17058|1.17157|1.17054|1.17121|2753
2021.09.20 14:00:00|1.1712|1.17126|1.17024|1.17045|2819
2021.09.20 15:00:00|1.17046|1.17162|1.17045|1.17136|4415
2021.09.20 16:00:00|1.17137|1.17177|1.17106|1.17175|5375
2021.09.20 17:00:00|1.17174|1.17296|1.1712|1.17233|5422
2021.09.20 18:00:00|1.17232|1.17357|1.17228|1.17277|3566
2021.09.20 19:00:00|1.17278|1.17335|1.17213|1.17216|2506
2021.09.20 20:00:00|1.17215|1.17304|1.17213|1.1725|2168
2021.09.20 21:00:00|1.17251|1.17273|1.17218|1.17235|2040
2021.09.20 22:00:00|1.17236|1.17297|1.17215|1.17292|2389
2021.09.20 23:00:00|1.1729|1.17296|1.17244|1.17247|736
2021.09.21 00:00:00|1.17241|1.17289|1.17239|1.17258|470
2021.09.21 01:00:00|1.17258|1.17293|1.17246|1.1727|623
2021.09.21 02:00:00|1.17272|1.1728|1.17245|1.17261|684
2021.09.21 03:00:00|1.1726|1.17299|1.17242|1.17249|1356
2021.09.21 04:00:00|1.17248|1.17387|1.17225|1.17381|1635
2021.09.21 05:00:00|1.1738|1.17392|1.17315|1.17316|899
2021.09.21 06:00:00|1.17314|1.17317|1.17289|1.17311|620
2021.09.21 07:00:00|1.17312|1.17341|1.17291|1.1731|642
2021.09.21 08:00:00|1.17311|1.17351|1.17307|1.17327|1151
2021.09.21 09:00:00|1.17326|1.17366|1.17287|1.17305|2460
2021.09.21 10:00:00|1.17305|1.17336|1.17175|1.17261|4088
2021.09.21 11:00:00|1.1726|1.17361|1.17221|1.17333|3879
2021.09.21 12:00:00|1.17334|1.17372|1.17291|1.17361|2619
2021.09.21 13:00:00|1.17362|1.17382|1.17313|1.17348|2084
2021.09.21 14:00:00|1.1735|1.17451|1.17326|1.17436|2356
2021.09.21 15:00:00|1.17437|1.17478|1.17328|1.17389|5665
2021.09.21 16:00:00|1.1739|1.1741|1.17273|1.17299|5489
2021.09.21 17:00:00|1.173|1.17305|1.17161|1.17236|6530
2021.09.21 18:00:00|1.17237|1.17253|1.17141|1.17236|4362
2021.09.21 19:00:00|1.17235|1.17284|1.17218|1.17277|1723
2021.09.21 20:00:00|1.17276|1.1729|1.17179|1.17255|2189
2021.09.21 21:00:00|1.17256|1.17303|1.17244|1.17255|1944
2021.09.21 22:00:00|1.17256|1.17315|1.17243|1.17284|2170
2021.09.21 23:00:00|1.17282|1.17288|1.17228|1.17238|906
2021.09.22 00:00:00|1.1724|1.17276|1.17239|1.17243|215
2021.09.22 01:00:00|1.17234|1.17269|1.17234|1.17236|511
2021.09.22 02:00:00|1.17237|1.17237|1.17211|1.17221|598
2021.09.22 03:00:00|1.17222|1.17243|1.17162|1.17188|1704
2021.09.22 04:00:00|1.17187|1.17297|1.17159|1.1727|3348
2021.09.22 05:00:00|1.17271|1.17274|1.17232|1.17241|1086
2021.09.22 06:00:00|1.17242|1.17242|1.17182|1.17192|913
2021.09.22 07:00:00|1.17191|1.17229|1.1716|1.17211|623
2021.09.22 08:00:00|1.17212|1.17254|1.17208|1.17219|1151
2021.09.22 09:00:00|1.17218|1.17276|1.1716|1.17272|2377
2021.09.22 10:00:00|1.17269|1.17367|1.1723|1.17279|3712
2021.09.22 11:00:00|1.17277|1.17339|1.17234|1.17335|2632
2021.09.22 12:00:00|1.17336|1.17361|1.17276|1.17278|2155
2021.09.22 13:00:00|1.17279|1.17346|1.17276|1.17329|1852
2021.09.22 14:00:00|1.1733|1.17333|1.17236|1.17254|1584
2021.09.22 15:00:00|1.17255|1.17324|1.17242|1.17288|2925
2021.09.22 16:00:00|1.17287|1.17328|1.17234|1.17303|3697
2021.09.22 17:00:00|1.17304|1.17442|1.17279|1.1734|4382
2021.09.22 18:00:00|1.17341|1.17403|1.17319|1.17373|3404
2021.09.22 19:00:00|1.17374|1.1741|1.17323|1.17344|1756
2021.09.22 20:00:00|1.17345|1.1737|1.17209|1.17277|2191
2021.09.22 21:00:00|1.17277|1.17547|1.16896|1.16928|35432
2021.09.22 22:00:00|1.16927|1.17108|1.16834|1.16942|14458
2021.09.22 23:00:00|1.1694|1.16957|1.16867|1.16867|1392
2021.09.23 00:00:00|1.16865|1.16933|1.16858|1.16923|233
2021.09.23 01:00:00|1.16928|1.1694|1.16912|1.16934|952
2021.09.23 02:00:00|1.16936|1.16937|1.16859|1.16865|588
2021.09.23 03:00:00|1.16866|1.1689|1.16826|1.1688|1550
2021.09.23 04:00:00|1.16879|1.16942|1.16855|1.1694|1146
2021.09.23 05:00:00|1.16939|1.16979|1.16888|1.16964|1332
2021.09.23 06:00:00|1.16965|1.17085|1.16965|1.17061|978
2021.09.23 07:00:00|1.1706|1.1709|1.17044|1.17087|621
2021.09.23 08:00:00|1.17086|1.17125|1.17067|1.17086|854
2021.09.23 09:00:00|1.17085|1.17166|1.17056|1.17138|3274
2021.09.23 10:00:00|1.17139|1.17239|1.1705|1.17145|6061
2021.09.23 11:00:00|1.17144|1.17284|1.17093|1.17202|4656
2021.09.23 12:00:00|1.17201|1.17317|1.17188|1.17211|4508
2021.09.23 13:00:00|1.17212|1.17252|1.17104|1.17154|5787
2021.09.23 14:00:00|1.17153|1.17192|1.17106|1.17146|4717
2021.09.23 15:00:00|1.17147|1.17317|1.17134|1.17283|4960
2021.09.23 16:00:00|1.17284|1.1739|1.17207|1.17382|6102
2021.09.23 17:00:00|1.17383|1.17493|1.17369|1.17479|5798
2021.09.23 18:00:00|1.17478|1.17493|1.17318|1.17334|4889
2021.09.23 19:00:00|1.17335|1.17436|1.17297|1.17432|2014
2021.09.23 20:00:00|1.17433|1.17485|1.17424|1.1748|1474
2021.09.23 21:00:00|1.17479|1.17479|1.17425|1.1746|1544
2021.09.23 22:00:00|1.17459|1.17481|1.17406|1.17412|1584
2021.09.23 23:00:00|1.17414|1.17414|1.17351|1.17376|1114
2021.09.24 00:00:00|1.17376|1.17384|1.17349|1.17374|348
2021.09.24 01:00:00|1.17388|1.17425|1.17388|1.17412|556
2021.09.24 02:00:00|1.17413|1.17451|1.17385|1.17391|614
2021.09.24 03:00:00|1.17392|1.17468|1.17392|1.17452|1661
2021.09.24 04:00:00|1.17453|1.17458|1.17378|1.17382|1550
2021.09.24 05:00:00|1.17385|1.17398|1.17371|1.17394|1058
2021.09.24 06:00:00|1.17393|1.17422|1.17385|1.17404|875
2021.09.24 07:00:00|1.17403|1.17412|1.17352|1.17362|590
2021.09.24 08:00:00|1.17364|1.17388|1.1735|1.17362|1357
2021.09.24 09:00:00|1.17361|1.17407|1.17303|1.17344|2924
2021.09.24 10:00:00|1.17346|1.17405|1.17304|1.17376|3379
2021.09.24 11:00:00|1.17375|1.17398|1.17301|1.17352|2594
2021.09.24 12:00:00|1.17353|1.17373|1.17324|1.1734|1795
2021.09.24 13:00:00|1.17341|1.17367|1.17273|1.17338|2246
2021.09.24 14:00:00|1.17337|1.17362|1.1712|1.17129|3259
2021.09.24 15:00:00|1.1713|1.17189|1.17059|1.17059|3324
2021.09.24 16:00:00|1.17058|1.17189|1.16998|1.1711|4867
2021.09.24 17:00:00|1.17108|1.17154|1.17036|1.17123|4534
2021.09.24 18:00:00|1.1712|1.17158|1.17063|1.17128|2728
2021.09.24 19:00:00|1.17129|1.17245|1.17121|1.17154|2272
2021.09.24 20:00:00|1.17153|1.17193|1.17135|1.17168|1348
2021.09.24 21:00:00|1.1717|1.17175|1.17124|1.17152|985
2021.09.24 22:00:00|1.17153|1.17162|1.17133|1.17156|1042
2021.09.24 23:00:00|1.17155|1.17218|1.17148|1.17194|1075
2021.09.27 00:00:00|1.17241|1.17259|1.17168|1.17207|621
2021.09.27 01:00:00|1.17207|1.17216|1.17161|1.17195|1005
2021.09.27 02:00:00|1.17196|1.17232|1.17169|1.17217|480
2021.09.27 03:00:00|1.17218|1.17232|1.17161|1.17165|1762
2021.09.27 04:00:00|1.17167|1.17244|1.17159|1.17233|1420
2021.09.27 05:00:00|1.17234|1.17244|1.17178|1.17179|1172
2021.09.27 06:00:00|1.17178|1.17238|1.17177|1.17216|703
2021.09.27 07:00:00|1.17217|1.1724|1.17206|1.17216|402
2021.09.27 08:00:00|1.17217|1.17235|1.1719|1.17196|1010
2021.09.27 09:00:00|1.17197|1.17222|1.17101|1.17101|3408
2021.09.27 10:00:00|1.171|1.17139|1.16936|1.16937|3760
2021.09.27 11:00:00|1.16938|1.16973|1.1684|1.16887|4364
2021.09.27 12:00:00|1.16886|1.17001|1.16884|1.1696|3375
2021.09.27 13:00:00|1.16958|1.17075|1.16935|1.17068|2359
2021.09.27 14:00:00|1.17066|1.17098|1.16886|1.16912|3640
2021.09.27 15:00:00|1.16914|1.17086|1.16904|1.17065|8543
2021.09.27 16:00:00|1.17066|1.17066|1.16899|1.17013|5845
2021.09.27 17:00:00|1.17014|1.17089|1.16961|1.1699|4630
2021.09.27 18:00:00|1.16991|1.17048|1.16962|1.17007|3710
2021.09.27 19:00:00|1.17008|1.17066|1.16992|1.17012|1550
2021.09.27 20:00:00|1.17011|1.17052|1.16996|1.17038|1530
2021.09.27 21:00:00|1.17039|1.17076|1.16982|1.16983|1057
2021.09.27 22:00:00|1.16984|1.16999|1.16959|1.16977|986
2021.09.27 23:00:00|1.16976|1.16994|1.16938|1.16952|921
2021.09.28 00:00:00|1.16952|1.16971|1.16942|1.16952|154
2021.09.28 01:00:00|1.16947|1.16971|1.16942|1.16945|427
2021.09.28 02:00:00|1.16947|1.16956|1.16933|1.16949|234
2021.09.28 03:00:00|1.16948|1.1696|1.16852|1.16879|898
2021.09.28 04:00:00|1.16882|1.16884|1.16842|1.16869|906
2021.09.28 05:00:00|1.1687|1.16933|1.16868|1.16925|1280
2021.09.28 06:00:00|1.16924|1.16941|1.16901|1.16908|680
2021.09.28 07:00:00|1.16907|1.16979|1.16904|1.16979|504
2021.09.28 08:00:00|1.16978|1.17025|1.16961|1.16979|1134
2021.09.28 09:00:00|1.1698|1.17005|1.16736|1.16755|4284
2021.09.28 10:00:00|1.16756|1.16864|1.16715|1.16862|4342
2021.09.28 11:00:00|1.16861|1.1688|1.16746|1.16798|3855
2021.09.28 12:00:00|1.16799|1.16841|1.16724|1.16778|3061
2021.09.28 13:00:00|1.16777|1.16825|1.16743|1.1681|3555
2021.09.28 14:00:00|1.16809|1.16925|1.16766|1.16865|4642
2021.09.28 15:00:00|1.16866|1.16881|1.16719|1.16798|6825
2021.09.28 16:00:00|1.16797|1.16871|1.16708|1.16802|6606
2021.09.28 17:00:00|1.16801|1.17004|1.16712|1.16729|13094
2021.09.28 18:00:00|1.1673|1.16862|1.16673|1.168|7101
2021.09.28 19:00:00|1.16801|1.16894|1.16767|1.16811|3644
2021.09.28 20:00:00|1.16812|1.16856|1.16762|1.16786|3163
2021.09.28 21:00:00|1.16785|1.16812|1.16745|1.16763|2644
2021.09.28 22:00:00|1.16762|1.16855|1.16748|1.16845|2645
2021.09.28 23:00:00|1.16844|1.16885|1.16816|1.16822|1205
2021.09.29 00:00:00|1.16824|1.16848|1.16793|1.16814|391
2021.09.29 01:00:00|1.16813|1.16858|1.16811|1.16846|304
2021.09.29 02:00:00|1.16846|1.16858|1.16819|1.16853|469
2021.09.29 03:00:00|1.16852|1.16867|1.16794|1.16804|1686
2021.09.29 04:00:00|1.16805|1.16852|1.16772|1.16817|2075
2021.09.29 05:00:00|1.16818|1.16893|1.16805|1.16848|1305
2021.09.29 06:00:00|1.16847|1.16859|1.16823|1.16841|719
2021.09.29 07:00:00|1.1684|1.16857|1.16817|1.16857|830
2021.09.29 08:00:00|1.16858|1.16871|1.16814|1.16821|1594
2021.09.29 09:00:00|1.16821|1.16852|1.16752|1.16769|4504
2021.09.29 10:00:00|1.16769|1.16771|1.16557|1.16611|6068
2021.09.29 11:00:00|1.16612|1.16712|1.1661|1.16628|4094
2021.09.29 12:00:00|1.16629|1.16706|1.16578|1.16633|3649
2021.09.29 13:00:00|1.16634|1.16656|1.1655|1.16582|2751
2021.09.29 14:00:00|1.16581|1.16585|1.16393|1.16484|4301
2021.09.29 15:00:00|1.16483|1.1658|1.16424|1.1645|5257
2021.09.29 16:00:00|1.16449|1.16455|1.16314|1.16353|5108
2021.09.29 17:00:00|1.16353|1.16428|1.16104|1.16131|7858
2021.09.29 18:00:00|1.16132|1.16187|1.16091|1.16108|3602
2021.09.29 19:00:00|1.16107|1.16148|1.16|1.16006|2518
2021.09.29 20:00:00|1.16007|1.16043|1.1593|1.15942|2398
2021.09.29 21:00:00|1.15943|1.16041|1.1589|1.16007|2498
2021.09.29 22:00:00|1.16005|1.16021|1.15886|1.15929|1696
2021.09.29 23:00:00|1.15927|1.15973|1.15904|1.15967|1422
2021.09.30 00:00:00|1.15967|1.15982|1.15943|1.15961|171
2021.09.30 01:00:00|1.15961|1.15983|1.15956|1.15976|430
2021.09.30 02:00:00|1.15977|1.16015|1.15971|1.16008|608
2021.09.30 03:00:00|1.16007|1.16029|1.15971|1.16027|1494
2021.09.30 04:00:00|1.16026|1.16051|1.16004|1.16031|1404
2021.09.30 05:00:00|1.16032|1.16075|1.16021|1.16062|933
2021.09.30 06:00:00|1.16063|1.16079|1.1603|1.16032|739
2021.09.30 07:00:00|1.16031|1.16077|1.16006|1.16072|761
2021.09.30 08:00:00|1.16071|1.16073|1.1594|1.15943|1764
2021.09.30 09:00:00|1.15942|1.16053|1.15942|1.16052|3601
2021.09.30 10:00:00|1.16053|1.16078|1.15907|1.16037|4778
2021.09.30 11:00:00|1.16039|1.1609|1.15978|1.16034|3369
2021.09.30 12:00:00|1.16032|1.16058|1.15954|1.15973|2755
2021.09.30 13:00:00|1.15972|1.15972|1.15672|1.15704|4510
2021.09.30 14:00:00|1.15703|1.15818|1.1568|1.15747|3806
2021.09.30 15:00:00|1.15748|1.15918|1.15744|1.159|5915
2021.09.30 16:00:00|1.15898|1.15975|1.15765|1.15846|7586
2021.09.30 17:00:00|1.15844|1.15946|1.15754|1.15879|10081
2021.09.30 18:00:00|1.15878|1.15972|1.157|1.15771|9578
2021.09.30 19:00:00|1.1577|1.15793|1.15619|1.15699|4931
2021.09.30 20:00:00|1.157|1.15779|1.15636|1.15679|3349
2021.09.30 21:00:00|1.1568|1.15841|1.15622|1.15839|2896
2021.09.30 22:00:00|1.1584|1.1588|1.15783|1.15823|2838
2021.09.30 23:00:00|1.15824|1.15852|1.15745|1.15803|1550
2021.10.01 00:00:00|1.15808|1.15811|1.15762|1.15797|438
2021.10.01 01:00:00|1.15798|1.15815|1.15788|1.15802|1167
2021.10.01 02:00:00|1.15803|1.15803|1.15721|1.15731|609
2021.10.01 03:00:00|1.1573|1.15766|1.15643|1.15643|1837
2021.10.01 04:00:00|1.15643|1.1575|1.15621|1.1575|2539
2021.10.01 05:00:00|1.15751|1.15785|1.15708|1.15765|1123
2021.10.01 06:00:00|1.15767|1.15779|1.15738|1.1575|763
2021.10.01 07:00:00|1.15751|1.15811|1.1575|1.15796|777
2021.10.01 08:00:00|1.15794|1.15794|1.15739|1.15763|1698
2021.10.01 09:00:00|1.1576|1.15882|1.15751|1.1587|4773
2021.10.01 10:00:00|1.15871|1.15905|1.15761|1.15777|4864
2021.10.01 11:00:00|1.15776|1.15811|1.15743|1.15777|4508
2021.10.01 12:00:00|1.15776|1.15832|1.15755|1.15785|3333
2021.10.01 13:00:00|1.15784|1.15871|1.15718|1.1582|2982
2021.10.01 14:00:00|1.15822|1.16025|1.15819|1.15971|3940
2021.10.01 15:00:00|1.15972|1.16063|1.15963|1.16029|5280
2021.10.01 16:00:00|1.16031|1.16065|1.15943|1.16025|6824
2021.10.01 17:00:00|1.16024|1.16024|1.1583|1.15955|10996
2021.10.01 18:00:00|1.15954|1.16028|1.15883|1.15963|5145
2021.10.01 19:00:00|1.15964|1.16016|1.15929|1.15961|3123
2021.10.01 20:00:00|1.15962|1.15996|1.15936|1.15987|1792
2021.10.01 21:00:00|1.15988|1.16017|1.15961|1.15963|1629
2021.10.01 22:00:00|1.15964|1.1598|1.15918|1.15972|1894
2021.10.01 23:00:00|1.15973|1.15988|1.15907|1.15967|964
2021.10.04 00:00:00|1.15954|1.15985|1.15857|1.15963|113
2021.10.04 01:00:00|1.15956|1.16104|1.15926|1.16068|1363
2021.10.04 02:00:00|1.16069|1.16101|1.16056|1.16059|676
2021.10.04 03:00:00|1.1606|1.16129|1.16011|1.1602|1686
2021.10.04 04:00:00|1.16022|1.16031|1.15934|1.15968|1580
2021.10.04 05:00:00|1.15967|1.15998|1.15937|1.1594|1223
2021.10.04 06:00:00|1.15941|1.15941|1.1587|1.15884|893
2021.10.04 07:00:00|1.15885|1.15958|1.15884|1.15951|799
2021.10.04 08:00:00|1.15952|1.1599|1.1595|1.15975|998
2021.10.04 09:00:00|1.15972|1.16085|1.15953|1.1606|2914
2021.10.04 10:00:00|1.16059|1.16084|1.15988|1.16083|5002
2021.10.04 11:00:00|1.16084|1.16152|1.16049|1.16117|3586
2021.10.04 12:00:00|1.16118|1.16173|1.16075|1.1609|2675
2021.10.04 13:00:00|1.16092|1.16208|1.16071|1.16195|2013
2021.10.04 14:00:00|1.16194|1.1633|1.1618|1.16326|3276
2021.10.04 15:00:00|1.16327|1.16392|1.16307|1.16317|4074
2021.10.04 16:00:00|1.16318|1.16327|1.16231|1.16288|5564
2021.10.04 17:00:00|1.16287|1.16386|1.16207|1.16232|8661
2021.10.04 18:00:00|1.16231|1.16277|1.16142|1.16197|8105
2021.10.04 19:00:00|1.16196|1.16224|1.16147|1.16182|4549
