2021.08.06 05:00:00|1.39178|1.39188|1.39144|1.39186|1295
2021.08.06 06:00:00|1.39186|1.39225|1.39165|1.39203|504
2021.08.06 07:00:00|1.39203|1.39208|1.39164|1.39202|637
2021.08.06 08:00:00|1.392|1.39217|1.39144|1.392|866
2021.08.06 09:00:00|1.39199|1.39278|1.39172|1.39276|1494
2021.08.06 10:00:00|1.39275|1.39322|1.39094|1.39207|3230
2021.08.06 11:00:00|1.39206|1.39269|1.39119|1.3917|2522
2021.08.06 12:00:00|1.39171|1.39292|1.39063|1.39107|2023
2021.08.06 13:00:00|1.39108|1.39171|1.39069|1.39074|1958
2021.08.06 14:00:00|1.39075|1.39202|1.39042|1.39165|1988
2021.08.06 15:00:00|1.39167|1.39278|1.38929|1.39014|11475
2021.08.06 16:00:00|1.39013|1.39064|1.38825|1.38864|7198
2021.08.06 17:00:00|1.38865|1.3887|1.38624|1.38671|4189
2021.08.06 18:00:00|1.38669|1.38726|1.38605|1.38703|2686
2021.08.06 19:00:00|1.38703|1.38716|1.38639|1.3865|1069
2021.08.06 20:00:00|1.38652|1.38743|1.38643|1.38739|699
2021.08.06 21:00:00|1.38738|1.38769|1.38725|1.38729|641
2021.08.06 22:00:00|1.3873|1.38804|1.38722|1.38766|1235
2021.08.06 23:00:00|1.38766|1.388|1.38714|1.38721|1974
2021.08.09 00:00:00|1.3868|1.38821|1.3868|1.38721|596
2021.08.09 01:00:00|1.38734|1.38742|1.38603|1.38669|3478
2021.08.09 02:00:00|1.38672|1.38695|1.38574|1.38657|2972
2021.08.09 03:00:00|1.38657|1.38678|1.38542|1.38599|2485
2021.08.09 04:00:00|1.38597|1.38675|1.38553|1.38566|2755
2021.08.09 05:00:00|1.38572|1.38671|1.38566|1.38648|1423
2021.08.09 06:00:00|1.38653|1.38686|1.38644|1.38678|830
2021.08.09 07:00:00|1.38677|1.38701|1.38664|1.38693|432
2021.08.09 08:00:00|1.38694|1.38726|1.38663|1.38663|1071
2021.08.09 09:00:00|1.38666|1.38888|1.38641|1.38794|2338
2021.08.09 10:00:00|1.38793|1.38898|1.38641|1.38646|2695
2021.08.09 11:00:00|1.38646|1.38648|1.38497|1.38568|3538
2021.08.09 12:00:00|1.38567|1.38937|1.3855|1.38909|3295
2021.08.09 13:00:00|1.38908|1.38917|1.3878|1.38786|2185
2021.08.09 14:00:00|1.38787|1.3888|1.38688|1.38741|2731
2021.08.09 15:00:00|1.38739|1.38848|1.3872|1.38823|2834
2021.08.09 16:00:00|1.38824|1.38884|1.38656|1.38677|4478
2021.08.09 17:00:00|1.38677|1.38696|1.38451|1.38471|4049
2021.08.09 18:00:00|1.38469|1.38601|1.38464|1.38501|2608
2021.08.09 19:00:00|1.38499|1.38515|1.384|1.38466|1649
2021.08.09 20:00:00|1.3847|1.38507|1.3845|1.385|983
2021.08.09 21:00:00|1.38499|1.38577|1.38497|1.38521|938
2021.08.09 22:00:00|1.3852|1.38542|1.38453|1.38455|1706
2021.08.09 23:00:00|1.38453|1.38486|1.38439|1.38466|1732
2021.08.10 00:00:00|1.38446|1.38496|1.38419|1.38457|153
2021.08.10 01:00:00|1.38478|1.38484|1.38454|1.38465|648
2021.08.10 02:00:00|1.38465|1.38473|1.38437|1.38459|593
2021.08.10 03:00:00|1.38458|1.38504|1.38418|1.385|1186
2021.08.10 04:00:00|1.38503|1.38506|1.38359|1.38385|1171
2021.08.10 05:00:00|1.38386|1.38426|1.38353|1.38416|1228
2021.08.10 06:00:00|1.38416|1.38476|1.3841|1.38464|593
2021.08.10 07:00:00|1.38465|1.38486|1.38423|1.38437|743
2021.08.10 08:00:00|1.38437|1.38488|1.38434|1.38458|934
2021.08.10 09:00:00|1.38461|1.38525|1.38394|1.38497|2212
2021.08.10 10:00:00|1.38498|1.38599|1.38396|1.38514|3259
2021.08.10 11:00:00|1.38515|1.38719|1.38515|1.38636|2428
2021.08.10 12:00:00|1.38636|1.38648|1.38508|1.38596|2492
2021.08.10 13:00:00|1.38597|1.38613|1.38524|1.38595|1685
2021.08.10 14:00:00|1.38599|1.38638|1.38554|1.38606|1975
2021.08.10 15:00:00|1.38609|1.38637|1.38506|1.38515|2219
2021.08.10 16:00:00|1.38514|1.38558|1.38376|1.38426|3264
2021.08.10 17:00:00|1.38427|1.38677|1.38318|1.38474|5196
2021.08.10 18:00:00|1.38471|1.3848|1.38362|1.3837|2789
2021.08.10 19:00:00|1.38371|1.38404|1.38267|1.38318|2164
2021.08.10 20:00:00|1.38316|1.38375|1.38303|1.38375|1113
2021.08.10 21:00:00|1.38374|1.38425|1.38342|1.38392|723
2021.08.10 22:00:00|1.38391|1.38405|1.38336|1.38342|1010
2021.08.10 23:00:00|1.3834|1.38402|1.3834|1.38347|1555
2021.08.11 00:00:00|1.38383|1.384|1.38343|1.38354|329
2021.08.11 01:00:00|1.38372|1.38401|1.38351|1.38366|761
2021.08.11 02:00:00|1.38365|1.38381|1.38348|1.38349|688
2021.08.11 03:00:00|1.3835|1.38356|1.38189|1.3823|1055
2021.08.11 04:00:00|1.38229|1.38283|1.3819|1.38276|1372
2021.08.11 05:00:00|1.38277|1.38318|1.38256|1.38316|868
2021.08.11 06:00:00|1.38316|1.38325|1.38259|1.38277|729
2021.08.11 07:00:00|1.38277|1.38307|1.38266|1.38277|475
2021.08.11 08:00:00|1.38278|1.38324|1.38263|1.38268|803
2021.08.11 09:00:00|1.38267|1.38288|1.38205|1.38248|2124
2021.08.11 10:00:00|1.38248|1.38259|1.38119|1.38157|2198
2021.08.11 11:00:00|1.38157|1.3823|1.38065|1.38082|1922
2021.08.11 12:00:00|1.38083|1.38149|1.38072|1.38138|1461
2021.08.11 13:00:00|1.38137|1.38186|1.38019|1.38166|1681
2021.08.11 14:00:00|1.38165|1.38301|1.38111|1.38288|1570
2021.08.11 15:00:00|1.38292|1.38753|1.38262|1.38594|8794
2021.08.11 16:00:00|1.38593|1.38711|1.38485|1.38545|6272
2021.08.11 17:00:00|1.38546|1.3868|1.38463|1.38662|3969
2021.08.11 18:00:00|1.38661|1.387|1.38589|1.38644|2460
2021.08.11 19:00:00|1.38643|1.38787|1.38624|1.38785|1299
2021.08.11 20:00:00|1.38784|1.38869|1.38742|1.38761|2469
2021.08.11 21:00:00|1.38761|1.38762|1.38632|1.38633|955
2021.08.11 22:00:00|1.38631|1.38704|1.38631|1.38701|689
2021.08.11 23:00:00|1.387|1.387|1.3861|1.38612|1631
2021.08.12 00:00:00|1.38654|1.38707|1.38625|1.38653|407
2021.08.12 01:00:00|1.38647|1.3868|1.3863|1.38678|780
2021.08.12 02:00:00|1.38682|1.38696|1.38654|1.38656|690
2021.08.12 03:00:00|1.38655|1.38729|1.38646|1.38698|1140
2021.08.12 04:00:00|1.38697|1.38724|1.38637|1.38695|1229
2021.08.12 05:00:00|1.38694|1.38717|1.38634|1.3869|1096
2021.08.12 06:00:00|1.38688|1.38737|1.38673|1.38737|1066
2021.08.12 07:00:00|1.38736|1.38742|1.38671|1.38674|910
2021.08.12 08:00:00|1.38673|1.38725|1.38654|1.38693|1308
2021.08.12 09:00:00|1.38702|1.38719|1.38575|1.38577|1621
2021.08.12 10:00:00|1.38574|1.38778|1.38545|1.3877|2105
2021.08.12 11:00:00|1.3877|1.3877|1.38606|1.3862|2135
2021.08.12 12:00:00|1.38618|1.38654|1.38561|1.38639|1710
2021.08.12 13:00:00|1.38638|1.38638|1.38494|1.38497|1711
2021.08.12 14:00:00|1.38496|1.38518|1.38415|1.38469|1662
2021.08.12 15:00:00|1.3847|1.38547|1.38363|1.38462|3789
2021.08.12 16:00:00|1.38463|1.38466|1.38314|1.38375|3631
2021.08.12 17:00:00|1.38376|1.3838|1.38218|1.38332|2734
2021.08.12 18:00:00|1.38333|1.38345|1.38229|1.38315|1739
2021.08.12 19:00:00|1.38316|1.38336|1.38158|1.38159|1350
2021.08.12 20:00:00|1.3816|1.38169|1.38106|1.38137|1386
2021.08.12 21:00:00|1.38137|1.3814|1.37938|1.37991|1510
2021.08.12 22:00:00|1.3799|1.38061|1.37989|1.38052|3066
2021.08.12 23:00:00|1.38051|1.3813|1.38018|1.38031|2637
2021.08.13 00:00:00|1.38031|1.38124|1.38003|1.3808|1044
2021.08.13 01:00:00|1.3808|1.38121|1.3808|1.38108|600
2021.08.13 02:00:00|1.38108|1.38131|1.38088|1.381|443
2021.08.13 03:00:00|1.381|1.38119|1.38073|1.38094|1033
2021.08.13 04:00:00|1.38093|1.38121|1.3803|1.38087|943
2021.08.13 05:00:00|1.38087|1.38159|1.38087|1.38118|666
2021.08.13 06:00:00|1.38119|1.38138|1.38084|1.3813|739
2021.08.13 07:00:00|1.3813|1.38148|1.3812|1.38132|471
2021.08.13 08:00:00|1.3813|1.3814|1.38087|1.38091|481
2021.08.13 09:00:00|1.38093|1.38096|1.37966|1.38029|1312
2021.08.13 10:00:00|1.38033|1.3809|1.37975|1.38071|2035
2021.08.13 11:00:00|1.38074|1.38076|1.379|1.3799|1478
2021.08.13 12:00:00|1.37992|1.3806|1.37964|1.38027|1441
2021.08.13 13:00:00|1.38028|1.38028|1.3791|1.37988|1218
2021.08.13 14:00:00|1.37993|1.38221|1.37991|1.38176|2343
2021.08.13 15:00:00|1.38179|1.38331|1.38177|1.38292|2134
2021.08.13 16:00:00|1.38293|1.3841|1.38293|1.38379|2935
2021.08.13 17:00:00|1.38384|1.38534|1.3833|1.38522|4149
2021.08.13 18:00:00|1.38521|1.38613|1.38508|1.38554|1973
2021.08.13 19:00:00|1.38555|1.38701|1.38553|1.38658|1697
2021.08.13 20:00:00|1.38658|1.38741|1.38634|1.38737|1410
2021.08.13 21:00:00|1.38737|1.38737|1.38634|1.38678|966
2021.08.13 22:00:00|1.38677|1.38696|1.38653|1.38695|1052
2021.08.13 23:00:00|1.38694|1.387|1.38643|1.38671|1885
2021.08.16 00:00:00|1.38601|1.38605|1.3847|1.38586|377
2021.08.16 01:00:00|1.38602|1.38721|1.38567|1.38656|821
2021.08.16 02:00:00|1.38657|1.38685|1.38612|1.38629|566
2021.08.16 03:00:00|1.38628|1.38664|1.38559|1.3857|830
2021.08.16 04:00:00|1.38571|1.3866|1.38556|1.38626|701
2021.08.16 05:00:00|1.38622|1.38659|1.38599|1.38631|798
2021.08.16 06:00:00|1.38633|1.38635|1.38507|1.3852|885
2021.08.16 07:00:00|1.38521|1.38568|1.38521|1.38553|500
2021.08.16 08:00:00|1.3855|1.3855|1.38448|1.38455|838
2021.08.16 09:00:00|1.38456|1.38547|1.38377|1.38437|1754
2021.08.16 10:00:00|1.38434|1.38614|1.38398|1.3854|2539
2021.08.16 11:00:00|1.3854|1.38675|1.38521|1.38599|2385
2021.08.16 12:00:00|1.38599|1.38617|1.38478|1.38558|1620
2021.08.16 13:00:00|1.38557|1.3864|1.38509|1.38596|1894
2021.08.16 14:00:00|1.38596|1.38776|1.38503|1.38644|2415
2021.08.16 15:00:00|1.38645|1.38717|1.38598|1.38639|3326
2021.08.16 16:00:00|1.3864|1.38715|1.38274|1.38311|5032
2021.08.16 17:00:00|1.3831|1.38601|1.38269|1.38578|5087
2021.08.16 18:00:00|1.38577|1.386|1.3844|1.3847|2814
2021.08.16 19:00:00|1.38469|1.3852|1.38437|1.38447|1270
2021.08.16 20:00:00|1.38446|1.38446|1.38394|1.38431|892
2021.08.16 21:00:00|1.38431|1.38431|1.38352|1.38361|839
2021.08.16 22:00:00|1.38362|1.38421|1.3836|1.38382|1427
2021.08.16 23:00:00|1.38382|1.38426|1.38351|1.38396|1745
2021.08.17 00:00:00|1.38446|1.38446|1.3835|1.38388|420
2021.08.17 01:00:00|1.38388|1.38441|1.38388|1.3841|579
2021.08.17 02:00:00|1.3841|1.38428|1.38383|1.38397|654
2021.08.17 03:00:00|1.38396|1.38402|1.38329|1.38342|1277
2021.08.17 04:00:00|1.38345|1.3836|1.38226|1.38283|1737
2021.08.17 05:00:00|1.38282|1.383|1.38201|1.38233|1075
2021.08.17 06:00:00|1.38232|1.38242|1.38139|1.38147|1254
2021.08.17 07:00:00|1.38146|1.38198|1.38138|1.38182|908
2021.08.17 08:00:00|1.38182|1.38293|1.38161|1.3823|1361
2021.08.17 09:00:00|1.38228|1.38268|1.37981|1.37989|3629
2021.08.17 10:00:00|1.37989|1.38135|1.3787|1.37989|4277
2021.08.17 11:00:00|1.3799|1.38124|1.3797|1.38086|2843
2021.08.17 12:00:00|1.38085|1.3811|1.37993|1.38001|2002
2021.08.17 13:00:00|1.38002|1.38028|1.37843|1.37922|2689
2021.08.17 14:00:00|1.37921|1.37965|1.37852|1.3788|2207
2021.08.17 15:00:00|1.37879|1.37946|1.37657|1.37729|4396
2021.08.17 16:00:00|1.3773|1.37753|1.37517|1.37553|4436
2021.08.17 17:00:00|1.37551|1.37584|1.37344|1.37373|3969
2021.08.17 18:00:00|1.37374|1.37474|1.37329|1.3737|4037
2021.08.17 19:00:00|1.37371|1.3745|1.37254|1.3726|2378
2021.08.17 20:00:00|1.37259|1.37372|1.37258|1.37351|1752
2021.08.17 21:00:00|1.37349|1.37402|1.3731|1.37353|1153
2021.08.17 22:00:00|1.37352|1.374|1.37329|1.37375|1483
2021.08.17 23:00:00|1.37374|1.37438|1.3733|1.37378|2259
2021.08.18 00:00:00|1.37377|1.3739|1.3725|1.37368|432
2021.08.18 01:00:00|1.37368|1.37417|1.37349|1.3738|653
2021.08.18 02:00:00|1.37379|1.3741|1.3737|1.3739|650
2021.08.18 03:00:00|1.3739|1.37422|1.37361|1.37404|1151
2021.08.18 04:00:00|1.37404|1.37506|1.37383|1.37506|1468
2021.08.18 05:00:00|1.37504|1.37544|1.3739|1.37533|2243
2021.08.18 06:00:00|1.37532|1.37581|1.37519|1.3752|841
2021.08.18 07:00:00|1.37519|1.37538|1.37412|1.37418|706
2021.08.18 08:00:00|1.37419|1.37452|1.37372|1.37422|872
2021.08.18 09:00:00|1.37421|1.37508|1.37302|1.37432|2053
2021.08.18 10:00:00|1.37433|1.37531|1.37369|1.37409|1802
2021.08.18 11:00:00|1.37406|1.37622|1.37373|1.37567|2112
2021.08.18 12:00:00|1.37568|1.37591|1.37468|1.37469|1878
2021.08.18 13:00:00|1.37472|1.37614|1.37465|1.37516|1571
2021.08.18 14:00:00|1.37514|1.37684|1.37471|1.37681|1735
2021.08.18 15:00:00|1.3768|1.37682|1.3758|1.37661|2185
2021.08.18 16:00:00|1.37662|1.377|1.37567|1.377|3398
2021.08.18 17:00:00|1.37698|1.37698|1.37472|1.37565|3040
2021.08.18 18:00:00|1.37564|1.37579|1.3745|1.37459|3302
2021.08.18 19:00:00|1.3746|1.37524|1.37441|1.37481|1644
2021.08.18 20:00:00|1.3748|1.37553|1.37461|1.37481|1274
2021.08.18 21:00:00|1.3748|1.37851|1.37478|1.37609|9999
2021.08.18 22:00:00|1.3761|1.37633|1.37538|1.37564|3016
2021.08.18 23:00:00|1.37566|1.37575|1.37501|1.37509|2828
2021.08.19 00:00:00|1.37501|1.37552|1.37436|1.37474|1038
2021.08.19 01:00:00|1.37474|1.37574|1.37474|1.37555|1446
2021.08.19 02:00:00|1.37557|1.37574|1.37422|1.37422|922
2021.08.19 03:00:00|1.37427|1.3749|1.37318|1.37327|2123
2021.08.19 04:00:00|1.37328|1.37383|1.37254|1.37258|1896
2021.08.19 05:00:00|1.37259|1.37303|1.3711|1.37187|2344
2021.08.19 06:00:00|1.37187|1.37198|1.37122|1.37193|1703
2021.08.19 07:00:00|1.37192|1.37222|1.37164|1.37203|1204
2021.08.19 08:00:00|1.37202|1.37212|1.37111|1.37118|2257
2021.08.19 09:00:00|1.37118|1.37118|1.36986|1.37087|3864
2021.08.19 10:00:00|1.37086|1.37113|1.36894|1.36962|4726
2021.08.19 11:00:00|1.3696|1.36962|1.36734|1.36759|4572
2021.08.19 12:00:00|1.36757|1.36977|1.36646|1.36916|3805
2021.08.19 13:00:00|1.36915|1.36982|1.36846|1.36861|2389
2021.08.19 14:00:00|1.36863|1.36913|1.36795|1.36806|2900
2021.08.19 15:00:00|1.36807|1.36846|1.3672|1.36802|3263
2021.08.19 16:00:00|1.36799|1.36933|1.36686|1.36903|4729
2021.08.19 17:00:00|1.36902|1.36909|1.36563|1.36597|4853
2021.08.19 18:00:00|1.36595|1.36774|1.36516|1.36704|3830
2021.08.19 19:00:00|1.36706|1.36724|1.36525|1.36525|1987
2021.08.19 20:00:00|1.36526|1.36529|1.36458|1.36461|1664
2021.08.19 21:00:00|1.3646|1.36471|1.36366|1.3637|2326
2021.08.19 22:00:00|1.36369|1.36443|1.3631|1.36334|2935
2021.08.19 23:00:00|1.36333|1.36383|1.36324|1.36352|1633
2021.08.20 00:00:00|1.36394|1.3643|1.36301|1.36333|1019
2021.08.20 01:00:00|1.36333|1.36356|1.36315|1.3634|917
2021.08.20 02:00:00|1.36339|1.36342|1.36273|1.36295|848
2021.08.20 03:00:00|1.36294|1.36399|1.36294|1.36396|1393
2021.08.20 04:00:00|1.36396|1.36401|1.36169|1.36235|2458
2021.08.20 05:00:00|1.36235|1.36251|1.362|1.36216|1514
2021.08.20 06:00:00|1.36216|1.36306|1.36204|1.3629|1142
2021.08.20 07:00:00|1.36288|1.36343|1.36288|1.36326|685
2021.08.20 08:00:00|1.36324|1.36335|1.36174|1.3632|1768
2021.08.20 09:00:00|1.3632|1.36335|1.36133|1.3618|2720
2021.08.20 10:00:00|1.36179|1.36262|1.36084|1.3617|4649
2021.08.20 11:00:00|1.36172|1.36289|1.36172|1.36211|2649
2021.08.20 12:00:00|1.3621|1.36218|1.36099|1.36172|1780
2021.08.20 13:00:00|1.36173|1.36218|1.36088|1.36193|1978
2021.08.20 14:00:00|1.36193|1.362|1.36054|1.36111|2080
2021.08.20 15:00:00|1.36114|1.36143|1.36044|1.36044|2961
2021.08.20 16:00:00|1.36043|1.36352|1.36014|1.36289|5105
2021.08.20 17:00:00|1.3629|1.36328|1.36121|1.36124|4128
2021.08.20 18:00:00|1.36123|1.36255|1.36108|1.36251|3005
2021.08.20 19:00:00|1.3625|1.36331|1.36185|1.36272|2056
2021.08.20 20:00:00|1.36273|1.36286|1.36189|1.36205|897
2021.08.20 21:00:00|1.36206|1.36232|1.36184|1.36215|902
2021.08.20 22:00:00|1.36215|1.36251|1.36178|1.36244|1186
2021.08.20 23:00:00|1.36243|1.36274|1.36192|1.36217|4556
2021.08.23 00:00:00|1.36229|1.36254|1.36072|1.36089|818
2021.08.23 01:00:00|1.36103|1.36297|1.36103|1.36212|1965
2021.08.23 02:00:00|1.36215|1.36264|1.36197|1.36236|1065
2021.08.23 03:00:00|1.36237|1.36437|1.36236|1.3641|1666
2021.08.23 04:00:00|1.36409|1.36541|1.36407|1.36484|2464
2021.08.23 05:00:00|1.36484|1.36523|1.3642|1.3643|1626
2021.08.23 06:00:00|1.36429|1.36512|1.36393|1.36473|1252
2021.08.23 07:00:00|1.36472|1.36482|1.36423|1.36479|747
2021.08.23 08:00:00|1.36479|1.3657|1.36472|1.36534|1201
2021.08.23 09:00:00|1.36533|1.36613|1.36437|1.36511|2375
2021.08.23 10:00:00|1.36512|1.36529|1.3631|1.36485|3793
2021.08.23 11:00:00|1.36487|1.36589|1.36439|1.36532|3774
2021.08.23 12:00:00|1.36532|1.36687|1.3651|1.36673|2985
2021.08.23 13:00:00|1.36673|1.36781|1.36598|1.3676|2341
2021.08.23 14:00:00|1.3676|1.36848|1.36701|1.36814|2300
2021.08.23 15:00:00|1.36817|1.36989|1.36793|1.3696|3311
2021.08.23 16:00:00|1.36959|1.37029|1.3685|1.36965|4700
2021.08.23 17:00:00|1.36965|1.37196|1.36892|1.37174|4573
2021.08.23 18:00:00|1.37176|1.37207|1.3709|1.37153|3289
2021.08.23 19:00:00|1.37152|1.3724|1.37149|1.37209|1359
2021.08.23 20:00:00|1.37215|1.37273|1.37192|1.37271|909
2021.08.23 21:00:00|1.37271|1.37315|1.37269|1.37288|754
2021.08.23 22:00:00|1.37289|1.37305|1.37251|1.37276|1049
2021.08.23 23:00:00|1.37275|1.37296|1.37153|1.37155|1750
2021.08.24 00:00:00|1.37127|1.3723|1.37092|1.37203|770
2021.08.24 01:00:00|1.37203|1.37261|1.37199|1.37246|398
2021.08.24 02:00:00|1.37245|1.3725|1.37218|1.37224|307
2021.08.24 03:00:00|1.37223|1.3725|1.37151|1.37152|1053
2021.08.24 04:00:00|1.37151|1.37191|1.37128|1.37147|919
2021.08.24 05:00:00|1.37148|1.37209|1.371|1.372|882
2021.08.24 06:00:00|1.372|1.37205|1.37159|1.37159|540
2021.08.24 07:00:00|1.3716|1.37251|1.3716|1.37251|472
2021.08.24 08:00:00|1.37251|1.37441|1.37242|1.37401|1450
2021.08.24 09:00:00|1.37406|1.3747|1.37328|1.37342|2618
2021.08.24 10:00:00|1.37343|1.37416|1.3713|1.37156|2969
2021.08.24 11:00:00|1.37156|1.37156|1.36929|1.37077|3537
2021.08.24 12:00:00|1.37076|1.37225|1.37034|1.37101|2556
2021.08.24 13:00:00|1.371|1.37316|1.37095|1.37187|2718
2021.08.24 14:00:00|1.37188|1.37251|1.37113|1.37199|2007
2021.08.24 15:00:00|1.372|1.37262|1.37058|1.37112|3545
2021.08.24 16:00:00|1.37113|1.37218|1.37077|1.37191|4704
2021.08.24 17:00:00|1.3719|1.37468|1.37144|1.37318|5015
2021.08.24 18:00:00|1.37317|1.37368|1.3713|1.37143|2771
2021.08.24 19:00:00|1.37142|1.37212|1.37109|1.37212|1617
2021.08.24 20:00:00|1.37212|1.37293|1.37199|1.37249|1149
2021.08.24 21:00:00|1.37249|1.37307|1.37238|1.37296|812
2021.08.24 22:00:00|1.37297|1.37309|1.37254|1.37305|1022
2021.08.24 23:00:00|1.37306|1.3731|1.37244|1.37274|1186
2021.08.25 00:00:00|1.37274|1.37312|1.37237|1.37275|204
2021.08.25 01:00:00|1.37278|1.37314|1.37262|1.37276|397
2021.08.25 02:00:00|1.37275|1.37281|1.37211|1.37239|492
2021.08.25 03:00:00|1.37238|1.3731|1.37172|1.37189|1222
2021.08.25 04:00:00|1.37188|1.37226|1.37159|1.37191|1058
2021.08.25 05:00:00|1.3719|1.372|1.37135|1.37177|1341
2021.08.25 06:00:00|1.37177|1.37196|1.3713|1.37177|817
2021.08.25 07:00:00|1.37177|1.37207|1.37132|1.3717|685
2021.08.25 08:00:00|1.3717|1.3726|1.37163|1.37219|786
2021.08.25 09:00:00|1.37218|1.37229|1.37073|1.37078|1829
2021.08.25 10:00:00|1.37079|1.37252|1.37058|1.37177|3007
2021.08.25 11:00:00|1.37176|1.37425|1.37167|1.37288|3399
2021.08.25 12:00:00|1.37287|1.37322|1.37209|1.37258|2061
2021.08.25 13:00:00|1.37257|1.37321|1.37128|1.37207|1873
2021.08.25 14:00:00|1.37207|1.3723|1.37112|1.37147|1699
2021.08.25 15:00:00|1.37147|1.37153|1.36959|1.37028|2601
2021.08.25 16:00:00|1.37027|1.37111|1.36989|1.37101|4156
2021.08.25 17:00:00|1.37102|1.37357|1.37102|1.3727|4785
2021.08.25 18:00:00|1.37269|1.37319|1.37148|1.37208|3642
2021.08.25 19:00:00|1.37207|1.3739|1.372|1.37369|1681
2021.08.25 20:00:00|1.3737|1.37503|1.37344|1.37501|1524
2021.08.25 21:00:00|1.375|1.37662|1.37499|1.37607|1976
2021.08.25 22:00:00|1.37608|1.37615|1.37567|1.37593|1769
2021.08.25 23:00:00|1.37592|1.37644|1.37584|1.37626|1211
2021.08.26 00:00:00|1.37607|1.37616|1.37494|1.37566|1289
2021.08.26 01:00:00|1.37567|1.37641|1.37567|1.37612|649
2021.08.26 02:00:00|1.37612|1.37638|1.37602|1.37635|453
2021.08.26 03:00:00|1.37635|1.37671|1.37582|1.376|1218
2021.08.26 04:00:00|1.37599|1.37599|1.3752|1.37561|1211
2021.08.26 05:00:00|1.37564|1.37569|1.37512|1.37541|1097
2021.08.26 06:00:00|1.37544|1.37553|1.37489|1.37512|656
2021.08.26 07:00:00|1.37512|1.37583|1.37501|1.37553|417
2021.08.26 08:00:00|1.37553|1.37572|1.37531|1.37545|640
2021.08.26 09:00:00|1.37539|1.37563|1.37373|1.3741|1762
2021.08.26 10:00:00|1.37408|1.37544|1.37371|1.37468|3569
2021.08.26 11:00:00|1.37469|1.37481|1.37305|1.37345|2753
2021.08.26 12:00:00|1.37348|1.37458|1.37313|1.37458|2360
2021.08.26 13:00:00|1.37462|1.37488|1.37368|1.37375|1742
2021.08.26 14:00:00|1.37376|1.37492|1.37312|1.37332|2461
2021.08.26 15:00:00|1.37336|1.37343|1.37169|1.37181|4480
2021.08.26 16:00:00|1.37178|1.3724|1.37088|1.37152|4591
2021.08.26 17:00:00|1.37151|1.37358|1.37108|1.37145|6373
2021.08.26 18:00:00|1.37143|1.37264|1.37096|1.37111|3982
2021.08.26 19:00:00|1.37111|1.37153|1.37017|1.37022|1733
2021.08.26 20:00:00|1.37021|1.37064|1.36951|1.36979|2159
2021.08.26 21:00:00|1.3698|1.36996|1.36942|1.36943|1496
2021.08.26 22:00:00|1.36944|1.36993|1.36887|1.36993|1326
2021.08.26 23:00:00|1.36992|1.37011|1.36964|1.36981|1288
2021.08.27 00:00:00|1.36975|1.36997|1.36944|1.36981|266
2021.08.27 01:00:00|1.3697|1.37024|1.36965|1.37019|522
2021.08.27 02:00:00|1.37019|1.37024|1.36995|1.36996|429
2021.08.27 03:00:00|1.36995|1.36995|1.36793|1.36816|2089
2021.08.27 04:00:00|1.36816|1.36894|1.36794|1.36863|1133
2021.08.27 05:00:00|1.36864|1.3697|1.36864|1.36915|1051
2021.08.27 06:00:00|1.36915|1.36973|1.36897|1.36965|830
2021.08.27 07:00:00|1.36963|1.37004|1.36945|1.37003|846
2021.08.27 08:00:00|1.37003|1.37008|1.36953|1.36985|752
2021.08.27 09:00:00|1.3699|1.37114|1.36965|1.37066|2399
2021.08.27 10:00:00|1.3707|1.37201|1.37039|1.37152|2974
2021.08.27 11:00:00|1.37152|1.37175|1.36931|1.37015|2957
2021.08.27 12:00:00|1.37016|1.37085|1.36952|1.37081|2314
2021.08.27 13:00:00|1.37081|1.37145|1.36997|1.37052|2128
2021.08.27 14:00:00|1.37051|1.37205|1.37025|1.37191|2508
2021.08.27 15:00:00|1.37196|1.37289|1.37166|1.3724|3568
2021.08.27 16:00:00|1.37241|1.37461|1.37014|1.37405|8111
2021.08.27 17:00:00|1.37404|1.37801|1.37174|1.37453|16354
2021.08.27 18:00:00|1.37454|1.37681|1.37396|1.37668|6390
2021.08.27 19:00:00|1.37669|1.37791|1.3762|1.37773|2633
2021.08.27 20:00:00|1.37774|1.37782|1.3766|1.37669|1447
2021.08.27 21:00:00|1.37671|1.37693|1.37631|1.37671|1370
2021.08.27 22:00:00|1.37672|1.37698|1.3761|1.37632|1751
2021.08.27 23:00:00|1.37632|1.37708|1.37549|1.3764|1603
2021.08.30 00:00:00|1.37509|1.3759|1.37506|1.37513|85
2021.08.30 01:00:00|1.37515|1.37645|1.37513|1.37638|1747
2021.08.30 02:00:00|1.37639|1.37652|1.376|1.37616|2068
2021.08.30 03:00:00|1.37616|1.37644|1.37554|1.37621|1344
2021.08.30 04:00:00|1.37621|1.377|1.37576|1.3765|1610
2021.08.30 05:00:00|1.37651|1.37722|1.37642|1.37681|1315
2021.08.30 06:00:00|1.37682|1.37744|1.37647|1.37689|1130
2021.08.30 07:00:00|1.37689|1.37703|1.37649|1.37694|593
2021.08.30 08:00:00|1.37691|1.3771|1.37634|1.3765|751
2021.08.30 09:00:00|1.37651|1.37743|1.37581|1.37692|1778
2021.08.30 10:00:00|1.37692|1.37692|1.37502|1.37663|2499
2021.08.30 11:00:00|1.37662|1.37711|1.37561|1.37621|2593
2021.08.30 12:00:00|1.3762|1.37634|1.37472|1.37533|2138
2021.08.30 13:00:00|1.37532|1.37574|1.37482|1.37522|2082
2021.08.30 14:00:00|1.37527|1.37603|1.37481|1.37592|1996
2021.08.30 15:00:00|1.37591|1.3767|1.37392|1.37401|2868
2021.08.30 16:00:00|1.374|1.37525|1.3733|1.37442|4176
2021.08.30 17:00:00|1.37444|1.37634|1.37395|1.37587|3991
2021.08.30 18:00:00|1.37586|1.37599|1.37498|1.37571|2038
2021.08.30 19:00:00|1.37569|1.37572|1.37526|1.37543|896
2021.08.30 20:00:00|1.37542|1.37597|1.37532|1.37556|612
2021.08.30 21:00:00|1.37558|1.37668|1.37558|1.37662|883
2021.08.30 22:00:00|1.37661|1.37661|1.37581|1.376|1097
2021.08.30 23:00:00|1.37601|1.37611|1.37535|1.37567|919
2021.08.31 00:00:00|1.37575|1.37675|1.37422|1.37514|526
2021.08.31 01:00:00|1.37528|1.37577|1.37528|1.3757|350
2021.08.31 02:00:00|1.37569|1.3759|1.37564|1.3758|550
2021.08.31 03:00:00|1.37581|1.37647|1.3755|1.3762|2312
2021.08.31 04:00:00|1.37619|1.37697|1.37572|1.37662|1862
2021.08.31 05:00:00|1.37662|1.37666|1.37612|1.37653|974
2021.08.31 06:00:00|1.37651|1.37768|1.37642|1.37756|1419
2021.08.31 07:00:00|1.37754|1.37813|1.37736|1.37785|1566
2021.08.31 08:00:00|1.37786|1.37965|1.37786|1.37959|1848
2021.08.31 09:00:00|1.37964|1.38006|1.37851|1.37872|2555
2021.08.31 10:00:00|1.37872|1.37955|1.3778|1.37832|3430
2021.08.31 11:00:00|1.37831|1.37839|1.37688|1.37688|3585
2021.08.31 12:00:00|1.37687|1.37779|1.37585|1.37682|3916
2021.08.31 13:00:00|1.37682|1.3779|1.37617|1.37685|4857
2021.08.31 14:00:00|1.37683|1.37914|1.37658|1.37877|4221
2021.08.31 15:00:00|1.37877|1.37881|1.37722|1.37835|4558
2021.08.31 16:00:00|1.37836|1.37929|1.37563|1.37798|6566
2021.08.31 17:00:00|1.37799|1.3807|1.37597|1.37605|11892
2021.08.31 18:00:00|1.37604|1.37655|1.37422|1.37471|8938
2021.08.31 19:00:00|1.3747|1.37526|1.37438|1.3751|2854
2021.08.31 20:00:00|1.37509|1.3756|1.37465|1.37547|1700
2021.08.31 21:00:00|1.37546|1.3759|1.37525|1.37574|2432
2021.08.31 22:00:00|1.37573|1.37573|1.37465|1.37476|3011
2021.08.31 23:00:00|1.37477|1.3757|1.37468|1.37532|1947
2021.09.01 00:00:00|1.37532|1.37555|1.37459|1.37551|238
2021.09.01 01:00:00|1.37551|1.37562|1.37526|1.37535|737
2021.09.01 02:00:00|1.37538|1.37577|1.37516|1.37517|679
2021.09.01 03:00:00|1.37516|1.37554|1.37353|1.37366|1915
2021.09.01 04:00:00|1.37366|1.37404|1.37334|1.3738|2133
2021.09.01 05:00:00|1.37382|1.37406|1.37305|1.37355|1541
2021.09.01 06:00:00|1.37353|1.37387|1.37333|1.37368|878
2021.09.01 07:00:00|1.37367|1.37378|1.37345|1.37348|811
2021.09.01 08:00:00|1.37348|1.37419|1.37306|1.37415|1115
2021.09.01 09:00:00|1.37415|1.37578|1.37398|1.37565|4874
2021.09.01 10:00:00|1.37566|1.37642|1.37471|1.37557|4895
2021.09.01 11:00:00|1.37556|1.37646|1.37482|1.37553|3510
2021.09.01 12:00:00|1.37553|1.37572|1.37433|1.37549|2655
2021.09.01 13:00:00|1.37548|1.37612|1.37504|1.37586|2325
2021.09.01 14:00:00|1.37585|1.37622|1.37521|1.37567|3048
2021.09.01 15:00:00|1.37568|1.379|1.37568|1.37862|6533
2021.09.01 16:00:00|1.37863|1.37973|1.37775|1.379|5275
2021.09.01 17:00:00|1.37899|1.37951|1.37734|1.37847|7042
2021.09.01 18:00:00|1.37846|1.37934|1.37806|1.37885|4309
2021.09.01 19:00:00|1.37884|1.37933|1.37827|1.37834|2006
2021.09.01 20:00:00|1.37833|1.37834|1.37776|1.37793|1552
2021.09.01 21:00:00|1.37794|1.37808|1.37751|1.37782|1921
2021.09.01 22:00:00|1.37781|1.37787|1.37671|1.37684|2814
2021.09.01 23:00:00|1.37685|1.37716|1.37661|1.37679|1249
2021.09.02 00:00:00|1.37671|1.37729|1.37644|1.37687|254
2021.09.02 01:00:00|1.37687|1.37728|1.37681|1.37711|359
2021.09.02 02:00:00|1.37711|1.37715|1.37688|1.37701|435
2021.09.02 03:00:00|1.377|1.37764|1.37664|1.3774|2199
2021.09.02 04:00:00|1.3774|1.37796|1.3771|1.37722|1347
2021.09.02 05:00:00|1.37723|1.37773|1.37703|1.37731|794
2021.09.02 06:00:00|1.3773|1.37744|1.37722|1.37732|706
2021.09.02 07:00:00|1.37732|1.37752|1.37704|1.37704|419
2021.09.02 08:00:00|1.37705|1.37805|1.37702|1.37795|841
2021.09.02 09:00:00|1.37794|1.37844|1.37774|1.37782|2017
2021.09.02 10:00:00|1.37783|1.37907|1.37713|1.37885|3382
2021.09.02 11:00:00|1.37884|1.37885|1.37784|1.37855|2458
2021.09.02 12:00:00|1.37856|1.38006|1.37824|1.37944|2339
2021.09.02 13:00:00|1.37944|1.37982|1.37874|1.37925|1993
2021.09.02 14:00:00|1.37924|1.37935|1.37855|1.37896|2068
2021.09.02 15:00:00|1.37892|1.37933|1.37817|1.37857|2951
2021.09.02 16:00:00|1.37857|1.38178|1.3781|1.38164|5280
2021.09.02 17:00:00|1.38163|1.38358|1.38029|1.38352|5854
2021.09.02 18:00:00|1.38351|1.38351|1.38214|1.38225|3442
2021.09.02 19:00:00|1.38225|1.38324|1.38223|1.38315|1939
2021.09.02 20:00:00|1.38315|1.38363|1.383|1.383|1384
2021.09.02 21:00:00|1.38301|1.38389|1.38281|1.38389|1648
2021.09.02 22:00:00|1.38388|1.38391|1.38295|1.38357|1440
2021.09.02 23:00:00|1.38356|1.38364|1.38307|1.3831|1027
2021.09.03 00:00:00|1.38313|1.3837|1.38309|1.38325|510
2021.09.03 01:00:00|1.38322|1.38371|1.3832|1.38359|397
2021.09.03 02:00:00|1.38359|1.38363|1.38329|1.38353|639
2021.09.03 03:00:00|1.38353|1.38445|1.38344|1.38433|1261
2021.09.03 04:00:00|1.38432|1.38445|1.38375|1.38409|1499
2021.09.03 05:00:00|1.38409|1.38445|1.38363|1.38365|1486
2021.09.03 06:00:00|1.38366|1.38373|1.38317|1.38341|1413
2021.09.03 07:00:00|1.38338|1.38356|1.38311|1.38316|658
2021.09.03 08:00:00|1.38318|1.38372|1.38301|1.3836|891
2021.09.03 09:00:00|1.38362|1.38372|1.38268|1.38279|1846
2021.09.03 10:00:00|1.38277|1.38333|1.38242|1.38245|3462
2021.09.03 11:00:00|1.38245|1.38403|1.38236|1.38336|2569
2021.09.03 12:00:00|1.38338|1.38404|1.38285|1.38362|2852
2021.09.03 13:00:00|1.38362|1.38387|1.38172|1.38181|2461
2021.09.03 14:00:00|1.38179|1.38377|1.38177|1.38315|2505
2021.09.03 15:00:00|1.38316|1.38664|1.38227|1.38494|13257
2021.09.03 16:00:00|1.38494|1.38593|1.38372|1.38518|9817
2021.09.03 17:00:00|1.38516|1.3874|1.38448|1.387|7409
2021.09.03 18:00:00|1.38701|1.38732|1.38573|1.38605|3525
2021.09.03 19:00:00|1.38605|1.38741|1.38593|1.38736|1267
2021.09.03 20:00:00|1.38737|1.38902|1.38721|1.38894|2076
2021.09.03 21:00:00|1.38893|1.3891|1.38775|1.38779|1414
2021.09.03 22:00:00|1.38778|1.38784|1.38618|1.3862|2228
2021.09.03 23:00:00|1.3862|1.38734|1.38534|1.38734|2521
2021.09.06 00:00:00|1.38509|1.38623|1.38457|1.38471|117
2021.09.06 01:00:00|1.38487|1.38671|1.38471|1.38604|1025
2021.09.06 02:00:00|1.38604|1.38632|1.38564|1.38568|875
2021.09.06 03:00:00|1.38568|1.38583|1.38505|1.38546|1455
2021.09.06 04:00:00|1.38545|1.38589|1.38516|1.38562|1049
2021.09.06 05:00:00|1.38567|1.38574|1.38522|1.38544|1049
2021.09.06 06:00:00|1.38548|1.3855|1.38482|1.38512|946
2021.09.06 07:00:00|1.38512|1.38516|1.38424|1.38433|958
2021.09.06 08:00:00|1.38434|1.3855|1.38411|1.38525|1095
2021.09.06 09:00:00|1.38523|1.38523|1.38437|1.38443|1518
2021.09.06 10:00:00|1.38443|1.38475|1.38356|1.38387|2537
2021.09.06 11:00:00|1.38388|1.38455|1.38357|1.38413|2032
2021.09.06 12:00:00|1.38413|1.38446|1.38313|1.38403|2173
2021.09.06 13:00:00|1.38404|1.38445|1.38331|1.38356|1736
2021.09.06 14:00:00|1.38356|1.38456|1.38303|1.38448|1845
2021.09.06 15:00:00|1.38451|1.38459|1.38352|1.38378|1433
2021.09.06 16:00:00|1.38379|1.38396|1.38294|1.38324|2196
2021.09.06 17:00:00|1.38323|1.38333|1.38179|1.38264|2371
2021.09.06 18:00:00|1.38265|1.38291|1.38203|1.38264|1486
2021.09.06 19:00:00|1.38265|1.38349|1.38265|1.38308|1126
2021.09.06 20:00:00|1.3831|1.38373|1.38276|1.38335|5079
2021.09.06 21:00:00|1.38335|1.38354|1.38271|1.38339|1948
2021.09.06 22:00:00|1.3834|1.38342|1.38285|1.38328|3299
2021.09.06 23:00:00|1.38329|1.38349|1.383|1.38302|4960
2021.09.07 00:00:00|1.38312|1.38343|1.38252|1.38323|200
2021.09.07 01:00:00|1.38332|1.38369|1.38309|1.38353|312
2021.09.07 02:00:00|1.38355|1.38401|1.38354|1.38376|539
2021.09.07 03:00:00|1.38375|1.38514|1.38375|1.38472|1699
2021.09.07 04:00:00|1.38473|1.38558|1.38463|1.38521|1648
2021.09.07 05:00:00|1.38521|1.38525|1.38485|1.3852|1340
2021.09.07 06:00:00|1.38519|1.38534|1.38446|1.38464|879
2021.09.07 07:00:00|1.38464|1.38524|1.38374|1.38376|2134
2021.09.07 08:00:00|1.38381|1.38383|1.38289|1.38296|2128
2021.09.07 09:00:00|1.38297|1.38335|1.38202|1.38305|3494
2021.09.07 10:00:00|1.38305|1.38492|1.38259|1.38309|5597
2021.09.07 11:00:00|1.38311|1.38317|1.38092|1.38166|5057
2021.09.07 12:00:00|1.38167|1.38238|1.38105|1.38118|4495
2021.09.07 13:00:00|1.38119|1.38184|1.37859|1.37918|5449
2021.09.07 14:00:00|1.37919|1.37978|1.37669|1.37738|4686
2021.09.07 15:00:00|1.37738|1.3787|1.37697|1.37798|4361
2021.09.07 16:00:00|1.37797|1.37993|1.37711|1.37978|6636
2021.09.07 17:00:00|1.37977|1.37992|1.37672|1.37836|7989
2021.09.07 18:00:00|1.37836|1.37928|1.37736|1.37897|4163
2021.09.07 19:00:00|1.37897|1.37922|1.37845|1.37886|2473
2021.09.07 20:00:00|1.37887|1.37952|1.37849|1.37918|2277
2021.09.07 21:00:00|1.37918|1.37936|1.37857|1.37866|2177
2021.09.07 22:00:00|1.37866|1.37872|1.37783|1.37802|2137
2021.09.07 23:00:00|1.37803|1.37854|1.37802|1.37839|1348
2021.09.08 00:00:00|1.37835|1.37846|1.37794|1.37843|478
2021.09.08 01:00:00|1.37847|1.37864|1.37827|1.37845|938
2021.09.08 02:00:00|1.37847|1.37847|1.3778|1.37782|850
2021.09.08 03:00:00|1.3778|1.37875|1.37743|1.37859|1696
2021.09.08 04:00:00|1.37859|1.37898|1.37803|1.37835|1507
2021.09.08 05:00:00|1.3783|1.37846|1.37806|1.37838|1227
2021.09.08 06:00:00|1.37838|1.37858|1.37763|1.37786|1227
2021.09.08 07:00:00|1.37788|1.37818|1.37781|1.37786|676
2021.09.08 08:00:00|1.37787|1.37791|1.37672|1.37686|1159
2021.09.08 09:00:00|1.37685|1.37705|1.37553|1.37609|3866
2021.09.08 10:00:00|1.37607|1.37778|1.37583|1.37643|6364
2021.09.08 11:00:00|1.37643|1.37643|1.37498|1.37625|5927
2021.09.08 12:00:00|1.37624|1.37681|1.37535|1.3755|3790
2021.09.08 13:00:00|1.37549|1.37673|1.37525|1.37638|3010
2021.09.08 14:00:00|1.37639|1.37775|1.37591|1.37679|3168
2021.09.08 15:00:00|1.37677|1.37762|1.3765|1.37653|3701
2021.09.08 16:00:00|1.3765|1.37668|1.37509|1.37618|5872
2021.09.08 17:00:00|1.37617|1.37662|1.37256|1.37367|8775
2021.09.08 18:00:00|1.37365|1.3768|1.37341|1.3762|6552
2021.09.08 19:00:00|1.3762|1.37826|1.37565|1.37705|3759
2021.09.08 20:00:00|1.37704|1.37779|1.37676|1.37777|2341
2021.09.08 21:00:00|1.37777|1.37838|1.37776|1.378|2693
2021.09.08 22:00:00|1.37799|1.37799|1.37734|1.37734|2298
2021.09.08 23:00:00|1.37734|1.37758|1.37691|1.37703|2092
2021.09.09 00:00:00|1.377|1.3773|1.37682|1.37709|419
2021.09.09 01:00:00|1.3771|1.37737|1.37703|1.37727|512
2021.09.09 02:00:00|1.37725|1.37725|1.37632|1.37659|826
2021.09.09 03:00:00|1.37658|1.37665|1.37583|1.37603|1644
2021.09.09 04:00:00|1.37605|1.37645|1.37586|1.37645|1547
2021.09.09 05:00:00|1.37646|1.37727|1.37645|1.37695|1386
2021.09.09 06:00:00|1.37696|1.37699|1.37625|1.37626|1263
2021.09.09 07:00:00|1.37625|1.37646|1.37527|1.37569|1200
2021.09.09 08:00:00|1.37568|1.37601|1.37548|1.37556|958
2021.09.09 09:00:00|1.37557|1.37767|1.37556|1.37665|3612
2021.09.09 10:00:00|1.37664|1.37926|1.37633|1.37864|5863
2021.09.09 11:00:00|1.37864|1.38115|1.3786|1.38104|4729
2021.09.09 12:00:00|1.38103|1.38243|1.38046|1.38177|4074
2021.09.09 13:00:00|1.38176|1.38213|1.38094|1.38104|2323
2021.09.09 14:00:00|1.38105|1.3837|1.38085|1.3836|5237
2021.09.09 15:00:00|1.38358|1.38413|1.38197|1.38363|7503
2021.09.09 16:00:00|1.38364|1.38491|1.38242|1.38394|9312
2021.09.09 17:00:00|1.38394|1.38532|1.38353|1.38432|6887
2021.09.09 18:00:00|1.38433|1.38529|1.38375|1.38529|5073
2021.09.09 19:00:00|1.38529|1.38587|1.38464|1.38558|3323
2021.09.09 20:00:00|1.38557|1.38619|1.38442|1.38464|3957
2021.09.09 21:00:00|1.38466|1.38475|1.38356|1.38373|3049
2021.09.09 22:00:00|1.38374|1.38434|1.38348|1.38368|2449
2021.09.09 23:00:00|1.38369|1.38396|1.38306|1.38327|2465
2021.09.10 00:00:00|1.3833|1.38386|1.38313|1.38352|1815
2021.09.10 01:00:00|1.38347|1.38375|1.38347|1.38355|1592
2021.09.10 02:00:00|1.3836|1.38393|1.3832|1.38374|852
2021.09.10 03:00:00|1.3838|1.38455|1.38369|1.38408|1501
2021.09.10 04:00:00|1.3841|1.38411|1.38323|1.38375|1334
2021.09.10 05:00:00|1.38374|1.3851|1.38359|1.38492|2041
2021.09.10 06:00:00|1.38491|1.3851|1.38457|1.38501|1704
2021.09.10 07:00:00|1.38502|1.38509|1.3847|1.38484|1433
2021.09.10 08:00:00|1.38482|1.38521|1.38419|1.38468|1693
2021.09.10 09:00:00|1.38469|1.38614|1.38391|1.38588|2948
2021.09.10 10:00:00|1.3859|1.3878|1.38557|1.38728|4815
2021.09.10 11:00:00|1.38727|1.38843|1.38721|1.38776|4087
2021.09.10 12:00:00|1.38775|1.38796|1.38685|1.38706|2476
2021.09.10 13:00:00|1.38707|1.38737|1.38632|1.38728|2526
2021.09.10 14:00:00|1.38727|1.38844|1.38701|1.38833|3353
2021.09.10 15:00:00|1.38834|1.38877|1.38728|1.38788|3477
2021.09.10 16:00:00|1.38789|1.38793|1.38608|1.38689|5339
2021.09.10 17:00:00|1.38692|1.38699|1.38491|1.38546|6745
2021.09.10 18:00:00|1.38545|1.38577|1.38409|1.38458|4537
2021.09.10 19:00:00|1.38458|1.38587|1.38428|1.38531|2727
2021.09.10 20:00:00|1.3853|1.38552|1.38419|1.38441|1179
2021.09.10 21:00:00|1.38442|1.38445|1.38379|1.38442|1401
2021.09.10 22:00:00|1.38444|1.38462|1.38305|1.38317|2585
2021.09.10 23:00:00|1.38317|1.38412|1.38256|1.38356|2068
2021.09.13 00:00:00|1.38315|1.38419|1.3825|1.38329|157
2021.09.13 01:00:00|1.38325|1.38368|1.38313|1.38342|1064
2021.09.13 02:00:00|1.38343|1.38406|1.38339|1.38379|708
2021.09.13 03:00:00|1.38379|1.38399|1.383|1.38337|1568
2021.09.13 04:00:00|1.38337|1.38348|1.38255|1.38287|1804
2021.09.13 05:00:00|1.38287|1.38377|1.38269|1.38373|2231
2021.09.13 06:00:00|1.38373|1.3845|1.38368|1.38392|1487
2021.09.13 07:00:00|1.38395|1.38399|1.38212|1.3825|1314
2021.09.13 08:00:00|1.3825|1.3825|1.3815|1.38219|2817
2021.09.13 09:00:00|1.38222|1.3826|1.38038|1.38045|4567
2021.09.13 10:00:00|1.38047|1.38182|1.37962|1.38156|4701
2021.09.13 11:00:00|1.38156|1.38205|1.38064|1.38157|3213
2021.09.13 12:00:00|1.38156|1.3823|1.38134|1.38225|1714
2021.09.13 13:00:00|1.38225|1.38316|1.38225|1.38266|3003
2021.09.13 14:00:00|1.38266|1.38268|1.38136|1.38245|2747
2021.09.13 15:00:00|1.38244|1.3841|1.38237|1.38353|3449
2021.09.13 16:00:00|1.38353|1.38446|1.38286|1.38403|4399
2021.09.13 17:00:00|1.38403|1.38504|1.38129|1.38479|7051
2021.09.13 18:00:00|1.38479|1.38498|1.38368|1.38428|5330
2021.09.13 19:00:00|1.38428|1.38443|1.38346|1.38347|2705
2021.09.13 20:00:00|1.38349|1.3836|1.38299|1.38321|1988
2021.09.13 21:00:00|1.38321|1.38344|1.3828|1.38315|1650
2021.09.13 22:00:00|1.38313|1.38351|1.38258|1.38346|2329
2021.09.13 23:00:00|1.38345|1.38411|1.38339|1.38376|1582
2021.09.14 00:00:00|1.38371|1.38371|1.38293|1.38349|199
2021.09.14 01:00:00|1.38349|1.38398|1.38347|1.38379|855
2021.09.14 02:00:00|1.38378|1.38393|1.38364|1.38366|1131
2021.09.14 03:00:00|1.38365|1.3843|1.3834|1.38392|1231
2021.09.14 04:00:00|1.38392|1.38448|1.38368|1.38398|1857
2021.09.14 05:00:00|1.38399|1.38494|1.38388|1.38483|1454
2021.09.14 06:00:00|1.38482|1.38486|1.38406|1.38447|1889
2021.09.14 07:00:00|1.38447|1.38476|1.38381|1.38389|1291
2021.09.14 08:00:00|1.38389|1.38457|1.3836|1.3836|2014
2021.09.14 09:00:00|1.38361|1.38549|1.38287|1.38518|4198
2021.09.14 10:00:00|1.38517|1.38819|1.38517|1.38756|6055
2021.09.14 11:00:00|1.38755|1.38803|1.38657|1.38657|4043
2021.09.14 12:00:00|1.38657|1.38783|1.38559|1.38615|2798
2021.09.14 13:00:00|1.38615|1.38725|1.38598|1.38676|2514
2021.09.14 14:00:00|1.38674|1.38675|1.38518|1.38528|3171
2021.09.14 15:00:00|1.38527|1.39058|1.38497|1.3902|11213
2021.09.14 16:00:00|1.3902|1.39123|1.38754|1.38795|7848
2021.09.14 17:00:00|1.38793|1.38793|1.38448|1.3849|10288
2021.09.14 18:00:00|1.38491|1.38521|1.38388|1.38462|5879
2021.09.14 19:00:00|1.38462|1.38562|1.38453|1.3848|1706
2021.09.14 20:00:00|1.38479|1.38491|1.38364|1.38375|3126
2021.09.14 21:00:00|1.38375|1.3839|1.38126|1.38129|4075
2021.09.14 22:00:00|1.3813|1.38145|1.38028|1.38061|3471
2021.09.14 23:00:00|1.38061|1.38084|1.38037|1.3805|1289
2021.09.15 00:00:00|1.3803|1.38087|1.38025|1.38062|499
2021.09.15 01:00:00|1.38066|1.38083|1.38026|1.3805|1015
2021.09.15 02:00:00|1.38049|1.38083|1.38039|1.38071|521
2021.09.15 03:00:00|1.38071|1.38119|1.38023|1.38029|1712
2021.09.15 04:00:00|1.38027|1.38087|1.38001|1.38036|1366
2021.09.15 05:00:00|1.38035|1.38035|1.37918|1.37964|2081
2021.09.15 06:00:00|1.37963|1.3806|1.37963|1.38041|1149
2021.09.15 07:00:00|1.38041|1.38081|1.38036|1.38073|665
2021.09.15 08:00:00|1.38073|1.38147|1.3797|1.38106|1783
2021.09.15 09:00:00|1.38113|1.38319|1.381|1.38273|5576
2021.09.15 10:00:00|1.38271|1.38371|1.3823|1.38262|4943
2021.09.15 11:00:00|1.38263|1.38421|1.38259|1.38341|3820
2021.09.15 12:00:00|1.38342|1.38348|1.38209|1.38269|3520
2021.09.15 13:00:00|1.38268|1.38282|1.38218|1.38249|2486
2021.09.15 14:00:00|1.38245|1.38271|1.38141|1.38232|3850
2021.09.15 15:00:00|1.38234|1.38322|1.38123|1.38223|6497
2021.09.15 16:00:00|1.38224|1.38516|1.38168|1.38498|9245
2021.09.15 17:00:00|1.38499|1.3853|1.38187|1.38288|9414
2021.09.15 18:00:00|1.38289|1.38433|1.38263|1.38346|5429
2021.09.15 19:00:00|1.38346|1.38357|1.38263|1.38265|1954
2021.09.15 20:00:00|1.38264|1.38367|1.38246|1.38323|1708
2021.09.15 21:00:00|1.38323|1.38368|1.38295|1.38319|2422
2021.09.15 22:00:00|1.38318|1.38458|1.38296|1.38453|2347
2021.09.15 23:00:00|1.38454|1.38454|1.38297|1.38401|1594
2021.09.16 00:00:00|1.38402|1.38405|1.38276|1.38402|396
2021.09.16 01:00:00|1.38392|1.38522|1.38391|1.38512|1020
2021.09.16 02:00:00|1.3851|1.38518|1.38452|1.38475|839
2021.09.16 03:00:00|1.38474|1.38487|1.38417|1.38479|1602
2021.09.16 04:00:00|1.38479|1.38479|1.38397|1.38416|1721
2021.09.16 05:00:00|1.38416|1.38418|1.38374|1.38396|1209
2021.09.16 06:00:00|1.38396|1.38405|1.38336|1.38337|772
2021.09.16 07:00:00|1.38337|1.38345|1.38316|1.38336|604
2021.09.16 08:00:00|1.38336|1.38372|1.38238|1.38242|1284
2021.09.16 09:00:00|1.38242|1.38296|1.38112|1.38136|3924
2021.09.16 10:00:00|1.38136|1.38361|1.38116|1.38217|5095
2021.09.16 11:00:00|1.38216|1.38285|1.38115|1.38217|3492
2021.09.16 12:00:00|1.38216|1.38238|1.38052|1.38194|3712
2021.09.16 13:00:00|1.38194|1.38256|1.38101|1.38223|3282
2021.09.16 14:00:00|1.38223|1.38405|1.38214|1.38371|3106
2021.09.16 15:00:00|1.38372|1.38375|1.37994|1.38058|7932
2021.09.16 16:00:00|1.38057|1.38058|1.37692|1.37776|8246
2021.09.16 17:00:00|1.37775|1.37775|1.37636|1.37678|6053
2021.09.16 18:00:00|1.37677|1.37841|1.37639|1.37828|4418
2021.09.16 19:00:00|1.37829|1.3789|1.37782|1.37819|2049
2021.09.16 20:00:00|1.3782|1.37866|1.37742|1.37859|973
2021.09.16 21:00:00|1.37861|1.37902|1.3784|1.37892|1543
2021.09.16 22:00:00|1.37894|1.38019|1.37871|1.37921|2727
2021.09.16 23:00:00|1.37921|1.37988|1.37865|1.37891|3025
2021.09.17 00:00:00|1.37887|1.37944|1.3778|1.37926|4410
2021.09.17 01:00:00|1.37917|1.37982|1.37903|1.37972|1160
2021.09.17 02:00:00|1.37973|1.37991|1.37962|1.37972|396
2021.09.17 03:00:00|1.3797|1.37992|1.3783|1.37839|1625
2021.09.17 04:00:00|1.37838|1.37965|1.37834|1.37839|2022
2021.09.17 05:00:00|1.37841|1.37919|1.37839|1.37911|1597
2021.09.17 06:00:00|1.3791|1.37972|1.37889|1.37959|1021
2021.09.17 07:00:00|1.3796|1.38063|1.37957|1.38061|847
2021.09.17 08:00:00|1.38057|1.38091|1.38036|1.38056|1412
2021.09.17 09:00:00|1.38053|1.38054|1.37917|1.37949|3122
2021.09.17 10:00:00|1.37949|1.38036|1.37881|1.37907|5168
2021.09.17 11:00:00|1.37908|1.3812|1.37858|1.37945|4504
2021.09.17 12:00:00|1.37946|1.3804|1.37788|1.37853|5403
2021.09.17 13:00:00|1.37852|1.37952|1.37749|1.37922|3873
2021.09.17 14:00:00|1.37923|1.37997|1.37864|1.3797|3390
2021.09.17 15:00:00|1.37971|1.38066|1.37947|1.37968|3536
2021.09.17 16:00:00|1.37968|1.38047|1.3771|1.37735|7772
2021.09.17 17:00:00|1.37737|1.37748|1.37401|1.37459|9166
2021.09.17 18:00:00|1.37461|1.37582|1.37412|1.3754|5590
2021.09.17 19:00:00|1.37539|1.37637|1.37461|1.37463|2787
2021.09.17 20:00:00|1.37464|1.37544|1.37405|1.37417|1736
2021.09.17 21:00:00|1.37416|1.37455|1.37355|1.37373|2065
2021.09.17 22:00:00|1.37373|1.37427|1.37344|1.37354|2529
2021.09.17 23:00:00|1.37354|1.37404|1.37262|1.37401|2192
2021.09.20 00:00:00|1.37365|1.37441|1.37265|1.37269|168
2021.09.20 01:00:00|1.37268|1.3735|1.37234|1.37263|1500
2021.09.20 02:00:00|1.37265|1.37293|1.37236|1.37278|890
2021.09.20 03:00:00|1.37278|1.37293|1.37212|1.37247|1196
2021.09.20 04:00:00|1.37247|1.37247|1.37111|1.37116|1372
2021.09.20 05:00:00|1.37123|1.3713|1.37003|1.37066|2298
2021.09.20 06:00:00|1.37066|1.37134|1.37053|1.37092|1387
2021.09.20 07:00:00|1.37092|1.37096|1.37026|1.37043|1301
2021.09.20 08:00:00|1.37042|1.37148|1.37029|1.37106|1477
2021.09.20 09:00:00|1.37106|1.37112|1.36875|1.36892|4005
2021.09.20 10:00:00|1.36893|1.36895|1.36651|1.3669|7558
2021.09.20 11:00:00|1.36691|1.3679|1.36612|1.36736|4973
2021.09.20 12:00:00|1.36736|1.36806|1.3661|1.36701|3661
2021.09.20 13:00:00|1.36702|1.36994|1.36685|1.36922|4013
2021.09.20 14:00:00|1.36921|1.36935|1.36559|1.36578|4414
2021.09.20 15:00:00|1.36572|1.36743|1.36453|1.36697|5320
2021.09.20 16:00:00|1.36696|1.36844|1.3666|1.36818|8184
2021.09.20 17:00:00|1.36816|1.36818|1.36551|1.36641|8747
2021.09.20 18:00:00|1.36639|1.36802|1.36524|1.36556|5712
2021.09.20 19:00:00|1.36557|1.36617|1.36427|1.36427|4730
2021.09.20 20:00:00|1.36428|1.36615|1.36398|1.36553|2463
2021.09.20 21:00:00|1.36555|1.36573|1.36446|1.36446|3367
2021.09.20 22:00:00|1.36447|1.36654|1.36411|1.36642|4260
2021.09.20 23:00:00|1.36643|1.36645|1.36471|1.36487|3703
2021.09.21 00:00:00|1.36477|1.36561|1.36449|1.36527|465
2021.09.21 01:00:00|1.36538|1.36641|1.36519|1.36631|887
2021.09.21 02:00:00|1.36631|1.36641|1.36557|1.36609|1776
2021.09.21 03:00:00|1.36608|1.3662|1.36504|1.3653|2963
2021.09.21 04:00:00|1.3653|1.36709|1.36482|1.36683|3288
2021.09.21 05:00:00|1.36683|1.36724|1.36635|1.36689|1819
2021.09.21 06:00:00|1.36689|1.36699|1.36614|1.36692|2157
2021.09.21 07:00:00|1.36692|1.36741|1.3668|1.36734|1411
2021.09.21 08:00:00|1.36733|1.36763|1.36651|1.36664|2388
2021.09.21 09:00:00|1.36663|1.36808|1.36633|1.36685|3803
2021.09.21 10:00:00|1.36684|1.36879|1.36616|1.36824|6485
2021.09.21 11:00:00|1.36823|1.36918|1.3678|1.36838|4992
2021.09.21 12:00:00|1.36839|1.36913|1.36785|1.36887|3130
2021.09.21 13:00:00|1.36887|1.36922|1.36752|1.36847|3015
2021.09.21 14:00:00|1.36847|1.36851|1.36735|1.3678|3318
2021.09.21 15:00:00|1.36779|1.36884|1.36634|1.36682|7300
2021.09.21 16:00:00|1.36682|1.36725|1.36531|1.36648|8475
2021.09.21 17:00:00|1.36649|1.36662|1.36404|1.3643|11202
2021.09.21 18:00:00|1.36431|1.36647|1.36406|1.36622|7538
2021.09.21 19:00:00|1.36623|1.36653|1.36541|1.3661|4660
2021.09.21 20:00:00|1.3661|1.36614|1.36493|1.36578|4766
2021.09.21 21:00:00|1.36577|1.36652|1.3656|1.36632|3702
2021.09.21 22:00:00|1.36633|1.36735|1.36626|1.36628|7042
2021.09.21 23:00:00|1.36628|1.36629|1.36539|1.36573|2867
2021.09.22 00:00:00|1.36559|1.36619|1.36443|1.36584|1797
2021.09.22 01:00:00|1.36584|1.36626|1.36576|1.36587|875
2021.09.22 02:00:00|1.36587|1.36602|1.36554|1.36566|823
2021.09.22 03:00:00|1.36565|1.36612|1.36531|1.36557|1567
2021.09.22 04:00:00|1.3656|1.36771|1.36543|1.36645|5472
2021.09.22 05:00:00|1.36649|1.36652|1.36566|1.36598|1525
2021.09.22 06:00:00|1.36597|1.36613|1.36473|1.36492|1758
2021.09.22 07:00:00|1.36492|1.36531|1.36462|1.36512|1145
2021.09.22 08:00:00|1.36512|1.36596|1.36503|1.36512|1197
2021.09.22 09:00:00|1.36512|1.36559|1.36439|1.36515|3156
2021.09.22 10:00:00|1.36513|1.36594|1.36334|1.36353|5824
2021.09.22 11:00:00|1.36354|1.36435|1.36323|1.36375|3964
2021.09.22 12:00:00|1.36371|1.36404|1.36297|1.36337|3273
2021.09.22 13:00:00|1.36338|1.36494|1.36307|1.36373|2872
2021.09.22 14:00:00|1.36373|1.36463|1.36335|1.36394|2683
2021.09.22 15:00:00|1.36393|1.36419|1.36165|1.36263|4384
2021.09.22 16:00:00|1.36264|1.36377|1.36152|1.36331|6378
2021.09.22 17:00:00|1.36333|1.36502|1.36314|1.3643|6465
2021.09.22 18:00:00|1.36429|1.36682|1.36418|1.36669|5997
2021.09.22 19:00:00|1.36668|1.36679|1.36513|1.36523|3155
2021.09.22 20:00:00|1.36522|1.36534|1.3647|1.36498|3407
2021.09.22 21:00:00|1.36486|1.36885|1.36095|1.36123|28140
2021.09.22 22:00:00|1.36125|1.36483|1.36082|1.36178|14700
2021.09.22 23:00:00|1.36177|1.36217|1.36105|1.36147|2187
2021.09.23 00:00:00|1.36148|1.36219|1.36122|1.36178|9355
2021.09.23 01:00:00|1.3618|1.3623|1.36173|1.36213|1130
2021.09.23 02:00:00|1.36215|1.36231|1.36144|1.36154|1017
2021.09.23 03:00:00|1.36155|1.36198|1.36115|1.36166|1193
2021.09.23 04:00:00|1.36166|1.36286|1.36134|1.36286|2063
2021.09.23 05:00:00|1.36287|1.36297|1.36207|1.36236|2029
2021.09.23 06:00:00|1.36236|1.36445|1.36236|1.36405|1719
2021.09.23 07:00:00|1.36406|1.36455|1.36363|1.36455|1457
2021.09.23 08:00:00|1.36455|1.36483|1.36392|1.36415|1587
2021.09.23 09:00:00|1.36415|1.36561|1.36329|1.36506|5260
2021.09.23 10:00:00|1.36505|1.3657|1.36424|1.36552|7766
2021.09.23 11:00:00|1.36553|1.36721|1.36475|1.36542|5946
2021.09.23 12:00:00|1.36541|1.3676|1.36533|1.36746|6273
2021.09.23 13:00:00|1.36747|1.36847|1.36535|1.36829|9982
2021.09.23 14:00:00|1.36821|1.37187|1.3667|1.37178|12922
2021.09.23 15:00:00|1.37177|1.37252|1.37024|1.37239|7031
2021.09.23 16:00:00|1.37238|1.37432|1.37048|1.37332|9427
2021.09.23 17:00:00|1.3733|1.37488|1.3732|1.37429|7483
2021.09.23 18:00:00|1.37428|1.37463|1.37244|1.37438|7322
2021.09.23 19:00:00|1.37439|1.37501|1.37373|1.37442|4942
2021.09.23 20:00:00|1.37443|1.37458|1.37365|1.37384|4288
2021.09.23 21:00:00|1.37382|1.37382|1.37285|1.37315|3724
2021.09.23 22:00:00|1.37314|1.37326|1.37221|1.37235|3768
2021.09.23 23:00:00|1.37234|1.37234|1.3717|1.37184|2281
2021.09.24 00:00:00|1.37185|1.37226|1.3708|1.37149|446
2021.09.24 01:00:00|1.37171|1.37253|1.3717|1.37232|906
2021.09.24 02:00:00|1.37232|1.37276|1.37193|1.37199|1856
2021.09.24 03:00:00|1.372|1.37355|1.37191|1.37344|2892
2021.09.24 04:00:00|1.37344|1.37347|1.37187|1.37193|2727
2021.09.24 05:00:00|1.37193|1.37231|1.37157|1.3719|2131
2021.09.24 06:00:00|1.3719|1.37271|1.3718|1.3723|1314
2021.09.24 07:00:00|1.3723|1.37265|1.37203|1.37215|1142
2021.09.24 08:00:00|1.37216|1.37229|1.37153|1.37154|1750
2021.09.24 09:00:00|1.37153|1.37265|1.37128|1.37192|3722
2021.09.24 10:00:00|1.37193|1.37221|1.37017|1.37084|6140
2021.09.24 11:00:00|1.37084|1.37202|1.36965|1.37162|5631
2021.09.24 12:00:00|1.37162|1.37167|1.37023|1.37026|3779
2021.09.24 13:00:00|1.37026|1.37106|1.36939|1.36959|4275
2021.09.24 14:00:00|1.36959|1.36964|1.36715|1.36747|5199
2021.09.24 15:00:00|1.36748|1.36768|1.36603|1.3665|5182
2021.09.24 16:00:00|1.36649|1.36934|1.36571|1.36874|7818
2021.09.24 17:00:00|1.36875|1.36944|1.36646|1.36717|6699
2021.09.24 18:00:00|1.36717|1.36807|1.36662|1.36796|4398
2021.09.24 19:00:00|1.36795|1.36893|1.36773|1.36786|3571
2021.09.24 20:00:00|1.36785|1.36786|1.36654|1.36655|2156
2021.09.24 21:00:00|1.36655|1.3669|1.36585|1.36598|2863
2021.09.24 22:00:00|1.36599|1.36705|1.36588|1.36698|2142
2021.09.24 23:00:00|1.36696|1.36861|1.36652|1.36861|1468
2021.09.27 00:00:00|1.36662|1.36669|1.36576|1.36623|423
2021.09.27 01:00:00|1.36629|1.36723|1.36623|1.36686|834
2021.09.27 02:00:00|1.36685|1.36694|1.36615|1.36676|952
2021.09.27 03:00:00|1.36675|1.36753|1.36671|1.36691|2199
2021.09.27 04:00:00|1.3669|1.36792|1.36665|1.36764|2133
2021.09.27 05:00:00|1.36763|1.36789|1.36643|1.36661|1484
2021.09.27 06:00:00|1.3666|1.36754|1.36636|1.36724|752
2021.09.27 07:00:00|1.36724|1.36773|1.36722|1.3676|622
2021.09.27 08:00:00|1.36759|1.36821|1.36744|1.36783|1186
2021.09.27 09:00:00|1.36782|1.36819|1.36573|1.36744|3911
2021.09.27 10:00:00|1.36743|1.36951|1.366|1.36798|6435
2021.09.27 11:00:00|1.368|1.37092|1.36787|1.37012|5310
2021.09.27 12:00:00|1.37011|1.37025|1.36866|1.36987|3946
2021.09.27 13:00:00|1.36984|1.37056|1.36874|1.36981|3693
2021.09.27 14:00:00|1.36982|1.37128|1.36834|1.36859|4756
2021.09.27 15:00:00|1.3686|1.37183|1.368|1.37072|11289
2021.09.27 16:00:00|1.37073|1.37181|1.36907|1.37177|7980
2021.09.27 17:00:00|1.37177|1.37282|1.37032|1.37058|6888
2021.09.27 18:00:00|1.37059|1.37141|1.36954|1.37113|6368
2021.09.27 19:00:00|1.37113|1.37144|1.37037|1.37056|3106
2021.09.27 20:00:00|1.37054|1.37065|1.36992|1.37029|1406
2021.09.27 21:00:00|1.37031|1.37153|1.37031|1.37076|1937
2021.09.27 22:00:00|1.37076|1.37087|1.37016|1.37035|1603
2021.09.27 23:00:00|1.37034|1.37066|1.36899|1.36956|1368
2021.09.28 00:00:00|1.36956|1.37033|1.36925|1.37011|274
2021.09.28 01:00:00|1.37011|1.37029|1.36992|1.36998|888
2021.09.28 02:00:00|1.36999|1.37043|1.36997|1.36998|806
2021.09.28 03:00:00|1.36997|1.3702|1.36897|1.36945|1210
2021.09.28 04:00:00|1.36945|1.36953|1.36874|1.36937|1225
2021.09.28 05:00:00|1.36943|1.37045|1.36935|1.37033|1615
2021.09.28 06:00:00|1.37033|1.37063|1.36996|1.37035|1008
2021.09.28 07:00:00|1.37035|1.37135|1.37024|1.37135|1011
2021.09.28 08:00:00|1.37136|1.37165|1.37093|1.37128|2041
2021.09.28 09:00:00|1.37129|1.37164|1.3685|1.36888|5057
2021.09.28 10:00:00|1.36887|1.36936|1.36648|1.36769|7390
2021.09.28 11:00:00|1.36767|1.36776|1.36589|1.36715|6446
2021.09.28 12:00:00|1.36716|1.36756|1.36386|1.36438|5257
2021.09.28 13:00:00|1.36437|1.36445|1.35947|1.35996|6817
2021.09.28 14:00:00|1.35997|1.36153|1.35929|1.35971|8280
2021.09.28 15:00:00|1.35968|1.3597|1.35299|1.35445|11236
2021.09.28 16:00:00|1.35444|1.3561|1.35297|1.35472|9045
2021.09.28 17:00:00|1.35474|1.35519|1.35223|1.35351|16683
2021.09.28 18:00:00|1.35351|1.35469|1.35269|1.35349|9675
2021.09.28 19:00:00|1.35348|1.35459|1.35278|1.35288|4903
2021.09.28 20:00:00|1.35289|1.35413|1.35217|1.35263|3306
2021.09.28 21:00:00|1.35266|1.35372|1.352|1.35317|3589
2021.09.28 22:00:00|1.35317|1.35408|1.35291|1.3539|4324
2021.09.28 23:00:00|1.35388|1.35452|1.35285|1.3533|1992
2021.09.29 00:00:00|1.35323|1.35378|1.35266|1.3536|1767
2021.09.29 01:00:00|1.35375|1.35393|1.35346|1.35361|1061
2021.09.29 02:00:00|1.35361|1.35408|1.35343|1.35408|2247
2021.09.29 03:00:00|1.35407|1.35432|1.3532|1.35342|3398
2021.09.29 04:00:00|1.35343|1.35413|1.35293|1.35358|3978
2021.09.29 05:00:00|1.35359|1.35467|1.35331|1.35452|2705
2021.09.29 06:00:00|1.35452|1.35463|1.35412|1.35451|2407
2021.09.29 07:00:00|1.35452|1.35484|1.35421|1.35484|1779
2021.09.29 08:00:00|1.35484|1.35519|1.35449|1.35478|3353
2021.09.29 09:00:00|1.35478|1.35537|1.35327|1.35379|6578
2021.09.29 10:00:00|1.35379|1.35498|1.35036|1.3517|10755
2021.09.29 11:00:00|1.35171|1.3529|1.34993|1.35012|7279
2021.09.29 12:00:00|1.35012|1.35258|1.35012|1.35225|4810
2021.09.29 13:00:00|1.35225|1.35288|1.35024|1.35025|4614
2021.09.29 14:00:00|1.35024|1.35063|1.34716|1.34889|7165
2021.09.29 15:00:00|1.34888|1.34895|1.34543|1.3462|8088
2021.09.29 16:00:00|1.34619|1.3468|1.34396|1.34468|10125
2021.09.29 17:00:00|1.34466|1.34602|1.34211|1.34241|11758
2021.09.29 18:00:00|1.34241|1.34482|1.34212|1.34364|7271
2021.09.29 19:00:00|1.34364|1.34413|1.34107|1.34236|5341
2021.09.29 20:00:00|1.34236|1.34285|1.34139|1.34224|4599
2021.09.29 21:00:00|1.34225|1.34406|1.3417|1.34347|5487
2021.09.29 22:00:00|1.34346|1.34369|1.34118|1.34158|3531
2021.09.29 23:00:00|1.34158|1.34262|1.34146|1.34253|3009
2021.09.30 00:00:00|1.34249|1.34252|1.34208|1.34249|398
2021.09.30 01:00:00|1.34248|1.34313|1.34243|1.34296|1104
2021.09.30 02:00:00|1.34297|1.34299|1.34241|1.34263|1617
2021.09.30 03:00:00|1.34263|1.34407|1.34241|1.34405|2403
2021.09.30 04:00:00|1.34406|1.34457|1.34357|1.34419|2317
2021.09.30 05:00:00|1.34425|1.34519|1.34404|1.34496|1553
2021.09.30 06:00:00|1.34495|1.34576|1.34485|1.34548|1938
2021.09.30 07:00:00|1.34548|1.34587|1.34463|1.34476|1159
2021.09.30 08:00:00|1.34475|1.34515|1.34336|1.34354|1952
2021.09.30 09:00:00|1.34352|1.34566|1.34324|1.34518|4057
2021.09.30 10:00:00|1.34519|1.3453|1.34148|1.3442|8599
2021.09.30 11:00:00|1.34418|1.34449|1.34292|1.34377|4615
2021.09.30 12:00:00|1.34377|1.34684|1.3436|1.34546|4472
2021.09.30 13:00:00|1.34546|1.34611|1.34316|1.34328|5558
2021.09.30 14:00:00|1.34328|1.34487|1.34319|1.34485|3639
2021.09.30 15:00:00|1.34484|1.34794|1.34484|1.34729|6487
2021.09.30 16:00:00|1.3473|1.34957|1.34611|1.34801|8180
2021.09.30 17:00:00|1.34799|1.3494|1.34727|1.34826|11764
2021.09.30 18:00:00|1.34825|1.35168|1.34597|1.34685|11147
2021.09.30 19:00:00|1.34683|1.3472|1.34465|1.34602|6783
2021.09.30 20:00:00|1.34601|1.34708|1.34493|1.34578|3781
2021.09.30 21:00:00|1.34579|1.34826|1.34574|1.34734|4043
2021.09.30 22:00:00|1.34735|1.34837|1.34714|1.34717|5511
2021.09.30 23:00:00|1.34717|1.34763|1.34673|1.34703|3443
2021.10.01 00:00:00|1.34701|1.34737|1.34671|1.34708|2258
2021.10.01 01:00:00|1.34708|1.34795|1.34706|1.34795|992
2021.10.01 02:00:00|1.34798|1.34798|1.34658|1.34677|1322
2021.10.01 03:00:00|1.34677|1.34718|1.34534|1.34534|3673
2021.10.01 04:00:00|1.34537|1.34606|1.34437|1.34603|4816
2021.10.01 05:00:00|1.34602|1.34618|1.3452|1.34531|2895
2021.10.01 06:00:00|1.34531|1.34567|1.34522|1.3454|2303
2021.10.01 07:00:00|1.3454|1.34595|1.34501|1.34581|2136
2021.10.01 08:00:00|1.34581|1.34596|1.3447|1.34519|3387
2021.10.01 09:00:00|1.34515|1.34597|1.34413|1.34546|8101
2021.10.01 10:00:00|1.34547|1.34659|1.3433|1.34602|9898
2021.10.01 11:00:00|1.34601|1.34813|1.34484|1.34729|10045
2021.10.01 12:00:00|1.3473|1.34992|1.34724|1.34967|4599
2021.10.01 13:00:00|1.34966|1.35245|1.34885|1.3513|6514
2021.10.01 14:00:00|1.35132|1.35414|1.35093|1.35396|7301
2021.10.01 15:00:00|1.35396|1.35462|1.35245|1.35418|8459
2021.10.01 16:00:00|1.35419|1.35698|1.35378|1.35628|11143
2021.10.01 17:00:00|1.35628|1.35655|1.35342|1.35394|16139
2021.10.01 18:00:00|1.35394|1.35751|1.35355|1.35698|11348
2021.10.01 19:00:00|1.35696|1.35744|1.35583|1.35603|9276
2021.10.01 20:00:00|1.35602|1.35651|1.35571|1.35603|5051
2021.10.01 21:00:00|1.35603|1.35624|1.35503|1.35539|4157
2021.10.01 22:00:00|1.35538|1.35562|1.35463|1.35508|4624
2021.10.01 23:00:00|1.35509|1.35524|1.35415|1.35463|1217
2021.10.04 00:00:00|1.35485|1.35553|1.3535|1.35397|231
2021.10.04 01:00:00|1.35408|1.35714|1.35399|1.35692|1975
2021.10.04 02:00:00|1.35694|1.35752|1.35681|1.35692|1213
2021.10.04 03:00:00|1.35691|1.35764|1.35571|1.35572|2559
2021.10.04 04:00:00|1.35573|1.35575|1.35343|1.35391|2890
2021.10.04 05:00:00|1.3539|1.3544|1.35331|1.35372|2175
2021.10.04 06:00:00|1.35372|1.35399|1.3533|1.35341|1404
2021.10.04 07:00:00|1.35339|1.35478|1.35331|1.3547|1951
2021.10.04 08:00:00|1.35471|1.35508|1.35377|1.35389|2393
2021.10.04 09:00:00|1.35389|1.35545|1.35374|1.35493|4483
2021.10.04 10:00:00|1.35492|1.35636|1.35309|1.35619|9872
2021.10.04 11:00:00|1.35619|1.35674|1.35425|1.35587|6256
2021.10.04 12:00:00|1.35588|1.35887|1.35565|1.35848|6526
2021.10.04 13:00:00|1.35848|1.35915|1.35728|1.35907|4991
2021.10.04 14:00:00|1.35903|1.36061|1.35829|1.36045|7726
2021.10.04 15:00:00|1.36045|1.36103|1.3594|1.36047|4804
2021.10.04 16:00:00|1.36047|1.36225|1.35949|1.36213|8244
2021.10.04 17:00:00|1.36211|1.36395|1.36008|1.36036|11984
2021.10.04 18:00:00|1.36036|1.36082|1.35941|1.36|10752
2021.10.04 19:00:00|1.36|1.36152|1.35981|1.36071|6893
