2021.02.16 20:00:00|1796.47|1800.68|1796.32|1796.66|11988
2021.02.16 21:00:00|1796.64|1797.04|1793.71|1795.14|10006
2021.02.16 22:00:00|1795.13|1796.13|1793.83|1795.09|8717
2021.02.16 23:00:00|1795.07|1795.74|1793.55|1794.55|4573
2021.02.17 01:00:00|1793.89|1794.4|1786.75|1788.29|9377
2021.02.17 02:00:00|1788.2|1789.32|1786.47|1789.03|9315
2021.02.17 03:00:00|1789.01|1792.38|1787.69|1791.03|9379
2021.02.17 04:00:00|1790.94|1794.13|1790.94|1793.98|7569
2021.02.17 05:00:00|1793.96|1795.1|1791.8|1793.34|5990
2021.02.17 06:00:00|1793.33|1793.76|1791.77|1792.88|4825
2021.02.17 07:00:00|1792.9|1793.5|1789.23|1791.76|6936
2021.02.17 08:00:00|1791.82|1793.8|1788.58|1792.71|8984
2021.02.17 09:00:00|1792.76|1793.52|1788.39|1789.92|13844
2021.02.17 10:00:00|1789.84|1790.8|1783.74|1787.59|20882
2021.02.17 11:00:00|1787.64|1789.37|1783.59|1785.92|16963
2021.02.17 12:00:00|1785.91|1789.52|1785.28|1789.3|14160
2021.02.17 13:00:00|1789.32|1791.06|1786.61|1790.72|11532
2021.02.17 14:00:00|1790.71|1793.18|1788.83|1792.12|15913
2021.02.17 15:00:00|1792.11|1793.35|1773.87|1778.91|41316
2021.02.17 16:00:00|1778.85|1784.98|1775.56|1781.47|42880
2021.02.17 17:00:00|1781.45|1782.49|1770.8|1773.57|38293
2021.02.17 18:00:00|1773.59|1780.11|1769.37|1777.87|29734
2021.02.17 19:00:00|1777.87|1780.18|1775.29|1775.66|19375
2021.02.17 20:00:00|1775.66|1776.62|1771.32|1775.26|18971
2021.02.17 21:00:00|1775.21|1775.8|1770.99|1771.83|14882
2021.02.17 22:00:00|1771.85|1775.35|1771.66|1774.52|9225
2021.02.17 23:00:00|1774.52|1777.21|1774.52|1775.75|3862
2021.02.18 01:00:00|1775.87|1778.52|1775.69|1778.08|4974
2021.02.18 02:00:00|1778.08|1780.89|1776.9|1780.87|8032
2021.02.18 03:00:00|1780.81|1782.92|1777.63|1780.72|16706
2021.02.18 04:00:00|1780.72|1783.31|1778.23|1783.04|9203
2021.02.18 05:00:00|1783.07|1785.68|1782.59|1783.24|7825
2021.02.18 06:00:00|1783.24|1783.94|1782.42|1782.64|4802
2021.02.18 07:00:00|1782.58|1784.34|1782.02|1783.77|6814
2021.02.18 08:00:00|1783.75|1784.16|1781.8|1782.43|8137
2021.02.18 09:00:00|1782.4|1783.82|1779.58|1781.96|11770
2021.02.18 10:00:00|1781.96|1788.93|1778.79|1787.63|20081
2021.02.18 11:00:00|1787.62|1788.5|1784.9|1787.37|15914
2021.02.18 12:00:00|1787.36|1787.36|1781.18|1784.98|12610
2021.02.18 13:00:00|1784.96|1786.76|1783.54|1784.05|12614
2021.02.18 14:00:00|1784.02|1785.38|1778.77|1784.05|15973
2021.02.18 15:00:00|1784.05|1789.56|1781.86|1786.06|24403
2021.02.18 16:00:00|1786|1786.14|1773.06|1775.68|38157
2021.02.18 17:00:00|1775.67|1779.28|1768.29|1778.33|38555
2021.02.18 18:00:00|1778.31|1780.06|1773.91|1776.45|20605
2021.02.18 19:00:00|1776.46|1778.13|1774.03|1775.93|12588
2021.02.18 20:00:00|1775.92|1776.49|1772.74|1774.26|12738
2021.02.18 21:00:00|1774.26|1776.01|1773.96|1775.26|8740
2021.02.18 22:00:00|1775.26|1775.32|1773.85|1774.57|7872
2021.02.18 23:00:00|1774.55|1776.78|1774.04|1775.15|3639
2021.02.19 01:00:00|1774.75|1777.13|1769.97|1771.58|6029
2021.02.19 02:00:00|1771.46|1772.9|1766.33|1769.46|11097
2021.02.19 03:00:00|1769.42|1770.6|1760.55|1767.08|22038
2021.02.19 04:00:00|1767.08|1770.6|1763.97|1770.02|15448
2021.02.19 05:00:00|1770.02|1770.07|1767.41|1767.82|7146
2021.02.19 06:00:00|1767.81|1768.18|1764.85|1767.78|6293
2021.02.19 07:00:00|1767.76|1773.63|1767.63|1772.39|10161
2021.02.19 08:00:00|1772.37|1777.46|1770.18|1772|14682
2021.02.19 09:00:00|1772|1774.11|1769.05|1773.9|12738
2021.02.19 10:00:00|1773.93|1775.24|1771.11|1774.39|17993
2021.02.19 11:00:00|1774.37|1775.02|1770.18|1770.91|13410
2021.02.19 12:00:00|1770.86|1773.96|1769.33|1772.05|14099
2021.02.19 13:00:00|1772.05|1772.65|1767.82|1768.73|11283
2021.02.19 14:00:00|1768.72|1774.53|1768.68|1773.85|13418
2021.02.19 15:00:00|1773.84|1784.22|1769.28|1783.24|29113
2021.02.19 16:00:00|1783.2|1791.51|1777.96|1786.83|39025
2021.02.19 17:00:00|1786.79|1787.28|1779.45|1785.8|32416
2021.02.19 18:00:00|1785.86|1787.89|1782.68|1783.37|20796
2021.02.19 19:00:00|1783.38|1784.91|1778.34|1783.04|21769
2021.02.19 20:00:00|1783.04|1783.1|1777.27|1780.34|19610
2021.02.19 21:00:00|1780.4|1781.22|1778.89|1780.15|8404
2021.02.19 22:00:00|1780.15|1782.62|1779.46|1781.87|8581
2021.02.19 23:00:00|1781.92|1784.82|1780.99|1783.93|3306
2021.02.22 01:00:00|1780.58|1788.07|1780.27|1783.27|10311
2021.02.22 02:00:00|1783.39|1786.27|1782.38|1785.28|9008
2021.02.22 03:00:00|1785.29|1789.65|1784.92|1786.61|21302
2021.02.22 04:00:00|1786.6|1787.86|1783.35|1783.46|12484
2021.02.22 05:00:00|1783.44|1786.04|1780.54|1783.69|11425
2021.02.22 06:00:00|1783.66|1785.17|1783.42|1784.8|6243
2021.02.22 07:00:00|1784.77|1790.29|1784.77|1789.4|10696
2021.02.22 08:00:00|1789.46|1794.94|1788.8|1790.8|14350
2021.02.22 09:00:00|1790.8|1795|1788.71|1794.48|16788
2021.02.22 10:00:00|1794.47|1795.4|1790.17|1794.24|19796
2021.02.22 11:00:00|1794.25|1799.16|1793.38|1797.35|18171
2021.02.22 12:00:00|1797.37|1798.37|1795.78|1796.11|11884
2021.02.22 13:00:00|1796.09|1798.16|1794.35|1795.12|11712
2021.02.22 14:00:00|1795.13|1797.5|1793.33|1794.61|12562
2021.02.22 15:00:00|1794.61|1802.38|1793.71|1797.39|30779
2021.02.22 16:00:00|1797.39|1808.31|1793.76|1804.68|38316
2021.02.22 17:00:00|1804.67|1810.09|1803.08|1808.9|36576
2021.02.22 18:00:00|1808.89|1812.51|1807.32|1811.4|22142
2021.02.22 19:00:00|1811.41|1812.54|1807.17|1809.06|16434
2021.02.22 20:00:00|1809.07|1810.51|1807.97|1808.45|11916
2021.02.22 21:00:00|1808.45|1809.45|1806.45|1808.02|10048
2021.02.22 22:00:00|1808.01|1809.83|1806.14|1808.15|9087
2021.02.22 23:00:00|1808.07|1809.66|1807.37|1808.95|4135
2021.02.23 01:00:00|1809.29|1811.31|1808.6|1810.36|5038
2021.02.23 02:00:00|1810.4|1810.44|1807.89|1809.54|5614
2021.02.23 03:00:00|1809.56|1814.11|1806.15|1813.11|13150
2021.02.23 04:00:00|1813.14|1815.66|1810.74|1815.15|9155
2021.02.23 05:00:00|1815.15|1815.9|1811.39|1813.08|7535
2021.02.23 06:00:00|1813.06|1813.23|1811.4|1812.59|3133
2021.02.23 07:00:00|1812.57|1813.35|1809.67|1812.61|7913
2021.02.23 08:00:00|1812.56|1814.58|1810.82|1811.98|10149
2021.02.23 09:00:00|1811.96|1813.13|1808.11|1808.28|11422
2021.02.23 10:00:00|1808.32|1811.47|1806.46|1810.1|15772
2021.02.23 11:00:00|1810.12|1810.23|1803.8|1804.19|16072
2021.02.23 12:00:00|1804.16|1809.38|1803.53|1805.65|13328
2021.02.23 13:00:00|1805.65|1809.38|1805.22|1809.08|10989
2021.02.23 14:00:00|1809.06|1812.74|1808.41|1809.94|11770
2021.02.23 15:00:00|1809.98|1811.59|1806.8|1809.57|20479
2021.02.23 16:00:00|1809.61|1810|1795.49|1801.45|35940
2021.02.23 17:00:00|1801.42|1810.77|1799.05|1806.84|40687
2021.02.23 18:00:00|1806.95|1807.63|1802.26|1807.06|23656
2021.02.23 19:00:00|1807.05|1809.33|1806.13|1806.73|15315
2021.02.23 20:00:00|1806.73|1807.64|1801.66|1803.82|13645
2021.02.23 21:00:00|1803.82|1805.17|1803.16|1803.64|9816
2021.02.23 22:00:00|1803.62|1806.11|1803.61|1804.57|10459
2021.02.23 23:00:00|1804.58|1805.74|1804.48|1804.95|3736
2021.02.24 01:00:00|1804.29|1807.75|1804.27|1805.71|5671
2021.02.24 02:00:00|1805.73|1807.97|1805.03|1807.32|6476
2021.02.24 03:00:00|1807.31|1813.52|1807.13|1811.92|16125
2021.02.24 04:00:00|1811.94|1813.72|1809.82|1810.16|9728
2021.02.24 05:00:00|1810.14|1811.06|1808.28|1808.74|6953
2021.02.24 06:00:00|1808.76|1809.34|1807.16|1809.11|5072
2021.02.24 07:00:00|1809.11|1810.03|1807.41|1809.38|10328
2021.02.24 08:00:00|1809.45|1809.47|1805.91|1808.21|10458
2021.02.24 09:00:00|1808.19|1808.61|1804.34|1805.89|10977
2021.02.24 10:00:00|1805.87|1810.05|1805.36|1805.92|15822
2021.02.24 11:00:00|1805.9|1808.46|1802.94|1804.24|15437
2021.02.24 12:00:00|1804.31|1808.86|1803.95|1807.08|10958
2021.02.24 13:00:00|1807.04|1809.91|1806.38|1808.54|11076
2021.02.24 14:00:00|1808.56|1810.29|1805.18|1806.44|13275
2021.02.24 15:00:00|1806.43|1808.54|1787.75|1790.57|34528
2021.02.24 16:00:00|1790.58|1794.27|1783.45|1785.57|41135
2021.02.24 17:00:00|1785.5|1796.08|1783.63|1794.91|39869
2021.02.24 18:00:00|1794.89|1802.33|1790.5|1801.97|28505
2021.02.24 19:00:00|1801.99|1804.34|1798.11|1798.18|18442
2021.02.24 20:00:00|1798.17|1799.75|1795.09|1797.53|16605
2021.02.24 21:00:00|1797.52|1799.3|1796.51|1797.19|11883
2021.02.24 22:00:00|1797.17|1803.29|1797.11|1802.48|11416
2021.02.24 23:00:00|1802.5|1805.59|1802.24|1804.55|5307
2021.02.25 01:00:00|1805.01|1805.32|1802.67|1803|4268
2021.02.25 02:00:00|1803|1804.16|1798.23|1798.23|6523
2021.02.25 03:00:00|1798.23|1802.85|1796.74|1796.89|16289
2021.02.25 04:00:00|1796.88|1800.12|1794.42|1796.35|10218
2021.02.25 05:00:00|1796.36|1797.61|1793.82|1796.63|7891
2021.02.25 06:00:00|1796.63|1799|1795.9|1797.91|6190
2021.02.25 07:00:00|1797.9|1801|1796.13|1800.7|10069
2021.02.25 08:00:00|1800.68|1801.16|1793.2|1796.55|13517
2021.02.25 09:00:00|1796.55|1796.55|1790.29|1794.42|13420
2021.02.25 10:00:00|1794.42|1794.45|1787.76|1790.41|17456
2021.02.25 11:00:00|1790.41|1794.67|1787.17|1794.3|16091
2021.02.25 12:00:00|1794.33|1795.21|1791.7|1794.7|15463
2021.02.25 13:00:00|1794.69|1795.21|1781.32|1786.64|21136
2021.02.25 14:00:00|1786.64|1790.61|1784.58|1787.54|18007
2021.02.25 15:00:00|1787.57|1790.31|1779.01|1781.32|36119
2021.02.25 16:00:00|1781.34|1788.8|1778.24|1781.25|43064
2021.02.25 17:00:00|1781.26|1781.41|1769.7|1775.6|51389
2021.02.25 18:00:00|1775.56|1783.06|1774.3|1780.41|33414
2021.02.25 19:00:00|1780.41|1781.25|1771.48|1773.09|32523
2021.02.25 20:00:00|1773.1|1779.06|1765.27|1778.35|48379
2021.02.25 21:00:00|1778.31|1779.44|1772.12|1773.26|26287
2021.02.25 22:00:00|1773.18|1773.77|1769.11|1769.51|27234
2021.02.25 23:00:00|1769.47|1774.65|1769|1769.96|10039
2021.02.26 01:00:00|1769.92|1772.59|1769.08|1769.8|8448
2021.02.26 02:00:00|1769.89|1773.06|1765.09|1772.62|17309
2021.02.26 03:00:00|1772.55|1773.06|1767.1|1771.17|20832
2021.02.26 04:00:00|1771.04|1775.71|1770.52|1772.83|12710
2021.02.26 05:00:00|1772.85|1774.74|1772.21|1772.77|8868
2021.02.26 06:00:00|1772.82|1773.3|1765.98|1767.8|11039
2021.02.26 07:00:00|1767.8|1769.31|1757.94|1760.52|19137
2021.02.26 08:00:00|1760.42|1764.52|1759.12|1762.66|17789
2021.02.26 09:00:00|1762.65|1763.73|1755.23|1759.31|28253
2021.02.26 10:00:00|1759.31|1769.09|1758.2|1768.18|26021
2021.02.26 11:00:00|1768.17|1770.06|1762.41|1763.11|21025
2021.02.26 12:00:00|1763.07|1766.91|1762.02|1764.32|18333
2021.02.26 13:00:00|1764.27|1765.26|1757.53|1759.71|20817
2021.02.26 14:00:00|1759.7|1763.16|1758.31|1758.6|21483
2021.02.26 15:00:00|1758.58|1766.99|1757.53|1761.53|32913
2021.02.26 16:00:00|1761.56|1763.43|1744.84|1744.9|41812
2021.02.26 17:00:00|1744.88|1745.83|1724.51|1729.93|62927
2021.02.26 18:00:00|1729.83|1731.83|1717.12|1718|46185
2021.02.26 19:00:00|1718.02|1727.43|1717.82|1726.28|31701
2021.02.26 20:00:00|1726.29|1731.26|1725.66|1729.72|25220
2021.02.26 21:00:00|1729.69|1732.3|1726.84|1727.1|19119
2021.02.26 22:00:00|1727.03|1732.08|1726.52|1726.76|18977
2021.02.26 23:00:00|1726.73|1735.37|1726.71|1734.24|8086
2021.03.01 01:00:00|1732.71|1739.67|1731.16|1739.09|12202
2021.03.01 02:00:00|1739.11|1741.63|1737.14|1737.99|9839
2021.03.01 03:00:00|1737.97|1744.97|1737.85|1744.92|16989
2021.03.01 04:00:00|1744.89|1748.7|1744.45|1747.55|12189
2021.03.01 05:00:00|1747.51|1751.53|1747.44|1750.91|8958
2021.03.01 06:00:00|1750.91|1751.23|1747.6|1749.84|7129
2021.03.01 07:00:00|1749.82|1752.57|1748.75|1750.62|9466
2021.03.01 08:00:00|1750.64|1756.19|1749.66|1753.77|11005
2021.03.01 09:00:00|1753.77|1759.83|1753.05|1753.56|14884
2021.03.01 10:00:00|1753.52|1754.77|1748.36|1749.06|18686
2021.03.01 11:00:00|1748.99|1749.91|1744.91|1746.77|13705
2021.03.01 12:00:00|1746.72|1747.61|1743.56|1745.51|10093
2021.03.01 13:00:00|1745.51|1747|1741.72|1743.41|9811
2021.03.01 14:00:00|1743.41|1747.43|1735.7|1738.94|15633
2021.03.01 15:00:00|1738.93|1739.99|1730.69|1735.91|25250
2021.03.01 16:00:00|1735.89|1742.95|1732.78|1735.78|37160
2021.03.01 17:00:00|1735.77|1741.39|1732.75|1738.74|35553
2021.03.01 18:00:00|1738.76|1742.51|1730.94|1731.94|22698
2021.03.01 19:00:00|1731.93|1734.52|1726.16|1726.86|18664
2021.03.01 20:00:00|1726.87|1727.32|1720.54|1722.88|17247
2021.03.01 21:00:00|1722.9|1725.05|1720.37|1724.36|13587
2021.03.01 22:00:00|1724.38|1724.46|1719.54|1723.61|13639
2021.03.01 23:00:00|1723.58|1726.69|1723.09|1724.59|4882
2021.03.02 01:00:00|1724.19|1725.15|1721.24|1724.88|6040
2021.03.02 02:00:00|1724.88|1728.37|1723.81|1727.13|7034
2021.03.02 03:00:00|1727.09|1728.24|1710.4|1711.66|22407
2021.03.02 04:00:00|1711.63|1716.77|1710.37|1712.62|14451
2021.03.02 05:00:00|1712.65|1713.94|1707.11|1713.19|13122
2021.03.02 06:00:00|1713.18|1715.8|1712.94|1713.36|6275
2021.03.02 07:00:00|1713.38|1717.1|1710.59|1714.75|12734
2021.03.02 08:00:00|1714.74|1722.32|1713.49|1721.76|14098
2021.03.02 09:00:00|1721.71|1724.23|1716.65|1717.75|15330
2021.03.02 10:00:00|1717.75|1722.3|1715.41|1721.72|14767
2021.03.02 11:00:00|1721.74|1725.24|1720.68|1722.84|12891
2021.03.02 12:00:00|1722.87|1730.8|1722.84|1727.76|12375
2021.03.02 13:00:00|1727.72|1733.26|1726.69|1727.22|14221
2021.03.02 14:00:00|1727.29|1734.32|1726.79|1733.54|13055
2021.03.02 15:00:00|1733.51|1736.09|1723.95|1727.31|28819
2021.03.02 16:00:00|1727.25|1730.38|1721.24|1725.63|33231
2021.03.02 17:00:00|1725.63|1727.43|1720.27|1725.27|32745
2021.03.02 18:00:00|1725.31|1734.37|1723.97|1731.39|26742
2021.03.02 19:00:00|1731.39|1738.4|1731.1|1736.63|16657
2021.03.02 20:00:00|1736.67|1738.4|1733.5|1736.83|14052
2021.03.02 21:00:00|1736.81|1738.07|1733.58|1734.68|12076
2021.03.02 22:00:00|1734.65|1737.88|1732.8|1733.01|10361
2021.03.02 23:00:00|1733.01|1739.06|1732.97|1737.44|4286
2021.03.03 01:00:00|1736.66|1740.41|1734.66|1736.45|5500
2021.03.03 02:00:00|1736.45|1737.4|1734.04|1735.01|6049
2021.03.03 03:00:00|1734.97|1736.96|1729.9|1734.12|12653
2021.03.03 04:00:00|1734.17|1734.25|1731.35|1732.77|6044
2021.03.03 05:00:00|1732.74|1735.51|1732.62|1734.7|5367
2021.03.03 06:00:00|1734.72|1735.55|1734.44|1735.14|3367
2021.03.03 07:00:00|1735.13|1735.65|1731.97|1733.08|6714
2021.03.03 08:00:00|1733.06|1734.03|1730.42|1732.69|9092
2021.03.03 09:00:00|1732.66|1735.84|1731.89|1733.31|9705
2021.03.03 10:00:00|1733.29|1733.5|1726.41|1727.28|13087
2021.03.03 11:00:00|1727.24|1730.12|1725.55|1728.05|13649
2021.03.03 12:00:00|1728.04|1728.13|1723.86|1726.45|11170
2021.03.03 13:00:00|1726.45|1726.64|1721.37|1724.14|11249
2021.03.03 14:00:00|1724.14|1726.64|1723.5|1725.93|13511
2021.03.03 15:00:00|1725.91|1725.95|1708.24|1712.29|42264
2021.03.03 16:00:00|1712.27|1717.1|1708.43|1711.3|45517
2021.03.03 17:00:00|1711.29|1717.06|1701.84|1715.88|49986
2021.03.03 18:00:00|1715.82|1725.06|1715.49|1718.57|34223
2021.03.03 19:00:00|1718.57|1719.67|1715.98|1717.14|17361
2021.03.03 20:00:00|1717.14|1720.22|1715.75|1718.95|17126
2021.03.03 21:00:00|1718.95|1719.52|1711.95|1715.59|20965
2021.03.03 22:00:00|1715.68|1717.08|1713.9|1714.13|16725
2021.03.03 23:00:00|1714.17|1715.79|1709.41|1710.83|4980
2021.03.04 01:00:00|1709.13|1711.89|1708.07|1710.37|5597
2021.03.04 02:00:00|1710.38|1715.59|1708.7|1714.9|7841
2021.03.04 03:00:00|1715.05|1716.61|1710.88|1715.09|13525
2021.03.04 04:00:00|1715.07|1716.11|1710.46|1712.25|10771
2021.03.04 05:00:00|1712.25|1712.63|1709.3|1709.46|9416
2021.03.04 06:00:00|1709.42|1715.32|1706.47|1714.95|11831
2021.03.04 07:00:00|1714.97|1720.11|1714.15|1718.13|13625
2021.03.04 08:00:00|1718.03|1718.1|1714.7|1716.46|16199
2021.03.04 09:00:00|1716.46|1721.24|1716.06|1717.81|16331
2021.03.04 10:00:00|1717.73|1718.95|1712.14|1712.76|18579
2021.03.04 11:00:00|1712.77|1718.38|1706.24|1715.19|22573
2021.03.04 12:00:00|1715.18|1716.59|1708.45|1715.32|17247
2021.03.04 13:00:00|1715.29|1716.94|1713.08|1715.64|12846
2021.03.04 14:00:00|1715.64|1720.31|1714.86|1718.64|16253
2021.03.04 15:00:00|1718.62|1723.12|1712.94|1715.81|31218
2021.03.04 16:00:00|1715.78|1717.47|1712.23|1714.58|37531
2021.03.04 17:00:00|1714.58|1721.19|1709.36|1718.63|45401
2021.03.04 18:00:00|1718.65|1722.32|1714.29|1714.52|29358
2021.03.04 19:00:00|1714.55|1717.87|1698.33|1700.25|54035
2021.03.04 20:00:00|1700.25|1704.22|1690.38|1691.06|46158
2021.03.04 21:00:00|1691.04|1700.71|1691.03|1699.01|34740
2021.03.04 22:00:00|1698.99|1699.23|1695.23|1697.28|24890
2021.03.04 23:00:00|1697.3|1700.45|1695.85|1696.06|6367
2021.03.05 01:00:00|1696.68|1698.67|1693.17|1694.23|7547
2021.03.05 02:00:00|1694.23|1695.17|1688.68|1694.67|11890
2021.03.05 03:00:00|1694.61|1694.71|1687.14|1692.59|22999
2021.03.05 04:00:00|1692.6|1694.9|1689.52|1694.31|12913
2021.03.05 05:00:00|1694.34|1695.63|1693.35|1694.31|10724
2021.03.05 06:00:00|1694.3|1694.45|1691.57|1692|8952
2021.03.05 07:00:00|1692.02|1697.29|1691.99|1696.82|13082
2021.03.05 08:00:00|1696.85|1699.38|1695.34|1696.72|13222
2021.03.05 09:00:00|1696.71|1700.36|1694.79|1696.51|17341
2021.03.05 10:00:00|1696.5|1696.74|1690.87|1693.73|25278
2021.03.05 11:00:00|1693.73|1695.93|1691.03|1694.5|17457
2021.03.05 12:00:00|1694.5|1697.53|1693.41|1694.55|13109
2021.03.05 13:00:00|1694.54|1698.8|1693.55|1694.75|13454
2021.03.05 14:00:00|1694.7|1698.95|1694.07|1698.57|17105
2021.03.05 15:00:00|1698.55|1701.09|1687.16|1693.37|44413
2021.03.05 16:00:00|1693.37|1707.61|1691.72|1694.44|52738
2021.03.05 17:00:00|1694.43|1703.71|1694.24|1696.98|53727
2021.03.05 18:00:00|1696.98|1699.53|1694.33|1697.25|42181
2021.03.05 19:00:00|1697.22|1703.47|1696.45|1702.71|32320
2021.03.05 20:00:00|1702.71|1705.14|1698.08|1698.77|24827
2021.03.05 21:00:00|1698.8|1699.93|1696.89|1699.01|16016
2021.03.05 22:00:00|1699.03|1700.48|1697.52|1697.99|11963
2021.03.05 23:00:00|1697.95|1701.62|1697.85|1699.68|2774
2021.03.08 01:00:00|1701.15|1713.89|1701.12|1707.59|12001
2021.03.08 02:00:00|1707.59|1708.04|1704.98|1706.84|8153
2021.03.08 03:00:00|1706.82|1713.67|1706.6|1713.16|19655
2021.03.08 04:00:00|1713.2|1714.21|1706.73|1709.02|17887
2021.03.08 05:00:00|1708.99|1709.41|1705.19|1705.55|13091
2021.03.08 06:00:00|1705.58|1707.74|1704.21|1707.64|7194
2021.03.08 07:00:00|1707.65|1709.47|1705.69|1707.61|12953
2021.03.08 08:00:00|1707.61|1709.15|1703.87|1704.35|13448
2021.03.08 09:00:00|1704.28|1704.37|1696.97|1699.11|17923
2021.03.08 10:00:00|1699.09|1700.55|1691.62|1696.28|22474
2021.03.08 11:00:00|1696.23|1696.8|1689.57|1690.5|18071
2021.03.08 12:00:00|1690.46|1694.62|1690.01|1692.53|11141
2021.03.08 13:00:00|1692.55|1694.13|1685.61|1685.61|14535
2021.03.08 14:00:00|1685.59|1691.83|1684.59|1690.48|18151
2021.03.08 15:00:00|1690.43|1695.95|1684.72|1693.86|29768
2021.03.08 16:00:00|1693.74|1696.47|1686.53|1686.81|39646
2021.03.08 17:00:00|1686.81|1690.77|1679.36|1681.59|43212
2021.03.08 18:00:00|1681.56|1684.16|1678.18|1679.81|31418
2021.03.08 19:00:00|1679.82|1682.93|1676.71|1680.72|23178
2021.03.08 20:00:00|1680.73|1682.45|1680.37|1680.47|18232
2021.03.08 21:00:00|1680.49|1685.14|1680.17|1685.05|14119
2021.03.08 22:00:00|1685.05|1685.36|1680.39|1680.44|14086
2021.03.08 23:00:00|1680.44|1683.43|1680.44|1683.28|3715
2021.03.09 01:00:00|1682.45|1685.55|1682.14|1684.6|3696
2021.03.09 02:00:00|1684.58|1685.42|1681.59|1684.5|5772
2021.03.09 03:00:00|1684.49|1685.68|1680.04|1683.37|16028
2021.03.09 04:00:00|1683.36|1688.89|1683.34|1687.38|11495
2021.03.09 05:00:00|1687.4|1691.52|1686.24|1689.26|10811
2021.03.09 06:00:00|1689.27|1690.5|1687.29|1687.52|6295
2021.03.09 07:00:00|1687.48|1690.59|1687.08|1688.7|8366
2021.03.09 08:00:00|1688.74|1694.41|1688.07|1692.87|13940
2021.03.09 09:00:00|1692.87|1698.39|1691.7|1697.33|13596
2021.03.09 10:00:00|1697.32|1702.71|1694.91|1702.62|17487
2021.03.09 11:00:00|1702.62|1703.74|1701.13|1702.58|14627
2021.03.09 12:00:00|1702.64|1704.81|1700.39|1702.65|12944
2021.03.09 13:00:00|1702.63|1711.4|1701.64|1709|15881
2021.03.09 14:00:00|1709.02|1709.02|1702.56|1702.65|14169
2021.03.09 15:00:00|1702.68|1715.07|1702.68|1713.35|27693
2021.03.09 16:00:00|1713.4|1720.56|1713.29|1717.68|40437
2021.03.09 17:00:00|1717.69|1719.74|1711.67|1713.02|38785
2021.03.09 18:00:00|1713.02|1717.14|1712.45|1715.25|23735
2021.03.09 19:00:00|1715.25|1717.97|1715.14|1716.47|16135
2021.03.09 20:00:00|1716.47|1719.63|1716.12|1716.13|18415
2021.03.09 21:00:00|1716.11|1717.87|1715.62|1717|13028
2021.03.09 22:00:00|1717|1718.13|1714.29|1716.08|13294
2021.03.09 23:00:00|1716.11|1717.53|1714.58|1715.3|3320
2021.03.10 01:00:00|1715.68|1716.24|1713.97|1715.81|4707
2021.03.10 02:00:00|1715.74|1717.3|1712.55|1715.29|8546
2021.03.10 03:00:00|1715.23|1719.51|1712.8|1713.54|13742
2021.03.10 04:00:00|1713.49|1713.79|1710.74|1713.41|10761
2021.03.10 05:00:00|1713.43|1713.43|1711.36|1712.49|6186
2021.03.10 06:00:00|1712.53|1714.13|1712.38|1713.07|3537
2021.03.10 07:00:00|1713.05|1713.86|1711.44|1712.77|9199
2021.03.10 08:00:00|1712.83|1715.23|1709.56|1714.9|11009
2021.03.10 09:00:00|1714.94|1716.61|1713.76|1715.18|10502
2021.03.10 10:00:00|1715.17|1715.44|1710|1714.7|14525
2021.03.10 11:00:00|1714.68|1715.37|1712.42|1714.25|10094
2021.03.10 12:00:00|1714.26|1715.4|1711.01|1711.05|9151
2021.03.10 13:00:00|1711.12|1712.13|1708.1|1711.77|9395
2021.03.10 14:00:00|1711.76|1713.61|1710.5|1712.72|9830
2021.03.10 15:00:00|1712.69|1723.61|1711.29|1720.02|32109
2021.03.10 16:00:00|1720.03|1722.17|1715.46|1718.44|33256
2021.03.10 17:00:00|1718.45|1720.07|1714.29|1718.98|27858
2021.03.10 18:00:00|1718.98|1720.25|1714.48|1719.31|19840
2021.03.10 19:00:00|1719.33|1720.48|1717.96|1719.25|12507
2021.03.10 20:00:00|1719.26|1724.09|1716.11|1723.22|22541
2021.03.10 21:00:00|1723.24|1725.92|1722.38|1723.92|10233
2021.03.10 22:00:00|1723.87|1726.2|1723.34|1725.39|9256
2021.03.10 23:00:00|1725.35|1726.69|1724.32|1726.38|3389
2021.03.11 01:00:00|1726.2|1727.1|1726.1|1726.7|2556
2021.03.11 02:00:00|1726.69|1727.86|1723.98|1724.82|4618
2021.03.11 03:00:00|1724.81|1727.49|1723.11|1725.98|13071
2021.03.11 04:00:00|1726|1732.17|1726|1730.03|10959
2021.03.11 05:00:00|1730.05|1734.55|1729.77|1731.73|9332
2021.03.11 06:00:00|1731.72|1732.77|1730.68|1732.18|3828
2021.03.11 07:00:00|1732.13|1735.76|1731.48|1735.48|8964
2021.03.11 08:00:00|1735.49|1735.59|1732.2|1732.3|11868
2021.03.11 09:00:00|1732.31|1737.89|1731.27|1736.66|12115
2021.03.11 10:00:00|1736.64|1739.68|1735.68|1738.87|15059
2021.03.11 11:00:00|1738.86|1739.78|1733.3|1733.64|12948
2021.03.11 12:00:00|1733.67|1736.63|1732.35|1735.92|9366
2021.03.11 13:00:00|1735.92|1736.38|1731.37|1733.32|10591
2021.03.11 14:00:00|1733.34|1736.97|1730.15|1735.78|17245
2021.03.11 15:00:00|1735.73|1737.13|1727.24|1729.96|29612
2021.03.11 16:00:00|1729.95|1731.46|1719.16|1722.82|36984
2021.03.11 17:00:00|1722.74|1727.34|1719.63|1725.37|29570
2021.03.11 18:00:00|1725.37|1725.92|1720.96|1724.3|19716
2021.03.11 19:00:00|1724.31|1726.02|1721.75|1723.59|15106
2021.03.11 20:00:00|1723.59|1728.25|1722.18|1724.34|23675
2021.03.11 21:00:00|1724.34|1725.31|1722.58|1724.65|16371
2021.03.11 22:00:00|1724.65|1724.66|1722.34|1723.55|10055
2021.03.11 23:00:00|1723.59|1724.94|1721.19|1721.2|4937
2021.03.12 01:00:00|1721.18|1723.46|1720.83|1722.58|2956
2021.03.12 02:00:00|1722.6|1725.65|1722.56|1724.39|4945
2021.03.12 03:00:00|1724.39|1727.89|1723.24|1724.84|10058
2021.03.12 04:00:00|1724.84|1724.84|1718.7|1719.46|13245
2021.03.12 05:00:00|1719.44|1719.61|1716.75|1718.27|10470
2021.03.12 06:00:00|1718.27|1719.7|1717.81|1718.73|3974
2021.03.12 07:00:00|1718.77|1719.62|1716.14|1718.01|10468
2021.03.12 08:00:00|1717.99|1718.16|1709.6|1711.8|18619
2021.03.12 09:00:00|1711.75|1712.24|1707.4|1710.26|20159
2021.03.12 10:00:00|1710.27|1711.22|1705.84|1706.32|26372
2021.03.12 11:00:00|1706.34|1706.78|1699.07|1701.34|19108
2021.03.12 12:00:00|1701.33|1705.38|1700.11|1703.2|11497
2021.03.12 13:00:00|1703.23|1704.07|1699.43|1703.23|13509
2021.03.12 14:00:00|1703.21|1706.74|1702.14|1706.63|12353
2021.03.12 15:00:00|1706.65|1707.34|1699.37|1704.95|25328
2021.03.12 16:00:00|1704.99|1708.13|1700.47|1706.16|37401
2021.03.12 17:00:00|1706.16|1708.69|1701.92|1707.06|32471
2021.03.12 18:00:00|1707.06|1720.23|1706.06|1718.05|28382
2021.03.12 19:00:00|1718.1|1722.57|1717.32|1719.6|17894
2021.03.12 20:00:00|1719.6|1725.04|1719.33|1724.39|13819
2021.03.12 21:00:00|1724.41|1725.33|1722.42|1722.42|9353
2021.03.12 22:00:00|1722.42|1724.62|1721.24|1723.42|8355
2021.03.12 23:00:00|1723.4|1729.26|1723.38|1727.34|2906
2021.03.15 00:00:00|1726.83|1730.29|1725.65|1727.65|5993
2021.03.15 01:00:00|1727.65|1728.01|1724.13|1725.24|6362
2021.03.15 02:00:00|1725.17|1727.55|1724.8|1727.1|7339
2021.03.15 03:00:00|1727.1|1733.94|1725.75|1729.46|15852
2021.03.15 04:00:00|1729.46|1731.13|1725.16|1726.12|11861
2021.03.15 05:00:00|1726.14|1727.92|1725.59|1727.71|7801
2021.03.15 06:00:00|1727.65|1727.85|1725.66|1726.66|4234
2021.03.15 07:00:00|1726.64|1726.84|1721.57|1723.9|11064
2021.03.15 08:00:00|1723.9|1725.79|1722.23|1723.61|9588
2021.03.15 09:00:00|1723.61|1726.55|1722.08|1722.61|10678
2021.03.15 10:00:00|1722.61|1728.25|1722.61|1727.83|16439
2021.03.15 11:00:00|1727.87|1732.53|1727.73|1728.96|13452
2021.03.15 12:00:00|1728.95|1730.18|1727.07|1729.09|9505
2021.03.15 13:00:00|1729.09|1732.1|1728.05|1729.68|12404
2021.03.15 14:00:00|1729.75|1732.96|1728.38|1731.15|19971
2021.03.15 15:00:00|1731.15|1734.43|1728.57|1733.92|34707
2021.03.15 16:00:00|1733.93|1734.44|1723.29|1723.87|37307
2021.03.15 17:00:00|1723.87|1728.53|1722.65|1727.07|25248
2021.03.15 18:00:00|1727.07|1730.53|1726.6|1729.02|15577
2021.03.15 19:00:00|1729.03|1731.13|1727.91|1729.21|8827
2021.03.15 20:00:00|1729.21|1731.53|1728.09|1728.76|9886
2021.03.15 21:00:00|1728.76|1732.02|1728.15|1730.89|8191
2021.03.15 22:00:00|1730.84|1732.1|1730.72|1731.45|3347
2021.03.16 00:00:00|1731.54|1731.97|1730.21|1730.68|2414
2021.03.16 01:00:00|1730.55|1731.61|1730.2|1730.65|2278
2021.03.16 02:00:00|1730.64|1731.91|1730.07|1730.44|4032
2021.03.16 03:00:00|1730.45|1734.06|1729.45|1732.04|9791
2021.03.16 04:00:00|1732.04|1732.31|1729.93|1731.7|7493
2021.03.16 05:00:00|1731.72|1733.85|1731.43|1733.51|5148
2021.03.16 06:00:00|1733.53|1734.9|1732.95|1734.07|5111
2021.03.16 07:00:00|1734.06|1737.16|1733.42|1736.21|6937
2021.03.16 08:00:00|1736.21|1736.71|1730.64|1731.07|9729
2021.03.16 09:00:00|1730.97|1731.27|1726.02|1730.07|13939
2021.03.16 10:00:00|1730.07|1732.66|1728.77|1732.31|14370
2021.03.16 11:00:00|1732.32|1733.19|1730.15|1731.1|13396
2021.03.16 12:00:00|1731.09|1734.71|1730.78|1734.21|10546
2021.03.16 13:00:00|1734.21|1735.55|1730.8|1731.28|11282
2021.03.16 14:00:00|1731.29|1736.07|1730.78|1732.42|23867
2021.03.16 15:00:00|1732.44|1735.52|1730.14|1734.38|30725
2021.03.16 16:00:00|1734.3|1741.12|1732.84|1733.91|31832
2021.03.16 17:00:00|1733.95|1735.11|1726.61|1728.78|25233
2021.03.16 18:00:00|1728.78|1731.5|1727.77|1730.47|17228
2021.03.16 19:00:00|1730.48|1733.22|1728.78|1728.95|18427
2021.03.16 20:00:00|1728.94|1731.16|1728.81|1730.37|15327
2021.03.16 21:00:00|1730.39|1733.02|1730.27|1732.52|8320
2021.03.16 22:00:00|1732.54|1732.6|1729.65|1729.65|3839
2021.03.17 00:00:00|1731.24|1732.44|1730.38|1731.78|2786
2021.03.17 01:00:00|1731.8|1732.53|1730.84|1731.58|2850
2021.03.17 02:00:00|1731.58|1732.65|1730.46|1732.44|5673
2021.03.17 03:00:00|1732.46|1735.01|1729.56|1733.51|12673
2021.03.17 04:00:00|1733.47|1734.68|1732.07|1733.53|6210
2021.03.17 05:00:00|1733.56|1736.01|1733.42|1735.82|4600
2021.03.17 06:00:00|1735.79|1737.53|1734.91|1736.79|4484
2021.03.17 07:00:00|1736.75|1737.35|1734.99|1735.31|6802
2021.03.17 08:00:00|1735.24|1737.81|1735.12|1736.88|9258
2021.03.17 09:00:00|1736.86|1736.95|1734|1735.24|9260
2021.03.17 10:00:00|1735.22|1736.15|1733.35|1734.44|11709
2021.03.17 11:00:00|1734.44|1736.97|1734.05|1736|9656
2021.03.17 12:00:00|1736|1737.03|1734.32|1735.04|8354
2021.03.17 13:00:00|1735.04|1735.2|1727.83|1729.35|17373
2021.03.17 14:00:00|1729.34|1731.88|1728.12|1729.12|20348
2021.03.17 15:00:00|1729.12|1731.83|1727.24|1728.24|27706
2021.03.17 16:00:00|1728.25|1734.59|1723.9|1731.89|31856
2021.03.17 17:00:00|1731.89|1732.06|1726.8|1727.17|22682
2021.03.17 18:00:00|1727.17|1728.41|1725.73|1727.93|16179
2021.03.17 19:00:00|1727.93|1730.16|1726.49|1729.84|12981
2021.03.17 20:00:00|1729.84|1749.81|1729.84|1749.56|65655
2021.03.17 21:00:00|1749.57|1751.55|1743.41|1745.14|31391
2021.03.17 22:00:00|1745.08|1745.7|1743.6|1744.76|5362
2021.03.18 00:00:00|1744.5|1749.53|1744.23|1747.37|5220
2021.03.18 01:00:00|1747.37|1749.19|1746.84|1748.41|4759
2021.03.18 02:00:00|1748.41|1751.5|1747.5|1749.79|10324
2021.03.18 03:00:00|1749.73|1753.83|1748.94|1752.92|21527
2021.03.18 04:00:00|1752.92|1754.99|1750.02|1754.42|11240
2021.03.18 05:00:00|1754.42|1755.44|1748.15|1748.89|18154
2021.03.18 06:00:00|1748.91|1750.41|1747.39|1749.89|8978
2021.03.18 07:00:00|1749.88|1752.37|1749.4|1749.94|11192
2021.03.18 08:00:00|1749.93|1752.39|1748.98|1750.91|11596
2021.03.18 09:00:00|1750.91|1752.8|1735.39|1739.42|32574
2021.03.18 10:00:00|1739.49|1740.77|1732.6|1736.29|24875
2021.03.18 11:00:00|1736.29|1739.47|1734.92|1736.54|18776
2021.03.18 12:00:00|1736.55|1737.63|1732.83|1733.97|18057
2021.03.18 13:00:00|1734.07|1735.95|1727.65|1731.1|21741
2021.03.18 14:00:00|1731.09|1733.4|1726.17|1729.68|38313
2021.03.18 15:00:00|1729.68|1729.96|1719.13|1722.95|51235
2021.03.18 16:00:00|1722.94|1729.44|1721.37|1728.39|46944
2021.03.18 17:00:00|1728.4|1731.15|1726.63|1730.51|28837
2021.03.18 18:00:00|1730.53|1736.21|1730.46|1731.07|27698
2021.03.18 19:00:00|1731.08|1735.12|1730.03|1734.63|19706
2021.03.18 20:00:00|1734.63|1735.44|1732.26|1734.68|21829
2021.03.18 21:00:00|1734.68|1737.18|1733.01|1734.7|21059
2021.03.18 22:00:00|1734.68|1736.62|1734.09|1736.39|6539
2021.03.19 00:00:00|1735.07|1737.65|1734.25|1734.91|5352
2021.03.19 01:00:00|1734.9|1736.51|1732.31|1735.11|7422
2021.03.19 02:00:00|1735.09|1735.74|1730.56|1730.68|9038
2021.03.19 03:00:00|1730.69|1731.47|1728.4|1731.16|19386
2021.03.19 04:00:00|1731.16|1731.78|1728.4|1730.88|10213
2021.03.19 05:00:00|1730.86|1734.98|1730.22|1731.56|14537
2021.03.19 06:00:00|1731.55|1734.29|1729.91|1734.04|9930
2021.03.19 07:00:00|1734.04|1734.67|1730.69|1734.42|9600
2021.03.19 08:00:00|1734.45|1743.44|1734.01|1740.31|23474
2021.03.19 09:00:00|1740.29|1745.29|1739.84|1741.6|19008
2021.03.19 10:00:00|1741.55|1744.13|1738.54|1743.6|20797
2021.03.19 11:00:00|1743.6|1744.52|1736.68|1736.85|16454
2021.03.19 12:00:00|1736.82|1738.17|1734.94|1736.84|13217
2021.03.19 13:00:00|1736.85|1742.48|1734.84|1740.52|14572
2021.03.19 14:00:00|1740.56|1743.6|1737.54|1739.07|27027
2021.03.19 15:00:00|1739.12|1739.96|1733.17|1735.97|60413
2021.03.19 16:00:00|1735.96|1738.06|1734.33|1735.5|40156
2021.03.19 17:00:00|1735.55|1740.91|1734.31|1739.96|28476
2021.03.19 18:00:00|1739.94|1742.29|1738.36|1742.24|22343
2021.03.19 19:00:00|1742.23|1743.35|1740.75|1742.79|15055
2021.03.19 20:00:00|1742.83|1744.11|1742.28|1742.41|12196
2021.03.19 21:00:00|1742.4|1743.19|1740.36|1742.52|12053
2021.03.19 22:00:00|1742.51|1746.61|1741.61|1745.27|4219
2021.03.22 00:00:00|1745.46|1746.85|1737.96|1737.99|8457
2021.03.22 01:00:00|1737.98|1740.73|1737.9|1738.13|5342
2021.03.22 02:00:00|1738.12|1741.01|1737.13|1739.54|9782
2021.03.22 03:00:00|1739.47|1739.6|1732.47|1735.37|24133
2021.03.22 04:00:00|1735.37|1738.99|1735.16|1738.86|11430
2021.03.22 05:00:00|1738.87|1741.24|1738.36|1740.58|8952
2021.03.22 06:00:00|1740.61|1742.98|1739.99|1742.57|5953
2021.03.22 07:00:00|1742.5|1742.55|1736.71|1736.92|10512
2021.03.22 08:00:00|1736.9|1737.83|1729.44|1730.5|19389
2021.03.22 09:00:00|1730.5|1732.31|1727.22|1729.19|18445
2021.03.22 10:00:00|1729.23|1732.37|1728.09|1729.85|21534
2021.03.22 11:00:00|1729.84|1731.63|1727.97|1731.42|15368
2021.03.22 12:00:00|1731.43|1733.66|1730.98|1733.3|12153
2021.03.22 13:00:00|1733.3|1739.01|1733.25|1736.19|19425
2021.03.22 14:00:00|1736.19|1736.95|1730.52|1732.05|26409
2021.03.22 15:00:00|1732.04|1735.4|1730.49|1733.14|34622
2021.03.22 16:00:00|1733.12|1738.35|1732.86|1737.94|34079
2021.03.22 17:00:00|1737.94|1738.64|1733.65|1738.21|23808
2021.03.22 18:00:00|1738.21|1740.36|1737.42|1740.29|16244
2021.03.22 19:00:00|1740.29|1740.89|1737.92|1740.53|11077
2021.03.22 20:00:00|1740.53|1740.98|1739.15|1739.31|7064
2021.03.22 21:00:00|1739.29|1740.69|1739.19|1739.45|7299
2021.03.22 22:00:00|1739.45|1739.47|1738|1738.41|4354
2021.03.23 00:00:00|1738.44|1739.77|1738.28|1739.45|2192
2021.03.23 01:00:00|1739.46|1739.78|1738.51|1739.25|2706
2021.03.23 02:00:00|1739.24|1740.4|1736.41|1737.05|8030
2021.03.23 03:00:00|1737.05|1737.58|1732.93|1733.35|16388
2021.03.23 04:00:00|1733.45|1734.36|1730.9|1734.3|14028
2021.03.23 05:00:00|1734.33|1735.66|1733.69|1735.64|8767
2021.03.23 06:00:00|1735.64|1737.05|1735.28|1735.7|6716
2021.03.23 07:00:00|1735.69|1738.24|1735.04|1737.58|12157
2021.03.23 08:00:00|1737.58|1739.46|1736.69|1738.17|10614
2021.03.23 09:00:00|1738.15|1739.95|1736.51|1737.47|12704
2021.03.23 10:00:00|1737.49|1740.09|1736.21|1739.28|18054
2021.03.23 11:00:00|1739.29|1740.08|1736.13|1737.87|16292
2021.03.23 12:00:00|1737.9|1742.5|1737.54|1740.21|18283
2021.03.23 13:00:00|1740.2|1741.88|1738.87|1738.92|13843
2021.03.23 14:00:00|1738.92|1740.95|1737.59|1739.22|20683
2021.03.23 15:00:00|1739.21|1740.09|1727.25|1730.99|39471
2021.03.23 16:00:00|1730.96|1731.68|1725.61|1729.89|38404
2021.03.23 17:00:00|1729.91|1730.32|1724.94|1730.22|25241
2021.03.23 18:00:00|1730.21|1730.22|1726.07|1726.86|18438
2021.03.23 19:00:00|1726.87|1728.21|1724.58|1727.8|18152
2021.03.23 20:00:00|1727.84|1728.47|1726.28|1726.98|15606
2021.03.23 21:00:00|1726.97|1728.7|1726.34|1727.16|16839
2021.03.23 22:00:00|1727.12|1728|1726.45|1726.45|4740
2021.03.24 00:00:00|1727.01|1727.68|1726.67|1726.78|2533
2021.03.24 01:00:00|1726.81|1728.08|1726.23|1727.04|3971
2021.03.24 02:00:00|1727.05|1727.89|1725.56|1727.54|9423
2021.03.24 03:00:00|1727.58|1731.34|1723.7|1730.4|19139
2021.03.24 04:00:00|1730.4|1734.37|1730.3|1731.97|16983
2021.03.24 05:00:00|1731.99|1732.76|1731.18|1731.65|8813
2021.03.24 06:00:00|1731.67|1733.46|1731.37|1733.41|6757
2021.03.24 07:00:00|1733.39|1733.77|1730.97|1731.18|12588
2021.03.24 08:00:00|1731.21|1732.04|1729.42|1730.91|13816
2021.03.24 09:00:00|1730.9|1732.03|1727.09|1728.79|15891
2021.03.24 10:00:00|1728.77|1731.07|1728|1731.01|17095
2021.03.24 11:00:00|1731.01|1734.82|1730.7|1734.63|14138
2021.03.24 12:00:00|1734.62|1735.8|1730.11|1731.19|11241
2021.03.24 13:00:00|1731.19|1731.96|1729.09|1730.12|11835
2021.03.24 14:00:00|1730.11|1733.18|1729.69|1732.1|18281
2021.03.24 15:00:00|1732.1|1733.95|1728.22|1730.11|27826
2021.03.24 16:00:00|1730.09|1732.49|1728.26|1732.1|26077
2021.03.24 17:00:00|1732.23|1733.98|1729.18|1733.64|17382
2021.03.24 18:00:00|1733.66|1738.35|1733.66|1734.07|19856
2021.03.24 19:00:00|1734.07|1735.09|1731.83|1734.96|15552
2021.03.24 20:00:00|1734.97|1735.59|1733.35|1734.41|11873
2021.03.24 21:00:00|1734.41|1734.98|1732.83|1732.98|12485
2021.03.24 22:00:00|1732.98|1734.6|1732.95|1733.44|4507
2021.03.25 00:00:00|1733.97|1735|1733.42|1733.91|2163
2021.03.25 01:00:00|1733.97|1735.04|1733.63|1734.44|3277
2021.03.25 02:00:00|1734.44|1734.93|1732.97|1733.83|5551
2021.03.25 03:00:00|1733.84|1735.26|1732.12|1733.08|15525
2021.03.25 04:00:00|1733.07|1735.06|1731.85|1735.06|13221
2021.03.25 05:00:00|1735.13|1739.06|1735.02|1735.21|10853
2021.03.25 06:00:00|1735.21|1735.89|1733.91|1735.57|5825
2021.03.25 07:00:00|1735.56|1737.71|1733.77|1733.99|9842
2021.03.25 08:00:00|1733.99|1735.43|1733.18|1733.58|9776
2021.03.25 09:00:00|1733.56|1734.62|1730.55|1733|12628
2021.03.25 10:00:00|1733.01|1734|1730.91|1732.13|17493
2021.03.25 11:00:00|1732.13|1732.66|1731.53|1731.97|10655
2021.03.25 12:00:00|1731.95|1732.38|1729.81|1731.37|9822
2021.03.25 13:00:00|1731.38|1733.37|1727.61|1728.37|17240
2021.03.25 14:00:00|1728.37|1730.6|1724.89|1729.92|29619
2021.03.25 15:00:00|1729.88|1745.4|1728.53|1738.83|46018
2021.03.25 16:00:00|1738.83|1741.06|1733.03|1736.9|42690
2021.03.25 17:00:00|1736.88|1737.45|1730.22|1730.77|26540
2021.03.25 18:00:00|1730.78|1732.49|1727.69|1728.17|18906
2021.03.25 19:00:00|1728.17|1728.89|1721.63|1727.52|29692
2021.03.25 20:00:00|1727.54|1730.8|1726.34|1730.6|19938
2021.03.25 21:00:00|1730.6|1731.21|1726.07|1726.73|13542
2021.03.25 22:00:00|1726.68|1727.87|1725.96|1725.97|4366
2021.03.26 00:00:00|1725.82|1728.99|1725.82|1727.79|4344
2021.03.26 01:00:00|1727.78|1728.12|1726.41|1727.26|3978
2021.03.26 02:00:00|1727.25|1729.17|1726.89|1728.33|8300
2021.03.26 03:00:00|1728.33|1729.21|1726.01|1728.46|13816
2021.03.26 04:00:00|1728.46|1729.73|1723.79|1723.8|12246
2021.03.26 05:00:00|1723.8|1725.07|1723.16|1724.86|7463
2021.03.26 06:00:00|1724.82|1726.33|1723.78|1726.27|4567
2021.03.26 07:00:00|1726.3|1729.16|1725.74|1727.89|9256
2021.03.26 08:00:00|1727.92|1729.56|1726.69|1728.19|10355
2021.03.26 09:00:00|1728.19|1728.61|1725.65|1727.38|11903
2021.03.26 10:00:00|1727.38|1728.98|1725.3|1727.73|12906
2021.03.26 11:00:00|1727.76|1731.99|1726.68|1730.08|11755
2021.03.26 12:00:00|1730.08|1730.33|1725.04|1725.65|11635
2021.03.26 13:00:00|1725.65|1726.08|1721.53|1725.05|13453
2021.03.26 14:00:00|1725.05|1728.84|1723.9|1724.81|19498
2021.03.26 15:00:00|1724.78|1728.8|1724.18|1728.66|29412
2021.03.26 16:00:00|1728.65|1732.33|1728.22|1731.06|24409
2021.03.26 17:00:00|1731.07|1736.69|1730.9|1733.9|20549
2021.03.26 18:00:00|1733.91|1734.5|1732.06|1732.22|11896
2021.03.26 19:00:00|1732.24|1734.23|1730.6|1731.75|11697
2021.03.26 20:00:00|1731.75|1732.39|1730.12|1731.27|13513
2021.03.26 21:00:00|1731.35|1732.6|1730.69|1731.7|9434
2021.03.26 22:00:00|1731.7|1732.81|1731.49|1732.55|3149
2021.03.29 01:00:00|1729|1733.07|1729|1731.1|4747
2021.03.29 02:00:00|1731.1|1731.8|1730.54|1731|3385
2021.03.29 03:00:00|1731|1732.55|1730.05|1731.13|6781
2021.03.29 04:00:00|1731.12|1731.85|1726.28|1731.54|13595
2021.03.29 05:00:00|1731.53|1732.83|1730.23|1731.82|8214
2021.03.29 06:00:00|1731.82|1732.12|1729.12|1729.33|7728
2021.03.29 07:00:00|1729.35|1729.71|1727.52|1727.79|5686
2021.03.29 08:00:00|1727.8|1729.14|1726.12|1728.51|10823
2021.03.29 09:00:00|1728.49|1728.82|1724.97|1725.25|15001
2021.03.29 10:00:00|1725.25|1728.1|1724.86|1726.22|11405
2021.03.29 11:00:00|1726.27|1726.91|1723.68|1724.77|11975
2021.03.29 12:00:00|1724.75|1725.89|1723.9|1724.62|8111
2021.03.29 13:00:00|1724.6|1728.16|1723.82|1726.99|7393
2021.03.29 14:00:00|1726.97|1727.44|1725|1726.09|8272
2021.03.29 15:00:00|1726.12|1727.96|1721.81|1723.82|17151
2021.03.29 16:00:00|1723.81|1726.2|1706.01|1711.12|36976
2021.03.29 17:00:00|1711.11|1712.52|1705.69|1710.84|33744
2021.03.29 18:00:00|1710.84|1712.22|1708.59|1711.61|18779
2021.03.29 19:00:00|1711.61|1715.79|1711.4|1713.17|10558
2021.03.29 20:00:00|1713.17|1714.51|1711.54|1711.54|10572
2021.03.29 21:00:00|1711.55|1711.64|1709.69|1710.54|10718
2021.03.29 22:00:00|1710.54|1711.65|1710.05|1711.39|11521
2021.03.29 23:00:00|1711.39|1712.21|1710.23|1711.59|2569
2021.03.30 01:00:00|1712.32|1713.03|1711.6|1711.63|2832
2021.03.30 02:00:00|1711.63|1712.69|1710.52|1711.89|4584
2021.03.30 03:00:00|1711.96|1714.13|1710.74|1713.11|7349
2021.03.30 04:00:00|1713.12|1714.34|1708.64|1710.22|13019
2021.03.30 05:00:00|1710.22|1710.64|1704.61|1706.03|10625
2021.03.30 06:00:00|1706.04|1708.12|1705.78|1707.35|7248
2021.03.30 07:00:00|1707.35|1707.94|1706.03|1707.73|6411
2021.03.30 08:00:00|1707.73|1708.1|1704.51|1705.07|9526
2021.03.30 09:00:00|1705.05|1708.46|1702.14|1703.04|21290
2021.03.30 10:00:00|1703.06|1705.02|1695.37|1697.21|24769
2021.03.30 11:00:00|1697.21|1700.62|1696.05|1697.96|17963
2021.03.30 12:00:00|1697.91|1700.88|1696.01|1696.18|10817
2021.03.30 13:00:00|1696.2|1696.66|1692.89|1693.15|14502
2021.03.30 14:00:00|1693.16|1693.46|1686.18|1688.29|22064
2021.03.30 15:00:00|1688.26|1690.46|1678.63|1683.7|36915
2021.03.30 16:00:00|1683.7|1688.46|1681.52|1688.11|39538
2021.03.30 17:00:00|1688.11|1688.11|1681.85|1684.22|37624
2021.03.30 18:00:00|1684.23|1687.59|1682.8|1686.89|24086
2021.03.30 19:00:00|1686.86|1687.12|1683.73|1685.42|16246
2021.03.30 20:00:00|1685.46|1686.63|1683.99|1684.01|12777
2021.03.30 21:00:00|1684.04|1684.61|1681.57|1681.59|12211
2021.03.30 22:00:00|1681.6|1684.3|1681.51|1682.04|9534
2021.03.30 23:00:00|1682.12|1685.22|1682.12|1684.49|4035
2021.03.31 01:00:00|1684.72|1685.8|1682.72|1683.32|6188
2021.03.31 02:00:00|1683.26|1685.5|1682.89|1685.43|4643
2021.03.31 03:00:00|1685.43|1686.37|1683.42|1684.08|9000
2021.03.31 04:00:00|1684.09|1686.31|1678.56|1682.16|20150
2021.03.31 05:00:00|1682.16|1682.99|1677.81|1678.29|12944
2021.03.31 06:00:00|1678.27|1680.64|1677.84|1679.39|12437
2021.03.31 07:00:00|1679.39|1680.38|1678.5|1679.33|6045
2021.03.31 08:00:00|1679.31|1683.72|1678.49|1683.6|9857
2021.03.31 09:00:00|1683.6|1688.71|1681.73|1686.33|18349
2021.03.31 10:00:00|1686.33|1688.04|1683.71|1684.03|15112
2021.03.31 11:00:00|1684.03|1686.8|1682.55|1685.91|14124
2021.03.31 12:00:00|1685.9|1686.8|1684.69|1685.71|10162
2021.03.31 13:00:00|1685.69|1689.04|1685.31|1687.04|9718
2021.03.31 14:00:00|1687.06|1688.66|1684.41|1684.77|11730
2021.03.31 15:00:00|1684.77|1689.48|1682.24|1687.36|26900
2021.03.31 16:00:00|1687.37|1697.91|1686.79|1697.19|33677
2021.03.31 17:00:00|1697.2|1706.11|1693.74|1703.92|37269
2021.03.31 18:00:00|1703.82|1708.64|1701.73|1708.08|25962
2021.03.31 19:00:00|1708.09|1712.32|1707.16|1711.85|17790
2021.03.31 20:00:00|1711.84|1715.21|1710.54|1710.76|17423
2021.03.31 21:00:00|1710.77|1711.05|1707.16|1707.83|12553
2021.03.31 22:00:00|1707.83|1709.3|1706.4|1707.83|11522
2021.03.31 23:00:00|1707.83|1708.38|1705.82|1706.44|3822
2021.04.01 01:00:00|1707.41|1708.66|1706.82|1707.71|3905
2021.04.01 02:00:00|1707.72|1709.04|1707.17|1707.35|3860
2021.04.01 03:00:00|1707.33|1708.1|1705.75|1706.79|11010
2021.04.01 04:00:00|1706.79|1710.8|1705.67|1710.55|15478
2021.04.01 05:00:00|1710.56|1712.11|1709.13|1712.02|11434
2021.04.01 06:00:00|1712.02|1714.1|1711.91|1712.74|8782
2021.04.01 07:00:00|1712.74|1713.2|1710.63|1711.18|6907
2021.04.01 08:00:00|1711.18|1714.97|1710.01|1714.44|11490
2021.04.01 09:00:00|1714.47|1717.51|1711.66|1715.27|16920
2021.04.01 10:00:00|1715.29|1719.88|1714.63|1718.43|17667
2021.04.01 11:00:00|1718.43|1719.61|1715.52|1716.14|12915
2021.04.01 12:00:00|1716.13|1716.9|1713.07|1714.74|11033
2021.04.01 13:00:00|1714.76|1715.76|1712.98|1713.07|8810
2021.04.01 14:00:00|1713.08|1717.3|1710.32|1716.85|13076
2021.04.01 15:00:00|1716.84|1720.05|1715.5|1718.74|21586
2021.04.01 16:00:00|1718.74|1728.09|1718.74|1724.62|35576
2021.04.01 17:00:00|1724.16|1729.3|1721.42|1728.65|31090
2021.04.01 18:00:00|1728.61|1730.08|1727.54|1728.27|20499
2021.04.01 19:00:00|1728.27|1728.27|1725.14|1725.87|12758
2021.04.01 20:00:00|1725.87|1729.63|1725.58|1728.08|13230
2021.04.01 21:00:00|1728.08|1728.31|1726.24|1726.56|8047
2021.04.01 22:00:00|1726.58|1730.06|1726.25|1729.03|7240
2021.04.01 23:00:00|1728.98|1730.48|1727.97|1728.8|2985
2021.04.05 01:00:00|1727.69|1729.82|1725.99|1728.21|8392
2021.04.05 02:00:00|1728.25|1729.53|1726.87|1727.98|4000
2021.04.05 03:00:00|1727.97|1728.51|1726.51|1727.84|6174
2021.04.05 04:00:00|1727.83|1729.8|1727.64|1727.7|5111
2021.04.05 05:00:00|1727.7|1728.53|1724.41|1725.33|6123
2021.04.05 06:00:00|1725.34|1725.9|1724.33|1724.84|3425
2021.04.05 07:00:00|1724.86|1724.94|1723.62|1724.43|3600
2021.04.05 08:00:00|1724.42|1725.47|1722.16|1722.48|4436
2021.04.05 09:00:00|1722.48|1726.46|1721.19|1726.04|7125
2021.04.05 10:00:00|1726.05|1727.99|1724.67|1726.5|8122
2021.04.05 11:00:00|1726.5|1728.43|1724.92|1725.38|8900
2021.04.05 12:00:00|1725.37|1726.04|1724.45|1725.62|4773
2021.04.05 13:00:00|1725.76|1726.03|1723.19|1724.15|5667
2021.04.05 14:00:00|1724.16|1727.35|1724.16|1724.84|7582
2021.04.05 15:00:00|1724.85|1729.65|1721.8|1723.15|20297
2021.04.05 16:00:00|1723.15|1727.6|1722.33|1727.11|24758
2021.04.05 17:00:00|1726.8|1729.83|1725.8|1728.86|26488
2021.04.05 18:00:00|1728.86|1733.48|1725.5|1730.34|18202
2021.04.05 19:00:00|1730.28|1730.61|1727.85|1728.02|10476
2021.04.05 20:00:00|1728.01|1728.4|1725.17|1725.25|9925
2021.04.05 21:00:00|1725.26|1727.94|1724.92|1725.83|8336
2021.04.05 22:00:00|1725.82|1728.42|1725.8|1728.07|9010
2021.04.05 23:00:00|1728.07|1728.46|1727.28|1727.51|2462
2021.04.06 01:00:00|1728.06|1728.88|1727.13|1727.24|2620
2021.04.06 02:00:00|1727.24|1729.51|1727.19|1729.37|2313
2021.04.06 03:00:00|1729.29|1730.77|1727.48|1729.09|6523
2021.04.06 04:00:00|1729.09|1735.3|1728.34|1734.19|16755
2021.04.06 05:00:00|1734.2|1734.85|1732.98|1734.39|8288
2021.04.06 06:00:00|1734.38|1734.56|1732.53|1733.45|5312
2021.04.06 07:00:00|1733.45|1735.95|1733.22|1735.65|4429
2021.04.06 08:00:00|1735.64|1737.61|1734.95|1737.52|7486
2021.04.06 09:00:00|1737.52|1738.6|1729.61|1729.97|17112
2021.04.06 10:00:00|1729.97|1733.43|1727.66|1733.43|15645
2021.04.06 11:00:00|1733.41|1734.33|1729.42|1732.53|14543
2021.04.06 12:00:00|1732.58|1733.61|1730.22|1731.97|9857
2021.04.06 13:00:00|1731.97|1732.97|1730.98|1732.76|8687
2021.04.06 14:00:00|1732.74|1736.95|1732.42|1736.2|11844
2021.04.06 15:00:00|1736.24|1738.9|1734.05|1735.75|20318
2021.04.06 16:00:00|1735.84|1741.95|1734.02|1740.62|31051
2021.04.06 17:00:00|1740.63|1744.46|1739.63|1743.45|30474
2021.04.06 18:00:00|1743.45|1745.36|1742.13|1745.13|16563
2021.04.06 19:00:00|1745.14|1745.33|1742.55|1743.11|10379
2021.04.06 20:00:00|1743.14|1743.73|1739.89|1743.72|11916
2021.04.06 21:00:00|1743.71|1744.29|1742.31|1743.31|8956
2021.04.06 22:00:00|1743.33|1744.36|1741|1742.48|6478
2021.04.06 23:00:00|1742.48|1744.09|1742.1|1742.14|2704
2021.04.07 01:00:00|1742.77|1744.25|1742.52|1742.94|2957
2021.04.07 02:00:00|1742.86|1743.84|1742.36|1743.18|1682
2021.04.07 03:00:00|1743.18|1743.29|1740.47|1740.98|5454
2021.04.07 04:00:00|1740.98|1741.64|1737.07|1737.17|11637
2021.04.07 05:00:00|1737.18|1738.55|1735.76|1736.21|9882
2021.04.07 06:00:00|1736.21|1738.33|1736.17|1738.14|5555
2021.04.07 07:00:00|1738.14|1739.06|1738.06|1739|3130
2021.04.07 08:00:00|1739|1739.13|1736.92|1737.64|6783
2021.04.07 09:00:00|1737.67|1742.26|1736.12|1741.22|12923
2021.04.07 10:00:00|1741.23|1741.92|1739.33|1740.93|13466
2021.04.07 11:00:00|1740.92|1741.11|1736.42|1737.92|11695
2021.04.07 12:00:00|1737.92|1738.31|1736.12|1737.7|8096
2021.04.07 13:00:00|1737.69|1739.19|1735.68|1738.21|10591
2021.04.07 14:00:00|1738.14|1738.25|1733.7|1734.44|13474
2021.04.07 15:00:00|1734.53|1738.87|1730.55|1737.84|23968
2021.04.07 16:00:00|1737.83|1740.05|1734.53|1739.87|24877
2021.04.07 17:00:00|1739.92|1742.04|1737.05|1741.13|24923
2021.04.07 18:00:00|1741.07|1743.1|1738.76|1741.32|19201
2021.04.07 19:00:00|1741.32|1741.55|1739.91|1740.41|10479
2021.04.07 20:00:00|1740.41|1741.93|1739.11|1740.23|8353
2021.04.07 21:00:00|1740.25|1742.47|1738.46|1739.11|11168
2021.04.07 22:00:00|1739.11|1739.52|1735.48|1737.33|9488
2021.04.07 23:00:00|1737.31|1738.07|1736.1|1737.32|2037
2021.04.08 01:00:00|1737.69|1738.21|1736.09|1736.6|2814
2021.04.08 02:00:00|1736.62|1737.41|1735.21|1736.8|3934
2021.04.08 03:00:00|1736.76|1737.24|1736.07|1736.2|5195
2021.04.08 04:00:00|1736.17|1737.65|1733.08|1736.23|12453
2021.04.08 05:00:00|1736.21|1736.86|1734.67|1736.75|6640
2021.04.08 06:00:00|1736.73|1739.76|1736.62|1738.59|4580
2021.04.08 07:00:00|1738.57|1740.17|1738.57|1739.84|2788
2021.04.08 08:00:00|1739.82|1745.31|1739.47|1743.03|12279
2021.04.08 09:00:00|1743.02|1744.73|1741.74|1743.22|13139
2021.04.08 10:00:00|1743.21|1747.59|1742.37|1745.15|12997
2021.04.08 11:00:00|1745.09|1745.7|1741.47|1743.12|11512
2021.04.08 12:00:00|1743.12|1744.18|1742.14|1743.21|9063
2021.04.08 13:00:00|1743.19|1747.47|1743.19|1745.78|8683
2021.04.08 14:00:00|1745.79|1751.22|1745.77|1749.55|12334
2021.04.08 15:00:00|1749.56|1750.17|1746.19|1747.38|19253
2021.04.08 16:00:00|1747.38|1757.49|1747.27|1753.74|32941
2021.04.08 17:00:00|1753.69|1758.62|1753.56|1756.29|26359
2021.04.08 18:00:00|1756.29|1756.96|1753.57|1755.65|15802
2021.04.08 19:00:00|1755.65|1757.56|1755.15|1756.94|10706
2021.04.08 20:00:00|1756.95|1757.45|1754.63|1754.77|8884
2021.04.08 21:00:00|1754.79|1755.39|1754.45|1754.89|6927
2021.04.08 22:00:00|1754.89|1755.92|1754.09|1755.82|5206
2021.04.08 23:00:00|1755.81|1757.59|1754.37|1754.37|3225
2021.04.09 01:00:00|1754.89|1755.92|1754.02|1754.81|2034
2021.04.09 02:00:00|1754.81|1755.67|1753.93|1754.08|2257
2021.04.09 03:00:00|1754.14|1755.16|1753.08|1755.11|5743
2021.04.09 04:00:00|1755.16|1757.27|1753.86|1756.55|11267
2021.04.09 05:00:00|1756.56|1756.56|1752.47|1752.6|12510
2021.04.09 06:00:00|1752.61|1753.31|1751.36|1753.1|7886
2021.04.09 07:00:00|1753.11|1753.54|1751.56|1752.09|3659
2021.04.09 08:00:00|1752.09|1752.56|1749.26|1750.39|9760
2021.04.09 09:00:00|1750.39|1750.71|1747.57|1748.77|13764
2021.04.09 10:00:00|1748.78|1748.81|1743.98|1747.41|17157
2021.04.09 11:00:00|1747.42|1747.51|1743.96|1745.41|14313
2021.04.09 12:00:00|1745.41|1747.44|1744.95|1745.86|8943
2021.04.09 13:00:00|1745.84|1746.81|1743.46|1745.51|10479
2021.04.09 14:00:00|1745.5|1748.85|1744.55|1744.71|9446
2021.04.09 15:00:00|1744.75|1745.03|1735.63|1738.17|22068
2021.04.09 16:00:00|1738.24|1741.77|1731.03|1739.66|30643
2021.04.09 17:00:00|1739.68|1746.77|1739.31|1744.97|25035
2021.04.09 18:00:00|1744.98|1745.97|1742.31|1744.71|13850
2021.04.09 19:00:00|1744.72|1746.3|1744.01|1744.9|8804
2021.04.09 20:00:00|1744.9|1745.62|1743.63|1743.65|7166
2021.04.09 21:00:00|1743.65|1743.84|1741.32|1743.07|8165
2021.04.09 22:00:00|1743.06|1743.73|1741.77|1742.94|7783
2021.04.09 23:00:00|1742.94|1744.19|1742.39|1743.53|2014
2021.04.12 01:00:00|1742.72|1744.08|1741.28|1741.53|2610
2021.04.12 02:00:00|1741.54|1742.52|1740.45|1741.55|3652
2021.04.12 03:00:00|1741.53|1742.6|1740.37|1741.65|4516
2021.04.12 04:00:00|1741.69|1743.38|1738.59|1739.28|14343
2021.04.12 05:00:00|1739.26|1739.58|1736.68|1739.29|9953
2021.04.12 06:00:00|1739.29|1740.13|1737.2|1738.56|5333
2021.04.12 07:00:00|1738.57|1738.97|1737.63|1738.42|3298
2021.04.12 08:00:00|1738.42|1738.59|1735.15|1738.37|7064
2021.04.12 09:00:00|1738.37|1742|1738.04|1740.82|10735
2021.04.12 10:00:00|1740.77|1742.06|1738.15|1739.06|11457
2021.04.12 11:00:00|1739.06|1739.65|1737.03|1737.82|7982
2021.04.12 12:00:00|1737.83|1743.27|1737.73|1741.27|8453
2021.04.12 13:00:00|1741.31|1742.25|1740.19|1740.56|6649
2021.04.12 14:00:00|1740.57|1744.1|1740.35|1742.31|9583
2021.04.12 15:00:00|1742.31|1744.93|1738.76|1738.78|12568
2021.04.12 16:00:00|1738.78|1740.22|1731.96|1733.38|24293
2021.04.12 17:00:00|1733.36|1736.49|1730.42|1733.94|21712
2021.04.12 18:00:00|1733.93|1736.07|1731.32|1732.1|11340
2021.04.12 19:00:00|1732.14|1733.27|1730.62|1732.91|11101
2021.04.12 20:00:00|1732.9|1733.88|1731.47|1731.65|8904
2021.04.12 21:00:00|1731.66|1732.31|1727.32|1730.28|12493
2021.04.12 22:00:00|1730.34|1732.5|1729.8|1732.46|7360
2021.04.12 23:00:00|1732.45|1732.9|1731.39|1731.39|2550
2021.04.13 01:00:00|1732.01|1733.58|1731.99|1732.55|2266
2021.04.13 02:00:00|1732.57|1733.14|1731.79|1731.89|2208
2021.04.13 03:00:00|1731.89|1732.01|1729.6|1730.48|6695
2021.04.13 04:00:00|1730.47|1733.8|1727.98|1733.16|14334
2021.04.13 05:00:00|1733.16|1736.33|1732.97|1735.77|8431
2021.04.13 06:00:00|1735.79|1735.94|1731.24|1731.7|4428
2021.04.13 07:00:00|1731.7|1732.14|1728.44|1729.82|5283
2021.04.13 08:00:00|1729.86|1730.69|1724.91|1727.64|9195
2021.04.13 09:00:00|1727.67|1727.75|1723.7|1724.3|12035
2021.04.13 10:00:00|1724.31|1728.37|1723.61|1727.54|10918
2021.04.13 11:00:00|1727.54|1728.8|1725.95|1728.15|8970
2021.04.13 12:00:00|1728.18|1730.12|1725.9|1726.32|7440
2021.04.13 13:00:00|1726.27|1727.45|1724.55|1725.89|7454
2021.04.13 14:00:00|1725.89|1730.2|1725.59|1729.04|18676
2021.04.13 15:00:00|1729.04|1742.15|1728.42|1736.31|30246
2021.04.13 16:00:00|1736.31|1748.85|1736.31|1748.03|35149
2021.04.13 17:00:00|1748.05|1748.65|1740.2|1742.99|24118
2021.04.13 18:00:00|1742.99|1744.17|1740.92|1743.73|14709
2021.04.13 19:00:00|1743.72|1745.21|1741.68|1742.51|10048
2021.04.13 20:00:00|1742.51|1747.52|1742.51|1744.94|15891
2021.04.13 21:00:00|1744.95|1746.58|1743.94|1745.19|9850
2021.04.13 22:00:00|1745.2|1746.01|1744.07|1744.84|8550
2021.04.13 23:00:00|1744.83|1745.85|1744.18|1744.18|3036
2021.04.14 01:00:00|1745.09|1746.4|1744.11|1745.08|4044
2021.04.14 02:00:00|1745.07|1746.83|1745.05|1746.55|2484
2021.04.14 03:00:00|1746.54|1747.22|1745.03|1746.89|6145
2021.04.14 04:00:00|1746.91|1749.3|1744.38|1745.68|12261
2021.04.14 05:00:00|1745.66|1746.49|1743.8|1745.01|8495
2021.04.14 06:00:00|1745|1745.15|1743.48|1743.88|4632
2021.04.14 07:00:00|1743.87|1744.34|1742.67|1742.78|3259
2021.04.14 08:00:00|1742.75|1744.16|1740.7|1743.8|7985
2021.04.14 09:00:00|1743.85|1748.22|1743.15|1747.1|12908
2021.04.14 10:00:00|1747.1|1748.65|1743.73|1744.66|14584
2021.04.14 11:00:00|1744.66|1748.04|1744.43|1745.6|9940
2021.04.14 12:00:00|1745.62|1746.58|1741.98|1743.15|9545
2021.04.14 13:00:00|1743.12|1744.75|1741.71|1742.26|7618
2021.04.14 14:00:00|1742.26|1745.21|1741.56|1744.67|9282
2021.04.14 15:00:00|1744.69|1747.02|1743.53|1744.24|15830
2021.04.14 16:00:00|1744.23|1744.69|1733.89|1736.32|32894
2021.04.14 17:00:00|1736.33|1740.36|1732.54|1737.08|23944
2021.04.14 18:00:00|1737.07|1737.87|1733.72|1736.41|16204
2021.04.14 19:00:00|1736.41|1737.82|1735.41|1736.39|11892
2021.04.14 20:00:00|1736.37|1736.65|1734.89|1735.5|10309
2021.04.14 21:00:00|1735.48|1736.71|1733.97|1736.22|9604
2021.04.14 22:00:00|1736.19|1737.56|1735.77|1736.93|9008
2021.04.14 23:00:00|1736.91|1736.95|1735.28|1735.28|2001
2021.04.15 01:00:00|1736.12|1736.73|1735.6|1735.94|2242
2021.04.15 02:00:00|1735.99|1736.6|1735.24|1736.56|1957
2021.04.15 03:00:00|1736.55|1739.52|1736.33|1738.6|5228
2021.04.15 04:00:00|1738.61|1740.43|1734.27|1735.14|16537
2021.04.15 05:00:00|1735.14|1738.8|1734.65|1738.24|10327
2021.04.15 06:00:00|1738.3|1739.72|1737.65|1738.41|6776
2021.04.15 07:00:00|1738.45|1740.1|1737.75|1739.7|4153
2021.04.15 08:00:00|1739.72|1742.98|1739.72|1741.57|7846
2021.04.15 09:00:00|1741.59|1745.92|1741.46|1745.78|11898
2021.04.15 10:00:00|1745.79|1747.83|1745.29|1745.55|10304
2021.04.15 11:00:00|1745.52|1747.84|1744.18|1747.83|9461
2021.04.15 12:00:00|1747.83|1749.07|1746.66|1747.24|8986
2021.04.15 13:00:00|1747.25|1747.51|1745.45|1746.58|6774
2021.04.15 14:00:00|1746.58|1747.48|1744.46|1744.67|8270
2021.04.15 15:00:00|1744.67|1752.19|1744.67|1746.73|27736
2021.04.15 16:00:00|1746.77|1756.61|1745.78|1754.45|34129
2021.04.15 17:00:00|1754.52|1766.73|1754.52|1764.72|34330
2021.04.15 18:00:00|1764.71|1769.58|1764.58|1766.49|17531
2021.04.15 19:00:00|1766.51|1769.2|1766.51|1767.39|10000
2021.04.15 20:00:00|1767.41|1768.04|1765.1|1766.33|11035
2021.04.15 21:00:00|1766.33|1768.02|1765.67|1766.93|8603
2021.04.15 22:00:00|1766.88|1767.06|1763.66|1764.84|9596
2021.04.15 23:00:00|1764.84|1764.96|1762.99|1763.7|4198
2021.04.16 01:00:00|1763.35|1764.77|1763.24|1763.61|2967
2021.04.16 02:00:00|1763.61|1764.36|1762.85|1763.86|2537
2021.04.16 03:00:00|1763.87|1766.02|1762.28|1762.61|7488
2021.04.16 04:00:00|1762.61|1763.94|1761.41|1762.03|13300
2021.04.16 05:00:00|1762.03|1762.33|1759.69|1761.33|8680
2021.04.16 06:00:00|1761.28|1763.29|1760.81|1763.12|5867
2021.04.16 07:00:00|1763.13|1764.92|1762.86|1764.81|4535
2021.04.16 08:00:00|1764.81|1766.17|1763.99|1765.99|7279
2021.04.16 09:00:00|1766.01|1766.1|1761.46|1762.5|14103
2021.04.16 10:00:00|1762.49|1765.73|1761.49|1764.1|12003
2021.04.16 11:00:00|1764.05|1767.13|1762.59|1765.94|11174
2021.04.16 12:00:00|1765.96|1771.24|1765.35|1771.02|10774
2021.04.16 13:00:00|1770.98|1778.76|1770.26|1778.18|14076
2021.04.16 14:00:00|1778.14|1779.22|1776.03|1778.53|12580
2021.04.16 15:00:00|1778.47|1783.76|1777.96|1780.7|24263
2021.04.16 16:00:00|1780.71|1782.27|1771.88|1772.48|37034
2021.04.16 17:00:00|1772.49|1780.69|1772.38|1779.28|25900
2021.04.16 18:00:00|1779.3|1779.97|1777.36|1778.8|14854
2021.04.16 19:00:00|1778.8|1779.99|1776.66|1779.89|10432
2021.04.16 20:00:00|1779.88|1780.25|1777.62|1778.07|7944
2021.04.16 21:00:00|1778.07|1778.53|1777.27|1778.05|6879
2021.04.16 22:00:00|1777.98|1778.86|1774.35|1775.87|7225
2021.04.16 23:00:00|1775.87|1777.21|1774.74|1776.18|2544
2021.04.19 01:00:00|1777.22|1777.88|1775.19|1775.26|2868
2021.04.19 02:00:00|1775.32|1778.08|1774.74|1776.7|3932
2021.04.19 03:00:00|1776.7|1783.51|1776.21|1782.04|9281
2021.04.19 04:00:00|1782.1|1783.11|1773.02|1775.07|21655
2021.04.19 05:00:00|1775.09|1779.03|1775.04|1778.98|10428
2021.04.19 06:00:00|1778.98|1779.49|1777.1|1777.22|6684
2021.04.19 07:00:00|1777.25|1778.14|1776.5|1777.83|3895
2021.04.19 08:00:00|1777.82|1779.59|1776.63|1777.66|7601
2021.04.19 09:00:00|1777.66|1781.32|1775.26|1779.91|15148
2021.04.19 10:00:00|1779.84|1787.14|1777.67|1786.93|19278
2021.04.19 11:00:00|1786.97|1788.52|1784.66|1786.97|17248
2021.04.19 12:00:00|1787|1789.79|1786.23|1788.41|10823
2021.04.19 13:00:00|1788.41|1789.95|1786.79|1787.42|9558
2021.04.19 14:00:00|1787.39|1787.98|1778.58|1782.05|16802
2021.04.19 15:00:00|1782.08|1782.18|1774.82|1776.02|23026
2021.04.19 16:00:00|1776.02|1776.81|1766.66|1773.59|38491
2021.04.19 17:00:00|1773.58|1775.87|1770.86|1775.78|27249
2021.04.19 18:00:00|1775.78|1776.7|1771.87|1772.15|16545
2021.04.19 19:00:00|1772.12|1772.8|1768.87|1771.37|10315
2021.04.19 20:00:00|1771.38|1771.95|1769.46|1771.43|9762
2021.04.19 21:00:00|1771.44|1771.72|1769.7|1771.47|8240
2021.04.19 22:00:00|1771.46|1771.46|1769.64|1770.84|6348
2021.04.19 23:00:00|1770.83|1771.32|1769.81|1771.01|2678
2021.04.20 01:00:00|1770.35|1771.41|1770.2|1771.27|2227
2021.04.20 02:00:00|1771.27|1772.48|1770.44|1772.06|2744
2021.04.20 03:00:00|1772.06|1772.63|1768.35|1768.6|6033
2021.04.20 04:00:00|1768.61|1772.09|1767.43|1770.33|14313
2021.04.20 05:00:00|1770.33|1770.39|1765.49|1768.62|10570
2021.04.20 06:00:00|1768.63|1775.6|1768.22|1773.15|11031
