2021.03.01 13:00:00|2.8|2.802|2.784|2.797|210
2021.03.01 14:00:00|2.797|2.801|2.767|2.768|474
2021.03.01 15:00:00|2.767|2.769|2.715|2.749|1177
2021.03.01 16:00:00|2.75|2.771|2.747|2.765|1077
2021.03.01 17:00:00|2.765|2.792|2.754|2.785|1046
2021.03.01 18:00:00|2.785|2.787|2.766|2.768|662
2021.03.01 19:00:00|2.769|2.779|2.762|2.772|404
2021.03.01 20:00:00|2.771|2.773|2.757|2.766|423
2021.03.01 21:00:00|2.766|2.796|2.766|2.785|866
2021.03.01 22:00:00|2.785|2.79|2.782|2.783|126
2021.03.01 23:00:00|2.782|2.796|2.782|2.791|124
2021.03.02 01:00:00|2.791|2.796|2.78|2.786|72
2021.03.02 02:00:00|2.786|2.787|2.783|2.786|75
2021.03.02 03:00:00|2.785|2.786|2.783|2.786|56
2021.03.02 04:00:00|2.787|2.788|2.782|2.785|88
2021.03.02 05:00:00|2.784|2.787|2.782|2.785|66
2021.03.02 06:00:00|2.786|2.786|2.775|2.775|62
2021.03.02 07:00:00|2.775|2.779|2.765|2.769|148
2021.03.02 08:00:00|2.768|2.791|2.767|2.783|187
2021.03.02 09:00:00|2.782|2.795|2.78|2.794|236
2021.03.02 10:00:00|2.793|2.795|2.786|2.789|145
2021.03.02 11:00:00|2.788|2.796|2.787|2.791|147
2021.03.02 12:00:00|2.792|2.803|2.787|2.799|106
2021.03.02 13:00:00|2.798|2.815|2.794|2.807|190
2021.03.02 14:00:00|2.807|2.824|2.794|2.811|486
2021.03.02 15:00:00|2.81|2.843|2.806|2.827|921
2021.03.02 16:00:00|2.828|2.838|2.805|2.814|1223
2021.03.02 17:00:00|2.813|2.864|2.808|2.858|1127
2021.03.02 18:00:00|2.859|2.863|2.841|2.857|633
2021.03.02 19:00:00|2.858|2.863|2.845|2.855|463
2021.03.02 20:00:00|2.854|2.854|2.825|2.832|485
2021.03.02 21:00:00|2.831|2.856|2.828|2.854|753
2021.03.02 22:00:00|2.855|2.864|2.852|2.854|208
2021.03.02 23:00:00|2.853|2.86|2.85|2.852|113
2021.03.03 01:00:00|2.852|2.861|2.849|2.854|87
2021.03.03 02:00:00|2.853|2.854|2.85|2.853|83
2021.03.03 03:00:00|2.853|2.854|2.849|2.854|61
2021.03.03 04:00:00|2.854|2.856|2.851|2.852|71
2021.03.03 05:00:00|2.85|2.852|2.847|2.848|73
2021.03.03 06:00:00|2.848|2.849|2.844|2.844|62
2021.03.03 07:00:00|2.844|2.866|2.835|2.856|336
2021.03.03 08:00:00|2.856|2.865|2.855|2.865|128
2021.03.03 09:00:00|2.865|2.883|2.863|2.878|138
2021.03.03 10:00:00|2.878|2.884|2.87|2.87|192
2021.03.03 11:00:00|2.87|2.874|2.863|2.863|128
2021.03.03 12:00:00|2.863|2.877|2.863|2.87|191
2021.03.03 13:00:00|2.869|2.886|2.863|2.868|292
2021.03.03 14:00:00|2.869|2.892|2.835|2.883|628
2021.03.03 15:00:00|2.882|2.89|2.839|2.849|1155
2021.03.03 16:00:00|2.849|2.866|2.843|2.857|1263
2021.03.03 17:00:00|2.858|2.865|2.841|2.85|834
2021.03.03 18:00:00|2.849|2.855|2.833|2.84|737
2021.03.03 19:00:00|2.84|2.845|2.83|2.842|507
2021.03.03 20:00:00|2.841|2.852|2.831|2.836|555
2021.03.03 21:00:00|2.837|2.841|2.815|2.819|793
2021.03.03 22:00:00|2.82|2.823|2.816|2.819|157
2021.03.03 23:00:00|2.818|2.825|2.818|2.825|79
2021.03.04 01:00:00|2.811|2.82|2.805|2.807|106
2021.03.04 02:00:00|2.807|2.815|2.807|2.81|55
2021.03.04 03:00:00|2.81|2.813|2.81|2.811|53
2021.03.04 04:00:00|2.81|2.812|2.81|2.81|52
2021.03.04 05:00:00|2.81|2.811|2.81|2.81|39
2021.03.04 06:00:00|2.81|2.81|2.81|2.81|36
2021.03.04 07:00:00|2.81|2.81|2.81|2.81|67
2021.03.04 08:00:00|2.81|2.81|2.778|2.803|200
2021.03.04 09:00:00|2.802|2.826|2.796|2.825|124
2021.03.04 10:00:00|2.826|2.833|2.821|2.828|181
2021.03.04 11:00:00|2.828|2.834|2.812|2.813|150
2021.03.04 12:00:00|2.812|2.819|2.806|2.816|193
2021.03.04 13:00:00|2.815|2.823|2.797|2.799|372
2021.03.04 14:00:00|2.798|2.807|2.788|2.806|419
2021.03.04 15:00:00|2.805|2.813|2.783|2.785|530
2021.03.04 16:00:00|2.786|2.792|2.768|2.778|830
2021.03.04 17:00:00|2.778|2.795|2.699|2.759|2132
2021.03.04 18:00:00|2.758|2.774|2.738|2.76|870
2021.03.04 19:00:00|2.761|2.77|2.737|2.742|591
2021.03.04 20:00:00|2.743|2.766|2.742|2.759|517
2021.03.04 21:00:00|2.758|2.764|2.745|2.756|774
2021.03.04 22:00:00|2.755|2.763|2.75|2.758|196
2021.03.04 23:00:00|2.759|2.761|2.74|2.74|76
2021.03.05 01:00:00|2.742|2.757|2.741|2.746|33
2021.03.05 02:00:00|2.747|2.747|2.724|2.738|198
2021.03.05 03:00:00|2.728|2.738|2.719|2.729|88
2021.03.05 04:00:00|2.728|2.732|2.714|2.728|57
2021.03.05 05:00:00|2.727|2.73|2.726|2.729|19
2021.03.05 06:00:00|2.728|2.732|2.722|2.723|57
2021.03.05 07:00:00|2.724|2.725|2.721|2.723|37
2021.03.05 08:00:00|2.724|2.737|2.724|2.732|71
2021.03.05 09:00:00|2.733|2.736|2.716|2.732|81
2021.03.05 10:00:00|2.731|2.733|2.724|2.727|77
2021.03.05 11:00:00|2.728|2.736|2.727|2.734|135
2021.03.05 12:00:00|2.735|2.749|2.731|2.741|124
2021.03.05 13:00:00|2.742|2.749|2.738|2.746|95
2021.03.05 14:00:00|2.747|2.764|2.694|2.755|392
2021.03.05 15:00:00|2.754|2.764|2.731|2.736|752
2021.03.05 16:00:00|2.737|2.766|2.737|2.753|993
2021.03.05 17:00:00|2.754|2.758|2.714|2.715|697
2021.03.05 18:00:00|2.714|2.718|2.705|2.708|735
2021.03.05 19:00:00|2.707|2.713|2.7|2.702|467
2021.03.05 20:00:00|2.701|2.71|2.695|2.71|488
2021.03.05 21:00:00|2.709|2.723|2.707|2.716|630
2021.03.05 22:00:00|2.717|2.718|2.713|2.716|138
2021.03.05 23:00:00|2.717|2.719|2.705|2.709|100
2021.03.08 01:00:00|2.699|2.721|2.699|2.715|104
2021.03.08 02:00:00|2.714|2.717|2.714|2.715|25
2021.03.08 03:00:00|2.716|2.721|2.713|2.718|35
2021.03.08 04:00:00|2.717|2.722|2.715|2.718|45
2021.03.08 05:00:00|2.719|2.72|2.717|2.719|51
2021.03.08 06:00:00|2.719|2.721|2.718|2.719|56
2021.03.08 07:00:00|2.719|2.735|2.718|2.732|125
2021.03.08 08:00:00|2.733|2.746|2.727|2.73|221
2021.03.08 09:00:00|2.73|2.739|2.728|2.733|195
2021.03.08 10:00:00|2.732|2.733|2.725|2.727|195
2021.03.08 11:00:00|2.727|2.729|2.721|2.726|107
2021.03.08 12:00:00|2.727|2.73|2.72|2.722|119
2021.03.08 13:00:00|2.723|2.725|2.71|2.715|194
2021.03.08 14:00:00|2.716|2.718|2.674|2.679|670
2021.03.08 15:00:00|2.679|2.682|2.653|2.66|878
2021.03.08 16:00:00|2.659|2.666|2.641|2.657|1050
2021.03.08 17:00:00|2.657|2.661|2.645|2.647|513
2021.03.08 18:00:00|2.648|2.664|2.648|2.658|393
2021.03.08 19:00:00|2.659|2.665|2.649|2.657|332
2021.03.08 20:00:00|2.657|2.678|2.655|2.661|563
2021.03.08 21:00:00|2.661|2.682|2.655|2.679|726
2021.03.08 22:00:00|2.68|2.683|2.671|2.677|183
2021.03.08 23:00:00|2.676|2.682|2.666|2.676|145
2021.03.09 01:00:00|2.675|2.682|2.672|2.677|81
2021.03.09 02:00:00|2.677|2.68|2.665|2.671|116
2021.03.09 03:00:00|2.671|2.676|2.664|2.669|119
2021.03.09 04:00:00|2.67|2.671|2.668|2.669|54
2021.03.09 05:00:00|2.669|2.669|2.665|2.666|46
2021.03.09 06:00:00|2.666|2.667|2.661|2.663|38
2021.03.09 07:00:00|2.662|2.664|2.659|2.66|59
2021.03.09 08:00:00|2.66|2.663|2.652|2.66|144
2021.03.09 09:00:00|2.66|2.664|2.65|2.663|146
2021.03.09 10:00:00|2.664|2.675|2.66|2.673|169
2021.03.09 11:00:00|2.673|2.679|2.67|2.675|162
2021.03.09 12:00:00|2.676|2.683|2.669|2.68|160
2021.03.09 13:00:00|2.68|2.684|2.654|2.655|245
2021.03.09 14:00:00|2.656|2.674|2.655|2.662|445
2021.03.09 15:00:00|2.662|2.67|2.641|2.649|596
2021.03.09 16:00:00|2.649|2.67|2.644|2.658|894
2021.03.09 17:00:00|2.657|2.671|2.651|2.67|637
2021.03.09 18:00:00|2.67|2.678|2.666|2.669|453
2021.03.09 19:00:00|2.668|2.672|2.66|2.668|308
2021.03.09 20:00:00|2.669|2.687|2.665|2.684|370
2021.03.09 21:00:00|2.684|2.705|2.666|2.672|997
2021.03.09 22:00:00|2.672|2.688|2.665|2.683|172
2021.03.09 23:00:00|2.684|2.687|2.652|2.652|146
2021.03.10 01:00:00|2.67|2.676|2.664|2.667|71
2021.03.10 02:00:00|2.666|2.669|2.666|2.668|42
2021.03.10 03:00:00|2.668|2.672|2.661|2.663|58
2021.03.10 04:00:00|2.663|2.663|2.661|2.662|28
2021.03.10 05:00:00|2.661|2.664|2.659|2.659|38
2021.03.10 06:00:00|2.66|2.662|2.654|2.656|73
2021.03.10 07:00:00|2.655|2.658|2.653|2.654|59
2021.03.10 08:00:00|2.654|2.66|2.649|2.66|109
2021.03.10 09:00:00|2.66|2.66|2.638|2.638|166
2021.03.10 10:00:00|2.638|2.653|2.638|2.652|168
2021.03.10 11:00:00|2.651|2.658|2.646|2.652|146
2021.03.10 12:00:00|2.651|2.668|2.645|2.664|173
2021.03.10 13:00:00|2.665|2.68|2.658|2.667|337
2021.03.10 14:00:00|2.667|2.667|2.647|2.648|316
2021.03.10 15:00:00|2.647|2.662|2.64|2.653|593
2021.03.10 16:00:00|2.653|2.66|2.638|2.653|963
2021.03.10 17:00:00|2.652|2.688|2.652|2.675|1049
2021.03.10 18:00:00|2.676|2.698|2.673|2.693|682
2021.03.10 19:00:00|2.693|2.701|2.688|2.7|482
2021.03.10 20:00:00|2.699|2.718|2.694|2.713|675
2021.03.10 21:00:00|2.714|2.725|2.702|2.708|713
2021.03.10 22:00:00|2.707|2.712|2.703|2.703|116
2021.03.10 23:00:00|2.704|2.71|2.701|2.702|74
2021.03.11 01:00:00|2.709|2.715|2.701|2.702|69
2021.03.11 02:00:00|2.702|2.704|2.699|2.702|54
2021.03.11 03:00:00|2.703|2.705|2.698|2.7|59
2021.03.11 04:00:00|2.701|2.706|2.7|2.702|43
2021.03.11 05:00:00|2.702|2.705|2.702|2.704|54
2021.03.11 06:00:00|2.703|2.703|2.7|2.702|40
2021.03.11 07:00:00|2.702|2.706|2.701|2.705|80
2021.03.11 08:00:00|2.705|2.709|2.703|2.705|72
2021.03.11 09:00:00|2.704|2.713|2.698|2.713|117
2021.03.11 10:00:00|2.712|2.718|2.71|2.716|63
2021.03.11 11:00:00|2.715|2.721|2.711|2.719|53
2021.03.11 12:00:00|2.718|2.722|2.714|2.715|64
2021.03.11 13:00:00|2.714|2.723|2.714|2.722|51
2021.03.11 14:00:00|2.721|2.734|2.699|2.71|412
2021.03.11 15:00:00|2.709|2.71|2.674|2.694|849
2021.03.11 16:00:00|2.695|2.703|2.686|2.695|801
2021.03.11 17:00:00|2.695|2.719|2.651|2.711|1657
2021.03.11 18:00:00|2.712|2.713|2.687|2.689|866
2021.03.11 19:00:00|2.688|2.693|2.677|2.678|532
2021.03.11 20:00:00|2.679|2.688|2.674|2.686|444
2021.03.11 21:00:00|2.686|2.691|2.68|2.683|673
2021.03.11 22:00:00|2.684|2.688|2.682|2.687|157
2021.03.11 23:00:00|2.687|2.692|2.683|2.691|118
2021.03.12 01:00:00|2.69|2.694|2.689|2.692|54
2021.03.12 02:00:00|2.691|2.694|2.691|2.693|29
2021.03.12 03:00:00|2.694|2.696|2.693|2.696|45
2021.03.12 04:00:00|2.696|2.696|2.693|2.693|37
2021.03.12 05:00:00|2.692|2.693|2.69|2.691|30
2021.03.12 06:00:00|2.692|2.692|2.689|2.691|39
2021.03.12 07:00:00|2.691|2.695|2.691|2.694|78
2021.03.12 08:00:00|2.694|2.703|2.694|2.702|96
2021.03.12 09:00:00|2.702|2.705|2.672|2.677|267
2021.03.12 10:00:00|2.678|2.68|2.659|2.671|260
2021.03.12 11:00:00|2.67|2.672|2.663|2.667|167
2021.03.12 12:00:00|2.667|2.673|2.665|2.671|193
2021.03.12 13:00:00|2.671|2.683|2.669|2.682|306
2021.03.12 14:00:00|2.682|2.711|2.663|2.694|632
2021.03.12 15:00:00|2.693|2.695|2.671|2.68|481
2021.03.12 16:00:00|2.679|2.688|2.672|2.681|622
2021.03.12 17:00:00|2.68|2.693|2.67|2.687|528
2021.03.12 18:00:00|2.686|2.691|2.674|2.677|354
2021.03.12 19:00:00|2.677|2.684|2.658|2.658|390
2021.03.12 20:00:00|2.658|2.658|2.621|2.634|1253
2021.03.12 21:00:00|2.635|2.637|2.605|2.611|729
2021.03.12 22:00:00|2.611|2.616|2.606|2.613|177
2021.03.12 23:00:00|2.612|2.617|2.609|2.614|145
2021.03.15 00:00:00|2.578|2.585|2.564|2.58|203
2021.03.15 01:00:00|2.581|2.585|2.574|2.577|58
2021.03.15 02:00:00|2.578|2.58|2.573|2.574|73
2021.03.15 03:00:00|2.573|2.576|2.566|2.576|108
2021.03.15 04:00:00|2.576|2.581|2.574|2.58|77
2021.03.15 05:00:00|2.579|2.584|2.578|2.584|37
2021.03.15 06:00:00|2.583|2.584|2.575|2.576|67
2021.03.15 07:00:00|2.576|2.576|2.567|2.567|111
2021.03.15 08:00:00|2.567|2.57|2.556|2.556|88
2021.03.15 09:00:00|2.556|2.564|2.553|2.562|163
2021.03.15 10:00:00|2.561|2.574|2.558|2.563|286
2021.03.15 11:00:00|2.562|2.572|2.561|2.569|183
2021.03.15 12:00:00|2.568|2.574|2.562|2.566|226
2021.03.15 13:00:00|2.565|2.57|2.555|2.559|343
2021.03.15 14:00:00|2.56|2.565|2.55|2.564|465
2021.03.15 15:00:00|2.565|2.573|2.545|2.545|656
2021.03.15 16:00:00|2.545|2.546|2.524|2.525|589
2021.03.15 17:00:00|2.526|2.538|2.513|2.523|629
2021.03.15 18:00:00|2.523|2.53|2.518|2.529|418
2021.03.15 19:00:00|2.53|2.534|2.515|2.517|554
2021.03.15 20:00:00|2.516|2.521|2.503|2.51|779
2021.03.15 21:00:00|2.51|2.526|2.509|2.523|335
2021.03.15 22:00:00|2.522|2.525|2.516|2.516|98
2021.03.16 00:00:00|2.52|2.525|2.513|2.515|65
2021.03.16 01:00:00|2.515|2.521|2.513|2.515|49
2021.03.16 02:00:00|2.515|2.521|2.514|2.516|49
2021.03.16 03:00:00|2.515|2.516|2.514|2.515|27
2021.03.16 04:00:00|2.514|2.514|2.511|2.513|35
2021.03.16 05:00:00|2.512|2.515|2.512|2.514|25
2021.03.16 06:00:00|2.514|2.519|2.512|2.519|36
2021.03.16 07:00:00|2.518|2.522|2.516|2.516|86
2021.03.16 08:00:00|2.516|2.523|2.515|2.521|70
2021.03.16 09:00:00|2.521|2.522|2.508|2.514|98
2021.03.16 10:00:00|2.514|2.515|2.508|2.513|117
2021.03.16 11:00:00|2.514|2.516|2.51|2.514|107
2021.03.16 12:00:00|2.513|2.532|2.513|2.532|152
2021.03.16 13:00:00|2.531|2.534|2.517|2.532|286
2021.03.16 14:00:00|2.531|2.532|2.517|2.529|398
2021.03.16 15:00:00|2.528|2.553|2.52|2.549|667
2021.03.16 16:00:00|2.55|2.553|2.532|2.551|572
2021.03.16 17:00:00|2.55|2.561|2.548|2.56|410
2021.03.16 18:00:00|2.559|2.561|2.552|2.556|305
2021.03.16 19:00:00|2.556|2.569|2.552|2.568|445
2021.03.16 20:00:00|2.567|2.588|2.563|2.582|610
2021.03.16 21:00:00|2.581|2.583|2.574|2.579|252
2021.03.16 22:00:00|2.578|2.586|2.571|2.571|101
2021.03.17 00:00:00|2.583|2.589|2.58|2.587|35
2021.03.17 01:00:00|2.582|2.589|2.581|2.584|28
2021.03.17 02:00:00|2.585|2.585|2.582|2.582|42
2021.03.17 03:00:00|2.582|2.582|2.579|2.582|42
2021.03.17 04:00:00|2.581|2.584|2.581|2.583|24
2021.03.17 05:00:00|2.582|2.583|2.579|2.579|23
2021.03.17 06:00:00|2.579|2.583|2.578|2.582|33
2021.03.17 07:00:00|2.582|2.582|2.57|2.573|95
2021.03.17 08:00:00|2.573|2.575|2.565|2.569|73
2021.03.17 09:00:00|2.569|2.575|2.566|2.572|69
2021.03.17 10:00:00|2.572|2.578|2.57|2.575|95
2021.03.17 11:00:00|2.576|2.582|2.576|2.578|97
2021.03.17 12:00:00|2.579|2.586|2.577|2.577|135
2021.03.17 13:00:00|2.576|2.577|2.553|2.562|272
2021.03.17 14:00:00|2.563|2.568|2.554|2.558|325
2021.03.17 15:00:00|2.557|2.574|2.55|2.559|580
2021.03.17 16:00:00|2.56|2.568|2.535|2.543|555
2021.03.17 17:00:00|2.542|2.547|2.533|2.541|393
2021.03.17 18:00:00|2.541|2.542|2.516|2.533|645
2021.03.17 19:00:00|2.533|2.566|2.532|2.553|686
2021.03.17 20:00:00|2.552|2.558|2.541|2.541|582
2021.03.17 21:00:00|2.542|2.544|2.538|2.543|152
2021.03.17 22:00:00|2.542|2.545|2.519|2.537|69
2021.03.18 00:00:00|2.538|2.545|2.537|2.537|36
2021.03.18 01:00:00|2.538|2.543|2.536|2.536|27
2021.03.18 02:00:00|2.535|2.538|2.532|2.532|51
2021.03.18 03:00:00|2.533|2.533|2.525|2.532|57
2021.03.18 04:00:00|2.531|2.532|2.526|2.529|47
2021.03.18 05:00:00|2.529|2.531|2.527|2.529|43
2021.03.18 06:00:00|2.529|2.531|2.528|2.529|30
2021.03.18 07:00:00|2.53|2.53|2.528|2.528|38
2021.03.18 08:00:00|2.529|2.534|2.528|2.532|69
2021.03.18 09:00:00|2.533|2.538|2.528|2.537|78
2021.03.18 10:00:00|2.537|2.541|2.535|2.535|72
2021.03.18 11:00:00|2.535|2.537|2.53|2.536|78
2021.03.18 12:00:00|2.537|2.54|2.534|2.534|56
2021.03.18 13:00:00|2.535|2.535|2.524|2.53|132
2021.03.18 14:00:00|2.529|2.53|2.502|2.503|272
2021.03.18 15:00:00|2.502|2.502|2.451|2.462|1423
2021.03.18 16:00:00|2.461|2.515|2.453|2.509|1360
2021.03.18 17:00:00|2.51|2.545|2.503|2.532|1045
2021.03.18 18:00:00|2.533|2.539|2.513|2.516|562
2021.03.18 19:00:00|2.515|2.519|2.51|2.511|409
2021.03.18 20:00:00|2.511|2.513|2.498|2.506|727
2021.03.18 21:00:00|2.505|2.511|2.496|2.508|367
2021.03.18 22:00:00|2.509|2.513|2.503|2.51|110
2021.03.19 00:00:00|2.508|2.517|2.506|2.506|51
2021.03.19 01:00:00|2.506|2.514|2.505|2.509|50
2021.03.19 02:00:00|2.508|2.512|2.508|2.51|61
2021.03.19 03:00:00|2.511|2.511|2.509|2.511|18
2021.03.19 04:00:00|2.511|2.512|2.508|2.508|28
2021.03.19 05:00:00|2.508|2.511|2.508|2.511|26
2021.03.19 06:00:00|2.51|2.512|2.509|2.511|25
2021.03.19 07:00:00|2.512|2.52|2.511|2.52|58
2021.03.19 08:00:00|2.52|2.524|2.508|2.51|174
2021.03.19 09:00:00|2.509|2.534|2.509|2.531|194
2021.03.19 10:00:00|2.532|2.538|2.525|2.53|175
2021.03.19 11:00:00|2.531|2.536|2.529|2.531|151
2021.03.19 12:00:00|2.53|2.533|2.516|2.517|154
2021.03.19 13:00:00|2.516|2.521|2.5|2.504|335
2021.03.19 14:00:00|2.505|2.532|2.496|2.503|592
2021.03.19 15:00:00|2.502|2.511|2.483|2.507|961
2021.03.19 16:00:00|2.506|2.531|2.506|2.525|577
2021.03.19 17:00:00|2.526|2.537|2.52|2.532|488
2021.03.19 18:00:00|2.533|2.551|2.527|2.549|403
2021.03.19 19:00:00|2.549|2.559|2.543|2.555|426
2021.03.19 20:00:00|2.554|2.567|2.546|2.556|599
2021.03.19 21:00:00|2.555|2.567|2.555|2.566|211
2021.03.19 22:00:00|2.565|2.576|2.564|2.568|109
2021.03.22 00:00:00|2.522|2.555|2.521|2.544|203
2021.03.22 01:00:00|2.546|2.553|2.538|2.538|67
2021.03.22 02:00:00|2.537|2.537|2.528|2.529|85
2021.03.22 03:00:00|2.53|2.536|2.526|2.529|75
2021.03.22 04:00:00|2.53|2.533|2.524|2.525|52
2021.03.22 05:00:00|2.524|2.524|2.518|2.52|105
2021.03.22 06:00:00|2.519|2.523|2.519|2.52|57
2021.03.22 07:00:00|2.52|2.523|2.514|2.516|82
2021.03.22 08:00:00|2.515|2.521|2.513|2.521|119
2021.03.22 09:00:00|2.521|2.539|2.521|2.537|97
2021.03.22 10:00:00|2.536|2.542|2.531|2.537|105
2021.03.22 11:00:00|2.538|2.55|2.532|2.533|83
2021.03.22 12:00:00|2.534|2.541|2.532|2.533|138
2021.03.22 13:00:00|2.534|2.543|2.515|2.519|422
2021.03.22 14:00:00|2.518|2.548|2.511|2.547|471
2021.03.22 15:00:00|2.548|2.584|2.547|2.575|976
2021.03.22 16:00:00|2.576|2.593|2.567|2.571|644
2021.03.22 17:00:00|2.571|2.581|2.556|2.576|493
2021.03.22 18:00:00|2.577|2.593|2.577|2.585|508
2021.03.22 19:00:00|2.586|2.607|2.583|2.595|478
2021.03.22 20:00:00|2.595|2.622|2.594|2.617|640
2021.03.22 21:00:00|2.618|2.619|2.601|2.603|211
2021.03.22 22:00:00|2.602|2.608|2.59|2.605|79
2021.03.23 00:00:00|2.606|2.612|2.602|2.61|51
2021.03.23 01:00:00|2.604|2.614|2.604|2.608|43
2021.03.23 02:00:00|2.608|2.608|2.602|2.604|59
2021.03.23 03:00:00|2.604|2.607|2.6|2.601|44
2021.03.23 04:00:00|2.601|2.604|2.6|2.603|57
2021.03.23 05:00:00|2.603|2.604|2.599|2.6|30
2021.03.23 06:00:00|2.601|2.601|2.595|2.596|32
2021.03.23 07:00:00|2.597|2.598|2.584|2.587|134
2021.03.23 08:00:00|2.587|2.591|2.582|2.585|116
2021.03.23 09:00:00|2.586|2.591|2.581|2.59|123
2021.03.23 10:00:00|2.591|2.592|2.58|2.589|127
2021.03.23 11:00:00|2.59|2.597|2.581|2.586|248
2021.03.23 12:00:00|2.587|2.594|2.584|2.584|173
2021.03.23 13:00:00|2.584|2.609|2.58|2.599|283
2021.03.23 14:00:00|2.599|2.604|2.579|2.587|595
2021.03.23 15:00:00|2.586|2.604|2.567|2.594|1200
2021.03.23 16:00:00|2.593|2.601|2.578|2.586|771
2021.03.23 17:00:00|2.585|2.589|2.568|2.574|328
2021.03.23 18:00:00|2.575|2.578|2.567|2.568|305
2021.03.23 19:00:00|2.567|2.576|2.555|2.56|446
2021.03.23 20:00:00|2.56|2.561|2.548|2.551|648
2021.03.23 21:00:00|2.551|2.556|2.548|2.554|258
2021.03.23 22:00:00|2.553|2.555|2.547|2.555|70
2021.03.24 00:00:00|2.556|2.561|2.552|2.558|64
2021.03.24 01:00:00|2.552|2.558|2.551|2.554|36
2021.03.24 02:00:00|2.554|2.557|2.552|2.554|77
2021.03.24 03:00:00|2.554|2.555|2.553|2.553|26
2021.03.24 04:00:00|2.553|2.553|2.551|2.551|30
2021.03.24 05:00:00|2.552|2.552|2.549|2.55|44
2021.03.24 06:00:00|2.549|2.552|2.549|2.549|33
2021.03.24 07:00:00|2.55|2.555|2.548|2.553|78
2021.03.24 08:00:00|2.553|2.559|2.55|2.559|75
2021.03.24 09:00:00|2.559|2.567|2.555|2.566|111
2021.03.24 10:00:00|2.566|2.572|2.563|2.564|126
2021.03.24 11:00:00|2.565|2.575|2.563|2.574|134
2021.03.24 12:00:00|2.573|2.573|2.555|2.571|209
2021.03.24 13:00:00|2.57|2.571|2.543|2.559|357
2021.03.24 14:00:00|2.558|2.586|2.543|2.58|658
2021.03.24 15:00:00|2.579|2.593|2.572|2.585|1202
2021.03.24 16:00:00|2.584|2.593|2.579|2.579|581
2021.03.24 17:00:00|2.578|2.582|2.568|2.572|325
2021.03.24 18:00:00|2.573|2.582|2.565|2.578|299
2021.03.24 19:00:00|2.578|2.58|2.564|2.572|399
2021.03.24 20:00:00|2.571|2.58|2.566|2.568|411
2021.03.24 21:00:00|2.567|2.568|2.561|2.561|120
2021.03.24 22:00:00|2.562|2.567|2.556|2.563|95
2021.03.25 00:00:00|2.561|2.566|2.536|2.54|146
2021.03.25 01:00:00|2.54|2.548|2.537|2.543|70
2021.03.25 02:00:00|2.544|2.545|2.537|2.54|25
2021.03.25 03:00:00|2.539|2.54|2.536|2.539|27
2021.03.25 04:00:00|2.538|2.546|2.537|2.545|27
2021.03.25 05:00:00|2.544|2.553|2.543|2.553|90
2021.03.25 06:00:00|2.552|2.553|2.547|2.552|77
2021.03.25 07:00:00|2.553|2.558|2.551|2.554|89
2021.03.25 08:00:00|2.554|2.562|2.553|2.562|99
2021.03.25 09:00:00|2.558|2.574|2.558|2.57|174
2021.03.25 10:00:00|2.569|2.572|2.564|2.569|137
2021.03.25 11:00:00|2.569|2.57|2.569|2.569|84
2021.03.25 12:00:00|2.569|2.574|2.569|2.569|122
2021.03.25 13:00:00|2.569|2.569|2.543|2.546|340
2021.03.25 14:00:00|2.545|2.559|2.532|2.548|538
2021.03.25 15:00:00|2.547|2.592|2.53|2.569|1231
2021.03.25 16:00:00|2.569|2.629|2.552|2.61|1473
2021.03.25 17:00:00|2.611|2.621|2.605|2.61|538
2021.03.25 18:00:00|2.611|2.617|2.602|2.61|221
2021.03.25 19:00:00|2.61|2.62|2.605|2.61|288
2021.03.25 20:00:00|2.61|2.621|2.606|2.618|406
2021.03.25 21:00:00|2.618|2.621|2.617|2.62|68
2021.03.25 22:00:00|2.62|2.628|2.62|2.628|38
2021.03.26 00:00:00|2.619|2.625|2.616|2.625|72
2021.03.26 01:00:00|2.62|2.627|2.618|2.621|34
2021.03.26 02:00:00|2.62|2.623|2.619|2.622|50
2021.03.26 03:00:00|2.623|2.623|2.619|2.62|36
2021.03.26 04:00:00|2.619|2.62|2.617|2.617|28
2021.03.26 05:00:00|2.618|2.62|2.617|2.618|40
2021.03.26 06:00:00|2.618|2.621|2.615|2.621|59
2021.03.26 07:00:00|2.62|2.623|2.619|2.623|34
2021.03.26 08:00:00|2.623|2.633|2.622|2.633|47
2021.03.26 09:00:00|2.629|2.644|2.625|2.643|109
2021.03.26 10:00:00|2.643|2.643|2.634|2.639|133
2021.03.26 11:00:00|2.638|2.643|2.626|2.631|87
2021.03.26 12:00:00|2.63|2.632|2.623|2.625|96
2021.03.26 13:00:00|2.624|2.627|2.609|2.614|189
2021.03.26 14:00:00|2.613|2.627|2.611|2.625|394
2021.03.26 15:00:00|2.626|2.642|2.617|2.624|902
2021.03.26 16:00:00|2.625|2.634|2.617|2.624|655
2021.03.26 17:00:00|2.623|2.628|2.613|2.624|359
2021.03.26 18:00:00|2.625|2.633|2.613|2.624|334
2021.03.26 19:00:00|2.623|2.642|2.623|2.63|517
2021.03.26 20:00:00|2.629|2.631|2.616|2.627|452
2021.03.26 21:00:00|2.627|2.628|2.624|2.626|128
2021.03.26 22:00:00|2.627|2.632|2.624|2.626|107
2021.03.29 01:00:00|2.633|2.652|2.628|2.646|178
2021.03.29 02:00:00|2.645|2.651|2.641|2.645|63
2021.03.29 03:00:00|2.645|2.645|2.639|2.641|96
2021.03.29 04:00:00|2.641|2.647|2.64|2.644|44
2021.03.29 05:00:00|2.644|2.644|2.641|2.643|40
2021.03.29 06:00:00|2.642|2.642|2.635|2.639|68
2021.03.29 07:00:00|2.638|2.64|2.638|2.639|32
2021.03.29 08:00:00|2.638|2.639|2.629|2.629|73
2021.03.29 09:00:00|2.63|2.64|2.629|2.634|108
2021.03.29 10:00:00|2.635|2.646|2.619|2.623|178
2021.03.29 11:00:00|2.624|2.627|2.618|2.621|134
2021.03.29 12:00:00|2.622|2.625|2.605|2.612|189
2021.03.29 13:00:00|2.611|2.629|2.611|2.623|138
2021.03.29 14:00:00|2.622|2.644|2.62|2.643|272
2021.03.29 15:00:00|2.642|2.657|2.635|2.653|495
2021.03.29 16:00:00|2.652|2.652|2.605|2.606|1262
2021.03.29 17:00:00|2.606|2.61|2.593|2.602|848
2021.03.29 18:00:00|2.601|2.623|2.599|2.621|439
2021.03.29 19:00:00|2.622|2.646|2.62|2.64|456
2021.03.29 20:00:00|2.641|2.657|2.64|2.65|542
2021.03.29 21:00:00|2.651|2.663|2.646|2.65|769
2021.03.29 22:00:00|2.65|2.661|2.645|2.646|165
2021.03.29 23:00:00|2.645|2.652|2.643|2.65|85
2021.03.30 01:00:00|2.65|2.658|2.649|2.652|47
2021.03.30 02:00:00|2.652|2.658|2.65|2.653|40
2021.03.30 03:00:00|2.652|2.654|2.651|2.653|45
2021.03.30 04:00:00|2.653|2.653|2.651|2.653|28
2021.03.30 05:00:00|2.652|2.655|2.652|2.653|38
2021.03.30 06:00:00|2.653|2.655|2.653|2.655|21
2021.03.30 07:00:00|2.655|2.656|2.655|2.656|27
2021.03.30 08:00:00|2.656|2.66|2.656|2.659|41
2021.03.30 09:00:00|2.659|2.661|2.653|2.66|80
2021.03.30 10:00:00|2.659|2.678|2.653|2.673|126
2021.03.30 11:00:00|2.674|2.685|2.672|2.684|228
2021.03.30 12:00:00|2.685|2.695|2.683|2.693|213
2021.03.30 13:00:00|2.694|2.696|2.681|2.684|135
2021.03.30 14:00:00|2.683|2.688|2.672|2.676|480
2021.03.30 15:00:00|2.677|2.692|2.645|2.646|566
2021.03.30 16:00:00|2.645|2.651|2.631|2.643|1019
2021.03.30 17:00:00|2.642|2.657|2.634|2.64|486
2021.03.30 18:00:00|2.639|2.643|2.629|2.633|263
2021.03.30 19:00:00|2.632|2.64|2.609|2.621|506
2021.03.30 20:00:00|2.622|2.632|2.617|2.628|394
2021.03.30 21:00:00|2.629|2.639|2.626|2.629|490
2021.03.30 22:00:00|2.628|2.634|2.628|2.634|92
2021.03.30 23:00:00|2.633|2.635|2.617|2.633|83
2021.03.31 01:00:00|2.63|2.638|2.63|2.636|40
2021.03.31 02:00:00|2.635|2.636|2.629|2.631|31
2021.03.31 03:00:00|2.632|2.637|2.63|2.635|50
2021.03.31 04:00:00|2.636|2.636|2.633|2.635|19
2021.03.31 05:00:00|2.635|2.636|2.634|2.636|26
2021.03.31 06:00:00|2.635|2.64|2.635|2.638|31
2021.03.31 07:00:00|2.639|2.639|2.636|2.636|23
2021.03.31 08:00:00|2.636|2.643|2.635|2.643|25
2021.03.31 09:00:00|2.639|2.642|2.632|2.641|70
2021.03.31 10:00:00|2.64|2.642|2.635|2.638|113
2021.03.31 11:00:00|2.639|2.641|2.636|2.64|87
2021.03.31 12:00:00|2.641|2.652|2.64|2.652|79
2021.03.31 13:00:00|2.651|2.652|2.643|2.651|106
2021.03.31 14:00:00|2.65|2.667|2.649|2.664|356
2021.03.31 15:00:00|2.664|2.668|2.641|2.649|502
2021.03.31 16:00:00|2.649|2.655|2.59|2.6|1382
2021.03.31 17:00:00|2.599|2.635|2.596|2.628|911
2021.03.31 18:00:00|2.628|2.635|2.616|2.626|507
2021.03.31 19:00:00|2.626|2.631|2.624|2.629|303
2021.03.31 20:00:00|2.629|2.633|2.618|2.623|223
2021.03.31 21:00:00|2.622|2.627|2.617|2.622|296
2021.03.31 22:00:00|2.621|2.621|2.614|2.614|101
2021.03.31 23:00:00|2.615|2.625|2.613|2.621|89
2021.04.01 01:00:00|2.614|2.623|2.611|2.62|25
2021.04.01 02:00:00|2.613|2.622|2.611|2.614|17
2021.04.01 03:00:00|2.614|2.616|2.613|2.616|17
2021.04.01 04:00:00|2.616|2.616|2.613|2.614|18
2021.04.01 05:00:00|2.613|2.614|2.612|2.613|16
2021.04.01 06:00:00|2.614|2.614|2.613|2.614|10
2021.04.01 07:00:00|2.615|2.615|2.607|2.608|33
2021.04.01 08:00:00|2.607|2.612|2.607|2.612|39
2021.04.01 09:00:00|2.608|2.613|2.595|2.613|131
2021.04.01 10:00:00|2.614|2.625|2.609|2.621|171
2021.04.01 11:00:00|2.621|2.625|2.617|2.622|143
2021.04.01 12:00:00|2.622|2.629|2.619|2.625|147
2021.04.01 13:00:00|2.625|2.626|2.611|2.62|199
2021.04.01 14:00:00|2.621|2.626|2.608|2.623|404
2021.04.01 15:00:00|2.622|2.624|2.596|2.61|721
2021.04.01 16:00:00|2.611|2.654|2.61|2.647|1458
2021.04.01 17:00:00|2.646|2.677|2.62|2.654|1622
2021.04.01 18:00:00|2.653|2.667|2.647|2.65|582
2021.04.01 19:00:00|2.65|2.667|2.645|2.661|318
2021.04.01 20:00:00|2.661|2.668|2.657|2.661|331
2021.04.01 21:00:00|2.662|2.665|2.65|2.66|404
2021.04.01 22:00:00|2.659|2.659|2.641|2.645|200
2021.04.01 23:00:00|2.646|2.663|2.638|2.644|132
2021.04.05 01:00:00|2.611|2.634|2.611|2.631|110
2021.04.05 02:00:00|2.626|2.63|2.622|2.625|31
2021.04.05 03:00:00|2.626|2.627|2.622|2.624|68
2021.04.05 04:00:00|2.624|2.625|2.622|2.623|39
2021.04.05 05:00:00|2.622|2.623|2.619|2.62|49
2021.04.05 06:00:00|2.62|2.625|2.618|2.624|58
2021.04.05 07:00:00|2.623|2.623|2.611|2.615|111
2021.04.05 08:00:00|2.614|2.618|2.608|2.609|112
2021.04.05 09:00:00|2.608|2.616|2.608|2.611|118
2021.04.05 10:00:00|2.61|2.611|2.601|2.602|124
2021.04.05 11:00:00|2.601|2.601|2.587|2.588|115
2021.04.05 12:00:00|2.588|2.596|2.587|2.595|91
2021.04.05 13:00:00|2.594|2.597|2.584|2.585|122
2021.04.05 14:00:00|2.585|2.589|2.578|2.58|298
2021.04.05 15:00:00|2.581|2.59|2.575|2.578|624
2021.04.05 16:00:00|2.578|2.6|2.562|2.563|1186
2021.04.05 17:00:00|2.562|2.571|2.522|2.525|1160
2021.04.05 18:00:00|2.524|2.529|2.512|2.514|736
2021.04.05 19:00:00|2.515|2.531|2.514|2.519|417
2021.04.05 20:00:00|2.518|2.529|2.517|2.525|251
2021.04.05 21:00:00|2.524|2.541|2.524|2.537|573
2021.04.05 22:00:00|2.537|2.539|2.534|2.536|143
2021.04.05 23:00:00|2.537|2.545|2.535|2.538|98
2021.04.06 01:00:00|2.539|2.547|2.539|2.542|50
2021.04.06 02:00:00|2.541|2.547|2.541|2.541|25
2021.04.06 03:00:00|2.541|2.549|2.541|2.548|69
2021.04.06 04:00:00|2.548|2.553|2.547|2.55|83
2021.04.06 05:00:00|2.549|2.552|2.548|2.552|32
2021.04.06 06:00:00|2.552|2.553|2.546|2.547|50
2021.04.06 07:00:00|2.548|2.55|2.548|2.548|42
2021.04.06 08:00:00|2.548|2.556|2.545|2.556|110
2021.04.06 09:00:00|2.556|2.557|2.549|2.556|104
2021.04.06 10:00:00|2.557|2.579|2.557|2.576|138
2021.04.06 11:00:00|2.577|2.581|2.572|2.58|89
2021.04.06 12:00:00|2.581|2.592|2.581|2.582|181
2021.04.06 13:00:00|2.582|2.591|2.578|2.589|153
2021.04.06 14:00:00|2.59|2.596|2.587|2.59|198
2021.04.06 15:00:00|2.591|2.593|2.566|2.567|539
2021.04.06 16:00:00|2.568|2.586|2.567|2.569|557
2021.04.06 17:00:00|2.568|2.575|2.54|2.554|587
2021.04.06 18:00:00|2.554|2.57|2.554|2.554|432
2021.04.06 19:00:00|2.554|2.554|2.529|2.54|439
2021.04.06 20:00:00|2.539|2.54|2.5|2.502|569
2021.04.06 21:00:00|2.501|2.507|2.486|2.49|655
2021.04.06 22:00:00|2.489|2.497|2.489|2.495|183
2021.04.06 23:00:00|2.494|2.501|2.489|2.495|87
2021.04.07 01:00:00|2.495|2.503|2.492|2.499|60
2021.04.07 02:00:00|2.494|2.501|2.492|2.497|30
2021.04.07 03:00:00|2.497|2.499|2.495|2.495|41
2021.04.07 04:00:00|2.496|2.497|2.493|2.493|48
2021.04.07 05:00:00|2.494|2.494|2.492|2.493|30
2021.04.07 06:00:00|2.493|2.496|2.493|2.495|22
2021.04.07 07:00:00|2.495|2.499|2.492|2.499|71
2021.04.07 08:00:00|2.501|2.503|2.5|2.502|36
2021.04.07 09:00:00|2.501|2.516|2.499|2.51|103
2021.04.07 10:00:00|2.511|2.523|2.51|2.515|181
2021.04.07 11:00:00|2.514|2.521|2.508|2.511|177
2021.04.07 12:00:00|2.51|2.514|2.503|2.506|130
2021.04.07 13:00:00|2.507|2.516|2.506|2.516|182
2021.04.07 14:00:00|2.519|2.522|2.5|2.515|380
2021.04.07 15:00:00|2.516|2.528|2.505|2.515|614
2021.04.07 16:00:00|2.514|2.573|2.507|2.571|1223
2021.04.07 17:00:00|2.571|2.574|2.557|2.557|736
2021.04.07 18:00:00|2.558|2.559|2.546|2.551|362
2021.04.07 19:00:00|2.552|2.555|2.548|2.553|236
2021.04.07 20:00:00|2.554|2.579|2.552|2.575|458
2021.04.07 21:00:00|2.576|2.578|2.551|2.556|638
2021.04.07 22:00:00|2.557|2.557|2.547|2.548|175
2021.04.07 23:00:00|2.549|2.552|2.538|2.547|86
2021.04.08 01:00:00|2.553|2.553|2.543|2.545|42
2021.04.08 02:00:00|2.545|2.551|2.545|2.547|19
2021.04.08 03:00:00|2.547|2.547|2.543|2.544|35
2021.04.08 04:00:00|2.544|2.545|2.543|2.545|23
2021.04.08 05:00:00|2.544|2.545|2.544|2.544|13
2021.04.08 06:00:00|2.544|2.545|2.541|2.542|56
2021.04.08 07:00:00|2.542|2.543|2.539|2.539|80
2021.04.08 08:00:00|2.539|2.539|2.539|2.539|51
2021.04.08 09:00:00|2.539|2.539|2.526|2.532|74
2021.04.08 10:00:00|2.532|2.539|2.53|2.531|136
2021.04.08 11:00:00|2.532|2.534|2.525|2.534|97
2021.04.08 12:00:00|2.533|2.545|2.533|2.545|100
2021.04.08 13:00:00|2.546|2.548|2.535|2.537|79
2021.04.08 14:00:00|2.538|2.544|2.522|2.542|408
2021.04.08 15:00:00|2.541|2.551|2.526|2.537|426
2021.04.08 16:00:00|2.537|2.569|2.528|2.568|773
2021.04.08 17:00:00|2.569|2.576|2.543|2.56|995
2021.04.08 18:00:00|2.559|2.571|2.554|2.568|461
2021.04.08 19:00:00|2.569|2.573|2.552|2.556|505
2021.04.08 20:00:00|2.557|2.557|2.539|2.547|370
2021.04.08 21:00:00|2.546|2.569|2.545|2.561|643
2021.04.08 22:00:00|2.562|2.564|2.56|2.563|130
2021.04.08 23:00:00|2.562|2.563|2.553|2.561|67
2021.04.09 01:00:00|2.561|2.57|2.561|2.567|31
2021.04.09 02:00:00|2.563|2.568|2.561|2.564|23
2021.04.09 03:00:00|2.564|2.566|2.562|2.566|44
2021.04.09 04:00:00|2.565|2.571|2.564|2.564|41
2021.04.09 05:00:00|2.564|2.566|2.564|2.566|32
2021.04.09 06:00:00|2.566|2.566|2.563|2.563|26
2021.04.09 07:00:00|2.563|2.564|2.559|2.563|38
2021.04.09 08:00:00|2.563|2.564|2.56|2.56|60
2021.04.09 09:00:00|2.56|2.56|2.552|2.555|84
2021.04.09 10:00:00|2.554|2.558|2.552|2.553|69
2021.04.09 11:00:00|2.554|2.559|2.55|2.552|118
2021.04.09 12:00:00|2.551|2.566|2.55|2.561|142
2021.04.09 13:00:00|2.56|2.575|2.559|2.573|124
2021.04.09 14:00:00|2.574|2.579|2.566|2.569|288
2021.04.09 15:00:00|2.57|2.582|2.563|2.578|343
2021.04.09 16:00:00|2.579|2.595|2.576|2.582|593
2021.04.09 17:00:00|2.582|2.589|2.577|2.586|450
2021.04.09 18:00:00|2.586|2.588|2.577|2.582|350
2021.04.09 19:00:00|2.583|2.584|2.569|2.575|337
2021.04.09 20:00:00|2.575|2.578|2.566|2.575|281
2021.04.09 21:00:00|2.575|2.58|2.568|2.572|695
2021.04.09 22:00:00|2.572|2.575|2.56|2.561|213
2021.04.09 23:00:00|2.56|2.565|2.555|2.558|109
2021.04.12 01:00:00|2.584|2.605|2.584|2.602|114
2021.04.12 02:00:00|2.603|2.607|2.595|2.599|54
2021.04.12 03:00:00|2.6|2.604|2.599|2.601|48
2021.04.12 04:00:00|2.601|2.608|2.6|2.607|68
2021.04.12 05:00:00|2.606|2.607|2.604|2.605|33
2021.04.12 06:00:00|2.605|2.607|2.6|2.605|50
2021.04.12 07:00:00|2.605|2.606|2.604|2.606|66
2021.04.12 08:00:00|2.605|2.606|2.604|2.605|22
2021.04.12 09:00:00|2.606|2.608|2.604|2.608|34
2021.04.12 10:00:00|2.607|2.608|2.597|2.598|45
2021.04.12 11:00:00|2.599|2.609|2.599|2.608|86
2021.04.12 12:00:00|2.606|2.621|2.606|2.62|94
2021.04.12 13:00:00|2.621|2.628|2.619|2.626|92
2021.04.12 14:00:00|2.627|2.647|2.626|2.634|364
2021.04.12 15:00:00|2.633|2.636|2.616|2.628|509
2021.04.12 16:00:00|2.632|2.642|2.586|2.587|841
2021.04.12 17:00:00|2.586|2.616|2.567|2.609|547
2021.04.12 18:00:00|2.609|2.614|2.595|2.599|229
2021.04.12 19:00:00|2.598|2.6|2.586|2.596|283
2021.04.12 20:00:00|2.596|2.617|2.592|2.612|451
2021.04.12 21:00:00|2.612|2.622|2.605|2.605|597
2021.04.12 22:00:00|2.606|2.61|2.602|2.608|211
2021.04.12 23:00:00|2.609|2.61|2.589|2.589|119
2021.04.13 01:00:00|2.606|2.608|2.603|2.607|48
2021.04.13 02:00:00|2.605|2.609|2.605|2.607|29
2021.04.13 03:00:00|2.607|2.608|2.603|2.608|53
2021.04.13 04:00:00|2.607|2.607|2.606|2.607|33
2021.04.13 05:00:00|2.606|2.609|2.605|2.608|27
2021.04.13 06:00:00|2.607|2.608|2.604|2.606|103
2021.04.13 07:00:00|2.606|2.609|2.605|2.605|73
2021.04.13 08:00:00|2.606|2.608|2.604|2.607|56
2021.04.13 09:00:00|2.606|2.606|2.601|2.603|91
2021.04.13 10:00:00|2.603|2.609|2.594|2.598|159
2021.04.13 11:00:00|2.598|2.604|2.596|2.6|109
2021.04.13 12:00:00|2.6|2.604|2.598|2.602|114
2021.04.13 13:00:00|2.602|2.611|2.602|2.607|154
2021.04.13 14:00:00|2.608|2.609|2.586|2.595|460
2021.04.13 15:00:00|2.596|2.66|2.594|2.657|785
2021.04.13 16:00:00|2.657|2.677|2.644|2.675|1223
2021.04.13 17:00:00|2.675|2.688|2.665|2.67|595
2021.04.13 18:00:00|2.669|2.682|2.662|2.677|402
2021.04.13 19:00:00|2.677|2.682|2.675|2.677|251
2021.04.13 20:00:00|2.677|2.681|2.672|2.674|241
2021.04.13 21:00:00|2.675|2.68|2.666|2.677|657
2021.04.13 22:00:00|2.677|2.677|2.67|2.671|180
2021.04.13 23:00:00|2.672|2.673|2.657|2.657|73
2021.04.14 01:00:00|2.673|2.676|2.672|2.674|29
2021.04.14 02:00:00|2.673|2.677|2.673|2.676|45
2021.04.14 03:00:00|2.675|2.676|2.674|2.674|28
2021.04.14 04:00:00|2.675|2.677|2.674|2.676|34
2021.04.14 05:00:00|2.677|2.677|2.675|2.675|15
2021.04.14 06:00:00|2.676|2.676|2.673|2.674|33
2021.04.14 07:00:00|2.675|2.675|2.673|2.674|30
2021.04.14 08:00:00|2.674|2.676|2.672|2.676|34
2021.04.14 09:00:00|2.675|2.675|2.669|2.671|72
2021.04.14 10:00:00|2.672|2.688|2.669|2.687|134
2021.04.14 11:00:00|2.687|2.687|2.678|2.679|105
2021.04.14 12:00:00|2.678|2.682|2.677|2.679|65
2021.04.14 13:00:00|2.679|2.691|2.677|2.69|174
2021.04.14 14:00:00|2.689|2.699|2.685|2.69|249
2021.04.14 15:00:00|2.689|2.705|2.679|2.702|513
2021.04.14 16:00:00|2.703|2.716|2.672|2.676|897
2021.04.14 17:00:00|2.675|2.69|2.672|2.679|513
2021.04.14 18:00:00|2.68|2.692|2.677|2.685|371
2021.04.14 19:00:00|2.685|2.689|2.667|2.67|364
2021.04.14 20:00:00|2.67|2.672|2.662|2.669|450
2021.04.14 21:00:00|2.67|2.678|2.666|2.672|648
2021.04.14 22:00:00|2.672|2.674|2.669|2.669|129
2021.04.14 23:00:00|2.67|2.673|2.663|2.669|86
2021.04.15 01:00:00|2.672|2.674|2.67|2.672|37
2021.04.15 02:00:00|2.671|2.672|2.67|2.671|23
2021.04.15 03:00:00|2.672|2.675|2.672|2.673|37
2021.04.15 04:00:00|2.674|2.676|2.672|2.674|37
2021.04.15 05:00:00|2.673|2.674|2.673|2.673|11
2021.04.15 06:00:00|2.672|2.673|2.671|2.673|24
2021.04.15 07:00:00|2.673|2.673|2.672|2.673|14
2021.04.15 08:00:00|2.672|2.683|2.672|2.683|62
2021.04.15 09:00:00|2.682|2.683|2.673|2.679|111
2021.04.15 10:00:00|2.678|2.681|2.659|2.661|194
2021.04.15 11:00:00|2.661|2.661|2.655|2.657|98
2021.04.15 12:00:00|2.656|2.659|2.652|2.656|125
2021.04.15 13:00:00|2.656|2.656|2.646|2.647|151
2021.04.15 14:00:00|2.648|2.657|2.642|2.647|304
2021.04.15 15:00:00|2.646|2.659|2.642|2.644|423
2021.04.15 16:00:00|2.644|2.667|2.64|2.662|662
2021.04.15 17:00:00|2.663|2.708|2.66|2.704|1121
2021.04.15 18:00:00|2.704|2.725|2.698|2.723|605
2021.04.15 19:00:00|2.723|2.733|2.71|2.716|560
2021.04.15 20:00:00|2.717|2.725|2.714|2.718|350
2021.04.15 21:00:00|2.717|2.72|2.71|2.719|600
2021.04.15 22:00:00|2.72|2.721|2.717|2.717|159
2021.04.15 23:00:00|2.718|2.718|2.709|2.715|118
2021.04.16 01:00:00|2.717|2.721|2.717|2.72|32
2021.04.16 02:00:00|2.719|2.722|2.719|2.72|27
2021.04.16 03:00:00|2.719|2.72|2.713|2.715|76
2021.04.16 04:00:00|2.715|2.718|2.715|2.716|41
2021.04.16 05:00:00|2.717|2.718|2.716|2.717|17
2021.04.16 06:00:00|2.717|2.717|2.715|2.716|18
2021.04.16 07:00:00|2.716|2.717|2.715|2.715|31
2021.04.16 08:00:00|2.716|2.719|2.714|2.719|47
2021.04.16 09:00:00|2.719|2.723|2.718|2.722|66
2021.04.16 10:00:00|2.722|2.74|2.719|2.735|252
2021.04.16 11:00:00|2.735|2.744|2.732|2.741|204
2021.04.16 12:00:00|2.742|2.746|2.736|2.743|168
2021.04.16 13:00:00|2.742|2.75|2.737|2.743|191
2021.04.16 14:00:00|2.742|2.75|2.738|2.746|269
2021.04.16 15:00:00|2.745|2.748|2.738|2.747|302
2021.04.16 16:00:00|2.747|2.751|2.728|2.733|664
2021.04.16 17:00:00|2.734|2.741|2.725|2.728|367
2021.04.16 18:00:00|2.727|2.738|2.725|2.738|286
2021.04.16 19:00:00|2.737|2.746|2.735|2.737|275
2021.04.16 20:00:00|2.737|2.746|2.735|2.744|270
2021.04.16 21:00:00|2.745|2.745|2.736|2.744|383
2021.04.16 22:00:00|2.744|2.745|2.74|2.742|134
2021.04.16 23:00:00|2.743|2.745|2.737|2.739|110
2021.04.19 01:00:00|2.757|2.764|2.752|2.76|128
2021.04.19 02:00:00|2.759|2.764|2.759|2.762|51
2021.04.19 03:00:00|2.763|2.764|2.759|2.763|116
2021.04.19 04:00:00|2.764|2.772|2.761|2.767|138
2021.04.19 05:00:00|2.766|2.766|2.761|2.763|29
2021.04.19 06:00:00|2.762|2.774|2.761|2.774|25
2021.04.19 07:00:00|2.774|2.775|2.772|2.773|34
2021.04.19 08:00:00|2.774|2.775|2.771|2.772|117
2021.04.19 09:00:00|2.773|2.789|2.773|2.776|151
2021.04.19 10:00:00|2.777|2.779|2.762|2.773|160
2021.04.19 11:00:00|2.774|2.781|2.772|2.773|79
2021.04.19 12:00:00|2.772|2.781|2.767|2.779|101
2021.04.19 13:00:00|2.779|2.789|2.779|2.786|113
2021.04.19 14:00:00|2.785|2.785|2.769|2.774|265
2021.04.19 15:00:00|2.773|2.786|2.77|2.775|460
2021.04.19 16:00:00|2.774|2.78|2.757|2.776|806
2021.04.19 17:00:00|2.777|2.779|2.771|2.778|416
2021.04.19 18:00:00|2.777|2.79|2.772|2.789|358
2021.04.19 19:00:00|2.788|2.809|2.786|2.788|525
2021.04.19 20:00:00|2.787|2.796|2.781|2.791|221
2021.04.19 21:00:00|2.792|2.808|2.789|2.8|398
2021.04.19 22:00:00|2.801|2.802|2.795|2.797|110
2021.04.19 23:00:00|2.797|2.802|2.783|2.783|77
2021.04.20 01:00:00|2.794|2.806|2.794|2.805|24
2021.04.20 02:00:00|2.796|2.807|2.796|2.801|33
2021.04.20 03:00:00|2.801|2.803|2.801|2.803|12
2021.04.20 04:00:00|2.802|2.804|2.801|2.802|15
2021.04.20 05:00:00|2.802|2.804|2.801|2.804|25
2021.04.20 06:00:00|2.805|2.809|2.805|2.805|20
2021.04.20 07:00:00|2.804|2.806|2.804|2.805|17
2021.04.20 08:00:00|2.805|2.814|2.805|2.814|16
2021.04.20 09:00:00|2.808|2.817|2.805|2.81|93
2021.04.20 10:00:00|2.809|2.81|2.8|2.802|133
2021.04.20 11:00:00|2.801|2.806|2.797|2.802|116
2021.04.20 12:00:00|2.801|2.806|2.792|2.794|117
2021.04.20 13:00:00|2.795|2.801|2.789|2.793|107
2021.04.20 14:00:00|2.792|2.801|2.785|2.795|293
2021.04.20 15:00:00|2.794|2.801|2.792|2.798|287
2021.04.20 16:00:00|2.799|2.805|2.787|2.796|655
2021.04.20 17:00:00|2.797|2.809|2.794|2.799|413
2021.04.20 18:00:00|2.798|2.808|2.795|2.802|347
2021.04.20 19:00:00|2.803|2.808|2.795|2.797|203
2021.04.20 20:00:00|2.796|2.8|2.788|2.792|316
2021.04.20 21:00:00|2.793|2.799|2.787|2.799|333
2021.04.20 22:00:00|2.798|2.799|2.789|2.79|134
2021.04.20 23:00:00|2.791|2.795|2.786|2.795|66
2021.04.21 01:00:00|2.791|2.797|2.788|2.789|27
2021.04.21 02:00:00|2.79|2.795|2.788|2.791|22
2021.04.21 03:00:00|2.79|2.793|2.789|2.79|62
2021.04.21 04:00:00|2.791|2.791|2.789|2.789|16
2021.04.21 05:00:00|2.79|2.791|2.789|2.79|16
2021.04.21 06:00:00|2.789|2.79|2.789|2.79|8
2021.04.21 07:00:00|2.79|2.79|2.788|2.789|10
2021.04.21 08:00:00|2.788|2.795|2.788|2.794|31
2021.04.21 09:00:00|2.793|2.793|2.783|2.783|52
2021.04.21 10:00:00|2.783|2.793|2.783|2.788|107
2021.04.21 11:00:00|2.789|2.793|2.785|2.788|44
2021.04.21 12:00:00|2.787|2.789|2.784|2.785|40
2021.04.21 13:00:00|2.784|2.786|2.783|2.783|27
2021.04.21 14:00:00|2.783|2.789|2.768|2.769|268
2021.04.21 15:00:00|2.769|2.772|2.755|2.768|510
2021.04.21 16:00:00|2.767|2.767|2.74|2.751|1021
2021.04.21 17:00:00|2.751|2.771|2.749|2.764|751
2021.04.21 18:00:00|2.763|2.765|2.748|2.753|553
2021.04.21 19:00:00|2.753|2.761|2.746|2.76|392
2021.04.21 20:00:00|2.761|2.769|2.759|2.764|228
2021.04.21 21:00:00|2.764|2.772|2.763|2.771|317
2021.04.21 22:00:00|2.771|2.773|2.768|2.768|90
2021.04.21 23:00:00|2.769|2.776|2.761|2.761|94
2021.04.22 01:00:00|2.771|2.782|2.771|2.774|30
2021.04.22 02:00:00|2.773|2.783|2.772|2.775|29
2021.04.22 03:00:00|2.776|2.777|2.774|2.775|28
2021.04.22 04:00:00|2.776|2.776|2.772|2.772|12
2021.04.22 05:00:00|2.773|2.774|2.773|2.774|16
2021.04.22 06:00:00|2.773|2.774|2.772|2.773|11
2021.04.22 07:00:00|2.774|2.78|2.745|2.778|17
2021.04.22 08:00:00|2.777|2.779|2.775|2.779|25
2021.04.22 09:00:00|2.779|2.783|2.773|2.783|50
2021.04.22 10:00:00|2.782|2.783|2.759|2.762|182
2021.04.22 11:00:00|2.761|2.768|2.753|2.756|217
2021.04.22 12:00:00|2.755|2.755|2.746|2.749|133
2021.04.22 13:00:00|2.749|2.754|2.748|2.752|184
2021.04.22 14:00:00|2.751|2.756|2.743|2.753|245
2021.04.22 15:00:00|2.754|2.759|2.741|2.745|514
2021.04.22 16:00:00|2.744|2.772|2.734|2.769|1065
2021.04.22 17:00:00|2.769|2.845|2.76|2.836|1847
2021.04.22 18:00:00|2.835|2.851|2.833|2.851|520
2021.04.22 19:00:00|2.85|2.858|2.837|2.837|498
2021.04.22 20:00:00|2.837|2.837|2.826|2.835|282
2021.04.22 21:00:00|2.835|2.836|2.826|2.83|228
2021.04.22 22:00:00|2.83|2.832|2.828|2.828|101
2021.04.22 23:00:00|2.829|2.832|2.815|2.815|43
2021.04.23 01:00:00|2.829|2.837|2.829|2.835|28
2021.04.23 02:00:00|2.829|2.836|2.829|2.831|19
2021.04.23 03:00:00|2.832|2.832|2.829|2.831|41
2021.04.23 04:00:00|2.831|2.834|2.831|2.833|21
2021.04.23 05:00:00|2.832|2.834|2.832|2.833|22
2021.04.23 06:00:00|2.833|2.835|2.832|2.833|29
2021.04.23 07:00:00|2.833|2.835|2.832|2.834|53
2021.04.23 08:00:00|2.834|2.838|2.834|2.837|52
2021.04.23 09:00:00|2.837|2.838|2.834|2.837|67
2021.04.23 10:00:00|2.838|2.844|2.837|2.843|24
2021.04.23 11:00:00|2.843|2.844|2.838|2.842|112
2021.04.23 12:00:00|2.842|2.843|2.836|2.837|87
2021.04.23 13:00:00|2.838|2.84|2.831|2.833|98
2021.04.23 14:00:00|2.833|2.833|2.829|2.829|86
2021.04.23 15:00:00|2.83|2.843|2.814|2.829|577
2021.04.23 16:00:00|2.828|2.838|2.821|2.829|712
2021.04.23 17:00:00|2.83|2.839|2.827|2.838|530
2021.04.23 18:00:00|2.839|2.846|2.826|2.827|358
2021.04.23 19:00:00|2.826|2.827|2.819|2.825|178
2021.04.23 20:00:00|2.824|2.824|2.813|2.819|124
2021.04.23 21:00:00|2.819|2.823|2.812|2.813|176
2021.04.23 22:00:00|2.814|2.815|2.808|2.809|71
2021.04.23 23:00:00|2.808|2.81|2.792|2.792|55
2021.04.26 01:00:00|2.808|2.819|2.804|2.809|110
2021.04.26 02:00:00|2.803|2.813|2.803|2.808|56
2021.04.26 03:00:00|2.809|2.809|2.805|2.807|29
2021.04.26 04:00:00|2.806|2.807|2.806|2.807|17
2021.04.26 05:00:00|2.807|2.807|2.805|2.807|14
2021.04.26 06:00:00|2.806|2.807|2.805|2.805|21
2021.04.26 07:00:00|2.804|2.805|2.802|2.803|65
2021.04.26 08:00:00|2.802|2.805|2.8|2.802|64
2021.04.26 09:00:00|2.801|2.806|2.799|2.805|79
2021.04.26 10:00:00|2.804|2.808|2.801|2.805|85
2021.04.26 11:00:00|2.806|2.806|2.803|2.806|68
2021.04.26 12:00:00|2.805|2.811|2.801|2.803|90
2021.04.26 13:00:00|2.802|2.811|2.801|2.81|84
2021.04.26 14:00:00|2.809|2.811|2.795|2.798|204
2021.04.26 15:00:00|2.797|2.803|2.785|2.789|330
2021.04.26 16:00:00|2.79|2.803|2.78|2.797|587
2021.04.26 17:00:00|2.798|2.827|2.797|2.824|533
2021.04.26 18:00:00|2.823|2.85|2.823|2.842|562
2021.04.26 19:00:00|2.841|2.855|2.834|2.853|389
2021.04.26 20:00:00|2.854|2.862|2.85|2.862|567
2021.04.26 21:00:00|2.861|2.887|2.858|2.882|754
2021.04.26 22:00:00|2.883|2.883|2.878|2.88|141
2021.04.26 23:00:00|2.881|2.883|2.864|2.864|84
2021.04.27 01:00:00|2.876|2.885|2.875|2.884|35
2021.04.27 02:00:00|2.88|2.887|2.879|2.882|33
2021.04.27 03:00:00|2.881|2.882|2.88|2.881|30
2021.04.27 04:00:00|2.881|2.883|2.881|2.883|16
2021.04.27 05:00:00|2.882|2.883|2.879|2.879|21
2021.04.27 06:00:00|2.88|2.88|2.874|2.878|56
2021.04.27 07:00:00|2.878|2.878|2.874|2.877|33
2021.04.27 08:00:00|2.878|2.878|2.875|2.875|22
2021.04.27 09:00:00|2.875|2.881|2.867|2.873|55
2021.04.27 10:00:00|2.872|2.878|2.871|2.878|79
2021.04.27 11:00:00|2.878|2.881|2.878|2.879|49
2021.04.27 12:00:00|2.878|2.888|2.878|2.887|91
2021.04.27 13:00:00|2.888|2.898|2.88|2.885|266
2021.04.27 14:00:00|2.886|2.901|2.886|2.901|341
2021.04.27 15:00:00|2.9|2.91|2.894|2.906|599
2021.04.27 16:00:00|2.907|2.94|2.9|2.934|1117
2021.04.27 17:00:00|2.935|2.941|2.929|2.937|274
2021.04.27 18:00:00|2.936|2.951|2.93|2.95|450
2021.04.27 19:00:00|2.951|2.953|2.924|2.936|355
2021.04.27 20:00:00|2.935|2.943|2.926|2.926|300
2021.04.27 21:00:00|2.926|2.95|2.926|2.944|513
2021.04.27 22:00:00|2.944|2.946|2.942|2.943|80
2021.04.27 23:00:00|2.944|2.946|2.928|2.928|56
2021.04.28 01:00:00|2.938|2.947|2.938|2.945|36
2021.04.28 02:00:00|2.946|2.948|2.939|2.942|37
2021.04.28 03:00:00|2.943|2.943|2.94|2.941|47
2021.04.28 04:00:00|2.941|2.941|2.94|2.941|29
2021.04.28 05:00:00|2.94|2.943|2.94|2.942|30
2021.04.28 06:00:00|2.943|2.943|2.94|2.941|20
2021.04.28 07:00:00|2.942|2.943|2.94|2.941|28
2021.04.28 08:00:00|2.941|2.942|2.936|2.936|47
2021.04.28 09:00:00|2.937|2.939|2.935|2.939|55
2021.04.28 10:00:00|2.94|2.951|2.939|2.949|94
2021.04.28 11:00:00|2.95|2.957|2.947|2.953|150
2021.04.28 12:00:00|2.954|2.954|2.943|2.947|115
2021.04.28 13:00:00|2.946|2.963|2.943|2.961|206
2021.04.28 14:00:00|2.962|2.972|2.96|2.969|512
2021.04.28 15:00:00|2.969|2.992|2.96|2.979|829
2021.04.28 16:00:00|2.978|2.997|2.965|2.99|777
2021.04.28 17:00:00|2.991|2.995|2.975|2.98|528
2021.04.28 18:00:00|2.98|2.981|2.961|2.969|402
2021.04.28 19:00:00|2.968|2.972|2.962|2.97|223
2021.04.28 20:00:00|2.971|2.975|2.963|2.972|295
2021.04.28 21:00:00|2.972|2.981|2.944|2.947|1017
2021.04.28 22:00:00|2.948|2.966|2.947|2.963|279
2021.04.28 23:00:00|2.962|2.965|2.955|2.964|153
2021.04.29 01:00:00|2.96|2.963|2.959|2.962|33
2021.04.29 02:00:00|2.96|2.962|2.96|2.961|25
2021.04.29 03:00:00|2.961|2.962|2.96|2.961|23
2021.04.29 04:00:00|2.962|2.963|2.961|2.961|28
2021.04.29 05:00:00|2.961|2.962|2.959|2.959|45
2021.04.29 06:00:00|2.96|2.964|2.959|2.96|59
2021.04.29 07:00:00|2.96|2.961|2.955|2.955|59
2021.04.29 08:00:00|2.955|2.955|2.953|2.954|46
2021.04.29 09:00:00|2.954|2.954|2.946|2.951|74
2021.04.29 10:00:00|2.951|2.956|2.949|2.955|131
2021.04.29 11:00:00|2.954|2.956|2.952|2.953|63
2021.04.29 12:00:00|2.954|2.965|2.954|2.961|168
2021.04.29 13:00:00|2.96|2.967|2.958|2.966|155
2021.04.29 14:00:00|2.967|2.971|2.952|2.955|291
2021.04.29 15:00:00|2.954|2.961|2.94|2.958|578
2021.04.29 16:00:00|2.959|2.984|2.954|2.957|910
2021.04.29 17:00:00|2.958|2.964|2.911|2.914|1434
2021.04.29 18:00:00|2.913|2.923|2.897|2.9|731
2021.04.29 19:00:00|2.899|2.909|2.896|2.901|348
2021.04.29 20:00:00|2.901|2.907|2.896|2.899|327
2021.04.29 21:00:00|2.899|2.926|2.898|2.92|676
2021.04.29 22:00:00|2.921|2.922|2.917|2.918|98
2021.04.29 23:00:00|2.918|2.92|2.908|2.915|106
2021.04.30 01:00:00|2.916|2.918|2.916|2.918|41
2021.04.30 02:00:00|2.917|2.918|2.916|2.918|31
2021.04.30 03:00:00|2.917|2.919|2.912|2.913|47
2021.04.30 04:00:00|2.914|2.916|2.914|2.915|22
2021.04.30 05:00:00|2.915|2.915|2.913|2.913|29
2021.04.30 06:00:00|2.914|2.914|2.913|2.914|14
2021.04.30 07:00:00|2.914|2.914|2.908|2.91|44
2021.04.30 08:00:00|2.909|2.911|2.906|2.909|68
2021.04.30 09:00:00|2.909|2.918|2.909|2.915|91
2021.04.30 10:00:00|2.915|2.924|2.913|2.916|142
2021.04.30 11:00:00|2.915|2.916|2.91|2.911|108
2021.04.30 12:00:00|2.91|2.913|2.908|2.911|75
2021.04.30 13:00:00|2.911|2.922|2.91|2.914|134
2021.04.30 14:00:00|2.915|2.925|2.906|2.924|292
2021.04.30 15:00:00|2.925|2.963|2.924|2.953|1317
2021.04.30 16:00:00|2.954|2.973|2.935|2.94|1052
2021.04.30 17:00:00|2.941|2.951|2.936|2.95|678
2021.04.30 18:00:00|2.951|2.951|2.94|2.944|414
2021.04.30 19:00:00|2.945|2.95|2.937|2.944|393
2021.04.30 20:00:00|2.944|2.949|2.94|2.948|293
2021.04.30 21:00:00|2.948|2.951|2.935|2.946|407
2021.04.30 22:00:00|2.945|2.952|2.944|2.946|154
