2020.09.21 16:00:00|905.89|908.3099999999999|891.6900000000001|891.76|18674
2020.09.21 17:00:00|891.76|898.27|861.9|872.58|41910
2020.09.21 18:00:00|872.55|877.42|854.65|868.9|29469
2020.09.21 19:00:00|868.87|877.13|867.77|874.4299999999999|11736
2020.09.21 20:00:00|874.53|883.0599999999999|873.3200000000001|882.33|8213
2020.09.21 21:00:00|882.33|882.78|877.8099999999999|881.0599999999999|10045
2020.09.21 22:00:00|881.11|887.4400000000001|880.92|886.88|8829
2020.09.22 10:00:00|886.23|891.12|878.49|882.28|12789
2020.09.22 11:00:00|882.28|888.79|881.85|885.01|8464
2020.09.22 12:00:00|885.08|892.7|884.64|891|6800
2020.09.22 13:00:00|890.96|895.13|887.24|893.2|6595
2020.09.22 14:00:00|893.23|893.4|880.46|882.67|8428
2020.09.22 15:00:00|882.6900000000001|884.85|879|879.36|14334
2020.09.22 16:00:00|879.36|883.59|869.75|872.78|20746
2020.09.22 17:00:00|872.73|876.8200000000001|867.67|868.74|24686
2020.09.22 18:00:00|868.77|873.59|862.17|864.04|19095
2020.09.22 19:00:00|864.0700000000001|870.67|860.61|863.16|11703
2020.09.22 20:00:00|863.15|869.5599999999999|860.53|867.87|8756
2020.09.22 21:00:00|867.87|868.77|865.3099999999999|867.74|6557
2020.09.22 22:00:00|867.74|868.4|865.59|867.85|5605
2020.09.23 10:00:00|856.97|859.79|851.59|856.89|11111
2020.09.23 11:00:00|856.95|862.89|852.21|860.54|9174
2020.09.23 12:00:00|860.48|865.1|860.28|864.29|7906
2020.09.23 13:00:00|864.28|878.8|863.74|871.02|7888
2020.09.23 14:00:00|870.77|873.72|859.11|859.36|8021
2020.09.23 15:00:00|859.48|861.54|850.59|855.64|13123
2020.09.23 16:00:00|855.64|862.0700000000001|848.12|848.2|23578
2020.09.23 17:00:00|848.47|857.9|847.8200000000001|852.45|28204
2020.09.23 18:00:00|852.45|862.3|852.23|853.52|20079
2020.09.23 19:00:00|853.46|854.6|846.76|851.13|13709
2020.09.23 20:00:00|851.17|851.6900000000001|840.16|841.11|9802
2020.09.23 21:00:00|841.1|845.4|838.89|841.2|16324
2020.09.23 22:00:00|841.26|841.88|833.9299999999999|836.04|15919
2020.09.24 10:00:00|833.46|842.09|832.95|841.17|7449
2020.09.24 11:00:00|841.15|841.83|833.97|838.55|4840
2020.09.24 12:00:00|838.5599999999999|842.78|836.0599999999999|840.85|8087
2020.09.24 13:00:00|840.78|841.39|836.15|837.1|7531
2020.09.24 14:00:00|837.03|838.61|833.0599999999999|834.45|7528
2020.09.24 15:00:00|834.61|834.87|825.4|830.4299999999999|14969
2020.09.24 16:00:00|830.45|837.72|828.28|833.17|24387
2020.09.24 17:00:00|833.14|839.5700000000001|829.39|835.1799999999999|25176
2020.09.24 18:00:00|835.22|842.61|829.62|842.61|15840
2020.09.24 19:00:00|842.5599999999999|849.36|842.47|844.15|16082
2020.09.24 20:00:00|844.2|853.3099999999999|842.72|849.34|14152
2020.09.24 21:00:00|849.41|851.45|844.03|844.15|11791
2020.09.24 22:00:00|844.12|848.75|842.86|848.75|12808
2020.09.25 10:00:00|862.54|862.58|855.61|857.73|13954
2020.09.25 11:00:00|857.66|858.85|853.6900000000001|856.51|8286
2020.09.25 12:00:00|856.51|858.35|852.42|853.79|8299
2020.09.25 13:00:00|853.77|853.97|836.39|837.11|11072
2020.09.25 14:00:00|837.11|845.29|832.88|844.03|15719
2020.09.25 15:00:00|843.86|845.96|835.83|838.33|14775
2020.09.25 16:00:00|838.34|843.38|833|843.14|22945
2020.09.25 17:00:00|843.03|854.8200000000001|833.92|848.91|21985
2020.09.25 18:00:00|848.84|851.21|843.23|843.36|13592
2020.09.25 19:00:00|843.39|846.67|839.13|845.73|7924
2020.09.25 20:00:00|845.78|848.86|844.08|848.77|7396
2020.09.25 21:00:00|848.78|852.62|848.63|851.95|5484
2020.09.25 22:00:00|851.9400000000001|853.95|849.27|849.62|8170
2020.09.28 10:00:00|851.88|854.61|850.85|850.86|6615
2020.09.28 11:00:00|850.86|852.53|847.62|849.83|7287
2020.09.28 12:00:00|849.86|856.84|849.53|853.1900000000001|4918
2020.09.28 13:00:00|853.1900000000001|862.87|852.13|861.3099999999999|6144
2020.09.28 14:00:00|861.3099999999999|869.78|861.14|867.92|5958
2020.09.28 15:00:00|868.02|868.76|861.5|864.62|9015
2020.09.28 16:00:00|864.64|874.4299999999999|860.96|871.51|11383
2020.09.28 17:00:00|871.5599999999999|885.01|866.9299999999999|873.67|12909
2020.09.28 18:00:00|873.6900000000001|881.39|873.53|878.77|6013
2020.09.28 19:00:00|878.74|886.75|877.91|884.25|3720
2020.09.28 20:00:00|884.26|884.88|879.63|883.91|4064
2020.09.28 21:00:00|883.91|887.37|883.3|885.24|3347
2020.09.28 22:00:00|885.04|886.36|880.65|882.0700000000001|4431
2020.09.29 10:00:00|876.87|879.7|873.4400000000001|877.73|7455
2020.09.29 11:00:00|877.72|878.05|873.4|875.01|5639
2020.09.29 12:00:00|875.01|880.6900000000001|874.22|880.04|5636
2020.09.29 13:00:00|880|884.89|878.55|884.74|4431
2020.09.29 14:00:00|884.74|887.71|880.5700000000001|882.8|8878
2020.09.29 15:00:00|882.8|885.65|877.78|879.55|12338
2020.09.29 16:00:00|879.55|881.33|874.33|877.37|18822
2020.09.29 17:00:00|877.37|886.99|876.8|879.9400000000001|22269
2020.09.29 18:00:00|880.04|888.4400000000001|878.97|880.83|15620
2020.09.29 19:00:00|880.83|889.9299999999999|880.6799999999999|889.61|9792
2020.09.29 20:00:00|889.66|892.1799999999999|887.8|890.47|8268
2020.09.29 21:00:00|890.42|891.1799999999999|887.1799999999999|887.75|7162
2020.09.29 22:00:00|887.78|888.13|884.6900000000001|886.1|4922
2020.09.30 10:00:00|869.54|874.85|867.37|871.17|10463
2020.09.30 11:00:00|871.09|872.72|867.16|869.5599999999999|7174
2020.09.30 12:00:00|869.5|870.33|867.1799999999999|869.64|5416
2020.09.30 13:00:00|869.6|875.4|867.37|871.83|5656
2020.09.30 14:00:00|871.77|874.28|869.8099999999999|872.5700000000001|5023
2020.09.30 15:00:00|872.61|889.51|869.33|882.74|11462
2020.09.30 16:00:00|882.77|888.8|878.05|881.9299999999999|20371
2020.09.30 17:00:00|881.9299999999999|900.49|881.5700000000001|898.63|26558
2020.09.30 18:00:00|898.6|906.51|897.02|901.37|19486
2020.09.30 19:00:00|901.35|904.63|900.24|904.22|11765
2020.09.30 20:00:00|904.17|904.17|892.0599999999999|898.04|14786
2020.09.30 21:00:00|898.0599999999999|900.89|893.1900000000001|895.62|13465
2020.09.30 22:00:00|895.65|895.79|890.17|892.0700000000001|11776
2020.10.01 10:00:00|906.5|908.67|901.73|904.35|9337
2020.10.01 11:00:00|904.33|904.73|896.23|898.09|8144
2020.10.01 12:00:00|898.09|901.38|897.11|899.35|7148
2020.10.01 13:00:00|899.37|899.75|892.5599999999999|896.76|6689
2020.10.01 14:00:00|896.73|905.34|895.03|903.49|9068
2020.10.01 15:00:00|903.49|907.8099999999999|897.99|898.09|11088
2020.10.01 16:00:00|898.15|899.95|890.74|891.3|14983
2020.10.01 17:00:00|891.5|898.12|885.87|896.9299999999999|24423
2020.10.01 18:00:00|897.11|904|895.48|901.46|21872
2020.10.01 19:00:00|901.46|901.8099999999999|893.67|896|16353
2020.10.01 20:00:00|896|904.54|895.4|899.03|13685
2020.10.01 21:00:00|899.0599999999999|902.6|895.15|902.13|17864
2020.10.01 22:00:00|902.13|902.78|897.75|899.6900000000001|12713
2020.10.02 10:00:00|895.01|899.4|890.73|892.58|5703
2020.10.02 11:00:00|892.6|893.1799999999999|887.55|887.65|6491
2020.10.02 12:00:00|887.6799999999999|889.64|883.98|884.8200000000001|4987
2020.10.02 13:00:00|884.8200000000001|887.1|881.92|884.7|4422
2020.10.02 14:00:00|884.75|888.97|884.28|884.64|4375
2020.10.02 15:00:00|884.61|890.6799999999999|881.54|890.3|6894
2020.10.02 16:00:00|890.28|891.92|884.53|887.5|16061
2020.10.02 17:00:00|887.4299999999999|894.92|886.77|888.84|10686
2020.10.02 18:00:00|888.85|891.5700000000001|880.35|881.25|11493
2020.10.02 19:00:00|881.23|888.0599999999999|878.91|881.04|13492
2020.10.02 20:00:00|881.04|883.73|879.26|880.51|10684
2020.10.02 21:00:00|880.51|882.75|879.39|880.63|6868
2020.10.02 22:00:00|880.78|881.66|878.95|879.05|6479
2020.10.05 10:00:00|875.62|875.83|872.3|873.6799999999999|5498
2020.10.05 11:00:00|873.64|880.63|873.58|879.08|3856
2020.10.05 12:00:00|879.13|882.38|877.36|881.37|3333
2020.10.05 13:00:00|881.37|884.37|879.95|883.8200000000001|2536
2020.10.05 14:00:00|883.8|883.8|879.62|882.14|3276
2020.10.05 15:00:00|882.16|889.59|881.89|887.4400000000001|7475
2020.10.05 16:00:00|887.47|891.41|884.16|890.61|8732
2020.10.05 17:00:00|890.66|901.24|890.11|896.8200000000001|15275
2020.10.05 18:00:00|896.8200000000001|897.12|891.6|895.3200000000001|12187
2020.10.05 19:00:00|895.34|899.65|894.35|896.21|4745
2020.10.05 20:00:00|896.25|899.37|895.45|897.53|3988
2020.10.05 21:00:00|897.49|898.77|895.1|898.66|3940
2020.10.05 22:00:00|898.63|900.38|896.8099999999999|897.62|3516
2020.10.06 10:00:00|897.6799999999999|902.1799999999999|892.13|892.7|3862
2020.10.06 11:00:00|892.76|893.87|883.6|885.16|3375
2020.10.06 12:00:00|885.15|886.7|881.66|881.67|2390
2020.10.06 13:00:00|881.67|886.95|880.02|884.86|4511
2020.10.06 14:00:00|884.89|894.3|884.62|891.3099999999999|5751
2020.10.06 15:00:00|891.3099999999999|891.5700000000001|875.05|875.36|5438
2020.10.06 16:00:00|875.39|883.04|872.53|878.3200000000001|10035
2020.10.06 17:00:00|878.29|878.97|869.99|870.02|11013
2020.10.06 18:00:00|870.15|871.66|861.67|862.1799999999999|7615
2020.10.06 19:00:00|862.1799999999999|866.42|861.6|865.1900000000001|1793
2020.10.06 20:00:00|865.12|865.17|859.8099999999999|863.5|1694
2020.10.06 21:00:00|863.4400000000001|867.7|854.67|856.65|2350
2020.10.06 22:00:00|856.46|862.9400000000001|850.9400000000001|855.39|3738
2020.10.07 10:00:00|869.84|871.92|866.39|871.35|7756
2020.10.07 11:00:00|871.35|871.75|863.4400000000001|863.62|4707
2020.10.07 12:00:00|863.62|865.5700000000001|862.55|862.97|2049
2020.10.07 13:00:00|862.97|864.08|858.99|859.21|3711
2020.10.07 14:00:00|859.17|864.02|855.79|863.51|4267
2020.10.07 15:00:00|863.29|869.72|860.64|868.47|10743
2020.10.07 16:00:00|868.45|869.3099999999999|861.78|865.13|13662
2020.10.07 17:00:00|865.16|868.46|855.41|861.1799999999999|15626
2020.10.07 18:00:00|861.24|866.91|861.24|862.65|10869
2020.10.07 19:00:00|862.7|864.84|859.51|863.9|8777
2020.10.07 20:00:00|863.84|866.92|861.38|861.65|5475
2020.10.07 21:00:00|861.08|866.33|861.08|865.48|5065
2020.10.07 22:00:00|865.48|867.48|864.85|864.98|4227
2020.10.08 10:00:00|868.78|869.3200000000001|864.89|866.46|4389
2020.10.08 11:00:00|866.52|867.14|863.08|864.48|3292
2020.10.08 12:00:00|864.48|865.36|862.15|865.01|2671
2020.10.08 13:00:00|864.9299999999999|868.3|864.4|865.79|4070
2020.10.08 14:00:00|865.79|866.47|862.74|864.04|4480
2020.10.08 15:00:00|864.0599999999999|872.61|862.41|870.53|8306
2020.10.08 16:00:00|870.46|876.0700000000001|865.87|871.98|11736
2020.10.08 17:00:00|872.01|873.0700000000001|864.67|867.33|13148
2020.10.08 18:00:00|867.34|871.33|866.21|866.75|6832
2020.10.08 19:00:00|866.72|868.67|861.79|862.5|4632
2020.10.08 20:00:00|862.5|864.62|857.83|864.37|5331
2020.10.08 21:00:00|864.4|866.3200000000001|863.4|865.8099999999999|2344
2020.10.08 22:00:00|865.84|866.1|864.71|865.42|2504
2020.10.09 10:00:00|876.79|881.76|876.1900000000001|881.3|3679
2020.10.09 11:00:00|881.35|883.8200000000001|874.75|878.16|3459
2020.10.09 12:00:00|878.1|879.45|877.17|878.12|2628
2020.10.09 13:00:00|877.92|881.85|877.42|878.92|3054
2020.10.09 14:00:00|878.92|886.17|878.45|881.6|4721
2020.10.09 15:00:00|881.6|893.58|881.6|893.38|9486
2020.10.09 16:00:00|893.33|897.36|884.5599999999999|889.71|11240
2020.10.09 17:00:00|889.55|892.6|885.55|888.66|9909
2020.10.09 18:00:00|888.59|889.0599999999999|884.35|886.65|7629
2020.10.09 19:00:00|886.62|889.05|884.61|886.79|6001
2020.10.09 20:00:00|886.78|888.67|884.4299999999999|888.52|4044
2020.10.09 21:00:00|888.58|890.9400000000001|888.26|889.45|5389
2020.10.09 22:00:00|889.5|890.7|887.89|890.03|3461
2020.10.12 10:00:00|887.64|888.1900000000001|884.5700000000001|888.04|5486
2020.10.12 11:00:00|888.04|890.5|884.45|884.84|3285
2020.10.12 12:00:00|884.89|885.29|880.65|882.45|4389
2020.10.12 13:00:00|882.48|884.95|882.04|883.91|3357
2020.10.12 14:00:00|883.9400000000001|886.16|882.01|884.09|3895
2020.10.12 15:00:00|884.17|887.86|883.61|884.99|6225
2020.10.12 16:00:00|884.99|885.0700000000001|874.74|880.3099999999999|11584
2020.10.12 17:00:00|880.3099999999999|882.6|876.17|879.27|9780
2020.10.12 18:00:00|879.29|881.5599999999999|874.27|877.21|6731
2020.10.12 19:00:00|877.24|878.2|872.53|876.73|4993
2020.10.12 20:00:00|876.7|877.9400000000001|866.41|875.24|5722
2020.10.12 21:00:00|875.1900000000001|877.42|873.67|875.11|3969
2020.10.12 22:00:00|875.11|877.26|874.91|875.4299999999999|2249
2020.10.13 10:00:00|872.6799999999999|873.3099999999999|866.24|866.8|5953
2020.10.13 11:00:00|866.8200000000001|873.61|866.62|873.5599999999999|5023
2020.10.13 12:00:00|873.5599999999999|873.8|871.85|872.9|2828
2020.10.13 13:00:00|872.92|873.71|871.85|872.28|3008
2020.10.13 14:00:00|872.28|874.95|870.15|872.9|4693
2020.10.13 15:00:00|872.9|879.87|866.4299999999999|866.95|10406
2020.10.13 16:00:00|867.08|869.75|859.8|868.78|20832
2020.10.13 17:00:00|868.64|869.84|862.0700000000001|869.35|14796
2020.10.13 18:00:00|869.35|877.97|868.42|874.45|9277
2020.10.13 19:00:00|874.45|874.83|871.62|871.79|8986
2020.10.13 20:00:00|871.8099999999999|872.74|864.98|865.9|12834
2020.10.13 21:00:00|865.87|869.11|864.62|867.98|8819
2020.10.13 22:00:00|867.96|869.8200000000001|867.59|867.59|5059
2020.10.14 10:00:00|872.75|873.73|869.74|873.41|4816
2020.10.14 11:00:00|873.49|875.8099999999999|872.05|873.45|4122
2020.10.14 12:00:00|873.45|874.96|867.3|872.55|5103
2020.10.14 13:00:00|872.55|873.6799999999999|867.97|868.64|5028
2020.10.14 14:00:00|868.67|871.98|867.55|869.79|4710
2020.10.14 15:00:00|869.75|878.53|869.53|870.75|8118
2020.10.14 16:00:00|870.72|872.52|854.73|868.6799999999999|13200
2020.10.14 17:00:00|868.61|869.39|858.3099999999999|860.5700000000001|11404
2020.10.14 18:00:00|860.5700000000001|865.79|859.4400000000001|859.6900000000001|8423
2020.10.14 19:00:00|859.67|861.76|856.89|858.5|10449
2020.10.14 20:00:00|858.5|861.6900000000001|858|860.87|7715
2020.10.14 21:00:00|860.84|861.66|858.5700000000001|859.89|5684
2020.10.14 22:00:00|859.87|860.95|858.13|858.24|7342
2020.10.15 10:00:00|859.53|861.39|856.27|861|7818
2020.10.15 11:00:00|861.03|861.58|852.1900000000001|854.61|7592
2020.10.15 12:00:00|854.49|857.4299999999999|852.22|856.97|7203
2020.10.15 13:00:00|856.9400000000001|857.65|851.67|854.8200000000001|8182
2020.10.15 14:00:00|854.85|856.02|851.42|851.89|6388
2020.10.15 15:00:00|851.89|854.13|841.26|841.53|14898
2020.10.15 16:00:00|841.53|858.28|841.39|854.33|19952
2020.10.15 17:00:00|854.23|862.09|852.49|860.4400000000001|21144
2020.10.15 18:00:00|860.4400000000001|868.53|859.84|863.41|16939
2020.10.15 19:00:00|863.38|867.76|862.77|864.1|9808
2020.10.15 20:00:00|864.0700000000001|864.35|857.11|863.01|9427
2020.10.15 21:00:00|863.03|865.14|862.58|864.89|4864
2020.10.15 22:00:00|864.8099999999999|867.29|863.87|865.64|5269
2020.10.16 10:00:00|861.55|864.45|859.6900000000001|862.9299999999999|7568
2020.10.16 11:00:00|862.9|863.97|859.4299999999999|861.13|5914
2020.10.16 12:00:00|861.12|861.34|858.2|859.9299999999999|2760
2020.10.16 13:00:00|859.86|862.36|857.5599999999999|861.3200000000001|4608
2020.10.16 14:00:00|861.2|864.08|859.92|861.6|6556
2020.10.16 15:00:00|861.5700000000001|871.92|861.46|870.5700000000001|11673
2020.10.16 16:00:00|870.5|875.63|865.23|871.11|15136
2020.10.16 17:00:00|871.29|878.4299999999999|867.4400000000001|872.1799999999999|15983
2020.10.16 18:00:00|872.1799999999999|874.24|866|872.47|13336
2020.10.16 19:00:00|872.47|873.55|867.5599999999999|868.09|8258
2020.10.16 20:00:00|868.12|869.39|864.4|865|6360
2020.10.16 21:00:00|864.98|866.75|863.86|866.3|4397
2020.10.16 22:00:00|866.3|866.35|863.59|863.85|5346
2020.10.19 10:00:00|870.01|871.8|866.75|867.27|4302
2020.10.19 11:00:00|867.25|873.34|867.08|872.91|3297
2020.10.19 12:00:00|872.96|876.77|871.4|875.99|3257
2020.10.19 13:00:00|875.99|879.4400000000001|874.78|878.16|2432
2020.10.19 14:00:00|878.15|878.63|875.53|875.77|3621
2020.10.19 15:00:00|875.77|880.37|869.4400000000001|871.62|8281
2020.10.19 16:00:00|871.6|871.67|863.83|864.34|10653
2020.10.19 17:00:00|864.34|865.27|855.3|864.91|13857
2020.10.19 18:00:00|864.91|867.84|858.58|860.86|10750
2020.10.19 19:00:00|860.84|863.85|860.03|862.6900000000001|8476
2020.10.19 20:00:00|862.67|864.86|860.95|861.51|4415
2020.10.19 21:00:00|861.48|863.1799999999999|854.9400000000001|855.74|6812
2020.10.19 22:00:00|855.76|856.79|852.79|856.22|10655
2020.10.20 10:00:00|857.38|858.12|852.9400000000001|855.61|6554
2020.10.20 11:00:00|855.65|857.04|854.72|855.98|3444
2020.10.20 12:00:00|855.98|861.36|855.97|860.23|5273
2020.10.20 13:00:00|860.28|863.3|859.79|861.6|3165
2020.10.20 14:00:00|861.67|862.12|859.33|861.58|1771
2020.10.20 15:00:00|861.63|871.03|860.12|868.39|7804
2020.10.20 16:00:00|868.38|874.73|865.37|873.48|14584
2020.10.20 17:00:00|873.5|879.36|868.36|873.77|21019
2020.10.20 18:00:00|873.77|876.61|871.6|874.58|14822
2020.10.20 19:00:00|874.6|877.2|872.83|875.54|10837
2020.10.20 20:00:00|875.5700000000001|882.5700000000001|874.92|881.15|8409
2020.10.20 21:00:00|881.1900000000001|882.08|878.27|878.84|6933
2020.10.20 22:00:00|878.84|880.16|874.1799999999999|876.4299999999999|12224
2020.10.21 10:00:00|879.88|881.17|877.3099999999999|880.86|6232
2020.10.21 11:00:00|880.89|881.15|873.37|873.59|5334
2020.10.21 12:00:00|873.59|877.86|873.24|876.3099999999999|4480
2020.10.21 13:00:00|876.28|879.8|875.5|879.55|3402
2020.10.21 14:00:00|879.55|879.76|876.09|877.23|4809
2020.10.21 15:00:00|877.26|890.03|877.26|888.55|6979
2020.10.21 16:00:00|888.54|894.45|887.46|893.74|9824
2020.10.21 17:00:00|893.71|896.03|888.63|889.11|11334
2020.10.21 18:00:00|889.11|890.5599999999999|883.1900000000001|886.84|11105
2020.10.21 19:00:00|886.86|892.22|886.86|890.54|8984
2020.10.21 20:00:00|890.54|892.1|888.67|890.5700000000001|6612
2020.10.21 21:00:00|890.62|891.92|889.97|891.28|3483
2020.10.21 22:00:00|891.28|891.6|887.54|888.63|5374
2020.10.22 10:00:00|891.72|892.84|887.21|891.62|5235
2020.10.22 11:00:00|891.62|892.97|889.46|889.75|4075
2020.10.22 12:00:00|889.78|890.01|886.36|888.78|3779
2020.10.22 13:00:00|888.78|890.01|885.5700000000001|888.21|3857
2020.10.22 14:00:00|888.21|888.76|883.38|884.4400000000001|3134
2020.10.22 15:00:00|884.4400000000001|885.03|861.88|864.77|11612
2020.10.22 16:00:00|864.87|872.22|861.15|861.8200000000001|9175
2020.10.22 17:00:00|861.92|875.3|860.63|874.86|13848
2020.10.22 18:00:00|874.85|883.79|874.39|881.12|7073
2020.10.22 19:00:00|881.21|883.84|879.9400000000001|883.11|4004
2020.10.22 20:00:00|883.21|887.67|881.77|884.96|4762
2020.10.22 21:00:00|884.98|886.62|884.4299999999999|886.1799999999999|4624
2020.10.22 22:00:00|886.1799999999999|886.36|883.76|885.64|3746
2020.10.23 10:00:00|885.66|891.45|885.66|891.13|5125
2020.10.23 11:00:00|891.12|893.33|889.74|889.9|4372
2020.10.23 12:00:00|889.9|891.86|888.87|890.3|3719
2020.10.23 13:00:00|890.27|892.9299999999999|889.23|892.45|3409
2020.10.23 14:00:00|892.47|903.8099999999999|891.87|900.62|5364
2020.10.23 15:00:00|900.92|914.39|900.92|911.29|9364
2020.10.23 16:00:00|911.26|917.83|908.51|910.98|11163
2020.10.23 17:00:00|910.83|919.03|904.9|908.6799999999999|11967
2020.10.23 18:00:00|908.72|916.21|904.96|910.92|9459
2020.10.23 19:00:00|911.02|912.85|902.65|903.2|8818
2020.10.23 20:00:00|903.1799999999999|905.97|901.38|904.83|6821
2020.10.23 21:00:00|904.86|907.6799999999999|904.6|904.9299999999999|3162
2020.10.23 22:00:00|905.03|907.61|903.8200000000001|906.75|3536
2020.10.26 10:00:00|889.58|892.05|886.16|889.6799999999999|5299
2020.10.26 11:00:00|889.66|891.8099999999999|886.35|890.89|4333
2020.10.26 12:00:00|890.89|895.88|886.3200000000001|895.85|4660
2020.10.26 13:00:00|895.88|897.76|886.25|888.39|4958
2020.10.26 14:00:00|888.37|888.58|869.76|874.92|11602
2020.10.26 15:00:00|874.97|884.85|871.83|882.73|14337
2020.10.26 16:00:00|882.8|882.8|871.6|874.04|14067
2020.10.26 17:00:00|873.86|877.72|869.52|875.78|16552
2020.10.26 18:00:00|875.79|877.8200000000001|872.26|873.55|8907
2020.10.26 19:00:00|873.5700000000001|877.84|870.53|872.45|9190
2020.10.26 20:00:00|872.42|876.24|871.73|874.46|6218
2020.10.26 21:00:00|874.52|875.22|873.4400000000001|875.08|4336
2020.10.26 22:00:00|875.17|876.1|871.14|871.6799999999999|1703
2020.10.27 10:00:00|878.65|879.39|874.66|877.14|6393
2020.10.27 11:00:00|877.0700000000001|877.79|871.46|872.29|4718
2020.10.27 12:00:00|872.29|876.45|872.29|876.45|4813
2020.10.27 13:00:00|876.4|878.55|875.09|877.3099999999999|4727
2020.10.27 14:00:00|877.29|882.8|876.0700000000001|877.46|6316
2020.10.27 15:00:00|877.46|881.2|874.6799999999999|879.99|12504
2020.10.27 16:00:00|879.98|886.7|878.3099999999999|885.66|12175
2020.10.27 17:00:00|885.61|887.47|884.49|886.64|10648
2020.10.27 18:00:00|886.64|887.61|883.14|885.84|7458
2020.10.27 19:00:00|885.86|887.95|884.78|886.9|4810
2020.10.27 20:00:00|886.9|887.33|883.92|884.61|4565
2020.10.27 21:00:00|884.66|885.34|881.83|882.9299999999999|5513
2020.10.27 22:00:00|882.9299999999999|883.25|880.83|881.34|2310
2020.10.28 10:00:00|884.46|885.87|875.85|880.37|11545
2020.10.28 11:00:00|880.3200000000001|881.27|874.55|876.97|7060
2020.10.28 12:00:00|877.02|879.34|872.54|873.55|6892
2020.10.28 13:00:00|873.51|874.85|867.0599999999999|870.87|12445
2020.10.28 14:00:00|870.89|871.23|855.9|865.27|18784
2020.10.28 15:00:00|865.16|865.87|856.8|863.26|14340
2020.10.28 16:00:00|863.1799999999999|872.12|859.11|865.29|20600
2020.10.28 17:00:00|865.27|879.5|861.79|877.66|10759
2020.10.28 18:00:00|877.71|878.67|870.88|874.01|8019
2020.10.28 19:00:00|873.99|875.01|867.78|873.66|7217
2020.10.28 20:00:00|873.6900000000001|875.9|870.5599999999999|873.1|8321
2020.10.28 21:00:00|873.1|874.25|869.72|871.25|10654
2020.10.28 22:00:00|871.3200000000001|871.8200000000001|866.1799999999999|867.53|2820
2020.10.29 10:00:00|871.9|873.1|863.72|864.39|9881
2020.10.29 11:00:00|864.38|869.3099999999999|864.2|864.8200000000001|5916
2020.10.29 12:00:00|864.74|865.6799999999999|860.8|864.45|5551
2020.10.29 13:00:00|864.51|865.28|858.34|858.79|7766
2020.10.29 14:00:00|858.8|866.1|852.85|856.34|14807
2020.10.29 15:00:00|856.25|865.5599999999999|852.4|861.6799999999999|25077
2020.10.29 16:00:00|861.78|861.83|854.41|856.63|18272
2020.10.29 17:00:00|856.63|856.8|844.46|845.1|14270
2020.10.29 18:00:00|845.11|851.5700000000001|843.64|846.1900000000001|10900
2020.10.29 19:00:00|846.26|850.89|845.63|850.4299999999999|8838
2020.10.29 20:00:00|850.4299999999999|853.38|849.98|852.11|7092
2020.10.29 21:00:00|852.16|854.3200000000001|850.63|850.6799999999999|6748
2020.10.29 22:00:00|850.76|852.52|844.8|846.86|2730
2020.10.30 10:00:00|848.5|852.03|846.77|850.59|11435
2020.10.30 11:00:00|850.62|856.64|850.26|854.52|6221
2020.10.30 12:00:00|854.55|855.98|851.25|854.4|6423
2020.10.30 13:00:00|854.34|857.6799999999999|852.62|856.21|7791
2020.10.30 14:00:00|856.21|860.1900000000001|851.45|858.1799999999999|8453
2020.10.30 15:00:00|858.15|859.55|849.45|852.36|14467
2020.10.30 16:00:00|852.35|853.28|842.5|846.63|20205
2020.10.30 17:00:00|846.8099999999999|851.63|844.71|846.66|17424
2020.10.30 18:00:00|846.64|851.2|845.8|845.9|8715
2020.10.30 19:00:00|845.9|848.86|844.6|846.24|10083
2020.10.30 20:00:00|846.24|847.71|844.29|846.61|8372
2020.10.30 21:00:00|846.61|847.66|845.47|847.41|8416
2020.10.30 22:00:00|847.41|849.02|844.49|844.53|999
2020.11.02 10:00:00|854.05|854.25|848.6799999999999|851.91|5927
2020.11.02 11:00:00|851.9299999999999|859.1|851.55|856.47|5905
2020.11.02 12:00:00|856.39|856.99|853.76|855.5|4655
2020.11.02 13:00:00|855.58|858.67|855.37|857.65|4794
2020.11.02 14:00:00|857.55|862.42|852.96|854.47|4848
2020.11.02 15:00:00|854.47|860.71|853.89|855.13|7068
2020.11.02 16:00:00|855.1|861.48|854.2|859.28|8532
2020.11.02 17:00:00|859.28|865.3|854.79|855.98|10096
2020.11.02 18:00:00|855.98|861.9|854.1|857.98|6767
2020.11.02 19:00:00|858.03|860.71|856.5|859.8|3285
2020.11.02 20:00:00|859.83|860.3099999999999|855.16|855.8|2783
2020.11.02 21:00:00|855.75|861.74|855.47|861.34|2270
2020.11.02 22:00:00|861.3099999999999|861.88|859.8|861.33|2285
2020.11.03 10:00:00|858.6799999999999|868.65|856.73|868.29|4030
2020.11.03 11:00:00|868.11|875.51|866.75|874.48|4648
2020.11.03 12:00:00|874.49|876.01|870.37|870.8200000000001|2728
2020.11.03 13:00:00|870.83|877.78|870.8200000000001|875.5700000000001|3268
2020.11.03 14:00:00|875.5599999999999|877.67|874.24|874.64|3363
2020.11.03 15:00:00|874.6900000000001|885.01|874.36|874.71|7910
2020.11.03 16:00:00|874.71|876.63|860.55|863.53|5362
2020.11.03 17:00:00|863.54|870.29|861.64|870.09|7012
2020.11.03 18:00:00|869.76|877.65|869.47|872.83|7396
2020.11.03 19:00:00|872.92|874.3|870.71|872.54|4660
2020.11.03 20:00:00|872.59|874.75|869.59|870.28|4695
2020.11.03 21:00:00|870.1900000000001|871.6|867.3200000000001|867.97|3497
2020.11.03 22:00:00|867.89|870.34|865.76|869.21|4327
2020.11.04 10:00:00|854.62|860.13|850.11|858.15|4784
2020.11.04 11:00:00|858.15|862.77|857.36|860|4406
2020.11.04 12:00:00|859.99|862.55|856.15|860.49|3453
2020.11.04 13:00:00|860.42|871.75|858.26|869.96|3525
2020.11.04 14:00:00|869.92|875.42|869.33|872.4299999999999|4922
2020.11.04 15:00:00|872.26|876.83|869.3|873.03|6224
2020.11.04 16:00:00|873.12|876.8|864.91|869.85|8487
2020.11.04 17:00:00|869.79|880.55|868.97|875.37|7342
2020.11.04 18:00:00|875.37|876.8099999999999|869.5599999999999|875.1799999999999|6023
2020.11.04 19:00:00|875.1799999999999|876.08|866.1799999999999|866.49|6214
2020.11.04 20:00:00|866.49|872.27|864.74|870.6900000000001|4832
2020.11.04 21:00:00|870.72|871.5700000000001|868.11|870.9|3365
2020.11.04 22:00:00|870.9|871.3099999999999|868.6|870.87|3248
2020.11.05 10:00:00|882.78|888.1|880.66|884.42|5178
2020.11.05 11:00:00|884.42|888.13|882.63|885.99|4387
2020.11.05 12:00:00|885.99|890.25|884.03|889.2|4045
2020.11.05 13:00:00|889.22|890.53|884.37|886.74|4394
2020.11.05 14:00:00|886.71|892.11|883.9|889.8|5202
2020.11.05 15:00:00|889.8|898.61|888.34|895.6799999999999|6465
2020.11.05 16:00:00|895.6799999999999|897.53|888.9|895.74|8069
2020.11.05 17:00:00|895.77|907.36|895.77|902.55|10203
2020.11.05 18:00:00|902.63|906.5700000000001|896.77|897.17|6825
2020.11.05 19:00:00|897.17|898.22|893.42|896.05|5194
2020.11.05 20:00:00|896.05|897.1900000000001|886.8099999999999|890.13|4244
2020.11.05 21:00:00|890.08|896.97|889.88|896.66|5164
2020.11.05 22:00:00|896.74|897.72|892.8|894.63|4659
2020.11.06 10:00:00|900.28|905.67|898.16|898.41|3738
2020.11.06 11:00:00|898.41|901.91|896.14|898.86|3872
2020.11.06 12:00:00|898.6900000000001|902.3|897|900.9400000000001|3141
2020.11.06 13:00:00|900.91|906.63|900.5700000000001|904.01|2980
2020.11.06 14:00:00|904|905.83|898.5700000000001|900.54|3223
2020.11.06 15:00:00|900.54|912.67|899.11|910.41|7457
2020.11.06 16:00:00|910.53|914.1900000000001|893.97|894.75|12111
2020.11.06 17:00:00|894.75|900.52|892.76|893.05|8682
2020.11.06 18:00:00|893.05|895.45|888.17|889.75|7683
2020.11.06 19:00:00|889.75|897.3200000000001|889.23|897.2|4178
2020.11.06 20:00:00|897.22|898.14|893.47|898.0599999999999|2870
2020.11.06 21:00:00|898.0599999999999|898.8|894.66|894.9400000000001|2157
2020.11.06 22:00:00|894.99|896.4|893.7|894.4400000000001|2728
2020.11.09 10:00:00|900.03|904.85|898.77|901.16|3639
2020.11.09 11:00:00|901.16|903.39|900.89|902.17|2713
2020.11.09 12:00:00|902.17|904.8|902.04|904.0700000000001|1769
2020.11.09 13:00:00|904.1|906.37|891.85|894.1900000000001|6654
2020.11.09 14:00:00|894.1900000000001|894.35|869.4299999999999|883.55|15034
2020.11.09 15:00:00|883.5|883.5|855.67|864.8200000000001|16457
2020.11.09 16:00:00|864.79|870.0599999999999|855.41|857.83|14288
2020.11.09 17:00:00|857.8|859.86|853.54|857.4400000000001|15617
2020.11.09 18:00:00|857.4400000000001|858.91|847.8200000000001|857.87|10687
2020.11.09 19:00:00|858.0700000000001|866.14|857.88|865.28|6619
2020.11.09 20:00:00|865.24|868.8099999999999|862.9|864.62|4917
2020.11.09 21:00:00|864.62|871.13|864.0599999999999|869.28|3985
2020.11.09 22:00:00|869.24|870.8200000000001|866.62|866.78|3455
2020.11.10 10:00:00|873.73|879.79|873.71|878.55|4887
2020.11.10 11:00:00|878.55|880.1|873.2|875.1|4008
2020.11.10 12:00:00|875.1|877|869.14|870.4400000000001|4917
2020.11.10 13:00:00|870.4400000000001|877.65|869.6|877.1799999999999|3882
2020.11.10 14:00:00|877.1799999999999|878.51|870.42|873.67|3259
2020.11.10 15:00:00|873.77|874.5|865.91|871.48|3834
2020.11.10 16:00:00|871.48|874.64|865.64|874.46|5357
2020.11.10 17:00:00|874.51|883.5599999999999|873.04|882.97|5320
2020.11.10 18:00:00|883.02|888.62|882.52|887.76|3746
2020.11.10 19:00:00|887.8200000000001|893.48|887.8200000000001|892.34|3066
2020.11.10 20:00:00|892.39|894.04|882.97|886.5700000000001|3171
2020.11.10 21:00:00|886.38|887.24|883.4|886.77|3608
2020.11.10 22:00:00|886.76|887.04|882.52|883.03|2876
2020.11.11 10:00:00|884.5599999999999|887.02|882.26|885.78|3577
2020.11.11 11:00:00|885.74|889.89|884.33|889.05|3146
2020.11.11 12:00:00|888.78|889.62|884.08|884.75|2455
2020.11.11 13:00:00|884.75|886.12|881.35|884.3099999999999|2399
2020.11.11 14:00:00|884.3099999999999|885.61|879.5|880.3099999999999|3281
2020.11.11 15:00:00|880.3|881.62|867.3200000000001|869.17|6075
2020.11.11 16:00:00|869.1900000000001|873.38|860.08|863.0700000000001|7598
2020.11.11 17:00:00|862.89|865.9400000000001|858.3099999999999|864.13|5401
2020.11.11 18:00:00|864.2|868.4400000000001|862.62|865.52|2302
2020.11.11 19:00:00|865.37|866.21|858.74|864.3200000000001|2068
2020.11.11 20:00:00|864.35|868.9299999999999|861.92|865.62|1887
2020.11.11 21:00:00|865.72|866.76|862.9400000000001|863.95|1183
2020.11.11 22:00:00|863.98|867.46|863.83|866.0599999999999|1003
2020.11.12 10:00:00|866.4400000000001|869.71|864.59|868.58|2904
2020.11.12 11:00:00|868.6799999999999|873.42|866.53|871.99|2782
2020.11.12 12:00:00|872.14|873.14|869.84|870.27|2366
2020.11.12 13:00:00|870.24|876.75|870.17|872.55|2661
2020.11.12 14:00:00|872.55|873.25|869.22|869.53|2496
2020.11.12 15:00:00|869.5599999999999|875.7|866.4299999999999|875.22|3850
2020.11.12 16:00:00|875.22|879.91|873.76|879.1799999999999|4245
2020.11.12 17:00:00|879.11|885.77|877.4299999999999|883.5599999999999|3441
2020.11.12 18:00:00|883.71|885.35|880.38|882.65|2221
2020.11.12 19:00:00|882.7|884.95|882.1900000000001|883.01|1712
2020.11.12 20:00:00|882.96|884.34|880.89|883.6900000000001|1808
2020.11.12 21:00:00|883.65|884.52|880.13|881.1900000000001|1456
2020.11.12 22:00:00|880.84|880.84|878.48|879.63|1572
2020.11.13 10:00:00|890.01|891.83|885.84|887.15|2581
2020.11.13 11:00:00|887.27|892.12|885.86|891.8|2574
2020.11.13 12:00:00|891.8|892.65|889.85|890.52|2666
2020.11.13 13:00:00|890.5|890.86|887.78|888.37|1634
2020.11.13 14:00:00|888.41|892.95|888.14|890.85|2119
2020.11.13 15:00:00|890.79|897.9299999999999|890.47|896.62|3732
2020.11.13 16:00:00|896.5599999999999|897.3099999999999|890.29|891.1799999999999|5214
2020.11.13 17:00:00|891.17|894.77|886|891.64|3627
2020.11.13 18:00:00|891.64|893.91|890.48|891.14|1618
2020.11.13 19:00:00|891.1900000000001|895.34|890.33|894.3|1258
2020.11.13 20:00:00|894.25|895.15|889.72|891.6799999999999|1588
2020.11.13 21:00:00|891.75|893.8200000000001|890.99|893.59|1111
2020.11.13 22:00:00|893.61|893.61|891.75|892.8|987
2020.11.16 10:00:00|904.51|908.86|903.49|905.96|2196
2020.11.16 11:00:00|905.99|908.36|904.6799999999999|906.02|1766
2020.11.16 12:00:00|905.95|906.49|903.85|905.1900000000001|1238
2020.11.16 13:00:00|905.22|905.5599999999999|889.34|890|5753
2020.11.16 14:00:00|889.97|898.45|887.76|893.49|8982
2020.11.16 15:00:00|893.4400000000001|909.55|890.11|909.16|7980
2020.11.16 16:00:00|909.16|912.36|902.72|903.25|8987
2020.11.16 17:00:00|903.2|912.6799999999999|901.65|912.58|5874
2020.11.16 18:00:00|912.6|928.45|911.83|926.84|5704
2020.11.16 19:00:00|926.89|928.91|923.9|928.26|3868
2020.11.16 20:00:00|928.29|928.58|922.55|923.01|3884
2020.11.16 21:00:00|923.01|926.37|922.45|922.5700000000001|2702
2020.11.16 22:00:00|922.5700000000001|928|922.48|927.9|2927
2020.11.17 10:00:00|921.1|926.28|919.48|924.33|2132
2020.11.17 11:00:00|924.38|927.46|921.92|923.47|2603
2020.11.17 12:00:00|923.47|924.45|921.15|924.3200000000001|2376
2020.11.17 13:00:00|924.3200000000001|927.62|924.14|927.05|2498
2020.11.17 14:00:00|927.05|931.02|925.13|928.0599999999999|3340
2020.11.17 15:00:00|928.16|936.08|927.02|934.87|6728
2020.11.17 16:00:00|934.8200000000001|937.1799999999999|928.55|935.02|8002
2020.11.17 17:00:00|935.04|937.38|927.61|933.9|6945
2020.11.17 18:00:00|933.9|936.79|931.33|931.5|3960
2020.11.17 19:00:00|931.41|933.63|929.49|933.1799999999999|2259
2020.11.17 20:00:00|933.1799999999999|935.95|931.4400000000001|932.8200000000001|2060
2020.11.17 21:00:00|932.85|936.6|932.71|935.42|1992
2020.11.17 22:00:00|935.42|936.04|929.0599999999999|930.71|2572
2020.11.18 10:00:00|936.83|940.39|934.77|936.12|3284
2020.11.18 11:00:00|936.37|938.85|933.05|936.46|2648
2020.11.18 12:00:00|936.54|938.36|926.52|926.73|2711
2020.11.18 13:00:00|926.73|930.64|924.3099999999999|925.12|3498
2020.11.18 14:00:00|925.12|926.4|910.09|925.17|5685
2020.11.18 15:00:00|925.17|935.8|923.52|935.34|5035
2020.11.18 16:00:00|935.36|939.78|932.63|938.01|5091
2020.11.18 17:00:00|938.09|951.26|937.71|950.98|5925
2020.11.18 18:00:00|950.98|955.54|942.1799999999999|947.11|4748
2020.11.18 19:00:00|947.11|950.9400000000001|945.75|946.89|2940
2020.11.18 20:00:00|946.84|950.3200000000001|943.54|946.25|3922
2020.11.18 21:00:00|946.22|947.73|944.12|947.14|2609
2020.11.18 22:00:00|947.14|947.62|942.66|942.9400000000001|2574
2020.11.19 10:00:00|938.9|940.89|933.75|935.95|4264
2020.11.19 11:00:00|935.95|940.21|934.41|937.97|3535
2020.11.19 12:00:00|937.9299999999999|941.65|935.45|941.54|2737
2020.11.19 13:00:00|941.54|950.62|937.88|947.73|2819
2020.11.19 14:00:00|947.6|951.45|946.99|948.5|2502
2020.11.19 15:00:00|948.49|953.45|938.39|943.49|7318
2020.11.19 16:00:00|943.49|947.83|938.6900000000001|943.99|7161
2020.11.19 17:00:00|943.91|952.46|943.36|945.59|6425
2020.11.19 18:00:00|945.74|947.09|940.0700000000001|945.74|5029
2020.11.19 19:00:00|945.74|945.87|941.92|944.15|2577
2020.11.19 20:00:00|944.15|948.99|940.96|946.15|2798
2020.11.19 21:00:00|946.15|951.12|945.87|949.15|2704
2020.11.19 22:00:00|949.1|954.4299999999999|948.08|953.84|3002
2020.11.20 10:00:00|956.36|959.13|956.05|958.28|3178
2020.11.20 11:00:00|958.3|959.59|946.7|950.92|4989
2020.11.20 12:00:00|950.92|956.11|950.67|953.66|2887
2020.11.20 13:00:00|953.66|958.84|953.33|957.61|2419
2020.11.20 14:00:00|957.5599999999999|958.71|953.48|955.74|2582
2020.11.20 15:00:00|955.74|962.3200000000001|954.8200000000001|956.78|4799
2020.11.20 16:00:00|956.78|964.26|955.62|958.1|7054
2020.11.20 17:00:00|958.08|962.64|949.8099999999999|950.71|4888
2020.11.20 18:00:00|950.64|955.89|948.1799999999999|950.76|3928
2020.11.20 19:00:00|950.76|952.65|949.72|951.62|2231
2020.11.20 20:00:00|951.65|954.17|951.34|953.03|2201
2020.11.20 21:00:00|953.02|955.73|952.46|953.33|1873
2020.11.20 22:00:00|953.36|953.75|951.83|951.97|2161
2020.11.23 10:00:00|950.8099999999999|951.72|946.23|947.1799999999999|3968
2020.11.23 11:00:00|947.16|952.42|946.4|951.73|2661
2020.11.23 12:00:00|951.71|952.08|945.17|948.52|2814
2020.11.23 13:00:00|948.52|949.21|933.9|938.63|4043
2020.11.23 14:00:00|938.4299999999999|943.3200000000001|936.77|942.9|3026
2020.11.23 15:00:00|942.86|950.1|940.71|948.8099999999999|5320
2020.11.23 16:00:00|948.8099999999999|950.0599999999999|930.26|934.5|10183
2020.11.23 17:00:00|934.65|942.08|931.33|933.53|11878
2020.11.23 18:00:00|933.51|935.41|918.13|924.5700000000001|10058
2020.11.23 19:00:00|924.5599999999999|929.74|922.72|927.64|3675
2020.11.23 20:00:00|927.72|931.84|927.48|930.13|3216
2020.11.23 21:00:00|930.1|931.71|928.41|931.6799999999999|2594
2020.11.23 22:00:00|931.61|933.88|928.87|929.62|2989
2020.11.24 10:00:00|932.72|940.9299999999999|932.72|937.02|4563
2020.11.24 11:00:00|937.02|944.24|937.02|939.03|3102
2020.11.24 12:00:00|939.03|941.4400000000001|926.6900000000001|927.4299999999999|4749
2020.11.24 13:00:00|927.48|930.89|926.37|929.0599999999999|4326
2020.11.24 14:00:00|929.1|931.25|928.26|929.84|3574
2020.11.24 15:00:00|929.87|938.1799999999999|923.77|935.91|7747
2020.11.24 16:00:00|935.86|954.64|934.15|952.27|10779
2020.11.24 17:00:00|952.27|963.9400000000001|949.99|958.63|12649
2020.11.24 18:00:00|958.63|960.22|953.51|954.15|6205
2020.11.24 19:00:00|954.15|959.42|953.67|956.91|3382
2020.11.24 20:00:00|956.88|959.36|953.49|957.71|3777
2020.11.24 21:00:00|957.74|960.25|955.66|959.5|3035
2020.11.24 22:00:00|959.45|961.13|958.76|960.36|3430
2020.11.25 10:00:00|967.77|968.4|961.21|962.59|3575
2020.11.25 11:00:00|962.6799999999999|964.85|957.87|963.49|2822
2020.11.25 12:00:00|963.49|963.63|958.55|960.11|2960
2020.11.25 13:00:00|960.21|960.96|951.26|955.0599999999999|4375
2020.11.25 14:00:00|955.04|960.17|947.8200000000001|958.86|3739
2020.11.25 15:00:00|958.83|966.34|955.13|958.7|5919
2020.11.25 16:00:00|958.29|960.1799999999999|950.5700000000001|960.01|7534
2020.11.25 17:00:00|960.0599999999999|967.92|958.91|965.0599999999999|6369
2020.11.25 18:00:00|965.0599999999999|968.77|963.4|967.21|3641
2020.11.25 19:00:00|967.1799999999999|970.52|967.1799999999999|969.01|1911
2020.11.25 20:00:00|969.01|969.47|963.64|965.59|3001
2020.11.25 21:00:00|965.49|966.37|961.4400000000001|964.8099999999999|3461
2020.11.25 22:00:00|964.86|968.27|964.5700000000001|967.05|2819
2020.11.26 10:00:00|967.04|968.4|964.29|964.9400000000001|2910
2020.11.26 11:00:00|964.9400000000001|965.36|960.26|961.83|2417
2020.11.26 12:00:00|961.83|963.5700000000001|960.76|963.38|1446
2020.11.26 13:00:00|963.38|964.46|962.48|963.33|1108
2020.11.26 14:00:00|963.42|964.21|958.04|958.87|1429
2020.11.26 15:00:00|958.87|961.23|956.8200000000001|957.61|3019
2020.11.26 16:00:00|957.61|960.29|951.54|952.42|3702
2020.11.26 17:00:00|952.39|959.5700000000001|949.62|958.8099999999999|2105
2020.11.26 18:00:00|958.85|963.86|958.21|963.01|1497
2020.11.26 19:00:00|962.88|964.05|960.9299999999999|961.8200000000001|1130
2020.11.27 10:00:00|956.65|961.72|956.34|961.05|2590
2020.11.27 11:00:00|961.05|964.84|956.33|957.53|3079
2020.11.27 12:00:00|957.53|962.3200000000001|954.87|959.04|3804
2020.11.27 13:00:00|959.04|961.79|957.7|958.3|2247
2020.11.27 14:00:00|958.3|962.7|958.11|960.95|3093
2020.11.27 15:00:00|960.98|961.13|947.63|948.2|12393
2020.11.27 16:00:00|948.2|962.99|946.4400000000001|961.5700000000001|10941
2020.11.27 17:00:00|961.62|969.83|960|966.3|7478
2020.11.27 18:00:00|966.25|971.47|964.34|964.5700000000001|4902
2020.11.27 19:00:00|964.58|967.48|961.4299999999999|967.12|3669
2020.11.27 20:00:00|967.12|967.8|965.28|965.37|673
2020.11.30 10:00:00|959.67|962.16|956.4299999999999|959.0700000000001|5211
2020.11.30 11:00:00|959.02|962.78|957.21|960.3200000000001|4130
2020.11.30 12:00:00|960.3200000000001|960.58|955.42|956.84|4960
2020.11.30 13:00:00|956.84|964.84|956.64|960.52|4564
2020.11.30 14:00:00|960.5|968.37|960.4400000000001|966.6799999999999|5977
2020.11.30 15:00:00|966.76|979.13|966.45|977.1|11037
2020.11.30 16:00:00|977.0700000000001|978.95|972.26|977.77|10743
2020.11.30 17:00:00|977.77|979.91|965.4299999999999|968.6900000000001|11408
2020.11.30 18:00:00|968.76|970.08|961.5700000000001|968.73|9091
2020.11.30 19:00:00|968.78|976.72|968.58|975.79|5292
2020.11.30 20:00:00|975.71|975.71|959.35|965.76|4898
2020.11.30 21:00:00|965.71|969.86|964.39|969.76|1961
2020.11.30 22:00:00|969.79|970.3099999999999|964.37|964.91|2073
2020.12.01 10:00:00|985|988.75|983.55|987.25|3431
2020.12.01 11:00:00|987.08|989.48|978.92|981.67|3065
2020.12.01 12:00:00|981.59|984.49|979.85|984.2|2702
2020.12.01 13:00:00|984.2|987.9299999999999|981.77|982.4400000000001|3485
2020.12.01 14:00:00|982.39|985.87|980.85|985.76|4307
2020.12.01 15:00:00|985.76|991.1799999999999|985.64|989.9|6446
2020.12.01 16:00:00|989.95|995.24|986.1799999999999|990.39|9689
2020.12.01 17:00:00|990.54|994.34|986.04|993.71|10232
2020.12.01 18:00:00|993.71|1001.88|993.59|1001.26|8104
2020.12.01 19:00:00|1001.26|1002.76|998.71|1000.22|5828
2020.12.01 20:00:00|1000.24|1001.75|997.99|1000.54|3300
2020.12.01 21:00:00|1000.59|1002.31|1000.39|1001.37|2210
2020.12.01 22:00:00|1001.4|1002.52|1000.2|1002.09|1843
2020.12.02 10:00:00|992.17|1004.34|990.47|1002.25|4102
2020.12.02 11:00:00|1002.25|1002.87|995.9400000000001|1000.37|4721
2020.12.02 12:00:00|1000.37|1014.07|1000.06|1012.75|4946
2020.12.02 13:00:00|1012.75|1013.99|1009.62|1012.1|3984
2020.12.02 14:00:00|1012.1|1012.25|1001.1|1008.91|5285
2020.12.02 15:00:00|1008.89|1013.6|1007.79|1010.35|9616
2020.12.02 16:00:00|1010.35|1014.04|1005.83|1012.5|8614
2020.12.02 17:00:00|1012.6|1018.12|1011.58|1017.51|6817
2020.12.02 18:00:00|1017.53|1018.74|1010.35|1010.41|5808
2020.12.02 19:00:00|1010.36|1012.69|1007.62|1008.12|3872
2020.12.02 20:00:00|1008.16|1012.65|1006.15|1011.88|3305
2020.12.02 21:00:00|1011.85|1013.05|1008.86|1012.06|3293
2020.12.02 22:00:00|1012.08|1012.53|1010.04|1011.54|2682
2020.12.03 10:00:00|1027.35|1028.13|1021.51|1024.45|4149
2020.12.03 11:00:00|1024.45|1026.4|1020.8|1024.95|3495
2020.12.03 12:00:00|1024.92|1029.31|1023.83|1027.71|2956
2020.12.03 13:00:00|1027.76|1029.75|1026.81|1028.99|4055
2020.12.03 14:00:00|1028.96|1032.79|1026.86|1029.14|4453
2020.12.03 15:00:00|1029.16|1034.19|1022.26|1022.73|8615
2020.12.03 16:00:00|1022.73|1030.67|1021.44|1027.49|10821
2020.12.03 17:00:00|1027.54|1035.67|1023.89|1025.06|8150
2020.12.03 18:00:00|1025.06|1026.29|998.54|1026.09|8722
2020.12.03 19:00:00|1026.22|1029.62|1021.82|1028.94|4993
2020.12.03 20:00:00|1029.02|1034.3|1027.81|1029.47|3987
2020.12.03 21:00:00|1029.49|1034.6|1028.54|1033.83|2729
2020.12.03 22:00:00|1033.78|1036.89|1031.65|1034.15|5311
2020.12.04 10:00:00|1041.25|1048.85|1040.24|1043.43|2959
2020.12.04 11:00:00|1043.34|1054.86|1043.08|1051.51|2637
2020.12.04 12:00:00|1051.36|1058.33|1050.65|1056.03|2449
2020.12.04 13:00:00|1056.03|1060.23|1054.62|1059.78|2582
2020.12.04 14:00:00|1059.68|1061.58|1054.25|1054.63|4330
2020.12.04 15:00:00|1054.7|1064.77|1053.75|1060.5|13692
2020.12.04 16:00:00|1060.54|1080.38|1059.47|1073.84|12936
2020.12.04 17:00:00|1073.84|1076.46|1048.5|1053.89|12953
2020.12.04 18:00:00|1053.95|1060.23|1046.9|1059.38|7210
2020.12.04 19:00:00|1059.28|1064.47|1057.4|1062.21|3721
2020.12.04 20:00:00|1062.21|1064.39|1059.88|1063.09|2910
2020.12.04 21:00:00|1063.03|1063.95|1060.06|1062.36|1412
2020.12.04 22:00:00|1062.3|1063.43|1061.59|1062.65|2870
2020.12.07 10:00:00|1042.13|1042.66|1022.71|1033.71|10658
2020.12.07 11:00:00|1033.76|1036.1|1024.36|1025.27|7436
2020.12.07 12:00:00|1025.43|1027.67|1003.98|1022.88|8104
2020.12.07 13:00:00|1022.86|1022.92|1013.75|1017.98|5651
2020.12.07 14:00:00|1017.91|1024.3|1016.9|1023.63|4424
2020.12.07 15:00:00|1023.59|1028.06|1016.01|1023.11|7814
2020.12.07 16:00:00|1023.15|1039.45|1019.85|1038.41|9915
2020.12.07 17:00:00|1038.45|1046.67|1030.61|1043.58|10686
2020.12.07 18:00:00|1043.6|1047.04|1038.17|1041.55|4765
2020.12.07 19:00:00|1041.5|1044.19|1034.72|1038.89|3296
2020.12.07 20:00:00|1038.83|1040.62|1032.1|1034.82|3880
2020.12.07 21:00:00|1034.7|1034.71|1028.75|1032.24|2977
2020.12.07 22:00:00|1032.3|1032.45|1020.39|1025.71|4007
2020.12.08 10:00:00|1017|1022.26|1013.51|1021.26|4200
2020.12.08 11:00:00|1021.33|1025.56|1021.28|1022.21|3830
2020.12.08 12:00:00|1022.26|1024.49|1020.62|1022.76|1999
2020.12.08 13:00:00|1022.76|1023.27|1016.38|1016.64|3188
2020.12.08 14:00:00|1016.65|1025.05|1016.62|1024.57|3233
2020.12.08 15:00:00|1024.58|1031.11|1023.8|1024.06|9392
2020.12.08 16:00:00|1024.01|1034.01|1021.84|1028.7|10046
2020.12.08 17:00:00|1028.63|1031.42|1021.09|1027.58|11817
2020.12.08 18:00:00|1027.63|1029.95|1022.32|1026.06|5224
2020.12.08 19:00:00|1026.08|1027.9|1024.74|1025.93|3255
2020.12.08 20:00:00|1025.88|1028|1023.9|1026.45|2783
2020.12.08 21:00:00|1026.48|1027.59|1024.15|1026|2357
2020.12.08 22:00:00|1025.95|1027.04|1024.36|1025.9|2155
2020.12.09 10:00:00|1023.44|1028.47|1022.15|1027.45|3397
2020.12.09 11:00:00|1027.45|1028.67|1022.11|1026.24|2991
2020.12.09 12:00:00|1026.19|1027.12|1017.86|1020.24|3317
2020.12.09 13:00:00|1020.25|1023.61|1012.92|1013.52|2804
2020.12.09 14:00:00|1013.63|1019.76|1013.44|1016.37|3242
2020.12.09 15:00:00|1016.43|1026.81|1015.82|1022.44|6700
2020.12.09 16:00:00|1022.56|1026.19|1015.58|1015.79|8847
2020.12.09 17:00:00|1015.85|1027.25|1013.95|1024.82|8332
2020.12.09 18:00:00|1024.81|1024.81|1011.89|1016.75|4416
2020.12.09 19:00:00|1016.8|1017.97|1008.24|1011.26|5461
2020.12.09 20:00:00|1011.18|1012.31|991.6900000000001|995.33|9163
2020.12.09 21:00:00|995.3|1001.61|993.55|997.48|7622
2020.12.09 22:00:00|997.4299999999999|1003.14|996.91|1001.21|3795
2020.12.10 10:00:00|1009.54|1009.78|1003.88|1006.31|3817
2020.12.10 11:00:00|1006.23|1009.65|1002.97|1009.3|3464
2020.12.10 12:00:00|1009.3|1013.22|1006.56|1011.49|2440
2020.12.10 13:00:00|1011.49|1013.16|1010.97|1012.54|1831
2020.12.10 14:00:00|1012.54|1012.92|1008.64|1010.8|4592
2020.12.10 15:00:00|1010.78|1040.11|1010.54|1038.41|8758
2020.12.10 16:00:00|1038.34|1039.72|1028.84|1035.31|13484
2020.12.10 17:00:00|1035.32|1038.41|1027.18|1028.72|8491
2020.12.10 18:00:00|1028.69|1029.21|1021.34|1026.57|5479
2020.12.10 19:00:00|1026.49|1028.36|1021.67|1021.98|4836
2020.12.10 20:00:00|1022.02|1022.57|1017.98|1022.57|5640
2020.12.10 21:00:00|1022.56|1026.76|1021.88|1025.72|3988
2020.12.10 22:00:00|1025.77|1032.7|1025.59|1031.38|4294
2020.12.11 10:00:00|1026.29|1029.5|1019.97|1020.12|5318
2020.12.11 11:00:00|1019.97|1024.2|1016.7|1017.37|3944
2020.12.11 12:00:00|1017.45|1024.76|1017.1|1019.17|3684
2020.12.11 13:00:00|1019.16|1019.45|1006.41|1012.62|7323
2020.12.11 14:00:00|1012.59|1017.71|1007.18|1015.57|4974
2020.12.11 15:00:00|1015.53|1017.68|1006.75|1017.46|8706
2020.12.11 16:00:00|1017.45|1017.45|1001.78|1009.73|7839
2020.12.11 17:00:00|1009.51|1024.66|1009.24|1016.12|9426
2020.12.11 18:00:00|1016.29|1021.95|1010.77|1012.74|5386
2020.12.11 19:00:00|1012.75|1015.05|1010.35|1013.41|2901
2020.12.11 20:00:00|1013.28|1015.16|1011.58|1014.75|2003
2020.12.11 21:00:00|1014.78|1014.87|1010.62|1011.41|1760
2020.12.11 22:00:00|1011.48|1012.57|1010.79|1011.36|1392
2020.12.14 10:00:00|1017.8|1019.59|1014.55|1014.68|4634
2020.12.14 11:00:00|1014.49|1017.7|1013.05|1016.01|3569
2020.12.14 12:00:00|1016.01|1016.08|1010.3|1015.26|3768
2020.12.14 13:00:00|1015.25|1019.94|1014.02|1017.96|4062
2020.12.14 14:00:00|1017.83|1025.6|1017.44|1023.59|3750
2020.12.14 15:00:00|1023.47|1027.61|1019.92|1026.72|10088
2020.12.14 16:00:00|1026.78|1027.46|1019.51|1024.47|12348
2020.12.14 17:00:00|1024.47|1024.79|1004.84|1005.12|10283
2020.12.14 18:00:00|1005.13|1007.19|998.04|1004.73|6664
2020.12.14 19:00:00|1004.84|1012.62|1004.47|1009.82|3875
2020.12.14 20:00:00|1009.87|1009.87|1006.53|1008.03|2929
2020.12.14 21:00:00|1008.15|1010.9|1007.14|1007.91|3036
2020.12.14 22:00:00|1007.81|1008.45|1006.08|1007.07|4890
2020.12.15 10:00:00|1013.63|1017.34|1010.58|1016.39|5100
2020.12.15 11:00:00|1016.39|1020.86|1014.7|1019.37|4084
2020.12.15 12:00:00|1019.45|1021.97|1017.98|1020.05|2892
2020.12.15 13:00:00|1019.92|1021.1|1018.42|1018.97|3591
2020.12.15 14:00:00|1019.01|1026.1|1018.73|1023.27|6628
2020.12.15 15:00:00|1023.32|1035.81|1022.5|1029.59|13185
2020.12.15 16:00:00|1029.62|1030.49|1022.52|1025.27|6014
2020.12.15 17:00:00|1025.19|1029.95|1024.59|1027.09|5239
2020.12.15 18:00:00|1027.21|1031|1025.66|1027.91|4662
2020.12.15 19:00:00|1027.88|1033.75|1027.04|1033.75|3142
2020.12.15 20:00:00|1033.7|1037.44|1031.68|1037.26|2967
2020.12.15 21:00:00|1037.16|1037.77|1035.31|1037.16|2209
2020.12.15 22:00:00|1037.26|1038.35|1035.96|1038.17|2226
2020.12.16 10:00:00|1042.55|1048.56|1041.1|1048.01|6779
2020.12.16 11:00:00|1047.97|1050.15|1044.27|1049.52|5085
2020.12.16 12:00:00|1049.51|1049.94|1045.6|1046.17|4582
2020.12.16 13:00:00|1046.21|1050.6|1046.07|1046.92|4046
2020.12.16 14:00:00|1046.96|1047.42|1042.22|1044.55|6961
2020.12.16 15:00:00|1044.55|1045.9|1033.08|1033.13|13865
2020.12.16 16:00:00|1033.18|1038.07|1029.69|1030.62|11349
2020.12.16 17:00:00|1030.5|1030.73|1023.35|1026.25|10447
2020.12.16 18:00:00|1026.29|1031.63|1025.53|1031|5456
2020.12.16 19:00:00|1030.9|1031.08|1026.81|1027.66|4583
2020.12.16 20:00:00|1027.62|1028.8|1022.99|1022.99|3751
2020.12.16 21:00:00|1022.75|1030.94|1018.74|1030.47|15708
2020.12.16 22:00:00|1030.41|1034.72|1029.13|1034.66|10132
2020.12.17 10:00:00|1050.01|1054.42|1049.47|1051.5|6063
2020.12.17 11:00:00|1051.5|1054.28|1047.57|1052.82|4730
2020.12.17 12:00:00|1052.97|1053.4|1049.13|1051.6|5207
2020.12.17 13:00:00|1051.63|1055.51|1051.61|1054.75|4198
2020.12.17 14:00:00|1054.75|1058.15|1053.13|1057.04|5904
2020.12.17 15:00:00|1057.01|1057.54|1050.26|1051.46|13740
2020.12.17 16:00:00|1051.46|1054.91|1039.45|1048.46|13148
2020.12.17 17:00:00|1048.41|1050.8|1027.98|1039.26|11948
2020.12.17 18:00:00|1039.2|1046.06|1034.96|1040.35|6933
2020.12.17 19:00:00|1040.38|1045.07|1039.41|1044.71|3741
2020.12.17 20:00:00|1044.76|1047.15|1042.53|1046.31|6110
2020.12.17 21:00:00|1046.26|1049.64|1045.41|1046.47|4399
2020.12.17 22:00:00|1046.57|1048.39|1046.42|1048.13|5044
2020.12.18 10:00:00|1038.97|1041.55|1036.24|1040.99|5330
2020.12.18 11:00:00|1040.98|1042.51|1037.56|1042.29|5326
2020.12.18 12:00:00|1042.35|1047.83|1039.96|1046.69|3395
2020.12.18 13:00:00|1046.69|1052.5|1046.11|1050.48|3083
2020.12.18 14:00:00|1050.4|1050.68|1046.92|1047.24|6062
2020.12.18 15:00:00|1047.24|1049.53|1041.85|1043.72|12481
2020.12.18 16:00:00|1043.72|1044.73|1025.4|1034.32|12646
2020.12.18 17:00:00|1034.22|1041.83|1030.84|1040.02|11678
2020.12.18 18:00:00|1040.02|1043.33|1030.71|1034.82|7217
2020.12.18 19:00:00|1034.79|1036.51|1033.49|1036.19|3747
2020.12.18 20:00:00|1036.19|1038.81|1034.93|1036.2|3547
2020.12.18 21:00:00|1036.25|1037.61|1034.34|1035.17|3877
2020.12.18 22:00:00|1035.12|1036.45|1033.29|1035.93|4723
2020.12.21 10:00:00|1031.67|1037.42|1029.93|1031.4|10440
2020.12.21 11:00:00|1031.47|1031.82|1009.44|1014.88|11703
2020.12.21 12:00:00|1014.87|1014.91|941.74|981.4400000000001|19047
2020.12.21 13:00:00|981.47|996.14|972.55|993.52|16625
2020.12.21 14:00:00|993.62|1000.96|987.3200000000001|996.55|12212
2020.12.21 15:00:00|996.55|997.0700000000001|977.8|988.46|18009
2020.12.21 16:00:00|988.46|1005.03|983.98|1002.41|16342
2020.12.21 17:00:00|1002.36|1003.66|993.51|997.12|7261
2020.12.21 18:00:00|997.17|1007.52|992.59|1007.09|3864
2020.12.21 19:00:00|1007.11|1015.48|1006.4|1010.92|3262
2020.12.21 20:00:00|1011.04|1017.55|1009.71|1013.69|3124
2020.12.21 21:00:00|1013.74|1017.38|1013.26|1014.7|2790
2020.12.21 22:00:00|1014.75|1015.18|1011|1012.51|2929
2020.12.22 10:00:00|994.11|1002.98|991.23|1000.17|4286
2020.12.22 11:00:00|1000.12|1006.48|999.6900000000001|1004.44|3757
2020.12.22 12:00:00|1004.56|1013.39|1004.54|1013.39|4176
2020.12.22 13:00:00|1013.29|1019.44|1012.33|1013.59|4343
2020.12.22 14:00:00|1013.57|1020.08|1011.74|1017.72|8995
2020.12.22 15:00:00|1017.72|1020.49|1016.87|1019.17|9875
2020.12.22 16:00:00|1019.17|1021.33|1008.53|1008.53|15590
2020.12.22 17:00:00|1008.55|1011.84|994.35|996.78|16906
2020.12.22 18:00:00|996.78|1006.29|996.28|1003.15|7489
2020.12.22 19:00:00|1003.17|1009.51|1001.76|1008.57|5012
2020.12.22 20:00:00|1008.67|1009|1002.53|1003.26|4029
2020.12.22 21:00:00|1003.36|1005.87|1001.17|1005.56|3260
2020.12.22 22:00:00|1005.61|1005.96|1002.7|1004.77|2964
2020.12.23 10:00:00|1012.16|1015.92|1011.22|1015.62|3397
2020.12.23 11:00:00|1015.62|1017.05|1013.06|1014.01|3276
2020.12.23 12:00:00|1014.08|1016.03|1011.77|1013.58|3891
2020.12.23 13:00:00|1013.68|1014.84|1009.99|1011.61|3434
2020.12.23 14:00:00|1011.61|1011.83|1004.03|1007.34|6437
2020.12.23 15:00:00|1007.34|1013.1|1003.13|1008.56|8345
2020.12.23 16:00:00|1008.51|1020.82|1006.59|1016.19|7903
2020.12.23 17:00:00|1016.01|1021.3|1011.63|1012.49|7072
2020.12.23 18:00:00|1012.57|1019.97|1012.47|1018.97|7529
2020.12.23 19:00:00|1019|1019.56|1013.38|1014.86|5853
2020.12.23 20:00:00|1014.86|1020.05|1014.53|1017.71|6111
2020.12.23 21:00:00|1017.71|1020.21|1015.68|1016.14|3501
2020.12.23 22:00:00|1016.14|1016.56|1013.55|1015.8|5165
2020.12.24 10:00:00|1020.4|1027.58|1019.8|1024.82|3065
2020.12.24 11:00:00|1024.9|1026.68|1020.8|1023.28|2439
2020.12.24 12:00:00|1023.25|1024.94|1021.55|1021.65|2444
2020.12.24 13:00:00|1021.55|1024.42|1020.29|1022.7|2257
2020.12.24 14:00:00|1022.75|1023.96|1020.14|1023.24|2755
2020.12.24 15:00:00|1023.27|1025.34|1022.11|1024.02|4284
2020.12.24 16:00:00|1024.04|1025.38|1021.73|1024.98|5210
2020.12.24 17:00:00|1025|1029.04|1023.38|1027.31|4754
2020.12.24 18:00:00|1027.19|1029.13|1026.67|1027.38|3039
2020.12.24 19:00:00|1027.41|1027.86|1025.27|1025.86|2193
2020.12.24 20:00:00|1026.24|1026.97|1021.74|1022.74|257
2020.12.28 10:00:00|1033.44|1035.31|1028.45|1032.25|3729
2020.12.28 11:00:00|1032.23|1035.14|1030.84|1034.7|2016
2020.12.28 12:00:00|1034.65|1035.8|1029.64|1031.14|2716
2020.12.28 13:00:00|1031.17|1032.43|1026.57|1028.63|3330
2020.12.28 14:00:00|1028.6|1035.24|1027.73|1034.68|3325
2020.12.28 15:00:00|1034.71|1046.91|1034.26|1042.68|6250
2020.12.28 16:00:00|1042.63|1046.65|1041.6|1046.39|9395
2020.12.28 17:00:00|1046.34|1050.45|1032.99|1035.22|8414
2020.12.28 18:00:00|1035.2|1040.33|1032.47|1037.13|5463
2020.12.28 19:00:00|1037.08|1038.96|1033.46|1035.44|5124
2020.12.28 20:00:00|1035.59|1039.63|1034.24|1036.4|4585
2020.12.28 21:00:00|1036.3|1036.52|1030.26|1032.07|3083
2020.12.28 22:00:00|1032|1032.12|1029.4|1031|2365
2020.12.29 10:00:00|1038.84|1040.88|1034.64|1034.64|1732
2020.12.29 11:00:00|1034.66|1041.19|1033.8|1039.63|2061
2020.12.29 12:00:00|1039.56|1042.08|1038.59|1038.93|2501
2020.12.29 13:00:00|1038.94|1040.78|1035.62|1036.33|1708
2020.12.29 14:00:00|1036.31|1039.75|1035.51|1038.7|1520
2020.12.29 15:00:00|1038.66|1040.82|1035.82|1036.82|3397
2020.12.29 16:00:00|1036.79|1052.59|1036.26|1046.5|6388
2020.12.29 17:00:00|1046.6|1050.97|1038.14|1047.96|4782
2020.12.29 18:00:00|1047.99|1062.75|1047.79|1056.38|3534
2020.12.29 19:00:00|1056.56|1058.09|1048.8|1050.57|3518
2020.12.29 20:00:00|1050.62|1052.78|1048.4|1049.34|2034
2020.12.29 21:00:00|1049.36|1052.97|1048.84|1052.49|1090
2020.12.29 22:00:00|1052.49|1053.65|1051.79|1052.59|1156
2020.12.30 10:00:00|1056.72|1059.61|1054.27|1056.73|2724
2020.12.30 11:00:00|1056.46|1061.45|1055.72|1056.6|3278
2020.12.30 12:00:00|1056.55|1062.07|1056.5|1061.16|2783
2020.12.30 13:00:00|1061.08|1062.28|1059.04|1060.68|2313
2020.12.30 14:00:00|1060.58|1061.71|1058.73|1060.29|2697
2020.12.30 15:00:00|1060.34|1067.02|1056.97|1065.1|5078
2020.12.30 16:00:00|1065.25|1067.26|1059.58|1064.32|5697
2020.12.30 17:00:00|1064.3|1067.71|1063.18|1067.01|4758
2020.12.30 18:00:00|1066.99|1068.09|1063.29|1066.59|2592
2020.12.30 19:00:00|1066.34|1066.44|1062.56|1065.35|2143
2020.12.30 20:00:00|1065.32|1068.59|1064.67|1068.5|2362
2020.12.30 21:00:00|1068.55|1070.57|1067.34|1067.88|1547
2020.12.30 22:00:00|1067.96|1070.23|1066.87|1069.41|2419
2020.12.31 10:00:00|1064.92|1070.54|1064.52|1070.16|1614
2020.12.31 11:00:00|1070.18|1076.26|1068.95|1074.88|1160
2020.12.31 12:00:00|1074.87|1078.48|1074.19|1077.65|1355
2020.12.31 13:00:00|1077.65|1081.13|1075.76|1078.42|1646
2020.12.31 14:00:00|1078.48|1078.81|1074.85|1074.98|1412
2020.12.31 15:00:00|1074.81|1078.19|1064.42|1070.91|2629
2020.12.31 16:00:00|1070.94|1076.38|1065.09|1066.49|3073
2020.12.31 17:00:00|1066.49|1075.59|1065.41|1070.35|2947
2020.12.31 18:00:00|1070.45|1073.78|1068.26|1070.37|2201
2020.12.31 19:00:00|1070.55|1071.33|1066.7|1067.67|2463
2020.12.31 20:00:00|1067.67|1069.4|1064.82|1065.52|2543
2020.12.31 21:00:00|1065.52|1065.52|1065.52|1065.52|3
2021.01.04 10:00:00|1097.66|1107.29|1097.29|1105.04|6973
2021.01.04 11:00:00|1104.96|1108.91|1097.71|1097.83|4798
2021.01.04 12:00:00|1097.83|1100.79|1090.56|1100.47|3804
2021.01.04 13:00:00|1100.52|1107.75|1093.02|1094.42|3501
2021.01.04 14:00:00|1094.4|1104.51|1092.68|1103.76|5734
2021.01.04 15:00:00|1103.76|1113.67|1100.54|1107.49|8634
2021.01.04 16:00:00|1107.5|1128.27|1107.29|1125.54|8405
2021.01.04 17:00:00|1125.44|1130.68|1100.25|1101.41|15015
2021.01.04 18:00:00|1101.41|1101.64|1072.07|1073.33|11114
2021.01.04 19:00:00|1073.31|1075.5|1042.31|1059.23|16338
2021.01.04 20:00:00|1059.2|1069.55|1056.01|1068.85|7513
2021.01.04 21:00:00|1068.84|1069.29|1062.82|1068.76|5674
2021.01.04 22:00:00|1068.76|1069.4|1062.47|1067.37|6318
2021.01.05 10:00:00|1062.49|1072.31|1062.46|1068.8|5210
2021.01.05 11:00:00|1068.8|1074.51|1067.15|1069.11|4511
2021.01.05 12:00:00|1069.11|1075.36|1069.11|1074.76|2910
2021.01.05 13:00:00|1074.76|1086.52|1074.65|1084.56|4650
2021.01.05 14:00:00|1084.58|1087.06|1076.71|1084.93|5014
2021.01.05 15:00:00|1085.05|1086.6|1075.11|1081.31|8491
2021.01.05 16:00:00|1081.38|1086.92|1077.31|1085.54|9786
2021.01.05 17:00:00|1085.3|1101.62|1084.18|1099.36|8803
2021.01.05 18:00:00|1099.56|1113.33|1099.07|1112.86|6081
2021.01.05 19:00:00|1112.96|1117.16|1104.22|1111.2|5241
2021.01.05 20:00:00|1111.35|1112.81|1108.2|1111.11|4759
2021.01.05 21:00:00|1111.21|1116.39|1110.44|1114.1|3971
2021.01.05 22:00:00|1114.16|1114.59|1111.03|1114.14|4630
2021.01.06 10:00:00|1103.82|1108.41|1098.31|1103.78|6405
2021.01.06 11:00:00|1103.79|1106.87|1102.1|1106.81|6219
2021.01.06 12:00:00|1106.8|1114.59|1105.56|1112.74|6708
2021.01.06 13:00:00|1112.77|1115.68|1104.38|1105.1|6939
2021.01.06 14:00:00|1105.1|1109.45|1089.67|1094.95|16780
2021.01.06 15:00:00|1094.95|1107.26|1090.97|1093.17|10640
2021.01.06 16:00:00|1093.17|1099.15|1085.62|1095.38|7823
2021.01.06 17:00:00|1095.38|1104.95|1082.44|1088.2|8119
2021.01.06 18:00:00|1088.15|1099.52|1078.34|1098.34|7355
2021.01.06 19:00:00|1098.43|1104.21|1093.7|1104.16|7962
2021.01.06 20:00:00|1104.14|1105.63|1099.12|1104.03|7281
2021.01.06 21:00:00|1102.7|1108.55|1100.9|1106.37|12987
2021.01.06 22:00:00|1106.32|1109.74|1098.92|1101.64|10529
2021.01.07 10:00:00|1103.05|1105.56|1088.39|1102.59|4697
2021.01.07 11:00:00|1102.54|1108.21|1098.38|1099.67|4956
2021.01.07 12:00:00|1099.69|1102.19|1091.19|1091.26|5446
2021.01.07 13:00:00|1091.23|1098.53|1089.73|1096.98|4349
2021.01.07 14:00:00|1096.93|1101.02|1095.34|1098.3|3591
2021.01.07 15:00:00|1098.42|1108.24|1096.1|1102.72|6333
2021.01.07 16:00:00|1102.74|1114.01|1101.63|1109.23|8186
2021.01.07 17:00:00|1109.26|1116.12|1107.14|1115.62|7299
2021.01.07 18:00:00|1115.41|1122.52|1113.67|1114.78|4442
2021.01.07 19:00:00|1114.73|1115.17|1109.37|1113.77|3051
2021.01.07 20:00:00|1113.83|1122.09|1112.65|1121.86|2941
2021.01.07 21:00:00|1121.93|1123.05|1120.35|1122.84|2295
2021.01.07 22:00:00|1122.92|1123.72|1120.22|1121.52|2395
2021.01.08 10:00:00|1121.28|1121.28|1097.07|1102.76|5833
2021.01.08 11:00:00|1102.86|1106.7|1100.94|1106.33|2420
2021.01.08 12:00:00|1106.5|1110.83|1104.86|1109.84|1420
2021.01.08 13:00:00|1109.81|1114.4|1109.54|1113.27|1377
2021.01.08 14:00:00|1113.22|1114.86|1108.09|1110.38|2006
2021.01.08 15:00:00|1110.35|1114.49|1102.97|1112.55|11245
2021.01.08 16:00:00|1112.63|1114.09|1076.29|1082.17|10963
2021.01.08 17:00:00|1082.17|1088.39|1065.25|1086.75|8770
2021.01.08 18:00:00|1086.7|1088.49|1075.32|1077.91|4099
2021.01.08 19:00:00|1077.99|1078.96|1051.32|1066.97|7539
2021.01.08 20:00:00|1067.09|1068.34|1052.8|1060.07|5756
2021.01.08 21:00:00|1060.14|1067.79|1058.99|1067.37|2845
