2019.09.24 13:00:00|18.566|18.589|18.529|18.553|824
2019.09.24 14:00:00|18.554|18.558|18.495|18.521|1007
2019.09.24 15:00:00|18.52|18.554|18.488|18.493|2106
2019.09.24 16:00:00|18.494|18.532|18.236|18.316|5992
2019.09.24 17:00:00|18.315|18.48|18.313|18.443|6667
2019.09.24 18:00:00|18.445|18.579|18.44|18.51|3893
2019.09.24 19:00:00|18.511|18.608|18.456|18.575|5131
2019.09.24 20:00:00|18.576|18.594|18.481|18.519|3851
2019.09.24 21:00:00|18.521|18.601|18.43|18.598|6348
2019.09.24 22:00:00|18.599|18.647|18.557|18.629|2412
2019.09.24 23:00:00|18.63|18.63|18.58|18.583|737
2019.09.25 01:00:00|18.587|18.651|18.575|18.605|643
2019.09.25 02:00:00|18.608|18.625|18.592|18.622|331
2019.09.25 03:00:00|18.621|18.672|18.615|18.645|1138
2019.09.25 04:00:00|18.644|18.654|18.495|18.526|3266
2019.09.25 05:00:00|18.527|18.554|18.469|18.505|1803
2019.09.25 06:00:00|18.506|18.529|18.485|18.514|753
2019.09.25 07:00:00|18.513|18.529|18.484|18.492|391
2019.09.25 08:00:00|18.493|18.504|18.447|18.479|1054
2019.09.25 09:00:00|18.478|18.529|18.46|18.52|1654
2019.09.25 10:00:00|18.519|18.583|18.501|18.579|1554
2019.09.25 11:00:00|18.58|18.627|18.565|18.588|1196
2019.09.25 12:00:00|18.587|18.592|18.554|18.572|1011
2019.09.25 13:00:00|18.573|18.587|18.545|18.558|762
2019.09.25 14:00:00|18.557|18.557|18.511|18.527|613
2019.09.25 15:00:00|18.528|18.537|18.442|18.481|2207
2019.09.25 16:00:00|18.48|18.527|18.385|18.492|4398
2019.09.25 17:00:00|18.49|18.531|18.291|18.315|8263
2019.09.25 18:00:00|18.316|18.361|18.045|18.046|6328
2019.09.25 19:00:00|18.043|18.116|17.86|17.983|7841
2019.09.25 20:00:00|17.985|18.029|17.972|17.988|2787
2019.09.25 21:00:00|17.986|17.986|17.801|17.907|3842
2019.09.25 22:00:00|17.908|17.96|17.862|17.862|1729
2019.09.25 23:00:00|17.863|17.923|17.858|17.879|652
2019.09.26 01:00:00|17.898|17.924|17.849|17.924|519
2019.09.26 02:00:00|17.923|17.988|17.92|17.974|545
2019.09.26 03:00:00|17.975|18.036|17.966|18.005|1123
2019.09.26 04:00:00|18.004|18.035|17.95|17.951|2701
2019.09.26 05:00:00|17.949|18.012|17.907|17.979|1806
2019.09.26 06:00:00|17.978|18|17.959|17.989|782
2019.09.26 07:00:00|17.991|18.004|17.975|17.999|326
2019.09.26 08:00:00|18|18.035|17.916|17.932|1467
2019.09.26 09:00:00|17.931|17.968|17.89|17.947|2021
2019.09.26 10:00:00|17.948|17.959|17.863|17.896|1886
2019.09.26 11:00:00|17.893|17.946|17.886|17.928|1313
2019.09.26 12:00:00|17.927|17.931|17.885|17.911|1032
2019.09.26 13:00:00|17.912|17.992|17.902|17.944|1278
2019.09.26 14:00:00|17.943|17.96|17.833|17.844|1611
2019.09.26 15:00:00|17.845|17.868|17.718|17.841|6235
2019.09.26 16:00:00|17.84|18.037|17.8|17.937|6850
2019.09.26 17:00:00|17.936|17.96|17.853|17.925|5877
2019.09.26 18:00:00|17.926|17.956|17.867|17.881|4030
2019.09.26 19:00:00|17.88|17.9|17.844|17.858|2845
2019.09.26 20:00:00|17.857|17.891|17.773|17.808|3563
2019.09.26 21:00:00|17.807|17.891|17.807|17.864|1561
2019.09.26 22:00:00|17.861|17.861|17.787|17.814|1761
2019.09.26 23:00:00|17.816|17.847|17.787|17.789|542
2019.09.27 01:00:00|17.802|17.827|17.801|17.827|363
2019.09.27 02:00:00|17.824|17.866|17.8|17.86|345
2019.09.27 03:00:00|17.859|17.879|17.832|17.839|710
2019.09.27 04:00:00|17.84|17.889|17.787|17.832|2065
2019.09.27 05:00:00|17.83|17.84|17.794|17.833|862
2019.09.27 06:00:00|17.835|17.846|17.817|17.835|698
2019.09.27 07:00:00|17.836|17.843|17.821|17.837|353
2019.09.27 08:00:00|17.838|17.848|17.768|17.77|865
2019.09.27 09:00:00|17.769|17.785|17.417|17.515|6493
2019.09.27 10:00:00|17.514|17.568|17.475|17.543|2601
2019.09.27 11:00:00|17.542|17.559|17.485|17.51|1371
2019.09.27 12:00:00|17.511|17.56|17.493|17.5|1499
2019.09.27 13:00:00|17.498|17.519|17.428|17.505|2289
2019.09.27 14:00:00|17.506|17.568|17.491|17.539|1670
2019.09.27 15:00:00|17.54|17.587|17.455|17.554|3687
2019.09.27 16:00:00|17.555|17.555|17.28|17.399|7993
2019.09.27 17:00:00|17.398|17.5|17.362|17.437|5300
2019.09.27 18:00:00|17.438|17.516|17.364|17.44|6832
2019.09.27 19:00:00|17.442|17.6|17.43|17.597|4908
2019.09.27 20:00:00|17.598|17.616|17.519|17.55|4121
2019.09.27 21:00:00|17.552|17.565|17.495|17.551|2662
2019.09.27 22:00:00|17.55|17.553|17.456|17.469|1845
2019.09.27 23:00:00|17.469|17.53|17.469|17.529|577
2019.09.30 01:00:00|17.499|17.591|17.458|17.54|836
2019.09.30 02:00:00|17.54|17.544|17.511|17.511|359
2019.09.30 03:00:00|17.514|17.556|17.498|17.546|713
2019.09.30 04:00:00|17.547|17.554|17.357|17.409|3751
2019.09.30 05:00:00|17.41|17.439|17.369|17.389|1866
2019.09.30 06:00:00|17.384|17.413|17.341|17.377|1082
2019.09.30 07:00:00|17.378|17.418|17.375|17.409|372
2019.09.30 08:00:00|17.41|17.425|17.337|17.41|1718
2019.09.30 09:00:00|17.408|17.409|17.26|17.349|3089
2019.09.30 10:00:00|17.348|17.395|17.308|17.326|2313
2019.09.30 11:00:00|17.324|17.348|17.273|17.292|1829
2019.09.30 12:00:00|17.291|17.3|17.173|17.272|2243
2019.09.30 13:00:00|17.274|17.276|17.183|17.222|1150
2019.09.30 14:00:00|17.223|17.251|17.097|17.171|2879
2019.09.30 15:00:00|17.174|17.257|17.157|17.176|4138
2019.09.30 16:00:00|17.174|17.196|17.093|17.152|4159
2019.09.30 17:00:00|17.154|17.201|17.09|17.101|3319
2019.09.30 18:00:00|17.102|17.132|16.986|17.04|4586
2019.09.30 19:00:00|17.039|17.085|16.957|17.017|2528
2019.09.30 20:00:00|17.016|17.021|16.916|16.972|2937
2019.09.30 21:00:00|16.975|17.084|16.975|17.069|2047
2019.09.30 22:00:00|17.068|17.073|17.004|17.009|1765
2019.09.30 23:00:00|17.008|17.022|16.978|16.981|535
2019.10.01 01:00:00|16.965|17.012|16.965|17.006|361
2019.10.01 02:00:00|17.005|17.031|17.002|17.024|264
2019.10.01 03:00:00|17.023|17.041|16.964|16.995|1058
2019.10.01 04:00:00|16.994|17.02|16.97|16.975|1119
2019.10.01 05:00:00|16.973|16.987|16.903|16.957|1031
2019.10.01 06:00:00|16.958|16.978|16.904|16.912|1023
2019.10.01 07:00:00|16.911|16.976|16.902|16.972|1097
2019.10.01 08:00:00|16.972|16.973|16.884|16.933|1105
2019.10.01 09:00:00|16.93|16.958|16.886|16.945|1608
2019.10.01 10:00:00|16.944|17.012|16.943|16.984|2838
2019.10.01 11:00:00|16.982|17.002|16.93|16.985|2564
2019.10.01 12:00:00|16.984|17.058|16.982|17.048|1894
2019.10.01 13:00:00|17.047|17.116|17.028|17.09|1701
2019.10.01 14:00:00|17.088|17.121|17.072|17.101|1315
2019.10.01 15:00:00|17.1|17.146|17.039|17.061|3105
2019.10.01 16:00:00|17.062|17.092|17.008|17.044|3777
2019.10.01 17:00:00|17.043|17.292|17.043|17.282|10497
2019.10.01 18:00:00|17.283|17.295|17.232|17.281|4533
2019.10.01 19:00:00|17.283|17.311|17.177|17.197|3714
2019.10.01 20:00:00|17.196|17.273|17.188|17.266|2895
2019.10.01 21:00:00|17.265|17.268|17.185|17.21|2426
2019.10.01 22:00:00|17.209|17.273|17.202|17.25|1614
2019.10.01 23:00:00|17.251|17.251|17.211|17.216|348
2019.10.02 01:00:00|17.232|17.259|17.213|17.236|365
2019.10.02 02:00:00|17.234|17.321|17.234|17.307|447
2019.10.02 03:00:00|17.306|17.329|17.279|17.28|778
2019.10.02 04:00:00|17.279|17.284|17.227|17.229|781
2019.10.02 05:00:00|17.228|17.246|17.206|17.216|602
2019.10.02 06:00:00|17.218|17.234|17.205|17.21|467
2019.10.02 07:00:00|17.208|17.221|17.178|17.19|496
2019.10.02 08:00:00|17.191|17.252|17.188|17.236|521
2019.10.02 09:00:00|17.235|17.246|17.186|17.24|953
2019.10.02 10:00:00|17.239|17.315|17.214|17.255|2723
2019.10.02 11:00:00|17.256|17.283|17.194|17.245|1731
2019.10.02 12:00:00|17.244|17.264|17.215|17.247|1518
2019.10.02 13:00:00|17.248|17.274|17.221|17.262|1265
2019.10.02 14:00:00|17.261|17.3|17.236|17.285|1507
2019.10.02 15:00:00|17.282|17.38|17.251|17.366|4558
2019.10.02 16:00:00|17.367|17.54|17.364|17.45|5254
2019.10.02 17:00:00|17.451|17.55|17.381|17.512|5822
2019.10.02 18:00:00|17.513|17.638|17.5|17.56|4199
2019.10.02 19:00:00|17.562|17.63|17.544|17.614|2429
2019.10.02 20:00:00|17.615|17.66|17.565|17.625|2910
2019.10.02 21:00:00|17.627|17.636|17.524|17.547|2356
2019.10.02 22:00:00|17.546|17.566|17.531|17.555|1598
2019.10.02 23:00:00|17.554|17.571|17.518|17.535|469
2019.10.03 01:00:00|17.549|17.567|17.543|17.543|223
2019.10.03 02:00:00|17.545|17.568|17.542|17.568|231
2019.10.03 03:00:00|17.569|17.641|17.55|17.606|979
2019.10.03 04:00:00|17.609|17.611|17.583|17.598|858
2019.10.03 05:00:00|17.596|17.607|17.585|17.602|501
2019.10.03 06:00:00|17.603|17.607|17.553|17.562|580
2019.10.03 07:00:00|17.563|17.586|17.553|17.559|435
2019.10.03 08:00:00|17.56|17.59|17.549|17.586|377
2019.10.03 09:00:00|17.585|17.733|17.518|17.528|2736
2019.10.03 10:00:00|17.527|17.581|17.506|17.57|2818
2019.10.03 11:00:00|17.569|17.635|17.546|17.615|2064
2019.10.03 12:00:00|17.614|17.623|17.522|17.552|1855
2019.10.03 13:00:00|17.551|17.591|17.504|17.58|2055
2019.10.03 14:00:00|17.581|17.651|17.558|17.616|1752
2019.10.03 15:00:00|17.615|17.617|17.466|17.483|3250
2019.10.03 16:00:00|17.482|17.558|17.457|17.532|4265
2019.10.03 17:00:00|17.539|17.786|17.489|17.668|10417
2019.10.03 18:00:00|17.667|17.686|17.56|17.642|5985
2019.10.03 19:00:00|17.643|17.65|17.584|17.618|2315
2019.10.03 20:00:00|17.616|17.664|17.577|17.603|2717
2019.10.03 21:00:00|17.604|17.63|17.581|17.588|1350
2019.10.03 22:00:00|17.588|17.607|17.558|17.562|1148
2019.10.03 23:00:00|17.562|17.574|17.531|17.536|451
2019.10.04 01:00:00|17.531|17.593|17.528|17.577|313
2019.10.04 02:00:00|17.576|17.62|17.569|17.608|272
2019.10.04 03:00:00|17.607|17.622|17.587|17.597|595
2019.10.04 04:00:00|17.596|17.629|17.587|17.623|498
2019.10.04 05:00:00|17.622|17.639|17.607|17.628|347
2019.10.04 06:00:00|17.627|17.628|17.589|17.61|440
2019.10.04 07:00:00|17.609|17.612|17.568|17.573|439
2019.10.04 08:00:00|17.571|17.58|17.543|17.554|467
2019.10.04 09:00:00|17.552|17.601|17.544|17.569|983
2019.10.04 10:00:00|17.574|17.599|17.547|17.57|1450
2019.10.04 11:00:00|17.569|17.591|17.563|17.564|808
2019.10.04 12:00:00|17.563|17.577|17.54|17.562|883
2019.10.04 13:00:00|17.56|17.598|17.55|17.589|748
2019.10.04 14:00:00|17.588|17.595|17.555|17.556|930
2019.10.04 15:00:00|17.555|17.68|17.251|17.293|7466
2019.10.04 16:00:00|17.293|17.479|17.283|17.376|6681
2019.10.04 17:00:00|17.379|17.525|17.368|17.51|6076
2019.10.04 18:00:00|17.509|17.556|17.454|17.474|3547
2019.10.04 19:00:00|17.472|17.57|17.465|17.55|1896
2019.10.04 20:00:00|17.549|17.589|17.513|17.517|2187
2019.10.04 21:00:00|17.518|17.554|17.486|17.544|1825
2019.10.04 22:00:00|17.545|17.557|17.506|17.54|1264
2019.10.04 23:00:00|17.539|17.551|17.495|17.542|357
2019.10.07 01:00:00|17.59|17.63|17.527|17.528|844
2019.10.07 02:00:00|17.525|17.559|17.522|17.557|379
2019.10.07 03:00:00|17.556|17.59|17.543|17.59|564
2019.10.07 04:00:00|17.588|17.604|17.552|17.553|491
2019.10.07 05:00:00|17.548|17.563|17.526|17.557|415
2019.10.07 06:00:00|17.555|17.558|17.533|17.542|342
2019.10.07 07:00:00|17.538|17.542|17.498|17.512|414
2019.10.07 08:00:00|17.513|17.533|17.485|17.532|500
2019.10.07 09:00:00|17.531|17.558|17.511|17.535|552
2019.10.07 10:00:00|17.536|17.563|17.417|17.46|2113
2019.10.07 11:00:00|17.459|17.484|17.424|17.44|1143
2019.10.07 12:00:00|17.439|17.46|17.425|17.454|503
2019.10.07 13:00:00|17.454|17.458|17.404|17.408|752
2019.10.07 14:00:00|17.409|17.458|17.378|17.456|1042
2019.10.07 15:00:00|17.455|17.517|17.455|17.496|2056
2019.10.07 16:00:00|17.495|17.58|17.425|17.542|2378
2019.10.07 17:00:00|17.541|17.568|17.501|17.536|2350
2019.10.07 18:00:00|17.534|17.536|17.471|17.491|2029
2019.10.07 19:00:00|17.49|17.52|17.469|17.5|1030
2019.10.07 20:00:00|17.502|17.516|17.388|17.426|3325
2019.10.07 21:00:00|17.425|17.454|17.396|17.42|2578
2019.10.07 22:00:00|17.421|17.429|17.4|17.414|1073
2019.10.07 23:00:00|17.415|17.421|17.384|17.403|370
2019.10.08 01:00:00|17.419|17.435|17.402|17.41|314
2019.10.08 02:00:00|17.41|17.41|17.393|17.401|283
2019.10.08 03:00:00|17.4|17.408|17.307|17.312|1390
2019.10.08 04:00:00|17.311|17.474|17.254|17.404|4824
2019.10.08 05:00:00|17.406|17.417|17.358|17.404|1929
2019.10.08 06:00:00|17.405|17.413|17.374|17.389|788
2019.10.08 07:00:00|17.388|17.398|17.379|17.394|297
2019.10.08 08:00:00|17.395|17.431|17.367|17.377|1157
2019.10.08 09:00:00|17.375|17.412|17.318|17.406|1718
2019.10.08 10:00:00|17.407|17.487|17.407|17.471|1820
2019.10.08 11:00:00|17.47|17.511|17.44|17.491|1428
2019.10.08 12:00:00|17.492|17.511|17.481|17.502|996
2019.10.08 13:00:00|17.501|17.543|17.498|17.512|1456
2019.10.08 14:00:00|17.511|17.591|17.511|17.555|2466
2019.10.08 15:00:00|17.556|17.621|17.521|17.591|3452
2019.10.08 16:00:00|17.592|17.795|17.565|17.725|7582
2019.10.08 17:00:00|17.724|17.76|17.647|17.659|4639
2019.10.08 18:00:00|17.66|17.699|17.635|17.658|3583
2019.10.08 19:00:00|17.66|17.681|17.62|17.651|2181
2019.10.08 20:00:00|17.652|17.673|17.619|17.672|1768
2019.10.08 21:00:00|17.671|17.765|17.629|17.698|5379
2019.10.08 22:00:00|17.699|17.75|17.672|17.744|4222
2019.10.08 23:00:00|17.745|17.748|17.681|17.701|627
2019.10.09 01:00:00|17.711|17.747|17.708|17.726|470
2019.10.09 02:00:00|17.726|17.78|17.726|17.767|720
2019.10.09 03:00:00|17.766|17.766|17.673|17.685|967
2019.10.09 04:00:00|17.682|17.771|17.654|17.719|3533
2019.10.09 05:00:00|17.718|17.755|17.715|17.725|1471
2019.10.09 06:00:00|17.729|17.753|17.71|17.739|610
2019.10.09 07:00:00|17.737|17.761|17.734|17.745|318
2019.10.09 08:00:00|17.746|17.78|17.715|17.765|1224
2019.10.09 09:00:00|17.764|17.878|17.75|17.872|2190
2019.10.09 10:00:00|17.873|17.942|17.823|17.873|2505
2019.10.09 11:00:00|17.873|17.886|17.834|17.861|1472
2019.10.09 12:00:00|17.863|17.9|17.699|17.733|3184
2019.10.09 13:00:00|17.73|17.793|17.727|17.762|1227
2019.10.09 14:00:00|17.765|17.792|17.719|17.783|1122
2019.10.09 15:00:00|17.785|17.869|17.736|17.739|2180
2019.10.09 16:00:00|17.74|17.84|17.705|17.765|3281
2019.10.09 17:00:00|17.766|17.805|17.744|17.754|2371
2019.10.09 18:00:00|17.751|17.764|17.69|17.742|2878
2019.10.09 19:00:00|17.741|17.75|17.686|17.702|2111
2019.10.09 20:00:00|17.7|17.772|17.675|17.746|2168
2019.10.09 21:00:00|17.743|17.786|17.713|17.735|2541
2019.10.09 22:00:00|17.734|17.812|17.701|17.743|2424
2019.10.09 23:00:00|17.745|17.756|17.688|17.689|595
2019.10.10 01:00:00|17.726|17.876|17.712|17.863|1849
2019.10.10 02:00:00|17.862|17.881|17.819|17.82|1399
2019.10.10 03:00:00|17.822|17.843|17.754|17.805|5079
2019.10.10 04:00:00|17.806|17.842|17.767|17.818|6519
2019.10.10 05:00:00|17.817|17.852|17.808|17.844|1622
2019.10.10 06:00:00|17.843|17.848|17.817|17.819|702
2019.10.10 07:00:00|17.82|17.828|17.808|17.819|387
2019.10.10 08:00:00|17.82|17.82|17.7|17.731|1812
2019.10.10 09:00:00|17.734|17.764|17.643|17.718|2900
2019.10.10 10:00:00|17.719|17.783|17.684|17.744|2527
2019.10.10 11:00:00|17.742|17.797|17.73|17.787|1679
2019.10.10 12:00:00|17.789|17.799|17.76|17.794|1325
2019.10.10 13:00:00|17.793|17.804|17.732|17.747|1234
2019.10.10 14:00:00|17.746|17.782|17.729|17.753|1761
2019.10.10 15:00:00|17.749|17.786|17.559|17.58|4415
2019.10.10 16:00:00|17.581|17.641|17.406|17.471|8361
2019.10.10 17:00:00|17.469|17.532|17.428|17.503|5996
2019.10.10 18:00:00|17.504|17.568|17.471|17.539|3512
2019.10.10 19:00:00|17.541|17.588|17.521|17.531|2346
2019.10.10 20:00:00|17.532|17.579|17.531|17.56|1641
2019.10.10 21:00:00|17.561|17.591|17.507|17.513|2801
2019.10.10 22:00:00|17.514|17.529|17.494|17.507|1539
2019.10.10 23:00:00|17.508|17.51|17.471|17.475|675
2019.10.11 01:00:00|17.472|17.515|17.472|17.493|689
2019.10.11 02:00:00|17.494|17.507|17.483|17.504|431
2019.10.11 03:00:00|17.503|17.529|17.386|17.386|1802
2019.10.11 04:00:00|17.386|17.555|17.386|17.526|4943
2019.10.11 05:00:00|17.525|17.567|17.511|17.543|1702
2019.10.11 06:00:00|17.543|17.548|17.514|17.524|778
2019.10.11 07:00:00|17.523|17.526|17.501|17.51|557
2019.10.11 08:00:00|17.511|17.537|17.477|17.529|825
2019.10.11 09:00:00|17.528|17.685|17.528|17.627|3836
2019.10.11 10:00:00|17.625|17.727|17.625|17.722|2527
2019.10.11 11:00:00|17.723|17.742|17.651|17.662|1943
2019.10.11 12:00:00|17.663|17.674|17.53|17.58|1701
2019.10.11 13:00:00|17.582|17.6|17.552|17.581|1349
2019.10.11 14:00:00|17.582|17.617|17.369|17.426|3837
2019.10.11 15:00:00|17.426|17.484|17.403|17.454|4469
2019.10.11 16:00:00|17.451|17.566|17.428|17.49|7112
2019.10.11 17:00:00|17.486|17.486|17.329|17.423|8188
2019.10.11 18:00:00|17.424|17.516|17.414|17.481|6597
2019.10.11 19:00:00|17.48|17.543|17.449|17.511|6072
2019.10.11 20:00:00|17.514|17.526|17.438|17.501|3693
2019.10.11 21:00:00|17.5|17.519|17.468|17.504|1630
2019.10.11 22:00:00|17.503|17.546|17.438|17.509|3739
2019.10.11 23:00:00|17.508|17.55|17.501|17.541|787
2019.10.14 01:00:00|17.518|17.544|17.454|17.469|1016
2019.10.14 02:00:00|17.468|17.48|17.459|17.472|646
2019.10.14 03:00:00|17.471|17.503|17.464|17.494|1326
2019.10.14 04:00:00|17.492|17.566|17.411|17.551|5029
2019.10.14 05:00:00|17.551|17.586|17.532|17.571|1860
2019.10.14 06:00:00|17.572|17.577|17.538|17.564|1208
2019.10.14 07:00:00|17.563|17.571|17.552|17.553|316
2019.10.14 08:00:00|17.554|17.584|17.524|17.575|1526
2019.10.14 09:00:00|17.576|17.619|17.556|17.56|2826
2019.10.14 10:00:00|17.559|17.606|17.541|17.583|1494
2019.10.14 11:00:00|17.582|17.589|17.542|17.557|1052
2019.10.14 12:00:00|17.556|17.631|17.549|17.581|2922
2019.10.14 13:00:00|17.58|17.628|17.574|17.576|1304
2019.10.14 14:00:00|17.578|17.614|17.57|17.585|1180
2019.10.14 15:00:00|17.584|17.605|17.513|17.549|2014
2019.10.14 16:00:00|17.548|17.689|17.506|17.609|4683
2019.10.14 17:00:00|17.607|17.631|17.573|17.614|2808
2019.10.14 18:00:00|17.615|17.645|17.608|17.634|1622
2019.10.14 19:00:00|17.633|17.674|17.601|17.674|1351
2019.10.14 20:00:00|17.673|17.681|17.654|17.664|1019
2019.10.14 21:00:00|17.665|17.673|17.63|17.635|735
2019.10.14 22:00:00|17.636|17.64|17.616|17.629|459
2019.10.14 23:00:00|17.627|17.639|17.623|17.628|240
2019.10.15 01:00:00|17.646|17.647|17.623|17.634|250
2019.10.15 02:00:00|17.633|17.648|17.618|17.633|449
2019.10.15 03:00:00|17.632|17.672|17.619|17.648|1093
2019.10.15 04:00:00|17.649|17.721|17.601|17.704|3593
2019.10.15 05:00:00|17.706|17.713|17.671|17.693|1223
2019.10.15 06:00:00|17.694|17.704|17.686|17.69|886
2019.10.15 07:00:00|17.689|17.698|17.682|17.686|385
2019.10.15 08:00:00|17.687|17.695|17.603|17.611|1182
2019.10.15 09:00:00|17.61|17.634|17.543|17.591|2750
2019.10.15 10:00:00|17.59|17.63|17.583|17.604|1573
2019.10.15 11:00:00|17.605|17.667|17.594|17.651|1470
2019.10.15 12:00:00|17.649|17.669|17.635|17.644|1203
2019.10.15 13:00:00|17.643|17.699|17.641|17.655|1148
2019.10.15 14:00:00|17.656|17.661|17.579|17.605|1701
2019.10.15 15:00:00|17.606|17.617|17.541|17.545|2231
2019.10.15 16:00:00|17.546|17.596|17.453|17.494|5497
2019.10.15 17:00:00|17.496|17.501|17.381|17.406|8404
2019.10.15 18:00:00|17.408|17.437|17.378|17.391|4186
2019.10.15 19:00:00|17.393|17.402|17.341|17.356|2171
2019.10.15 20:00:00|17.354|17.388|17.335|17.381|2056
2019.10.15 21:00:00|17.382|17.408|17.368|17.407|1530
2019.10.15 22:00:00|17.408|17.408|17.378|17.382|1110
2019.10.15 23:00:00|17.381|17.417|17.366|17.385|486
2019.10.16 01:00:00|17.39|17.416|17.384|17.392|649
2019.10.16 02:00:00|17.39|17.417|17.379|17.416|483
2019.10.16 03:00:00|17.415|17.444|17.389|17.421|1873
2019.10.16 04:00:00|17.421|17.457|17.406|17.429|3255
2019.10.16 05:00:00|17.43|17.438|17.408|17.434|1274
2019.10.16 06:00:00|17.435|17.442|17.422|17.428|1073
2019.10.16 07:00:00|17.429|17.442|17.423|17.44|813
2019.10.16 08:00:00|17.44|17.447|17.383|17.392|1137
2019.10.16 09:00:00|17.393|17.393|17.185|17.27|5733
2019.10.16 10:00:00|17.272|17.347|17.264|17.28|2880
2019.10.16 11:00:00|17.281|17.345|17.279|17.298|1753
2019.10.16 12:00:00|17.297|17.332|17.253|17.255|2377
2019.10.16 13:00:00|17.254|17.275|17.233|17.238|2027
2019.10.16 14:00:00|17.24|17.253|17.188|17.252|2343
2019.10.16 15:00:00|17.253|17.399|17.148|17.397|7522
2019.10.16 16:00:00|17.395|17.434|17.275|17.324|5972
2019.10.16 17:00:00|17.325|17.348|17.254|17.342|4841
2019.10.16 18:00:00|17.343|17.395|17.321|17.376|2878
2019.10.16 19:00:00|17.378|17.407|17.371|17.393|1537
2019.10.16 20:00:00|17.391|17.409|17.362|17.387|2194
2019.10.16 21:00:00|17.387|17.388|17.349|17.387|1175
2019.10.16 22:00:00|17.388|17.398|17.37|17.373|818
2019.10.16 23:00:00|17.369|17.388|17.349|17.369|364
2019.10.17 01:00:00|17.38|17.393|17.369|17.391|425
2019.10.17 02:00:00|17.389|17.398|17.383|17.388|358
2019.10.17 03:00:00|17.386|17.414|17.357|17.389|1199
2019.10.17 04:00:00|17.388|17.4|17.324|17.342|2360
2019.10.17 05:00:00|17.343|17.346|17.322|17.331|884
2019.10.17 06:00:00|17.332|17.344|17.317|17.333|665
2019.10.17 07:00:00|17.332|17.336|17.307|17.308|460
2019.10.17 08:00:00|17.309|17.38|17.302|17.371|1024
2019.10.17 09:00:00|17.373|17.434|17.358|17.403|2055
2019.10.17 10:00:00|17.402|17.447|17.379|17.392|1639
2019.10.17 11:00:00|17.392|17.456|17.386|17.443|1637
2019.10.17 12:00:00|17.442|17.456|17.379|17.418|3679
2019.10.17 13:00:00|17.417|17.445|17.396|17.435|1639
2019.10.17 14:00:00|17.436|17.524|17.432|17.487|2127
2019.10.17 15:00:00|17.486|17.591|17.472|17.52|3516
2019.10.17 16:00:00|17.517|17.573|17.458|17.558|5004
2019.10.17 17:00:00|17.555|17.568|17.487|17.491|3418
2019.10.17 18:00:00|17.49|17.593|17.488|17.592|3570
2019.10.17 19:00:00|17.591|17.629|17.561|17.594|2559
2019.10.17 20:00:00|17.594|17.602|17.562|17.597|1983
2019.10.17 21:00:00|17.596|17.597|17.518|17.529|1669
2019.10.17 22:00:00|17.528|17.545|17.517|17.534|978
2019.10.17 23:00:00|17.535|17.552|17.497|17.497|347
2019.10.18 01:00:00|17.533|17.565|17.523|17.542|244
2019.10.18 02:00:00|17.541|17.553|17.531|17.539|514
2019.10.18 03:00:00|17.538|17.541|17.512|17.53|935
2019.10.18 04:00:00|17.529|17.56|17.488|17.501|1919
2019.10.18 05:00:00|17.499|17.528|17.492|17.52|1494
2019.10.18 06:00:00|17.521|17.535|17.514|17.526|832
2019.10.18 07:00:00|17.527|17.531|17.498|17.511|312
2019.10.18 08:00:00|17.512|17.538|17.493|17.523|723
2019.10.18 09:00:00|17.522|17.542|17.472|17.482|1395
2019.10.18 10:00:00|17.481|17.504|17.413|17.425|1400
2019.10.18 11:00:00|17.424|17.465|17.414|17.442|1569
2019.10.18 12:00:00|17.441|17.467|17.436|17.457|1007
2019.10.18 13:00:00|17.456|17.468|17.414|17.418|1160
2019.10.18 14:00:00|17.421|17.487|17.393|17.475|1618
2019.10.18 15:00:00|17.476|17.526|17.475|17.513|1861
2019.10.18 16:00:00|17.514|17.589|17.465|17.492|4563
2019.10.18 17:00:00|17.491|17.55|17.473|17.537|2457
2019.10.18 18:00:00|17.538|17.578|17.53|17.539|2580
2019.10.18 19:00:00|17.54|17.581|17.519|17.574|1987
2019.10.18 20:00:00|17.575|17.576|17.526|17.549|1391
2019.10.18 21:00:00|17.546|17.57|17.541|17.559|585
2019.10.18 22:00:00|17.558|17.567|17.534|17.543|701
2019.10.18 23:00:00|17.54|17.544|17.495|17.544|302
2019.10.21 01:00:00|17.547|17.563|17.527|17.544|605
2019.10.21 02:00:00|17.545|17.558|17.534|17.558|311
2019.10.21 03:00:00|17.557|17.572|17.541|17.554|779
2019.10.21 04:00:00|17.556|17.563|17.494|17.52|1978
2019.10.21 05:00:00|17.521|17.556|17.518|17.556|810
2019.10.21 06:00:00|17.557|17.564|17.546|17.56|455
2019.10.21 07:00:00|17.559|17.56|17.543|17.546|395
2019.10.21 08:00:00|17.547|17.707|17.547|17.681|1900
2019.10.21 09:00:00|17.682|17.761|17.677|17.685|2743
2019.10.21 10:00:00|17.687|17.712|17.652|17.656|1688
2019.10.21 11:00:00|17.653|17.682|17.619|17.664|1262
2019.10.21 12:00:00|17.663|17.707|17.66|17.703|791
2019.10.21 13:00:00|17.702|17.713|17.685|17.705|623
2019.10.21 14:00:00|17.707|17.734|17.669|17.669|690
2019.10.21 15:00:00|17.67|17.792|17.67|17.75|1718
2019.10.21 16:00:00|17.75|17.861|17.723|17.776|4342
2019.10.21 17:00:00|17.779|17.782|17.686|17.71|3159
2019.10.21 18:00:00|17.708|17.716|17.526|17.572|4725
2019.10.21 19:00:00|17.571|17.594|17.531|17.554|1720
2019.10.21 20:00:00|17.552|17.586|17.545|17.556|1935
2019.10.21 21:00:00|17.555|17.566|17.528|17.545|1451
2019.10.21 22:00:00|17.548|17.55|17.513|17.544|1196
2019.10.21 23:00:00|17.543|17.56|17.543|17.543|335
2019.10.22 01:00:00|17.543|17.564|17.527|17.545|296
2019.10.22 02:00:00|17.546|17.551|17.53|17.55|500
2019.10.22 03:00:00|17.549|17.549|17.49|17.538|1117
2019.10.22 04:00:00|17.537|17.558|17.433|17.542|3130
2019.10.22 05:00:00|17.543|17.548|17.509|17.53|1115
2019.10.22 06:00:00|17.526|17.548|17.524|17.544|673
2019.10.22 07:00:00|17.545|17.569|17.538|17.549|484
2019.10.22 08:00:00|17.55|17.6|17.529|17.575|897
2019.10.22 09:00:00|17.574|17.597|17.522|17.551|1910
2019.10.22 10:00:00|17.552|17.626|17.552|17.602|1417
2019.10.22 11:00:00|17.604|17.654|17.595|17.634|1031
2019.10.22 12:00:00|17.635|17.652|17.613|17.638|863
2019.10.22 13:00:00|17.64|17.643|17.621|17.626|690
2019.10.22 14:00:00|17.629|17.63|17.59|17.61|1060
2019.10.22 15:00:00|17.611|17.614|17.46|17.544|1679
2019.10.22 16:00:00|17.543|17.589|17.488|17.527|2807
2019.10.22 17:00:00|17.526|17.537|17.471|17.471|2041
2019.10.22 18:00:00|17.472|17.487|17.417|17.442|2190
2019.10.22 19:00:00|17.443|17.472|17.429|17.462|1287
2019.10.22 20:00:00|17.459|17.495|17.451|17.48|1195
2019.10.22 21:00:00|17.481|17.508|17.429|17.5|2583
2019.10.22 22:00:00|17.501|17.516|17.49|17.504|1486
2019.10.22 23:00:00|17.505|17.515|17.493|17.493|326
2019.10.23 01:00:00|17.502|17.541|17.502|17.529|319
2019.10.23 02:00:00|17.522|17.553|17.515|17.535|519
2019.10.23 03:00:00|17.534|17.555|17.518|17.518|1339
2019.10.23 04:00:00|17.516|17.544|17.493|17.534|3002
2019.10.23 05:00:00|17.533|17.534|17.494|17.522|1190
2019.10.23 06:00:00|17.523|17.525|17.506|17.514|750
2019.10.23 07:00:00|17.513|17.533|17.513|17.529|644
2019.10.23 08:00:00|17.53|17.55|17.5|17.526|1067
2019.10.23 09:00:00|17.525|17.566|17.492|17.558|1949
2019.10.23 10:00:00|17.559|17.571|17.535|17.553|1771
2019.10.23 11:00:00|17.555|17.593|17.55|17.581|1029
2019.10.23 12:00:00|17.583|17.596|17.569|17.574|1017
2019.10.23 13:00:00|17.575|17.581|17.522|17.536|1412
2019.10.23 14:00:00|17.535|17.544|17.516|17.526|899
2019.10.23 15:00:00|17.527|17.572|17.504|17.547|1521
2019.10.23 16:00:00|17.548|17.607|17.524|17.588|3839
2019.10.23 17:00:00|17.591|17.593|17.539|17.549|2686
2019.10.23 18:00:00|17.547|17.568|17.527|17.56|1736
2019.10.23 19:00:00|17.559|17.578|17.532|17.544|1460
2019.10.23 20:00:00|17.543|17.567|17.529|17.533|1415
2019.10.23 21:00:00|17.534|17.548|17.527|17.534|969
2019.10.23 22:00:00|17.533|17.552|17.518|17.527|806
2019.10.23 23:00:00|17.528|17.537|17.512|17.518|284
2019.10.24 01:00:00|17.519|17.542|17.514|17.539|486
2019.10.24 02:00:00|17.54|17.55|17.532|17.541|424
2019.10.24 03:00:00|17.54|17.549|17.519|17.531|670
2019.10.24 04:00:00|17.533|17.55|17.495|17.546|1646
2019.10.24 05:00:00|17.548|17.558|17.531|17.531|737
2019.10.24 06:00:00|17.534|17.56|17.53|17.55|649
2019.10.24 07:00:00|17.549|17.555|17.541|17.551|462
2019.10.24 08:00:00|17.552|17.581|17.541|17.554|752
2019.10.24 09:00:00|17.55|17.553|17.512|17.548|1305
2019.10.24 10:00:00|17.55|17.559|17.466|17.501|2837
2019.10.24 11:00:00|17.502|17.528|17.493|17.501|1380
2019.10.24 12:00:00|17.5|17.504|17.472|17.481|573
2019.10.24 13:00:00|17.479|17.525|17.474|17.519|595
2019.10.24 14:00:00|17.518|17.531|17.505|17.531|895
2019.10.24 15:00:00|17.529|17.623|17.526|17.572|2641
2019.10.24 16:00:00|17.569|17.832|17.568|17.738|6203
2019.10.24 17:00:00|17.734|17.828|17.713|17.8|4077
2019.10.24 18:00:00|17.799|17.811|17.734|17.755|2422
2019.10.24 19:00:00|17.754|17.78|17.744|17.758|1698
2019.10.24 20:00:00|17.755|17.803|17.753|17.779|1308
2019.10.24 21:00:00|17.778|17.825|17.776|17.819|1085
2019.10.24 22:00:00|17.82|17.825|17.776|17.784|1357
2019.10.24 23:00:00|17.784|17.801|17.744|17.785|363
2019.10.25 01:00:00|17.785|17.804|17.779|17.796|351
2019.10.25 02:00:00|17.796|17.799|17.763|17.79|568
2019.10.25 03:00:00|17.791|17.795|17.775|17.783|881
2019.10.25 04:00:00|17.785|17.859|17.785|17.821|2248
2019.10.25 05:00:00|17.82|17.832|17.806|17.826|1437
2019.10.25 06:00:00|17.825|17.841|17.803|17.836|1186
2019.10.25 07:00:00|17.837|17.845|17.823|17.837|717
2019.10.25 08:00:00|17.838|17.939|17.831|17.912|2345
2019.10.25 09:00:00|17.91|18.051|17.907|18.005|3888
2019.10.25 10:00:00|18.006|18.045|17.994|18.042|1807
2019.10.25 11:00:00|18.043|18.062|18|18.057|2053
2019.10.25 12:00:00|18.055|18.083|18.037|18.046|1498
2019.10.25 13:00:00|18.045|18.114|18.044|18.107|1201
2019.10.25 14:00:00|18.108|18.155|18.084|18.136|2050
2019.10.25 15:00:00|18.135|18.32|18.134|18.279|4694
2019.10.25 16:00:00|18.28|18.317|18.204|18.26|5289
2019.10.25 17:00:00|18.262|18.274|18.2|18.234|3304
2019.10.25 18:00:00|18.233|18.254|17.943|17.974|6878
2019.10.25 19:00:00|17.973|17.994|17.924|17.931|4227
2019.10.25 20:00:00|17.93|17.964|17.837|17.961|2750
2019.10.25 21:00:00|17.962|18.024|17.957|18.011|1840
2019.10.25 22:00:00|18.012|18.058|18.009|18.057|988
2019.10.25 23:00:00|18.055|18.058|18.015|18.026|329
2019.10.28 00:00:00|18.03|18.041|17.985|18.002|956
2019.10.28 01:00:00|18.001|18.016|17.99|18.014|783
2019.10.28 02:00:00|18.013|18.056|17.999|18.048|1100
2019.10.28 03:00:00|18.046|18.081|18.012|18.068|3236
2019.10.28 04:00:00|18.065|18.078|18.028|18.042|1474
2019.10.28 05:00:00|18.043|18.046|18.01|18.018|864
2019.10.28 06:00:00|18.017|18.018|18.001|18.002|572
2019.10.28 07:00:00|18.003|18.065|17.993|18.059|1210
2019.10.28 08:00:00|18.06|18.099|18.048|18.093|1707
2019.10.28 09:00:00|18.092|18.124|18.029|18.051|2006
2019.10.28 10:00:00|18.05|18.071|17.996|18.071|2706
2019.10.28 11:00:00|18.07|18.071|18.025|18.037|1099
2019.10.28 12:00:00|18.039|18.056|18.035|18.04|846
2019.10.28 13:00:00|18.041|18.089|17.992|17.997|1243
2019.10.28 14:00:00|17.998|18.048|17.902|17.917|3075
2019.10.28 15:00:00|17.92|17.967|17.77|17.816|5900
2019.10.28 16:00:00|17.815|17.881|17.797|17.842|3963
2019.10.28 17:00:00|17.841|17.871|17.802|17.803|2849
2019.10.28 18:00:00|17.804|17.859|17.798|17.853|1731
2019.10.28 19:00:00|17.856|17.878|17.848|17.869|1209
2019.10.28 20:00:00|17.87|17.878|17.827|17.846|1106
2019.10.28 21:00:00|17.843|17.862|17.812|17.827|970
2019.10.28 22:00:00|17.828|17.848|17.822|17.83|527
2019.10.29 00:00:00|17.851|17.852|17.813|17.827|289
2019.10.29 01:00:00|17.826|17.829|17.802|17.803|478
2019.10.29 02:00:00|17.802|17.823|17.747|17.803|1535
2019.10.29 03:00:00|17.802|17.845|17.718|17.783|3122
2019.10.29 04:00:00|17.784|17.821|17.763|17.81|1235
2019.10.29 05:00:00|17.807|17.819|17.779|17.805|906
2019.10.29 06:00:00|17.806|17.815|17.799|17.799|513
2019.10.29 07:00:00|17.8|17.806|17.761|17.769|1515
2019.10.29 08:00:00|17.768|17.775|17.713|17.756|2498
2019.10.29 09:00:00|17.757|17.847|17.75|17.847|1942
2019.10.29 10:00:00|17.846|17.856|17.773|17.788|1111
2019.10.29 11:00:00|17.787|17.812|17.771|17.801|1003
2019.10.29 12:00:00|17.802|17.804|17.677|17.693|2208
2019.10.29 13:00:00|17.689|17.72|17.666|17.67|1462
2019.10.29 14:00:00|17.669|17.729|17.595|17.718|3179
2019.10.29 15:00:00|17.717|17.755|17.636|17.713|4629
2019.10.29 16:00:00|17.715|17.786|17.691|17.781|3763
2019.10.29 17:00:00|17.78|17.884|17.757|17.878|3285
2019.10.29 18:00:00|17.876|17.888|17.803|17.828|2765
2019.10.29 19:00:00|17.826|17.831|17.793|17.794|1180
2019.10.29 20:00:00|17.795|17.844|17.794|17.834|840
2019.10.29 21:00:00|17.833|17.836|17.799|17.799|598
2019.10.29 22:00:00|17.798|17.815|17.783|17.785|254
2019.10.30 00:00:00|17.78|17.803|17.774|17.781|352
2019.10.30 01:00:00|17.782|17.793|17.771|17.773|550
2019.10.30 02:00:00|17.772|17.814|17.762|17.812|755
2019.10.30 03:00:00|17.81|17.827|17.764|17.783|1597
2019.10.30 04:00:00|17.78|17.783|17.738|17.758|1279
2019.10.30 05:00:00|17.757|17.768|17.751|17.765|647
2019.10.30 06:00:00|17.766|17.781|17.765|17.779|459
2019.10.30 07:00:00|17.78|17.781|17.751|17.77|1517
2019.10.30 08:00:00|17.768|17.858|17.761|17.821|1780
2019.10.30 09:00:00|17.823|17.836|17.789|17.79|1085
2019.10.30 10:00:00|17.787|17.833|17.777|17.817|923
2019.10.30 11:00:00|17.818|17.841|17.799|17.799|1111
2019.10.30 12:00:00|17.798|17.9|17.748|17.865|1773
2019.10.30 13:00:00|17.864|17.921|17.853|17.921|1209
2019.10.30 14:00:00|17.922|17.949|17.761|17.825|4128
2019.10.30 15:00:00|17.824|17.863|17.782|17.81|3762
2019.10.30 16:00:00|17.811|17.872|17.747|17.793|4565
2019.10.30 17:00:00|17.796|17.864|17.796|17.855|2192
2019.10.30 18:00:00|17.854|17.865|17.811|17.848|1501
2019.10.30 19:00:00|17.849|17.873|17.79|17.79|1447
2019.10.30 20:00:00|17.792|17.81|17.574|17.767|9706
2019.10.30 21:00:00|17.766|17.879|17.738|17.876|6526
2019.10.30 22:00:00|17.878|17.879|17.816|17.831|775
2019.10.31 00:00:00|17.849|17.87|17.826|17.847|626
2019.10.31 01:00:00|17.845|17.852|17.829|17.834|642
2019.10.31 02:00:00|17.835|17.847|17.779|17.817|1515
2019.10.31 03:00:00|17.816|17.96|17.816|17.933|4632
2019.10.31 04:00:00|17.934|17.943|17.881|17.889|961
2019.10.31 05:00:00|17.887|17.899|17.856|17.893|1131
2019.10.31 06:00:00|17.892|17.908|17.86|17.905|739
2019.10.31 07:00:00|17.906|17.932|17.896|17.932|1137
2019.10.31 08:00:00|17.931|17.94|17.904|17.92|1283
2019.10.31 09:00:00|17.919|17.995|17.919|17.991|1151
2019.10.31 10:00:00|17.99|18.014|17.963|18.008|1712
2019.10.31 11:00:00|18.007|18.061|17.991|18.038|3257
2019.10.31 12:00:00|18.037|18.095|18.034|18.041|1647
2019.10.31 13:00:00|18.04|18.116|18.019|18.04|2402
2019.10.31 14:00:00|18.043|18.081|17.973|18.06|4550
2019.10.31 15:00:00|18.061|18.136|18|18.13|6744
2019.10.31 16:00:00|18.132|18.163|18.044|18.06|6254
2019.10.31 17:00:00|18.061|18.08|17.97|17.991|4943
2019.10.31 18:00:00|17.99|18.049|17.986|18.036|3415
2019.10.31 19:00:00|18.036|18.076|17.996|18.076|3277
2019.10.31 20:00:00|18.076|18.087|18.036|18.061|2870
2019.10.31 21:00:00|18.061|18.093|18.036|18.086|1726
2019.10.31 22:00:00|18.088|18.107|18.076|18.084|407
2019.11.01 00:00:00|18.066|18.103|18.066|18.083|574
2019.11.01 01:00:00|18.082|18.091|18.052|18.077|524
2019.11.01 02:00:00|18.076|18.082|18.049|18.071|498
2019.11.01 03:00:00|18.069|18.095|18.038|18.056|1684
2019.11.01 04:00:00|18.055|18.062|18.034|18.043|1313
2019.11.01 05:00:00|18.042|18.056|18.039|18.053|463
2019.11.01 06:00:00|18.053|18.062|18.026|18.033|409
2019.11.01 07:00:00|18.034|18.046|18.01|18.034|965
2019.11.01 08:00:00|18.034|18.073|18.028|18.064|1334
2019.11.01 09:00:00|18.063|18.125|18.042|18.125|1117
2019.11.01 10:00:00|18.126|18.14|18.1|18.114|1824
2019.11.01 11:00:00|18.113|18.12|18.057|18.073|1604
2019.11.01 12:00:00|18.074|18.079|18.043|18.061|1133
2019.11.01 13:00:00|18.059|18.115|18.053|18.103|1022
2019.11.01 14:00:00|18.106|18.134|17.922|17.998|6247
2019.11.01 15:00:00|17.999|18.043|17.953|18.008|5231
2019.11.01 16:00:00|18.016|18.093|17.976|18.015|7998
2019.11.01 17:00:00|18.015|18.061|18.004|18.057|3186
2019.11.01 18:00:00|18.056|18.09|18.03|18.075|2590
2019.11.01 19:00:00|18.072|18.09|18.012|18.034|3060
2019.11.01 20:00:00|18.036|18.044|18.005|18.017|1942
2019.11.01 21:00:00|18.018|18.098|18.015|18.081|1470
2019.11.01 22:00:00|18.079|18.119|18.063|18.109|371
2019.11.04 01:00:00|18.092|18.118|18.075|18.11|803
2019.11.04 02:00:00|18.113|18.113|18.051|18.059|882
2019.11.04 03:00:00|18.058|18.131|18.038|18.109|2119
2019.11.04 04:00:00|18.108|18.132|18.086|18.115|1266
2019.11.04 05:00:00|18.116|18.116|18.091|18.094|724
2019.11.04 06:00:00|18.095|18.105|18.09|18.099|418
2019.11.04 07:00:00|18.1|18.106|18.068|18.088|913
2019.11.04 08:00:00|18.087|18.105|18.06|18.086|1247
2019.11.04 09:00:00|18.086|18.139|18.077|18.134|1198
2019.11.04 10:00:00|18.133|18.141|18.064|18.091|1748
2019.11.04 11:00:00|18.091|18.109|18.081|18.082|1039
2019.11.04 12:00:00|18.082|18.12|18.03|18.076|1400
2019.11.04 13:00:00|18.076|18.158|18.068|18.138|1090
2019.11.04 14:00:00|18.137|18.143|18.11|18.123|1324
2019.11.04 15:00:00|18.122|18.209|18.102|18.117|3919
2019.11.04 16:00:00|18.118|18.138|18.08|18.096|3036
2019.11.04 17:00:00|18.095|18.135|18.025|18.033|3521
2019.11.04 18:00:00|18.032|18.041|17.952|18.003|3716
2019.11.04 19:00:00|18.002|18.068|17.994|18.066|1516
2019.11.04 20:00:00|18.066|18.073|18.016|18.018|1352
2019.11.04 21:00:00|18.016|18.048|17.993|18.034|1674
2019.11.04 22:00:00|18.032|18.037|18.017|18.023|935
2019.11.04 23:00:00|18.023|18.07|18.013|18.029|603
2019.11.05 01:00:00|18.049|18.051|17.997|18.003|908
2019.11.05 02:00:00|18.002|18.023|17.993|18.023|880
2019.11.05 03:00:00|18.022|18.038|17.989|18.017|1899
2019.11.05 04:00:00|18.016|18.021|17.979|18.001|1517
2019.11.05 05:00:00|17.999|18.012|17.992|18.002|994
2019.11.05 06:00:00|18.001|18.021|18.001|18.017|808
2019.11.05 07:00:00|18.017|18.073|18.016|18.046|1647
2019.11.05 08:00:00|18.045|18.066|17.978|18.022|2121
2019.11.05 09:00:00|18.023|18.067|17.997|18.053|2198
2019.11.05 10:00:00|18.055|18.08|18.023|18.043|2321
2019.11.05 11:00:00|18.045|18.054|18.021|18.052|1776
2019.11.05 12:00:00|18.051|18.062|18.038|18.041|861
2019.11.05 13:00:00|18.041|18.062|18.009|18.031|1691
2019.11.05 14:00:00|18.029|18.037|17.938|17.97|2647
2019.11.05 15:00:00|17.969|18.011|17.675|17.712|7303
2019.11.05 16:00:00|17.713|17.777|17.688|17.752|4904
2019.11.05 17:00:00|17.755|17.755|17.616|17.657|7737
2019.11.05 18:00:00|17.656|17.666|17.522|17.549|5286
2019.11.05 19:00:00|17.551|17.652|17.549|17.626|2314
2019.11.05 20:00:00|17.627|17.637|17.566|17.596|2408
2019.11.05 21:00:00|17.597|17.621|17.591|17.599|1481
2019.11.05 22:00:00|17.6|17.629|17.587|17.606|1374
2019.11.05 23:00:00|17.604|17.628|17.537|17.551|428
2019.11.06 01:00:00|17.531|17.584|17.531|17.579|752
2019.11.06 02:00:00|17.58|17.604|17.575|17.604|1094
2019.11.06 03:00:00|17.604|17.628|17.536|17.582|3382
2019.11.06 04:00:00|17.577|17.583|17.541|17.564|1130
2019.11.06 05:00:00|17.565|17.586|17.551|17.58|847
2019.11.06 06:00:00|17.58|17.581|17.553|17.556|452
2019.11.06 07:00:00|17.557|17.573|17.504|17.53|2165
2019.11.06 08:00:00|17.531|17.544|17.493|17.53|2138
2019.11.06 09:00:00|17.529|17.54|17.513|17.533|1413
2019.11.06 10:00:00|17.531|17.549|17.49|17.542|2099
2019.11.06 11:00:00|17.543|17.585|17.536|17.582|1305
2019.11.06 12:00:00|17.581|17.59|17.553|17.554|1373
2019.11.06 13:00:00|17.553|17.565|17.513|17.515|1282
2019.11.06 14:00:00|17.517|17.521|17.372|17.477|3134
2019.11.06 15:00:00|17.479|17.623|17.443|17.602|4903
2019.11.06 16:00:00|17.604|17.616|17.536|17.544|3884
2019.11.06 17:00:00|17.544|17.589|17.521|17.574|3076
2019.11.06 18:00:00|17.575|17.631|17.534|17.623|5221
2019.11.06 19:00:00|17.624|17.637|17.55|17.568|2439
2019.11.06 20:00:00|17.567|17.627|17.567|17.585|2176
2019.11.06 21:00:00|17.587|17.618|17.578|17.6|1013
2019.11.06 22:00:00|17.598|17.618|17.596|17.615|654
2019.11.06 23:00:00|17.616|17.619|17.588|17.604|287
2019.11.07 01:00:00|17.596|17.617|17.588|17.604|437
2019.11.07 02:00:00|17.603|17.611|17.597|17.607|549
2019.11.07 03:00:00|17.607|17.656|17.585|17.617|2238
2019.11.07 04:00:00|17.618|17.635|17.6|17.613|876
2019.11.07 05:00:00|17.614|17.64|17.612|17.622|771
2019.11.07 06:00:00|17.621|17.622|17.61|17.611|432
2019.11.07 07:00:00|17.616|17.617|17.582|17.61|856
2019.11.07 08:00:00|17.611|17.634|17.599|17.604|1122
2019.11.07 09:00:00|17.606|17.618|17.534|17.543|4776
2019.11.07 10:00:00|17.543|17.606|17.525|17.597|1914
2019.11.07 11:00:00|17.596|17.598|17.571|17.578|1090
2019.11.07 12:00:00|17.577|17.582|17.493|17.498|1495
2019.11.07 13:00:00|17.497|17.544|17.449|17.53|1667
2019.11.07 14:00:00|17.531|17.562|17.466|17.561|2871
2019.11.07 15:00:00|17.562|17.612|17.499|17.537|4810
2019.11.07 16:00:00|17.535|17.588|17.512|17.559|4390
2019.11.07 17:00:00|17.56|17.568|17.163|17.206|8928
2019.11.07 18:00:00|17.208|17.237|16.941|17.008|9651
2019.11.07 19:00:00|17.009|17.089|16.989|17.007|5124
2019.11.07 20:00:00|17.006|17.07|16.99|17.03|3073
2019.11.07 21:00:00|17.029|17.109|17.01|17.078|3230
2019.11.07 22:00:00|17.077|17.139|17.075|17.102|2557
2019.11.07 23:00:00|17.101|17.114|17.081|17.095|628
2019.11.08 01:00:00|17.093|17.103|17.072|17.102|613
2019.11.08 02:00:00|17.101|17.108|17.065|17.095|1387
2019.11.08 03:00:00|17.092|17.092|16.939|16.981|5323
2019.11.08 04:00:00|16.98|17.03|16.967|17.015|2281
2019.11.08 05:00:00|17.012|17.03|17.003|17.014|1598
2019.11.08 06:00:00|17.014|17.015|16.986|16.988|961
2019.11.08 07:00:00|16.992|17.017|16.977|16.989|1308
2019.11.08 08:00:00|16.989|17.03|16.985|17.017|1571
2019.11.08 09:00:00|17.017|17.06|16.979|17.056|2636
2019.11.08 10:00:00|17.057|17.086|17.025|17.025|2330
2019.11.08 11:00:00|17.025|17.028|16.945|16.954|2735
2019.11.08 12:00:00|16.955|16.985|16.95|16.964|1397
2019.11.08 13:00:00|16.963|16.97|16.778|16.817|2015
2019.11.08 14:00:00|16.819|16.822|16.681|16.76|6080
2019.11.08 15:00:00|16.76|16.904|16.744|16.849|6554
2019.11.08 16:00:00|16.852|16.917|16.8|16.892|5344
2019.11.08 17:00:00|16.893|16.965|16.862|16.943|7295
2019.11.08 18:00:00|16.945|16.956|16.842|16.878|3124
2019.11.08 19:00:00|16.874|16.876|16.792|16.815|2016
2019.11.08 20:00:00|16.817|16.907|16.801|16.876|1588
2019.11.08 21:00:00|16.877|16.881|16.825|16.834|853
2019.11.08 22:00:00|16.835|16.839|16.788|16.79|1033
2019.11.08 23:00:00|16.789|16.798|16.776|16.797|499
2019.11.11 01:00:00|16.756|16.827|16.756|16.823|863
2019.11.11 02:00:00|16.821|16.836|16.8|16.835|937
2019.11.11 03:00:00|16.834|16.899|16.832|16.867|2194
2019.11.11 04:00:00|16.865|16.871|16.83|16.835|1435
2019.11.11 05:00:00|16.833|16.844|16.796|16.843|758
2019.11.11 06:00:00|16.842|16.856|16.837|16.855|371
2019.11.11 07:00:00|16.854|16.866|16.836|16.84|652
2019.11.11 08:00:00|16.839|16.872|16.821|16.856|1294
2019.11.11 09:00:00|16.857|16.902|16.849|16.885|1168
2019.11.11 10:00:00|16.886|16.926|16.851|16.895|1317
2019.11.11 11:00:00|16.898|16.917|16.872|16.888|1201
2019.11.11 12:00:00|16.889|16.911|16.878|16.899|567
2019.11.11 13:00:00|16.898|16.899|16.859|16.865|791
2019.11.11 14:00:00|16.866|16.88|16.826|16.83|1255
2019.11.11 15:00:00|16.828|16.849|16.777|16.827|2294
2019.11.11 16:00:00|16.825|16.894|16.808|16.868|2878
2019.11.11 17:00:00|16.869|16.869|16.65|16.669|5751
2019.11.11 18:00:00|16.67|16.831|16.663|16.798|4012
2019.11.11 19:00:00|16.799|16.823|16.788|16.802|1259
2019.11.11 20:00:00|16.801|16.851|16.799|16.829|1279
2019.11.11 21:00:00|16.83|16.845|16.811|16.837|705
2019.11.11 22:00:00|16.838|16.854|16.834|16.843|603
2019.11.11 23:00:00|16.842|16.852|16.815|16.839|159
2019.11.12 01:00:00|16.802|16.833|16.797|16.824|500
2019.11.12 02:00:00|16.823|16.854|16.821|16.837|1117
2019.11.12 03:00:00|16.838|16.888|16.827|16.844|1882
2019.11.12 04:00:00|16.842|16.857|16.831|16.84|996
2019.11.12 05:00:00|16.84|16.857|16.814|16.855|914
2019.11.12 06:00:00|16.855|16.869|16.85|16.865|397
2019.11.12 07:00:00|16.865|16.872|16.796|16.81|1587
2019.11.12 08:00:00|16.811|16.829|16.742|16.792|2468
2019.11.12 09:00:00|16.791|16.837|16.77|16.806|2288
2019.11.12 10:00:00|16.807|16.813|16.682|16.749|3026
2019.11.12 11:00:00|16.748|16.799|16.743|16.779|1836
2019.11.12 12:00:00|16.78|16.782|16.751|16.765|1549
2019.11.12 13:00:00|16.766|16.778|16.722|16.733|1425
2019.11.12 14:00:00|16.735|16.795|16.733|16.785|1551
2019.11.12 15:00:00|16.784|16.829|16.735|16.786|3472
2019.11.12 16:00:00|16.787|16.799|16.738|16.739|3083
2019.11.12 17:00:00|16.74|16.771|16.632|16.734|4172
2019.11.12 18:00:00|16.733|16.759|16.708|16.736|3110
2019.11.12 19:00:00|16.738|16.74|16.688|16.719|2778
2019.11.12 20:00:00|16.722|16.764|16.694|16.698|2329
2019.11.12 21:00:00|16.699|16.808|16.697|16.795|3189
2019.11.12 22:00:00|16.793|16.812|16.77|16.8|1735
2019.11.12 23:00:00|16.802|16.81|16.745|16.746|530
2019.11.13 01:00:00|16.728|16.804|16.728|16.803|464
2019.11.13 02:00:00|16.802|16.804|16.775|16.778|1131
2019.11.13 03:00:00|16.777|16.836|16.758|16.806|2662
2019.11.13 04:00:00|16.805|16.846|16.8|16.84|1193
2019.11.13 05:00:00|16.843|16.845|16.822|16.835|698
2019.11.13 06:00:00|16.836|16.888|16.835|16.866|712
2019.11.13 07:00:00|16.867|16.913|16.848|16.908|1131
2019.11.13 08:00:00|16.907|16.971|16.895|16.938|1734
2019.11.13 09:00:00|16.941|16.957|16.891|16.892|1235
2019.11.13 10:00:00|16.891|16.897|16.831|16.878|1538
2019.11.13 11:00:00|16.876|16.966|16.86|16.945|1688
2019.11.13 12:00:00|16.948|16.956|16.897|16.904|1256
2019.11.13 13:00:00|16.905|16.953|16.9|16.929|904
2019.11.13 14:00:00|16.93|17.014|16.929|16.958|1884
2019.11.13 15:00:00|16.959|16.967|16.859|16.863|3397
2019.11.13 16:00:00|16.865|16.928|16.826|16.876|3479
2019.11.13 17:00:00|16.876|16.917|16.849|16.912|1991
2019.11.13 18:00:00|16.913|16.929|16.875|16.903|1594
2019.11.13 19:00:00|16.902|16.927|16.863|16.884|1030
2019.11.13 20:00:00|16.883|16.943|16.879|16.922|1678
2019.11.13 21:00:00|16.921|16.996|16.918|16.932|1805
2019.11.13 22:00:00|16.931|16.936|16.909|16.936|1190
2019.11.13 23:00:00|16.934|16.959|16.916|16.955|383
2019.11.14 01:00:00|16.94|16.973|16.935|16.95|427
2019.11.14 02:00:00|16.949|16.958|16.935|16.944|905
2019.11.14 03:00:00|16.943|16.943|16.879|16.894|1742
2019.11.14 04:00:00|16.897|16.956|16.893|16.938|1284
2019.11.14 05:00:00|16.937|17.007|16.937|16.964|1220
2019.11.14 06:00:00|16.965|16.976|16.959|16.963|466
2019.11.14 07:00:00|16.964|16.998|16.956|16.998|971
2019.11.14 08:00:00|16.997|16.999|16.959|16.961|977
2019.11.14 09:00:00|16.959|16.995|16.946|16.966|1755
2019.11.14 10:00:00|16.967|17.094|16.96|17.071|1355
2019.11.14 11:00:00|17.07|17.091|17.051|17.072|1374
2019.11.14 12:00:00|17.071|17.071|17.037|17.051|1343
2019.11.14 13:00:00|17.052|17.066|17.021|17.022|974
2019.11.14 14:00:00|17.023|17.059|16.999|17|1438
2019.11.14 15:00:00|17.001|17.021|16.93|16.949|3424
2019.11.14 16:00:00|16.949|16.974|16.909|16.929|3216
2019.11.14 17:00:00|16.929|17.002|16.867|16.987|2935
2019.11.14 18:00:00|16.989|17.051|16.983|17.023|2944
2019.11.14 19:00:00|17.026|17.028|16.977|17.013|1283
2019.11.14 20:00:00|17.012|17.075|16.992|17.054|1248
2019.11.14 21:00:00|17.056|17.059|17.002|17.017|1070
2019.11.14 22:00:00|17.016|17.021|16.991|17.006|1033
2019.11.14 23:00:00|17.007|17.017|16.999|17.005|307
2019.11.15 01:00:00|17.003|17.021|16.972|16.976|665
2019.11.15 02:00:00|16.975|16.993|16.963|16.974|1150
2019.11.15 03:00:00|16.975|17.02|16.97|16.98|1980
2019.11.15 04:00:00|16.977|17.002|16.964|16.97|1011
2019.11.15 05:00:00|16.969|16.974|16.92|16.949|1069
2019.11.15 06:00:00|16.951|16.951|16.938|16.944|403
2019.11.15 07:00:00|16.945|16.953|16.826|16.846|2047
2019.11.15 08:00:00|16.849|16.883|16.818|16.875|1447
2019.11.15 09:00:00|16.874|16.887|16.831|16.868|767
2019.11.15 10:00:00|16.866|16.895|16.845|16.884|933
2019.11.15 11:00:00|16.887|16.887|16.822|16.832|1021
2019.11.15 12:00:00|16.831|16.873|16.828|16.866|623
2019.11.15 13:00:00|16.865|16.891|16.865|16.879|645
2019.11.15 14:00:00|16.88|16.897|16.806|16.862|1456
2019.11.15 15:00:00|16.86|16.951|16.853|16.943|3026
2019.11.15 16:00:00|16.945|16.953|16.878|16.942|2609
2019.11.15 17:00:00|16.941|16.995|16.929|16.983|2219
2019.11.15 18:00:00|16.982|16.983|16.924|16.956|1653
2019.11.15 19:00:00|16.955|16.991|16.95|16.988|1355
2019.11.15 20:00:00|16.989|16.995|16.961|16.966|669
2019.11.15 21:00:00|16.965|16.965|16.923|16.931|790
2019.11.15 22:00:00|16.931|16.949|16.925|16.934|857
2019.11.15 23:00:00|16.933|16.96|16.929|16.955|160
2019.11.18 01:00:00|16.954|16.984|16.935|16.979|391
2019.11.18 02:00:00|16.978|16.984|16.934|16.939|662
2019.11.18 03:00:00|16.94|16.955|16.883|16.889|1629
2019.11.18 04:00:00|16.888|16.909|16.873|16.904|856
2019.11.18 05:00:00|16.904|16.909|16.888|16.906|711
2019.11.18 06:00:00|16.909|16.915|16.89|16.903|388
2019.11.18 07:00:00|16.904|16.905|16.863|16.889|854
2019.11.18 08:00:00|16.888|16.894|16.852|16.876|1003
2019.11.18 09:00:00|16.877|16.901|16.836|16.857|2242
2019.11.18 10:00:00|16.857|16.857|16.801|16.814|1989
2019.11.18 11:00:00|16.813|16.827|16.802|16.804|1159
2019.11.18 12:00:00|16.806|16.817|16.728|16.761|1260
2019.11.18 13:00:00|16.761|16.788|16.76|16.783|784
2019.11.18 14:00:00|16.784|16.806|16.769|16.789|1185
2019.11.18 15:00:00|16.789|16.914|16.775|16.874|3950
2019.11.18 16:00:00|16.873|17.044|16.873|16.955|4778
2019.11.18 17:00:00|16.952|17.017|16.944|17.014|3970
2019.11.18 18:00:00|17.013|17.039|16.989|17.003|3450
2019.11.18 19:00:00|17.004|17.039|17.003|17.023|1600
2019.11.18 20:00:00|17.024|17.045|17.009|17.038|1226
2019.11.18 21:00:00|17.04|17.045|17.019|17.024|786
2019.11.18 22:00:00|17.023|17.036|17.012|17.028|680
2019.11.18 23:00:00|17.026|17.026|17.007|17.017|244
2019.11.19 01:00:00|17.015|17.035|17.002|17.028|340
2019.11.19 02:00:00|17.033|17.07|17.024|17.028|928
2019.11.19 03:00:00|17.029|17.059|16.993|16.998|2575
2019.11.19 04:00:00|16.995|17.029|16.995|17.023|1240
2019.11.19 05:00:00|17.022|17.028|17.013|17.022|737
2019.11.19 06:00:00|17.022|17.032|17.017|17.032|413
2019.11.19 07:00:00|17.033|17.148|17.013|17.116|2364
2019.11.19 08:00:00|17.115|17.174|17.109|17.14|2150
2019.11.19 09:00:00|17.141|17.145|17.075|17.077|1279
2019.11.19 10:00:00|17.076|17.12|17.055|17.062|1720
2019.11.19 11:00:00|17.06|17.071|17.039|17.042|1217
2019.11.19 12:00:00|17.043|17.063|17.035|17.05|766
2019.11.19 13:00:00|17.049|17.104|17.049|17.104|790
2019.11.19 14:00:00|17.106|17.118|17.062|17.084|899
2019.11.19 15:00:00|17.085|17.139|17.061|17.083|2864
2019.11.19 16:00:00|17.082|17.082|16.954|17.034|4917
2019.11.19 17:00:00|17.033|17.106|17.023|17.098|4439
2019.11.19 18:00:00|17.097|17.1|17.037|17.053|3001
2019.11.19 19:00:00|17.055|17.144|17.055|17.14|2052
2019.11.19 20:00:00|17.141|17.163|17.113|17.156|1665
2019.11.19 21:00:00|17.156|17.168|17.113|17.127|816
2019.11.19 22:00:00|17.126|17.137|17.102|17.135|775
2019.11.19 23:00:00|17.136|17.142|17.12|17.124|256
2019.11.20 01:00:00|17.123|17.166|17.123|17.157|604
2019.11.20 02:00:00|17.155|17.157|17.105|17.12|1290
2019.11.20 03:00:00|17.119|17.158|17.081|17.115|3061
2019.11.20 04:00:00|17.116|17.146|17.11|17.133|1047
2019.11.20 05:00:00|17.132|17.138|17.115|17.135|653
2019.11.20 06:00:00|17.134|17.14|17.117|17.123|313
2019.11.20 07:00:00|17.124|17.186|17.122|17.162|1603
2019.11.20 08:00:00|17.16|17.163|17.098|17.114|1183
2019.11.20 09:00:00|17.113|17.166|17.094|17.164|1848
2019.11.20 10:00:00|17.162|17.195|17.143|17.174|1949
2019.11.20 11:00:00|17.175|17.18|17.114|17.131|981
2019.11.20 12:00:00|17.13|17.148|17.102|17.115|745
2019.11.20 13:00:00|17.116|17.156|17.094|17.1|801
2019.11.20 14:00:00|17.102|17.117|17.065|17.081|1640
2019.11.20 15:00:00|17.08|17.101|17.043|17.083|2676
2019.11.20 16:00:00|17.084|17.137|17.038|17.128|4149
2019.11.20 17:00:00|17.129|17.146|17.017|17.087|3998
2019.11.20 18:00:00|17.086|17.087|17.053|17.076|2737
2019.11.20 19:00:00|17.077|17.131|17.047|17.105|2864
2019.11.20 20:00:00|17.107|17.143|17.075|17.093|3909
2019.11.20 21:00:00|17.092|17.142|17.085|17.132|2535
2019.11.20 22:00:00|17.131|17.154|17.126|17.147|1080
2019.11.20 23:00:00|17.146|17.15|17.123|17.132|340
2019.11.21 01:00:00|17.157|17.181|17.14|17.164|674
2019.11.21 02:00:00|17.163|17.17|17.14|17.155|1225
2019.11.21 03:00:00|17.154|17.171|17.123|17.134|2567
2019.11.21 04:00:00|17.133|17.143|17.088|17.099|2459
2019.11.21 05:00:00|17.1|17.118|17.098|17.104|1389
2019.11.21 06:00:00|17.107|17.108|17.084|17.099|1472
2019.11.21 07:00:00|17.1|17.11|17.07|17.081|1743
2019.11.21 08:00:00|17.082|17.088|17.055|17.079|1254
2019.11.21 09:00:00|17.078|17.119|17.063|17.091|1979
2019.11.21 10:00:00|17.092|17.14|17.078|17.109|1871
2019.11.21 11:00:00|17.11|17.11|17.057|17.064|1208
2019.11.21 12:00:00|17.063|17.079|17.034|17.049|1912
2019.11.21 13:00:00|17.049|17.063|17.041|17.063|751
2019.11.21 14:00:00|17.064|17.105|17.062|17.092|1180
2019.11.21 15:00:00|17.093|17.138|17.028|17.108|4816
2019.11.21 16:00:00|17.107|17.138|17.092|17.099|4755
2019.11.21 17:00:00|17.103|17.164|17.052|17.156|6374
2019.11.21 18:00:00|17.155|17.161|17.105|17.145|3023
2019.11.21 19:00:00|17.144|17.145|17.093|17.098|1534
2019.11.21 20:00:00|17.101|17.107|17.058|17.072|2092
2019.11.21 21:00:00|17.073|17.087|17.058|17.086|934
2019.11.21 22:00:00|17.087|17.105|17.08|17.101|747
2019.11.21 23:00:00|17.1|17.102|17.08|17.081|206
2019.11.22 01:00:00|17.088|17.098|17.078|17.098|321
2019.11.22 02:00:00|17.097|17.101|17.059|17.078|813
2019.11.22 03:00:00|17.077|17.093|17.061|17.062|1532
2019.11.22 04:00:00|17.061|17.077|17.047|17.072|1182
2019.11.22 05:00:00|17.073|17.081|17.06|17.08|588
2019.11.22 06:00:00|17.077|17.085|17.066|17.083|349
2019.11.22 07:00:00|17.084|17.131|17.082|17.108|982
2019.11.22 08:00:00|17.108|17.122|17.078|17.1|1149
2019.11.22 09:00:00|17.101|17.154|17.101|17.14|949
2019.11.22 10:00:00|17.141|17.193|17.119|17.155|2347
2019.11.22 11:00:00|17.156|17.203|17.155|17.191|2075
2019.11.22 12:00:00|17.189|17.223|17.189|17.196|1276
2019.11.22 13:00:00|17.196|17.215|17.176|17.176|1137
2019.11.22 14:00:00|17.178|17.178|17.152|17.154|1084
2019.11.22 15:00:00|17.154|17.154|17.104|17.11|3377
2019.11.22 16:00:00|17.109|17.119|17.056|17.077|3990
2019.11.22 17:00:00|17.074|17.104|16.979|17.029|4725
2019.11.22 18:00:00|17.028|17.074|17.014|17.026|2594
2019.11.22 19:00:00|17.025|17.034|16.996|16.996|1409
2019.11.22 20:00:00|16.995|17.025|16.992|17.01|1263
2019.11.22 21:00:00|17.008|17.027|16.997|17.004|875
2019.11.22 22:00:00|17.005|17.007|16.983|16.986|731
