2020.09.10 07:00:00|0.91115|0.9116300000000001|0.91103|0.9115|525
2020.09.10 08:00:00|0.91151|0.91152|0.91065|0.91071|1545
2020.09.10 09:00:00|0.9107|0.91095|0.90983|0.91076|3318
2020.09.10 10:00:00|0.91077|0.91092|0.9094100000000001|0.9095800000000001|5310
2020.09.10 11:00:00|0.90959|0.90989|0.90832|0.90849|4229
2020.09.10 12:00:00|0.9085|0.90931|0.90818|0.90925|3339
2020.09.10 13:00:00|0.90925|0.90948|0.90847|0.90887|2660
2020.09.10 14:00:00|0.90886|0.90947|0.90821|0.90839|4344
2020.09.10 15:00:00|0.90838|0.90881|0.9059|0.9063|14094
2020.09.10 16:00:00|0.90629|0.90673|0.90479|0.90612|8983
2020.09.10 17:00:00|0.90612|0.90765|0.90503|0.90743|7519
2020.09.10 18:00:00|0.90742|0.90795|0.9067499999999999|0.9077|6584
2020.09.10 19:00:00|0.90771|0.90891|0.90733|0.90829|7797
2020.09.10 20:00:00|0.90828|0.90885|0.90772|0.90877|4705
2020.09.10 21:00:00|0.90878|0.91042|0.9087|0.9099|6292
2020.09.10 22:00:00|0.90989|0.91086|0.90981|0.91066|6758
2020.09.10 23:00:00|0.91065|0.91089|0.91031|0.91048|945
2020.09.11 00:00:00|0.91047|0.91084|0.90968|0.90998|3927
2020.09.11 01:00:00|0.90969|0.91032|0.90969|0.90986|1264
2020.09.11 02:00:00|0.90984|0.91023|0.90977|0.91018|512
2020.09.11 03:00:00|0.91018|0.91018|0.90944|0.90977|1446
2020.09.11 04:00:00|0.90976|0.91005|0.90945|0.91004|1655
2020.09.11 05:00:00|0.91003|0.91009|0.9095800000000001|0.90992|962
2020.09.11 06:00:00|0.90992|0.91|0.90956|0.90969|666
2020.09.11 07:00:00|0.9097|0.90985|0.90954|0.9097|854
2020.09.11 08:00:00|0.9097|0.91003|0.90934|0.90963|1052
2020.09.11 09:00:00|0.9096|0.91053|0.90947|0.91037|3028
2020.09.11 10:00:00|0.91038|0.9105|0.90916|0.9099|4062
2020.09.11 11:00:00|0.9099|0.90994|0.90834|0.90851|4701
2020.09.11 12:00:00|0.90851|0.90915|0.90787|0.9079|4518
2020.09.11 13:00:00|0.90789|0.90964|0.90786|0.90928|4929
2020.09.11 14:00:00|0.90927|0.9094|0.90861|0.90915|2569
2020.09.11 15:00:00|0.90915|0.91016|0.90892|0.9091|3769
2020.09.11 16:00:00|0.9091|0.90961|0.90809|0.90938|6845
2020.09.11 17:00:00|0.90937|0.9095800000000001|0.9085299999999999|0.90937|6216
2020.09.11 18:00:00|0.90938|0.90949|0.90868|0.9091|3752
2020.09.11 19:00:00|0.90912|0.90925|0.90857|0.9091|2869
2020.09.11 20:00:00|0.90912|0.90988|0.90906|0.90954|2410
2020.09.11 21:00:00|0.9095299999999999|0.90973|0.90894|0.90948|2575
2020.09.11 22:00:00|0.90948|0.90957|0.90879|0.9089699999999999|2611
2020.09.11 23:00:00|0.90895|0.90906|0.90863|0.90876|793
2020.09.14 00:00:00|0.90825|0.90913|0.9081|0.9087|69
2020.09.14 01:00:00|0.90867|0.90903|0.90799|0.90864|549
2020.09.14 02:00:00|0.90862|0.9090200000000001|0.9085800000000001|0.90884|988
2020.09.14 03:00:00|0.90883|0.90974|0.9087|0.90967|1425
2020.09.14 04:00:00|0.90967|0.90976|0.90898|0.90911|1816
2020.09.14 05:00:00|0.90909|0.90913|0.90852|0.90861|1297
2020.09.14 06:00:00|0.9086|0.90863|0.90846|0.90859|844
2020.09.14 07:00:00|0.90861|0.9088000000000001|0.90855|0.90861|665
2020.09.14 08:00:00|0.90861|0.90879|0.90822|0.90827|1655
2020.09.14 09:00:00|0.90826|0.90909|0.90815|0.90867|3216
2020.09.14 10:00:00|0.90867|0.90869|0.9076|0.9076|3879
2020.09.14 11:00:00|0.90761|0.90789|0.90711|0.90776|3569
2020.09.14 12:00:00|0.90774|0.90894|0.9073|0.90874|4053
2020.09.14 13:00:00|0.90873|0.90876|0.90645|0.90656|3919
2020.09.14 14:00:00|0.90655|0.9075299999999999|0.90644|0.90729|2627
2020.09.14 15:00:00|0.90729|0.9074|0.90615|0.90671|3669
2020.09.14 16:00:00|0.9067|0.90689|0.90571|0.9065|6687
2020.09.14 17:00:00|0.90649|0.90691|0.9059|0.90638|6110
2020.09.14 18:00:00|0.90638|0.90703|0.90609|0.90701|4040
2020.09.14 19:00:00|0.90702|0.9077499999999999|0.90694|0.90744|2880
2020.09.14 20:00:00|0.90743|0.90773|0.90725|0.90762|2412
2020.09.14 21:00:00|0.90763|0.90789|0.9075|0.9078000000000001|1913
2020.09.14 22:00:00|0.9078000000000001|0.90828|0.90773|0.90826|3152
2020.09.14 23:00:00|0.90826|0.90844|0.9081|0.9081|716
2020.09.15 00:00:00|0.90811|0.90826|0.90779|0.90785|317
2020.09.15 01:00:00|0.90786|0.9084100000000001|0.90786|0.9083599999999999|397
2020.09.15 02:00:00|0.9083599999999999|0.9084|0.90825|0.90832|505
2020.09.15 03:00:00|0.90833|0.90879|0.90816|0.90823|1292
2020.09.15 04:00:00|0.90824|0.90847|0.90761|0.9077499999999999|1786
2020.09.15 05:00:00|0.90776|0.90777|0.9072|0.90735|1414
2020.09.15 06:00:00|0.90734|0.9073600000000001|0.90665|0.90694|1132
2020.09.15 07:00:00|0.90696|0.90702|0.90652|0.90668|1025
2020.09.15 08:00:00|0.90667|0.90668|0.90608|0.90624|1061
2020.09.15 09:00:00|0.90621|0.90698|0.9061|0.9065299999999999|2130
2020.09.15 10:00:00|0.90652|0.90695|0.9053099999999999|0.90673|3733
2020.09.15 11:00:00|0.90674|0.9067499999999999|0.90556|0.90609|2321
2020.09.15 12:00:00|0.9061|0.90696|0.9056999999999999|0.90689|2387
2020.09.15 13:00:00|0.9069|0.907|0.90528|0.90529|2027
2020.09.15 14:00:00|0.9053|0.90588|0.90504|0.90552|2943
2020.09.15 15:00:00|0.90551|0.90756|0.90525|0.90662|3952
2020.09.15 16:00:00|0.90663|0.90784|0.90598|0.90663|5426
2020.09.15 17:00:00|0.90663|0.90842|0.90663|0.90785|6738
2020.09.15 18:00:00|0.90786|0.90854|0.90784|0.90848|2664
2020.09.15 19:00:00|0.90847|0.90849|0.9079700000000001|0.90805|1237
2020.09.15 20:00:00|0.90807|0.90831|0.90786|0.90828|1934
2020.09.15 21:00:00|0.90825|0.90849|0.90784|0.90784|2071
2020.09.15 22:00:00|0.90784|0.90827|0.9077|0.9079700000000001|1989
2020.09.15 23:00:00|0.90798|0.90817|0.90776|0.90795|871
2020.09.16 00:00:00|0.90794|0.90816|0.9076|0.90806|2109
2020.09.16 01:00:00|0.90803|0.9081399999999999|0.90772|0.908|708
2020.09.16 02:00:00|0.9079700000000001|0.90856|0.90795|0.90854|507
2020.09.16 03:00:00|0.90855|0.90924|0.9083|0.90907|3035
2020.09.16 04:00:00|0.90909|0.9093|0.90832|0.9083599999999999|2120
2020.09.16 05:00:00|0.9083599999999999|0.90851|0.90784|0.90789|1382
2020.09.16 06:00:00|0.9079|0.9079700000000001|0.9077|0.90785|882
2020.09.16 07:00:00|0.90785|0.90796|0.90771|0.90772|717
2020.09.16 08:00:00|0.90773|0.90822|0.90748|0.90793|750
2020.09.16 09:00:00|0.9079199999999999|0.90832|0.9074|0.9075800000000001|1397
2020.09.16 10:00:00|0.9075800000000001|0.9077|0.90659|0.9069|2297
2020.09.16 11:00:00|0.90689|0.9071|0.9062|0.90689|2078
2020.09.16 12:00:00|0.90689|0.90701|0.9055299999999999|0.90589|1904
2020.09.16 13:00:00|0.90588|0.90642|0.9054|0.90587|3136
2020.09.16 14:00:00|0.90588|0.90647|0.90562|0.90617|2195
2020.09.16 15:00:00|0.9061399999999999|0.90772|0.90547|0.90685|4202
2020.09.16 16:00:00|0.90684|0.90765|0.9057500000000001|0.90741|4987
2020.09.16 17:00:00|0.9074|0.90926|0.90707|0.90778|8802
2020.09.16 18:00:00|0.90778|0.9081900000000001|0.90723|0.90803|3813
2020.09.16 19:00:00|0.90806|0.90831|0.90771|0.90802|1978
2020.09.16 20:00:00|0.90801|0.90867|0.90774|0.90835|3042
2020.09.16 21:00:00|0.90844|0.91096|0.90632|0.91033|20798
2020.09.16 22:00:00|0.91033|0.91095|0.90946|0.9101900000000001|11597
2020.09.16 23:00:00|0.9102|0.91037|0.90926|0.90931|1292
2020.09.17 00:00:00|0.90929|0.9096|0.9084100000000001|0.90918|383
2020.09.17 01:00:00|0.90915|0.9098000000000001|0.90905|0.90968|493
2020.09.17 02:00:00|0.90967|0.91054|0.90965|0.91045|656
2020.09.17 03:00:00|0.91044|0.91214|0.91043|0.91186|3323
2020.09.17 04:00:00|0.91185|0.91275|0.9107499999999999|0.91265|4602
2020.09.17 05:00:00|0.9126300000000001|0.91282|0.91205|0.91213|3271
2020.09.17 06:00:00|0.91216|0.9138500000000001|0.91216|0.91308|4228
2020.09.17 07:00:00|0.91308|0.91326|0.91275|0.91291|1192
2020.09.17 08:00:00|0.91292|0.913|0.912|0.91218|2272
2020.09.17 09:00:00|0.91214|0.9133599999999999|0.91211|0.91275|6511
2020.09.17 10:00:00|0.91278|0.91303|0.91164|0.91187|5865
2020.09.17 11:00:00|0.91185|0.91206|0.90996|0.91053|4970
2020.09.17 12:00:00|0.91054|0.9121899999999999|0.90974|0.9102|4040
2020.09.17 13:00:00|0.91021|0.91156|0.91003|0.91084|3362
2020.09.17 14:00:00|0.91085|0.91134|0.90989|0.91015|4042
2020.09.17 15:00:00|0.91016|0.91076|0.90955|0.90977|4312
2020.09.17 16:00:00|0.90976|0.91118|0.90946|0.90987|6472
2020.09.17 17:00:00|0.90986|0.9104|0.90927|0.9102|7101
2020.09.17 18:00:00|0.9101900000000001|0.91028|0.90913|0.90968|2909
2020.09.17 19:00:00|0.90969|0.91003|0.9095|0.90974|2331
2020.09.17 20:00:00|0.9097499999999999|0.91004|0.90926|0.90937|1755
2020.09.17 21:00:00|0.90937|0.90947|0.90856|0.90887|1835
2020.09.17 22:00:00|0.90886|0.90887|0.9079700000000001|0.908|1720
2020.09.17 23:00:00|0.90802|0.90852|0.90799|0.90817|765
2020.09.18 00:00:00|0.90777|0.90828|0.9077|0.90811|269
2020.09.18 01:00:00|0.90813|0.90831|0.9079199999999999|0.90805|1017
2020.09.18 02:00:00|0.90805|0.90825|0.9079|0.90822|643
2020.09.18 03:00:00|0.90823|0.90832|0.90754|0.90804|1555
2020.09.18 04:00:00|0.90805|0.90865|0.90766|0.9083599999999999|1769
2020.09.18 05:00:00|0.9083599999999999|0.90887|0.90834|0.90869|1108
2020.09.18 06:00:00|0.90869|0.90876|0.90813|0.90829|841
2020.09.18 07:00:00|0.90828|0.90845|0.90817|0.90837|931
2020.09.18 08:00:00|0.90837|0.90861|0.90818|0.90818|1436
2020.09.18 09:00:00|0.9081900000000001|0.90856|0.90763|0.9079|3003
2020.09.18 10:00:00|0.90789|0.90852|0.90741|0.90845|3421
2020.09.18 11:00:00|0.90846|0.90879|0.90793|0.90831|2767
2020.09.18 12:00:00|0.90831|0.90869|0.90752|0.90793|2902
2020.09.18 13:00:00|0.90794|0.90984|0.9079|0.90935|3396
2020.09.18 14:00:00|0.90935|0.91053|0.9090200000000001|0.90992|3372
2020.09.18 15:00:00|0.90991|0.9105799999999999|0.90937|0.90937|3666
2020.09.18 16:00:00|0.9093599999999999|0.91083|0.90899|0.91082|4940
2020.09.18 17:00:00|0.91083|0.91124|0.90896|0.90946|6080
2020.09.18 18:00:00|0.90946|0.90977|0.9087499999999999|0.9095299999999999|3331
2020.09.18 19:00:00|0.9095299999999999|0.90974|0.90881|0.90911|2160
2020.09.18 20:00:00|0.9091|0.91044|0.90906|0.90985|2731
2020.09.18 21:00:00|0.90984|0.91016|0.9096|0.90996|2054
2020.09.18 22:00:00|0.90995|0.91064|0.90992|0.91043|2518
2020.09.18 23:00:00|0.91043|0.91156|0.9104100000000001|0.91156|1242
2020.09.21 00:00:00|0.90949|0.9111900000000001|0.9094100000000001|0.911|143
2020.09.21 01:00:00|0.9109699999999999|0.91107|0.90956|0.9104|927
2020.09.21 02:00:00|0.91037|0.91115|0.91037|0.9109699999999999|882
2020.09.21 03:00:00|0.91099|0.91137|0.91015|0.91021|900
2020.09.21 04:00:00|0.9102|0.91059|0.90999|0.91038|1121
2020.09.21 05:00:00|0.91039|0.91044|0.90983|0.9099699999999999|991
2020.09.21 06:00:00|0.9099699999999999|0.91009|0.90959|0.90973|607
2020.09.21 07:00:00|0.90973|0.9097499999999999|0.90943|0.90973|475
2020.09.21 08:00:00|0.90974|0.91016|0.90946|0.90993|1109
2020.09.21 09:00:00|0.90996|0.91054|0.90977|0.91037|2622
2020.09.21 10:00:00|0.91034|0.9109699999999999|0.90859|0.91039|6255
2020.09.21 11:00:00|0.91042|0.91379|0.91037|0.91339|6686
2020.09.21 12:00:00|0.91339|0.91534|0.91339|0.91489|4518
2020.09.21 13:00:00|0.9149|0.91518|0.91334|0.91357|4230
2020.09.21 14:00:00|0.91356|0.91416|0.91242|0.91251|3920
2020.09.21 15:00:00|0.9125|0.9145799999999999|0.91226|0.91417|4465
2020.09.21 16:00:00|0.91416|0.91571|0.9132400000000001|0.9157|8855
2020.09.21 17:00:00|0.91569|0.91612|0.91462|0.91591|7502
2020.09.21 18:00:00|0.91591|0.9170199999999999|0.91549|0.91625|4356
2020.09.21 19:00:00|0.91626|0.91683|0.91586|0.9160199999999999|2905
2020.09.21 20:00:00|0.91603|0.91634|0.91501|0.91509|2177
2020.09.21 21:00:00|0.9151|0.91553|0.91494|0.91505|1703
2020.09.21 22:00:00|0.9150700000000001|0.9151|0.91398|0.9148500000000001|2406
2020.09.21 23:00:00|0.91486|0.91504|0.91436|0.9144|778
2020.09.22 00:00:00|0.91437|0.9145|0.91334|0.91442|1030
2020.09.22 01:00:00|0.91439|0.91496|0.91422|0.91492|524
2020.09.22 02:00:00|0.91489|0.91527|0.91482|0.91526|694
2020.09.22 03:00:00|0.91526|0.91595|0.91479|0.91492|1798
2020.09.22 04:00:00|0.91493|0.91577|0.91474|0.91509|1957
2020.09.22 05:00:00|0.91511|0.91529|0.91483|0.91484|1107
2020.09.22 06:00:00|0.91482|0.91509|0.91436|0.9144600000000001|1204
2020.09.22 07:00:00|0.91447|0.91457|0.91426|0.91431|779
2020.09.22 08:00:00|0.91431|0.91537|0.91429|0.9152400000000001|1339
2020.09.22 09:00:00|0.9152400000000001|0.91621|0.91491|0.91579|4281
2020.09.22 10:00:00|0.91579|0.91725|0.91539|0.91689|6852
2020.09.22 11:00:00|0.91688|0.91711|0.91487|0.91531|6047
2020.09.22 12:00:00|0.91531|0.91688|0.91522|0.91638|5331
2020.09.22 13:00:00|0.91637|0.9165|0.91355|0.91444|5196
2020.09.22 14:00:00|0.91443|0.91525|0.91434|0.9150199999999999|4539
2020.09.22 15:00:00|0.915|0.91593|0.91473|0.91536|5351
2020.09.22 16:00:00|0.91537|0.91718|0.9146|0.9167999999999999|6276
2020.09.22 17:00:00|0.91678|0.91944|0.91665|0.91935|7214
2020.09.22 18:00:00|0.91935|0.92026|0.91837|0.9198499999999999|6845
2020.09.22 19:00:00|0.91986|0.9206800000000001|0.9193|0.9204|4183
2020.09.22 20:00:00|0.92041|0.92049|0.91952|0.91983|2804
2020.09.22 21:00:00|0.91984|0.91998|0.91948|0.91977|1708
2020.09.22 22:00:00|0.91978|0.91994|0.91916|0.91916|1807
2020.09.22 23:00:00|0.91916|0.91975|0.91904|0.91965|652
2020.09.23 00:00:00|0.91978|0.91978|0.919|0.91927|163
2020.09.23 01:00:00|0.91923|0.92008|0.91923|0.91992|865
2020.09.23 02:00:00|0.9199000000000001|0.92|0.91955|0.92|1055
2020.09.23 03:00:00|0.91996|0.92153|0.91975|0.9210700000000001|3462
2020.09.23 04:00:00|0.92106|0.92175|0.92065|0.9208|3107
2020.09.23 05:00:00|0.92084|0.92142|0.92058|0.92111|3372
2020.09.23 06:00:00|0.92112|0.92141|0.9206800000000001|0.92098|2898
2020.09.23 07:00:00|0.92099|0.92154|0.92098|0.92123|1784
2020.09.23 08:00:00|0.92122|0.92125|0.92073|0.92082|1146
2020.09.23 09:00:00|0.92089|0.92218|0.92062|0.92073|4528
2020.09.23 10:00:00|0.92073|0.92139|0.91971|0.91993|7320
2020.09.23 11:00:00|0.91991|0.92096|0.91974|0.91986|4144
2020.09.23 12:00:00|0.91987|0.92|0.91889|0.91911|4544
2020.09.23 13:00:00|0.91913|0.9204|0.91891|0.92035|3194
2020.09.23 14:00:00|0.92035|0.9212900000000001|0.91978|0.9212900000000001|3525
2020.09.23 15:00:00|0.92128|0.92153|0.9207|0.9210700000000001|4361
2020.09.23 16:00:00|0.92108|0.9222900000000001|0.92049|0.92228|6446
2020.09.23 17:00:00|0.92228|0.9242|0.92226|0.92357|6363
2020.09.23 18:00:00|0.92356|0.92369|0.9221200000000001|0.92316|4845
2020.09.23 19:00:00|0.92317|0.92345|0.92209|0.92263|3474
2020.09.23 20:00:00|0.92263|0.92331|0.92259|0.92314|2016
2020.09.23 21:00:00|0.92313|0.9242|0.92309|0.92405|2414
2020.09.23 22:00:00|0.92404|0.92424|0.92339|0.92347|3262
2020.09.23 23:00:00|0.92347|0.92393|0.92347|0.92369|1016
2020.09.24 00:00:00|0.92364|0.92389|0.92311|0.9234|803
2020.09.24 01:00:00|0.92336|0.92422|0.92332|0.924|610
2020.09.24 02:00:00|0.92395|0.92444|0.92389|0.92406|1906
2020.09.24 03:00:00|0.92405|0.92405|0.92152|0.9220699999999999|4182
2020.09.24 04:00:00|0.9220699999999999|0.92259|0.92148|0.92255|2625
2020.09.24 05:00:00|0.92255|0.92295|0.92237|0.9228|2437
2020.09.24 06:00:00|0.92281|0.92315|0.92261|0.92299|1460
2020.09.24 07:00:00|0.923|0.92341|0.9229000000000001|0.92334|1173
2020.09.24 08:00:00|0.92334|0.92386|0.92308|0.9233|1553
2020.09.24 09:00:00|0.92332|0.92423|0.9231|0.92398|3883
2020.09.24 10:00:00|0.92398|0.92441|0.92319|0.9240699999999999|5263
2020.09.24 11:00:00|0.92408|0.92563|0.92399|0.92459|5019
2020.09.24 12:00:00|0.92458|0.92683|0.92415|0.9257|4897
2020.09.24 13:00:00|0.9257|0.92613|0.92465|0.92517|5359
2020.09.24 14:00:00|0.92517|0.92615|0.9246|0.92562|4257
2020.09.24 15:00:00|0.92562|0.92664|0.92461|0.92558|5442
2020.09.24 16:00:00|0.92558|0.92672|0.9251|0.9261200000000001|7912
2020.09.24 17:00:00|0.92614|0.92792|0.92518|0.92777|8782
2020.09.24 18:00:00|0.92777|0.92792|0.92619|0.9262899999999999|5650
2020.09.24 19:00:00|0.92628|0.92662|0.92577|0.92619|3572
2020.09.24 20:00:00|0.9262|0.92622|0.92484|0.92528|4541
2020.09.24 21:00:00|0.92527|0.92639|0.92521|0.9262899999999999|2662
2020.09.24 22:00:00|0.9262899999999999|0.92698|0.92623|0.92643|3576
2020.09.24 23:00:00|0.92644|0.92721|0.92606|0.92659|1100
2020.09.25 00:00:00|0.92659|0.92667|0.92555|0.92566|1139
2020.09.25 01:00:00|0.92548|0.92674|0.92548|0.92654|749
2020.09.25 02:00:00|0.92657|0.92675|0.9263|0.92664|712
2020.09.25 03:00:00|0.92664|0.92715|0.92647|0.92698|1474
2020.09.25 04:00:00|0.92697|0.92757|0.92663|0.92685|1179
2020.09.25 05:00:00|0.92684|0.9271|0.92666|0.92677|886
2020.09.25 06:00:00|0.92677|0.92705|0.92648|0.92692|803
2020.09.25 07:00:00|0.92691|0.92699|0.92632|0.92633|468
2020.09.25 08:00:00|0.92636|0.92658|0.9261200000000001|0.9265|800
2020.09.25 09:00:00|0.92652|0.92675|0.92544|0.92565|2610
2020.09.25 10:00:00|0.92567|0.92666|0.9250699999999999|0.92511|4977
2020.09.25 11:00:00|0.92509|0.92692|0.92498|0.92677|3707
2020.09.25 12:00:00|0.9268|0.92803|0.92674|0.9276799999999999|3726
2020.09.25 13:00:00|0.92767|0.92811|0.9271200000000001|0.92755|3650
2020.09.25 14:00:00|0.92754|0.9285099999999999|0.92744|0.92823|4380
2020.09.25 15:00:00|0.92822|0.92832|0.92721|0.92775|3282
2020.09.25 16:00:00|0.92774|0.92892|0.92774|0.92862|4587
2020.09.25 17:00:00|0.92862|0.92953|0.92805|0.92903|5859
2020.09.25 18:00:00|0.92903|0.9295099999999999|0.92857|0.92905|2918
2020.09.25 19:00:00|0.92907|0.92931|0.92848|0.92927|2498
2020.09.25 20:00:00|0.92927|0.92954|0.92877|0.92886|1669
2020.09.25 21:00:00|0.92885|0.92911|0.9285|0.92875|1472
2020.09.25 22:00:00|0.92876|0.92878|0.9281700000000001|0.92877|1874
2020.09.25 23:00:00|0.92877|0.92924|0.92823|0.9285600000000001|1284
2020.09.28 00:00:00|0.92728|0.92859|0.92728|0.92842|146
2020.09.28 01:00:00|0.92838|0.9286799999999999|0.9278999999999999|0.92826|1814
2020.09.28 02:00:00|0.92823|0.92844|0.92814|0.92824|517
2020.09.28 03:00:00|0.92826|0.92919|0.92821|0.92906|2099
2020.09.28 04:00:00|0.92905|0.9291|0.92871|0.92879|1310
2020.09.28 05:00:00|0.9288|0.92888|0.92837|0.92859|1018
2020.09.28 06:00:00|0.9286|0.92894|0.92838|0.92841|686
2020.09.28 07:00:00|0.9284|0.92864|0.92824|0.9285600000000001|753
2020.09.28 08:00:00|0.92857|0.92925|0.92849|0.92899|668
2020.09.28 09:00:00|0.92899|0.92945|0.9286799999999999|0.92883|2184
2020.09.28 10:00:00|0.92883|0.92937|0.9284|0.92842|3928
2020.09.28 11:00:00|0.92843|0.9286799999999999|0.9267|0.92687|4930
2020.09.28 12:00:00|0.92688|0.92737|0.92626|0.92719|2899
2020.09.28 13:00:00|0.92719|0.9272|0.9257|0.926|2963
2020.09.28 14:00:00|0.92601|0.9263400000000001|0.92544|0.92602|2966
2020.09.28 15:00:00|0.92604|0.92711|0.92587|0.92708|3554
2020.09.28 16:00:00|0.9270699999999999|0.92776|0.9265099999999999|0.92716|3858
2020.09.28 17:00:00|0.92716|0.92858|0.92692|0.9274|5837
2020.09.28 18:00:00|0.9274|0.92758|0.92452|0.92464|4016
2020.09.28 19:00:00|0.92464|0.925|0.92411|0.9244599999999999|2356
2020.09.28 20:00:00|0.9244599999999999|0.92486|0.92431|0.92443|1449
2020.09.28 21:00:00|0.92442|0.92477|0.92414|0.92454|1372
2020.09.28 22:00:00|0.92453|0.92482|0.92418|0.92418|2036
2020.09.28 23:00:00|0.92422|0.92462|0.92399|0.92399|606
2020.09.29 00:00:00|0.92392|0.92455|0.9236|0.92441|364
2020.09.29 01:00:00|0.92439|0.92489|0.9243|0.92441|1102
2020.09.29 02:00:00|0.92438|0.92457|0.92361|0.92376|972
2020.09.29 03:00:00|0.92377|0.92391|0.9233|0.9239000000000001|1155
2020.09.29 04:00:00|0.92391|0.92433|0.92369|0.92418|1095
2020.09.29 05:00:00|0.92417|0.92431|0.92387|0.92424|1045
2020.09.29 06:00:00|0.92425|0.92425|0.92367|0.92372|863
2020.09.29 07:00:00|0.92371|0.92413|0.92358|0.92396|529
2020.09.29 08:00:00|0.92395|0.92437|0.92391|0.92422|1024
2020.09.29 09:00:00|0.92424|0.92447|0.9232399999999999|0.9234599999999999|2708
2020.09.29 10:00:00|0.9234599999999999|0.92463|0.92338|0.92349|4167
2020.09.29 11:00:00|0.92349|0.9244599999999999|0.92286|0.92292|3407
2020.09.29 12:00:00|0.92293|0.92321|0.92218|0.92258|2977
2020.09.29 13:00:00|0.92258|0.92335|0.9220699999999999|0.9220699999999999|2502
2020.09.29 14:00:00|0.92208|0.92236|0.9213|0.92205|3472
2020.09.29 15:00:00|0.92206|0.92271|0.92165|0.92173|3013
2020.09.29 16:00:00|0.92171|0.92235|0.92003|0.92022|4292
2020.09.29 17:00:00|0.92023|0.92187|0.9192|0.92138|7055
2020.09.29 18:00:00|0.92139|0.92196|0.9205|0.9215100000000001|5001
2020.09.29 19:00:00|0.9215100000000001|0.92203|0.91899|0.9193|3354
2020.09.29 20:00:00|0.91931|0.91989|0.91928|0.91961|2276
2020.09.29 21:00:00|0.91962|0.91973|0.91899|0.91944|1783
2020.09.29 22:00:00|0.91944|0.9197|0.9192|0.91964|1894
2020.09.29 23:00:00|0.9196299999999999|0.9199000000000001|0.91883|0.91883|854
2020.09.30 00:00:00|0.91884|0.91965|0.91884|0.91945|207
2020.09.30 01:00:00|0.9194099999999999|0.91973|0.91903|0.91906|377
2020.09.30 02:00:00|0.919|0.91944|0.919|0.91938|427
2020.09.30 03:00:00|0.91936|0.92035|0.9190199999999999|0.92003|1678
2020.09.30 04:00:00|0.9200199999999999|0.92017|0.9195|0.9197|1517
2020.09.30 05:00:00|0.91971|0.92033|0.91942|0.92017|1365
2020.09.30 06:00:00|0.92016|0.92149|0.92016|0.92125|2281
2020.09.30 07:00:00|0.9212399999999999|0.92126|0.92044|0.92095|765
2020.09.30 08:00:00|0.92095|0.92118|0.92072|0.92088|1311
2020.09.30 09:00:00|0.92088|0.92178|0.92069|0.92161|3759
2020.09.30 10:00:00|0.9216299999999999|0.9221|0.92075|0.9215100000000001|5312
2020.09.30 11:00:00|0.92153|0.92306|0.92042|0.92306|5316
2020.09.30 12:00:00|0.92304|0.92372|0.92288|0.9232|4819
2020.09.30 13:00:00|0.9232|0.92356|0.92142|0.92191|4553
2020.09.30 14:00:00|0.92191|0.92288|0.92141|0.92262|3747
2020.09.30 15:00:00|0.92261|0.92345|0.92162|0.92258|4769
2020.09.30 16:00:00|0.92258|0.92438|0.92175|0.92374|6164
2020.09.30 17:00:00|0.92374|0.92384|0.918|0.91852|10022
2020.09.30 18:00:00|0.91851|0.91892|0.91612|0.9188|7169
2020.09.30 19:00:00|0.91881|0.92211|0.91879|0.9212900000000001|6014
2020.09.30 20:00:00|0.9212900000000001|0.92221|0.9206299999999999|0.92076|3813
2020.09.30 21:00:00|0.92076|0.92135|0.92034|0.92119|2875
2020.09.30 22:00:00|0.92118|0.92165|0.92069|0.92108|3477
2020.09.30 23:00:00|0.92108|0.92128|0.92067|0.92073|1607
2020.10.01 00:00:00|0.92071|0.92106|0.92006|0.9202399999999999|401
2020.10.01 01:00:00|0.92023|0.92086|0.92018|0.92057|508
2020.10.01 02:00:00|0.92053|0.92094|0.9205|0.9208|757
2020.10.01 03:00:00|0.9208|0.92134|0.9206299999999999|0.92126|1274
2020.10.01 04:00:00|0.92126|0.9212900000000001|0.91942|0.91991|2183
2020.10.01 05:00:00|0.91991|0.91999|0.9194|0.91951|1106
2020.10.01 06:00:00|0.9195|0.91964|0.91911|0.91942|1320
2020.10.01 07:00:00|0.91942|0.91964|0.9192|0.91928|1103
2020.10.01 08:00:00|0.91928|0.91978|0.91928|0.91948|1175
2020.10.01 09:00:00|0.91947|0.91953|0.91848|0.91893|3273
2020.10.01 10:00:00|0.91893|0.92081|0.9188|0.91974|7022
2020.10.01 11:00:00|0.91971|0.92039|0.9190199999999999|0.9194099999999999|6513
2020.10.01 12:00:00|0.9194|0.9194099999999999|0.91673|0.91689|5054
2020.10.01 13:00:00|0.91691|0.91844|0.91635|0.91799|4367
2020.10.01 14:00:00|0.91798|0.91809|0.91639|0.91689|6775
2020.10.01 15:00:00|0.91688|0.91787|0.91679|0.91752|4730
2020.10.01 16:00:00|0.91752|0.91909|0.91723|0.91765|7206
2020.10.01 17:00:00|0.91762|0.91981|0.9175|0.91921|7319
2020.10.01 18:00:00|0.91921|0.91954|0.9174099999999999|0.9179|5121
2020.10.01 19:00:00|0.91791|0.91877|0.91773|0.91865|3402
2020.10.01 20:00:00|0.91866|0.91898|0.9184600000000001|0.91878|1924
2020.10.01 21:00:00|0.91878|0.91913|0.91814|0.9185|2404
2020.10.01 22:00:00|0.9185|0.91912|0.91816|0.91821|2797
2020.10.01 23:00:00|0.91821|0.91855|0.91811|0.91839|716
2020.10.02 00:00:00|0.9184|0.91875|0.91789|0.9183|227
2020.10.02 01:00:00|0.91826|0.9189000000000001|0.91818|0.91887|348
2020.10.02 02:00:00|0.91888|0.91912|0.91881|0.91883|500
2020.10.02 03:00:00|0.91884|0.91962|0.91883|0.91939|1387
2020.10.02 04:00:00|0.91939|0.9198499999999999|0.91932|0.9197|1090
2020.10.02 05:00:00|0.91971|0.9206|0.91959|0.92023|1355
2020.10.02 06:00:00|0.92023|0.92087|0.92022|0.92073|1418
2020.10.02 07:00:00|0.92073|0.92126|0.92041|0.92097|1667
2020.10.02 08:00:00|0.92098|0.92132|0.91823|0.91874|7288
2020.10.02 09:00:00|0.91874|0.91928|0.91801|0.91861|7522
2020.10.02 10:00:00|0.91861|0.92015|0.91814|0.9199000000000001|7792
2020.10.02 11:00:00|0.91992|0.92133|0.91978|0.92114|6587
2020.10.02 12:00:00|0.92113|0.92177|0.92017|0.92048|4319
2020.10.02 13:00:00|0.92049|0.9211|0.91994|0.92103|3900
2020.10.02 14:00:00|0.92105|0.92157|0.92019|0.92027|3909
2020.10.02 15:00:00|0.92025|0.92173|0.91957|0.92103|6702
2020.10.02 16:00:00|0.92104|0.9216|0.92025|0.92052|7585
2020.10.02 17:00:00|0.9205100000000001|0.92157|0.9196800000000001|0.91978|6836
2020.10.02 18:00:00|0.91978|0.9204|0.91955|0.92034|5107
2020.10.02 19:00:00|0.92034|0.92066|0.9197|0.92015|4892
2020.10.02 20:00:00|0.92015|0.92071|0.92001|0.92057|3425
2020.10.02 21:00:00|0.92057|0.92061|0.91981|0.92042|2497
2020.10.02 22:00:00|0.92044|0.9209000000000001|0.92039|0.92059|1699
2020.10.02 23:00:00|0.92058|0.92066|0.92026|0.92026|604
2020.10.05 00:00:00|0.91915|0.91969|0.91892|0.91928|873
2020.10.05 01:00:00|0.91928|0.91991|0.91759|0.91773|1812
2020.10.05 02:00:00|0.9177|0.91819|0.91613|0.91791|2923
2020.10.05 03:00:00|0.91791|0.91861|0.91703|0.91782|3093
2020.10.05 04:00:00|0.91781|0.9182399999999999|0.91672|0.91701|1673
2020.10.05 05:00:00|0.9170199999999999|0.91715|0.91637|0.91681|985
2020.10.05 06:00:00|0.91681|0.91696|0.91659|0.91683|1019
2020.10.05 07:00:00|0.91683|0.91726|0.91675|0.9172400000000001|828
2020.10.05 08:00:00|0.9172400000000001|0.91743|0.91699|0.91717|836
2020.10.05 09:00:00|0.91717|0.91809|0.91716|0.91801|2747
2020.10.05 10:00:00|0.9180199999999999|0.9182399999999999|0.91701|0.91762|4217
2020.10.05 11:00:00|0.91761|0.9180199999999999|0.91625|0.91636|4187
2020.10.05 12:00:00|0.91637|0.91651|0.91551|0.91596|2881
2020.10.05 13:00:00|0.91596|0.9170199999999999|0.9159|0.91643|2513
2020.10.05 14:00:00|0.91643|0.91682|0.91584|0.91628|3088
2020.10.05 15:00:00|0.91629|0.91654|0.91589|0.9162|2413
2020.10.05 16:00:00|0.9161899999999999|0.91629|0.9147|0.9150199999999999|4327
2020.10.05 17:00:00|0.91501|0.91561|0.91442|0.9150199999999999|5266
2020.10.05 18:00:00|0.91501|0.91567|0.91491|0.91535|3358
2020.10.05 19:00:00|0.91536|0.91568|0.91503|0.9154600000000001|1885
2020.10.05 20:00:00|0.91547|0.91577|0.91544|0.91574|1696
2020.10.05 21:00:00|0.91575|0.91623|0.91553|0.91591|1715
2020.10.05 22:00:00|0.91592|0.91593|0.9152400000000001|0.91527|1627
2020.10.05 23:00:00|0.91528|0.91549|0.91454|0.9149|1305
2020.10.06 00:00:00|0.91488|0.91551|0.91481|0.91537|661
2020.10.06 01:00:00|0.91531|0.91538|0.91503|0.91509|1216
2020.10.06 02:00:00|0.9150700000000001|0.91531|0.91489|0.91505|747
2020.10.06 03:00:00|0.91504|0.91517|0.91454|0.91471|1001
2020.10.06 04:00:00|0.9147|0.91515|0.91465|0.9151|890
2020.10.06 05:00:00|0.91513|0.91527|0.91487|0.91495|660
2020.10.06 06:00:00|0.91495|0.91504|0.91426|0.91465|1383
2020.10.06 07:00:00|0.91465|0.91486|0.9145799999999999|0.91482|568
2020.10.06 08:00:00|0.91482|0.91486|0.9145|0.9147|756
2020.10.06 09:00:00|0.91466|0.9152400000000001|0.91439|0.91476|1925
2020.10.06 10:00:00|0.9147999999999999|0.91521|0.91366|0.91487|3882
2020.10.06 11:00:00|0.9148500000000001|0.9152400000000001|0.91456|0.91473|3617
2020.10.06 12:00:00|0.91473|0.91501|0.91422|0.91473|2543
2020.10.06 13:00:00|0.91475|0.91516|0.91426|0.91483|3131
2020.10.06 14:00:00|0.91482|0.91506|0.91323|0.91351|3195
2020.10.06 15:00:00|0.91351|0.91457|0.9132400000000001|0.9144099999999999|3792
2020.10.06 16:00:00|0.91439|0.91518|0.91323|0.91493|4914
2020.10.06 17:00:00|0.91494|0.9150700000000001|0.91376|0.91409|3664
2020.10.06 18:00:00|0.91408|0.9153|0.9136300000000001|0.9152|2361
2020.10.06 19:00:00|0.91521|0.91552|0.91478|0.91493|1815
2020.10.06 20:00:00|0.91495|0.91597|0.91495|0.91535|1625
2020.10.06 21:00:00|0.91535|0.9176299999999999|0.91444|0.91637|4268
2020.10.06 22:00:00|0.9164|0.91786|0.91621|0.9167|7164
2020.10.06 23:00:00|0.9166800000000001|0.9177|0.91642|0.91752|1560
2020.10.07 00:00:00|0.91752|0.91805|0.91748|0.91803|798
2020.10.07 01:00:00|0.9180199999999999|0.91814|0.91745|0.91786|1164
2020.10.07 02:00:00|0.91786|0.91791|0.91734|0.91743|902
2020.10.07 03:00:00|0.91745|0.91819|0.91743|0.91786|711
2020.10.07 04:00:00|0.91787|0.91835|0.91764|0.91822|1570
2020.10.07 05:00:00|0.91821|0.91837|0.91792|0.91795|1083
2020.10.07 06:00:00|0.91794|0.91821|0.91786|0.91819|814
2020.10.07 07:00:00|0.9182|0.91822|0.9178500000000001|0.91798|575
2020.10.07 08:00:00|0.918|0.91819|0.91755|0.9177|1426
2020.10.07 09:00:00|0.9177|0.91773|0.9167999999999999|0.91682|3435
2020.10.07 10:00:00|0.91684|0.9168500000000001|0.91591|0.91596|3984
2020.10.07 11:00:00|0.91595|0.91769|0.91595|0.91743|3088
2020.10.07 12:00:00|0.91742|0.91799|0.91718|0.91773|3059
2020.10.07 13:00:00|0.91774|0.91818|0.91723|0.91735|2678
2020.10.07 14:00:00|0.91736|0.91736|0.91586|0.91605|3441
2020.10.07 15:00:00|0.91606|0.91678|0.91586|0.91598|2814
2020.10.07 16:00:00|0.91597|0.91705|0.9158500000000001|0.91705|5370
2020.10.07 17:00:00|0.91704|0.91756|0.91626|0.91687|4518
2020.10.07 18:00:00|0.91687|0.91726|0.91616|0.9167|3268
2020.10.07 19:00:00|0.91671|0.91696|0.91627|0.91635|2522
2020.10.07 20:00:00|0.91636|0.91684|0.9161899999999999|0.9167999999999999|1377
2020.10.07 21:00:00|0.91679|0.91727|0.91647|0.9170199999999999|1943
2020.10.07 22:00:00|0.9170199999999999|0.91753|0.91673|0.91753|1890
2020.10.07 23:00:00|0.91755|0.91759|0.91703|0.91703|881
2020.10.08 00:00:00|0.91703|0.91711|0.91644|0.9167|556
2020.10.08 01:00:00|0.91665|0.91682|0.91612|0.91666|1294
2020.10.08 02:00:00|0.91664|0.917|0.91662|0.91694|408
2020.10.08 03:00:00|0.91695|0.91742|0.91671|0.91692|989
2020.10.08 04:00:00|0.91692|0.91715|0.91655|0.91681|977
2020.10.08 05:00:00|0.91681|0.9171|0.91651|0.91662|711
2020.10.08 06:00:00|0.9166299999999999|0.91692|0.91657|0.91674|535
2020.10.08 07:00:00|0.91674|0.9170700000000001|0.91664|0.91678|561
2020.10.08 08:00:00|0.91677|0.91677|0.91625|0.91633|698
2020.10.08 09:00:00|0.91634|0.91656|0.91562|0.9160199999999999|1892
2020.10.08 10:00:00|0.916|0.91669|0.91577|0.91662|3026
2020.10.08 11:00:00|0.9166299999999999|0.9179|0.91662|0.91757|4005
2020.10.08 12:00:00|0.91757|0.9179|0.91664|0.91766|2423
2020.10.08 13:00:00|0.91767|0.9182900000000001|0.91747|0.91794|2387
2020.10.08 14:00:00|0.91795|0.91834|0.91753|0.91803|2559
2020.10.08 15:00:00|0.91803|0.91842|0.9175|0.91789|3153
2020.10.08 16:00:00|0.9179|0.9197|0.91789|0.91871|4124
2020.10.08 17:00:00|0.9187|0.91909|0.91758|0.91779|4703
2020.10.08 18:00:00|0.9177999999999999|0.91786|0.9173|0.9176299999999999|2738
2020.10.08 19:00:00|0.9176299999999999|0.91775|0.91718|0.91761|1721
2020.10.08 20:00:00|0.91762|0.91766|0.91691|0.91713|1031
2020.10.08 21:00:00|0.91714|0.91716|0.91673|0.91703|979
2020.10.08 22:00:00|0.9170199999999999|0.9172|0.9169|0.9170700000000001|2046
2020.10.08 23:00:00|0.91708|0.91723|0.91672|0.91678|656
2020.10.09 00:00:00|0.91676|0.91722|0.91654|0.91697|1925
2020.10.09 01:00:00|0.91697|0.91708|0.9168500000000001|0.91694|1572
2020.10.09 02:00:00|0.91694|0.91705|0.9168500000000001|0.9168500000000001|472
2020.10.09 03:00:00|0.91684|0.91716|0.91656|0.9166|980
2020.10.09 04:00:00|0.91661|0.91661|0.9156|0.91584|1415
2020.10.09 05:00:00|0.9158500000000001|0.91597|0.91542|0.91544|637
2020.10.09 06:00:00|0.91543|0.91544|0.91516|0.91538|690
2020.10.09 07:00:00|0.91537|0.91557|0.91533|0.91544|289
2020.10.09 08:00:00|0.91544|0.9157|0.91531|0.9157|676
2020.10.09 09:00:00|0.91566|0.916|0.91545|0.91559|1339
2020.10.09 10:00:00|0.9155799999999999|0.91613|0.91491|0.91495|2698
2020.10.09 11:00:00|0.91494|0.91494|0.91249|0.9126300000000001|4574
2020.10.09 12:00:00|0.9126300000000001|0.91356|0.91262|0.91329|2653
2020.10.09 13:00:00|0.91329|0.91355|0.9121|0.9123599999999999|2059
2020.10.09 14:00:00|0.91237|0.91298|0.91223|0.91271|2258
2020.10.09 15:00:00|0.91271|0.91344|0.91177|0.91195|2332
2020.10.09 16:00:00|0.91195|0.91275|0.9114100000000001|0.91256|3252
2020.10.09 17:00:00|0.91254|0.91274|0.9111|0.9115|3617
2020.10.09 18:00:00|0.91149|0.91181|0.90998|0.91018|4002
2020.10.09 19:00:00|0.91018|0.91068|0.90961|0.90981|3061
2020.10.09 20:00:00|0.90981|0.9101|0.90963|0.91003|1489
2020.10.09 21:00:00|0.91004|0.91025|0.90961|0.90985|904
2020.10.09 22:00:00|0.90984|0.9100200000000001|0.90967|0.90996|1180
2020.10.09 23:00:00|0.90996|0.91117|0.90913|0.91117|1244
2020.10.12 00:00:00|0.91057|0.91089|0.90961|0.91047|379
2020.10.12 01:00:00|0.91042|0.91072|0.91001|0.91032|2209
2020.10.12 02:00:00|0.9103|0.91045|0.90996|0.9104100000000001|537
2020.10.12 03:00:00|0.9104|0.91084|0.91037|0.91057|1858
2020.10.12 04:00:00|0.9105799999999999|0.91092|0.90974|0.9101399999999999|1998
2020.10.12 05:00:00|0.91015|0.91068|0.91013|0.9104100000000001|738
2020.10.12 06:00:00|0.9104|0.91066|0.9102|0.91062|770
2020.10.12 07:00:00|0.9106300000000001|0.9106300000000001|0.91028|0.91045|497
2020.10.12 08:00:00|0.91044|0.9105|0.90987|0.91021|630
2020.10.12 09:00:00|0.91022|0.91078|0.90982|0.9103599999999999|1832
2020.10.12 10:00:00|0.9103599999999999|0.91108|0.90974|0.91079|4292
2020.10.12 11:00:00|0.9108000000000001|0.91228|0.9105|0.91071|2853
2020.10.12 12:00:00|0.91071|0.9119|0.91069|0.91137|2708
2020.10.12 13:00:00|0.91137|0.9114|0.9103|0.91113|2245
2020.10.12 14:00:00|0.91112|0.91131|0.91046|0.91081|2571
2020.10.12 15:00:00|0.91081|0.91081|0.90946|0.90962|2818
2020.10.12 16:00:00|0.90962|0.90994|0.90883|0.90896|2456
2020.10.12 17:00:00|0.90895|0.90955|0.90869|0.90872|2762
2020.10.12 18:00:00|0.90871|0.90972|0.90863|0.90967|2097
2020.10.12 19:00:00|0.90965|0.91006|0.90901|0.90912|2015
2020.10.12 20:00:00|0.90912|0.90963|0.90909|0.9094100000000001|1284
2020.10.12 21:00:00|0.90943|0.90964|0.90917|0.90923|1033
2020.10.12 22:00:00|0.90923|0.90931|0.90894|0.90905|1010
2020.10.12 23:00:00|0.90907|0.90938|0.90872|0.90873|863
2020.10.13 00:00:00|0.90873|0.90911|0.90861|0.9088000000000001|372
2020.10.13 01:00:00|0.9088000000000001|0.90905|0.90874|0.90894|1151
2020.10.13 02:00:00|0.90892|0.90908|0.90884|0.9090200000000001|375
2020.10.13 03:00:00|0.90901|0.9101900000000001|0.90884|0.90982|1847
2020.10.13 04:00:00|0.90982|0.90998|0.9091900000000001|0.90969|1596
2020.10.13 05:00:00|0.90969|0.90998|0.90947|0.90949|1394
2020.10.13 06:00:00|0.90948|0.90978|0.90946|0.9097|899
2020.10.13 07:00:00|0.90971|0.90984|0.90929|0.9093599999999999|639
2020.10.13 08:00:00|0.9093599999999999|0.90967|0.90921|0.9095800000000001|1196
2020.10.13 09:00:00|0.90954|0.9101|0.90909|0.91008|2939
2020.10.13 10:00:00|0.91008|0.91113|0.91007|0.91085|3498
2020.10.13 11:00:00|0.91085|0.9109699999999999|0.90923|0.91025|3110
2020.10.13 12:00:00|0.91028|0.91103|0.91013|0.9110200000000001|2705
2020.10.13 13:00:00|0.9110200000000001|0.91143|0.9106|0.91073|1571
2020.10.13 14:00:00|0.91072|0.9110200000000001|0.91044|0.91044|2490
2020.10.13 15:00:00|0.91043|0.91077|0.90954|0.91029|2992
2020.10.13 16:00:00|0.91029|0.91327|0.91028|0.91265|4996
2020.10.13 17:00:00|0.91264|0.91426|0.91261|0.9137999999999999|4470
2020.10.13 18:00:00|0.91379|0.91492|0.91332|0.91451|3703
2020.10.13 19:00:00|0.91457|0.91533|0.91456|0.91498|2229
2020.10.13 20:00:00|0.91497|0.91518|0.91471|0.9151|1398
2020.10.13 21:00:00|0.91511|0.91539|0.9142400000000001|0.9144600000000001|1480
2020.10.13 22:00:00|0.91448|0.91474|0.91429|0.91439|1550
2020.10.13 23:00:00|0.9144099999999999|0.9149|0.9144099999999999|0.91452|658
2020.10.14 00:00:00|0.91453|0.91459|0.91382|0.91437|686
2020.10.14 01:00:00|0.91432|0.91514|0.91432|0.91513|733
2020.10.14 02:00:00|0.91512|0.91526|0.91499|0.915|674
2020.10.14 03:00:00|0.91501|0.91534|0.91465|0.91496|902
2020.10.14 04:00:00|0.91496|0.91545|0.91465|0.91516|2024
2020.10.14 05:00:00|0.9151899999999999|0.9154|0.91451|0.91464|1321
2020.10.14 06:00:00|0.91465|0.91498|0.91452|0.91495|941
2020.10.14 07:00:00|0.91493|0.91509|0.91472|0.91483|603
2020.10.14 08:00:00|0.91481|0.91517|0.91478|0.91493|1067
2020.10.14 09:00:00|0.91494|0.91523|0.91412|0.91428|1713
2020.10.14 10:00:00|0.91429|0.9152400000000001|0.91377|0.91377|2660
2020.10.14 11:00:00|0.9137999999999999|0.91437|0.91316|0.91423|2703
2020.10.14 12:00:00|0.91421|0.91618|0.91406|0.91508|3220
2020.10.14 13:00:00|0.91508|0.91562|0.91443|0.91465|2192
2020.10.14 14:00:00|0.91465|0.91466|0.91379|0.9139|2165
2020.10.14 15:00:00|0.91389|0.91392|0.9124|0.91286|3068
2020.10.14 16:00:00|0.91286|0.91417|0.91269|0.91343|3134
2020.10.14 17:00:00|0.91343|0.91348|0.91122|0.91208|4284
2020.10.14 18:00:00|0.91206|0.9127|0.91155|0.91268|2669
2020.10.14 19:00:00|0.91266|0.91317|0.91222|0.91279|1650
2020.10.14 20:00:00|0.91277|0.91283|0.91232|0.91273|1401
2020.10.14 21:00:00|0.91274|0.91333|0.91256|0.9130200000000001|1584
2020.10.14 22:00:00|0.91304|0.91306|0.91242|0.91265|1439
2020.10.14 23:00:00|0.91266|0.91348|0.91266|0.91343|636
2020.10.15 00:00:00|0.91343|0.91349|0.91281|0.91293|1799
2020.10.15 01:00:00|0.91289|0.9136|0.9128500000000001|0.9135|658
2020.10.15 02:00:00|0.91348|0.91348|0.91313|0.91331|822
2020.10.15 03:00:00|0.91332|0.91345|0.91299|0.91318|1344
2020.10.15 04:00:00|0.91318|0.91345|0.91279|0.91296|1542
2020.10.15 05:00:00|0.9129699999999999|0.91376|0.91293|0.9135799999999999|1113
2020.10.15 06:00:00|0.91359|0.91359|0.91308|0.9131|790
2020.10.15 07:00:00|0.91311|0.9133|0.91286|0.91296|562
2020.10.15 08:00:00|0.9129699999999999|0.9130200000000001|0.91256|0.91276|918
2020.10.15 09:00:00|0.91276|0.91409|0.9127|0.91387|2282
2020.10.15 10:00:00|0.91387|0.91387|0.91264|0.9134|3439
2020.10.15 11:00:00|0.9134100000000001|0.9154099999999999|0.9134100000000001|0.91528|3661
2020.10.15 12:00:00|0.91528|0.91547|0.9142400000000001|0.9144099999999999|2784
2020.10.15 13:00:00|0.91439|0.91488|0.9131899999999999|0.9135799999999999|2983
2020.10.15 14:00:00|0.9135799999999999|0.9139|0.91325|0.91362|2838
2020.10.15 15:00:00|0.91361|0.91461|0.91353|0.91401|4156
2020.10.15 16:00:00|0.91401|0.91498|0.9136300000000001|0.9141899999999999|4375
2020.10.15 17:00:00|0.9141899999999999|0.91492|0.91355|0.91375|5310
2020.10.15 18:00:00|0.91376|0.91435|0.91351|0.91432|3384
2020.10.15 19:00:00|0.91432|0.91467|0.9139|0.9145|1969
2020.10.15 20:00:00|0.91449|0.91521|0.91403|0.91517|1511
2020.10.15 21:00:00|0.9152|0.91537|0.91467|0.91509|1188
2020.10.15 22:00:00|0.91509|0.91513|0.9144099999999999|0.91462|1241
2020.10.15 23:00:00|0.9146300000000001|0.91483|0.91366|0.91392|798
2020.10.16 00:00:00|0.91392|0.91448|0.9135799999999999|0.9142400000000001|2033
2020.10.16 01:00:00|0.9142400000000001|0.91459|0.91418|0.91453|478
2020.10.16 02:00:00|0.91451|0.91462|0.91431|0.91455|500
2020.10.16 03:00:00|0.91456|0.91493|0.91413|0.91415|1254
2020.10.16 04:00:00|0.91415|0.91476|0.91394|0.91469|1617
2020.10.16 05:00:00|0.9147|0.91511|0.91469|0.91484|945
2020.10.16 06:00:00|0.9148500000000001|0.9151|0.9146300000000001|0.91501|1028
2020.10.16 07:00:00|0.915|0.9151|0.91488|0.91496|525
2020.10.16 08:00:00|0.91494|0.91494|0.91467|0.91469|556
2020.10.16 09:00:00|0.91468|0.91571|0.91462|0.91504|1896
2020.10.16 10:00:00|0.91505|0.9156300000000001|0.91451|0.91494|3127
2020.10.16 11:00:00|0.91493|0.91545|0.91439|0.91544|2491
2020.10.16 12:00:00|0.91544|0.91613|0.91476|0.91482|2651
2020.10.16 13:00:00|0.91483|0.91496|0.91388|0.91405|3624
2020.10.16 14:00:00|0.91403|0.91434|0.91292|0.91353|4158
2020.10.16 15:00:00|0.91352|0.91353|0.91221|0.91306|3464
2020.10.16 16:00:00|0.91307|0.91375|0.91293|0.9130200000000001|3865
2020.10.16 17:00:00|0.91299|0.91455|0.9129|0.91439|4466
2020.10.16 18:00:00|0.9144099999999999|0.91533|0.91437|0.91525|2524
2020.10.16 19:00:00|0.91527|0.9154600000000001|0.9146|0.91525|2417
2020.10.16 20:00:00|0.9152400000000001|0.91544|0.91506|0.91537|1106
2020.10.16 21:00:00|0.91536|0.91538|0.91494|0.91499|1338
2020.10.16 22:00:00|0.915|0.91548|0.91488|0.91493|1666
2020.10.16 23:00:00|0.91494|0.91517|0.91452|0.91457|1660
2020.10.19 00:00:00|0.91382|0.91477|0.91382|0.91459|40
2020.10.19 01:00:00|0.91455|0.91515|0.91437|0.9151|680
2020.10.19 02:00:00|0.9151|0.9152|0.91498|0.91503|398
2020.10.19 03:00:00|0.91503|0.91517|0.91453|0.91483|1500
2020.10.19 04:00:00|0.91483|0.91532|0.91466|0.91522|1551
2020.10.19 05:00:00|0.9152400000000001|0.91554|0.91514|0.91528|1302
2020.10.19 06:00:00|0.91529|0.91565|0.91527|0.9155|745
2020.10.19 07:00:00|0.91552|0.9158500000000001|0.91551|0.91582|753
2020.10.19 08:00:00|0.91582|0.91597|0.91532|0.91543|701
2020.10.19 09:00:00|0.91544|0.91644|0.91537|0.91628|1592
2020.10.19 10:00:00|0.91627|0.91627|0.9144|0.91445|3229
2020.10.19 11:00:00|0.9144600000000001|0.91452|0.91288|0.91305|2206
2020.10.19 12:00:00|0.91304|0.91318|0.91147|0.91186|3066
2020.10.19 13:00:00|0.91187|0.91195|0.91092|0.91096|2333
2020.10.19 14:00:00|0.91094|0.91122|0.90966|0.90973|3231
2020.10.19 15:00:00|0.90973|0.91015|0.90954|0.90987|2218
2020.10.19 16:00:00|0.90988|0.91006|0.9091900000000001|0.90957|2730
2020.10.19 17:00:00|0.9095800000000001|0.91048|0.90921|0.90938|3649
2020.10.19 18:00:00|0.90939|0.90977|0.90908|0.90917|3034
2020.10.19 19:00:00|0.90917|0.9095|0.90891|0.90939|2217
2020.10.19 20:00:00|0.90938|0.90962|0.90894|0.90943|1073
2020.10.19 21:00:00|0.90944|0.9101|0.9094|0.91007|1838
2020.10.19 22:00:00|0.91008|0.91028|0.91001|0.91021|1460
2020.10.19 23:00:00|0.91021|0.91044|0.90962|0.9097|595
2020.10.20 00:00:00|0.90962|0.91027|0.90926|0.91008|320
2020.10.20 01:00:00|0.91004|0.91042|0.91001|0.91042|355
2020.10.20 02:00:00|0.9104100000000001|0.91062|0.91027|0.91049|445
2020.10.20 03:00:00|0.91049|0.91062|0.90972|0.90979|1730
2020.10.20 04:00:00|0.90976|0.91052|0.90968|0.91052|1435
2020.10.20 05:00:00|0.91051|0.91082|0.91008|0.9101399999999999|1070
2020.10.20 06:00:00|0.91015|0.91017|0.90982|0.90983|989
2020.10.20 07:00:00|0.90986|0.90992|0.90949|0.90962|502
2020.10.20 08:00:00|0.90963|0.90991|0.9095299999999999|0.90964|616
2020.10.20 09:00:00|0.90966|0.91033|0.90955|0.91033|1964
2020.10.20 10:00:00|0.9103|0.91091|0.90885|0.9093599999999999|4576
2020.10.20 11:00:00|0.90934|0.91013|0.90822|0.90917|4142
2020.10.20 12:00:00|0.9091900000000001|0.90924|0.90781|0.9079199999999999|3386
2020.10.20 13:00:00|0.9079199999999999|0.90795|0.90691|0.90732|2663
2020.10.20 14:00:00|0.90733|0.90816|0.90727|0.90791|2871
2020.10.20 15:00:00|0.90791|0.90823|0.9073|0.90781|2382
2020.10.20 16:00:00|0.90781|0.90801|0.90711|0.90732|3612
2020.10.20 17:00:00|0.90732|0.90748|0.90543|0.90657|4442
2020.10.20 18:00:00|0.90657|0.90741|0.9064|0.90705|2693
2020.10.20 19:00:00|0.90705|0.90734|0.90659|0.90699|1853
2020.10.20 20:00:00|0.90699|0.90708|0.90632|0.90668|1320
2020.10.20 21:00:00|0.90668|0.9069|0.9063|0.90657|1308
2020.10.20 22:00:00|0.90657|0.90696|0.90652|0.9069|1619
2020.10.20 23:00:00|0.9069199999999999|0.90715|0.90682|0.9069|754
2020.10.21 00:00:00|0.90688|0.9069700000000001|0.90644|0.90646|358
2020.10.21 01:00:00|0.90646|0.90691|0.90642|0.90671|350
2020.10.21 02:00:00|0.90667|0.90696|0.9065299999999999|0.90668|709
2020.10.21 03:00:00|0.90669|0.90677|0.90627|0.9063099999999999|1115
2020.10.21 04:00:00|0.9063099999999999|0.90655|0.90578|0.90643|1057
2020.10.21 05:00:00|0.90641|0.90651|0.9055800000000001|0.90584|1579
2020.10.21 06:00:00|0.90584|0.90638|0.90566|0.90609|1594
2020.10.21 07:00:00|0.90606|0.9061|0.9056999999999999|0.90578|432
2020.10.21 08:00:00|0.90577|0.90616|0.90564|0.9059199999999999|992
2020.10.21 09:00:00|0.90591|0.90593|0.90426|0.90467|3497
2020.10.21 10:00:00|0.90467|0.90529|0.90338|0.90357|4587
2020.10.21 11:00:00|0.90356|0.90465|0.90317|0.90417|4665
2020.10.21 12:00:00|0.90417|0.90494|0.90389|0.90446|4104
2020.10.21 13:00:00|0.90445|0.90469|0.90316|0.90337|3208
2020.10.21 14:00:00|0.90338|0.90441|0.90324|0.90389|3234
2020.10.21 15:00:00|0.90389|0.90427|0.90316|0.90352|3609
2020.10.21 16:00:00|0.90352|0.90502|0.90341|0.90432|4395
2020.10.21 17:00:00|0.9043099999999999|0.9046999999999999|0.90295|0.90346|4618
2020.10.21 18:00:00|0.90346|0.9043099999999999|0.90306|0.9041400000000001|3159
2020.10.21 19:00:00|0.90415|0.90445|0.9035300000000001|0.90418|3061
2020.10.21 20:00:00|0.90418|0.90452|0.90402|0.90435|1384
2020.10.21 21:00:00|0.90435|0.90484|0.90418|0.90462|1101
2020.10.21 22:00:00|0.90463|0.90516|0.90451|0.90512|1659
2020.10.21 23:00:00|0.90513|0.9055800000000001|0.9049700000000001|0.90528|815
2020.10.22 00:00:00|0.9053099999999999|0.90546|0.90371|0.90462|3164
2020.10.22 01:00:00|0.9045800000000001|0.90542|0.90444|0.90541|886
2020.10.22 02:00:00|0.90539|0.90589|0.90539|0.90584|674
2020.10.22 03:00:00|0.90584|0.90654|0.90584|0.9064|1382
2020.10.22 04:00:00|0.9064|0.90661|0.90603|0.90654|1329
2020.10.22 05:00:00|0.9065299999999999|0.9069700000000001|0.9065299999999999|0.9068000000000001|937
2020.10.22 06:00:00|0.9068000000000001|0.90694|0.90669|0.90682|432
2020.10.22 07:00:00|0.9068000000000001|0.90685|0.90633|0.9063600000000001|507
2020.10.22 08:00:00|0.90638|0.90655|0.90603|0.90606|905
2020.10.22 09:00:00|0.90606|0.90616|0.90564|0.90594|1697
2020.10.22 10:00:00|0.90595|0.90669|0.9053|0.90603|4831
2020.10.22 11:00:00|0.90603|0.90708|0.90598|0.9067|4031
2020.10.22 12:00:00|0.90672|0.90743|0.9063099999999999|0.90683|3375
2020.10.22 13:00:00|0.90683|0.9075800000000001|0.90642|0.90757|3298
2020.10.22 14:00:00|0.90756|0.9079700000000001|0.90703|0.90704|3137
2020.10.22 15:00:00|0.90704|0.90752|0.9064|0.9065|2964
2020.10.22 16:00:00|0.9065|0.9072|0.90612|0.9071399999999999|3606
2020.10.22 17:00:00|0.9071399999999999|0.90759|0.9065800000000001|0.90682|4599
2020.10.22 18:00:00|0.90682|0.9073600000000001|0.90661|0.90734|2490
2020.10.22 19:00:00|0.90738|0.90751|0.90702|0.90716|1492
2020.10.22 20:00:00|0.90715|0.90724|0.90659|0.90704|1325
2020.10.22 21:00:00|0.90704|0.90735|0.90696|0.90718|1436
2020.10.22 22:00:00|0.90717|0.9073099999999999|0.90691|0.90728|1302
2020.10.22 23:00:00|0.90728|0.90754|0.90686|0.90695|592
2020.10.23 00:00:00|0.90689|0.90704|0.90667|0.90699|2543
2020.10.23 01:00:00|0.90699|0.90728|0.90696|0.90708|911
2020.10.23 02:00:00|0.90706|0.90762|0.90705|0.90755|891
2020.10.23 03:00:00|0.90756|0.9091399999999999|0.9075299999999999|0.90786|3332
2020.10.23 04:00:00|0.90788|0.90807|0.9069700000000001|0.9069700000000001|1628
2020.10.23 05:00:00|0.90698|0.9075|0.90698|0.90717|781
2020.10.23 06:00:00|0.90717|0.90748|0.90711|0.90744|466
2020.10.23 07:00:00|0.90745|0.90767|0.90743|0.90749|484
2020.10.23 08:00:00|0.90746|0.90766|0.9073|0.9073099999999999|613
2020.10.23 09:00:00|0.90729|0.90807|0.90724|0.90735|1576
2020.10.23 10:00:00|0.90734|0.90765|0.90583|0.90607|3843
2020.10.23 11:00:00|0.90609|0.90612|0.9043600000000001|0.90465|3334
2020.10.23 12:00:00|0.90465|0.90488|0.9039199999999999|0.90433|2265
2020.10.23 13:00:00|0.9043099999999999|0.90479|0.9039700000000001|0.90421|2150
2020.10.23 14:00:00|0.90421|0.90498|0.90412|0.90467|1861
2020.10.23 15:00:00|0.90462|0.90463|0.90333|0.90366|3633
2020.10.23 16:00:00|0.90367|0.90493|0.90334|0.90472|3418
2020.10.23 17:00:00|0.90472|0.90693|0.90472|0.9062|4846
2020.10.23 18:00:00|0.9062|0.9063600000000001|0.90549|0.90551|2668
2020.10.23 19:00:00|0.90552|0.90618|0.9051900000000001|0.9051900000000001|1779
2020.10.23 20:00:00|0.9052|0.90526|0.90435|0.90457|1108
2020.10.23 21:00:00|0.90457|0.90464|0.90415|0.90464|1073
2020.10.23 22:00:00|0.90462|0.90469|0.904|0.904|999
2020.10.23 23:00:00|0.904|0.90468|0.90342|0.90434|1757
2020.10.26 00:00:00|0.904|0.90493|0.90384|0.90493|3122
2020.10.26 01:00:00|0.90491|0.90502|0.9045|0.90451|902
2020.10.26 02:00:00|0.90451|0.9046|0.9042|0.90457|805
2020.10.26 03:00:00|0.90456|0.9051399999999999|0.90426|0.90472|1642
2020.10.26 04:00:00|0.90472|0.90484|0.90437|0.90477|1012
2020.10.26 05:00:00|0.90478|0.90517|0.9046|0.90493|878
2020.10.26 06:00:00|0.9049199999999999|0.90498|0.90473|0.90494|837
2020.10.26 07:00:00|0.90495|0.90516|0.9047500000000001|0.90502|906
2020.10.26 08:00:00|0.90501|0.90523|0.90481|0.90507|1118
2020.10.26 09:00:00|0.90503|0.90551|0.90435|0.9051|2633
2020.10.26 10:00:00|0.90509|0.90682|0.9049|0.9065299999999999|5821
2020.10.26 11:00:00|0.90646|0.90749|0.90622|0.90686|4111
2020.10.26 12:00:00|0.90686|0.90784|0.90626|0.90634|3060
2020.10.26 13:00:00|0.90634|0.90688|0.9061|0.90669|2528
2020.10.26 14:00:00|0.90668|0.90772|0.90635|0.9072|3060
2020.10.26 15:00:00|0.9072|0.90733|0.90651|0.90704|3771
2020.10.26 16:00:00|0.90703|0.90767|0.90677|0.90727|3090
2020.10.26 17:00:00|0.90728|0.90787|0.90681|0.90729|3281
2020.10.26 18:00:00|0.90729|0.90738|0.9067499999999999|0.90684|2049
2020.10.26 19:00:00|0.90683|0.9075299999999999|0.90648|0.90705|1539
2020.10.26 20:00:00|0.90706|0.90751|0.90705|0.9073099999999999|1378
2020.10.26 21:00:00|0.9073|0.9079700000000001|0.90704|0.9079199999999999|1507
2020.10.26 22:00:00|0.9079199999999999|0.90796|0.9075800000000001|0.90769|509
2020.10.26 23:00:00|0.90769|0.90769|0.90674|0.90769|570
2020.10.27 00:00:00|0.90765|0.9081399999999999|0.9075299999999999|0.9081399999999999|1419
2020.10.27 01:00:00|0.90811|0.90812|0.90786|0.90796|547
2020.10.27 02:00:00|0.90796|0.90802|0.90702|0.90703|1032
2020.10.27 03:00:00|0.90703|0.9073099999999999|0.90687|0.90706|1457
2020.10.27 04:00:00|0.90705|0.90705|0.9063|0.90671|927
2020.10.27 05:00:00|0.90671|0.90706|0.90668|0.90687|560
2020.10.27 06:00:00|0.90684|0.90684|0.90654|0.90672|410
2020.10.27 07:00:00|0.90671|0.90672|0.9062|0.90621|785
2020.10.27 08:00:00|0.90621|0.9067|0.90606|0.9065800000000001|931
2020.10.27 09:00:00|0.90656|0.90761|0.90655|0.90757|1812
2020.10.27 10:00:00|0.90755|0.90852|0.90703|0.9081|4613
2020.10.27 11:00:00|0.90809|0.90935|0.9079|0.90908|2998
2020.10.27 12:00:00|0.9091|0.90967|0.90884|0.90925|2988
2020.10.27 13:00:00|0.90926|0.9095299999999999|0.90769|0.90784|2593
2020.10.27 14:00:00|0.90785|0.90785|0.90718|0.90722|2156
2020.10.27 15:00:00|0.90723|0.90734|0.90643|0.90651|3087
2020.10.27 16:00:00|0.90651|0.90771|0.90627|0.90691|2900
2020.10.27 17:00:00|0.9069199999999999|0.90768|0.90612|0.90652|2546
2020.10.27 18:00:00|0.90652|0.90693|0.90609|0.90651|1944
2020.10.27 19:00:00|0.9065|0.90673|0.90629|0.90662|995
2020.10.27 20:00:00|0.90662|0.90752|0.90644|0.90751|957
2020.10.27 21:00:00|0.90752|0.90786|0.90722|0.90783|1165
2020.10.27 22:00:00|0.90784|0.90872|0.90741|0.90846|1087
2020.10.27 23:00:00|0.90846|0.90909|0.90833|0.90894|2321
2020.10.28 00:00:00|0.9089|0.90986|0.90883|0.90927|1628
2020.10.28 01:00:00|0.90925|0.90935|0.9088000000000001|0.90885|1079
2020.10.28 02:00:00|0.90886|0.90945|0.90867|0.90908|1616
2020.10.28 03:00:00|0.90909|0.90928|0.90862|0.9090200000000001|1237
2020.10.28 04:00:00|0.90905|0.90915|0.90866|0.9089|1028
2020.10.28 05:00:00|0.90891|0.9089699999999999|0.9084|0.90873|660
2020.10.28 06:00:00|0.90874|0.9091|0.90873|0.90895|549
2020.10.28 07:00:00|0.90894|0.90912|0.90862|0.90885|865
2020.10.28 08:00:00|0.90885|0.91013|0.90882|0.9099699999999999|1546
2020.10.28 09:00:00|0.90996|0.91048|0.90946|0.91034|3072
2020.10.28 10:00:00|0.91035|0.91177|0.9103|0.91039|5065
2020.10.28 11:00:00|0.9104|0.91207|0.9104|0.91173|3984
2020.10.28 12:00:00|0.91173|0.9121|0.9110200000000001|0.91165|3133
2020.10.28 13:00:00|0.91166|0.91201|0.91064|0.91143|3918
2020.10.28 14:00:00|0.91144|0.91267|0.91116|0.91186|4318
2020.10.28 15:00:00|0.91185|0.9121899999999999|0.91046|0.91108|5338
2020.10.28 16:00:00|0.91107|0.91143|0.90974|0.91044|6004
2020.10.28 17:00:00|0.91044|0.9110200000000001|0.90951|0.90962|4124
2020.10.28 18:00:00|0.90961|0.91015|0.90905|0.90957|3012
2020.10.28 19:00:00|0.9095800000000001|0.91003|0.90938|0.90972|1742
2020.10.28 20:00:00|0.90973|0.9099|0.90939|0.9099|1684
2020.10.28 21:00:00|0.9099|0.91045|0.90967|0.91016|2099
2020.10.28 22:00:00|0.91017|0.91045|0.91012|0.91033|671
2020.10.28 23:00:00|0.91033|0.91047|0.91005|0.91039|398
2020.10.29 00:00:00|0.91039|0.9104100000000001|0.90993|0.91028|540
2020.10.29 01:00:00|0.91027|0.91076|0.91027|0.91065|763
2020.10.29 02:00:00|0.91064|0.9109|0.90999|0.9103599999999999|1209
2020.10.29 03:00:00|0.91035|0.91072|0.91009|0.91016|1846
2020.10.29 04:00:00|0.91016|0.91044|0.90999|0.91017|1212
2020.10.29 05:00:00|0.91016|0.91031|0.90948|0.90954|839
2020.10.29 06:00:00|0.90954|0.90956|0.90895|0.90927|867
2020.10.29 07:00:00|0.90925|0.90968|0.90915|0.90915|1108
2020.10.29 08:00:00|0.90915|0.90937|0.90881|0.9091900000000001|1144
2020.10.29 09:00:00|0.90922|0.9111|0.90907|0.91099|3283
2020.10.29 10:00:00|0.91099|0.91181|0.91061|0.91091|4840
2020.10.29 11:00:00|0.91093|0.91188|0.91012|0.91177|3658
2020.10.29 12:00:00|0.91176|0.91235|0.91064|0.91156|4279
2020.10.29 13:00:00|0.91156|0.91269|0.91126|0.91239|4034
2020.10.29 14:00:00|0.91239|0.91331|0.91189|0.91274|5214
2020.10.29 15:00:00|0.91277|0.9142400000000001|0.91212|0.91369|9159
2020.10.29 16:00:00|0.91369|0.91513|0.91338|0.9147|6373
2020.10.29 17:00:00|0.91469|0.91709|0.91456|0.91695|4632
2020.10.29 18:00:00|0.91699|0.91699|0.91589|0.91656|3218
2020.10.29 19:00:00|0.91656|0.91717|0.91639|0.91666|1954
2020.10.29 20:00:00|0.91665|0.91675|0.9156300000000001|0.91595|1866
2020.10.29 21:00:00|0.91596|0.91597|0.91514|0.91543|1437
2020.10.29 22:00:00|0.9154099999999999|0.916|0.91431|0.91431|614
2020.10.29 23:00:00|0.91433|0.91557|0.91426|0.91539|842
2020.10.30 00:00:00|0.91539|0.91594|0.91535|0.91586|432
2020.10.30 01:00:00|0.9158500000000001|0.9158500000000001|0.9152|0.91526|577
2020.10.30 02:00:00|0.91525|0.91578|0.91508|0.91516|1483
2020.10.30 03:00:00|0.91516|0.91535|0.91442|0.91447|1633
2020.10.30 04:00:00|0.91449|0.91474|0.91418|0.91443|757
2020.10.30 05:00:00|0.91445|0.91455|0.91372|0.91396|834
2020.10.30 06:00:00|0.91396|0.91452|0.91394|0.9144600000000001|692
2020.10.30 07:00:00|0.91445|0.91467|0.91388|0.91408|2239
2020.10.30 08:00:00|0.91409|0.9147|0.91399|0.91434|1730
2020.10.30 09:00:00|0.9144|0.91537|0.91434|0.91488|3274
2020.10.30 10:00:00|0.91487|0.9165|0.9142|0.91611|5161
2020.10.30 11:00:00|0.9161|0.91636|0.9150199999999999|0.91593|4772
2020.10.30 12:00:00|0.9159|0.9166299999999999|0.9156|0.9157|3749
2020.10.30 13:00:00|0.91569|0.91678|0.91544|0.9164099999999999|3715
2020.10.30 14:00:00|0.9164099999999999|0.9164099999999999|0.91421|0.91438|3672
2020.10.30 15:00:00|0.91437|0.91551|0.91398|0.91498|4865
2020.10.30 16:00:00|0.915|0.9158500000000001|0.91483|0.91555|3406
2020.10.30 17:00:00|0.91553|0.91679|0.91494|0.91652|5771
2020.10.30 18:00:00|0.91651|0.9166|0.91589|0.91606|4498
2020.10.30 19:00:00|0.91606|0.91701|0.91605|0.91692|1790
2020.10.30 20:00:00|0.91693|0.91718|0.91667|0.91703|1701
2020.10.30 21:00:00|0.91705|0.9171|0.9165|0.91696|1705
2020.10.30 22:00:00|0.91695|0.91712|0.9164099999999999|0.91701|1127
2020.11.02 00:00:00|0.91545|0.91657|0.91496|0.9164|501
2020.11.02 01:00:00|0.9164|0.91722|0.91639|0.91712|715
2020.11.02 02:00:00|0.91712|0.91735|0.91688|0.9172|1036
2020.11.02 03:00:00|0.9171899999999999|0.9173|0.91665|0.91697|943
2020.11.02 04:00:00|0.91696|0.91713|0.91652|0.91671|886
2020.11.02 05:00:00|0.91671|0.9171|0.91669|0.91705|588
2020.11.02 06:00:00|0.91708|0.91772|0.91706|0.91762|684
2020.11.02 07:00:00|0.9176299999999999|0.9176299999999999|0.91708|0.91722|807
2020.11.02 08:00:00|0.91721|0.91737|0.91678|0.91684|1628
2020.11.02 09:00:00|0.91688|0.91797|0.91666|0.9177999999999999|2535
2020.11.02 10:00:00|0.91779|0.91874|0.9171899999999999|0.91799|4697
2020.11.02 11:00:00|0.91799|0.91806|0.91691|0.91723|4066
2020.11.02 12:00:00|0.91723|0.91813|0.91675|0.91736|3630
2020.11.02 13:00:00|0.91737|0.91783|0.91704|0.91731|2739
2020.11.02 14:00:00|0.9173|0.91858|0.91717|0.91825|2395
2020.11.02 15:00:00|0.91823|0.91918|0.9176|0.91875|2615
2020.11.02 16:00:00|0.91876|0.91966|0.91873|0.91938|3148
2020.11.02 17:00:00|0.9194|0.92027|0.91904|0.91937|3295
2020.11.02 18:00:00|0.91937|0.9205|0.91915|0.9199000000000001|2983
2020.11.02 19:00:00|0.9199000000000001|0.92067|0.91988|0.92018|1311
2020.11.02 20:00:00|0.9202|0.92044|0.92003|0.92011|1155
2020.11.02 21:00:00|0.92011|0.92018|0.9194|0.92003|1467
2020.11.02 22:00:00|0.9200199999999999|0.9200199999999999|0.9191|0.9192|1306
2020.11.02 23:00:00|0.91921|0.91938|0.91873|0.91873|749
2020.11.03 00:00:00|0.91873|0.91894|0.91822|0.91842|158
2020.11.03 01:00:00|0.91842|0.91892|0.91842|0.91876|435
2020.11.03 02:00:00|0.91878|0.91908|0.91851|0.91899|543
2020.11.03 03:00:00|0.91898|0.91908|0.91848|0.91853|752
2020.11.03 04:00:00|0.91852|0.91881|0.9184|0.91845|679
2020.11.03 05:00:00|0.9184600000000001|0.91871|0.91818|0.9182900000000001|928
2020.11.03 06:00:00|0.91831|0.91864|0.91818|0.9186299999999999|434
2020.11.03 07:00:00|0.91861|0.9186299999999999|0.91792|0.918|751
2020.11.03 08:00:00|0.91801|0.91819|0.91752|0.91779|867
2020.11.03 09:00:00|0.91781|0.91812|0.91739|0.91759|2082
2020.11.03 10:00:00|0.91764|0.91796|0.91659|0.91669|2798
2020.11.03 11:00:00|0.91669|0.91695|0.91535|0.91543|2916
2020.11.03 12:00:00|0.91542|0.91612|0.91537|0.91584|1768
2020.11.03 13:00:00|0.91583|0.91591|0.9142400000000001|0.91468|2376
2020.11.03 14:00:00|0.91468|0.91501|0.91427|0.91499|2156
2020.11.03 15:00:00|0.91498|0.91529|0.91405|0.91526|2774
2020.11.03 16:00:00|0.91527|0.91527|0.91384|0.91432|3117
2020.11.03 17:00:00|0.91433|0.91434|0.91183|0.91231|3808
2020.11.03 18:00:00|0.9123|0.9127999999999999|0.91172|0.91255|2595
2020.11.03 19:00:00|0.91254|0.91294|0.91198|0.91272|1705
2020.11.03 20:00:00|0.91272|0.91294|0.91249|0.91293|1118
2020.11.03 21:00:00|0.91293|0.91323|0.9124100000000001|0.91246|1181
2020.11.03 22:00:00|0.91246|0.91321|0.91246|0.91272|1000
2020.11.03 23:00:00|0.91271|0.91283|0.9116300000000001|0.9120200000000001|1023
2020.11.04 00:00:00|0.91205|0.9123599999999999|0.91179|0.91191|339
2020.11.04 01:00:00|0.91189|0.91199|0.91054|0.91061|2009
2020.11.04 02:00:00|0.91059|0.91413|0.90883|0.91406|6938
2020.11.04 03:00:00|0.91406|0.91508|0.91228|0.9144|12496
2020.11.04 04:00:00|0.91438|0.91955|0.91384|0.91773|15329
2020.11.04 05:00:00|0.91772|0.91792|0.9150199999999999|0.9158500000000001|12912
2020.11.04 06:00:00|0.9158500000000001|0.9166800000000001|0.91376|0.91548|5744
2020.11.04 07:00:00|0.91544|0.91591|0.91347|0.91525|6117
2020.11.04 08:00:00|0.91526|0.91623|0.9144600000000001|0.91553|4481
2020.11.04 09:00:00|0.91553|0.91717|0.9153|0.91534|6372
2020.11.04 10:00:00|0.91535|0.91591|0.9131|0.91465|7800
2020.11.04 11:00:00|0.91465|0.91611|0.91434|0.91544|5171
2020.11.04 12:00:00|0.91544|0.91553|0.91311|0.9134100000000001|4833
2020.11.04 13:00:00|0.91342|0.91368|0.91198|0.91213|3696
2020.11.04 14:00:00|0.91214|0.91268|0.91022|0.91031|7481
2020.11.04 15:00:00|0.9103|0.91179|0.91003|0.91155|6681
2020.11.04 16:00:00|0.91151|0.9135799999999999|0.91109|0.9124|6862
2020.11.04 17:00:00|0.9124100000000001|0.91284|0.91159|0.91179|7509
2020.11.04 18:00:00|0.91179|0.91211|0.91034|0.91067|6565
2020.11.04 19:00:00|0.91068|0.91281|0.91067|0.9125|4533
2020.11.04 20:00:00|0.91249|0.91283|0.91222|0.91238|2859
2020.11.04 21:00:00|0.91238|0.91304|0.91215|0.91222|2004
2020.11.04 22:00:00|0.91222|0.91245|0.91169|0.9123599999999999|2696
2020.11.04 23:00:00|0.91237|0.91237|0.91105|0.91105|861
2020.11.05 00:00:00|0.91107|0.9131|0.91043|0.91251|1572
2020.11.05 01:00:00|0.91259|0.91318|0.91124|0.91156|810
2020.11.05 02:00:00|0.91155|0.91179|0.91077|0.91131|1296
2020.11.05 03:00:00|0.91129|0.9119699999999999|0.9111|0.91159|2156
2020.11.05 04:00:00|0.91159|0.9125|0.91123|0.91124|1762
2020.11.05 05:00:00|0.91122|0.91156|0.91098|0.91113|1060
2020.11.05 06:00:00|0.91112|0.91122|0.91072|0.9110200000000001|749
2020.11.05 07:00:00|0.9110200000000001|0.91117|0.9107|0.91098|1123
2020.11.05 08:00:00|0.91098|0.91131|0.91067|0.91128|1301
2020.11.05 09:00:00|0.91131|0.91169|0.90993|0.90998|5215
2020.11.05 10:00:00|0.91|0.91062|0.9088000000000001|0.90951|5974
2020.11.05 11:00:00|0.90952|0.91|0.9071399999999999|0.90766|4489
2020.11.05 12:00:00|0.90766|0.90822|0.90684|0.90687|4268
2020.11.05 13:00:00|0.90687|0.9078000000000001|0.90673|0.90722|4991
2020.11.05 14:00:00|0.90725|0.9075800000000001|0.90503|0.90503|5135
2020.11.05 15:00:00|0.90502|0.90586|0.90428|0.90552|5906
2020.11.05 16:00:00|0.9055299999999999|0.90678|0.90549|0.90611|4686
2020.11.05 17:00:00|0.9061|0.90817|0.90596|0.90605|5235
2020.11.05 18:00:00|0.90605|0.90661|0.9055299999999999|0.90627|4153
2020.11.05 19:00:00|0.90628|0.9069199999999999|0.9059199999999999|0.90612|2631
2020.11.05 20:00:00|0.90611|0.90635|0.9053|0.90559|1765
2020.11.05 21:00:00|0.90559|0.9058|0.90415|0.90419|3371
2020.11.05 22:00:00|0.90419|0.9054|0.90402|0.90442|2560
2020.11.05 23:00:00|0.90442|0.90474|0.90359|0.9039|1319
2020.11.06 00:00:00|0.90383|0.90474|0.90322|0.90474|385
2020.11.06 01:00:00|0.90474|0.90486|0.90283|0.90426|2341
2020.11.06 02:00:00|0.90426|0.90523|0.90345|0.9052|2207
2020.11.06 03:00:00|0.90518|0.90554|0.90447|0.90461|4482
2020.11.06 04:00:00|0.90461|0.90488|0.90351|0.90371|2186
2020.11.06 05:00:00|0.90372|0.90405|0.90311|0.90362|1751
2020.11.06 06:00:00|0.90361|0.90396|0.90316|0.9035|1213
2020.11.06 07:00:00|0.90354|0.90389|0.90313|0.90369|1184
2020.11.06 08:00:00|0.9036999999999999|0.9038|0.90286|0.9029700000000001|1885
2020.11.06 09:00:00|0.90298|0.9031|0.90232|0.90256|3410
2020.11.06 10:00:00|0.90256|0.90342|0.9016|0.90199|4468
2020.11.06 11:00:00|0.90202|0.90333|0.90127|0.90144|4530
2020.11.06 12:00:00|0.90145|0.9017500000000001|0.90059|0.90113|4818
2020.11.06 13:00:00|0.90113|0.90113|0.89979|0.9000899999999999|3970
2020.11.06 14:00:00|0.9000899999999999|0.90095|0.89935|0.89976|4078
2020.11.06 15:00:00|0.89977|0.89995|0.89851|0.89859|7286
2020.11.06 16:00:00|0.89858|0.90224|0.89839|0.9013600000000001|10171
2020.11.06 17:00:00|0.90135|0.90144|0.89869|0.8993|8073
2020.11.06 18:00:00|0.8993100000000001|0.8995|0.89835|0.89867|5173
2020.11.06 19:00:00|0.89867|0.8994799999999999|0.89813|0.89923|3397
2020.11.06 20:00:00|0.89922|0.89944|0.89894|0.89916|1591
2020.11.06 21:00:00|0.89915|0.89972|0.89868|0.89945|1257
2020.11.06 22:00:00|0.89946|0.89989|0.8993|0.89988|1911
