2020.01.02 08:00:00|1.29887|1.29889|1.2983|1.29847|988
2020.01.02 09:00:00|1.29846|1.29917|1.29794|1.29858|1420
2020.01.02 10:00:00|1.29856|1.29865|1.29705|1.29723|1624
2020.01.02 11:00:00|1.29722|1.29827|1.2968|1.29805|1279
2020.01.02 12:00:00|1.29805|1.29948|1.29797|1.29913|1066
2020.01.02 13:00:00|1.29911|1.30076|1.29906|1.30035|1615
2020.01.02 14:00:00|1.30036|1.30071|1.29897|1.29917|2141
2020.01.02 15:00:00|1.29921|1.30045|1.2988|1.29924|2212
2020.01.02 16:00:00|1.29928|1.3006|1.29912|1.29968|3240
2020.01.02 17:00:00|1.29967|1.29987|1.29779|1.29782|3180
2020.01.02 18:00:00|1.29783|1.30036|1.29751|1.29976|2626
2020.01.02 19:00:00|1.29977|1.30034|1.29919|1.2996|1644
2020.01.02 20:00:00|1.2996|1.29987|1.29903|1.29908|1269
2020.01.02 21:00:00|1.29907|1.29938|1.29839|1.29899|1154
2020.01.02 22:00:00|1.29898|1.29908|1.29847|1.29868|1120
2020.01.02 23:00:00|1.29868|1.29895|1.29772|1.29773|894
2020.01.03 00:00:00|1.29765|1.2985|1.29762|1.29826|296
2020.01.03 01:00:00|1.29824|1.29855|1.29824|1.29836|279
2020.01.03 02:00:00|1.29837|1.29863|1.2982|1.29832|410
2020.01.03 03:00:00|1.29832|1.29845|1.29769|1.29814|1235
2020.01.03 04:00:00|1.29811|1.29886|1.29745|1.29881|2048
2020.01.03 05:00:00|1.29882|1.29986|1.29881|1.2993|1372
2020.01.03 06:00:00|1.29927|1.29954|1.29886|1.29928|870
2020.01.03 07:00:00|1.29927|1.29987|1.29925|1.29941|1233
2020.01.03 08:00:00|1.29942|1.29954|1.29842|1.29862|677
2020.01.03 09:00:00|1.29861|1.29959|1.29619|1.29636|4307
2020.01.03 10:00:00|1.29637|1.29836|1.29604|1.2971|3694
2020.01.03 11:00:00|1.29711|1.29862|1.29695|1.29831|2670
2020.01.03 12:00:00|1.2983|1.29892|1.29802|1.29867|2160
2020.01.03 13:00:00|1.29868|1.30045|1.29847|1.30019|2213
2020.01.03 14:00:00|1.30017|1.30046|1.29905|1.29924|1917
2020.01.03 15:00:00|1.29922|1.29948|1.29718|1.29904|2478
2020.01.03 16:00:00|1.29903|1.29953|1.29814|1.29913|2990
2020.01.03 17:00:00|1.29908|1.2996|1.29788|1.29806|2859
2020.01.03 18:00:00|1.29807|1.29867|1.29757|1.29849|2007
2020.01.03 19:00:00|1.29851|1.29924|1.29824|1.29836|1338
2020.01.03 20:00:00|1.29838|1.29941|1.29835|1.299|1861
2020.01.03 21:00:00|1.29902|1.29982|1.29898|1.2991|1972
2020.01.03 22:00:00|1.2991|1.29957|1.29882|1.29883|1216
2020.01.03 23:00:00|1.29881|1.30068|1.29854|1.30046|1452
2020.01.06 00:00:00|1.29853|1.2987|1.29848|1.2986|192
2020.01.06 01:00:00|1.29862|1.29896|1.29852|1.29888|960
2020.01.06 02:00:00|1.29885|1.29885|1.29761|1.2979|1634
2020.01.06 03:00:00|1.29791|1.29814|1.2977|1.29806|1155
2020.01.06 04:00:00|1.29807|1.29821|1.29769|1.29777|589
2020.01.06 05:00:00|1.29777|1.29794|1.29759|1.29774|471
2020.01.06 06:00:00|1.29775|1.29787|1.29747|1.29752|330
2020.01.06 07:00:00|1.29751|1.29785|1.29751|1.29762|357
2020.01.06 08:00:00|1.29762|1.29802|1.29746|1.29771|540
2020.01.06 09:00:00|1.2977|1.29835|1.29761|1.29787|1961
2020.01.06 10:00:00|1.29786|1.29868|1.29773|1.29792|2244
2020.01.06 11:00:00|1.29791|1.29796|1.29635|1.29664|1713
2020.01.06 12:00:00|1.29666|1.29707|1.29634|1.297|1205
2020.01.06 13:00:00|1.29701|1.29742|1.2964|1.29734|1621
2020.01.06 14:00:00|1.29733|1.29776|1.2966|1.2968|1253
2020.01.06 15:00:00|1.29682|1.29799|1.29675|1.297|2437
2020.01.06 16:00:00|1.29699|1.29891|1.29698|1.29888|3183
2020.01.06 17:00:00|1.29887|1.29887|1.29721|1.29726|2135
2020.01.06 18:00:00|1.29724|1.29759|1.29637|1.29642|1558
2020.01.06 19:00:00|1.29644|1.29669|1.29605|1.29648|1661
2020.01.06 20:00:00|1.29647|1.29672|1.29594|1.29666|994
2020.01.06 21:00:00|1.29667|1.29707|1.29637|1.29642|1102
2020.01.06 22:00:00|1.29641|1.29698|1.29622|1.29625|869
2020.01.06 23:00:00|1.29625|1.29652|1.29603|1.29635|741
2020.01.07 00:00:00|1.29635|1.29651|1.29595|1.29624|1084
2020.01.07 01:00:00|1.29629|1.29644|1.29621|1.29633|312
2020.01.07 02:00:00|1.29634|1.29641|1.29593|1.29598|443
2020.01.07 03:00:00|1.29599|1.29609|1.29593|1.29606|459
2020.01.07 04:00:00|1.29605|1.29658|1.29592|1.29655|382
2020.01.07 05:00:00|1.29656|1.29661|1.2962|1.29649|610
2020.01.07 06:00:00|1.2965|1.29658|1.29613|1.29657|407
2020.01.07 07:00:00|1.29653|1.29684|1.29637|1.29683|440
2020.01.07 08:00:00|1.29684|1.29709|1.29641|1.297|1020
2020.01.07 09:00:00|1.29701|1.29758|1.29639|1.29747|1625
2020.01.07 10:00:00|1.29746|1.29779|1.29563|1.29607|2456
2020.01.07 11:00:00|1.29606|1.29759|1.29568|1.29695|1668
2020.01.07 12:00:00|1.29696|1.29829|1.29685|1.29804|1800
2020.01.07 13:00:00|1.29805|1.29859|1.29758|1.29831|1331
2020.01.07 14:00:00|1.2983|1.29934|1.29767|1.29915|1811
2020.01.07 15:00:00|1.29917|1.30138|1.29833|1.3006|3533
2020.01.07 16:00:00|1.30059|1.30228|1.30002|1.30151|3407
2020.01.07 17:00:00|1.30149|1.3029|1.3011|1.30136|5057
2020.01.07 18:00:00|1.30137|1.30175|1.30114|1.30159|2066
2020.01.07 19:00:00|1.30158|1.30168|1.30105|1.30125|1354
2020.01.07 20:00:00|1.30128|1.30129|1.30018|1.30033|1033
2020.01.07 21:00:00|1.30031|1.30075|1.30013|1.30037|1266
2020.01.07 22:00:00|1.30039|1.30075|1.29994|1.30049|826
2020.01.07 23:00:00|1.30052|1.30067|1.30006|1.30033|1228
2020.01.08 00:00:00|1.30041|1.30041|1.29999|1.30022|142
2020.01.08 01:00:00|1.30021|1.30063|1.3|1.30004|1167
2020.01.08 02:00:00|1.30005|1.3003|1.2994|1.2995|4466
2020.01.08 03:00:00|1.29949|1.29971|1.29817|1.29821|3060
2020.01.08 04:00:00|1.2982|1.29876|1.29795|1.29836|3355
2020.01.08 05:00:00|1.29835|1.29872|1.29809|1.29821|2120
2020.01.08 06:00:00|1.29822|1.2986|1.29804|1.29818|1099
2020.01.08 07:00:00|1.29818|1.29864|1.29804|1.29851|1030
2020.01.08 08:00:00|1.29847|1.29852|1.29793|1.29819|636
2020.01.08 09:00:00|1.2982|1.2991|1.29757|1.29833|2291
2020.01.08 10:00:00|1.29831|1.3|1.29821|1.29999|2838
2020.01.08 11:00:00|1.29998|1.30073|1.2998|1.3002|2137
2020.01.08 12:00:00|1.30021|1.30137|1.30021|1.30104|2189
2020.01.08 13:00:00|1.30103|1.3013|1.30035|1.30118|2136
2020.01.08 14:00:00|1.30119|1.30217|1.3008|1.30192|2314
2020.01.08 15:00:00|1.30191|1.30235|1.3012|1.30131|3120
2020.01.08 16:00:00|1.30132|1.30232|1.30092|1.30174|2478
2020.01.08 17:00:00|1.30173|1.30391|1.3013|1.30344|4223
2020.01.08 18:00:00|1.30346|1.30425|1.30221|1.30263|4453
2020.01.08 19:00:00|1.30264|1.30385|1.30214|1.30276|2993
2020.01.08 20:00:00|1.30274|1.30376|1.30273|1.30304|1665
2020.01.08 21:00:00|1.303|1.30305|1.30259|1.30269|810
2020.01.08 22:00:00|1.3027|1.30331|1.30224|1.3033|1742
2020.01.08 23:00:00|1.30329|1.30392|1.30305|1.30385|1118
2020.01.09 00:00:00|1.30387|1.30387|1.30298|1.30358|537
2020.01.09 01:00:00|1.30359|1.30395|1.30351|1.30356|337
2020.01.09 02:00:00|1.30355|1.3037|1.30295|1.30316|1080
2020.01.09 03:00:00|1.30316|1.30326|1.30256|1.30286|1364
2020.01.09 04:00:00|1.30284|1.3034|1.3028|1.30316|1012
2020.01.09 05:00:00|1.30315|1.30393|1.3031|1.30362|854
2020.01.09 06:00:00|1.30363|1.30401|1.30346|1.30388|680
2020.01.09 07:00:00|1.30388|1.304|1.30366|1.30372|863
2020.01.09 08:00:00|1.30372|1.304|1.30351|1.30397|615
2020.01.09 09:00:00|1.30396|1.30427|1.30349|1.30354|1748
2020.01.09 10:00:00|1.30353|1.30467|1.30352|1.30457|1720
2020.01.09 11:00:00|1.30456|1.3055|1.30442|1.3055|2068
2020.01.09 12:00:00|1.30549|1.30559|1.30493|1.30497|1481
2020.01.09 13:00:00|1.30496|1.30543|1.30483|1.30507|1267
2020.01.09 14:00:00|1.30508|1.3051|1.30417|1.30505|1887
2020.01.09 15:00:00|1.30506|1.3064|1.30496|1.30563|2809
2020.01.09 16:00:00|1.3056|1.30743|1.30559|1.30708|3164
2020.01.09 17:00:00|1.30706|1.3104|1.30701|1.30965|4621
2020.01.09 18:00:00|1.30965|1.3098|1.30873|1.30905|2315
2020.01.09 19:00:00|1.30904|1.30958|1.30876|1.30884|1613
2020.01.09 20:00:00|1.30885|1.30937|1.30758|1.30796|2693
2020.01.09 21:00:00|1.30795|1.30833|1.30749|1.30787|1767
2020.01.09 22:00:00|1.30788|1.3079|1.30614|1.30675|2557
2020.01.09 23:00:00|1.30677|1.30689|1.30529|1.3055|1349
2020.01.10 00:00:00|1.30549|1.3061|1.30533|1.30583|1075
2020.01.10 01:00:00|1.30584|1.30626|1.30568|1.30622|330
2020.01.10 02:00:00|1.30622|1.30684|1.30621|1.30656|990
2020.01.10 03:00:00|1.30655|1.30676|1.30609|1.30644|1079
2020.01.10 04:00:00|1.30642|1.30661|1.30604|1.30612|663
2020.01.10 05:00:00|1.30614|1.30637|1.30608|1.30628|373
2020.01.10 06:00:00|1.3063|1.3063|1.3061|1.30621|256
2020.01.10 07:00:00|1.30622|1.3063|1.30593|1.30603|578
2020.01.10 08:00:00|1.30604|1.30606|1.30557|1.30557|675
2020.01.10 09:00:00|1.30555|1.306|1.30533|1.30598|693
2020.01.10 10:00:00|1.30597|1.30735|1.30587|1.30701|1208
2020.01.10 11:00:00|1.30703|1.30741|1.3068|1.30698|1214
2020.01.10 12:00:00|1.307|1.30746|1.307|1.30743|618
2020.01.10 13:00:00|1.30742|1.30748|1.30662|1.30694|965
2020.01.10 14:00:00|1.30693|1.30697|1.30606|1.30613|988
2020.01.10 15:00:00|1.30612|1.30715|1.30279|1.30412|6336
2020.01.10 16:00:00|1.30414|1.30502|1.30331|1.30444|4179
2020.01.10 17:00:00|1.30445|1.30574|1.30396|1.30508|4257
2020.01.10 18:00:00|1.30507|1.30587|1.30433|1.30515|3437
2020.01.10 19:00:00|1.30514|1.30569|1.30427|1.30461|2579
2020.01.10 20:00:00|1.30463|1.30547|1.30449|1.30547|1277
2020.01.10 21:00:00|1.30546|1.30601|1.30508|1.30587|1972
2020.01.10 22:00:00|1.30587|1.30633|1.30569|1.30607|2380
2020.01.10 23:00:00|1.30609|1.30613|1.30494|1.30503|1878
2020.01.13 00:00:00|1.30494|1.30613|1.30493|1.30546|302
2020.01.13 01:00:00|1.30545|1.30667|1.30545|1.30662|836
2020.01.13 02:00:00|1.30663|1.3067|1.30606|1.30614|624
2020.01.13 03:00:00|1.30615|1.30616|1.30539|1.30552|884
2020.01.13 04:00:00|1.3055|1.30576|1.30506|1.30522|1179
2020.01.13 05:00:00|1.30521|1.3055|1.30452|1.30453|1018
2020.01.13 06:00:00|1.30455|1.3048|1.30447|1.30471|430
2020.01.13 07:00:00|1.30473|1.30484|1.30448|1.30457|524
2020.01.13 08:00:00|1.30459|1.30479|1.30444|1.30478|663
2020.01.13 09:00:00|1.30478|1.30618|1.30478|1.30609|1085
2020.01.13 10:00:00|1.3061|1.30645|1.30526|1.30536|1678
2020.01.13 11:00:00|1.30535|1.30616|1.30516|1.30586|1765
2020.01.13 12:00:00|1.30586|1.30638|1.30584|1.30588|1323
2020.01.13 13:00:00|1.30587|1.30597|1.30546|1.30597|974
2020.01.13 14:00:00|1.30596|1.30606|1.30406|1.30427|1595
2020.01.13 15:00:00|1.30428|1.30477|1.30408|1.30427|2205
2020.01.13 16:00:00|1.30427|1.30546|1.30336|1.30511|4039
2020.01.13 17:00:00|1.30508|1.30536|1.3031|1.30516|5753
2020.01.13 18:00:00|1.30516|1.30539|1.30445|1.30478|3827
2020.01.13 19:00:00|1.30482|1.30499|1.30446|1.30479|1313
2020.01.13 20:00:00|1.30478|1.30497|1.30451|1.30467|1123
2020.01.13 21:00:00|1.30466|1.30511|1.30449|1.30459|1257
2020.01.13 22:00:00|1.30458|1.30619|1.30455|1.30581|1983
2020.01.13 23:00:00|1.30579|1.30598|1.30546|1.30555|1010
2020.01.14 00:00:00|1.30555|1.30565|1.30527|1.30547|261
2020.01.14 01:00:00|1.30548|1.30561|1.30526|1.30558|620
2020.01.14 02:00:00|1.30557|1.30559|1.30499|1.30508|671
2020.01.14 03:00:00|1.30505|1.30625|1.30491|1.30598|1495
2020.01.14 04:00:00|1.30597|1.3061|1.30537|1.30542|1000
2020.01.14 05:00:00|1.30542|1.30578|1.30533|1.30575|773
2020.01.14 06:00:00|1.30575|1.30575|1.30557|1.30567|501
2020.01.14 07:00:00|1.30565|1.30608|1.30563|1.30602|585
2020.01.14 08:00:00|1.30603|1.30612|1.30514|1.30521|871
2020.01.14 09:00:00|1.30522|1.30721|1.3052|1.30645|1313
2020.01.14 10:00:00|1.30646|1.3077|1.30646|1.30746|1942
2020.01.14 11:00:00|1.30745|1.30774|1.30706|1.30715|1205
2020.01.14 12:00:00|1.30714|1.30755|1.30678|1.30713|1275
2020.01.14 13:00:00|1.30712|1.30755|1.30661|1.30663|1391
2020.01.14 14:00:00|1.30664|1.30746|1.30659|1.30665|1698
2020.01.14 15:00:00|1.30666|1.3079|1.30665|1.30749|3826
2020.01.14 16:00:00|1.30748|1.30759|1.30624|1.30647|3731
2020.01.14 17:00:00|1.30647|1.30728|1.30618|1.30663|3420
2020.01.14 18:00:00|1.30661|1.3067|1.30551|1.30557|2219
2020.01.14 19:00:00|1.30557|1.30606|1.30492|1.30505|1625
2020.01.14 20:00:00|1.30504|1.30556|1.30462|1.30545|2354
2020.01.14 21:00:00|1.30543|1.30595|1.30515|1.30564|1595
2020.01.14 22:00:00|1.30564|1.30646|1.30558|1.30612|1132
2020.01.14 23:00:00|1.30613|1.30662|1.30588|1.30601|1116
2020.01.15 00:00:00|1.30601|1.30642|1.3052|1.30601|386
2020.01.15 01:00:00|1.306|1.30673|1.306|1.30671|551
2020.01.15 02:00:00|1.3067|1.30674|1.30621|1.30649|704
2020.01.15 03:00:00|1.30648|1.30712|1.30636|1.30674|1452
2020.01.15 04:00:00|1.30673|1.30679|1.3065|1.30679|842
2020.01.15 05:00:00|1.30677|1.30689|1.30599|1.30602|1098
2020.01.15 06:00:00|1.30602|1.30612|1.30559|1.30567|726
2020.01.15 07:00:00|1.30568|1.30579|1.30553|1.30569|850
2020.01.15 08:00:00|1.30568|1.30596|1.30565|1.30587|820
2020.01.15 09:00:00|1.30586|1.30623|1.30569|1.30585|940
2020.01.15 10:00:00|1.30585|1.30715|1.30578|1.30688|1334
2020.01.15 11:00:00|1.30685|1.30774|1.30684|1.30757|1261
2020.01.15 12:00:00|1.30757|1.30771|1.30711|1.30754|1858
2020.01.15 13:00:00|1.30755|1.30762|1.30628|1.30636|1636
2020.01.15 14:00:00|1.30637|1.30668|1.30596|1.30647|1441
2020.01.15 15:00:00|1.30646|1.3077|1.30639|1.30703|2988
2020.01.15 16:00:00|1.30704|1.30711|1.30517|1.30553|4571
2020.01.15 17:00:00|1.30553|1.30585|1.30436|1.30467|5119
2020.01.15 18:00:00|1.30464|1.30493|1.3038|1.30397|2976
2020.01.15 19:00:00|1.30397|1.30415|1.30346|1.30372|1613
2020.01.15 20:00:00|1.30375|1.30465|1.30355|1.30464|1132
2020.01.15 21:00:00|1.30465|1.30478|1.30392|1.30395|1237
2020.01.15 22:00:00|1.30396|1.30501|1.30396|1.30462|1186
2020.01.15 23:00:00|1.30463|1.30484|1.30404|1.30407|982
2020.01.16 00:00:00|1.30407|1.30439|1.30403|1.30415|308
2020.01.16 01:00:00|1.30412|1.30424|1.30392|1.30397|397
2020.01.16 02:00:00|1.30399|1.30408|1.30344|1.30405|842
2020.01.16 03:00:00|1.30405|1.30438|1.30394|1.30423|760
2020.01.16 04:00:00|1.30424|1.30443|1.30422|1.30438|485
2020.01.16 05:00:00|1.30437|1.30446|1.30427|1.30438|549
2020.01.16 06:00:00|1.30439|1.30447|1.30419|1.30429|345
2020.01.16 07:00:00|1.3043|1.30456|1.30426|1.3045|379
2020.01.16 08:00:00|1.30449|1.30476|1.30446|1.30467|611
2020.01.16 09:00:00|1.30466|1.30467|1.30408|1.30425|1019
2020.01.16 10:00:00|1.30425|1.30457|1.30326|1.30349|1549
2020.01.16 11:00:00|1.30348|1.30371|1.30317|1.30334|1499
2020.01.16 12:00:00|1.30337|1.30386|1.30319|1.30352|1215
2020.01.16 13:00:00|1.30351|1.3039|1.30333|1.30381|1061
2020.01.16 14:00:00|1.3038|1.30406|1.30344|1.30378|1413
2020.01.16 15:00:00|1.3038|1.30437|1.30325|1.30412|3333
2020.01.16 16:00:00|1.30411|1.30517|1.30378|1.30499|3160
2020.01.16 17:00:00|1.30498|1.30556|1.30379|1.30429|4061
2020.01.16 18:00:00|1.30429|1.30491|1.30389|1.30427|2977
2020.01.16 19:00:00|1.30428|1.3046|1.30365|1.30409|1495
2020.01.16 20:00:00|1.30409|1.30519|1.304|1.30504|1886
2020.01.16 21:00:00|1.30505|1.30509|1.3046|1.3047|1079
2020.01.16 22:00:00|1.30469|1.30469|1.30389|1.30391|1189
2020.01.16 23:00:00|1.30391|1.30437|1.30391|1.30408|903
2020.01.17 00:00:00|1.30411|1.30432|1.3038|1.30398|489
2020.01.17 01:00:00|1.30401|1.30431|1.30401|1.30408|955
2020.01.17 02:00:00|1.30408|1.30425|1.30392|1.30425|613
2020.01.17 03:00:00|1.30424|1.3052|1.30413|1.30465|1562
2020.01.17 04:00:00|1.30459|1.30469|1.30415|1.30469|1194
2020.01.17 05:00:00|1.30468|1.30503|1.30465|1.30481|594
2020.01.17 06:00:00|1.30483|1.30511|1.30479|1.30503|388
2020.01.17 07:00:00|1.30502|1.3051|1.30482|1.30491|528
2020.01.17 08:00:00|1.3049|1.30512|1.30478|1.3048|744
2020.01.17 09:00:00|1.30481|1.30481|1.30351|1.30356|1045
2020.01.17 10:00:00|1.30355|1.30394|1.3033|1.30384|1150
2020.01.17 11:00:00|1.30385|1.30487|1.30382|1.30425|2096
2020.01.17 12:00:00|1.30426|1.30441|1.30405|1.30414|1307
2020.01.17 13:00:00|1.30415|1.30499|1.30398|1.30469|1404
2020.01.17 14:00:00|1.30469|1.30576|1.30441|1.30511|1806
2020.01.17 15:00:00|1.3051|1.30577|1.3046|1.30491|2973
2020.01.17 16:00:00|1.30489|1.30601|1.30396|1.30563|3631
2020.01.17 17:00:00|1.30563|1.3067|1.30546|1.30578|4065
2020.01.17 18:00:00|1.30579|1.30745|1.30575|1.30738|2421
2020.01.17 19:00:00|1.30739|1.30739|1.30637|1.30661|1403
2020.01.17 20:00:00|1.3066|1.30678|1.306|1.30631|1696
2020.01.17 21:00:00|1.3063|1.30675|1.3061|1.30636|1208
2020.01.17 22:00:00|1.30637|1.30673|1.30611|1.3067|1307
2020.01.17 23:00:00|1.30672|1.30731|1.30644|1.30649|1775
2020.01.20 00:00:00|1.30566|1.30649|1.30566|1.30634|519
2020.01.20 01:00:00|1.30633|1.30683|1.30621|1.30642|1598
2020.01.20 02:00:00|1.30642|1.30677|1.30633|1.30676|453
2020.01.20 03:00:00|1.30677|1.30678|1.30638|1.30657|1643
2020.01.20 04:00:00|1.30658|1.30687|1.30654|1.30664|705
2020.01.20 05:00:00|1.30664|1.30669|1.30644|1.30646|754
2020.01.20 06:00:00|1.30647|1.30662|1.30625|1.30631|416
2020.01.20 07:00:00|1.30632|1.30657|1.30622|1.30625|809
2020.01.20 08:00:00|1.30626|1.30626|1.30573|1.30575|664
2020.01.20 09:00:00|1.30575|1.30662|1.30544|1.30655|995
2020.01.20 10:00:00|1.30656|1.30703|1.30642|1.30686|1368
2020.01.20 11:00:00|1.30685|1.30709|1.30646|1.30649|1134
2020.01.20 12:00:00|1.3065|1.30708|1.30648|1.30704|645
2020.01.20 13:00:00|1.30705|1.30705|1.30652|1.30661|580
2020.01.20 14:00:00|1.3066|1.30714|1.30651|1.30705|865
2020.01.20 15:00:00|1.30706|1.30718|1.30607|1.30623|1420
2020.01.20 16:00:00|1.30625|1.30659|1.30565|1.30573|1143
2020.01.20 17:00:00|1.30571|1.30634|1.30534|1.30569|1997
2020.01.20 18:00:00|1.30569|1.30598|1.30499|1.305|892
2020.01.20 19:00:00|1.30503|1.30507|1.30434|1.30496|801
2020.01.20 20:00:00|1.30497|1.30503|1.30443|1.30479|539
2020.01.20 21:00:00|1.30478|1.30482|1.30434|1.30444|2184
2020.01.20 22:00:00|1.30445|1.30484|1.30434|1.30443|2381
2020.01.20 23:00:00|1.30442|1.30476|1.30429|1.30458|1888
2020.01.21 00:00:00|1.30458|1.30508|1.30424|1.30459|128
2020.01.21 01:00:00|1.30459|1.3047|1.30435|1.30451|354
2020.01.21 02:00:00|1.30452|1.30507|1.30443|1.30501|436
2020.01.21 03:00:00|1.305|1.30566|1.30483|1.30557|1693
2020.01.21 04:00:00|1.30556|1.30612|1.30553|1.3058|1223
2020.01.21 05:00:00|1.3058|1.30585|1.30534|1.30548|785
2020.01.21 06:00:00|1.30549|1.3057|1.30545|1.30557|589
2020.01.21 07:00:00|1.30558|1.30607|1.30556|1.30593|402
2020.01.21 08:00:00|1.30592|1.30654|1.30591|1.30649|930
2020.01.21 09:00:00|1.30652|1.30686|1.30638|1.30684|1290
2020.01.21 10:00:00|1.30684|1.30761|1.30681|1.3076|1777
2020.01.21 11:00:00|1.30759|1.30769|1.30704|1.30706|1287
2020.01.21 12:00:00|1.30705|1.30712|1.30638|1.30658|1357
2020.01.21 13:00:00|1.30659|1.30685|1.3063|1.3065|1101
2020.01.21 14:00:00|1.30651|1.30651|1.30569|1.30611|1274
2020.01.21 15:00:00|1.3061|1.30666|1.30561|1.3064|2791
2020.01.21 16:00:00|1.30638|1.30641|1.30511|1.30567|3008
2020.01.21 17:00:00|1.3057|1.30733|1.30555|1.30632|2947
2020.01.21 18:00:00|1.30634|1.30731|1.30632|1.30684|1969
2020.01.21 19:00:00|1.30683|1.30714|1.30656|1.30685|1357
2020.01.21 20:00:00|1.30687|1.30705|1.30638|1.30705|1522
2020.01.21 21:00:00|1.30704|1.30759|1.30689|1.30702|2075
2020.01.21 22:00:00|1.30701|1.30789|1.30688|1.30779|1598
2020.01.21 23:00:00|1.3078|1.30792|1.30681|1.30701|1115
2020.01.22 00:00:00|1.30701|1.30733|1.30689|1.30724|471
2020.01.22 01:00:00|1.30724|1.30738|1.30701|1.30735|433
2020.01.22 02:00:00|1.30736|1.3084|1.30715|1.30839|927
2020.01.22 03:00:00|1.30841|1.30914|1.30824|1.30888|1207
2020.01.22 04:00:00|1.30889|1.30908|1.30848|1.30851|1674
2020.01.22 05:00:00|1.30852|1.30861|1.30809|1.30847|1237
2020.01.22 06:00:00|1.30847|1.30849|1.30821|1.30838|301
2020.01.22 07:00:00|1.30837|1.30848|1.30793|1.30802|527
2020.01.22 08:00:00|1.30802|1.30817|1.30789|1.30791|639
2020.01.22 09:00:00|1.30793|1.30835|1.30757|1.30773|871
2020.01.22 10:00:00|1.30773|1.30821|1.3074|1.30749|1093
2020.01.22 11:00:00|1.3075|1.30778|1.30654|1.30663|1132
2020.01.22 12:00:00|1.30661|1.30666|1.30635|1.30649|943
2020.01.22 13:00:00|1.30648|1.30662|1.30612|1.30613|1172
2020.01.22 14:00:00|1.30616|1.3062|1.3054|1.30545|1410
2020.01.22 15:00:00|1.30546|1.30557|1.30352|1.30463|4613
2020.01.22 16:00:00|1.30465|1.30584|1.3044|1.30553|2969
2020.01.22 17:00:00|1.30552|1.31399|1.30552|1.31179|11569
2020.01.22 18:00:00|1.3118|1.31375|1.30969|1.31348|9423
2020.01.22 19:00:00|1.31346|1.31517|1.31306|1.31507|3439
2020.01.22 20:00:00|1.31507|1.31519|1.31407|1.31458|1604
2020.01.22 21:00:00|1.31458|1.31493|1.31413|1.31423|1170
2020.01.22 22:00:00|1.31425|1.31425|1.31348|1.31387|1871
2020.01.22 23:00:00|1.31382|1.31406|1.31311|1.31347|1582
2020.01.23 00:00:00|1.31344|1.31361|1.31325|1.31347|372
2020.01.23 01:00:00|1.31347|1.3142|1.31346|1.31417|763
2020.01.23 02:00:00|1.31416|1.31558|1.31408|1.31536|2399
2020.01.23 03:00:00|1.31534|1.31607|1.3153|1.31536|1800
2020.01.23 04:00:00|1.31534|1.31572|1.3153|1.31572|841
2020.01.23 05:00:00|1.31573|1.31628|1.31567|1.31627|775
2020.01.23 06:00:00|1.31627|1.31688|1.31627|1.3164|767
2020.01.23 07:00:00|1.31641|1.31678|1.31638|1.3166|1075
2020.01.23 08:00:00|1.31659|1.31709|1.31621|1.31621|768
2020.01.23 09:00:00|1.31622|1.31626|1.31549|1.31583|1996
2020.01.23 10:00:00|1.31585|1.31644|1.31563|1.316|1941
2020.01.23 11:00:00|1.31599|1.31634|1.31589|1.31617|1112
2020.01.23 12:00:00|1.3162|1.3166|1.3161|1.31622|740
2020.01.23 13:00:00|1.31622|1.31623|1.31508|1.31544|1283
2020.01.23 14:00:00|1.31543|1.31635|1.31516|1.31595|1569
2020.01.23 15:00:00|1.31594|1.3166|1.31521|1.31598|3998
2020.01.23 16:00:00|1.31599|1.31659|1.31425|1.31446|5604
2020.01.23 17:00:00|1.31445|1.31553|1.31415|1.31469|4723
2020.01.23 18:00:00|1.31468|1.31541|1.31428|1.3144|3065
2020.01.23 19:00:00|1.31438|1.31445|1.31339|1.31366|1721
2020.01.23 20:00:00|1.31367|1.31384|1.3131|1.31355|1471
2020.01.23 21:00:00|1.31354|1.31361|1.31262|1.3127|1633
2020.01.23 22:00:00|1.31271|1.31303|1.31235|1.31303|1465
2020.01.23 23:00:00|1.31302|1.31303|1.31245|1.31269|1330
2020.01.24 00:00:00|1.31262|1.313|1.31242|1.31255|419
2020.01.24 01:00:00|1.31255|1.31293|1.3124|1.31272|537
2020.01.24 02:00:00|1.31272|1.3131|1.3127|1.31297|550
2020.01.24 03:00:00|1.31298|1.3131|1.31255|1.31273|664
2020.01.24 04:00:00|1.31274|1.31289|1.31237|1.31238|782
2020.01.24 05:00:00|1.31239|1.31295|1.31238|1.31283|571
2020.01.24 06:00:00|1.31282|1.31287|1.31255|1.31266|388
2020.01.24 07:00:00|1.31267|1.31283|1.31256|1.31273|408
2020.01.24 08:00:00|1.31271|1.31291|1.31236|1.3124|475
2020.01.24 09:00:00|1.3124|1.31305|1.31234|1.31292|744
2020.01.24 10:00:00|1.31293|1.31321|1.3121|1.31233|1870
2020.01.24 11:00:00|1.31236|1.31349|1.312|1.31342|1994
2020.01.24 12:00:00|1.31343|1.31406|1.31343|1.31399|1270
2020.01.24 13:00:00|1.314|1.31417|1.31309|1.31337|1189
2020.01.24 14:00:00|1.31337|1.31399|1.31337|1.31376|977
2020.01.24 15:00:00|1.31376|1.31376|1.31172|1.31244|3580
2020.01.24 16:00:00|1.31245|1.31417|1.31235|1.31379|4240
2020.01.24 17:00:00|1.31377|1.31397|1.3124|1.31371|5659
2020.01.24 18:00:00|1.31372|1.31504|1.31372|1.31465|3324
2020.01.24 19:00:00|1.31464|1.31517|1.31411|1.31412|2366
2020.01.24 20:00:00|1.31413|1.31467|1.31396|1.31432|2161
2020.01.24 21:00:00|1.31433|1.31524|1.31387|1.31414|2339
2020.01.24 22:00:00|1.31415|1.31451|1.31383|1.3141|2634
2020.01.24 23:00:00|1.31413|1.31493|1.31393|1.31393|1491
2020.01.27 00:00:00|1.31492|1.31546|1.31488|1.31497|387
2020.01.27 01:00:00|1.31497|1.31619|1.3149|1.31611|3143
2020.01.27 02:00:00|1.3161|1.31621|1.31473|1.31494|1609
2020.01.27 03:00:00|1.31492|1.31578|1.31492|1.31569|479
2020.01.27 04:00:00|1.31568|1.31629|1.31568|1.31628|830
2020.01.27 05:00:00|1.31626|1.31628|1.31577|1.31585|425
2020.01.27 06:00:00|1.31585|1.31594|1.3157|1.31593|287
2020.01.27 07:00:00|1.31593|1.31612|1.31578|1.31583|620
2020.01.27 08:00:00|1.31584|1.3164|1.31583|1.31626|694
2020.01.27 09:00:00|1.31624|1.31723|1.31624|1.31718|1381
2020.01.27 10:00:00|1.31721|1.31804|1.31693|1.31787|1794
2020.01.27 11:00:00|1.31785|1.31854|1.31779|1.31823|2629
2020.01.27 12:00:00|1.31825|1.31903|1.31819|1.31834|2010
2020.01.27 13:00:00|1.31833|1.31877|1.31758|1.31766|1867
2020.01.27 14:00:00|1.31767|1.31855|1.31748|1.31836|1819
2020.01.27 15:00:00|1.31836|1.31901|1.31788|1.31795|3130
2020.01.27 16:00:00|1.31795|1.31991|1.3176|1.31846|5453
2020.01.27 17:00:00|1.31844|1.31943|1.31774|1.31776|5586
2020.01.27 18:00:00|1.31778|1.3185|1.31751|1.31768|3140
2020.01.27 19:00:00|1.31766|1.3182|1.31725|1.3177|2279
2020.01.27 20:00:00|1.31768|1.31804|1.31746|1.3178|1316
2020.01.27 21:00:00|1.31783|1.31817|1.31771|1.31814|1702
2020.01.27 22:00:00|1.31815|1.3187|1.318|1.31867|2009
2020.01.27 23:00:00|1.31865|1.31935|1.31846|1.31934|1067
2020.01.28 00:00:00|1.31932|1.31941|1.31874|1.3192|696
2020.01.28 01:00:00|1.31918|1.31936|1.31873|1.31875|1387
2020.01.28 02:00:00|1.31876|1.31906|1.31871|1.31884|1086
2020.01.28 03:00:00|1.31883|1.31892|1.31831|1.31886|910
2020.01.28 04:00:00|1.31887|1.31914|1.31874|1.31877|1127
2020.01.28 05:00:00|1.31879|1.31898|1.31874|1.31879|754
2020.01.28 06:00:00|1.31879|1.3188|1.31846|1.31851|525
2020.01.28 07:00:00|1.31851|1.31866|1.31813|1.31816|629
2020.01.28 08:00:00|1.31817|1.31846|1.31795|1.31825|856
2020.01.28 09:00:00|1.31824|1.31886|1.31816|1.31868|1153
2020.01.28 10:00:00|1.31871|1.32017|1.31868|1.31981|1710
2020.01.28 11:00:00|1.31982|1.3204|1.31971|1.31979|2036
2020.01.28 12:00:00|1.31978|1.32016|1.31969|1.32007|1323
2020.01.28 13:00:00|1.32006|1.32051|1.31929|1.31945|1252
2020.01.28 14:00:00|1.31946|1.3199|1.31875|1.31882|2190
2020.01.28 15:00:00|1.31881|1.31952|1.31872|1.31898|2630
2020.01.28 16:00:00|1.31899|1.32023|1.31787|1.31825|3537
2020.01.28 17:00:00|1.31825|1.31857|1.31732|1.31815|4098
2020.01.28 18:00:00|1.3182|1.31822|1.31708|1.31742|2464
2020.01.28 19:00:00|1.31743|1.31816|1.31741|1.31777|1676
2020.01.28 20:00:00|1.31776|1.31806|1.31737|1.31745|1573
2020.01.28 21:00:00|1.31744|1.31745|1.31661|1.3169|1732
2020.01.28 22:00:00|1.31691|1.31699|1.31642|1.31649|1491
2020.01.28 23:00:00|1.31648|1.31656|1.31539|1.31546|1430
2020.01.29 00:00:00|1.31546|1.31593|1.31544|1.31588|609
2020.01.29 01:00:00|1.31586|1.31644|1.31584|1.31634|1022
2020.01.29 02:00:00|1.31635|1.3164|1.31592|1.31635|1075
2020.01.29 03:00:00|1.31635|1.31647|1.31606|1.31639|1629
2020.01.29 04:00:00|1.31638|1.31645|1.31611|1.31631|1016
2020.01.29 05:00:00|1.31632|1.31636|1.31586|1.31586|837
2020.01.29 06:00:00|1.31586|1.31624|1.31581|1.31619|600
2020.01.29 07:00:00|1.31618|1.31634|1.31614|1.31623|681
2020.01.29 08:00:00|1.31624|1.31628|1.31597|1.31605|580
2020.01.29 09:00:00|1.31603|1.31709|1.316|1.31706|1274
2020.01.29 10:00:00|1.31701|1.3174|1.31641|1.31677|1780
2020.01.29 11:00:00|1.31678|1.31754|1.31673|1.31723|1652
2020.01.29 12:00:00|1.31724|1.31779|1.31703|1.31747|1201
2020.01.29 13:00:00|1.31746|1.31827|1.31739|1.31786|1013
2020.01.29 14:00:00|1.31787|1.31818|1.31733|1.31808|1155
2020.01.29 15:00:00|1.31808|1.31895|1.31753|1.31883|2180
2020.01.29 16:00:00|1.31884|1.31945|1.3184|1.31914|2383
2020.01.29 17:00:00|1.31913|1.32072|1.31897|1.32047|3603
2020.01.29 18:00:00|1.32047|1.32075|1.31983|1.32007|2341
2020.01.29 19:00:00|1.32006|1.32046|1.31991|1.31995|1405
2020.01.29 20:00:00|1.31996|1.32067|1.31982|1.32044|1225
2020.01.29 21:00:00|1.32045|1.3209|1.31906|1.31919|2206
2020.01.29 22:00:00|1.31922|1.32037|1.31899|1.32032|2144
2020.01.29 23:00:00|1.3203|1.32069|1.31959|1.31979|1784
2020.01.30 00:00:00|1.31981|1.31993|1.31874|1.31991|595
2020.01.30 01:00:00|1.31991|1.31998|1.31956|1.31977|515
2020.01.30 02:00:00|1.31976|1.3204|1.31971|1.32007|1028
2020.01.30 03:00:00|1.32008|1.32024|1.31977|1.31995|1080
2020.01.30 04:00:00|1.31996|1.32044|1.31995|1.32034|911
2020.01.30 05:00:00|1.32035|1.3205|1.32002|1.32004|769
2020.01.30 06:00:00|1.32005|1.32033|1.32003|1.32017|665
2020.01.30 07:00:00|1.32019|1.32032|1.32003|1.32027|757
2020.01.30 08:00:00|1.32028|1.32085|1.32019|1.32059|743
2020.01.30 09:00:00|1.32062|1.32237|1.32056|1.32187|2295
2020.01.30 10:00:00|1.32191|1.32228|1.3215|1.32162|2410
2020.01.30 11:00:00|1.32163|1.32192|1.32118|1.32168|1615
2020.01.30 12:00:00|1.32165|1.3223|1.32146|1.32197|1366
2020.01.30 13:00:00|1.32196|1.32245|1.32186|1.32206|1008
2020.01.30 14:00:00|1.32204|1.32229|1.32154|1.32217|2410
2020.01.30 15:00:00|1.32214|1.32214|1.3206|1.32093|3619
2020.01.30 16:00:00|1.32093|1.32208|1.3209|1.32141|4186
2020.01.30 17:00:00|1.32141|1.32245|1.32139|1.32229|3738
2020.01.30 18:00:00|1.32228|1.32259|1.32126|1.3216|2383
2020.01.30 19:00:00|1.32161|1.32195|1.32146|1.32184|2896
2020.01.30 20:00:00|1.32183|1.3225|1.32174|1.32197|1733
2020.01.30 21:00:00|1.32196|1.32205|1.32113|1.32177|4265
2020.01.30 22:00:00|1.32184|1.32188|1.31907|1.31917|4690
2020.01.30 23:00:00|1.31918|1.32098|1.31897|1.32081|2959
2020.01.31 00:00:00|1.3208|1.32089|1.31951|1.32062|579
2020.01.31 01:00:00|1.32063|1.32128|1.32063|1.32117|833
2020.01.31 02:00:00|1.32117|1.32124|1.31986|1.31986|894
2020.01.31 03:00:00|1.31988|1.32041|1.31945|1.32036|1498
2020.01.31 04:00:00|1.32035|1.32054|1.31993|1.32053|1114
2020.01.31 05:00:00|1.32051|1.3207|1.3204|1.32048|660
2020.01.31 06:00:00|1.32047|1.32068|1.32026|1.32027|545
2020.01.31 07:00:00|1.32028|1.32075|1.32011|1.32075|525
2020.01.31 08:00:00|1.32076|1.32142|1.32076|1.32134|519
2020.01.31 09:00:00|1.32133|1.32172|1.3211|1.32147|1436
2020.01.31 10:00:00|1.32149|1.3225|1.32148|1.32249|2003
2020.01.31 11:00:00|1.32249|1.32333|1.32216|1.32299|1628
2020.01.31 12:00:00|1.32298|1.32443|1.32297|1.32397|1978
2020.01.31 13:00:00|1.32396|1.32406|1.32304|1.3235|1514
2020.01.31 14:00:00|1.32347|1.32366|1.32248|1.32307|1929
2020.01.31 15:00:00|1.32306|1.32407|1.32207|1.32221|3787
2020.01.31 16:00:00|1.32218|1.32339|1.32185|1.32226|4829
2020.01.31 17:00:00|1.32227|1.32368|1.32223|1.32249|5653
2020.01.31 18:00:00|1.32252|1.32347|1.32194|1.32205|5730
2020.01.31 19:00:00|1.32206|1.32386|1.32178|1.32333|3978
2020.01.31 20:00:00|1.3233|1.32527|1.32318|1.3246|3377
2020.01.31 21:00:00|1.32459|1.32464|1.32295|1.32321|4064
2020.01.31 22:00:00|1.3232|1.32384|1.32309|1.32344|4303
2020.01.31 23:00:00|1.32343|1.32372|1.32261|1.32361|2533
2020.02.03 00:00:00|1.32347|1.32371|1.32331|1.3237|294
2020.02.03 01:00:00|1.32369|1.3244|1.32369|1.32409|1801
2020.02.03 02:00:00|1.3241|1.32456|1.32398|1.32431|1397
2020.02.03 03:00:00|1.32429|1.32485|1.32375|1.32386|2295
2020.02.03 04:00:00|1.32387|1.32489|1.32376|1.32451|2318
2020.02.03 05:00:00|1.32452|1.32462|1.32409|1.32417|857
2020.02.03 06:00:00|1.32416|1.32434|1.32406|1.32429|675
2020.02.03 07:00:00|1.3243|1.32433|1.32381|1.32407|753
2020.02.03 08:00:00|1.32406|1.32442|1.32393|1.3241|676
2020.02.03 09:00:00|1.32413|1.32431|1.32349|1.32376|1745
2020.02.03 10:00:00|1.32375|1.32487|1.32356|1.32437|2689
2020.02.03 11:00:00|1.32436|1.32549|1.32433|1.32461|1932
2020.02.03 12:00:00|1.3246|1.32481|1.32385|1.32437|1885
2020.02.03 13:00:00|1.32438|1.32438|1.32362|1.32389|1821
2020.02.03 14:00:00|1.32388|1.32407|1.32313|1.32375|1347
2020.02.03 15:00:00|1.32376|1.32464|1.32327|1.32424|2252
2020.02.03 16:00:00|1.32424|1.3248|1.32362|1.32381|2969
2020.02.03 17:00:00|1.32383|1.32702|1.3234|1.32636|5834
2020.02.03 18:00:00|1.32635|1.33029|1.3261|1.32953|5212
2020.02.03 19:00:00|1.32952|1.32975|1.32839|1.32844|2939
2020.02.03 20:00:00|1.32845|1.3299|1.32801|1.32957|2179
2020.02.03 21:00:00|1.32956|1.33009|1.32922|1.32948|1918
2020.02.03 22:00:00|1.32951|1.32988|1.32929|1.32977|1639
2020.02.03 23:00:00|1.32979|1.32984|1.32843|1.32853|1239
2020.02.04 00:00:00|1.32846|1.3293|1.32846|1.32908|638
2020.02.04 01:00:00|1.32908|1.32958|1.32905|1.32946|1362
2020.02.04 02:00:00|1.32947|1.32977|1.32929|1.32956|898
2020.02.04 03:00:00|1.32955|1.33011|1.3289|1.3291|2425
2020.02.04 04:00:00|1.32911|1.32934|1.32887|1.3291|1215
2020.02.04 05:00:00|1.32912|1.32994|1.32862|1.32896|1689
2020.02.04 06:00:00|1.32896|1.32923|1.32873|1.32898|966
2020.02.04 07:00:00|1.32896|1.32918|1.32865|1.32911|857
2020.02.04 08:00:00|1.32909|1.32934|1.32863|1.32871|1072
2020.02.04 09:00:00|1.32874|1.32902|1.32848|1.32849|1690
2020.02.04 10:00:00|1.32848|1.32873|1.32706|1.3273|2207
2020.02.04 11:00:00|1.32731|1.32752|1.32664|1.32741|1904
2020.02.04 12:00:00|1.32739|1.32815|1.32735|1.32812|1383
2020.02.04 13:00:00|1.32813|1.32822|1.3274|1.32776|1610
2020.02.04 14:00:00|1.32777|1.3281|1.32717|1.32797|1380
2020.02.04 15:00:00|1.32799|1.32863|1.3276|1.32833|2233
2020.02.04 16:00:00|1.32834|1.32866|1.32736|1.32761|2769
2020.02.04 17:00:00|1.32762|1.32898|1.32733|1.32799|3435
2020.02.04 18:00:00|1.32798|1.32799|1.32629|1.32659|3483
2020.02.04 19:00:00|1.3266|1.32762|1.32651|1.32749|1898
2020.02.04 20:00:00|1.32747|1.32811|1.32731|1.32775|1390
2020.02.04 21:00:00|1.32774|1.32863|1.32732|1.32852|1477
2020.02.04 22:00:00|1.32855|1.3286|1.32787|1.328|1240
2020.02.04 23:00:00|1.32802|1.32827|1.32753|1.32759|1684
2020.02.05 00:00:00|1.32752|1.32786|1.32751|1.32766|189
2020.02.05 01:00:00|1.32764|1.32833|1.32764|1.32826|614
2020.02.05 02:00:00|1.32825|1.32855|1.32796|1.32835|714
2020.02.05 03:00:00|1.32837|1.32896|1.32829|1.32834|1420
2020.02.05 04:00:00|1.32835|1.32919|1.32835|1.32918|1423
2020.02.05 05:00:00|1.32916|1.32941|1.32897|1.32905|819
2020.02.05 06:00:00|1.32907|1.32931|1.32879|1.32887|609
2020.02.05 07:00:00|1.32887|1.32919|1.32886|1.32918|577
2020.02.05 08:00:00|1.32918|1.32928|1.32884|1.32927|638
2020.02.05 09:00:00|1.32928|1.32979|1.32887|1.32945|1547
2020.02.05 10:00:00|1.32946|1.32987|1.32735|1.32747|4658
2020.02.05 11:00:00|1.32748|1.32765|1.32622|1.32672|3371
2020.02.05 12:00:00|1.32674|1.32751|1.32657|1.32741|1877
2020.02.05 13:00:00|1.32743|1.32846|1.3267|1.32797|3041
2020.02.05 14:00:00|1.32798|1.32843|1.32707|1.32787|2532
2020.02.05 15:00:00|1.32784|1.32884|1.32752|1.32848|4047
2020.02.05 16:00:00|1.32849|1.33021|1.3279|1.32988|4538
2020.02.05 17:00:00|1.32987|1.32997|1.32829|1.32928|5415
2020.02.05 18:00:00|1.32926|1.32981|1.32894|1.32936|2792
2020.02.05 19:00:00|1.32935|1.32944|1.32719|1.3277|2598
2020.02.05 20:00:00|1.32771|1.32866|1.3276|1.3282|1447
2020.02.05 21:00:00|1.32819|1.32945|1.32819|1.32931|1771
2020.02.05 22:00:00|1.32929|1.32938|1.329|1.329|1270
2020.02.05 23:00:00|1.32901|1.32912|1.3279|1.32814|1088
2020.02.06 00:00:00|1.32814|1.32852|1.32801|1.32827|532
2020.02.06 01:00:00|1.32827|1.32856|1.3281|1.32856|414
2020.02.06 02:00:00|1.32858|1.32874|1.32828|1.32858|731
2020.02.06 03:00:00|1.32858|1.3286|1.32793|1.32828|1470
2020.02.06 04:00:00|1.32829|1.32862|1.32816|1.32853|697
2020.02.06 05:00:00|1.32854|1.32867|1.32816|1.32862|521
2020.02.06 06:00:00|1.32862|1.32864|1.32812|1.32825|716
2020.02.06 07:00:00|1.32826|1.32835|1.32798|1.32808|771
2020.02.06 08:00:00|1.32809|1.3284|1.32806|1.32838|657
2020.02.06 09:00:00|1.32838|1.32855|1.32754|1.32776|1612
2020.02.06 10:00:00|1.32778|1.32846|1.3275|1.32766|2215
2020.02.06 11:00:00|1.32765|1.32857|1.32753|1.32835|2155
2020.02.06 12:00:00|1.32835|1.32856|1.32752|1.32836|1836
2020.02.06 13:00:00|1.32838|1.32846|1.32744|1.32754|1766
2020.02.06 14:00:00|1.32752|1.32777|1.32697|1.32768|1642
2020.02.06 15:00:00|1.32767|1.32879|1.32764|1.32818|2654
2020.02.06 16:00:00|1.32818|1.32971|1.32799|1.32921|3953
2020.02.06 17:00:00|1.32922|1.33085|1.32909|1.32959|5126
2020.02.06 18:00:00|1.3296|1.32989|1.32848|1.32935|3236
2020.02.06 19:00:00|1.32934|1.32937|1.32874|1.32884|1224
2020.02.06 20:00:00|1.32886|1.32923|1.32864|1.32895|1273
2020.02.06 21:00:00|1.32893|1.32913|1.32831|1.3291|1530
2020.02.06 22:00:00|1.32909|1.32928|1.32838|1.32927|1362
2020.02.06 23:00:00|1.32927|1.32929|1.32821|1.32829|1091
2020.02.07 00:00:00|1.32833|1.32858|1.32826|1.32854|160
2020.02.07 01:00:00|1.32854|1.3287|1.32848|1.32868|467
2020.02.07 02:00:00|1.32869|1.32939|1.32864|1.32906|900
2020.02.07 03:00:00|1.32907|1.32935|1.32864|1.32868|2996
2020.02.07 04:00:00|1.32867|1.32916|1.32857|1.32885|2900
2020.02.07 05:00:00|1.32884|1.32888|1.32847|1.3286|1847
2020.02.07 06:00:00|1.32859|1.32918|1.32856|1.32904|1521
2020.02.07 07:00:00|1.32904|1.32925|1.32898|1.32925|1903
2020.02.07 08:00:00|1.32924|1.32943|1.32888|1.32912|2354
2020.02.07 09:00:00|1.32911|1.3301|1.32902|1.33008|2879
2020.02.07 10:00:00|1.33006|1.3309|1.32997|1.33076|3079
2020.02.07 11:00:00|1.33072|1.33109|1.33033|1.33095|1965
2020.02.07 12:00:00|1.33094|1.33126|1.33077|1.33098|1683
2020.02.07 13:00:00|1.33099|1.33127|1.3303|1.33053|1741
2020.02.07 14:00:00|1.33052|1.33204|1.33048|1.33135|1830
2020.02.07 15:00:00|1.33135|1.3318|1.32777|1.33107|7959
2020.02.07 16:00:00|1.33105|1.33178|1.33069|1.33136|5592
2020.02.07 17:00:00|1.33135|1.33171|1.33002|1.33039|4755
2020.02.07 18:00:00|1.33037|1.33112|1.33025|1.33037|2801
2020.02.07 19:00:00|1.33037|1.33085|1.33027|1.33031|1417
2020.02.07 20:00:00|1.3303|1.33041|1.32946|1.33013|1946
2020.02.07 21:00:00|1.33011|1.33054|1.32959|1.32983|1390
2020.02.07 22:00:00|1.32982|1.33032|1.32978|1.33012|1264
2020.02.07 23:00:00|1.33012|1.33074|1.32996|1.33065|1568
2020.02.10 00:00:00|1.33014|1.33055|1.32997|1.33046|258
2020.02.10 01:00:00|1.33046|1.33112|1.33044|1.33112|1310
2020.02.10 02:00:00|1.3311|1.33122|1.33027|1.33054|1381
2020.02.10 03:00:00|1.33054|1.33089|1.33027|1.33068|2068
2020.02.10 04:00:00|1.33068|1.33068|1.32916|1.32917|1608
2020.02.10 05:00:00|1.32917|1.3297|1.32898|1.32953|981
2020.02.10 06:00:00|1.32954|1.32963|1.32922|1.32933|554
2020.02.10 07:00:00|1.32932|1.32933|1.32888|1.32901|673
2020.02.10 08:00:00|1.32904|1.32938|1.3289|1.32918|837
2020.02.10 09:00:00|1.32918|1.32993|1.32877|1.32955|2414
2020.02.10 10:00:00|1.32956|1.33028|1.32893|1.32969|3927
2020.02.10 11:00:00|1.32968|1.32977|1.32909|1.32932|2967
2020.02.10 12:00:00|1.32934|1.32973|1.32879|1.32933|2564
2020.02.10 13:00:00|1.32931|1.32951|1.32878|1.32928|2374
2020.02.10 14:00:00|1.32927|1.33079|1.32903|1.33078|1838
2020.02.10 15:00:00|1.33077|1.33252|1.33073|1.33232|3150
2020.02.10 16:00:00|1.33233|1.33287|1.33148|1.33162|3284
2020.02.10 17:00:00|1.33163|1.33221|1.33118|1.33187|3963
2020.02.10 18:00:00|1.33184|1.33261|1.33163|1.33229|2269
2020.02.10 19:00:00|1.3323|1.33262|1.33221|1.33226|1633
2020.02.10 20:00:00|1.33227|1.33235|1.33179|1.33195|1066
2020.02.10 21:00:00|1.33194|1.33198|1.33158|1.33176|1043
2020.02.10 22:00:00|1.33175|1.3319|1.33147|1.33187|1093
2020.02.10 23:00:00|1.33185|1.332|1.33157|1.3316|695
2020.02.11 00:00:00|1.33158|1.3318|1.33149|1.33161|189
2020.02.11 01:00:00|1.3316|1.33186|1.3316|1.33176|547
2020.02.11 02:00:00|1.33175|1.33196|1.33132|1.33156|753
2020.02.11 03:00:00|1.33156|1.33157|1.33075|1.33085|1316
2020.02.11 04:00:00|1.33087|1.33112|1.33029|1.33056|748
2020.02.11 05:00:00|1.33057|1.33066|1.33006|1.33019|664
2020.02.11 06:00:00|1.3302|1.33049|1.32995|1.33018|573
2020.02.11 07:00:00|1.33019|1.33051|1.32965|1.32966|590
2020.02.11 08:00:00|1.32967|1.32984|1.32943|1.32967|648
2020.02.11 09:00:00|1.32966|1.32998|1.32886|1.32928|1673
2020.02.11 10:00:00|1.32929|1.32988|1.32905|1.32936|1879
2020.02.11 11:00:00|1.32937|1.33004|1.32923|1.32944|1833
2020.02.11 12:00:00|1.32943|1.32997|1.3293|1.32941|1110
2020.02.11 13:00:00|1.32942|1.32957|1.32875|1.32888|1210
2020.02.11 14:00:00|1.32887|1.3295|1.32877|1.32927|1610
2020.02.11 15:00:00|1.32926|1.33138|1.32912|1.32994|2844
2020.02.11 16:00:00|1.32995|1.33015|1.32825|1.32847|3845
2020.02.11 17:00:00|1.32846|1.32891|1.32757|1.32886|3560
2020.02.11 18:00:00|1.32884|1.33027|1.32841|1.32993|2345
2020.02.11 19:00:00|1.3299|1.33003|1.32888|1.32917|1655
2020.02.11 20:00:00|1.32916|1.32932|1.3287|1.32906|1035
2020.02.11 21:00:00|1.32907|1.32921|1.32864|1.329|1546
2020.02.11 22:00:00|1.32901|1.32941|1.32878|1.3288|1117
2020.02.11 23:00:00|1.32882|1.32911|1.32852|1.32852|953
2020.02.12 00:00:00|1.32854|1.32898|1.32845|1.3286|1090
2020.02.12 01:00:00|1.3286|1.32905|1.32851|1.32902|487
2020.02.12 02:00:00|1.32903|1.32952|1.32881|1.3294|781
2020.02.12 03:00:00|1.32937|1.32937|1.32822|1.32825|1638
2020.02.12 04:00:00|1.32824|1.32854|1.32799|1.32809|1096
2020.02.12 05:00:00|1.3281|1.32815|1.32779|1.32811|729
2020.02.12 06:00:00|1.32812|1.32818|1.32795|1.32815|506
2020.02.12 07:00:00|1.32815|1.32818|1.32767|1.32787|755
2020.02.12 08:00:00|1.32787|1.32839|1.32785|1.32829|879
2020.02.12 09:00:00|1.32829|1.32854|1.32719|1.32721|2001
2020.02.12 10:00:00|1.32722|1.32739|1.32643|1.32662|2852
2020.02.12 11:00:00|1.32664|1.32761|1.32664|1.32708|1707
2020.02.12 12:00:00|1.32707|1.32741|1.32673|1.32703|1342
2020.02.12 13:00:00|1.32705|1.32726|1.32668|1.32697|1248
2020.02.12 14:00:00|1.32696|1.32721|1.32582|1.32593|1423
2020.02.12 15:00:00|1.32592|1.3264|1.32576|1.32638|1905
2020.02.12 16:00:00|1.32637|1.32696|1.32522|1.32528|3023
2020.02.12 17:00:00|1.32526|1.3262|1.32524|1.32591|4504
2020.02.12 18:00:00|1.32593|1.32613|1.32415|1.32422|2553
2020.02.12 19:00:00|1.32423|1.32468|1.32347|1.32449|2208
2020.02.12 20:00:00|1.3245|1.32468|1.32418|1.32457|989
2020.02.12 21:00:00|1.32458|1.3262|1.32436|1.32594|1444
2020.02.12 22:00:00|1.32595|1.32637|1.32523|1.32525|1182
2020.02.12 23:00:00|1.32522|1.32554|1.32483|1.32487|1328
2020.02.13 00:00:00|1.32487|1.32551|1.32469|1.32503|665
2020.02.13 01:00:00|1.32504|1.32612|1.325|1.32557|1947
2020.02.13 02:00:00|1.32556|1.32569|1.32474|1.32555|2315
2020.02.13 03:00:00|1.32552|1.32556|1.324|1.32436|2041
2020.02.13 04:00:00|1.32437|1.32475|1.32418|1.32474|1005
2020.02.13 05:00:00|1.32474|1.32492|1.32468|1.3248|673
2020.02.13 06:00:00|1.3248|1.32508|1.32461|1.325|705
2020.02.13 07:00:00|1.32499|1.3254|1.3248|1.32505|949
2020.02.13 08:00:00|1.32505|1.32587|1.32501|1.32567|1002
2020.02.13 09:00:00|1.32568|1.32641|1.32552|1.32587|1966
2020.02.13 10:00:00|1.32587|1.32598|1.32466|1.32485|1975
2020.02.13 11:00:00|1.32486|1.326|1.32476|1.32581|1672
2020.02.13 12:00:00|1.32581|1.32649|1.32551|1.32584|1924
2020.02.13 13:00:00|1.32584|1.32707|1.32581|1.32677|2595
2020.02.13 14:00:00|1.32676|1.32681|1.32556|1.32596|2562
2020.02.13 15:00:00|1.32597|1.32612|1.32461|1.32527|2475
2020.02.13 16:00:00|1.32527|1.3254|1.32396|1.32479|4573
2020.02.13 17:00:00|1.32477|1.32575|1.32416|1.32549|4671
2020.02.13 18:00:00|1.32549|1.32628|1.32508|1.3255|2573
2020.02.13 19:00:00|1.3255|1.32596|1.32528|1.3257|1378
2020.02.13 20:00:00|1.32569|1.32603|1.32562|1.32576|1177
2020.02.13 21:00:00|1.32577|1.32607|1.32573|1.3259|712
2020.02.13 22:00:00|1.32592|1.32622|1.3257|1.32618|1078
2020.02.13 23:00:00|1.32618|1.32675|1.32608|1.32664|731
2020.02.14 00:00:00|1.32661|1.32679|1.32636|1.32664|436
2020.02.14 01:00:00|1.32664|1.32674|1.32638|1.32655|723
2020.02.14 02:00:00|1.32654|1.32684|1.32595|1.32598|863
2020.02.14 03:00:00|1.32602|1.3263|1.32585|1.32601|1088
2020.02.14 04:00:00|1.326|1.32617|1.32553|1.32554|1033
2020.02.14 05:00:00|1.32556|1.32599|1.32546|1.32591|930
2020.02.14 06:00:00|1.3259|1.32601|1.32575|1.32598|494
2020.02.14 07:00:00|1.32597|1.32598|1.32571|1.32572|687
2020.02.14 08:00:00|1.32571|1.32574|1.32548|1.3256|622
2020.02.14 09:00:00|1.32559|1.32582|1.32472|1.32482|1351
2020.02.14 10:00:00|1.32483|1.32554|1.32476|1.32538|1307
2020.02.14 11:00:00|1.32539|1.32576|1.32473|1.32479|1631
2020.02.14 12:00:00|1.3248|1.32488|1.32402|1.32405|1174
2020.02.14 13:00:00|1.32404|1.32455|1.32369|1.3245|1222
2020.02.14 14:00:00|1.32449|1.32491|1.32413|1.32414|1255
2020.02.14 15:00:00|1.32416|1.32506|1.32351|1.3237|3056
2020.02.14 16:00:00|1.3237|1.32538|1.32362|1.325|2708
2020.02.14 17:00:00|1.32499|1.32579|1.32494|1.3257|2979
2020.02.14 18:00:00|1.32569|1.32596|1.32468|1.32508|2040
2020.02.14 19:00:00|1.32509|1.32553|1.32487|1.32498|1269
2020.02.14 20:00:00|1.32501|1.3251|1.32459|1.32461|937
2020.02.14 21:00:00|1.32462|1.32525|1.32417|1.32514|1579
2020.02.14 22:00:00|1.32514|1.32549|1.32485|1.32487|1018
2020.02.14 23:00:00|1.32486|1.32562|1.32467|1.32492|1755
2020.02.17 00:00:00|1.32461|1.32509|1.32456|1.32456|244
2020.02.17 01:00:00|1.32463|1.32491|1.32441|1.32443|855
2020.02.17 02:00:00|1.32445|1.32497|1.32445|1.32482|831
2020.02.17 03:00:00|1.32483|1.32497|1.32413|1.32416|1081
2020.02.17 04:00:00|1.32417|1.32432|1.32361|1.32361|973
2020.02.17 05:00:00|1.32362|1.32371|1.32356|1.32364|466
2020.02.17 06:00:00|1.32364|1.32377|1.32362|1.32367|327
2020.02.17 07:00:00|1.32371|1.32374|1.32327|1.32339|565
2020.02.17 08:00:00|1.3234|1.32401|1.32339|1.32399|507
2020.02.17 09:00:00|1.32398|1.32411|1.32371|1.32408|840
2020.02.17 10:00:00|1.32407|1.32455|1.32395|1.32396|1515
2020.02.17 11:00:00|1.32397|1.32399|1.3229|1.32297|1635
2020.02.17 12:00:00|1.32298|1.32305|1.3226|1.3228|820
2020.02.17 13:00:00|1.32281|1.323|1.32245|1.32246|1099
2020.02.17 14:00:00|1.32247|1.32343|1.32245|1.32337|913
2020.02.17 15:00:00|1.32333|1.32336|1.32276|1.32312|943
2020.02.17 16:00:00|1.32312|1.32339|1.32255|1.32323|1250
2020.02.17 17:00:00|1.32323|1.32397|1.32307|1.32389|1238
2020.02.17 18:00:00|1.3239|1.32394|1.32273|1.32276|811
2020.02.17 19:00:00|1.32275|1.32322|1.32255|1.3229|515
2020.02.17 20:00:00|1.32291|1.32331|1.32289|1.32326|965
2020.02.17 21:00:00|1.32326|1.32367|1.32326|1.32349|999
2020.02.17 22:00:00|1.32345|1.32359|1.32311|1.32318|1068
2020.02.17 23:00:00|1.32317|1.32364|1.32308|1.32338|1436
2020.02.18 00:00:00|1.32321|1.32339|1.32291|1.32332|530
2020.02.18 01:00:00|1.3233|1.32369|1.3231|1.32368|673
2020.02.18 02:00:00|1.32367|1.32444|1.32339|1.32442|1210
2020.02.18 03:00:00|1.32443|1.32509|1.32415|1.32478|1359
2020.02.18 04:00:00|1.32479|1.32548|1.32449|1.32514|1098
2020.02.18 05:00:00|1.3251|1.32531|1.32462|1.32471|499
2020.02.18 06:00:00|1.3247|1.3248|1.32451|1.3246|479
2020.02.18 07:00:00|1.32461|1.32475|1.32448|1.32451|503
2020.02.18 08:00:00|1.32452|1.3248|1.32418|1.3247|573
2020.02.18 09:00:00|1.32469|1.32541|1.32447|1.32535|1808
2020.02.18 10:00:00|1.32534|1.32642|1.32456|1.32637|2645
2020.02.18 11:00:00|1.32636|1.32697|1.32589|1.32649|1402
2020.02.18 12:00:00|1.32645|1.32685|1.32516|1.32588|2242
2020.02.18 13:00:00|1.32587|1.32597|1.32514|1.32582|1455
2020.02.18 14:00:00|1.32581|1.32632|1.32571|1.326|1932
2020.02.18 15:00:00|1.32599|1.32777|1.32594|1.32697|2509
2020.02.18 16:00:00|1.32696|1.32756|1.32577|1.32612|2706
2020.02.18 17:00:00|1.32609|1.32679|1.32514|1.32548|3249
2020.02.18 18:00:00|1.32548|1.32606|1.32501|1.3256|2306
2020.02.18 19:00:00|1.32561|1.32571|1.32496|1.32544|1230
2020.02.18 20:00:00|1.32545|1.32584|1.32508|1.32571|967
2020.02.18 21:00:00|1.32569|1.3258|1.32481|1.32528|1042
2020.02.18 22:00:00|1.32529|1.32583|1.32525|1.3257|854
2020.02.18 23:00:00|1.32571|1.32617|1.32551|1.3259|1047
2020.02.19 00:00:00|1.32591|1.32591|1.32536|1.32549|689
2020.02.19 01:00:00|1.32554|1.32569|1.32526|1.32537|9318
2020.02.19 02:00:00|1.32537|1.32553|1.32517|1.32532|584
2020.02.19 03:00:00|1.32533|1.32555|1.32511|1.3252|773
2020.02.19 04:00:00|1.32521|1.32529|1.3247|1.32487|829
2020.02.19 05:00:00|1.32488|1.32495|1.3244|1.32455|508
2020.02.19 06:00:00|1.32454|1.3247|1.32438|1.32464|389
2020.02.19 07:00:00|1.32462|1.32482|1.32456|1.32473|369
2020.02.19 08:00:00|1.32474|1.32487|1.32436|1.32438|705
2020.02.19 09:00:00|1.3244|1.32448|1.32298|1.3231|1399
2020.02.19 10:00:00|1.32312|1.32355|1.323|1.32343|1582
2020.02.19 11:00:00|1.32342|1.32348|1.32281|1.32347|1309
2020.02.19 12:00:00|1.32348|1.32382|1.32323|1.32361|1001
2020.02.19 13:00:00|1.3236|1.32389|1.323|1.32322|1180
2020.02.19 14:00:00|1.32324|1.32338|1.32181|1.32228|1361
2020.02.19 15:00:00|1.32229|1.32268|1.32146|1.32252|3788
2020.02.19 16:00:00|1.3225|1.3236|1.3221|1.32334|2937
2020.02.19 17:00:00|1.32334|1.32527|1.32306|1.32376|4205
2020.02.19 18:00:00|1.32376|1.32379|1.32209|1.32323|3918
2020.02.19 19:00:00|1.32321|1.32419|1.32296|1.32351|1487
2020.02.19 20:00:00|1.32352|1.32361|1.32285|1.3229|1063
2020.02.19 21:00:00|1.3229|1.32325|1.32264|1.32265|1525
2020.02.19 22:00:00|1.32262|1.32291|1.32228|1.32274|1351
2020.02.19 23:00:00|1.32271|1.32293|1.32185|1.32196|1416
2020.02.20 00:00:00|1.32192|1.32251|1.32178|1.32249|527
2020.02.20 01:00:00|1.32251|1.32251|1.32179|1.32213|607
2020.02.20 02:00:00|1.32215|1.32225|1.32124|1.32138|1281
2020.02.20 03:00:00|1.32139|1.32257|1.32111|1.32241|1804
2020.02.20 04:00:00|1.32242|1.32378|1.32207|1.32376|2010
2020.02.20 05:00:00|1.32377|1.32399|1.3231|1.32319|1519
2020.02.20 06:00:00|1.32324|1.32334|1.32268|1.32268|587
2020.02.20 07:00:00|1.32268|1.32306|1.32247|1.32298|643
2020.02.20 08:00:00|1.32297|1.32364|1.3229|1.32348|1058
2020.02.20 09:00:00|1.32347|1.32433|1.3233|1.32421|2487
2020.02.20 10:00:00|1.32419|1.32563|1.32416|1.32463|2676
2020.02.20 11:00:00|1.32465|1.3255|1.32453|1.32497|1653
2020.02.20 12:00:00|1.32499|1.32614|1.32485|1.32595|1917
2020.02.20 13:00:00|1.32594|1.3263|1.32556|1.32567|1694
2020.02.20 14:00:00|1.32571|1.32649|1.3255|1.32593|1745
2020.02.20 15:00:00|1.32593|1.32639|1.32547|1.32616|2998
2020.02.20 16:00:00|1.32612|1.32613|1.32376|1.32426|3580
2020.02.20 17:00:00|1.32429|1.32441|1.32237|1.32314|3738
2020.02.20 18:00:00|1.32314|1.32681|1.32289|1.32578|5654
2020.02.20 19:00:00|1.32581|1.32658|1.32566|1.32586|2681
2020.02.20 20:00:00|1.32583|1.32592|1.32483|1.32584|1753
2020.02.20 21:00:00|1.32583|1.32632|1.32533|1.32625|1459
2020.02.20 22:00:00|1.32624|1.3264|1.32586|1.32592|1241
2020.02.20 23:00:00|1.32593|1.32619|1.32571|1.32581|811
2020.02.21 00:00:00|1.32582|1.32591|1.32467|1.32564|713
2020.02.21 01:00:00|1.32565|1.32609|1.32559|1.32607|897
2020.02.21 02:00:00|1.32606|1.32621|1.3246|1.32506|1285
2020.02.21 03:00:00|1.32501|1.32575|1.32496|1.32567|1355
2020.02.21 04:00:00|1.32567|1.32665|1.32561|1.32635|1689
2020.02.21 05:00:00|1.32635|1.32642|1.32545|1.32557|966
2020.02.21 06:00:00|1.32556|1.32573|1.32494|1.32496|815
2020.02.21 07:00:00|1.32496|1.32498|1.32462|1.32462|643
2020.02.21 08:00:00|1.32461|1.32506|1.32441|1.32479|919
2020.02.21 09:00:00|1.3248|1.32584|1.32478|1.32579|2664
2020.02.21 10:00:00|1.32579|1.32675|1.32479|1.32525|4731
2020.02.21 11:00:00|1.32525|1.32612|1.32475|1.32597|2278
2020.02.21 12:00:00|1.32597|1.32619|1.32561|1.32604|1808
2020.02.21 13:00:00|1.32603|1.32662|1.32562|1.32564|1793
2020.02.21 14:00:00|1.32563|1.3262|1.32535|1.3255|1969
2020.02.21 15:00:00|1.32549|1.32614|1.32452|1.3258|2714
2020.02.21 16:00:00|1.32583|1.32642|1.32463|1.32501|4622
2020.02.21 17:00:00|1.32502|1.32507|1.32136|1.32236|7208
2020.02.21 18:00:00|1.32234|1.32244|1.32113|1.32165|3082
2020.02.21 19:00:00|1.32165|1.32166|1.32014|1.32066|2149
2020.02.21 20:00:00|1.32064|1.32089|1.32017|1.32048|1357
2020.02.21 21:00:00|1.32048|1.32121|1.32047|1.32084|1450
2020.02.21 22:00:00|1.32084|1.32206|1.32073|1.32173|1754
2020.02.21 23:00:00|1.32174|1.32261|1.32153|1.32243|1837
2020.02.24 00:00:00|1.32508|1.3258|1.32426|1.32559|978
2020.02.24 01:00:00|1.32556|1.32579|1.32455|1.32528|3068
2020.02.24 02:00:00|1.32529|1.32581|1.32471|1.32564|1670
2020.02.24 03:00:00|1.32564|1.3266|1.3254|1.32601|1974
2020.02.24 04:00:00|1.326|1.32652|1.32568|1.32647|1322
2020.02.24 05:00:00|1.32649|1.32652|1.32632|1.32637|882
2020.02.24 06:00:00|1.32636|1.32649|1.32627|1.32639|522
2020.02.24 07:00:00|1.32638|1.32714|1.32631|1.32706|627
2020.02.24 08:00:00|1.32707|1.32708|1.32649|1.32667|1017
2020.02.24 09:00:00|1.32666|1.32858|1.3265|1.32831|2922
2020.02.24 10:00:00|1.32829|1.32921|1.32799|1.32846|3857
2020.02.24 11:00:00|1.32845|1.3296|1.32796|1.32942|4017
2020.02.24 12:00:00|1.32943|1.3307|1.329|1.33041|3274
2020.02.24 13:00:00|1.3304|1.33048|1.32841|1.32861|2898
2020.02.24 14:00:00|1.32862|1.32921|1.32817|1.32867|2030
2020.02.24 15:00:00|1.32868|1.32901|1.32816|1.32883|3170
2020.02.24 16:00:00|1.32884|1.32916|1.32657|1.32666|5883
2020.02.24 17:00:00|1.32667|1.32703|1.32517|1.32659|6438
2020.02.24 18:00:00|1.32658|1.32832|1.32617|1.32816|4159
2020.02.24 19:00:00|1.32816|1.32876|1.3269|1.32726|2613
2020.02.24 20:00:00|1.32727|1.32801|1.3272|1.32783|1984
2020.02.24 21:00:00|1.32781|1.32916|1.32775|1.32913|2796
2020.02.24 22:00:00|1.32913|1.3293|1.32828|1.32894|2970
2020.02.24 23:00:00|1.32893|1.32926|1.32861|1.32926|1421
2020.02.25 00:00:00|1.32926|1.32928|1.32868|1.32906|674
2020.02.25 01:00:00|1.32906|1.32947|1.32866|1.3287|1210
2020.02.25 02:00:00|1.32869|1.32959|1.32867|1.32926|1505
2020.02.25 03:00:00|1.32927|1.32957|1.32802|1.32849|2371
2020.02.25 04:00:00|1.32848|1.32878|1.32795|1.32843|1616
2020.02.25 05:00:00|1.32844|1.32869|1.32815|1.32833|1307
2020.02.25 06:00:00|1.32832|1.32869|1.32831|1.32861|494
2020.02.25 07:00:00|1.32862|1.32966|1.32856|1.32951|781
2020.02.25 08:00:00|1.3295|1.32982|1.32875|1.32888|1433
2020.02.25 09:00:00|1.32889|1.32891|1.32799|1.32827|2863
2020.02.25 10:00:00|1.32827|1.32907|1.32777|1.32878|3315
2020.02.25 11:00:00|1.32879|1.32999|1.32826|1.32985|3109
2020.02.25 12:00:00|1.32986|1.3305|1.32962|1.32984|3154
2020.02.25 13:00:00|1.32983|1.33035|1.32895|1.32932|2774
2020.02.25 14:00:00|1.32934|1.32977|1.32826|1.32828|2635
2020.02.25 15:00:00|1.32831|1.32895|1.32813|1.32841|2568
2020.02.25 16:00:00|1.3284|1.32895|1.32704|1.32747|5116
2020.02.25 17:00:00|1.32747|1.32925|1.32712|1.32846|7146
2020.02.25 18:00:00|1.32844|1.32907|1.32827|1.32859|5090
2020.02.25 19:00:00|1.32858|1.32858|1.32784|1.32824|2146
2020.02.25 20:00:00|1.32825|1.32871|1.32753|1.32789|2206
2020.02.25 21:00:00|1.3279|1.32791|1.32666|1.32722|3889
2020.02.25 22:00:00|1.32721|1.32924|1.3269|1.32924|3887
2020.02.25 23:00:00|1.32923|1.32971|1.32779|1.3278|1881
2020.02.26 00:00:00|1.32775|1.32857|1.32755|1.32854|526
2020.02.26 01:00:00|1.32854|1.32885|1.32791|1.32796|822
2020.02.26 02:00:00|1.32794|1.32923|1.32793|1.32923|1515
2020.02.26 03:00:00|1.32922|1.32936|1.32847|1.32856|2220
2020.02.26 04:00:00|1.32859|1.32878|1.32785|1.32812|1730
2020.02.26 05:00:00|1.3281|1.32815|1.32736|1.32772|1291
2020.02.26 06:00:00|1.32772|1.32805|1.32765|1.32791|682
2020.02.26 07:00:00|1.3279|1.32808|1.32767|1.32799|878
2020.02.26 08:00:00|1.32798|1.32861|1.32796|1.32824|1720
2020.02.26 09:00:00|1.32823|1.32892|1.32805|1.32869|2224
2020.02.26 10:00:00|1.3287|1.32969|1.3283|1.32956|3425
2020.02.26 11:00:00|1.32957|1.33071|1.32918|1.33025|4205
2020.02.26 12:00:00|1.33023|1.33029|1.3292|1.33019|3339
2020.02.26 13:00:00|1.33018|1.33019|1.32908|1.32989|2448
2020.02.26 14:00:00|1.3299|1.33052|1.32888|1.33021|5037
2020.02.26 15:00:00|1.33021|1.33055|1.32908|1.32972|3713
2020.02.26 16:00:00|1.32972|1.32985|1.32709|1.3281|5799
2020.02.26 17:00:00|1.32812|1.33043|1.32725|1.33011|7691
2020.02.26 18:00:00|1.33012|1.3322|1.32983|1.33215|5339
2020.02.26 19:00:00|1.33213|1.33246|1.33118|1.33196|3860
2020.02.26 20:00:00|1.33197|1.33325|1.33141|1.33308|3934
2020.02.26 21:00:00|1.33306|1.33306|1.33136|1.33173|3970
2020.02.26 22:00:00|1.33174|1.33174|1.33079|1.33159|2994
2020.02.26 23:00:00|1.33163|1.33345|1.33152|1.33309|1901
2020.02.27 00:00:00|1.33315|1.33379|1.33231|1.33368|571
2020.02.27 01:00:00|1.33378|1.33463|1.33353|1.33426|1680
2020.02.27 02:00:00|1.33427|1.33434|1.33299|1.33348|3218
2020.02.27 03:00:00|1.33347|1.33469|1.33312|1.33454|2830
2020.02.27 04:00:00|1.33453|1.33469|1.33356|1.3338|1665
2020.02.27 05:00:00|1.33381|1.33422|1.33374|1.33389|1077
2020.02.27 06:00:00|1.33387|1.33451|1.33377|1.33442|689
2020.02.27 07:00:00|1.33439|1.33439|1.3336|1.33371|1598
2020.02.27 08:00:00|1.3337|1.33423|1.33314|1.33321|1640
2020.02.27 09:00:00|1.33319|1.33421|1.33303|1.33372|3028
2020.02.27 10:00:00|1.33367|1.33458|1.33212|1.33229|4316
2020.02.27 11:00:00|1.33229|1.33304|1.33197|1.33229|2373
2020.02.27 12:00:00|1.33227|1.3336|1.33159|1.33355|2014
2020.02.27 13:00:00|1.33356|1.33447|1.33321|1.3341|2702
2020.02.27 14:00:00|1.33411|1.33588|1.33385|1.33506|4009
2020.02.27 15:00:00|1.33503|1.3369|1.3345|1.33599|5339
2020.02.27 16:00:00|1.33598|1.33737|1.33523|1.33616|8736
2020.02.27 17:00:00|1.33616|1.33628|1.33417|1.33558|8183
2020.02.27 18:00:00|1.33559|1.33692|1.33528|1.33561|7030
2020.02.27 19:00:00|1.33561|1.33656|1.33547|1.33617|5231
2020.02.27 20:00:00|1.3362|1.3368|1.33549|1.33641|3947
2020.02.27 21:00:00|1.33641|1.33672|1.33559|1.33668|3567
2020.02.27 22:00:00|1.33669|1.33837|1.33634|1.33812|4193
2020.02.27 23:00:00|1.33811|1.33942|1.33745|1.33872|2850
2020.02.28 00:00:00|1.33868|1.33922|1.33793|1.33841|1361
2020.02.28 01:00:00|1.33835|1.33876|1.33774|1.33875|2798
2020.02.28 02:00:00|1.33874|1.33969|1.33853|1.33942|1881
2020.02.28 03:00:00|1.33948|1.34162|1.33937|1.34146|2332
2020.02.28 04:00:00|1.34147|1.34217|1.34147|1.34216|2164
2020.02.28 05:00:00|1.34219|1.34475|1.34213|1.34388|2879
2020.02.28 06:00:00|1.34387|1.34468|1.34357|1.34466|2050
2020.02.28 07:00:00|1.34464|1.3448|1.34417|1.34423|2217
2020.02.28 08:00:00|1.34422|1.34442|1.34376|1.34388|2137
2020.02.28 09:00:00|1.34388|1.34481|1.34331|1.34445|4273
2020.02.28 10:00:00|1.34446|1.3447|1.34331|1.34438|7494
2020.02.28 11:00:00|1.34435|1.34557|1.34424|1.34447|6269
2020.02.28 12:00:00|1.34445|1.34557|1.3441|1.34438|5248
2020.02.28 13:00:00|1.34437|1.34558|1.34386|1.34534|4673
2020.02.28 14:00:00|1.34535|1.34638|1.34473|1.34499|5346
2020.02.28 15:00:00|1.34498|1.34597|1.3424|1.34536|7565
2020.02.28 16:00:00|1.34537|1.34601|1.34334|1.34405|8986
2020.02.28 17:00:00|1.34406|1.34574|1.34123|1.34202|12995
2020.02.28 18:00:00|1.34201|1.34302|1.34015|1.34109|15693
2020.02.28 19:00:00|1.3411|1.34342|1.34014|1.34316|7701
2020.02.28 20:00:00|1.34317|1.34442|1.34245|1.34294|5860
2020.02.28 21:00:00|1.34292|1.34403|1.33974|1.34024|8560
2020.02.28 22:00:00|1.34025|1.34263|1.33975|1.34214|7022
