2019.09.26 07:00:00|107.661|107.678|107.64|107.678|1158
2019.09.26 08:00:00|107.677|107.689|107.638|107.648|2258
2019.09.26 09:00:00|107.651|107.662|107.586|107.603|2091
2019.09.26 10:00:00|107.602|107.703|107.601|107.679|3822
2019.09.26 11:00:00|107.678|107.692|107.57|107.605|3167
2019.09.26 12:00:00|107.606|107.623|107.586|107.611|1859
2019.09.26 13:00:00|107.611|107.614|107.54|107.565|2039
2019.09.26 14:00:00|107.566|107.688|107.564|107.659|1681
2019.09.26 15:00:00|107.66|107.697|107.564|107.585|5181
2019.09.26 16:00:00|107.584|107.603|107.417|107.532|6284
2019.09.26 17:00:00|107.53|107.718|107.475|107.668|7134
2019.09.26 18:00:00|107.666|107.694|107.587|107.669|6076
2019.09.26 19:00:00|107.67|107.881|107.66|107.806|5058
2019.09.26 20:00:00|107.805|107.837|107.706|107.832|3538
2019.09.26 21:00:00|107.831|107.854|107.776|107.792|2854
2019.09.26 22:00:00|107.794|107.952|107.792|107.885|5032
2019.09.26 23:00:00|107.884|107.884|107.806|107.823|913
2019.09.27 00:00:00|107.823|107.832|107.799|107.83|7142
2019.09.27 01:00:00|107.829|107.844|107.806|107.809|773
2019.09.27 02:00:00|107.809|107.823|107.745|107.745|1405
2019.09.27 03:00:00|107.743|107.787|107.662|107.762|4455
2019.09.27 04:00:00|107.762|107.798|107.715|107.735|3440
2019.09.27 05:00:00|107.737|107.744|107.67|107.718|2424
2019.09.27 06:00:00|107.718|107.748|107.673|107.676|1719
2019.09.27 07:00:00|107.675|107.721|107.65|107.672|1804
2019.09.27 08:00:00|107.672|107.761|107.652|107.739|2863
2019.09.27 09:00:00|107.743|107.856|107.723|107.825|3137
2019.09.27 10:00:00|107.825|107.852|107.775|107.839|3558
2019.09.27 11:00:00|107.838|107.907|107.825|107.906|2012
2019.09.27 12:00:00|107.905|107.956|107.882|107.943|1959
2019.09.27 13:00:00|107.942|108.168|107.935|108.1|3979
2019.09.27 14:00:00|108.099|108.1|108.059|108.086|1989
2019.09.27 15:00:00|108.087|108.139|108.015|108.069|4033
2019.09.27 16:00:00|108.07|108.145|108.033|108.059|4450
2019.09.27 17:00:00|108.062|108.175|108.016|108.147|4817
2019.09.27 18:00:00|108.145|108.176|107.783|108.052|12251
2019.09.27 19:00:00|108.055|108.082|107.829|107.857|8597
2019.09.27 20:00:00|107.856|107.949|107.824|107.928|5370
2019.09.27 21:00:00|107.928|107.93|107.792|107.809|4117
2019.09.27 22:00:00|107.811|107.957|107.802|107.95|3269
2019.09.27 23:00:00|107.949|107.964|107.887|107.913|914
2019.09.30 00:00:00|107.931|108.014|107.912|107.98|388
2019.09.30 01:00:00|107.977|107.994|107.849|107.87|1521
2019.09.30 02:00:00|107.87|107.953|107.87|107.939|2125
2019.09.30 03:00:00|107.938|108.004|107.868|107.898|3183
2019.09.30 04:00:00|107.897|108.007|107.883|107.925|3863
2019.09.30 05:00:00|107.926|107.95|107.884|107.945|1785
2019.09.30 06:00:00|107.946|107.95|107.901|107.935|1311
2019.09.30 07:00:00|107.939|107.95|107.841|107.872|1572
2019.09.30 08:00:00|107.872|107.883|107.746|107.771|2586
2019.09.30 09:00:00|107.772|107.864|107.768|107.818|3480
2019.09.30 10:00:00|107.819|107.856|107.738|107.854|3786
2019.09.30 11:00:00|107.851|107.904|107.833|107.892|3402
2019.09.30 12:00:00|107.893|107.97|107.877|107.963|2594
2019.09.30 13:00:00|107.964|107.971|107.912|107.92|1642
2019.09.30 14:00:00|107.921|107.978|107.88|107.945|1728
2019.09.30 15:00:00|107.944|108.089|107.944|107.99|3825
2019.09.30 16:00:00|107.989|108.092|107.958|108.019|5485
2019.09.30 17:00:00|108.018|108.1|107.919|108.068|5636
2019.09.30 18:00:00|108.069|108.141|107.997|108.107|4979
2019.09.30 19:00:00|108.106|108.14|108.056|108.139|2098
2019.09.30 20:00:00|108.14|108.173|108.109|108.113|1812
2019.09.30 21:00:00|108.111|108.136|108.051|108.073|1667
2019.09.30 22:00:00|108.075|108.115|108.05|108.107|2260
2019.09.30 23:00:00|108.108|108.139|108.057|108.067|635
2019.10.01 00:00:00|108.067|108.114|108.051|108.071|3625
2019.10.01 01:00:00|108.064|108.078|108.038|108.066|518
2019.10.01 02:00:00|108.066|108.097|108.051|108.053|1141
2019.10.01 03:00:00|108.054|108.166|108.036|108.14|2335
2019.10.01 04:00:00|108.14|108.221|108.117|108.191|2359
2019.10.01 05:00:00|108.193|108.221|108.179|108.211|1573
2019.10.01 06:00:00|108.211|108.258|108.19|108.252|1363
2019.10.01 07:00:00|108.252|108.286|108.224|108.229|2007
2019.10.01 08:00:00|108.23|108.247|108.17|108.172|1702
2019.10.01 09:00:00|108.173|108.286|108.16|108.237|2184
2019.10.01 10:00:00|108.236|108.425|108.208|108.337|4055
2019.10.01 11:00:00|108.336|108.464|108.313|108.396|3575
2019.10.01 12:00:00|108.398|108.409|108.321|108.343|2691
2019.10.01 13:00:00|108.342|108.371|108.229|108.279|2350
2019.10.01 14:00:00|108.279|108.351|108.22|108.347|1782
2019.10.01 15:00:00|108.348|108.414|108.262|108.359|2565
2019.10.01 16:00:00|108.358|108.444|108.3|108.384|4221
2019.10.01 17:00:00|108.369|108.369|107.816|107.84|16555
2019.10.01 18:00:00|107.841|107.855|107.643|107.703|7833
2019.10.01 19:00:00|107.702|107.748|107.622|107.687|6188
2019.10.01 20:00:00|107.686|107.753|107.633|107.695|4883
2019.10.01 21:00:00|107.695|107.774|107.645|107.728|3345
2019.10.01 22:00:00|107.727|107.776|107.679|107.701|3506
2019.10.01 23:00:00|107.704|107.748|107.674|107.738|999
2019.10.02 00:00:00|107.735|107.756|107.722|107.752|1707
2019.10.02 01:00:00|107.753|107.757|107.695|107.746|1948
2019.10.02 02:00:00|107.746|107.75|107.692|107.742|1805
2019.10.02 03:00:00|107.741|107.756|107.638|107.7|3481
2019.10.02 04:00:00|107.701|107.733|107.641|107.725|2921
2019.10.02 05:00:00|107.726|107.782|107.696|107.772|1800
2019.10.02 06:00:00|107.771|107.886|107.763|107.869|1568
2019.10.02 07:00:00|107.869|107.875|107.81|107.822|1626
2019.10.02 08:00:00|107.821|107.864|107.779|107.795|1829
2019.10.02 09:00:00|107.795|107.836|107.755|107.759|2182
2019.10.02 10:00:00|107.758|107.786|107.545|107.673|6562
2019.10.02 11:00:00|107.673|107.728|107.565|107.645|4220
2019.10.02 12:00:00|107.644|107.688|107.579|107.64|3567
2019.10.02 13:00:00|107.639|107.686|107.555|107.585|2801
2019.10.02 14:00:00|107.584|107.593|107.489|107.525|3035
2019.10.02 15:00:00|107.524|107.597|107.415|107.42|5552
2019.10.02 16:00:00|107.421|107.524|107.359|107.412|6561
2019.10.02 17:00:00|107.411|107.486|107.254|107.335|8797
2019.10.02 18:00:00|107.335|107.355|107.142|107.207|6484
2019.10.02 19:00:00|107.206|107.25|107.102|107.104|4467
2019.10.02 20:00:00|107.101|107.202|107.04|107.093|5116
2019.10.02 21:00:00|107.092|107.222|107.081|107.195|4132
2019.10.02 22:00:00|107.196|107.224|107.15|107.2|3497
2019.10.02 23:00:00|107.203|107.207|107.13|107.165|1159
2019.10.03 00:00:00|107.164|107.193|107.137|107.15|14405
2019.10.03 01:00:00|107.149|107.181|107.143|107.167|12521
2019.10.03 02:00:00|107.164|107.203|107.152|107.154|2542
2019.10.03 03:00:00|107.156|107.16|106.959|107.028|4884
2019.10.03 04:00:00|107.027|107.158|107.022|107.117|3023
2019.10.03 05:00:00|107.117|107.167|107.09|107.101|2119
2019.10.03 06:00:00|107.102|107.185|107.102|107.151|1733
2019.10.03 07:00:00|107.153|107.184|107.102|107.162|1758
2019.10.03 08:00:00|107.163|107.181|107.108|107.127|1771
2019.10.03 09:00:00|107.127|107.279|107.079|107.265|4313
2019.10.03 10:00:00|107.264|107.292|107.203|107.22|6115
2019.10.03 11:00:00|107.219|107.264|107.078|107.106|4059
2019.10.03 12:00:00|107.106|107.146|107.044|107.144|3239
2019.10.03 13:00:00|107.143|107.198|107.051|107.059|2698
2019.10.03 14:00:00|107.059|107.076|106.865|106.911|3961
2019.10.03 15:00:00|106.91|107.07|106.903|106.981|4322
2019.10.03 16:00:00|106.982|107.118|106.964|107.041|6844
2019.10.03 17:00:00|107.04|107.04|106.476|106.685|19752
2019.10.03 18:00:00|106.684|106.939|106.663|106.753|9687
2019.10.03 19:00:00|106.753|106.881|106.753|106.813|5162
2019.10.03 20:00:00|106.814|106.959|106.782|106.859|5308
2019.10.03 21:00:00|106.859|106.891|106.797|106.886|4061
2019.10.03 22:00:00|106.886|106.907|106.842|106.858|2311
2019.10.03 23:00:00|106.859|106.91|106.83|106.894|760
2019.10.04 00:00:00|106.897|106.915|106.839|106.872|4143
2019.10.04 01:00:00|106.871|106.921|106.864|106.878|2441
2019.10.04 02:00:00|106.877|106.889|106.809|106.826|2585
2019.10.04 03:00:00|106.827|106.906|106.791|106.799|4367
2019.10.04 04:00:00|106.799|106.867|106.795|106.795|2790
2019.10.04 05:00:00|106.795|106.815|106.739|106.754|1936
2019.10.04 06:00:00|106.755|106.788|106.743|106.764|1105
2019.10.04 07:00:00|106.765|106.821|106.746|106.821|1364
2019.10.04 08:00:00|106.822|106.843|106.796|106.823|2270
2019.10.04 09:00:00|106.825|106.835|106.768|106.8|4253
2019.10.04 10:00:00|106.798|106.803|106.724|106.764|4576
2019.10.04 11:00:00|106.765|106.796|106.752|106.779|2574
2019.10.04 12:00:00|106.779|106.78|106.736|106.737|2120
2019.10.04 13:00:00|106.736|106.781|106.682|106.688|1843
2019.10.04 14:00:00|106.691|106.745|106.64|106.711|2783
2019.10.04 15:00:00|106.71|107.128|106.557|107.108|12167
2019.10.04 16:00:00|107.107|107.112|106.938|107.06|11109
2019.10.04 17:00:00|107.061|107.12|106.834|106.864|8583
2019.10.04 18:00:00|106.864|106.925|106.804|106.905|6003
2019.10.04 19:00:00|106.906|106.924|106.838|106.861|3114
2019.10.04 20:00:00|106.862|106.888|106.809|106.886|2394
2019.10.04 21:00:00|106.887|106.924|106.826|106.85|2960
2019.10.04 22:00:00|106.848|106.887|106.821|106.83|2561
2019.10.04 23:00:00|106.831|106.932|106.827|106.924|595
2019.10.07 00:00:00|106.648|106.736|106.644|106.669|937
2019.10.07 01:00:00|106.669|106.847|106.664|106.847|5478
2019.10.07 02:00:00|106.848|106.849|106.749|106.754|2597
2019.10.07 03:00:00|106.755|106.81|106.705|106.709|3758
2019.10.07 04:00:00|106.708|106.819|106.685|106.812|2548
2019.10.07 05:00:00|106.813|106.829|106.785|106.789|1725
2019.10.07 06:00:00|106.79|106.841|106.787|106.82|1280
2019.10.07 07:00:00|106.822|106.876|106.819|106.856|1776
2019.10.07 08:00:00|106.857|106.897|106.836|106.872|1707
2019.10.07 09:00:00|106.873|106.899|106.849|106.849|1863
2019.10.07 10:00:00|106.85|106.935|106.802|106.843|4176
2019.10.07 11:00:00|106.842|106.891|106.803|106.851|3303
2019.10.07 12:00:00|106.85|106.858|106.768|106.784|1825
2019.10.07 13:00:00|106.785|106.884|106.773|106.882|1832
2019.10.07 14:00:00|106.881|106.894|106.823|106.836|2273
2019.10.07 15:00:00|106.835|106.903|106.795|106.902|2776
2019.10.07 16:00:00|106.901|106.972|106.894|106.941|3870
2019.10.07 17:00:00|106.942|107.028|106.902|106.92|3378
2019.10.07 18:00:00|106.921|107.067|106.921|107.059|3826
2019.10.07 19:00:00|107.058|107.173|107.036|107.119|2964
2019.10.07 20:00:00|107.12|107.457|107.076|107.37|7716
2019.10.07 21:00:00|107.371|107.388|107.236|107.287|4638
2019.10.07 22:00:00|107.284|107.324|107.253|107.266|3207
2019.10.07 23:00:00|107.267|107.305|107.232|107.233|907
2019.10.08 00:00:00|107.233|107.264|107.217|107.223|901
2019.10.08 01:00:00|107.224|107.238|107.197|107.219|1204
2019.10.08 02:00:00|107.221|107.29|107.221|107.248|2057
2019.10.08 03:00:00|107.248|107.375|107.237|107.354|4373
2019.10.08 04:00:00|107.355|107.403|107.257|107.366|4766
2019.10.08 05:00:00|107.363|107.405|107.311|107.368|3264
2019.10.08 06:00:00|107.368|107.401|107.356|107.368|1845
2019.10.08 07:00:00|107.368|107.396|107.352|107.386|1543
2019.10.08 08:00:00|107.386|107.439|107.369|107.395|2418
2019.10.08 09:00:00|107.396|107.426|107.343|107.366|2584
2019.10.08 10:00:00|107.365|107.37|107.141|107.151|5704
2019.10.08 11:00:00|107.15|107.213|107.096|107.153|4922
2019.10.08 12:00:00|107.152|107.173|107.041|107.056|3825
2019.10.08 13:00:00|107.057|107.07|106.882|106.947|5192
2019.10.08 14:00:00|106.946|106.947|106.799|106.857|7081
2019.10.08 15:00:00|106.856|106.964|106.815|106.951|5368
2019.10.08 16:00:00|106.95|106.972|106.856|106.92|7467
2019.10.08 17:00:00|106.921|107.154|106.879|107.098|7722
2019.10.08 18:00:00|107.096|107.145|107.022|107.05|5553
2019.10.08 19:00:00|107.051|107.205|107.042|107.141|3364
2019.10.08 20:00:00|107.14|107.259|107.131|107.203|2853
2019.10.08 21:00:00|107.204|107.288|106.934|107.118|10268
2019.10.08 22:00:00|107.12|107.19|107.066|107.082|10158
2019.10.08 23:00:00|107.085|107.111|107.034|107.065|1162
2019.10.09 00:00:00|107.062|107.084|107.041|107.065|734
2019.10.09 01:00:00|107.063|107.068|107|107.011|1657
2019.10.09 02:00:00|107.01|107.019|106.928|106.937|3081
2019.10.09 03:00:00|106.936|107.088|106.936|107.068|3822
2019.10.09 04:00:00|107.067|107.144|107.048|107.133|2521
2019.10.09 05:00:00|107.135|107.199|107.124|107.17|1595
2019.10.09 06:00:00|107.171|107.171|107.136|107.162|739
2019.10.09 07:00:00|107.163|107.166|107.106|107.145|1043
2019.10.09 08:00:00|107.146|107.181|107.136|107.177|1374
2019.10.09 09:00:00|107.179|107.208|107.131|107.156|2126
2019.10.09 10:00:00|107.154|107.288|107.109|107.205|4994
2019.10.09 11:00:00|107.206|107.297|107.198|107.263|3008
2019.10.09 12:00:00|107.263|107.403|107.241|107.336|9080
2019.10.09 13:00:00|107.334|107.393|107.289|107.359|3340
2019.10.09 14:00:00|107.358|107.431|107.348|107.395|2426
2019.10.09 15:00:00|107.395|107.399|107.311|107.372|2872
2019.10.09 16:00:00|107.371|107.408|107.331|107.371|4165
2019.10.09 17:00:00|107.369|107.406|107.351|107.384|3904
2019.10.09 18:00:00|107.386|107.451|107.344|107.429|3544
2019.10.09 19:00:00|107.43|107.578|107.428|107.57|2721
2019.10.09 20:00:00|107.569|107.623|107.434|107.468|3410
2019.10.09 21:00:00|107.469|107.559|107.437|107.535|3700
2019.10.09 22:00:00|107.537|107.565|107.399|107.455|5098
2019.10.09 23:00:00|107.455|107.513|107.442|107.467|934
2019.10.10 00:00:00|107.465|107.495|107.43|107.458|1619
2019.10.10 01:00:00|107.455|107.458|107.029|107.067|9805
2019.10.10 02:00:00|107.068|107.227|107.033|107.223|7178
2019.10.10 03:00:00|107.224|107.362|107.162|107.309|16047
2019.10.10 04:00:00|107.31|107.765|107.3|107.528|13023
2019.10.10 05:00:00|107.529|107.576|107.466|107.5|4953
2019.10.10 06:00:00|107.5|107.5|107.428|107.464|2280
2019.10.10 07:00:00|107.466|107.501|107.436|107.494|1464
2019.10.10 08:00:00|107.496|107.54|107.476|107.505|2068
2019.10.10 09:00:00|107.504|107.543|107.432|107.47|3903
2019.10.10 10:00:00|107.469|107.545|107.349|107.399|6169
2019.10.10 11:00:00|107.4|107.468|107.361|107.403|3687
2019.10.10 12:00:00|107.402|107.433|107.347|107.383|3284
2019.10.10 13:00:00|107.384|107.454|107.36|107.413|2986
2019.10.10 14:00:00|107.412|107.452|107.378|107.445|2866
2019.10.10 15:00:00|107.446|107.644|107.366|107.617|5552
2019.10.10 16:00:00|107.616|107.855|107.552|107.847|8313
2019.10.10 17:00:00|107.848|107.959|107.764|107.956|7197
2019.10.10 18:00:00|107.957|107.967|107.892|107.909|4876
2019.10.10 19:00:00|107.908|107.932|107.843|107.893|3671
2019.10.10 20:00:00|107.893|107.918|107.817|107.899|3931
2019.10.10 21:00:00|107.898|107.936|107.743|107.907|7147
2019.10.10 22:00:00|107.906|107.966|107.891|107.921|3481
2019.10.10 23:00:00|107.917|108.014|107.838|107.95|2141
2019.10.11 00:00:00|107.95|107.965|107.844|107.863|6475
2019.10.11 01:00:00|107.862|107.969|107.846|107.931|3591
2019.10.11 02:00:00|107.932|107.932|107.844|107.863|4566
2019.10.11 03:00:00|107.862|108.124|107.843|108.052|6072
2019.10.11 04:00:00|108.051|108.071|107.96|107.964|4062
2019.10.11 05:00:00|107.963|107.967|107.93|107.951|1895
2019.10.11 06:00:00|107.95|107.991|107.943|107.972|1424
2019.10.11 07:00:00|107.97|107.986|107.94|107.961|1270
2019.10.11 08:00:00|107.962|108.006|107.955|108.002|2370
2019.10.11 09:00:00|108.001|108.019|107.943|108.004|3271
2019.10.11 10:00:00|108.005|108.009|107.896|107.909|4113
2019.10.11 11:00:00|107.909|107.997|107.871|107.982|4970
2019.10.11 12:00:00|107.981|108.16|107.96|108.114|3669
2019.10.11 13:00:00|108.114|108.283|108.112|108.266|4564
2019.10.11 14:00:00|108.265|108.481|108.242|108.45|7806
2019.10.11 15:00:00|108.449|108.464|108.332|108.393|5443
2019.10.11 16:00:00|108.395|108.493|108.342|108.462|7455
2019.10.11 17:00:00|108.463|108.615|108.449|108.577|8739
2019.10.11 18:00:00|108.581|108.619|108.435|108.515|9064
2019.10.11 19:00:00|108.514|108.571|108.267|108.392|10778
2019.10.11 20:00:00|108.393|108.591|108.387|108.404|6484
2019.10.11 21:00:00|108.404|108.508|108.403|108.502|2939
2019.10.11 22:00:00|108.504|108.567|108.329|108.363|7801
2019.10.11 23:00:00|108.364|108.439|108.279|108.308|1575
2019.10.14 00:00:00|108.304|108.394|108.304|108.369|875
2019.10.14 01:00:00|108.365|108.512|108.347|108.504|3407
2019.10.14 02:00:00|108.505|108.516|108.445|108.471|3153
2019.10.14 03:00:00|108.47|108.473|108.232|108.294|4821
2019.10.14 04:00:00|108.293|108.327|108.192|108.252|6633
2019.10.14 05:00:00|108.251|108.314|108.225|108.3|2527
2019.10.14 06:00:00|108.301|108.321|108.29|108.301|1042
2019.10.14 07:00:00|108.302|108.357|108.296|108.304|1317
2019.10.14 08:00:00|108.305|108.332|108.236|108.268|1742
2019.10.14 09:00:00|108.27|108.297|108.173|108.245|3557
2019.10.14 10:00:00|108.245|108.261|108.187|108.198|3190
2019.10.14 11:00:00|108.199|108.285|108.192|108.248|1517
2019.10.14 12:00:00|108.25|108.271|108.026|108.143|6891
2019.10.14 13:00:00|108.144|108.193|108.111|108.187|2645
2019.10.14 14:00:00|108.188|108.234|108.167|108.228|1909
2019.10.14 15:00:00|108.23|108.285|108.209|108.269|2337
2019.10.14 16:00:00|108.27|108.354|108.26|108.337|3912
2019.10.14 17:00:00|108.336|108.422|108.319|108.416|3249
2019.10.14 18:00:00|108.416|108.451|108.396|108.397|2357
2019.10.14 19:00:00|108.395|108.438|108.361|108.362|1928
2019.10.14 20:00:00|108.362|108.395|108.358|108.39|1282
2019.10.14 21:00:00|108.39|108.396|108.332|108.338|1086
2019.10.14 22:00:00|108.337|108.398|108.331|108.397|936
2019.10.14 23:00:00|108.398|108.401|108.376|108.391|380
2019.10.15 00:00:00|108.391|108.406|108.319|108.352|653
2019.10.15 01:00:00|108.352|108.396|108.337|108.365|823
2019.10.15 02:00:00|108.365|108.441|108.363|108.392|2587
2019.10.15 03:00:00|108.391|108.403|108.295|108.368|4386
2019.10.15 04:00:00|108.37|108.446|108.333|108.361|4792
2019.10.15 05:00:00|108.359|108.362|108.305|108.334|2357
2019.10.15 06:00:00|108.333|108.336|108.275|108.305|1881
2019.10.15 07:00:00|108.306|108.356|108.306|108.333|1651
2019.10.15 08:00:00|108.332|108.332|108.296|108.315|2011
2019.10.15 09:00:00|108.317|108.374|108.275|108.359|4719
2019.10.15 10:00:00|108.36|108.403|108.334|108.347|4365
2019.10.15 11:00:00|108.347|108.402|108.302|108.333|3082
2019.10.15 12:00:00|108.332|108.345|108.21|108.288|3933
2019.10.15 13:00:00|108.287|108.287|108.149|108.209|3299
2019.10.15 14:00:00|108.209|108.369|108.204|108.323|3927
2019.10.15 15:00:00|108.323|108.359|108.295|108.342|3149
2019.10.15 16:00:00|108.34|108.462|108.311|108.458|4338
2019.10.15 17:00:00|108.457|108.814|108.433|108.8|9039
2019.10.15 18:00:00|108.797|108.881|108.763|108.832|8064
2019.10.15 19:00:00|108.83|108.878|108.784|108.854|3007
2019.10.15 20:00:00|108.855|108.893|108.828|108.849|1879
2019.10.15 21:00:00|108.848|108.881|108.826|108.835|1503
2019.10.15 22:00:00|108.834|108.881|108.819|108.869|2022
2019.10.15 23:00:00|108.869|108.875|108.831|108.848|771
2019.10.16 00:00:00|108.848|108.859|108.804|108.83|2541
2019.10.16 01:00:00|108.83|108.857|108.826|108.838|1410
2019.10.16 02:00:00|108.838|108.85|108.793|108.795|2894
2019.10.16 03:00:00|108.794|108.846|108.599|108.721|7385
2019.10.16 04:00:00|108.722|108.734|108.595|108.701|6844
2019.10.16 05:00:00|108.701|108.705|108.652|108.678|2070
2019.10.16 06:00:00|108.678|108.695|108.627|108.679|2757
2019.10.16 07:00:00|108.679|108.681|108.618|108.645|1923
2019.10.16 08:00:00|108.646|108.693|108.624|108.654|2430
2019.10.16 09:00:00|108.655|108.763|108.654|108.724|5558
2019.10.16 10:00:00|108.723|108.75|108.586|108.642|7488
2019.10.16 11:00:00|108.643|108.71|108.605|108.702|3516
2019.10.16 12:00:00|108.7|108.714|108.618|108.689|5397
2019.10.16 13:00:00|108.686|108.731|108.621|108.727|3931
2019.10.16 14:00:00|108.725|108.792|108.707|108.738|2868
2019.10.16 15:00:00|108.74|108.803|108.551|108.654|9351
2019.10.16 16:00:00|108.655|108.762|108.614|108.668|5584
2019.10.16 17:00:00|108.668|108.839|108.648|108.814|5692
2019.10.16 18:00:00|108.813|108.83|108.693|108.706|4292
2019.10.16 19:00:00|108.707|108.718|108.656|108.662|3119
2019.10.16 20:00:00|108.663|108.737|108.661|108.674|2938
2019.10.16 21:00:00|108.675|108.776|108.673|108.756|1803
2019.10.16 22:00:00|108.757|108.764|108.711|108.762|1439
2019.10.16 23:00:00|108.761|108.776|108.74|108.746|560
2019.10.17 00:00:00|108.746|108.749|108.7|108.718|2504
2019.10.17 01:00:00|108.718|108.742|108.68|108.697|2588
2019.10.17 02:00:00|108.697|108.728|108.666|108.677|1805
2019.10.17 03:00:00|108.676|108.742|108.638|108.69|4283
2019.10.17 04:00:00|108.69|108.822|108.665|108.8|5351
2019.10.17 05:00:00|108.8|108.816|108.761|108.774|1671
2019.10.17 06:00:00|108.774|108.777|108.749|108.771|1009
2019.10.17 07:00:00|108.772|108.777|108.717|108.729|1381
2019.10.17 08:00:00|108.731|108.761|108.691|108.747|2281
2019.10.17 09:00:00|108.748|108.771|108.716|108.758|2965
2019.10.17 10:00:00|108.76|108.845|108.758|108.833|3588
2019.10.17 11:00:00|108.833|108.861|108.764|108.812|4229
2019.10.17 12:00:00|108.813|108.931|108.711|108.742|10846
2019.10.17 13:00:00|108.743|108.847|108.742|108.794|5615
2019.10.17 14:00:00|108.794|108.797|108.671|108.738|4866
2019.10.17 15:00:00|108.739|108.766|108.615|108.71|5505
2019.10.17 16:00:00|108.711|108.739|108.547|108.578|6597
2019.10.17 17:00:00|108.579|108.66|108.518|108.636|5651
2019.10.17 18:00:00|108.635|108.69|108.503|108.508|5986
2019.10.17 19:00:00|108.509|108.557|108.447|108.511|3203
2019.10.17 20:00:00|108.512|108.607|108.504|108.594|1969
2019.10.17 21:00:00|108.594|108.676|108.585|108.67|2235
2019.10.17 22:00:00|108.671|108.679|108.604|108.625|1451
2019.10.17 23:00:00|108.626|108.658|108.611|108.624|775
2019.10.18 00:00:00|108.624|108.656|108.603|108.606|2035
2019.10.18 01:00:00|108.606|108.631|108.588|108.59|1874
2019.10.18 02:00:00|108.588|108.61|108.546|108.588|2163
2019.10.18 03:00:00|108.589|108.68|108.575|108.662|3728
2019.10.18 04:00:00|108.663|108.68|108.587|108.588|3503
2019.10.18 05:00:00|108.59|108.666|108.536|108.561|4117
2019.10.18 06:00:00|108.56|108.583|108.517|108.557|2641
2019.10.18 07:00:00|108.558|108.58|108.548|108.572|1532
2019.10.18 08:00:00|108.573|108.588|108.511|108.532|2269
2019.10.18 09:00:00|108.532|108.595|108.527|108.575|2733
2019.10.18 10:00:00|108.574|108.658|108.542|108.639|3674
2019.10.18 11:00:00|108.64|108.716|108.62|108.685|2866
2019.10.18 12:00:00|108.685|108.695|108.631|108.631|2003
2019.10.18 13:00:00|108.63|108.655|108.564|108.652|2028
2019.10.18 14:00:00|108.651|108.667|108.56|108.576|2971
2019.10.18 15:00:00|108.577|108.579|108.516|108.546|2870
2019.10.18 16:00:00|108.545|108.545|108.415|108.492|5323
2019.10.18 17:00:00|108.491|108.516|108.41|108.514|5605
2019.10.18 18:00:00|108.515|108.563|108.418|108.445|4218
2019.10.18 19:00:00|108.444|108.479|108.38|108.415|4143
2019.10.18 20:00:00|108.416|108.498|108.413|108.493|2714
2019.10.18 21:00:00|108.492|108.492|108.417|108.443|1908
2019.10.18 22:00:00|108.445|108.463|108.388|108.404|2567
2019.10.18 23:00:00|108.404|108.459|108.376|108.459|2534
2019.10.21 00:00:00|108.418|108.48|108.372|108.427|858
2019.10.21 01:00:00|108.427|108.428|108.284|108.348|3730
2019.10.21 02:00:00|108.349|108.415|108.31|108.404|7322
2019.10.21 03:00:00|108.405|108.497|108.365|108.474|3631
2019.10.21 04:00:00|108.472|108.488|108.442|108.476|2954
2019.10.21 05:00:00|108.476|108.51|108.465|108.484|2150
2019.10.21 06:00:00|108.483|108.496|108.465|108.478|1160
2019.10.21 07:00:00|108.479|108.547|108.479|108.532|1296
2019.10.21 08:00:00|108.531|108.535|108.45|108.492|1625
2019.10.21 09:00:00|108.491|108.543|108.46|108.48|3612
2019.10.21 10:00:00|108.482|108.573|108.446|108.555|4645
2019.10.21 11:00:00|108.557|108.657|108.557|108.601|3582
2019.10.21 12:00:00|108.602|108.614|108.529|108.564|2757
2019.10.21 13:00:00|108.565|108.586|108.56|108.575|1870
2019.10.21 14:00:00|108.575|108.579|108.535|108.552|2274
2019.10.21 15:00:00|108.552|108.57|108.489|108.518|2877
2019.10.21 16:00:00|108.518|108.538|108.447|108.493|4682
2019.10.21 17:00:00|108.491|108.545|108.45|108.541|4140
2019.10.21 18:00:00|108.542|108.596|108.538|108.568|3268
2019.10.21 19:00:00|108.567|108.572|108.508|108.569|1993
2019.10.21 20:00:00|108.567|108.595|108.537|108.55|1559
2019.10.21 21:00:00|108.551|108.613|108.53|108.585|1430
2019.10.21 22:00:00|108.584|108.636|108.58|108.618|1372
2019.10.21 23:00:00|108.617|108.626|108.587|108.594|647
2019.10.22 00:00:00|108.593|108.606|108.543|108.569|2526
2019.10.22 01:00:00|108.569|108.61|108.568|108.595|1200
2019.10.22 02:00:00|108.595|108.625|108.586|108.6|1005
2019.10.22 03:00:00|108.6|108.722|108.581|108.671|2327
2019.10.22 04:00:00|108.67|108.706|108.636|108.648|1899
2019.10.22 05:00:00|108.647|108.662|108.602|108.636|1527
2019.10.22 06:00:00|108.637|108.661|108.634|108.645|784
2019.10.22 07:00:00|108.644|108.652|108.617|108.631|946
2019.10.22 08:00:00|108.63|108.64|108.586|108.595|1111
2019.10.22 09:00:00|108.593|108.608|108.575|108.583|1610
2019.10.22 10:00:00|108.582|108.585|108.486|108.535|3104
2019.10.22 11:00:00|108.534|108.553|108.488|108.552|2165
2019.10.22 12:00:00|108.552|108.581|108.532|108.578|1668
2019.10.22 13:00:00|108.578|108.583|108.544|108.562|1453
2019.10.22 14:00:00|108.561|108.616|108.561|108.588|1463
2019.10.22 15:00:00|108.587|108.618|108.517|108.523|2821
2019.10.22 16:00:00|108.523|108.551|108.446|108.485|2876
2019.10.22 17:00:00|108.486|108.554|108.473|108.547|3100
2019.10.22 18:00:00|108.548|108.577|108.508|108.55|2294
2019.10.22 19:00:00|108.551|108.598|108.55|108.568|1712
2019.10.22 20:00:00|108.569|108.571|108.504|108.539|2049
2019.10.22 21:00:00|108.539|108.584|108.433|108.451|5750
2019.10.22 22:00:00|108.452|108.506|108.445|108.468|2955
2019.10.22 23:00:00|108.466|108.489|108.441|108.47|821
2019.10.23 00:00:00|108.473|108.49|108.443|108.477|2056
2019.10.23 01:00:00|108.473|108.496|108.433|108.495|2401
2019.10.23 02:00:00|108.494|108.505|108.457|108.482|5490
2019.10.23 03:00:00|108.481|108.481|108.24|108.39|5510
2019.10.23 04:00:00|108.388|108.415|108.284|108.306|3294
2019.10.23 05:00:00|108.307|108.347|108.285|108.299|2055
2019.10.23 06:00:00|108.301|108.336|108.286|108.305|1744
2019.10.23 07:00:00|108.306|108.35|108.273|108.349|1654
2019.10.23 08:00:00|108.35|108.408|108.317|108.356|2298
2019.10.23 09:00:00|108.358|108.424|108.32|108.323|2929
2019.10.23 10:00:00|108.322|108.42|108.284|108.364|3816
2019.10.23 11:00:00|108.365|108.399|108.327|108.375|2023
2019.10.23 12:00:00|108.376|108.396|108.333|108.376|1490
2019.10.23 13:00:00|108.375|108.476|108.375|108.468|3346
2019.10.23 14:00:00|108.468|108.477|108.415|108.452|2381
2019.10.23 15:00:00|108.451|108.533|108.437|108.519|2146
2019.10.23 16:00:00|108.518|108.603|108.503|108.573|3635
2019.10.23 17:00:00|108.574|108.619|108.525|108.611|3602
2019.10.23 18:00:00|108.61|108.661|108.596|108.636|2843
2019.10.23 19:00:00|108.635|108.698|108.613|108.679|1240
2019.10.23 20:00:00|108.679|108.692|108.654|108.664|1189
2019.10.23 21:00:00|108.663|108.668|108.615|108.645|1002
2019.10.23 22:00:00|108.644|108.688|108.629|108.676|1219
2019.10.23 23:00:00|108.675|108.694|108.671|108.687|457
2019.10.24 00:00:00|108.686|108.686|108.621|108.64|3323
2019.10.24 01:00:00|108.638|108.686|108.631|108.644|1866
2019.10.24 02:00:00|108.645|108.662|108.615|108.632|1379
2019.10.24 03:00:00|108.631|108.647|108.588|108.635|1957
2019.10.24 04:00:00|108.635|108.635|108.583|108.617|2092
2019.10.24 05:00:00|108.615|108.623|108.574|108.596|1187
2019.10.24 06:00:00|108.595|108.622|108.571|108.603|970
2019.10.24 07:00:00|108.602|108.628|108.57|108.592|835
2019.10.24 08:00:00|108.592|108.617|108.586|108.602|1388
2019.10.24 09:00:00|108.603|108.64|108.589|108.636|1730
2019.10.24 10:00:00|108.636|108.748|108.629|108.69|5811
2019.10.24 11:00:00|108.691|108.711|108.604|108.682|3605
2019.10.24 12:00:00|108.682|108.699|108.655|108.669|1732
2019.10.24 13:00:00|108.668|108.686|108.609|108.629|1590
2019.10.24 14:00:00|108.628|108.659|108.612|108.634|2138
2019.10.24 15:00:00|108.635|108.641|108.504|108.603|3338
2019.10.24 16:00:00|108.603|108.622|108.501|108.501|5223
2019.10.24 17:00:00|108.501|108.583|108.485|108.503|4138
2019.10.24 18:00:00|108.504|108.643|108.498|108.624|3158
2019.10.24 19:00:00|108.625|108.642|108.516|108.575|3032
2019.10.24 20:00:00|108.576|108.58|108.531|108.566|1488
2019.10.24 21:00:00|108.565|108.631|108.555|108.611|1047
2019.10.24 22:00:00|108.61|108.652|108.601|108.64|1383
2019.10.24 23:00:00|108.639|108.654|108.595|108.595|913
2019.10.25 00:00:00|108.593|108.64|108.564|108.624|2561
2019.10.25 01:00:00|108.624|108.626|108.596|108.619|2105
2019.10.25 02:00:00|108.618|108.627|108.592|108.607|1817
2019.10.25 03:00:00|108.606|108.701|108.586|108.649|3423
2019.10.25 04:00:00|108.648|108.689|108.62|108.654|2126
2019.10.25 05:00:00|108.651|108.661|108.626|108.632|1353
2019.10.25 06:00:00|108.633|108.665|108.623|108.65|832
2019.10.25 07:00:00|108.651|108.658|108.631|108.648|1050
2019.10.25 08:00:00|108.648|108.675|108.642|108.67|1160
2019.10.25 09:00:00|108.671|108.681|108.639|108.663|1689
2019.10.25 10:00:00|108.662|108.684|108.605|108.606|2491
2019.10.25 11:00:00|108.608|108.633|108.553|108.571|2037
2019.10.25 12:00:00|108.572|108.643|108.569|108.632|1827
2019.10.25 13:00:00|108.631|108.647|108.596|108.61|1404
2019.10.25 14:00:00|108.611|108.621|108.547|108.558|1812
2019.10.25 15:00:00|108.559|108.591|108.504|108.548|2199
2019.10.25 16:00:00|108.547|108.627|108.511|108.59|2763
2019.10.25 17:00:00|108.589|108.656|108.553|108.582|3234
2019.10.25 18:00:00|108.581|108.745|108.545|108.74|3880
2019.10.25 19:00:00|108.741|108.767|108.712|108.755|2386
2019.10.25 20:00:00|108.754|108.764|108.721|108.741|1159
2019.10.25 21:00:00|108.74|108.74|108.671|108.686|1185
2019.10.25 22:00:00|108.687|108.687|108.651|108.657|1242
2019.10.25 23:00:00|108.659|108.675|108.652|108.658|649
2019.10.28 00:00:00|108.682|108.722|108.662|108.695|1212
2019.10.28 01:00:00|108.696|108.734|108.675|108.732|1222
2019.10.28 02:00:00|108.732|108.78|108.7|108.766|1775
2019.10.28 03:00:00|108.767|108.771|108.726|108.748|1456
2019.10.28 04:00:00|108.748|108.786|108.74|108.758|916
2019.10.28 05:00:00|108.756|108.765|108.74|108.751|518
2019.10.28 06:00:00|108.75|108.768|108.745|108.762|794
2019.10.28 07:00:00|108.763|108.763|108.724|108.724|530
2019.10.28 08:00:00|108.723|108.742|108.711|108.725|1076
2019.10.28 09:00:00|108.726|108.746|108.693|108.728|1298
2019.10.28 10:00:00|108.727|108.756|108.684|108.685|2675
2019.10.28 11:00:00|108.686|108.707|108.651|108.688|1800
2019.10.28 12:00:00|108.685|108.725|108.676|108.709|1252
2019.10.28 13:00:00|108.708|108.736|108.684|108.723|944
2019.10.28 14:00:00|108.722|108.873|108.696|108.858|2791
2019.10.28 15:00:00|108.858|108.931|108.82|108.921|2933
2019.10.28 16:00:00|108.919|108.925|108.865|108.867|3016
2019.10.28 17:00:00|108.866|109.018|108.859|109.014|2501
2019.10.28 18:00:00|109.013|109.033|108.948|108.971|1627
2019.10.28 19:00:00|108.97|108.976|108.92|108.928|1178
2019.10.28 20:00:00|108.928|109.006|108.926|109.004|1249
2019.10.28 21:00:00|109.005|109.005|108.907|108.92|898
2019.10.28 22:00:00|108.919|108.998|108.918|108.927|781
2019.10.28 23:00:00|108.927|108.988|108.919|108.974|3651
2019.10.29 00:00:00|108.975|108.992|108.958|108.961|1824
2019.10.29 01:00:00|108.962|108.981|108.956|108.972|913
2019.10.29 02:00:00|108.971|109.063|108.951|109.002|2625
2019.10.29 03:00:00|109.004|109.016|108.953|108.964|1463
2019.10.29 04:00:00|108.963|108.983|108.952|108.978|708
2019.10.29 05:00:00|108.98|108.988|108.954|108.961|480
2019.10.29 06:00:00|108.962|108.994|108.96|108.992|813
2019.10.29 07:00:00|108.989|108.993|108.971|108.982|566
2019.10.29 08:00:00|108.981|108.998|108.966|108.973|935
2019.10.29 09:00:00|108.972|108.973|108.843|108.846|1825
2019.10.29 10:00:00|108.846|108.884|108.826|108.88|1798
2019.10.29 11:00:00|108.88|108.942|108.848|108.864|1403
2019.10.29 12:00:00|108.863|108.946|108.853|108.93|1492
2019.10.29 13:00:00|108.931|108.935|108.89|108.907|1397
2019.10.29 14:00:00|108.906|108.928|108.848|108.896|2118
2019.10.29 15:00:00|108.895|108.976|108.884|108.901|2334
2019.10.29 16:00:00|108.901|108.974|108.89|108.935|3176
2019.10.29 17:00:00|108.936|108.952|108.744|108.827|3047
2019.10.29 18:00:00|108.828|108.924|108.79|108.912|3294
2019.10.29 19:00:00|108.913|108.936|108.895|108.911|1377
2019.10.29 20:00:00|108.912|108.923|108.806|108.814|1021
2019.10.29 21:00:00|108.815|108.867|108.808|108.827|1186
2019.10.29 22:00:00|108.826|108.887|108.826|108.878|615
2019.10.29 23:00:00|108.873|108.891|108.856|108.886|3438
2019.10.30 00:00:00|108.887|108.887|108.832|108.866|1510
2019.10.30 01:00:00|108.866|108.876|108.843|108.87|629
2019.10.30 02:00:00|108.869|108.882|108.805|108.831|2005
2019.10.30 03:00:00|108.83|108.856|108.814|108.85|1576
2019.10.30 04:00:00|108.849|108.869|108.836|108.854|983
2019.10.30 05:00:00|108.854|108.86|108.833|108.842|590
2019.10.30 06:00:00|108.841|108.844|108.811|108.835|1028
2019.10.30 07:00:00|108.836|108.853|108.821|108.85|923
2019.10.30 08:00:00|108.85|108.851|108.822|108.838|1480
2019.10.30 09:00:00|108.839|108.851|108.823|108.843|1253
2019.10.30 10:00:00|108.842|108.871|108.814|108.826|1862
2019.10.30 11:00:00|108.825|108.853|108.805|108.843|982
2019.10.30 12:00:00|108.846|108.87|108.821|108.834|1289
2019.10.30 13:00:00|108.835|108.848|108.821|108.829|1133
2019.10.30 14:00:00|108.829|108.946|108.812|108.897|3261
2019.10.30 15:00:00|108.898|108.966|108.852|108.898|2851
2019.10.30 16:00:00|108.897|108.919|108.783|108.914|4309
2019.10.30 17:00:00|108.918|108.92|108.808|108.873|2459
2019.10.30 18:00:00|108.872|108.884|108.847|108.872|1540
2019.10.30 19:00:00|108.871|108.916|108.86|108.87|1368
2019.10.30 20:00:00|108.866|109.281|108.852|108.953|10055
2019.10.30 21:00:00|108.952|108.972|108.715|108.837|6866
2019.10.30 22:00:00|108.838|108.884|108.807|108.824|1761
2019.10.30 23:00:00|108.823|108.895|108.73|108.848|4782
2019.10.31 00:00:00|108.849|108.873|108.799|108.8|1654
2019.10.31 01:00:00|108.8|108.806|108.756|108.788|1242
2019.10.31 02:00:00|108.789|108.856|108.751|108.79|3824
2019.10.31 03:00:00|108.791|108.796|108.58|108.648|3938
2019.10.31 04:00:00|108.648|108.676|108.629|108.664|1791
2019.10.31 05:00:00|108.663|108.744|108.597|108.606|3708
2019.10.31 06:00:00|108.607|108.669|108.607|108.655|1407
2019.10.31 07:00:00|108.654|108.689|108.644|108.68|1268
2019.10.31 08:00:00|108.681|108.718|108.662|108.684|1411
2019.10.31 09:00:00|108.683|108.684|108.588|108.592|2126
2019.10.31 10:00:00|108.593|108.628|108.532|108.592|2797
2019.10.31 11:00:00|108.592|108.605|108.26|108.289|7209
2019.10.31 12:00:00|108.288|108.305|108.222|108.269|2726
2019.10.31 13:00:00|108.27|108.274|108.097|108.177|2854
2019.10.31 14:00:00|108.176|108.207|108.112|108.191|3246
2019.10.31 15:00:00|108.191|108.324|108.095|108.102|3995
2019.10.31 16:00:00|108.101|108.188|108.048|108.181|5377
2019.10.31 17:00:00|108.181|108.213|108.074|108.076|4539
2019.10.31 18:00:00|108.078|108.118|107.975|107.999|3675
2019.10.31 19:00:00|107.998|108.037|107.92|107.977|2684
2019.10.31 20:00:00|107.976|108|107.944|107.975|2020
2019.10.31 21:00:00|107.973|108.031|107.971|107.981|1668
2019.10.31 22:00:00|107.983|108.024|107.971|108.014|630
2019.10.31 23:00:00|108.015|108.043|108.007|108.013|740
2019.11.01 00:00:00|108.012|108.036|107.995|108.026|1640
2019.11.01 01:00:00|108.024|108.026|107.954|107.994|1058
2019.11.01 02:00:00|107.995|108.045|107.921|107.924|2795
2019.11.01 03:00:00|107.925|108.037|107.88|108.025|3410
2019.11.01 04:00:00|108.025|108.051|108.01|108.047|1750
2019.11.01 05:00:00|108.048|108.048|108.011|108.025|705
2019.11.01 06:00:00|108.026|108.035|108.007|108.011|607
2019.11.01 07:00:00|108.011|108.023|107.964|107.97|805
2019.11.01 08:00:00|107.97|107.994|107.945|107.974|854
2019.11.01 09:00:00|107.974|107.999|107.95|107.95|1736
2019.11.01 10:00:00|107.951|108.009|107.923|107.993|1692
2019.11.01 11:00:00|107.992|108.06|107.988|108.039|1163
2019.11.01 12:00:00|108.04|108.051|107.996|108.014|1201
2019.11.01 13:00:00|108.014|108.031|107.955|107.965|1382
2019.11.01 14:00:00|107.964|108.255|107.915|108.141|7515
2019.11.01 15:00:00|108.14|108.159|108.061|108.091|3977
2019.11.01 16:00:00|108.091|108.105|107.907|108.057|6967
2019.11.01 17:00:00|108.058|108.162|108.014|108.146|2879
2019.11.01 18:00:00|108.147|108.224|108.117|108.2|2444
2019.11.01 19:00:00|108.199|108.318|108.188|108.24|2440
2019.11.01 20:00:00|108.241|108.275|108.205|108.253|1240
2019.11.01 21:00:00|108.254|108.257|108.154|108.165|1490
2019.11.01 22:00:00|108.167|108.201|108.137|108.177|671
2019.11.04 00:00:00|108.21|108.241|108.191|108.229|2781
2019.11.04 01:00:00|108.23|108.243|108.205|108.212|1637
2019.11.04 02:00:00|108.211|108.228|108.2|108.215|806
2019.11.04 03:00:00|108.214|108.232|108.203|108.211|650
2019.11.04 04:00:00|108.21|108.228|108.204|108.223|518
2019.11.04 05:00:00|108.223|108.227|108.209|108.216|598
2019.11.04 06:00:00|108.213|108.224|108.21|108.218|434
2019.11.04 07:00:00|108.218|108.235|108.211|108.234|481
2019.11.04 08:00:00|108.234|108.278|108.226|108.268|437
2019.11.04 09:00:00|108.267|108.317|108.256|108.298|1677
2019.11.04 10:00:00|108.298|108.429|108.287|108.37|3357
2019.11.04 11:00:00|108.371|108.384|108.329|108.367|1933
2019.11.04 12:00:00|108.366|108.462|108.361|108.448|2045
2019.11.04 13:00:00|108.451|108.457|108.401|108.411|1315
2019.11.04 14:00:00|108.412|108.433|108.378|108.416|1157
2019.11.04 15:00:00|108.417|108.451|108.36|108.443|2225
2019.11.04 16:00:00|108.443|108.51|108.417|108.486|2595
2019.11.04 17:00:00|108.485|108.505|108.409|108.503|2299
2019.11.04 18:00:00|108.504|108.613|108.502|108.561|1957
2019.11.04 19:00:00|108.563|108.599|108.544|108.582|981
2019.11.04 20:00:00|108.583|108.639|108.58|108.626|1103
2019.11.04 21:00:00|108.627|108.644|108.612|108.631|852
2019.11.04 22:00:00|108.629|108.634|108.587|108.603|1148
2019.11.04 23:00:00|108.602|108.602|108.559|108.567|800
2019.11.05 00:00:00|108.567|108.601|108.538|108.588|8374
2019.11.05 01:00:00|108.587|108.742|108.576|108.695|4013
2019.11.05 02:00:00|108.696|108.775|108.678|108.728|2478
2019.11.05 03:00:00|108.726|108.729|108.64|108.727|2817
2019.11.05 04:00:00|108.724|108.773|108.717|108.759|1515
2019.11.05 05:00:00|108.759|108.823|108.749|108.806|1758
2019.11.05 06:00:00|108.806|108.812|108.783|108.795|1309
2019.11.05 07:00:00|108.794|108.795|108.748|108.765|948
2019.11.05 08:00:00|108.766|108.834|108.761|108.798|1340
2019.11.05 09:00:00|108.798|108.825|108.742|108.784|2384
2019.11.05 10:00:00|108.783|108.89|108.77|108.853|3288
2019.11.05 11:00:00|108.854|108.878|108.836|108.849|2055
2019.11.05 12:00:00|108.85|108.869|108.828|108.834|1183
2019.11.05 13:00:00|108.832|108.853|108.792|108.811|2205
2019.11.05 14:00:00|108.809|108.856|108.806|108.853|2010
2019.11.05 15:00:00|108.852|108.927|108.836|108.916|2287
2019.11.05 16:00:00|108.918|108.942|108.803|108.844|3013
2019.11.05 17:00:00|108.843|109.152|108.843|109.15|8089
2019.11.05 18:00:00|109.151|109.231|109.088|109.126|3616
2019.11.05 19:00:00|109.127|109.141|109.082|109.119|2146
2019.11.05 20:00:00|109.119|109.199|109.091|109.171|2109
2019.11.05 21:00:00|109.172|109.225|109.143|109.222|1422
2019.11.05 22:00:00|109.222|109.237|109.169|109.173|1435
2019.11.05 23:00:00|109.172|109.179|109.114|109.14|1207
2019.11.06 00:00:00|109.138|109.176|109.121|109.155|2300
2019.11.06 01:00:00|109.155|109.174|109.116|109.139|1546
2019.11.06 02:00:00|109.14|109.176|109.053|109.058|2751
2019.11.06 03:00:00|109.06|109.092|108.999|109.064|2757
2019.11.06 04:00:00|109.063|109.068|109.02|109.047|1386
2019.11.06 05:00:00|109.046|109.047|109.007|109.021|997
2019.11.06 06:00:00|109.019|109.067|109.018|109.062|950
2019.11.06 07:00:00|109.061|109.084|109.052|109.056|907
2019.11.06 08:00:00|109.057|109.066|108.906|108.97|2088
2019.11.06 09:00:00|108.971|109.005|108.902|108.972|2378
2019.11.06 10:00:00|108.973|109.051|108.961|108.999|2721
2019.11.06 11:00:00|108.999|109.016|108.931|108.944|2005
2019.11.06 12:00:00|108.942|109.019|108.94|109.019|1498
2019.11.06 13:00:00|109.018|109.038|108.975|108.993|1310
2019.11.06 14:00:00|108.994|109.036|108.979|109.01|1574
2019.11.06 15:00:00|109.011|109.011|108.926|108.957|2199
2019.11.06 16:00:00|108.958|109.013|108.947|108.993|2651
2019.11.06 17:00:00|108.993|109.019|108.974|109.01|2424
2019.11.06 18:00:00|109.011|109.128|108.812|108.852|5979
2019.11.06 19:00:00|108.853|108.939|108.828|108.896|3784
2019.11.06 20:00:00|108.896|108.937|108.841|108.924|2538
2019.11.06 21:00:00|108.925|108.938|108.869|108.935|2127
2019.11.06 22:00:00|108.934|108.942|108.894|108.935|1576
2019.11.06 23:00:00|108.935|109.012|108.933|108.962|1424
2019.11.07 00:00:00|108.959|108.965|108.909|108.958|3527
2019.11.07 01:00:00|108.957|108.963|108.908|108.912|1610
2019.11.07 02:00:00|108.912|108.915|108.859|108.877|1778
2019.11.07 03:00:00|108.876|108.894|108.757|108.807|2273
2019.11.07 04:00:00|108.807|108.807|108.712|108.724|2616
2019.11.07 05:00:00|108.725|108.729|108.641|108.668|2601
2019.11.07 06:00:00|108.667|108.701|108.667|108.687|775
2019.11.07 07:00:00|108.687|108.761|108.686|108.754|1015
2019.11.07 08:00:00|108.755|108.756|108.713|108.726|1173
2019.11.07 09:00:00|108.726|109.116|108.699|108.956|9649
2019.11.07 10:00:00|108.956|109.009|108.923|108.953|4364
2019.11.07 11:00:00|108.952|109.061|108.948|109.051|2570
2019.11.07 12:00:00|109.049|109.192|109.049|109.175|3556
2019.11.07 13:00:00|109.174|109.178|109.084|109.1|2891
2019.11.07 14:00:00|109.101|109.159|109.088|109.111|3837
2019.11.07 15:00:00|109.112|109.185|109.089|109.165|2732
2019.11.07 16:00:00|109.166|109.216|109.117|109.152|3452
2019.11.07 17:00:00|109.152|109.386|109.121|109.32|4789
2019.11.07 18:00:00|109.321|109.449|109.237|109.419|4581
2019.11.07 19:00:00|109.419|109.481|109.378|109.463|5092
2019.11.07 20:00:00|109.464|109.481|109.369|109.424|3053
2019.11.07 21:00:00|109.425|109.451|109.232|109.302|5092
2019.11.07 22:00:00|109.301|109.315|109.151|109.267|3444
2019.11.07 23:00:00|109.266|109.314|109.243|109.274|1019
2019.11.08 00:00:00|109.274|109.331|109.26|109.305|1394
2019.11.08 01:00:00|109.304|109.318|109.243|109.268|2298
2019.11.08 02:00:00|109.269|109.402|109.265|109.32|5161
2019.11.08 03:00:00|109.321|109.331|109.216|109.218|3994
2019.11.08 04:00:00|109.219|109.242|109.142|109.219|2868
2019.11.08 05:00:00|109.218|109.245|109.195|109.201|1309
2019.11.08 06:00:00|109.202|109.25|109.196|109.241|1384
2019.11.08 07:00:00|109.239|109.268|109.223|109.246|1165
2019.11.08 08:00:00|109.247|109.299|109.228|109.286|1334
2019.11.08 09:00:00|109.287|109.308|109.238|109.277|2899
2019.11.08 10:00:00|109.276|109.309|109.232|109.294|3044
2019.11.08 11:00:00|109.295|109.344|109.295|109.34|2212
2019.11.08 12:00:00|109.341|109.363|109.32|109.341|1783
2019.11.08 13:00:00|109.344|109.404|109.342|109.389|1617
2019.11.08 14:00:00|109.39|109.47|109.319|109.361|3311
2019.11.08 15:00:00|109.36|109.415|109.275|109.341|3994
2019.11.08 16:00:00|109.34|109.355|109.128|109.133|4290
2019.11.08 17:00:00|109.132|109.251|109.073|109.141|8383
2019.11.08 18:00:00|109.14|109.153|109.071|109.133|3098
2019.11.08 19:00:00|109.134|109.192|109.132|109.181|1394
2019.11.08 20:00:00|109.178|109.199|109.14|109.171|1480
2019.11.08 21:00:00|109.171|109.183|109.145|109.153|912
2019.11.08 22:00:00|109.154|109.221|109.153|109.208|1360
2019.11.08 23:00:00|109.207|109.251|109.196|109.241|945
2019.11.11 00:00:00|109.194|109.227|109.194|109.227|1235
2019.11.11 01:00:00|109.225|109.248|109.2|109.201|1855
2019.11.11 02:00:00|109.198|109.239|109.11|109.111|2847
2019.11.11 03:00:00|109.111|109.144|109.084|109.138|2001
2019.11.11 04:00:00|109.137|109.141|109.003|109.016|1954
2019.11.11 05:00:00|109.015|109.071|109.01|109.057|995
2019.11.11 06:00:00|109.057|109.057|108.992|109.031|1229
2019.11.11 07:00:00|109.031|109.058|109.016|109.016|957
2019.11.11 08:00:00|109.016|109.016|108.922|108.958|2455
2019.11.11 09:00:00|108.957|108.997|108.91|108.956|1680
2019.11.11 10:00:00|108.955|109.019|108.938|108.971|2185
2019.11.11 11:00:00|108.971|109|108.928|108.96|1768
2019.11.11 12:00:00|108.96|108.993|108.948|108.961|855
2019.11.11 13:00:00|108.962|108.967|108.925|108.941|1395
2019.11.11 14:00:00|108.942|108.961|108.89|108.933|1600
2019.11.11 15:00:00|108.934|108.981|108.919|108.96|1146
2019.11.11 16:00:00|108.96|109.016|108.96|109.002|1868
2019.11.11 17:00:00|109.004|109.101|108.996|109.09|2070
2019.11.11 18:00:00|109.091|109.102|109.035|109.08|1159
2019.11.11 19:00:00|109.079|109.087|109.015|109.015|807
2019.11.11 20:00:00|109.015|109.025|108.971|108.998|761
2019.11.11 21:00:00|108.997|109.032|108.995|109.029|716
2019.11.11 22:00:00|109.028|109.046|109.008|109.045|724
2019.11.11 23:00:00|109.043|109.063|109.028|109.038|391
2019.11.12 00:00:00|109.038|109.055|108.994|109.054|1669
2019.11.12 01:00:00|109.053|109.07|109.02|109.038|1283
2019.11.12 02:00:00|109.039|109.171|108.981|109.171|3373
2019.11.12 03:00:00|109.17|109.176|109.12|109.131|2350
2019.11.12 04:00:00|109.132|109.166|109.125|109.139|1484
2019.11.12 05:00:00|109.138|109.156|109.129|109.142|929
2019.11.12 06:00:00|109.14|109.148|109.114|109.129|708
2019.11.12 07:00:00|109.13|109.209|109.116|109.201|1783
2019.11.12 08:00:00|109.201|109.287|109.173|109.26|2855
2019.11.12 09:00:00|109.259|109.286|109.229|109.233|2474
2019.11.12 10:00:00|109.23|109.275|109.203|109.219|3719
2019.11.12 11:00:00|109.22|109.23|109.135|109.154|2479
2019.11.12 12:00:00|109.152|109.199|109.147|109.166|2401
2019.11.12 13:00:00|109.167|109.234|109.167|109.217|1585
2019.11.12 14:00:00|109.216|109.226|109.147|109.158|1387
2019.11.12 15:00:00|109.158|109.179|109.121|109.125|2080
2019.11.12 16:00:00|109.124|109.156|109.056|109.154|2953
2019.11.12 17:00:00|109.155|109.236|109.129|109.136|3424
2019.11.12 18:00:00|109.137|109.167|109.064|109.093|2680
2019.11.12 19:00:00|109.092|109.12|109.033|109.083|3623
2019.11.12 20:00:00|109.082|109.111|109.008|109.096|2706
2019.11.12 21:00:00|109.096|109.099|108.916|108.955|3929
2019.11.12 22:00:00|108.956|109.015|108.955|108.979|2148
2019.11.12 23:00:00|108.98|109.026|108.94|108.989|1544
2019.11.13 00:00:00|108.988|109.026|108.961|108.964|1513
2019.11.13 01:00:00|108.964|108.997|108.955|108.991|1139
2019.11.13 02:00:00|108.99|108.999|108.863|108.91|3265
2019.11.13 03:00:00|108.912|108.961|108.892|108.951|3573
2019.11.13 04:00:00|108.95|109.074|108.929|109.03|2171
2019.11.13 05:00:00|109.031|109.076|109.031|109.038|1273
2019.11.13 06:00:00|109.037|109.064|109.024|109.056|1015
2019.11.13 07:00:00|109.053|109.091|109.051|109.085|1397
2019.11.13 08:00:00|109.083|109.104|109.04|109.06|1757
2019.11.13 09:00:00|109.059|109.084|109.041|109.059|1780
2019.11.13 10:00:00|109.058|109.143|109.042|109.117|2974
2019.11.13 11:00:00|109.117|109.119|108.851|108.889|4685
2019.11.13 12:00:00|108.89|108.947|108.878|108.935|2468
2019.11.13 13:00:00|108.934|108.964|108.894|108.918|1443
2019.11.13 14:00:00|108.919|108.926|108.785|108.828|2235
2019.11.13 15:00:00|108.829|108.901|108.744|108.782|3097
2019.11.13 16:00:00|108.781|108.813|108.688|108.751|4204
2019.11.13 17:00:00|108.752|108.775|108.657|108.708|3655
2019.11.13 18:00:00|108.707|108.823|108.707|108.823|2942
2019.11.13 19:00:00|108.822|108.846|108.791|108.842|1747
2019.11.13 20:00:00|108.841|108.844|108.666|108.731|2582
2019.11.13 21:00:00|108.73|108.78|108.649|108.768|3407
2019.11.13 22:00:00|108.769|108.789|108.758|108.762|1356
2019.11.13 23:00:00|108.763|108.848|108.762|108.812|1480
2019.11.14 00:00:00|108.817|108.828|108.756|108.768|2015
2019.11.14 01:00:00|108.767|108.799|108.753|108.794|806
2019.11.14 02:00:00|108.793|108.795|108.711|108.76|2277
2019.11.14 03:00:00|108.761|108.857|108.759|108.822|2743
2019.11.14 04:00:00|108.821|108.822|108.697|108.753|3440
2019.11.14 05:00:00|108.754|108.758|108.686|108.702|1681
2019.11.14 06:00:00|108.701|108.707|108.621|108.7|1373
2019.11.14 07:00:00|108.701|108.747|108.696|108.728|1173
2019.11.14 08:00:00|108.727|108.727|108.682|108.698|996
2019.11.14 09:00:00|108.699|108.767|108.638|108.743|4064
2019.11.14 10:00:00|108.744|108.758|108.63|108.657|3671
2019.11.14 11:00:00|108.656|108.661|108.558|108.583|2958
2019.11.14 12:00:00|108.584|108.695|108.584|108.639|2505
2019.11.14 13:00:00|108.637|108.666|108.573|108.66|1464
2019.11.14 14:00:00|108.659|108.663|108.58|108.629|1280
2019.11.14 15:00:00|108.628|108.663|108.558|108.6|2357
2019.11.14 16:00:00|108.6|108.665|108.585|108.655|2386
2019.11.14 17:00:00|108.658|108.691|108.556|108.566|2932
2019.11.14 18:00:00|108.568|108.583|108.257|108.333|5416
2019.11.14 19:00:00|108.334|108.394|108.322|108.333|1935
2019.11.14 20:00:00|108.334|108.392|108.232|108.264|1915
2019.11.14 21:00:00|108.263|108.38|108.26|108.373|1935
2019.11.14 22:00:00|108.374|108.445|108.369|108.428|1303
2019.11.14 23:00:00|108.429|108.443|108.395|108.408|838
2019.11.15 00:00:00|108.406|108.415|108.372|108.391|1307
2019.11.15 01:00:00|108.391|108.499|108.382|108.491|2439
2019.11.15 02:00:00|108.49|108.598|108.445|108.583|3427
2019.11.15 03:00:00|108.584|108.62|108.533|108.561|2670
2019.11.15 04:00:00|108.56|108.622|108.536|108.61|1800
2019.11.15 05:00:00|108.611|108.611|108.565|108.577|1205
2019.11.15 06:00:00|108.576|108.593|108.557|108.57|851
2019.11.15 07:00:00|108.57|108.592|108.561|108.583|698
2019.11.15 08:00:00|108.582|108.6|108.559|108.588|875
2019.11.15 09:00:00|108.587|108.601|108.525|108.542|1257
2019.11.15 10:00:00|108.541|108.566|108.476|108.542|2133
2019.11.15 11:00:00|108.542|108.682|108.536|108.676|2290
2019.11.15 12:00:00|108.677|108.687|108.62|108.66|1665
2019.11.15 13:00:00|108.66|108.672|108.626|108.647|1079
2019.11.15 14:00:00|108.648|108.771|108.63|108.714|2631
2019.11.15 15:00:00|108.715|108.73|108.643|108.67|2674
2019.11.15 16:00:00|108.669|108.771|108.632|108.715|3962
2019.11.15 17:00:00|108.714|108.759|108.701|108.72|2040
2019.11.15 18:00:00|108.721|108.849|108.72|108.791|2468
2019.11.15 19:00:00|108.792|108.8|108.756|108.77|1525
2019.11.15 20:00:00|108.771|108.792|108.747|108.786|640
2019.11.15 21:00:00|108.787|108.835|108.786|108.822|802
2019.11.15 22:00:00|108.82|108.842|108.78|108.809|1191
2019.11.15 23:00:00|108.809|108.811|108.764|108.781|952
2019.11.18 00:00:00|108.781|108.804|108.744|108.756|1177
2019.11.18 01:00:00|108.754|108.755|108.662|108.694|2032
2019.11.18 02:00:00|108.693|108.786|108.682|108.784|2393
2019.11.18 03:00:00|108.785|108.839|108.768|108.829|2497
2019.11.18 04:00:00|108.83|108.848|108.781|108.807|1256
2019.11.18 05:00:00|108.808|108.824|108.792|108.82|732
2019.11.18 06:00:00|108.819|108.824|108.791|108.809|676
2019.11.18 07:00:00|108.813|108.828|108.801|108.813|939
2019.11.18 08:00:00|108.815|108.841|108.809|108.831|583
2019.11.18 09:00:00|108.83|108.946|108.791|108.911|4006
2019.11.18 10:00:00|108.912|108.991|108.904|108.947|3107
2019.11.18 11:00:00|108.946|109.001|108.916|108.995|1734
2019.11.18 12:00:00|108.994|109.066|108.991|109.044|1896
2019.11.18 13:00:00|109.043|109.052|109|109.009|1087
2019.11.18 14:00:00|109.008|109.057|109.005|109.033|1157
2019.11.18 15:00:00|109.034|109.034|108.697|108.779|5603
2019.11.18 16:00:00|108.78|108.781|108.611|108.665|4800
2019.11.18 17:00:00|108.666|108.688|108.534|108.546|3277
2019.11.18 18:00:00|108.545|108.617|108.507|108.609|3337
2019.11.18 19:00:00|108.608|108.616|108.549|108.58|1050
2019.11.18 20:00:00|108.581|108.602|108.551|108.575|810
2019.11.18 21:00:00|108.575|108.657|108.57|108.639|1088
2019.11.18 22:00:00|108.638|108.664|108.62|108.635|789
2019.11.18 23:00:00|108.637|108.678|108.637|108.672|749
2019.11.19 00:00:00|108.671|108.693|108.633|108.654|4841
2019.11.19 01:00:00|108.652|108.679|108.636|108.66|599
2019.11.19 02:00:00|108.661|108.677|108.479|108.504|3155
2019.11.19 03:00:00|108.503|108.608|108.454|108.581|2947
2019.11.19 04:00:00|108.582|108.695|108.557|108.629|1525
2019.11.19 05:00:00|108.628|108.642|108.577|108.584|983
2019.11.19 06:00:00|108.586|108.604|108.56|108.581|829
2019.11.19 07:00:00|108.583|108.627|108.566|108.618|952
2019.11.19 08:00:00|108.616|108.641|108.58|108.613|1025
2019.11.19 09:00:00|108.612|108.659|108.6|108.654|1689
2019.11.19 10:00:00|108.655|108.753|108.617|108.751|2993
2019.11.19 11:00:00|108.75|108.799|108.739|108.768|2517
2019.11.19 12:00:00|108.769|108.83|108.751|108.808|1406
2019.11.19 13:00:00|108.808|108.81|108.685|108.696|1424
2019.11.19 14:00:00|108.694|108.755|108.672|108.753|1047
2019.11.19 15:00:00|108.752|108.766|108.644|108.687|2009
2019.11.19 16:00:00|108.687|108.734|108.596|108.629|2717
2019.11.19 17:00:00|108.63|108.631|108.462|108.489|3863
2019.11.19 18:00:00|108.488|108.696|108.446|108.59|4585
2019.11.19 19:00:00|108.591|108.591|108.451|108.496|2343
2019.11.19 20:00:00|108.495|108.526|108.458|108.476|1146
2019.11.19 21:00:00|108.477|108.55|108.477|108.522|1188
2019.11.19 22:00:00|108.521|108.557|108.498|108.547|1076
2019.11.19 23:00:00|108.548|108.55|108.522|108.534|622
2019.11.20 00:00:00|108.534|108.562|108.53|108.543|940
2019.11.20 01:00:00|108.544|108.544|108.38|108.468|3303
2019.11.20 02:00:00|108.469|108.578|108.431|108.546|4159
2019.11.20 03:00:00|108.545|108.562|108.347|108.441|6299
2019.11.20 04:00:00|108.44|108.525|108.404|108.486|2498
2019.11.20 05:00:00|108.491|108.527|108.467|108.469|1619
2019.11.20 06:00:00|108.47|108.512|108.453|108.507|746
2019.11.20 07:00:00|108.508|108.529|108.471|108.516|968
2019.11.20 08:00:00|108.517|108.521|108.5|108.514|793
2019.11.20 09:00:00|108.513|108.564|108.387|108.433|3066
2019.11.20 10:00:00|108.434|108.451|108.368|108.38|4151
2019.11.20 11:00:00|108.382|108.467|108.339|108.418|2840
2019.11.20 12:00:00|108.419|108.447|108.371|108.433|1746
2019.11.20 13:00:00|108.432|108.469|108.416|108.468|1554
2019.11.20 14:00:00|108.467|108.507|108.431|108.462|1885
2019.11.20 15:00:00|108.463|108.574|108.442|108.526|2869
2019.11.20 16:00:00|108.525|108.681|108.503|108.626|4560
2019.11.20 17:00:00|108.625|108.731|108.605|108.625|4555
2019.11.20 18:00:00|108.624|108.701|108.623|108.674|2101
2019.11.20 19:00:00|108.673|108.733|108.428|108.526|3835
2019.11.20 20:00:00|108.525|108.644|108.404|108.586|7184
2019.11.20 21:00:00|108.585|108.642|108.527|108.614|3867
2019.11.20 22:00:00|108.613|108.625|108.529|108.567|1783
2019.11.20 23:00:00|108.567|108.63|108.562|108.596|683
2019.11.21 00:00:00|108.6|108.6|108.394|108.452|3999
2019.11.21 01:00:00|108.451|108.524|108.442|108.466|2044
2019.11.21 02:00:00|108.467|108.51|108.324|108.342|4404
2019.11.21 03:00:00|108.343|108.388|108.271|108.309|4415
2019.11.21 04:00:00|108.31|108.549|108.3|108.484|8423
2019.11.21 05:00:00|108.483|108.54|108.455|108.52|2304
2019.11.21 06:00:00|108.521|108.53|108.475|108.521|1720
2019.11.21 07:00:00|108.522|108.596|108.504|108.569|1970
2019.11.21 08:00:00|108.569|108.588|108.539|108.57|1283
2019.11.21 09:00:00|108.571|108.666|108.534|108.57|4534
2019.11.21 10:00:00|108.569|108.596|108.45|108.508|4146
2019.11.21 11:00:00|108.509|108.552|108.476|108.521|2000
2019.11.21 12:00:00|108.52|108.646|108.515|108.609|3779
2019.11.21 13:00:00|108.61|108.638|108.581|108.626|1416
2019.11.21 14:00:00|108.625|108.628|108.537|108.553|1805
2019.11.21 15:00:00|108.552|108.691|108.521|108.548|5253
2019.11.21 16:00:00|108.547|108.61|108.525|108.585|4285
2019.11.21 17:00:00|108.584|108.66|108.505|108.507|6017
2019.11.21 18:00:00|108.506|108.597|108.497|108.52|3165
2019.11.21 19:00:00|108.522|108.614|108.514|108.603|1878
2019.11.21 20:00:00|108.604|108.666|108.596|108.626|1524
2019.11.21 21:00:00|108.626|108.659|108.591|108.654|1312
2019.11.21 22:00:00|108.655|108.668|108.612|108.618|931
2019.11.21 23:00:00|108.619|108.621|108.568|108.618|1092
2019.11.22 00:00:00|108.617|108.627|108.574|108.613|1277
2019.11.22 01:00:00|108.61|108.616|108.561|108.573|1002
2019.11.22 02:00:00|108.572|108.653|108.56|108.635|3042
2019.11.22 03:00:00|108.636|108.703|108.635|108.68|2935
2019.11.22 04:00:00|108.679|108.685|108.617|108.622|1193
2019.11.22 05:00:00|108.621|108.652|108.606|108.635|888
2019.11.22 06:00:00|108.634|108.648|108.606|108.627|707
2019.11.22 07:00:00|108.625|108.641|108.606|108.612|1063
2019.11.22 08:00:00|108.613|108.628|108.598|108.609|891
2019.11.22 09:00:00|108.608|108.608|108.551|108.595|1442
2019.11.22 10:00:00|108.596|108.689|108.582|108.605|4915
2019.11.22 11:00:00|108.606|108.614|108.523|108.535|5025
2019.11.22 12:00:00|108.538|108.541|108.503|108.533|1038
2019.11.22 13:00:00|108.532|108.537|108.471|108.499|1605
2019.11.22 14:00:00|108.5|108.581|108.5|108.563|1274
2019.11.22 15:00:00|108.562|108.614|108.515|108.594|3012
2019.11.22 16:00:00|108.593|108.673|108.556|108.663|4058
2019.11.22 17:00:00|108.666|108.725|108.606|108.637|3887
2019.11.22 18:00:00|108.635|108.682|108.576|108.665|2554
2019.11.22 19:00:00|108.663|108.676|108.626|108.669|1753
2019.11.22 20:00:00|108.669|108.669|108.583|108.608|1167
2019.11.22 21:00:00|108.609|108.641|108.584|108.624|933
2019.11.22 22:00:00|108.623|108.655|108.62|108.626|785
